# Temperatura_=_20.0
# Concentracion g/m^3_=_12000.0
# C_Vs_to_Am_M_A/Vsm_=_59384043850.047264
# pendiente_HvsI_1/m_=_3716.3
# ordenada_HvsI_A/m_=_1297.0
# frecuencia_Hz_=_175550.73376915973

Tiempo_(s)	Campo_(V.s)	Magnetizacion_(V.s)	Campo_(kA/m)	Magnetizacion_(A/m)
0.000000e+00	-7.199579e-06	-1.424968e-08	-4.584859e+01	-8.467433e+02
1.000000e-08	-7.199190e-06	-1.425073e-08	-4.584611e+01	-8.466985e+02
2.000000e-08	-7.198002e-06	-1.425106e-08	-4.583855e+01	-8.466112e+02
3.000000e-08	-7.195663e-06	-1.425102e-08	-4.582366e+01	-8.464810e+02
4.000000e-08	-7.192294e-06	-1.424833e-08	-4.580220e+01	-8.463081e+02
5.000000e-08	-7.188184e-06	-1.424132e-08	-4.577602e+01	-8.460935e+02
6.000000e-08	-7.183418e-06	-1.423442e-08	-4.574568e+01	-8.458383e+02
7.000000e-08	-7.177891e-06	-1.423522e-08	-4.571047e+01	-8.455445e+02
8.000000e-08	-7.171501e-06	-1.423112e-08	-4.566979e+01	-8.452142e+02
9.000000e-08	-7.164117e-06	-1.418786e-08	-4.562276e+01	-8.448498e+02
1.000000e-07	-7.155772e-06	-1.414749e-08	-4.556962e+01	-8.444532e+02
1.100000e-07	-7.146499e-06	-1.416463e-08	-4.551056e+01	-8.440266e+02
1.200000e-07	-7.136102e-06	-1.421974e-08	-4.544436e+01	-8.435711e+02
1.300000e-07	-7.124705e-06	-1.428213e-08	-4.537178e+01	-8.430875e+02
1.400000e-07	-7.112572e-06	-1.418488e-08	-4.529451e+01	-8.425757e+02
1.500000e-07	-7.099557e-06	-1.409076e-08	-4.521163e+01	-8.420348e+02
1.600000e-07	-7.085704e-06	-1.422112e-08	-4.512341e+01	-8.414630e+02
1.700000e-07	-7.070972e-06	-1.418421e-08	-4.502959e+01	-8.408579e+02
1.800000e-07	-7.054880e-06	-1.407330e-08	-4.492712e+01	-8.402166e+02
1.900000e-07	-7.037842e-06	-1.410960e-08	-4.481861e+01	-8.395358e+02
2.000000e-07	-7.020267e-06	-1.407609e-08	-4.470669e+01	-8.388123e+02
2.100000e-07	-7.001818e-06	-1.411352e-08	-4.458920e+01	-8.380427e+02
2.200000e-07	-6.982483e-06	-1.416413e-08	-4.446607e+01	-8.372242e+02
2.300000e-07	-6.962480e-06	-1.402211e-08	-4.433869e+01	-8.363544e+02
2.400000e-07	-6.941832e-06	-1.399179e-08	-4.420720e+01	-8.354314e+02
2.500000e-07	-6.920415e-06	-1.408340e-08	-4.407081e+01	-8.344542e+02
2.600000e-07	-6.898216e-06	-1.404930e-08	-4.392944e+01	-8.334222e+02
2.700000e-07	-6.875278e-06	-1.398838e-08	-4.378337e+01	-8.323352e+02
2.800000e-07	-6.851585e-06	-1.393553e-08	-4.363249e+01	-8.311936e+02
2.900000e-07	-6.827072e-06	-1.396598e-08	-4.347638e+01	-8.299981e+02
3.000000e-07	-6.801684e-06	-1.399634e-08	-4.331470e+01	-8.287493e+02
3.100000e-07	-6.775313e-06	-1.389859e-08	-4.314677e+01	-8.274479e+02
3.200000e-07	-6.747874e-06	-1.384559e-08	-4.297203e+01	-8.260945e+02
3.300000e-07	-6.719583e-06	-1.388515e-08	-4.279186e+01	-8.246895e+02
3.400000e-07	-6.690653e-06	-1.389363e-08	-4.260763e+01	-8.232329e+02
3.500000e-07	-6.661051e-06	-1.380789e-08	-4.241912e+01	-8.217248e+02
3.600000e-07	-6.630636e-06	-1.374907e-08	-4.222543e+01	-8.201650e+02
3.700000e-07	-6.599345e-06	-1.377786e-08	-4.202616e+01	-8.185531e+02
3.800000e-07	-6.567369e-06	-1.376294e-08	-4.182253e+01	-8.168890e+02
3.900000e-07	-6.534868e-06	-1.370687e-08	-4.161556e+01	-8.151725e+02
4.000000e-07	-6.501621e-06	-1.367246e-08	-4.140383e+01	-8.134035e+02
4.100000e-07	-6.467242e-06	-1.366032e-08	-4.118490e+01	-8.115821e+02
4.200000e-07	-6.431800e-06	-1.365534e-08	-4.095919e+01	-8.097086e+02
4.300000e-07	-6.395669e-06	-1.359381e-08	-4.072911e+01	-8.077831e+02
4.400000e-07	-6.358913e-06	-1.354360e-08	-4.049504e+01	-8.058060e+02
4.500000e-07	-6.321351e-06	-1.353093e-08	-4.025583e+01	-8.037772e+02
4.600000e-07	-6.282989e-06	-1.351300e-08	-4.001153e+01	-8.016967e+02
4.700000e-07	-6.243988e-06	-1.346511e-08	-3.976317e+01	-7.995641e+02
4.800000e-07	-6.204379e-06	-1.341077e-08	-3.951092e+01	-7.973786e+02
4.900000e-07	-6.164137e-06	-1.339240e-08	-3.925465e+01	-7.951390e+02
5.000000e-07	-6.123170e-06	-1.336368e-08	-3.899377e+01	-7.928438e+02
5.100000e-07	-6.081229e-06	-1.331289e-08	-3.872668e+01	-7.904914e+02
5.200000e-07	-6.038222e-06	-1.326368e-08	-3.845280e+01	-7.880799e+02
5.300000e-07	-5.994373e-06	-1.323852e-08	-3.817356e+01	-7.856075e+02
5.400000e-07	-5.949926e-06	-1.321498e-08	-3.789051e+01	-7.830724e+02
5.500000e-07	-5.904955e-06	-1.315606e-08	-3.760412e+01	-7.804733e+02
5.600000e-07	-5.859337e-06	-1.309568e-08	-3.731362e+01	-7.778090e+02
5.700000e-07	-5.812937e-06	-1.305676e-08	-3.701813e+01	-7.750791e+02
5.800000e-07	-5.765787e-06	-1.302029e-08	-3.671787e+01	-7.722834e+02
5.900000e-07	-5.718029e-06	-1.296161e-08	-3.641373e+01	-7.694219e+02
6.000000e-07	-5.669669e-06	-1.290407e-08	-3.610577e+01	-7.664953e+02
6.100000e-07	-5.620455e-06	-1.287436e-08	-3.579236e+01	-7.635042e+02
6.200000e-07	-5.570261e-06	-1.283828e-08	-3.547272e+01	-7.604493e+02
6.300000e-07	-5.519087e-06	-1.277502e-08	-3.514683e+01	-7.573311e+02
6.400000e-07	-5.467026e-06	-1.270462e-08	-3.481529e+01	-7.541498e+02
6.500000e-07	-5.414316e-06	-1.265755e-08	-3.447962e+01	-7.509052e+02
6.600000e-07	-5.361051e-06	-1.261140e-08	-3.414042e+01	-7.475969e+02
6.700000e-07	-5.307048e-06	-1.254082e-08	-3.379651e+01	-7.442238e+02
6.800000e-07	-5.252351e-06	-1.246769e-08	-3.344819e+01	-7.407844e+02
6.900000e-07	-5.197158e-06	-1.241923e-08	-3.309671e+01	-7.372772e+02
7.000000e-07	-5.141413e-06	-1.237372e-08	-3.274171e+01	-7.337001e+02
7.100000e-07	-5.085039e-06	-1.230497e-08	-3.238271e+01	-7.300514e+02
7.200000e-07	-5.028029e-06	-1.223223e-08	-3.201965e+01	-7.263290e+02
7.300000e-07	-4.970288e-06	-1.217625e-08	-3.165195e+01	-7.225312e+02
7.400000e-07	-4.911757e-06	-1.212484e-08	-3.127921e+01	-7.186565e+02
7.500000e-07	-4.852558e-06	-1.204973e-08	-3.090222e+01	-7.147036e+02
7.600000e-07	-4.792769e-06	-1.196519e-08	-3.052147e+01	-7.106714e+02
7.700000e-07	-4.732434e-06	-1.189735e-08	-3.013724e+01	-7.065588e+02
7.800000e-07	-4.671576e-06	-1.183453e-08	-2.974968e+01	-7.023648e+02
7.900000e-07	-4.610260e-06	-1.175636e-08	-2.935920e+01	-6.980885e+02
8.000000e-07	-4.548394e-06	-1.167185e-08	-2.896523e+01	-6.937285e+02
8.100000e-07	-4.485909e-06	-1.160605e-08	-2.856731e+01	-6.892834e+02
8.200000e-07	-4.422946e-06	-1.154621e-08	-2.816635e+01	-6.847514e+02
8.300000e-07	-4.359571e-06	-1.146595e-08	-2.776276e+01	-6.801304e+02
8.400000e-07	-4.295745e-06	-1.137375e-08	-2.735630e+01	-6.754183e+02
8.500000e-07	-4.231412e-06	-1.129079e-08	-2.694662e+01	-6.706124e+02
8.600000e-07	-4.166647e-06	-1.121467e-08	-2.653418e+01	-6.657103e+02
8.700000e-07	-4.101398e-06	-1.112442e-08	-2.611865e+01	-6.607093e+02
8.800000e-07	-4.035504e-06	-1.102725e-08	-2.569903e+01	-6.556069e+02
8.900000e-07	-3.968983e-06	-1.094391e-08	-2.527541e+01	-6.504007e+02
9.000000e-07	-3.901954e-06	-1.086954e-08	-2.484855e+01	-6.450886e+02
9.100000e-07	-3.834502e-06	-1.078207e-08	-2.441900e+01	-6.396682e+02
9.200000e-07	-3.766674e-06	-1.068106e-08	-2.398706e+01	-6.341374e+02
9.300000e-07	-3.698429e-06	-1.058790e-08	-2.355245e+01	-6.284938e+02
9.400000e-07	-3.629766e-06	-1.050018e-08	-2.311519e+01	-6.227351e+02
9.500000e-07	-3.560750e-06	-1.039975e-08	-2.267568e+01	-6.168582e+02
9.600000e-07	-3.491431e-06	-1.028845e-08	-2.223424e+01	-6.108599e+02
9.700000e-07	-3.421744e-06	-1.018306e-08	-2.179046e+01	-6.047365e+02
9.800000e-07	-3.351537e-06	-1.008414e-08	-2.134337e+01	-5.984836e+02
9.900000e-07	-3.280851e-06	-9.976073e-09	-2.089322e+01	-5.920967e+02
1.000000e-06	-3.209809e-06	-9.859639e-09	-2.044081e+01	-5.855709e+02
1.010000e-06	-3.138444e-06	-9.750521e-09	-1.998634e+01	-5.789014e+02
1.020000e-06	-3.066791e-06	-9.648560e-09	-1.953004e+01	-5.720836e+02
1.030000e-06	-2.994897e-06	-9.534770e-09	-1.907220e+01	-5.651129e+02
1.040000e-06	-2.922639e-06	-9.408732e-09	-1.861204e+01	-5.579858e+02
1.050000e-06	-2.849956e-06	-9.286781e-09	-1.814918e+01	-5.506988e+02
1.060000e-06	-2.776825e-06	-9.168928e-09	-1.768346e+01	-5.432494e+02
1.070000e-06	-2.703237e-06	-9.040231e-09	-1.721484e+01	-5.356355e+02
1.080000e-06	-2.629269e-06	-8.902368e-09	-1.674380e+01	-5.278550e+02
1.090000e-06	-2.554888e-06	-8.769107e-09	-1.627012e+01	-5.199061e+02
1.100000e-06	-2.480087e-06	-8.641831e-09	-1.579377e+01	-5.117863e+02
1.110000e-06	-2.404921e-06	-8.508239e-09	-1.531509e+01	-5.034927e+02
1.120000e-06	-2.329382e-06	-8.364778e-09	-1.483405e+01	-4.950210e+02
1.130000e-06	-2.253500e-06	-8.218896e-09	-1.435081e+01	-4.863656e+02
1.140000e-06	-2.177381e-06	-8.070972e-09	-1.386606e+01	-4.775198e+02
1.150000e-06	-2.101014e-06	-7.916520e-09	-1.337975e+01	-4.684749e+02
1.160000e-06	-2.024347e-06	-7.754230e-09	-1.289151e+01	-4.592213e+02
1.170000e-06	-1.947468e-06	-7.594668e-09	-1.240193e+01	-4.497484e+02
1.180000e-06	-1.870368e-06	-7.439220e-09	-1.191093e+01	-4.400449e+02
1.190000e-06	-1.793042e-06	-7.278234e-09	-1.141851e+01	-4.300994e+02
1.200000e-06	-1.715427e-06	-7.106359e-09	-1.092424e+01	-4.199009e+02
1.210000e-06	-1.637574e-06	-6.928425e-09	-1.042845e+01	-4.094394e+02
1.220000e-06	-1.559597e-06	-6.748863e-09	-9.931876e+00	-3.987058e+02
1.230000e-06	-1.481408e-06	-6.562005e-09	-9.433952e+00	-3.876920e+02
1.240000e-06	-1.403036e-06	-6.365614e-09	-8.934856e+00	-3.763912e+02
1.250000e-06	-1.324503e-06	-6.167819e-09	-8.434740e+00	-3.647971e+02
1.260000e-06	-1.245809e-06	-5.970398e-09	-7.933603e+00	-3.529034e+02
1.270000e-06	-1.166848e-06	-5.766031e-09	-7.430762e+00	-3.407033e+02
1.280000e-06	-1.087739e-06	-5.551343e-09	-6.926972e+00	-3.281883e+02
1.290000e-06	-1.008501e-06	-5.330593e-09	-6.422368e+00	-3.153477e+02
1.300000e-06	-9.289993e-07	-5.106338e-09	-5.916084e+00	-3.021675e+02
1.310000e-06	-8.494128e-07	-4.876914e-09	-5.409258e+00	-2.886303e+02
1.320000e-06	-7.698347e-07	-4.642057e-09	-4.902486e+00	-2.747151e+02
1.330000e-06	-6.901605e-07	-4.403217e-09	-4.395103e+00	-2.603973e+02
1.340000e-06	-6.103288e-07	-4.157925e-09	-3.886716e+00	-2.456497e+02
1.350000e-06	-5.303980e-07	-3.902223e-09	-3.377698e+00	-2.304433e+02
1.360000e-06	-4.504192e-07	-3.635376e-09	-2.868374e+00	-2.147492e+02
1.370000e-06	-3.702346e-07	-3.357478e-09	-2.357740e+00	-1.985405e+02
1.380000e-06	-2.900488e-07	-3.069138e-09	-1.847098e+00	-1.817941e+02
1.390000e-06	-2.100035e-07	-2.771570e-09	-1.337351e+00	-1.644930e+02
1.400000e-06	-1.298180e-07	-2.467238e-09	-8.267109e-01	-1.466285e+02
1.410000e-06	-4.960178e-08	-2.160351e-09	-3.158757e-01	-1.282019e+02
1.420000e-06	3.055784e-08	-1.849181e-09	1.945994e-01	-1.092261e+02
1.430000e-06	1.107740e-07	-1.526624e-09	7.054346e-01	-8.972617e+01
1.440000e-06	1.910248e-07	-1.189509e-09	1.216490e+00	-6.973982e+01
1.450000e-06	2.712440e-07	-8.412014e-10	1.727345e+00	-4.931705e+01
1.460000e-06	3.515074e-07	-4.842937e-10	2.238481e+00	-2.851907e+01
1.470000e-06	4.317673e-07	-1.232865e-10	2.749594e+00	-7.416662e+00
1.480000e-06	5.118427e-07	2.408829e-10	3.259533e+00	1.391187e+01
1.490000e-06	5.917848e-07	6.031218e-10	3.768623e+00	3.538317e+01
1.500000e-06	6.716317e-07	9.590637e-10	4.277107e+00	5.691148e+01
1.510000e-06	7.514832e-07	1.314988e-09	4.785620e+00	7.841131e+01
1.520000e-06	8.312459e-07	1.671818e-09	5.293567e+00	9.979998e+01
1.530000e-06	9.107388e-07	2.029506e-09	5.799796e+00	1.209998e+02
1.540000e-06	9.900764e-07	2.383537e-09	6.305036e+00	1.419402e+02
1.550000e-06	1.069295e-06	2.734215e-09	6.809517e+00	1.625587e+02
1.560000e-06	1.148320e-06	3.080422e-09	7.312766e+00	1.828022e+02
1.570000e-06	1.227130e-06	3.415208e-09	7.814646e+00	2.026271e+02
1.580000e-06	1.305817e-06	3.735033e-09	8.315744e+00	2.219991e+02
1.590000e-06	1.384390e-06	4.046905e-09	8.816115e+00	2.408932e+02
1.600000e-06	1.462793e-06	4.353641e-09	9.315408e+00	2.592922e+02
1.610000e-06	1.540987e-06	4.652352e-09	9.813365e+00	2.771860e+02
1.620000e-06	1.618968e-06	4.942680e-09	1.030997e+01	2.945704e+02
1.630000e-06	1.696707e-06	5.226985e-09	1.080503e+01	3.114459e+02
1.640000e-06	1.774162e-06	5.506038e-09	1.129827e+01	3.278164e+02
1.650000e-06	1.851358e-06	5.774972e-09	1.178988e+01	3.436887e+02
1.660000e-06	1.928318e-06	6.031810e-09	1.227998e+01	3.590711e+02
1.670000e-06	2.005059e-06	6.279197e-09	1.276868e+01	3.739730e+02
1.680000e-06	2.081519e-06	6.521810e-09	1.325560e+01	3.884045e+02
1.690000e-06	2.157731e-06	6.757714e-09	1.374093e+01	4.023762e+02
1.700000e-06	2.233687e-06	6.983500e-09	1.422464e+01	4.158990e+02
1.710000e-06	2.309353e-06	7.200728e-09	1.470650e+01	4.289838e+02
1.720000e-06	2.384747e-06	7.416252e-09	1.518662e+01	4.416419e+02
1.730000e-06	2.459713e-06	7.627413e-09	1.566402e+01	4.538849e+02
1.740000e-06	2.534163e-06	7.826488e-09	1.613814e+01	4.657245e+02
1.750000e-06	2.608180e-06	8.014740e-09	1.660950e+01	4.771731e+02
1.760000e-06	2.681881e-06	8.200795e-09	1.707884e+01	4.882430e+02
1.770000e-06	2.755173e-06	8.383757e-09	1.754558e+01	4.989471e+02
1.780000e-06	2.828054e-06	8.555527e-09	1.800971e+01	5.092981e+02
1.790000e-06	2.900587e-06	8.718823e-09	1.847161e+01	5.193089e+02
1.800000e-06	2.972832e-06	8.880179e-09	1.893169e+01	5.289925e+02
1.810000e-06	3.044821e-06	9.038866e-09	1.939013e+01	5.383613e+02
1.820000e-06	3.116467e-06	9.190100e-09	1.984638e+01	5.474277e+02
1.830000e-06	3.187762e-06	9.332537e-09	2.030041e+01	5.562036e+02
1.840000e-06	3.258713e-06	9.472643e-09	2.075224e+01	5.647004e+02
1.850000e-06	3.329348e-06	9.612651e-09	2.120206e+01	5.729294e+02
1.860000e-06	3.399564e-06	9.748214e-09	2.164921e+01	5.809010e+02
1.870000e-06	3.469272e-06	9.877125e-09	2.209313e+01	5.886256e+02
1.880000e-06	3.538516e-06	1.000281e-08	2.253409e+01	5.961130e+02
1.890000e-06	3.607377e-06	1.012771e-08	2.297261e+01	6.033728e+02
1.900000e-06	3.675902e-06	1.024611e-08	2.340900e+01	6.104141e+02
1.910000e-06	3.744070e-06	1.035633e-08	2.384311e+01	6.172459e+02
1.920000e-06	3.811886e-06	1.046488e-08	2.427498e+01	6.238769e+02
1.930000e-06	3.879288e-06	1.057537e-08	2.470421e+01	6.303155e+02
1.940000e-06	3.946084e-06	1.068135e-08	2.512958e+01	6.365696e+02
1.950000e-06	4.012210e-06	1.078185e-08	2.555069e+01	6.426472e+02
1.960000e-06	4.077749e-06	1.088261e-08	2.596805e+01	6.485556e+02
1.970000e-06	4.142711e-06	1.098439e-08	2.638175e+01	6.543020e+02
1.980000e-06	4.207194e-06	1.108092e-08	2.679239e+01	6.598930e+02
1.990000e-06	4.271299e-06	1.117034e-08	2.720062e+01	6.653352e+02
2.000000e-06	4.334933e-06	1.125620e-08	2.760586e+01	6.706347e+02
2.010000e-06	4.398058e-06	1.134191e-08	2.800786e+01	6.757972e+02
2.020000e-06	4.460713e-06	1.142562e-08	2.840686e+01	6.808283e+02
2.030000e-06	4.522857e-06	1.150515e-08	2.880261e+01	6.857332e+02
2.040000e-06	4.584473e-06	1.158541e-08	2.919499e+01	6.905169e+02
2.050000e-06	4.645581e-06	1.166783e-08	2.958414e+01	6.951839e+02
2.060000e-06	4.706278e-06	1.174860e-08	2.997067e+01	6.997388e+02
2.070000e-06	4.766596e-06	1.182394e-08	3.035479e+01	7.041857e+02
2.080000e-06	4.826391e-06	1.189609e-08	3.073558e+01	7.085284e+02
2.090000e-06	4.885506e-06	1.196827e-08	3.111204e+01	7.127703e+02
2.100000e-06	4.943737e-06	1.203790e-08	3.148287e+01	7.169148e+02
2.110000e-06	5.001141e-06	1.210295e-08	3.184843e+01	7.209646e+02
2.120000e-06	5.057924e-06	1.216612e-08	3.221004e+01	7.249222e+02
2.130000e-06	5.114248e-06	1.223194e-08	3.256872e+01	7.287898e+02
2.140000e-06	5.170125e-06	1.229889e-08	3.292456e+01	7.325694e+02
2.150000e-06	5.225384e-06	1.236299e-08	3.327646e+01	7.362628e+02
2.160000e-06	5.279990e-06	1.242362e-08	3.362420e+01	7.398716e+02
2.170000e-06	5.334060e-06	1.248238e-08	3.396854e+01	7.433974e+02
2.180000e-06	5.387558e-06	1.254170e-08	3.430922e+01	7.468418e+02
2.190000e-06	5.440361e-06	1.259782e-08	3.464549e+01	7.502064e+02
2.200000e-06	5.492458e-06	1.265018e-08	3.497725e+01	7.534933e+02
2.210000e-06	5.543711e-06	1.270246e-08	3.530364e+01	7.567043e+02
2.220000e-06	5.593923e-06	1.275769e-08	3.562340e+01	7.598417e+02
2.230000e-06	5.643122e-06	1.281226e-08	3.593671e+01	7.629079e+02
2.240000e-06	5.691618e-06	1.286069e-08	3.624554e+01	7.659053e+02
2.250000e-06	5.739515e-06	1.290823e-08	3.655056e+01	7.688364e+02
2.260000e-06	5.786738e-06	1.295776e-08	3.685129e+01	7.717037e+02
2.270000e-06	5.833273e-06	1.300611e-08	3.714764e+01	7.745094e+02
2.280000e-06	5.879124e-06	1.305443e-08	3.743962e+01	7.772557e+02
2.290000e-06	5.924292e-06	1.310263e-08	3.772727e+01	7.799442e+02
2.300000e-06	5.968847e-06	1.315160e-08	3.801101e+01	7.825764e+02
2.310000e-06	6.012871e-06	1.320008e-08	3.829136e+01	7.851532e+02
2.320000e-06	6.056297e-06	1.324168e-08	3.856790e+01	7.876751e+02
2.330000e-06	6.098770e-06	1.327988e-08	3.883838e+01	7.901423e+02
2.340000e-06	6.140155e-06	1.331881e-08	3.910193e+01	7.925545e+02
2.350000e-06	6.180744e-06	1.335858e-08	3.936041e+01	7.949114e+02
2.360000e-06	6.220708e-06	1.339880e-08	3.961491e+01	7.972124e+02
2.370000e-06	6.259975e-06	1.343890e-08	3.986497e+01	7.994566e+02
2.380000e-06	6.298547e-06	1.347897e-08	4.011061e+01	8.016436e+02
2.390000e-06	6.336479e-06	1.351755e-08	4.035217e+01	8.037728e+02
2.400000e-06	6.373636e-06	1.355240e-08	4.058880e+01	8.058439e+02
2.410000e-06	6.410137e-06	1.358456e-08	4.082124e+01	8.078569e+02
2.420000e-06	6.446096e-06	1.361794e-08	4.105024e+01	8.098120e+02
2.430000e-06	6.481147e-06	1.365032e-08	4.127345e+01	8.117098e+02
2.440000e-06	6.515097e-06	1.368085e-08	4.148965e+01	8.135510e+02
2.450000e-06	6.548155e-06	1.371103e-08	4.170017e+01	8.153367e+02
2.460000e-06	6.580508e-06	1.374210e-08	4.190620e+01	8.170681e+02
2.470000e-06	6.612183e-06	1.377366e-08	4.210792e+01	8.187464e+02
2.480000e-06	6.643093e-06	1.380282e-08	4.230476e+01	8.203730e+02
2.490000e-06	6.673239e-06	1.382984e-08	4.249673e+01	8.219490e+02
2.500000e-06	6.702624e-06	1.385734e-08	4.268387e+01	8.234757e+02
2.510000e-06	6.731321e-06	1.388117e-08	4.286661e+01	8.249541e+02
2.520000e-06	6.759493e-06	1.390115e-08	4.304602e+01	8.263849e+02
2.530000e-06	6.787002e-06	1.392233e-08	4.322121e+01	8.277689e+02
2.540000e-06	6.813440e-06	1.394510e-08	4.338957e+01	8.291065e+02
2.550000e-06	6.838740e-06	1.396999e-08	4.355069e+01	8.303978e+02
2.560000e-06	6.863125e-06	1.399438e-08	4.370597e+01	8.316430e+02
2.570000e-06	6.886705e-06	1.401814e-08	4.385614e+01	8.328418e+02
2.580000e-06	6.909546e-06	1.404074e-08	4.400159e+01	8.339940e+02
2.590000e-06	6.931651e-06	1.405997e-08	4.414236e+01	8.350993e+02
2.600000e-06	6.952960e-06	1.407653e-08	4.427807e+01	8.361571e+02
2.610000e-06	6.973557e-06	1.409229e-08	4.440923e+01	8.371669e+02
2.620000e-06	6.993580e-06	1.410736e-08	4.453674e+01	8.381282e+02
2.630000e-06	7.012839e-06	1.412151e-08	4.465939e+01	8.390406e+02
2.640000e-06	7.031099e-06	1.413772e-08	4.477567e+01	8.399037e+02
2.650000e-06	7.048512e-06	1.415457e-08	4.488656e+01	8.407174e+02
2.660000e-06	7.065165e-06	1.416868e-08	4.499261e+01	8.414815e+02
2.670000e-06	7.080828e-06	1.418026e-08	4.509236e+01	8.421964e+02
2.680000e-06	7.095446e-06	1.419000e-08	4.518545e+01	8.428625e+02
2.690000e-06	7.109139e-06	1.419909e-08	4.527265e+01	8.434807e+02
2.700000e-06	7.121925e-06	1.420740e-08	4.535407e+01	8.440520e+02
2.710000e-06	7.133937e-06	1.421441e-08	4.543057e+01	8.445778e+02
2.720000e-06	7.144942e-06	1.422382e-08	4.550065e+01	8.450597e+02
2.730000e-06	7.154654e-06	1.423596e-08	4.556250e+01	8.454993e+02
2.740000e-06	7.163349e-06	1.424639e-08	4.561787e+01	8.458984e+02
2.750000e-06	7.171353e-06	1.425200e-08	4.566884e+01	8.462585e+02
2.760000e-06	7.178609e-06	1.425395e-08	4.571505e+01	8.465812e+02
2.770000e-06	7.184985e-06	1.425605e-08	4.575565e+01	8.468677e+02
2.780000e-06	7.190526e-06	1.425904e-08	4.579094e+01	8.471186e+02
2.790000e-06	7.195317e-06	1.426362e-08	4.582145e+01	8.473343e+02
2.800000e-06	7.199439e-06	1.426724e-08	4.584770e+01	8.475146e+02
2.810000e-06	7.202806e-06	1.427066e-08	4.586914e+01	8.476590e+02
2.820000e-06	7.205121e-06	1.427143e-08	4.588389e+01	8.477666e+02
2.830000e-06	7.206256e-06	1.426818e-08	4.589111e+01	8.478360e+02
2.840000e-06	7.206490e-06	1.426272e-08	4.589260e+01	8.478659e+02
2.850000e-06	7.205998e-06	1.425888e-08	4.588947e+01	8.478550e+02
2.860000e-06	7.204756e-06	1.426033e-08	4.588156e+01	8.478022e+02
2.870000e-06	7.202799e-06	1.426276e-08	4.586910e+01	8.477069e+02
2.880000e-06	7.200067e-06	1.426336e-08	4.585170e+01	8.475686e+02
2.890000e-06	7.196626e-06	1.426271e-08	4.582978e+01	8.473879e+02
2.900000e-06	7.192645e-06	1.425888e-08	4.580443e+01	8.471655e+02
2.910000e-06	7.187974e-06	1.424498e-08	4.577469e+01	8.469029e+02
2.920000e-06	7.182204e-06	1.422414e-08	4.573794e+01	8.466021e+02
2.930000e-06	7.175218e-06	1.425201e-08	4.569345e+01	8.462652e+02
2.940000e-06	7.167264e-06	1.431940e-08	4.564280e+01	8.458945e+02
2.950000e-06	7.158271e-06	1.430284e-08	4.558554e+01	8.454922e+02
2.960000e-06	7.148094e-06	1.420815e-08	4.552073e+01	8.450601e+02
2.970000e-06	7.137174e-06	1.408565e-08	4.545118e+01	8.445993e+02
2.980000e-06	7.125888e-06	1.417768e-08	4.537931e+01	8.441104e+02
2.990000e-06	7.113858e-06	1.432042e-08	4.530270e+01	8.435932e+02
3.000000e-06	7.100504e-06	1.418167e-08	4.521766e+01	8.430467e+02
3.010000e-06	7.086125e-06	1.422603e-08	4.512609e+01	8.424688e+02
3.020000e-06	7.070979e-06	1.433216e-08	4.502964e+01	8.418571e+02
3.030000e-06	7.054811e-06	1.423069e-08	4.492668e+01	8.412087e+02
3.040000e-06	7.037869e-06	1.427442e-08	4.481878e+01	8.405201e+02
3.050000e-06	7.020280e-06	1.423116e-08	4.470677e+01	8.397882e+02
3.060000e-06	7.001896e-06	1.407042e-08	4.458970e+01	8.390096e+02
3.070000e-06	6.982754e-06	1.418719e-08	4.446780e+01	8.381816e+02
3.080000e-06	6.962918e-06	1.420070e-08	4.434148e+01	8.373020e+02
3.090000e-06	6.942368e-06	1.405681e-08	4.421061e+01	8.363689e+02
3.100000e-06	6.921029e-06	1.410244e-08	4.407472e+01	8.353814e+02
3.110000e-06	6.898438e-06	1.409994e-08	4.393086e+01	8.343390e+02
3.120000e-06	6.874802e-06	1.412643e-08	4.378033e+01	8.332418e+02
3.130000e-06	6.850614e-06	1.406608e-08	4.362630e+01	8.320900e+02
3.140000e-06	6.825585e-06	1.393076e-08	4.346691e+01	8.308844e+02
3.150000e-06	6.799609e-06	1.406499e-08	4.330149e+01	8.296257e+02
3.160000e-06	6.772838e-06	1.403529e-08	4.313100e+01	8.283145e+02
3.170000e-06	6.745430e-06	1.388362e-08	4.295647e+01	8.269514e+02
3.180000e-06	6.717331e-06	1.388664e-08	4.277752e+01	8.255367e+02
3.190000e-06	6.688150e-06	1.390829e-08	4.259169e+01	8.240705e+02
3.200000e-06	6.657887e-06	1.394642e-08	4.239897e+01	8.225527e+02
3.210000e-06	6.626832e-06	1.382775e-08	4.220120e+01	8.209831e+02
3.220000e-06	6.595017e-06	1.378323e-08	4.199860e+01	8.193615e+02
3.230000e-06	6.562418e-06	1.384814e-08	4.179100e+01	8.176875e+02
3.240000e-06	6.529012e-06	1.376869e-08	4.157827e+01	8.159612e+02
3.250000e-06	6.494911e-06	1.372639e-08	4.136110e+01	8.141823e+02
3.260000e-06	6.460209e-06	1.365839e-08	4.114011e+01	8.123511e+02
3.270000e-06	6.424827e-06	1.368279e-08	4.091479e+01	8.104678e+02
3.280000e-06	6.388651e-06	1.368757e-08	4.068441e+01	8.085326e+02
3.290000e-06	6.351620e-06	1.357716e-08	4.044859e+01	8.065458e+02
3.300000e-06	6.313648e-06	1.357234e-08	4.020678e+01	8.045073e+02
3.310000e-06	6.274661e-06	1.354305e-08	3.995850e+01	8.024171e+02
3.320000e-06	6.234891e-06	1.352812e-08	3.970524e+01	8.002746e+02
3.330000e-06	6.194532e-06	1.344970e-08	3.944822e+01	7.980790e+02
3.340000e-06	6.153543e-06	1.338649e-08	3.918719e+01	7.958291e+02
3.350000e-06	6.111809e-06	1.340885e-08	3.892142e+01	7.935234e+02
3.360000e-06	6.069322e-06	1.336154e-08	3.865085e+01	7.911600e+02
3.370000e-06	6.026300e-06	1.330960e-08	3.837688e+01	7.887372e+02
3.380000e-06	5.982765e-06	1.323440e-08	3.809964e+01	7.862531e+02
3.390000e-06	5.938612e-06	1.322823e-08	3.781846e+01	7.837061e+02
3.400000e-06	5.893720e-06	1.320529e-08	3.753258e+01	7.810948e+02
3.410000e-06	5.848121e-06	1.312014e-08	3.724219e+01	7.784183e+02
3.420000e-06	5.801810e-06	1.307466e-08	3.694727e+01	7.756760e+02
3.430000e-06	5.754755e-06	1.304337e-08	3.664762e+01	7.728679e+02
3.440000e-06	5.707046e-06	1.302065e-08	3.634379e+01	7.699942e+02
3.450000e-06	5.658586e-06	1.292961e-08	3.603519e+01	7.670554e+02
3.460000e-06	5.609344e-06	1.286508e-08	3.572161e+01	7.640523e+02
3.470000e-06	5.559311e-06	1.284375e-08	3.540299e+01	7.609855e+02
3.480000e-06	5.508611e-06	1.280958e-08	3.508011e+01	7.578554e+02
3.490000e-06	5.457277e-06	1.274130e-08	3.475321e+01	7.546622e+02
3.500000e-06	5.405188e-06	1.266619e-08	3.442149e+01	7.514058e+02
3.510000e-06	5.352249e-06	1.264014e-08	3.408437e+01	7.480854e+02
3.520000e-06	5.298264e-06	1.259231e-08	3.374057e+01	7.446999e+02
3.530000e-06	5.243480e-06	1.251331e-08	3.339170e+01	7.412480e+02
3.540000e-06	5.188165e-06	1.243205e-08	3.303944e+01	7.377278e+02
3.550000e-06	5.132198e-06	1.239250e-08	3.268303e+01	7.341374e+02
3.560000e-06	5.075601e-06	1.234707e-08	3.232261e+01	7.304750e+02
3.570000e-06	5.018453e-06	1.226568e-08	3.195868e+01	7.267385e+02
3.580000e-06	4.960752e-06	1.218560e-08	3.159122e+01	7.229264e+02
3.590000e-06	4.902477e-06	1.213492e-08	3.122011e+01	7.190372e+02
3.600000e-06	4.843660e-06	1.208906e-08	3.084555e+01	7.150695e+02
3.610000e-06	4.784341e-06	1.200331e-08	3.046779e+01	7.110222e+02
3.620000e-06	4.724565e-06	1.191858e-08	3.008713e+01	7.068944e+02
3.630000e-06	4.664218e-06	1.185636e-08	2.970282e+01	7.026851e+02
3.640000e-06	4.603181e-06	1.179911e-08	2.931413e+01	6.983931e+02
3.650000e-06	4.541490e-06	1.171031e-08	2.892126e+01	6.940173e+02
3.660000e-06	4.479091e-06	1.161926e-08	2.852389e+01	6.895560e+02
3.670000e-06	4.416087e-06	1.155509e-08	2.812267e+01	6.850075e+02
3.680000e-06	4.352628e-06	1.149272e-08	2.771855e+01	6.803696e+02
3.690000e-06	4.288679e-06	1.140206e-08	2.731130e+01	6.756401e+02
3.700000e-06	4.224212e-06	1.130274e-08	2.690076e+01	6.708164e+02
3.710000e-06	4.159284e-06	1.122743e-08	2.648729e+01	6.658959e+02
3.720000e-06	4.093881e-06	1.115415e-08	2.607078e+01	6.608760e+02
3.730000e-06	4.027951e-06	1.106015e-08	2.565093e+01	6.557544e+02
3.740000e-06	3.961596e-06	1.095460e-08	2.522836e+01	6.505285e+02
3.750000e-06	3.894845e-06	1.086999e-08	2.480328e+01	6.451962e+02
3.760000e-06	3.827781e-06	1.079056e-08	2.437620e+01	6.397552e+02
3.770000e-06	3.760402e-06	1.068995e-08	2.394711e+01	6.342034e+02
3.780000e-06	3.692566e-06	1.057989e-08	2.351512e+01	6.285385e+02
3.790000e-06	3.624170e-06	1.048777e-08	2.307956e+01	6.227578e+02
3.800000e-06	3.555177e-06	1.040311e-08	2.264019e+01	6.168584e+02
3.810000e-06	3.485690e-06	1.029926e-08	2.219768e+01	6.108370e+02
3.820000e-06	3.415761e-06	1.018099e-08	2.175236e+01	6.046896e+02
3.830000e-06	3.345366e-06	1.007360e-08	2.130407e+01	5.984119e+02
3.840000e-06	3.274509e-06	9.976468e-09	2.085284e+01	5.919993e+02
3.850000e-06	3.203261e-06	9.862274e-09	2.039911e+01	5.854470e+02
3.860000e-06	3.131591e-06	9.737566e-09	1.994270e+01	5.787500e+02
3.870000e-06	3.059527e-06	9.625062e-09	1.948378e+01	5.719038e+02
3.880000e-06	2.987178e-06	9.521599e-09	1.902304e+01	5.649041e+02
3.890000e-06	2.914502e-06	9.401504e-09	1.856023e+01	5.577471e+02
3.900000e-06	2.841449e-06	9.264961e-09	1.809501e+01	5.504299e+02
3.910000e-06	2.768109e-06	9.134842e-09	1.762796e+01	5.429498e+02
3.920000e-06	2.694523e-06	9.014642e-09	1.715935e+01	5.353048e+02
3.930000e-06	2.620593e-06	8.883021e-09	1.668855e+01	5.274928e+02
3.940000e-06	2.546358e-06	8.735822e-09	1.621580e+01	5.195121e+02
3.950000e-06	2.471817e-06	8.594909e-09	1.574110e+01	5.113600e+02
3.960000e-06	2.396968e-06	8.463432e-09	1.526445e+01	5.030333e+02
3.970000e-06	2.321878e-06	8.322544e-09	1.478626e+01	4.945276e+02
3.980000e-06	2.246495e-06	8.168493e-09	1.430620e+01	4.858371e+02
3.990000e-06	2.170816e-06	8.016887e-09	1.382426e+01	4.769546e+02
4.000000e-06	2.094821e-06	7.872650e-09	1.334030e+01	4.678713e+02
4.010000e-06	2.018506e-06	7.719103e-09	1.285432e+01	4.585775e+02
4.020000e-06	1.941880e-06	7.550252e-09	1.236635e+01	4.490622e+02
4.030000e-06	1.864881e-06	7.382740e-09	1.187599e+01	4.393141e+02
4.040000e-06	1.787623e-06	7.220596e-09	1.138400e+01	4.293220e+02
4.050000e-06	1.710125e-06	7.048822e-09	1.089047e+01	4.190749e+02
4.060000e-06	1.632286e-06	6.863335e-09	1.039478e+01	4.085630e+02
4.070000e-06	1.554232e-06	6.679656e-09	9.897711e+00	3.977774e+02
4.080000e-06	1.476024e-06	6.504186e-09	9.399666e+00	3.867103e+02
4.090000e-06	1.397603e-06	6.322066e-09	8.900263e+00	3.753549e+02
4.100000e-06	1.318972e-06	6.125505e-09	8.399518e+00	3.637051e+02
4.110000e-06	1.240225e-06	5.923082e-09	7.898038e+00	3.517546e+02
4.120000e-06	1.161359e-06	5.719763e-09	7.395806e+00	3.394961e+02
4.130000e-06	1.082269e-06	5.508112e-09	6.892138e+00	3.269210e+02
4.140000e-06	1.003007e-06	5.284463e-09	6.387379e+00	3.140178e+02
4.150000e-06	9.236614e-07	5.059381e-09	5.882090e+00	3.007721e+02
4.160000e-06	8.442020e-07	4.838097e-09	5.376074e+00	2.871657e+02
4.170000e-06	7.646696e-07	4.609872e-09	4.869594e+00	2.731770e+02
4.180000e-06	6.851372e-07	4.366532e-09	4.363113e+00	2.587807e+02
4.190000e-06	6.055339e-07	4.113622e-09	3.856180e+00	2.439493e+02
4.200000e-06	5.258245e-07	3.857424e-09	3.348573e+00	2.286536e+02
4.210000e-06	4.460775e-07	3.594193e-09	2.840725e+00	2.128650e+02
4.220000e-06	3.663259e-07	3.317745e-09	2.332849e+00	1.965571e+02
4.230000e-06	2.864856e-07	3.033130e-09	1.824407e+00	1.797077e+02
4.240000e-06	2.064936e-07	2.746388e-09	1.314999e+00	1.623013e+02
4.250000e-06	1.264535e-07	2.449517e-09	8.052853e-01	1.443310e+02
4.260000e-06	4.642516e-08	2.136588e-09	2.956462e-01	1.258001e+02
4.270000e-06	-3.361010e-08	1.812028e-09	-2.140369e-01	1.067237e+02
4.280000e-06	-1.135982e-07	1.480825e-09	-7.234198e-01	8.712930e+01
4.290000e-06	-1.935436e-07	1.143564e-09	-1.232531e+00	6.705694e+01
4.300000e-06	-2.735400e-07	7.985353e-10	-1.741966e+00	4.655883e+01
4.310000e-06	-3.535760e-07	4.469240e-10	-2.251654e+00	2.569811e+01
4.320000e-06	-4.335076e-07	9.023167e-11	-2.760677e+00	4.547137e+00
4.330000e-06	-5.133492e-07	-2.698428e-10	-3.269127e+00	-1.681463e+01
4.340000e-06	-5.931733e-07	-6.347729e-10	-3.777465e+00	-3.830320e+01
4.350000e-06	-6.728500e-07	-1.001325e-09	-4.284865e+00	-5.983265e+01
4.360000e-06	-7.524126e-07	-1.363839e-09	-4.791538e+00	-8.131782e+01
4.370000e-06	-8.319103e-07	-1.720142e-09	-5.297798e+00	-1.026768e+02
4.380000e-06	-9.112862e-07	-2.074989e-09	-5.803282e+00	-1.238332e+02
4.390000e-06	-9.905567e-07	-2.427548e-09	-6.308095e+00	-1.447177e+02
4.400000e-06	-1.069689e-06	-2.774656e-09	-6.812028e+00	-1.652697e+02
4.410000e-06	-1.148699e-06	-3.118640e-09	-7.315182e+00	-1.854377e+02
4.420000e-06	-1.227543e-06	-3.456230e-09	-7.817277e+00	-2.051800e+02
4.430000e-06	-1.306139e-06	-3.784269e-09	-8.317795e+00	-2.244641e+02
4.440000e-06	-1.384520e-06	-4.101917e-09	-8.816946e+00	-2.432665e+02
4.450000e-06	-1.462722e-06	-4.412797e-09	-9.314956e+00	-2.615713e+02
4.460000e-06	-1.540738e-06	-4.716391e-09	-9.811778e+00	-2.793698e+02
4.470000e-06	-1.618512e-06	-5.010509e-09	-1.030706e+01	-2.966586e+02
4.480000e-06	-1.695942e-06	-5.292053e-09	-1.080015e+01	-3.134391e+02
4.490000e-06	-1.773119e-06	-5.564196e-09	-1.129163e+01	-3.297157e+02
4.500000e-06	-1.850046e-06	-5.830646e-09	-1.178152e+01	-3.454954e+02
4.510000e-06	-1.926650e-06	-6.088814e-09	-1.226935e+01	-3.607869e+02
4.520000e-06	-2.003017e-06	-6.336932e-09	-1.275568e+01	-3.755999e+02
4.530000e-06	-2.079089e-06	-6.578224e-09	-1.324012e+01	-3.899444e+02
4.540000e-06	-2.154838e-06	-6.812549e-09	-1.372251e+01	-4.038311e+02
4.550000e-06	-2.230309e-06	-7.038385e-09	-1.420313e+01	-4.172709e+02
4.560000e-06	-2.305561e-06	-7.255455e-09	-1.468235e+01	-4.302749e+02
4.570000e-06	-2.380489e-06	-7.463730e-09	-1.515951e+01	-4.428543e+02
4.580000e-06	-2.455020e-06	-7.668292e-09	-1.563414e+01	-4.550207e+02
4.590000e-06	-2.529258e-06	-7.868193e-09	-1.610690e+01	-4.667861e+02
4.600000e-06	-2.603220e-06	-8.060881e-09	-1.657791e+01	-4.781627e+02
4.610000e-06	-2.676914e-06	-8.246883e-09	-1.704721e+01	-4.891631e+02
4.620000e-06	-2.750335e-06	-8.426802e-09	-1.751477e+01	-4.998000e+02
4.630000e-06	-2.823455e-06	-8.598887e-09	-1.798042e+01	-5.100862e+02
4.640000e-06	-2.896205e-06	-8.763458e-09	-1.844371e+01	-5.200348e+02
4.650000e-06	-2.968624e-06	-8.923733e-09	-1.890489e+01	-5.296584e+02
4.660000e-06	-3.040795e-06	-9.081300e-09	-1.936449e+01	-5.389696e+02
4.670000e-06	-3.112649e-06	-9.235815e-09	-1.982207e+01	-5.479806e+02
4.680000e-06	-3.184168e-06	-9.384799e-09	-2.027752e+01	-5.567033e+02
4.690000e-06	-3.255390e-06	-9.527068e-09	-2.073108e+01	-5.651492e+02
4.700000e-06	-3.326212e-06	-9.664769e-09	-2.118209e+01	-5.733291e+02
4.710000e-06	-3.396471e-06	-9.798545e-09	-2.162951e+01	-5.812536e+02
4.720000e-06	-3.466227e-06	-9.924263e-09	-2.207374e+01	-5.889330e+02
4.730000e-06	-3.535487e-06	-1.004578e-08	-2.251480e+01	-5.963770e+02
4.740000e-06	-3.604191e-06	-1.016754e-08	-2.295233e+01	-6.035951e+02
4.750000e-06	-3.672436e-06	-1.028648e-08	-2.338693e+01	-6.105965e+02
4.760000e-06	-3.740267e-06	-1.039990e-08	-2.381889e+01	-6.173901e+02
4.770000e-06	-3.807701e-06	-1.050925e-08	-2.424833e+01	-6.239844e+02
4.780000e-06	-3.874696e-06	-1.062007e-08	-2.467497e+01	-6.303878e+02
4.790000e-06	-3.941263e-06	-1.072756e-08	-2.509888e+01	-6.366083e+02
4.800000e-06	-4.007380e-06	-1.082582e-08	-2.551993e+01	-6.426536e+02
4.810000e-06	-4.073077e-06	-1.091875e-08	-2.593830e+01	-6.485311e+02
4.820000e-06	-4.138305e-06	-1.101268e-08	-2.635369e+01	-6.542478e+02
4.830000e-06	-4.203031e-06	-1.110785e-08	-2.676588e+01	-6.598105e+02
4.840000e-06	-4.267293e-06	-1.119981e-08	-2.717511e+01	-6.652255e+02
4.850000e-06	-4.331079e-06	-1.128867e-08	-2.758132e+01	-6.704989e+02
4.860000e-06	-4.394441e-06	-1.137735e-08	-2.798482e+01	-6.756364e+02
4.870000e-06	-4.457250e-06	-1.146505e-08	-2.838481e+01	-6.806434e+02
4.880000e-06	-4.519349e-06	-1.154806e-08	-2.878026e+01	-6.855252e+02
4.890000e-06	-4.580791e-06	-1.162688e-08	-2.917154e+01	-6.902867e+02
4.900000e-06	-4.641638e-06	-1.170444e-08	-2.955903e+01	-6.949324e+02
4.910000e-06	-4.701869e-06	-1.178050e-08	-2.994259e+01	-6.994667e+02
4.920000e-06	-4.761588e-06	-1.185316e-08	-3.032290e+01	-7.038938e+02
4.930000e-06	-4.820903e-06	-1.192299e-08	-3.070063e+01	-7.082174e+02
4.940000e-06	-4.879732e-06	-1.199445e-08	-3.107527e+01	-7.124408e+02
4.950000e-06	-4.937939e-06	-1.206830e-08	-3.144594e+01	-7.165673e+02
4.960000e-06	-4.995563e-06	-1.213697e-08	-3.181291e+01	-7.205996e+02
4.970000e-06	-5.052648e-06	-1.220207e-08	-3.217644e+01	-7.245402e+02
4.980000e-06	-5.109118e-06	-1.226706e-08	-3.253605e+01	-7.283912e+02
4.990000e-06	-5.165047e-06	-1.232956e-08	-3.289222e+01	-7.321546e+02
5.000000e-06	-5.220416e-06	-1.238913e-08	-3.324482e+01	-7.358320e+02
5.010000e-06	-5.275036e-06	-1.244943e-08	-3.359265e+01	-7.394251e+02
5.020000e-06	-5.328814e-06	-1.251375e-08	-3.393512e+01	-7.429355e+02
5.030000e-06	-5.381720e-06	-1.257858e-08	-3.427204e+01	-7.463649e+02
5.040000e-06	-5.433904e-06	-1.263688e-08	-3.460436e+01	-7.497148e+02
5.050000e-06	-5.485470e-06	-1.268983e-08	-3.493275e+01	-7.529873e+02
5.060000e-06	-5.536298e-06	-1.274373e-08	-3.525643e+01	-7.561843e+02
5.070000e-06	-5.586361e-06	-1.279671e-08	-3.557524e+01	-7.593082e+02
5.080000e-06	-5.635605e-06	-1.284584e-08	-3.588884e+01	-7.623613e+02
5.090000e-06	-5.683999e-06	-1.289303e-08	-3.619703e+01	-7.653461e+02
5.100000e-06	-5.731448e-06	-1.294372e-08	-3.649919e+01	-7.682651e+02
5.110000e-06	-5.778015e-06	-1.299556e-08	-3.679574e+01	-7.711207e+02
5.120000e-06	-5.824054e-06	-1.304160e-08	-3.708893e+01	-7.739151e+02
5.130000e-06	-5.869561e-06	-1.308223e-08	-3.737873e+01	-7.766505e+02
5.140000e-06	-5.914396e-06	-1.312596e-08	-3.766425e+01	-7.793284e+02
5.150000e-06	-5.958624e-06	-1.317230e-08	-3.794590e+01	-7.819501e+02
5.160000e-06	-6.002337e-06	-1.321482e-08	-3.822428e+01	-7.845166e+02
5.170000e-06	-6.045416e-06	-1.325201e-08	-3.849861e+01	-7.870282e+02
5.180000e-06	-6.087841e-06	-1.329057e-08	-3.876878e+01	-7.894852e+02
5.190000e-06	-6.129633e-06	-1.333183e-08	-3.903493e+01	-7.918871e+02
5.200000e-06	-6.170697e-06	-1.336811e-08	-3.929643e+01	-7.942336e+02
5.210000e-06	-6.211064e-06	-1.340058e-08	-3.955350e+01	-7.965239e+02
5.220000e-06	-6.250830e-06	-1.343572e-08	-3.980673e+01	-7.987575e+02
5.230000e-06	-6.289996e-06	-1.347492e-08	-4.005615e+01	-8.009337e+02
5.240000e-06	-6.328217e-06	-1.350974e-08	-4.029956e+01	-8.030520e+02
5.250000e-06	-6.365303e-06	-1.353852e-08	-4.053573e+01	-8.051123e+02
5.260000e-06	-6.401557e-06	-1.356898e-08	-4.076660e+01	-8.071144e+02
5.270000e-06	-6.437199e-06	-1.360264e-08	-4.099358e+01	-8.090587e+02
5.280000e-06	-6.472151e-06	-1.363195e-08	-4.121616e+01	-8.109458e+02
5.290000e-06	-6.506409e-06	-1.365672e-08	-4.143432e+01	-8.127766e+02
5.300000e-06	-6.539962e-06	-1.368332e-08	-4.164799e+01	-8.145520e+02
5.310000e-06	-6.572699e-06	-1.371434e-08	-4.185647e+01	-8.162734e+02
5.320000e-06	-6.604775e-06	-1.374354e-08	-4.206074e+01	-8.179419e+02
5.330000e-06	-6.636260e-06	-1.376659e-08	-4.226124e+01	-8.195589e+02
5.340000e-06	-6.666807e-06	-1.378990e-08	-4.245577e+01	-8.211256e+02
5.350000e-06	-6.696124e-06	-1.381887e-08	-4.264247e+01	-8.226432e+02
5.360000e-06	-6.724472e-06	-1.384730e-08	-4.282300e+01	-8.241126e+02
5.370000e-06	-6.752170e-06	-1.386765e-08	-4.299939e+01	-8.255347e+02
5.380000e-06	-6.779216e-06	-1.388788e-08	-4.317162e+01	-8.269099e+02
5.390000e-06	-6.805499e-06	-1.390993e-08	-4.333900e+01	-8.282388e+02
5.400000e-06	-6.830932e-06	-1.393140e-08	-4.350096e+01	-8.295215e+02
5.410000e-06	-6.855563e-06	-1.394897e-08	-4.365782e+01	-8.307580e+02
5.420000e-06	-6.879487e-06	-1.396587e-08	-4.381017e+01	-8.319481e+02
5.430000e-06	-6.902707e-06	-1.398538e-08	-4.395804e+01	-8.330916e+02
5.440000e-06	-6.925014e-06	-1.400455e-08	-4.410010e+01	-8.341880e+02
5.450000e-06	-6.946181e-06	-1.402442e-08	-4.423489e+01	-8.352368e+02
5.460000e-06	-6.966382e-06	-1.404247e-08	-4.436354e+01	-8.362376e+02
5.470000e-06	-6.985913e-06	-1.406016e-08	-4.448792e+01	-8.371898e+02
5.480000e-06	-7.004707e-06	-1.407523e-08	-4.460760e+01	-8.380930e+02
5.490000e-06	-7.022693e-06	-1.408798e-08	-4.472214e+01	-8.389469e+02
5.500000e-06	-7.039941e-06	-1.410036e-08	-4.483198e+01	-8.397513e+02
5.510000e-06	-7.056401e-06	-1.411461e-08	-4.493680e+01	-8.405061e+02
5.520000e-06	-7.072154e-06	-1.412914e-08	-4.503712e+01	-8.412118e+02
5.530000e-06	-7.087097e-06	-1.414214e-08	-4.513228e+01	-8.418689e+02
5.540000e-06	-7.100807e-06	-1.415256e-08	-4.521959e+01	-8.424782e+02
5.550000e-06	-7.113331e-06	-1.416231e-08	-4.529934e+01	-8.430409e+02
5.560000e-06	-7.124975e-06	-1.417248e-08	-4.537350e+01	-8.435584e+02
5.570000e-06	-7.135762e-06	-1.417996e-08	-4.544219e+01	-8.440322e+02
5.580000e-06	-7.145708e-06	-1.418812e-08	-4.550553e+01	-8.444641e+02
5.590000e-06	-7.154807e-06	-1.419610e-08	-4.556348e+01	-8.448558e+02
5.600000e-06	-7.163106e-06	-1.420376e-08	-4.561632e+01	-8.452088e+02
5.610000e-06	-7.170801e-06	-1.421020e-08	-4.566532e+01	-8.455247e+02
5.620000e-06	-7.177727e-06	-1.421811e-08	-4.570944e+01	-8.458044e+02
5.630000e-06	-7.183507e-06	-1.422473e-08	-4.574624e+01	-8.460487e+02
5.640000e-06	-7.188071e-06	-1.423017e-08	-4.577530e+01	-8.462578e+02
5.650000e-06	-7.191819e-06	-1.423517e-08	-4.579918e+01	-8.464315e+02
5.660000e-06	-7.194931e-06	-1.423873e-08	-4.581899e+01	-8.465691e+02
5.670000e-06	-7.197250e-06	-1.424100e-08	-4.583376e+01	-8.466696e+02
5.680000e-06	-7.198820e-06	-1.424311e-08	-4.584376e+01	-8.467317e+02
5.690000e-06	-7.199542e-06	-1.424719e-08	-4.584835e+01	-8.467541e+02
