# Temperatura_=_20.0
# Concentracion g/m^3_=_12000.0
# C_Vs_to_Am_M_A/Vsm_=_59384043850.047264
# pendiente_HvsI_1/m_=_3716.3
# ordenada_HvsI_A/m_=_1297.0
# frecuencia_Hz_=_175552.24779129116

Tiempo_(s)	Campo_(V.s)	Magnetizacion_(V.s)	Campo_(kA/m)	Magnetizacion_(A/m)
0.000000e+00	-7.169355e-06	-1.418217e-08	-4.584609e+01	-8.430769e+02
1.000000e-08	-7.169045e-06	-1.417891e-08	-4.584411e+01	-8.430980e+02
2.000000e-08	-7.168144e-06	-1.417830e-08	-4.583835e+01	-8.430834e+02
3.000000e-08	-7.166160e-06	-1.417921e-08	-4.582566e+01	-8.430258e+02
4.000000e-08	-7.162930e-06	-1.417614e-08	-4.580501e+01	-8.429183e+02
5.000000e-08	-7.158869e-06	-1.417442e-08	-4.577904e+01	-8.427555e+02
6.000000e-08	-7.154240e-06	-1.417501e-08	-4.574944e+01	-8.425342e+02
7.000000e-08	-7.148929e-06	-1.417174e-08	-4.571547e+01	-8.422541e+02
8.000000e-08	-7.142757e-06	-1.416410e-08	-4.567601e+01	-8.419179e+02
9.000000e-08	-7.135583e-06	-1.413434e-08	-4.563013e+01	-8.415309e+02
1.000000e-07	-7.127459e-06	-1.410037e-08	-4.557818e+01	-8.411008e+02
1.100000e-07	-7.118470e-06	-1.410360e-08	-4.552070e+01	-8.406360e+02
1.200000e-07	-7.108366e-06	-1.412169e-08	-4.545609e+01	-8.401454e+02
1.300000e-07	-7.097124e-06	-1.416258e-08	-4.538420e+01	-8.396363e+02
1.400000e-07	-7.085096e-06	-1.413440e-08	-4.530728e+01	-8.391138e+02
1.500000e-07	-7.072268e-06	-1.405236e-08	-4.522525e+01	-8.385799e+02
1.600000e-07	-7.058593e-06	-1.412210e-08	-4.513780e+01	-8.380332e+02
1.700000e-07	-7.044129e-06	-1.411169e-08	-4.504531e+01	-8.374683e+02
1.800000e-07	-7.028383e-06	-1.402672e-08	-4.494462e+01	-8.368769e+02
1.900000e-07	-7.011501e-06	-1.404359e-08	-4.483666e+01	-8.362483e+02
2.000000e-07	-6.993949e-06	-1.401800e-08	-4.472442e+01	-8.355706e+02
2.100000e-07	-6.975613e-06	-1.403577e-08	-4.460717e+01	-8.348319e+02
2.200000e-07	-6.956472e-06	-1.407261e-08	-4.448477e+01	-8.340220e+02
2.300000e-07	-6.936673e-06	-1.397512e-08	-4.435815e+01	-8.331329e+02
2.400000e-07	-6.916220e-06	-1.394431e-08	-4.422736e+01	-8.321603e+02
2.500000e-07	-6.895033e-06	-1.399818e-08	-4.409188e+01	-8.311036e+02
2.600000e-07	-6.873051e-06	-1.395486e-08	-4.395131e+01	-8.299660e+02
2.700000e-07	-6.850294e-06	-1.391991e-08	-4.380578e+01	-8.287541e+02
2.800000e-07	-6.826872e-06	-1.387833e-08	-4.365600e+01	-8.274770e+02
2.900000e-07	-6.802702e-06	-1.388115e-08	-4.350145e+01	-8.261450e+02
3.000000e-07	-6.777697e-06	-1.390310e-08	-4.334155e+01	-8.247686e+02
3.100000e-07	-6.751740e-06	-1.383191e-08	-4.317556e+01	-8.233573e+02
3.200000e-07	-6.724650e-06	-1.379923e-08	-4.300232e+01	-8.219183e+02
3.300000e-07	-6.696567e-06	-1.382007e-08	-4.282274e+01	-8.204561e+02
3.400000e-07	-6.667831e-06	-1.380333e-08	-4.263898e+01	-8.189719e+02
3.500000e-07	-6.638424e-06	-1.373862e-08	-4.245093e+01	-8.174639e+02
3.600000e-07	-6.608224e-06	-1.370023e-08	-4.225781e+01	-8.159277e+02
3.700000e-07	-6.577205e-06	-1.371826e-08	-4.205946e+01	-8.143568e+02
3.800000e-07	-6.545412e-06	-1.368991e-08	-4.185615e+01	-8.127442e+02
3.900000e-07	-6.513073e-06	-1.364446e-08	-4.164934e+01	-8.110826e+02
4.000000e-07	-6.480113e-06	-1.363006e-08	-4.143858e+01	-8.093658e+02
4.100000e-07	-6.446117e-06	-1.360487e-08	-4.122118e+01	-8.075895e+02
4.200000e-07	-6.410943e-06	-1.358392e-08	-4.099625e+01	-8.057512e+02
4.300000e-07	-6.374941e-06	-1.352704e-08	-4.076603e+01	-8.038508e+02
4.400000e-07	-6.338346e-06	-1.349028e-08	-4.053201e+01	-8.018903e+02
4.500000e-07	-6.301063e-06	-1.347649e-08	-4.029360e+01	-7.998727e+02
4.600000e-07	-6.263012e-06	-1.344792e-08	-4.005027e+01	-7.978022e+02
4.700000e-07	-6.224213e-06	-1.340686e-08	-3.980217e+01	-7.956825e+02
4.800000e-07	-6.184699e-06	-1.336481e-08	-3.954949e+01	-7.935168e+02
4.900000e-07	-6.144568e-06	-1.334307e-08	-3.929286e+01	-7.913067e+02
5.000000e-07	-6.103864e-06	-1.330312e-08	-3.903257e+01	-7.890522e+02
5.100000e-07	-6.062422e-06	-1.325176e-08	-3.876756e+01	-7.867512e+02
5.200000e-07	-6.019934e-06	-1.321139e-08	-3.849586e+01	-7.844002e+02
5.300000e-07	-5.976401e-06	-1.318411e-08	-3.821748e+01	-7.819945e+02
5.400000e-07	-5.932204e-06	-1.315757e-08	-3.793485e+01	-7.795286e+02
5.500000e-07	-5.887449e-06	-1.310198e-08	-3.764865e+01	-7.769973e+02
5.600000e-07	-5.842072e-06	-1.304919e-08	-3.735848e+01	-7.743962e+02
5.700000e-07	-5.795994e-06	-1.300945e-08	-3.706382e+01	-7.717219e+02
5.800000e-07	-5.749202e-06	-1.296414e-08	-3.676460e+01	-7.689730e+02
5.900000e-07	-5.701773e-06	-1.290386e-08	-3.646130e+01	-7.661495e+02
6.000000e-07	-5.653702e-06	-1.284885e-08	-3.615390e+01	-7.632532e+02
6.100000e-07	-5.604938e-06	-1.282321e-08	-3.584207e+01	-7.602867e+02
6.200000e-07	-5.555313e-06	-1.278578e-08	-3.552473e+01	-7.572534e+02
6.300000e-07	-5.504647e-06	-1.272543e-08	-3.520073e+01	-7.541567e+02
6.400000e-07	-5.453047e-06	-1.265699e-08	-3.487076e+01	-7.509993e+02
6.500000e-07	-5.400722e-06	-1.260956e-08	-3.453616e+01	-7.477827e+02
6.600000e-07	-5.347650e-06	-1.255758e-08	-3.419678e+01	-7.445070e+02
6.700000e-07	-5.293852e-06	-1.248606e-08	-3.385276e+01	-7.411709e+02
6.800000e-07	-5.239478e-06	-1.241906e-08	-3.350505e+01	-7.377718e+02
6.900000e-07	-5.184497e-06	-1.237499e-08	-3.315346e+01	-7.343059e+02
7.000000e-07	-5.128915e-06	-1.232987e-08	-3.279803e+01	-7.307691e+02
7.100000e-07	-5.072880e-06	-1.225879e-08	-3.243970e+01	-7.271572e+02
7.200000e-07	-5.016339e-06	-1.218434e-08	-3.207814e+01	-7.234667e+02
7.300000e-07	-4.959129e-06	-1.212421e-08	-3.171229e+01	-7.196953e+02
7.400000e-07	-4.901128e-06	-1.206709e-08	-3.134139e+01	-7.158415e+02
7.500000e-07	-4.842300e-06	-1.199036e-08	-3.096521e+01	-7.119057e+02
7.600000e-07	-4.782704e-06	-1.191401e-08	-3.058410e+01	-7.078889e+02
7.700000e-07	-4.722524e-06	-1.185471e-08	-3.019927e+01	-7.037931e+02
7.800000e-07	-4.661974e-06	-1.179460e-08	-2.981207e+01	-6.996206e+02
7.900000e-07	-4.600993e-06	-1.171510e-08	-2.942211e+01	-6.953731e+02
8.000000e-07	-4.539491e-06	-1.163198e-08	-2.902882e+01	-6.910518e+02
8.100000e-07	-4.477460e-06	-1.156494e-08	-2.863215e+01	-6.866562e+02
8.200000e-07	-4.414905e-06	-1.150058e-08	-2.823213e+01	-6.821845e+02
8.300000e-07	-4.351931e-06	-1.141745e-08	-2.782943e+01	-6.776333e+02
8.400000e-07	-4.288532e-06	-1.132929e-08	-2.742401e+01	-6.729975e+02
8.500000e-07	-4.224591e-06	-1.125338e-08	-2.701512e+01	-6.682712e+02
8.600000e-07	-4.160106e-06	-1.117889e-08	-2.660275e+01	-6.634480e+02
8.700000e-07	-4.095216e-06	-1.109003e-08	-2.618780e+01	-6.585214e+02
8.800000e-07	-4.029965e-06	-1.099553e-08	-2.577054e+01	-6.534855e+02
8.900000e-07	-3.964113e-06	-1.091410e-08	-2.534943e+01	-6.483355e+02
9.000000e-07	-3.897665e-06	-1.083855e-08	-2.492452e+01	-6.430681e+02
9.100000e-07	-3.830655e-06	-1.074840e-08	-2.449601e+01	-6.376812e+02
9.200000e-07	-3.763075e-06	-1.065035e-08	-2.406385e+01	-6.321742e+02
9.300000e-07	-3.695064e-06	-1.055792e-08	-2.362894e+01	-6.265474e+02
9.400000e-07	-3.626677e-06	-1.046730e-08	-2.319162e+01	-6.208018e+02
9.500000e-07	-3.557933e-06	-1.036674e-08	-2.275202e+01	-6.149381e+02
9.600000e-07	-3.488881e-06	-1.025843e-08	-2.231045e+01	-6.089567e+02
9.700000e-07	-3.419510e-06	-1.015691e-08	-2.186684e+01	-6.028570e+02
9.800000e-07	-3.349760e-06	-1.006084e-08	-2.142081e+01	-5.966370e+02
9.900000e-07	-3.279623e-06	-9.957324e-09	-2.097230e+01	-5.902935e+02
1.000000e-06	-3.209057e-06	-9.843841e-09	-2.052106e+01	-5.838218e+02
1.010000e-06	-3.138062e-06	-9.733858e-09	-2.006706e+01	-5.772164e+02
1.020000e-06	-3.066646e-06	-9.629987e-09	-1.961037e+01	-5.704712e+02
1.030000e-06	-2.994849e-06	-9.519016e-09	-1.915125e+01	-5.635798e+02
1.040000e-06	-2.922722e-06	-9.397535e-09	-1.869002e+01	-5.565365e+02
1.050000e-06	-2.850282e-06	-9.276519e-09	-1.822678e+01	-5.493361e+02
1.060000e-06	-2.777525e-06	-9.158889e-09	-1.776152e+01	-5.419744e+02
1.070000e-06	-2.704460e-06	-9.035753e-09	-1.729429e+01	-5.344481e+02
1.080000e-06	-2.631032e-06	-8.902482e-09	-1.682474e+01	-5.267547e+02
1.090000e-06	-2.557160e-06	-8.768084e-09	-1.635235e+01	-5.188922e+02
1.100000e-06	-2.482862e-06	-8.639222e-09	-1.587723e+01	-5.108584e+02
1.110000e-06	-2.408141e-06	-8.507866e-09	-1.539942e+01	-5.026506e+02
1.120000e-06	-2.333061e-06	-8.367019e-09	-1.491930e+01	-4.942647e+02
1.130000e-06	-2.257663e-06	-8.222868e-09	-1.443715e+01	-4.856954e+02
1.140000e-06	-2.181967e-06	-8.078420e-09	-1.395309e+01	-4.769356e+02
1.150000e-06	-2.105994e-06	-7.926831e-09	-1.346726e+01	-4.679764e+02
1.160000e-06	-2.029720e-06	-7.764212e-09	-1.297951e+01	-4.588076e+02
1.170000e-06	-1.953188e-06	-7.600754e-09	-1.249011e+01	-4.494179e+02
1.180000e-06	-1.876444e-06	-7.444391e-09	-1.199936e+01	-4.397956e+02
1.190000e-06	-1.799396e-06	-7.285838e-09	-1.150665e+01	-4.299296e+02
1.200000e-06	-1.722025e-06	-7.117358e-09	-1.101189e+01	-4.198092e+02
1.210000e-06	-1.644509e-06	-6.940074e-09	-1.051619e+01	-4.094254e+02
1.220000e-06	-1.566879e-06	-6.760341e-09	-1.001977e+01	-3.987709e+02
1.230000e-06	-1.489089e-06	-6.575605e-09	-9.522324e+00	-3.878397e+02
1.240000e-06	-1.411085e-06	-6.380340e-09	-9.023509e+00	-3.766271e+02
1.250000e-06	-1.332848e-06	-6.179145e-09	-8.523202e+00	-3.651290e+02
1.260000e-06	-1.254452e-06	-5.977583e-09	-8.021884e+00	-3.533412e+02
1.270000e-06	-1.175866e-06	-5.777194e-09	-7.519347e+00	-3.412578e+02
1.280000e-06	-1.097125e-06	-5.571999e-09	-7.015819e+00	-3.288708e+02
1.290000e-06	-1.018304e-06	-5.355337e-09	-6.511781e+00	-3.161688e+02
1.300000e-06	-9.392950e-07	-5.130531e-09	-6.006538e+00	-3.031367e+02
1.310000e-06	-8.600650e-07	-4.903564e-09	-5.499884e+00	-2.897549e+02
1.320000e-06	-7.807698e-07	-4.672718e-09	-4.992813e+00	-2.759998e+02
1.330000e-06	-7.015031e-07	-4.432843e-09	-4.485923e+00	-2.618443e+02
1.340000e-06	-6.220488e-07	-4.186215e-09	-3.977834e+00	-2.472589e+02
1.350000e-06	-5.424634e-07	-3.934784e-09	-3.468908e+00	-2.322132e+02
1.360000e-06	-4.629174e-07	-3.672859e-09	-2.960232e+00	-2.166773e+02
1.370000e-06	-3.832948e-07	-3.395013e-09	-2.451067e+00	-2.006246e+02
1.380000e-06	-3.035761e-07	-3.106276e-09	-1.941288e+00	-1.840330e+02
1.390000e-06	-2.237946e-07	-2.814342e-09	-1.431106e+00	-1.668873e+02
1.400000e-06	-1.439731e-07	-2.516654e-09	-9.206690e-01	-1.491811e+02
1.410000e-06	-6.410315e-08	-2.212603e-09	-4.099224e-01	-1.309175e+02
1.420000e-06	1.579501e-08	-1.900002e-09	1.010048e-01	-1.121110e+02
1.430000e-06	9.572016e-08	-1.580957e-09	6.121047e-01	-9.278704e+01
1.440000e-06	1.755459e-07	-1.249547e-09	1.122569e+00	-7.298279e+01
1.450000e-06	2.552623e-07	-9.010527e-10	1.632334e+00	-5.274610e+01
1.460000e-06	3.350492e-07	-5.435675e-10	2.142550e+00	-3.213472e+01
1.470000e-06	4.147972e-07	-1.858854e-10	2.652516e+00	-1.121494e+01
1.480000e-06	4.944712e-07	1.701418e-10	3.162010e+00	9.940070e+00
1.490000e-06	5.741277e-07	5.285857e-10	3.671392e+00	3.125224e+01
1.500000e-06	6.537264e-07	8.849326e-10	4.180404e+00	5.264057e+01
1.510000e-06	7.332393e-07	1.238051e-09	4.688868e+00	7.402329e+01
1.520000e-06	8.125561e-07	1.590443e-09	5.196078e+00	9.531994e+01
1.530000e-06	8.916499e-07	1.948263e-09	5.701861e+00	1.164533e+02
1.540000e-06	9.706910e-07	2.304463e-09	6.207308e+00	1.373514e+02
1.550000e-06	1.049612e-06	2.654155e-09	6.711985e+00	1.579487e+02
1.560000e-06	1.128276e-06	2.996089e-09	7.215022e+00	1.781878e+02
1.570000e-06	1.206828e-06	3.329020e-09	7.717338e+00	1.980200e+02
1.580000e-06	1.285265e-06	3.649480e-09	8.218926e+00	2.174061e+02
1.590000e-06	1.363502e-06	3.959976e-09	8.719226e+00	2.363164e+02
1.600000e-06	1.441528e-06	4.265368e-09	9.218181e+00	2.547303e+02
1.610000e-06	1.519396e-06	4.565795e-09	9.716130e+00	2.726360e+02
1.620000e-06	1.597090e-06	4.859971e-09	1.021296e+01	2.900290e+02
1.630000e-06	1.674589e-06	5.144277e-09	1.070855e+01	3.069116e+02
1.640000e-06	1.751866e-06	5.420489e-09	1.120271e+01	3.232905e+02
1.650000e-06	1.828803e-06	5.686068e-09	1.169470e+01	3.391760e+02
1.660000e-06	1.905521e-06	5.941825e-09	1.218529e+01	3.545805e+02
1.670000e-06	1.982024e-06	6.188592e-09	1.267451e+01	3.695169e+02
1.680000e-06	2.058282e-06	6.431681e-09	1.316216e+01	3.839977e+02
1.690000e-06	2.134353e-06	6.669575e-09	1.364861e+01	3.980342e+02
1.700000e-06	2.210059e-06	6.899721e-09	1.413273e+01	4.116362e+02
1.710000e-06	2.285346e-06	7.119545e-09	1.461417e+01	4.248118e+02
1.720000e-06	2.360232e-06	7.333851e-09	1.509305e+01	4.375679e+02
1.730000e-06	2.434705e-06	7.543270e-09	1.556928e+01	4.499105e+02
1.740000e-06	2.508832e-06	7.743176e-09	1.604330e+01	4.618454e+02
1.750000e-06	2.582606e-06	7.934358e-09	1.651507e+01	4.733791e+02
1.760000e-06	2.656020e-06	8.120530e-09	1.698453e+01	4.845194e+02
1.770000e-06	2.729121e-06	8.302844e-09	1.745199e+01	4.952758e+02
1.780000e-06	2.801912e-06	8.476301e-09	1.791747e+01	5.056601e+02
1.790000e-06	2.874396e-06	8.644849e-09	1.838099e+01	5.156858e+02
1.800000e-06	2.946542e-06	8.808729e-09	1.884234e+01	5.253688e+02
1.810000e-06	3.018246e-06	8.966488e-09	1.930087e+01	5.347258e+02
1.820000e-06	3.089605e-06	9.117017e-09	1.975719e+01	5.437743e+02
1.830000e-06	3.160705e-06	9.260128e-09	2.021186e+01	5.525320e+02
1.840000e-06	3.231450e-06	9.400795e-09	2.066425e+01	5.610152e+02
1.850000e-06	3.301768e-06	9.540909e-09	2.111392e+01	5.692390e+02
1.860000e-06	3.371666e-06	9.676232e-09	2.156090e+01	5.772163e+02
1.870000e-06	3.441187e-06	9.808178e-09	2.200546e+01	5.849578e+02
1.880000e-06	3.510392e-06	9.937836e-09	2.244801e+01	5.924719e+02
1.890000e-06	3.579272e-06	1.006469e-08	2.288848e+01	5.997654e+02
1.900000e-06	3.647782e-06	1.018445e-08	2.332658e+01	6.068434e+02
1.910000e-06	3.715871e-06	1.029408e-08	2.376199e+01	6.137103e+02
1.920000e-06	3.783463e-06	1.040370e-08	2.419423e+01	6.203706e+02
1.930000e-06	3.850525e-06	1.051448e-08	2.462307e+01	6.268291e+02
1.940000e-06	3.917034e-06	1.062188e-08	2.504838e+01	6.330917e+02
1.950000e-06	3.982957e-06	1.072506e-08	2.546994e+01	6.391655e+02
1.960000e-06	4.048355e-06	1.082805e-08	2.588814e+01	6.450592e+02
1.970000e-06	4.113232e-06	1.092966e-08	2.630301e+01	6.507822e+02
1.980000e-06	4.177508e-06	1.102272e-08	2.671404e+01	6.563448e+02
1.990000e-06	4.241345e-06	1.111046e-08	2.712226e+01	6.617573e+02
2.000000e-06	4.304747e-06	1.119639e-08	2.752770e+01	6.670298e+02
2.010000e-06	4.367681e-06	1.128165e-08	2.793014e+01	6.721711e+02
2.020000e-06	4.430177e-06	1.136385e-08	2.832979e+01	6.771885e+02
2.030000e-06	4.492165e-06	1.144462e-08	2.872619e+01	6.820879e+02
2.040000e-06	4.553636e-06	1.152967e-08	2.911927e+01	6.868731e+02
2.050000e-06	4.614659e-06	1.161409e-08	2.950950e+01	6.915465e+02
2.060000e-06	4.675279e-06	1.169346e-08	2.989715e+01	6.961092e+02
2.070000e-06	4.735475e-06	1.176906e-08	3.028209e+01	7.005618e+02
2.080000e-06	4.795125e-06	1.184257e-08	3.066353e+01	7.049045e+02
2.090000e-06	4.854000e-06	1.191345e-08	3.104002e+01	7.091382e+02
2.100000e-06	4.912087e-06	1.197999e-08	3.141147e+01	7.132648e+02
2.110000e-06	4.969494e-06	1.204533e-08	3.177858e+01	7.172872e+02
2.120000e-06	5.026293e-06	1.211184e-08	3.214179e+01	7.212098e+02
2.130000e-06	5.082542e-06	1.217853e-08	3.250149e+01	7.250379e+02
2.140000e-06	5.138200e-06	1.224332e-08	3.285740e+01	7.287777e+02
2.150000e-06	5.193286e-06	1.230543e-08	3.320966e+01	7.324359e+02
2.160000e-06	5.247835e-06	1.236650e-08	3.355849e+01	7.360185e+02
2.170000e-06	5.301716e-06	1.242454e-08	3.390305e+01	7.395311e+02
2.180000e-06	5.354928e-06	1.247970e-08	3.424332e+01	7.429778e+02
2.190000e-06	5.407473e-06	1.253639e-08	3.457933e+01	7.463614e+02
2.200000e-06	5.459313e-06	1.259484e-08	3.491083e+01	7.496828e+02
2.210000e-06	5.510310e-06	1.264925e-08	3.523695e+01	7.529415e+02
2.220000e-06	5.560331e-06	1.270268e-08	3.555682e+01	7.561361e+02
2.230000e-06	5.609564e-06	1.275889e-08	3.587165e+01	7.592641e+02
2.240000e-06	5.658141e-06	1.281247e-08	3.618229e+01	7.623231e+02
2.250000e-06	5.706012e-06	1.286140e-08	3.648841e+01	7.653109e+02
2.260000e-06	5.753199e-06	1.290938e-08	3.679016e+01	7.682264e+02
2.270000e-06	5.799676e-06	1.295846e-08	3.708736e+01	7.710693e+02
2.280000e-06	5.845436e-06	1.300702e-08	3.737999e+01	7.738409e+02
2.290000e-06	5.890587e-06	1.305530e-08	3.766872e+01	7.765433e+02
2.300000e-06	5.935216e-06	1.310278e-08	3.795411e+01	7.791797e+02
2.310000e-06	5.979289e-06	1.315033e-08	3.823594e+01	7.817536e+02
2.320000e-06	6.022562e-06	1.319355e-08	3.851266e+01	7.842685e+02
2.330000e-06	6.064837e-06	1.323244e-08	3.878300e+01	7.867274e+02
2.340000e-06	6.106213e-06	1.326973e-08	3.904759e+01	7.891322e+02
2.350000e-06	6.146926e-06	1.330773e-08	3.930793e+01	7.914836e+02
2.360000e-06	6.186972e-06	1.334885e-08	3.956402e+01	7.937811e+02
2.370000e-06	6.226266e-06	1.339009e-08	3.981530e+01	7.960231e+02
2.380000e-06	6.264860e-06	1.343096e-08	4.006209e+01	7.982073e+02
2.390000e-06	6.302714e-06	1.347176e-08	4.030416e+01	8.003308e+02
2.400000e-06	6.339826e-06	1.350906e-08	4.054148e+01	8.023912e+02
2.410000e-06	6.376324e-06	1.354062e-08	4.077488e+01	8.043867e+02
2.420000e-06	6.412193e-06	1.357075e-08	4.100425e+01	8.063167e+02
2.430000e-06	6.447272e-06	1.360178e-08	4.122857e+01	8.081818e+02
2.440000e-06	6.481322e-06	1.363200e-08	4.144631e+01	8.099843e+02
2.450000e-06	6.514404e-06	1.366201e-08	4.165786e+01	8.117276e+02
2.460000e-06	6.546781e-06	1.369459e-08	4.186490e+01	8.134160e+02
2.470000e-06	6.578501e-06	1.372824e-08	4.206774e+01	8.150542e+02
2.480000e-06	6.609505e-06	1.375695e-08	4.226601e+01	8.166467e+02
2.490000e-06	6.639732e-06	1.378224e-08	4.245929e+01	8.181969e+02
2.500000e-06	6.669125e-06	1.380710e-08	4.264726e+01	8.197074e+02
2.510000e-06	6.697820e-06	1.383289e-08	4.283076e+01	8.211790e+02
2.520000e-06	6.726004e-06	1.385644e-08	4.301099e+01	8.226109e+02
2.530000e-06	6.753442e-06	1.387878e-08	4.318644e+01	8.240009e+02
2.540000e-06	6.779811e-06	1.390453e-08	4.335507e+01	8.253456e+02
2.550000e-06	6.805096e-06	1.393184e-08	4.351676e+01	8.266414e+02
2.560000e-06	6.829505e-06	1.395578e-08	4.367284e+01	8.278846e+02
2.570000e-06	6.853158e-06	1.397348e-08	4.382410e+01	8.290724e+02
2.580000e-06	6.876058e-06	1.399154e-08	4.397054e+01	8.302030e+02
2.590000e-06	6.898221e-06	1.401029e-08	4.411227e+01	8.312764e+02
2.600000e-06	6.919559e-06	1.402870e-08	4.424871e+01	8.322943e+02
2.610000e-06	6.940218e-06	1.404563e-08	4.438082e+01	8.332598e+02
2.620000e-06	6.960295e-06	1.406220e-08	4.450921e+01	8.341771e+02
2.630000e-06	6.979599e-06	1.407881e-08	4.463266e+01	8.350511e+02
2.640000e-06	6.998033e-06	1.409391e-08	4.475054e+01	8.358862e+02
2.650000e-06	7.015611e-06	1.410524e-08	4.486294e+01	8.366865e+02
2.660000e-06	7.032426e-06	1.411416e-08	4.497047e+01	8.374542e+02
2.670000e-06	7.048293e-06	1.412558e-08	4.507194e+01	8.381902e+02
2.680000e-06	7.063046e-06	1.413889e-08	4.516628e+01	8.388932e+02
2.690000e-06	7.076903e-06	1.415110e-08	4.525489e+01	8.395604e+02
2.700000e-06	7.089913e-06	1.416270e-08	4.533809e+01	8.401877e+02
2.710000e-06	7.102094e-06	1.417525e-08	4.541598e+01	8.407705e+02
2.720000e-06	7.113384e-06	1.418500e-08	4.548817e+01	8.413040e+02
2.730000e-06	7.123410e-06	1.419240e-08	4.555229e+01	8.417848e+02
2.740000e-06	7.132280e-06	1.419847e-08	4.560901e+01	8.422106e+02
2.750000e-06	7.140412e-06	1.420496e-08	4.566101e+01	8.425812e+02
2.760000e-06	7.147788e-06	1.421121e-08	4.570818e+01	8.428988e+02
2.770000e-06	7.154289e-06	1.421409e-08	4.574975e+01	8.431672e+02
2.780000e-06	7.159954e-06	1.421563e-08	4.578598e+01	8.433922e+02
2.790000e-06	7.164806e-06	1.421996e-08	4.581700e+01	8.435800e+02
2.800000e-06	7.169030e-06	1.422347e-08	4.584402e+01	8.437371e+02
2.810000e-06	7.172585e-06	1.422409e-08	4.586675e+01	8.438689e+02
2.820000e-06	7.174998e-06	1.422388e-08	4.588218e+01	8.439794e+02
2.830000e-06	7.176218e-06	1.422378e-08	4.588998e+01	8.440699e+02
2.840000e-06	7.176628e-06	1.422383e-08	4.589260e+01	8.441395e+02
2.850000e-06	7.176378e-06	1.422048e-08	4.589101e+01	8.441846e+02
2.860000e-06	7.175373e-06	1.421788e-08	4.588458e+01	8.441997e+02
2.870000e-06	7.173600e-06	1.422097e-08	4.587324e+01	8.441777e+02
2.880000e-06	7.171038e-06	1.422485e-08	4.585686e+01	8.441113e+02
2.890000e-06	7.167762e-06	1.422523e-08	4.583591e+01	8.439938e+02
2.900000e-06	7.163926e-06	1.422265e-08	4.581138e+01	8.438202e+02
2.910000e-06	7.159335e-06	1.421521e-08	4.578202e+01	8.435879e+02
2.920000e-06	7.153752e-06	1.420305e-08	4.574632e+01	8.432971e+02
2.930000e-06	7.147121e-06	1.419701e-08	4.570391e+01	8.429509e+02
2.940000e-06	7.139499e-06	1.423151e-08	4.565518e+01	8.425553e+02
2.950000e-06	7.130816e-06	1.422792e-08	4.559965e+01	8.421180e+02
2.960000e-06	7.120973e-06	1.419615e-08	4.553671e+01	8.416479e+02
2.970000e-06	7.110236e-06	1.410494e-08	4.546805e+01	8.411533e+02
2.980000e-06	7.099079e-06	1.408703e-08	4.539670e+01	8.406414e+02
2.990000e-06	7.087387e-06	1.419856e-08	4.532193e+01	8.401168e+02
3.000000e-06	7.074384e-06	1.408893e-08	4.523878e+01	8.395809e+02
3.010000e-06	7.060255e-06	1.405996e-08	4.514843e+01	8.390313e+02
3.020000e-06	7.045394e-06	1.417125e-08	4.505340e+01	8.384622e+02
3.030000e-06	7.029479e-06	1.411335e-08	4.495162e+01	8.378648e+02
3.040000e-06	7.012737e-06	1.412396e-08	4.484456e+01	8.372279e+02
3.050000e-06	6.995379e-06	1.412232e-08	4.473356e+01	8.365397e+02
3.060000e-06	6.977171e-06	1.400357e-08	4.461713e+01	8.357885e+02
3.070000e-06	6.958210e-06	1.406486e-08	4.449588e+01	8.349642e+02
3.080000e-06	6.938568e-06	1.409796e-08	4.437027e+01	8.340598e+02
3.090000e-06	6.918242e-06	1.398304e-08	4.424030e+01	8.330714e+02
3.100000e-06	6.897156e-06	1.403171e-08	4.410546e+01	8.319992e+02
3.110000e-06	6.874781e-06	1.402064e-08	4.396237e+01	8.308472e+02
3.120000e-06	6.851226e-06	1.400375e-08	4.381175e+01	8.296224e+02
3.130000e-06	6.827136e-06	1.399628e-08	4.365770e+01	8.283342e+02
3.140000e-06	6.802327e-06	1.388657e-08	4.349905e+01	8.269932e+02
3.150000e-06	6.776568e-06	1.397693e-08	4.333433e+01	8.256096e+02
3.160000e-06	6.750012e-06	1.394872e-08	4.316451e+01	8.241927e+02
3.170000e-06	6.722775e-06	1.381482e-08	4.299034e+01	8.227492e+02
3.180000e-06	6.694919e-06	1.384938e-08	4.281220e+01	8.212829e+02
3.190000e-06	6.666069e-06	1.383167e-08	4.262771e+01	8.197945e+02
3.200000e-06	6.636124e-06	1.384003e-08	4.243623e+01	8.182817e+02
3.210000e-06	6.605296e-06	1.376066e-08	4.223909e+01	8.167396e+02
3.220000e-06	6.573677e-06	1.371273e-08	4.203689e+01	8.151615e+02
3.230000e-06	6.541290e-06	1.377431e-08	4.182979e+01	8.135403e+02
3.240000e-06	6.508076e-06	1.367849e-08	4.161740e+01	8.118688e+02
3.250000e-06	6.474195e-06	1.365558e-08	4.140073e+01	8.101412e+02
3.260000e-06	6.439690e-06	1.361009e-08	4.118009e+01	8.083534e+02
3.270000e-06	6.404456e-06	1.360498e-08	4.095477e+01	8.065035e+02
3.280000e-06	6.368597e-06	1.360688e-08	4.072547e+01	8.045918e+02
3.290000e-06	6.332139e-06	1.349628e-08	4.049232e+01	8.026203e+02
3.300000e-06	6.294682e-06	1.351333e-08	4.025280e+01	8.005925e+02
3.310000e-06	6.256068e-06	1.347309e-08	4.000587e+01	7.985126e+02
3.320000e-06	6.216637e-06	1.343980e-08	3.975372e+01	7.963841e+02
3.330000e-06	6.176613e-06	1.338445e-08	3.949777e+01	7.942101e+02
3.340000e-06	6.135957e-06	1.332445e-08	3.923779e+01	7.919918e+02
3.350000e-06	6.094541e-06	1.334647e-08	3.897295e+01	7.897288e+02
3.360000e-06	6.052408e-06	1.328159e-08	3.870352e+01	7.874188e+02
3.370000e-06	6.009680e-06	1.324544e-08	3.843029e+01	7.850581e+02
3.380000e-06	5.966353e-06	1.318122e-08	3.815322e+01	7.826415e+02
3.390000e-06	5.922480e-06	1.316093e-08	3.787266e+01	7.801638e+02
3.400000e-06	5.877993e-06	1.313096e-08	3.758818e+01	7.776198e+02
3.410000e-06	5.832778e-06	1.304525e-08	3.729904e+01	7.750052e+02
3.420000e-06	5.786818e-06	1.301826e-08	3.700514e+01	7.723171e+02
3.430000e-06	5.740093e-06	1.297979e-08	3.670635e+01	7.695542e+02
3.440000e-06	5.692710e-06	1.295360e-08	3.640335e+01	7.667169e+02
3.450000e-06	5.644566e-06	1.286717e-08	3.609548e+01	7.638072e+02
3.460000e-06	5.595665e-06	1.280962e-08	3.578277e+01	7.608280e+02
3.470000e-06	5.546092e-06	1.278395e-08	3.546576e+01	7.577827e+02
3.480000e-06	5.495763e-06	1.273546e-08	3.514392e+01	7.546745e+02
3.490000e-06	5.444769e-06	1.266848e-08	3.481783e+01	7.515059e+02
3.500000e-06	5.393127e-06	1.259833e-08	3.448760e+01	7.482783e+02
3.510000e-06	5.340734e-06	1.257599e-08	3.415255e+01	7.449916e+02
3.520000e-06	5.287378e-06	1.251860e-08	3.381136e+01	7.416440e+02
3.530000e-06	5.233060e-06	1.244122e-08	3.346401e+01	7.382327e+02
3.540000e-06	5.178002e-06	1.236941e-08	3.311193e+01	7.347539e+02
3.550000e-06	5.122305e-06	1.233228e-08	3.275576e+01	7.312033e+02
3.560000e-06	5.066064e-06	1.227980e-08	3.239612e+01	7.275770e+02
3.570000e-06	5.009192e-06	1.219545e-08	3.203243e+01	7.238716e+02
3.580000e-06	4.951766e-06	1.212555e-08	3.166521e+01	7.200848e+02
3.590000e-06	4.893858e-06	1.207737e-08	3.129490e+01	7.162157e+02
3.600000e-06	4.835320e-06	1.202689e-08	3.092057e+01	7.122646e+02
3.610000e-06	4.776246e-06	1.193628e-08	3.054281e+01	7.082329e+02
3.620000e-06	4.716680e-06	1.185703e-08	3.016190e+01	7.041226e+02
3.630000e-06	4.656618e-06	1.179444e-08	2.977782e+01	6.999360e+02
3.640000e-06	4.596021e-06	1.173272e-08	2.939032e+01	6.956747e+02
3.650000e-06	4.534772e-06	1.164660e-08	2.899864e+01	6.913396e+02
3.660000e-06	4.472821e-06	1.156355e-08	2.860249e+01	6.869300e+02
3.670000e-06	4.410175e-06	1.150567e-08	2.820188e+01	6.824438e+02
3.680000e-06	4.346950e-06	1.144043e-08	2.779758e+01	6.778771e+02
3.690000e-06	4.283282e-06	1.134853e-08	2.739044e+01	6.732249e+02
3.700000e-06	4.219179e-06	1.125081e-08	2.698051e+01	6.684810e+02
3.710000e-06	4.154567e-06	1.117727e-08	2.656733e+01	6.636390e+02
3.720000e-06	4.089470e-06	1.110204e-08	2.615106e+01	6.586923e+02
3.730000e-06	4.023965e-06	1.100951e-08	2.573217e+01	6.536354e+02
3.740000e-06	3.957964e-06	1.091291e-08	2.531011e+01	6.484637e+02
3.750000e-06	3.891468e-06	1.083851e-08	2.488489e+01	6.431740e+02
3.760000e-06	3.824544e-06	1.076165e-08	2.445693e+01	6.377647e+02
3.770000e-06	3.757262e-06	1.065978e-08	2.402668e+01	6.322353e+02
3.780000e-06	3.689673e-06	1.055041e-08	2.359446e+01	6.265862e+02
3.790000e-06	3.621686e-06	1.045672e-08	2.315971e+01	6.208184e+02
3.800000e-06	3.553201e-06	1.036826e-08	2.272176e+01	6.149327e+02
3.810000e-06	3.484222e-06	1.025947e-08	2.228066e+01	6.089293e+02
3.820000e-06	3.414853e-06	1.014559e-08	2.183706e+01	6.028073e+02
3.830000e-06	3.344984e-06	1.004461e-08	2.139027e+01	5.965645e+02
3.840000e-06	3.274476e-06	9.950683e-09	2.093940e+01	5.901974e+02
3.850000e-06	3.203488e-06	9.838497e-09	2.048544e+01	5.837011e+02
3.860000e-06	3.132143e-06	9.716292e-09	2.002921e+01	5.770701e+02
3.870000e-06	3.060454e-06	9.604585e-09	1.957078e+01	5.702979e+02
3.880000e-06	2.988441e-06	9.495456e-09	1.911027e+01	5.633786e+02
3.890000e-06	2.916104e-06	9.371939e-09	1.864770e+01	5.563063e+02
3.900000e-06	2.843432e-06	9.238057e-09	1.818298e+01	5.490760e+02
3.910000e-06	2.770448e-06	9.112998e-09	1.771627e+01	5.416837e+02
3.920000e-06	2.697170e-06	8.994663e-09	1.724767e+01	5.341263e+02
3.930000e-06	2.623545e-06	8.865935e-09	1.677686e+01	5.264014e+02
3.940000e-06	2.549648e-06	8.725473e-09	1.630431e+01	5.185070e+02
3.950000e-06	2.475532e-06	8.588058e-09	1.583036e+01	5.104409e+02
3.960000e-06	2.401173e-06	8.455096e-09	1.535485e+01	5.022000e+02
3.970000e-06	2.326452e-06	8.312658e-09	1.487703e+01	4.937803e+02
3.980000e-06	2.251292e-06	8.159959e-09	1.439641e+01	4.851760e+02
3.990000e-06	2.175844e-06	8.010266e-09	1.391394e+01	4.763796e+02
4.000000e-06	2.100130e-06	7.866098e-09	1.342977e+01	4.673820e+02
4.010000e-06	2.024053e-06	7.714706e-09	1.294328e+01	4.581726e+02
4.020000e-06	1.947683e-06	7.550430e-09	1.245491e+01	4.487403e+02
4.030000e-06	1.871110e-06	7.385278e-09	1.196524e+01	4.390732e+02
4.040000e-06	1.794325e-06	7.224155e-09	1.147422e+01	4.291603e+02
4.050000e-06	1.717284e-06	7.055724e-09	1.098157e+01	4.189912e+02
4.060000e-06	1.640024e-06	6.874334e-09	1.048751e+01	4.085573e+02
4.070000e-06	1.562520e-06	6.691041e-09	9.991892e+00	3.978513e+02
4.080000e-06	1.484773e-06	6.512001e-09	9.494724e+00	3.868677e+02
4.090000e-06	1.406846e-06	6.328742e-09	8.996399e+00	3.756020e+02
4.100000e-06	1.328691e-06	6.134259e-09	8.496624e+00	3.640500e+02
4.110000e-06	1.250282e-06	5.934129e-09	7.995220e+00	3.522073e+02
4.120000e-06	1.171668e-06	5.732833e-09	7.492501e+00	3.400678e+02
4.130000e-06	1.092864e-06	5.523932e-09	6.988568e+00	3.276227e+02
4.140000e-06	1.013902e-06	5.304846e-09	6.483630e+00	3.148602e+02
4.150000e-06	9.348484e-07	5.082558e-09	5.978104e+00	3.017642e+02
4.160000e-06	8.556765e-07	4.861782e-09	5.471821e+00	2.883143e+02
4.170000e-06	7.764083e-07	4.634926e-09	4.964922e+00	2.744864e+02
4.180000e-06	6.970673e-07	4.394092e-09	4.457557e+00	2.602527e+02
4.190000e-06	6.176359e-07	4.144434e-09	3.949615e+00	2.455834e+02
4.200000e-06	5.381704e-07	3.890305e-09	3.441455e+00	2.304480e+02
4.210000e-06	4.586513e-07	3.627313e-09	2.932952e+00	2.148172e+02
4.220000e-06	3.790336e-07	3.350275e-09	2.423818e+00	1.986650e+02
4.230000e-06	2.993520e-07	3.065865e-09	1.914276e+00	1.819705e+02
4.240000e-06	2.196282e-07	2.780619e-09	1.404463e+00	1.647200e+02
4.250000e-06	1.399035e-07	2.487486e-09	8.946452e-01	1.469087e+02
4.260000e-06	6.009600e-08	2.179105e-09	3.842977e-01	1.285420e+02
4.270000e-06	-1.969176e-08	1.858366e-09	-1.259235e-01	1.096362e+02
4.280000e-06	-9.940881e-08	1.532584e-09	-6.356926e-01	9.021911e+01
4.290000e-06	-1.791798e-07	1.199745e-09	-1.145807e+00	7.032988e+01
4.300000e-06	-2.589052e-07	8.553669e-10	-1.655629e+00	5.001831e+01
4.310000e-06	-3.385361e-07	5.046889e-10	-2.164847e+00	2.934389e+01
4.320000e-06	-4.181352e-07	1.506251e-10	-2.673862e+00	8.374323e+00
4.330000e-06	-4.977080e-07	-2.064834e-10	-3.182709e+00	-1.281616e+01
4.340000e-06	-5.772494e-07	-5.683204e-10	-3.691355e+00	-3.414877e+01
4.350000e-06	-6.567120e-07	-9.321949e-10	-4.199497e+00	-5.554220e+01
4.360000e-06	-7.360690e-07	-1.287737e-09	-4.706963e+00	-7.691478e+01
4.370000e-06	-8.153000e-07	-1.638994e-09	-5.213624e+00	-9.818651e+01
4.380000e-06	-8.943898e-07	-1.993121e-09	-5.719382e+00	-1.192810e+02
4.390000e-06	-9.733048e-07	-2.348105e-09	-6.224022e+00	-1.401274e+02
4.400000e-06	-1.052082e-06	-2.698141e-09	-6.727780e+00	-1.606616e+02
4.410000e-06	-1.130775e-06	-3.040614e-09	-7.231000e+00	-1.808278e+02
4.420000e-06	-1.209197e-06	-3.378729e-09	-7.732489e+00	-2.005790e+02
4.430000e-06	-1.287453e-06	-3.707101e-09	-8.232915e+00	-2.198778e+02
4.440000e-06	-1.365603e-06	-4.023962e-09	-8.732660e+00	-2.386962e+02
4.450000e-06	-1.443438e-06	-4.329707e-09	-9.230397e+00	-2.570154e+02
4.460000e-06	-1.520995e-06	-4.627978e-09	-9.726355e+00	-2.748251e+02
4.470000e-06	-1.598341e-06	-4.921712e-09	-1.022096e+01	-2.921220e+02
4.480000e-06	-1.675488e-06	-5.207240e-09	-1.071429e+01	-3.089094e+02
4.490000e-06	-1.752433e-06	-5.483918e-09	-1.120634e+01	-3.251949e+02
4.500000e-06	-1.829137e-06	-5.752092e-09	-1.169684e+01	-3.409892e+02
4.510000e-06	-1.905615e-06	-6.010655e-09	-1.218589e+01	-3.563049e+02
4.520000e-06	-1.981765e-06	-6.257824e-09	-1.267286e+01	-3.711549e+02
4.530000e-06	-2.057569e-06	-6.496630e-09	-1.315760e+01	-3.855515e+02
4.540000e-06	-2.133074e-06	-6.728696e-09	-1.364044e+01	-3.995058e+02
4.550000e-06	-2.208205e-06	-6.955432e-09	-1.412087e+01	-4.130272e+02
4.560000e-06	-2.283022e-06	-7.175020e-09	-1.459931e+01	-4.261236e+02
4.570000e-06	-2.357576e-06	-7.387734e-09	-1.507607e+01	-4.388016e+02
4.580000e-06	-2.431889e-06	-7.594938e-09	-1.555128e+01	-4.510672e+02
4.590000e-06	-2.505995e-06	-7.797343e-09	-1.602516e+01	-4.629263e+02
4.600000e-06	-2.579843e-06	-7.992230e-09	-1.649740e+01	-4.743856e+02
4.610000e-06	-2.653400e-06	-8.179066e-09	-1.696778e+01	-4.854530e+02
4.620000e-06	-2.726643e-06	-8.355992e-09	-1.743615e+01	-4.961387e+02
4.630000e-06	-2.799563e-06	-8.525780e-09	-1.790245e+01	-5.064545e+02
4.640000e-06	-2.872148e-06	-8.690838e-09	-1.836662e+01	-5.164148e+02
4.650000e-06	-2.944408e-06	-8.850918e-09	-1.882870e+01	-5.260352e+02
4.660000e-06	-3.016406e-06	-9.008336e-09	-1.928911e+01	-5.353329e+02
4.670000e-06	-3.088112e-06	-9.164042e-09	-1.974764e+01	-5.443256e+02
4.680000e-06	-3.159408e-06	-9.315834e-09	-2.020356e+01	-5.530305e+02
4.690000e-06	-3.230231e-06	-9.459410e-09	-2.065646e+01	-5.614639e+02
4.700000e-06	-3.300600e-06	-9.595267e-09	-2.110645e+01	-5.696405e+02
4.710000e-06	-3.370516e-06	-9.727143e-09	-2.155354e+01	-5.775728e+02
4.720000e-06	-3.439950e-06	-9.856125e-09	-2.199755e+01	-5.852710e+02
4.730000e-06	-3.508894e-06	-9.980196e-09	-2.243843e+01	-5.927433e+02
4.740000e-06	-3.577393e-06	-1.010130e-08	-2.287646e+01	-5.999959e+02
4.750000e-06	-3.645477e-06	-1.022133e-08	-2.331184e+01	-6.070340e+02
4.760000e-06	-3.713185e-06	-1.033937e-08	-2.374482e+01	-6.138618e+02
4.770000e-06	-3.780505e-06	-1.045058e-08	-2.417531e+01	-6.204837e+02
4.780000e-06	-3.847322e-06	-1.055863e-08	-2.460259e+01	-6.269049e+02
4.790000e-06	-3.913695e-06	-1.066448e-08	-2.502703e+01	-6.331315e+02
4.800000e-06	-3.979626e-06	-1.076625e-08	-2.544864e+01	-6.391708e+02
4.810000e-06	-4.045121e-06	-1.086360e-08	-2.586746e+01	-6.450317e+02
4.820000e-06	-4.110178e-06	-1.095669e-08	-2.628348e+01	-6.507237e+02
4.830000e-06	-4.174728e-06	-1.104912e-08	-2.669626e+01	-6.562573e+02
4.840000e-06	-4.238888e-06	-1.113990e-08	-2.710655e+01	-6.616428e+02
4.850000e-06	-4.302669e-06	-1.122849e-08	-2.751441e+01	-6.668900e+02
4.860000e-06	-4.365916e-06	-1.131757e-08	-2.791886e+01	-6.720075e+02
4.870000e-06	-4.428503e-06	-1.140665e-08	-2.831908e+01	-6.770024e+02
4.880000e-06	-4.490389e-06	-1.149201e-08	-2.871483e+01	-6.818800e+02
4.890000e-06	-4.551675e-06	-1.157172e-08	-2.910674e+01	-6.866441e+02
4.900000e-06	-4.612398e-06	-1.164715e-08	-2.949504e+01	-6.912966e+02
4.910000e-06	-4.672492e-06	-1.172173e-08	-2.987933e+01	-6.958386e+02
4.920000e-06	-4.732070e-06	-1.179535e-08	-3.026032e+01	-7.002704e+02
4.930000e-06	-4.791181e-06	-1.186768e-08	-3.063831e+01	-7.045925e+02
4.940000e-06	-4.849760e-06	-1.193967e-08	-3.101291e+01	-7.088060e+02
4.950000e-06	-4.907781e-06	-1.201111e-08	-3.138394e+01	-7.129127e+02
4.960000e-06	-4.965221e-06	-1.207786e-08	-3.175125e+01	-7.169160e+02
4.970000e-06	-5.022056e-06	-1.214038e-08	-3.211470e+01	-7.208203e+02
4.980000e-06	-5.078343e-06	-1.220306e-08	-3.247463e+01	-7.246313e+02
4.990000e-06	-5.134168e-06	-1.226633e-08	-3.283162e+01	-7.283553e+02
5.000000e-06	-5.189378e-06	-1.232810e-08	-3.318467e+01	-7.319987e+02
5.010000e-06	-5.243794e-06	-1.238904e-08	-3.353265e+01	-7.355678e+02
5.020000e-06	-5.297424e-06	-1.245049e-08	-3.387560e+01	-7.390677e+02
5.030000e-06	-5.350229e-06	-1.251157e-08	-3.421327e+01	-7.425024e+02
5.040000e-06	-5.402205e-06	-1.256919e-08	-3.454565e+01	-7.458742e+02
5.050000e-06	-5.453446e-06	-1.262256e-08	-3.487332e+01	-7.491838e+02
5.060000e-06	-5.504020e-06	-1.267514e-08	-3.519673e+01	-7.524307e+02
5.070000e-06	-5.553939e-06	-1.272709e-08	-3.551594e+01	-7.556129e+02
5.080000e-06	-5.603097e-06	-1.277677e-08	-3.583029e+01	-7.587281e+02
5.090000e-06	-5.651375e-06	-1.282576e-08	-3.613902e+01	-7.617738e+02
5.100000e-06	-5.698769e-06	-1.287646e-08	-3.644209e+01	-7.647480e+02
5.110000e-06	-5.745375e-06	-1.292679e-08	-3.674012e+01	-7.676498e+02
5.120000e-06	-5.791322e-06	-1.297440e-08	-3.703394e+01	-7.704792e+02
5.130000e-06	-5.836671e-06	-1.301811e-08	-3.732394e+01	-7.732375e+02
5.140000e-06	-5.881416e-06	-1.306151e-08	-3.761007e+01	-7.759272e+02
5.150000e-06	-5.925613e-06	-1.310403e-08	-3.789270e+01	-7.785516e+02
5.160000e-06	-5.969229e-06	-1.314303e-08	-3.817161e+01	-7.811141e+02
5.170000e-06	-6.012214e-06	-1.318103e-08	-3.844649e+01	-7.836183e+02
5.180000e-06	-6.054608e-06	-1.322035e-08	-3.871759e+01	-7.860668e+02
5.190000e-06	-6.096411e-06	-1.325977e-08	-3.898490e+01	-7.884615e+02
5.200000e-06	-6.137519e-06	-1.329849e-08	-3.924778e+01	-7.908028e+02
5.210000e-06	-6.177910e-06	-1.333353e-08	-3.950607e+01	-7.930901e+02
5.220000e-06	-6.217716e-06	-1.336943e-08	-3.976062e+01	-7.953214e+02
5.230000e-06	-6.256781e-06	-1.340660e-08	-4.001043e+01	-7.974943e+02
5.240000e-06	-6.294907e-06	-1.343983e-08	-4.025424e+01	-7.996061e+02
5.250000e-06	-6.332092e-06	-1.347140e-08	-4.049202e+01	-8.016544e+02
5.260000e-06	-6.368495e-06	-1.350092e-08	-4.072481e+01	-8.036376e+02
5.270000e-06	-6.404229e-06	-1.353100e-08	-4.095332e+01	-8.055552e+02
5.280000e-06	-6.439204e-06	-1.355851e-08	-4.117698e+01	-8.074083e+02
5.290000e-06	-6.473418e-06	-1.358468e-08	-4.139577e+01	-8.091994e+02
5.300000e-06	-6.506893e-06	-1.361070e-08	-4.160983e+01	-8.109320e+02
5.310000e-06	-6.539653e-06	-1.363993e-08	-4.181932e+01	-8.126106e+02
5.320000e-06	-6.571749e-06	-1.367135e-08	-4.202457e+01	-8.142398e+02
5.330000e-06	-6.603119e-06	-1.369805e-08	-4.222517e+01	-8.158240e+02
5.340000e-06	-6.633636e-06	-1.372271e-08	-4.242031e+01	-8.173666e+02
5.350000e-06	-6.663129e-06	-1.374711e-08	-4.260892e+01	-8.188698e+02
5.360000e-06	-6.691647e-06	-1.377086e-08	-4.279128e+01	-8.203339e+02
5.370000e-06	-6.719341e-06	-1.379118e-08	-4.296838e+01	-8.217581e+02
5.380000e-06	-6.746344e-06	-1.381012e-08	-4.314105e+01	-8.231398e+02
5.390000e-06	-6.772685e-06	-1.383132e-08	-4.330950e+01	-8.244756e+02
5.400000e-06	-6.798161e-06	-1.385420e-08	-4.347241e+01	-8.257618e+02
5.410000e-06	-6.822776e-06	-1.387761e-08	-4.362981e+01	-8.269947e+02
5.420000e-06	-6.846744e-06	-1.389958e-08	-4.378309e+01	-8.281718e+02
5.430000e-06	-6.870123e-06	-1.391789e-08	-4.393259e+01	-8.292915e+02
5.440000e-06	-6.892574e-06	-1.393548e-08	-4.407615e+01	-8.303543e+02
5.450000e-06	-6.913852e-06	-1.395370e-08	-4.421222e+01	-8.313620e+02
5.460000e-06	-6.934152e-06	-1.396916e-08	-4.434203e+01	-8.323181e+02
5.470000e-06	-6.953738e-06	-1.398357e-08	-4.446728e+01	-8.332269e+02
5.480000e-06	-6.972648e-06	-1.399747e-08	-4.458821e+01	-8.340931e+02
5.490000e-06	-6.990767e-06	-1.401253e-08	-4.470407e+01	-8.349214e+02
5.500000e-06	-7.008046e-06	-1.402932e-08	-4.481457e+01	-8.357154e+02
5.510000e-06	-7.024545e-06	-1.404599e-08	-4.492008e+01	-8.364771e+02
5.520000e-06	-7.040318e-06	-1.406225e-08	-4.502094e+01	-8.372070e+02
5.530000e-06	-7.055269e-06	-1.407688e-08	-4.511655e+01	-8.379035e+02
5.540000e-06	-7.069195e-06	-1.408714e-08	-4.520560e+01	-8.385635e+02
5.550000e-06	-7.081931e-06	-1.409640e-08	-4.528704e+01	-8.391827e+02
5.560000e-06	-7.093609e-06	-1.410482e-08	-4.536172e+01	-8.397565e+02
5.570000e-06	-7.104412e-06	-1.411305e-08	-4.543080e+01	-8.402804e+02
5.580000e-06	-7.114430e-06	-1.412324e-08	-4.549486e+01	-8.407509e+02
5.590000e-06	-7.123658e-06	-1.413334e-08	-4.555388e+01	-8.411662e+02
5.600000e-06	-7.132028e-06	-1.414436e-08	-4.560740e+01	-8.415266e+02
5.610000e-06	-7.139694e-06	-1.415248e-08	-4.565642e+01	-8.418346e+02
5.620000e-06	-7.146648e-06	-1.415927e-08	-4.570089e+01	-8.420943e+02
5.630000e-06	-7.152560e-06	-1.416407e-08	-4.573869e+01	-8.423117e+02
5.640000e-06	-7.157292e-06	-1.416686e-08	-4.576895e+01	-8.424933e+02
5.650000e-06	-7.161141e-06	-1.416927e-08	-4.579357e+01	-8.426452e+02
5.660000e-06	-7.164345e-06	-1.417300e-08	-4.581406e+01	-8.427727e+02
5.670000e-06	-7.166769e-06	-1.417822e-08	-4.582956e+01	-8.428794e+02
5.680000e-06	-7.168427e-06	-1.418207e-08	-4.584016e+01	-8.429661e+02
5.690000e-06	-7.169245e-06	-1.418502e-08	-4.584539e+01	-8.430314e+02
