# Temperatura_=_20.0
# Concentracion g/m^3_=_12000.0
# C_Vs_to_Am_M_A/Vsm_=_59384043850.047264
# pendiente_HvsI_1/m_=_3716.3
# ordenada_HvsI_A/m_=_1297.0
# frecuencia_Hz_=_175551.61362794173

Tiempo_(s)	Campo_(V.s)	Magnetizacion_(V.s)	Campo_(kA/m)	Magnetizacion_(A/m)
0.000000e+00	-7.195819e-06	-1.427694e-08	-4.584609e+01	-8.481410e+02
1.000000e-08	-7.195570e-06	-1.427774e-08	-4.584450e+01	-8.481193e+02
2.000000e-08	-7.194607e-06	-1.428026e-08	-4.583836e+01	-8.480512e+02
3.000000e-08	-7.192680e-06	-1.427839e-08	-4.582609e+01	-8.479358e+02
4.000000e-08	-7.189659e-06	-1.427262e-08	-4.580684e+01	-8.477729e+02
5.000000e-08	-7.185712e-06	-1.426627e-08	-4.578169e+01	-8.475636e+02
6.000000e-08	-7.181075e-06	-1.426093e-08	-4.575215e+01	-8.473099e+02
7.000000e-08	-7.175690e-06	-1.425333e-08	-4.571784e+01	-8.470151e+02
8.000000e-08	-7.169512e-06	-1.424280e-08	-4.567848e+01	-8.466829e+02
9.000000e-08	-7.162473e-06	-1.422766e-08	-4.563363e+01	-8.463176e+02
1.000000e-07	-7.154461e-06	-1.420515e-08	-4.558259e+01	-8.459236e+02
1.100000e-07	-7.145495e-06	-1.420117e-08	-4.552546e+01	-8.455047e+02
1.200000e-07	-7.135439e-06	-1.420706e-08	-4.546140e+01	-8.450641e+02
1.300000e-07	-7.124308e-06	-1.423191e-08	-4.539048e+01	-8.446037e+02
1.400000e-07	-7.112393e-06	-1.424897e-08	-4.531456e+01	-8.441241e+02
1.500000e-07	-7.099687e-06	-1.418141e-08	-4.523361e+01	-8.436245e+02
1.600000e-07	-7.086140e-06	-1.417486e-08	-4.514730e+01	-8.431025e+02
1.700000e-07	-7.071668e-06	-1.420375e-08	-4.505510e+01	-8.425544e+02
1.800000e-07	-7.055824e-06	-1.415479e-08	-4.495415e+01	-8.419753e+02
1.900000e-07	-7.038885e-06	-1.413235e-08	-4.484623e+01	-8.413598e+02
2.000000e-07	-7.021387e-06	-1.412335e-08	-4.473475e+01	-8.407021e+02
2.100000e-07	-7.003151e-06	-1.412090e-08	-4.461856e+01	-8.399962e+02
2.200000e-07	-6.984084e-06	-1.413616e-08	-4.449708e+01	-8.392369e+02
2.300000e-07	-6.964297e-06	-1.410141e-08	-4.437101e+01	-8.384195e+02
2.400000e-07	-6.943874e-06	-1.405514e-08	-4.424089e+01	-8.375404e+02
2.500000e-07	-6.922743e-06	-1.407137e-08	-4.410626e+01	-8.365971e+02
2.600000e-07	-6.900783e-06	-1.406186e-08	-4.396635e+01	-8.355882e+02
2.700000e-07	-6.878012e-06	-1.403625e-08	-4.382127e+01	-8.345134e+02
2.800000e-07	-6.854517e-06	-1.400470e-08	-4.367158e+01	-8.333734e+02
2.900000e-07	-6.830334e-06	-1.397460e-08	-4.351750e+01	-8.321696e+02
3.000000e-07	-6.805345e-06	-1.397789e-08	-4.335830e+01	-8.309038e+02
3.100000e-07	-6.779353e-06	-1.396113e-08	-4.319269e+01	-8.295786e+02
3.200000e-07	-6.752256e-06	-1.392418e-08	-4.302005e+01	-8.281961e+02
3.300000e-07	-6.724279e-06	-1.389547e-08	-4.284181e+01	-8.267590e+02
3.400000e-07	-6.695616e-06	-1.389394e-08	-4.265919e+01	-8.252693e+02
3.500000e-07	-6.666141e-06	-1.386273e-08	-4.247140e+01	-8.237291e+02
3.600000e-07	-6.635871e-06	-1.380987e-08	-4.227854e+01	-8.221400e+02
3.700000e-07	-6.604865e-06	-1.379008e-08	-4.208100e+01	-8.205037e+02
3.800000e-07	-6.573099e-06	-1.377362e-08	-4.187861e+01	-8.188210e+02
3.900000e-07	-6.540733e-06	-1.374419e-08	-4.167240e+01	-8.170929e+02
4.000000e-07	-6.507738e-06	-1.372007e-08	-4.146218e+01	-8.153199e+02
4.100000e-07	-6.473713e-06	-1.368577e-08	-4.124540e+01	-8.135021e+02
4.200000e-07	-6.438532e-06	-1.365749e-08	-4.102125e+01	-8.116395e+02
4.300000e-07	-6.402539e-06	-1.362320e-08	-4.079193e+01	-8.097314e+02
4.400000e-07	-6.365914e-06	-1.358616e-08	-4.055859e+01	-8.077772e+02
4.500000e-07	-6.328583e-06	-1.355466e-08	-4.032075e+01	-8.057754e+02
4.600000e-07	-6.290497e-06	-1.352682e-08	-4.007809e+01	-8.037246e+02
4.700000e-07	-6.251628e-06	-1.349623e-08	-3.983045e+01	-8.016228e+02
4.800000e-07	-6.212079e-06	-1.345658e-08	-3.957847e+01	-7.994679e+02
4.900000e-07	-6.171971e-06	-1.342045e-08	-3.932294e+01	-7.972576e+02
5.000000e-07	-6.131209e-06	-1.337855e-08	-3.906323e+01	-7.949897e+02
5.100000e-07	-6.089579e-06	-1.333625e-08	-3.879800e+01	-7.926620e+02
5.200000e-07	-6.046952e-06	-1.329374e-08	-3.852642e+01	-7.902726e+02
5.300000e-07	-6.003448e-06	-1.325813e-08	-3.824924e+01	-7.878200e+02
5.400000e-07	-5.959289e-06	-1.322205e-08	-3.796789e+01	-7.853030e+02
5.500000e-07	-5.914523e-06	-1.317799e-08	-3.768268e+01	-7.827211e+02
5.600000e-07	-5.869079e-06	-1.313140e-08	-3.739314e+01	-7.800739e+02
5.700000e-07	-5.822899e-06	-1.308653e-08	-3.709892e+01	-7.773617e+02
5.800000e-07	-5.776024e-06	-1.303726e-08	-3.680027e+01	-7.745848e+02
5.900000e-07	-5.728506e-06	-1.298147e-08	-3.649752e+01	-7.717436e+02
6.000000e-07	-5.680374e-06	-1.292945e-08	-3.619087e+01	-7.688388e+02
6.100000e-07	-5.631562e-06	-1.288719e-08	-3.587988e+01	-7.658706e+02
6.200000e-07	-5.581818e-06	-1.284334e-08	-3.556295e+01	-7.628389e+02
6.300000e-07	-5.530977e-06	-1.279163e-08	-3.523903e+01	-7.597434e+02
6.400000e-07	-5.479238e-06	-1.273517e-08	-3.490939e+01	-7.565833e+02
6.500000e-07	-5.426803e-06	-1.268156e-08	-3.457531e+01	-7.533575e+02
6.600000e-07	-5.373693e-06	-1.262559e-08	-3.423694e+01	-7.500646e+02
6.700000e-07	-5.319914e-06	-1.256053e-08	-3.389430e+01	-7.467029e+02
6.800000e-07	-5.265534e-06	-1.249664e-08	-3.354783e+01	-7.432706e+02
6.900000e-07	-5.210586e-06	-1.244210e-08	-3.319774e+01	-7.397662e+02
7.000000e-07	-5.155051e-06	-1.238776e-08	-3.284392e+01	-7.361881e+02
7.100000e-07	-5.098921e-06	-1.232549e-08	-3.248631e+01	-7.325351e+02
7.200000e-07	-5.042224e-06	-1.226116e-08	-3.212508e+01	-7.288060e+02
7.300000e-07	-4.984865e-06	-1.219952e-08	-3.175963e+01	-7.250001e+02
7.400000e-07	-4.926649e-06	-1.213780e-08	-3.138872e+01	-7.211169e+02
7.500000e-07	-4.867688e-06	-1.206619e-08	-3.101307e+01	-7.171558e+02
7.600000e-07	-4.808112e-06	-1.199301e-08	-3.063350e+01	-7.131164e+02
7.700000e-07	-4.747971e-06	-1.192500e-08	-3.025033e+01	-7.089980e+02
7.800000e-07	-4.687332e-06	-1.185458e-08	-2.986398e+01	-7.047997e+02
7.900000e-07	-4.626193e-06	-1.177755e-08	-2.947445e+01	-7.005203e+02
8.000000e-07	-4.564650e-06	-1.170201e-08	-2.908235e+01	-6.961582e+02
8.100000e-07	-4.502582e-06	-1.163306e-08	-2.868690e+01	-6.917117e+02
8.200000e-07	-4.439928e-06	-1.156405e-08	-2.828772e+01	-6.871786e+02
8.300000e-07	-4.376806e-06	-1.148690e-08	-2.788556e+01	-6.825565e+02
8.400000e-07	-4.313249e-06	-1.140445e-08	-2.748063e+01	-6.778432e+02
8.500000e-07	-4.249250e-06	-1.132337e-08	-2.707287e+01	-6.730362e+02
8.600000e-07	-4.184636e-06	-1.124077e-08	-2.666120e+01	-6.681335e+02
8.700000e-07	-4.119417e-06	-1.115060e-08	-2.624568e+01	-6.631331e+02
8.800000e-07	-4.053751e-06	-1.105938e-08	-2.582731e+01	-6.580331e+02
8.900000e-07	-3.987613e-06	-1.097573e-08	-2.540593e+01	-6.528322e+02
9.000000e-07	-3.920929e-06	-1.089502e-08	-2.498107e+01	-6.475286e+02
9.100000e-07	-3.853753e-06	-1.080711e-08	-2.455307e+01	-6.421208e+02
9.200000e-07	-3.786127e-06	-1.071408e-08	-2.412222e+01	-6.366068e+02
9.300000e-07	-3.718087e-06	-1.062337e-08	-2.368872e+01	-6.309845e+02
9.400000e-07	-3.649629e-06	-1.053001e-08	-2.325256e+01	-6.252507e+02
9.500000e-07	-3.580734e-06	-1.042721e-08	-2.281362e+01	-6.194021e+02
9.600000e-07	-3.511508e-06	-1.032096e-08	-2.237256e+01	-6.134344e+02
9.700000e-07	-3.441942e-06	-1.022039e-08	-2.192934e+01	-6.073425e+02
9.800000e-07	-3.371968e-06	-1.012322e-08	-2.148352e+01	-6.011210e+02
9.900000e-07	-3.301563e-06	-1.001808e-08	-2.103496e+01	-5.947643e+02
1.000000e-06	-3.230761e-06	-9.908115e-09	-2.058386e+01	-5.882664e+02
1.010000e-06	-3.159642e-06	-9.801769e-09	-2.013075e+01	-5.816217e+02
1.020000e-06	-3.088125e-06	-9.694957e-09	-1.967510e+01	-5.748251e+02
1.030000e-06	-3.016228e-06	-9.580591e-09	-1.921703e+01	-5.678722e+02
1.040000e-06	-2.944075e-06	-9.459322e-09	-1.875732e+01	-5.607592e+02
1.050000e-06	-2.871546e-06	-9.338159e-09	-1.829523e+01	-5.534834e+02
1.060000e-06	-2.798553e-06	-9.216563e-09	-1.783017e+01	-5.460428e+02
1.070000e-06	-2.725117e-06	-9.090648e-09	-1.736230e+01	-5.384359e+02
1.080000e-06	-2.651309e-06	-8.958595e-09	-1.689205e+01	-5.306618e+02
1.090000e-06	-2.577142e-06	-8.826393e-09	-1.641952e+01	-5.227192e+02
1.100000e-06	-2.502491e-06	-8.696900e-09	-1.594390e+01	-5.146065e+02
1.110000e-06	-2.427468e-06	-8.561407e-09	-1.546592e+01	-5.063213e+02
1.120000e-06	-2.352184e-06	-8.417683e-09	-1.498626e+01	-4.978600e+02
1.130000e-06	-2.276565e-06	-8.270577e-09	-1.450448e+01	-4.892177e+02
1.140000e-06	-2.200645e-06	-8.121765e-09	-1.402078e+01	-4.803878e+02
1.150000e-06	-2.124461e-06	-7.968632e-09	-1.353539e+01	-4.713624e+02
1.160000e-06	-2.047968e-06	-7.810591e-09	-1.304804e+01	-4.621326e+02
1.170000e-06	-1.971216e-06	-7.653910e-09	-1.255904e+01	-4.526881e+02
1.180000e-06	-1.894233e-06	-7.498459e-09	-1.206856e+01	-4.430184e+02
1.190000e-06	-1.816994e-06	-7.337350e-09	-1.157645e+01	-4.331128e+02
1.200000e-06	-1.739547e-06	-7.165811e-09	-1.108302e+01	-4.229611e+02
1.210000e-06	-1.661927e-06	-6.985120e-09	-1.058849e+01	-4.125534e+02
1.220000e-06	-1.584074e-06	-6.802151e-09	-1.009247e+01	-4.018812e+02
1.230000e-06	-1.505967e-06	-6.618229e-09	-9.594836e+00	-3.909365e+02
1.240000e-06	-1.427668e-06	-6.429501e-09	-9.095974e+00	-3.797124e+02
1.250000e-06	-1.349176e-06	-6.234979e-09	-8.595885e+00	-3.682020e+02
1.260000e-06	-1.270570e-06	-6.036040e-09	-8.095072e+00	-3.563986e+02
1.270000e-06	-1.191721e-06	-5.833467e-09	-7.592709e+00	-3.442944e+02
1.280000e-06	-1.112543e-06	-5.623301e-09	-7.088250e+00	-3.318801e+02
1.290000e-06	-1.033260e-06	-5.402062e-09	-6.583119e+00	-3.191438e+02
1.300000e-06	-9.538672e-07	-5.173590e-09	-6.077290e+00	-3.060708e+02
1.310000e-06	-8.743446e-07	-4.944004e-09	-5.570635e+00	-2.926432e+02
1.320000e-06	-7.947180e-07	-4.712751e-09	-5.063317e+00	-2.788394e+02
1.330000e-06	-7.149346e-07	-4.474550e-09	-4.555000e+00	-2.646346e+02
1.340000e-06	-6.350845e-07	-4.228954e-09	-4.046258e+00	-2.500016e+02
1.350000e-06	-5.552242e-07	-3.976379e-09	-3.537451e+00	-2.349117e+02
1.360000e-06	-4.752660e-07	-3.712848e-09	-3.028020e+00	-2.193362e+02
1.370000e-06	-3.951579e-07	-3.432914e-09	-2.517635e+00	-2.032482e+02
1.380000e-06	-3.149773e-07	-3.140595e-09	-2.006787e+00	-1.866245e+02
1.390000e-06	-2.348693e-07	-2.848397e-09	-1.496402e+00	-1.694478e+02
1.400000e-06	-1.547711e-07	-2.553167e-09	-9.860796e-01	-1.517085e+02
1.410000e-06	-7.463678e-08	-2.248154e-09	-4.755268e-01	-1.334063e+02
1.420000e-06	5.514017e-09	-1.932205e-09	3.513097e-02	-1.145522e+02
1.430000e-06	8.572205e-08	-1.610692e-09	5.461533e-01	-9.516871e+01
1.440000e-06	1.659728e-07	-1.280383e-09	1.057448e+00	-7.529081e+01
1.450000e-06	2.461873e-07	-9.322525e-10	1.568512e+00	-5.496541e+01
1.460000e-06	3.262929e-07	-5.724106e-10	2.078881e+00	-3.425063e+01
1.470000e-06	4.063815e-07	-2.142979e-10	2.589143e+00	-1.321434e+01
1.480000e-06	4.864100e-07	1.415795e-10	3.099021e+00	8.067726e+00
1.490000e-06	5.663508e-07	5.026663e-10	3.608341e+00	2.951426e+01
1.500000e-06	6.462577e-07	8.659968e-10	4.117445e+00	5.104088e+01
1.510000e-06	7.260963e-07	1.223685e-09	4.626114e+00	7.256275e+01
1.520000e-06	8.058510e-07	1.575117e-09	5.134247e+00	9.399710e+01
1.530000e-06	8.854871e-07	1.934684e-09	5.641626e+00	1.152655e+02
1.540000e-06	9.648628e-07	2.296786e-09	6.147346e+00	1.362958e+02
1.550000e-06	1.044011e-06	2.646692e-09	6.651614e+00	1.570238e+02
1.560000e-06	1.123113e-06	2.985486e-09	7.155591e+00	1.773937e+02
1.570000e-06	1.202064e-06	3.320389e-09	7.658608e+00	1.973596e+02
1.580000e-06	1.280781e-06	3.648299e-09	8.160129e+00	2.168844e+02
1.590000e-06	1.359320e-06	3.964868e-09	8.660514e+00	2.359403e+02
1.600000e-06	1.437699e-06	4.270016e-09	9.159887e+00	2.545072e+02
1.610000e-06	1.515927e-06	4.573990e-09	9.658295e+00	2.725728e+02
1.620000e-06	1.593947e-06	4.874822e-09	1.015537e+01	2.901302e+02
1.630000e-06	1.671705e-06	5.160055e-09	1.065079e+01	3.071777e+02
1.640000e-06	1.749187e-06	5.432935e-09	1.114444e+01	3.237175e+02
1.650000e-06	1.826450e-06	5.699266e-09	1.163670e+01	3.397544e+02
1.660000e-06	1.903549e-06	5.960773e-09	1.212791e+01	3.552954e+02
1.670000e-06	1.980396e-06	6.210353e-09	1.261752e+01	3.703488e+02
1.680000e-06	2.056908e-06	6.449956e-09	1.310500e+01	3.849242e+02
1.690000e-06	2.133136e-06	6.688616e-09	1.359066e+01	3.990318e+02
1.700000e-06	2.209045e-06	6.925672e-09	1.407429e+01	4.126826e+02
1.710000e-06	2.284624e-06	7.148779e-09	1.455582e+01	4.258883e+02
1.720000e-06	2.359960e-06	7.359059e-09	1.503580e+01	4.386612e+02
1.730000e-06	2.435004e-06	7.565375e-09	1.551392e+01	4.510142e+02
1.740000e-06	2.509696e-06	7.768908e-09	1.598981e+01	4.629608e+02
1.750000e-06	2.584054e-06	7.963180e-09	1.646356e+01	4.745149e+02
1.760000e-06	2.658052e-06	8.146642e-09	1.693501e+01	4.856905e+02
1.770000e-06	2.731700e-06	8.329174e-09	1.740424e+01	4.965017e+02
1.780000e-06	2.804954e-06	8.511227e-09	1.787096e+01	5.069623e+02
1.790000e-06	2.877692e-06	8.684395e-09	1.833438e+01	5.170855e+02
1.800000e-06	2.949927e-06	8.845592e-09	1.879461e+01	5.268837e+02
1.810000e-06	3.021812e-06	9.001333e-09	1.925261e+01	5.363687e+02
1.820000e-06	3.093437e-06	9.157301e-09	1.970894e+01	5.455511e+02
1.830000e-06	3.164775e-06	9.307054e-09	2.016345e+01	5.544410e+02
1.840000e-06	3.235810e-06	9.447548e-09	2.061603e+01	5.630476e+02
1.850000e-06	3.306496e-06	9.585658e-09	2.106639e+01	5.713798e+02
1.860000e-06	3.376795e-06	9.725183e-09	2.151427e+01	5.794462e+02
1.870000e-06	3.446625e-06	9.860363e-09	2.195918e+01	5.872557e+02
1.880000e-06	3.515993e-06	9.987576e-09	2.240114e+01	5.948172e+02
1.890000e-06	3.585043e-06	1.011187e-08	2.284107e+01	6.021403e+02
1.900000e-06	3.653737e-06	1.023491e-08	2.327873e+01	6.092350e+02
1.910000e-06	3.721974e-06	1.035080e-08	2.371348e+01	6.161117e+02
1.920000e-06	3.789785e-06	1.045940e-08	2.414552e+01	6.227812e+02
1.930000e-06	3.857213e-06	1.056705e-08	2.457512e+01	6.292543e+02
1.940000e-06	3.924219e-06	1.067614e-08	2.500203e+01	6.355416e+02
1.950000e-06	3.990622e-06	1.078346e-08	2.542510e+01	6.416534e+02
1.960000e-06	4.056380e-06	1.088690e-08	2.584406e+01	6.475987e+02
1.970000e-06	4.121504e-06	1.098575e-08	2.625898e+01	6.533860e+02
1.980000e-06	4.186062e-06	1.108119e-08	2.667029e+01	6.590223e+02
1.990000e-06	4.250235e-06	1.117487e-08	2.707915e+01	6.645136e+02
2.000000e-06	4.313994e-06	1.126186e-08	2.748537e+01	6.698645e+02
2.010000e-06	4.377252e-06	1.134443e-08	2.788840e+01	6.750791e+02
2.020000e-06	4.440012e-06	1.142961e-08	2.828826e+01	6.801605e+02
2.030000e-06	4.502328e-06	1.151599e-08	2.868529e+01	6.851117e+02
2.040000e-06	4.564159e-06	1.160002e-08	2.907922e+01	6.899356e+02
2.050000e-06	4.625487e-06	1.167909e-08	2.946996e+01	6.946353e+02
2.060000e-06	4.686316e-06	1.175597e-08	2.985751e+01	6.992146e+02
2.070000e-06	4.746586e-06	1.183252e-08	3.024150e+01	7.036776e+02
2.080000e-06	4.806309e-06	1.190484e-08	3.062201e+01	7.080292e+02
2.090000e-06	4.865504e-06	1.197258e-08	3.099916e+01	7.122749e+02
2.100000e-06	4.924074e-06	1.204110e-08	3.137232e+01	7.164203e+02
2.110000e-06	4.981903e-06	1.211271e-08	3.174076e+01	7.204711e+02
2.120000e-06	5.038909e-06	1.218314e-08	3.210396e+01	7.244327e+02
2.130000e-06	5.095204e-06	1.224910e-08	3.246262e+01	7.283099e+02
2.140000e-06	5.151010e-06	1.231182e-08	3.281818e+01	7.321066e+02
2.150000e-06	5.206358e-06	1.237481e-08	3.317081e+01	7.358259e+02
2.160000e-06	5.261087e-06	1.243505e-08	3.351950e+01	7.394698e+02
2.170000e-06	5.315200e-06	1.249041e-08	3.386427e+01	7.430392e+02
2.180000e-06	5.368722e-06	1.254610e-08	3.420526e+01	7.465342e+02
2.190000e-06	5.421595e-06	1.260713e-08	3.454213e+01	7.499543e+02
2.200000e-06	5.473789e-06	1.266932e-08	3.487467e+01	7.532989e+02
2.210000e-06	5.525175e-06	1.272480e-08	3.520206e+01	7.565670e+02
2.220000e-06	5.575695e-06	1.277837e-08	3.552394e+01	7.597585e+02
2.230000e-06	5.625243e-06	1.283318e-08	3.583961e+01	7.628733e+02
2.240000e-06	5.673895e-06	1.288390e-08	3.614958e+01	7.659124e+02
2.250000e-06	5.721841e-06	1.293018e-08	3.645506e+01	7.688774e+02
2.260000e-06	5.769116e-06	1.297624e-08	3.675626e+01	7.717705e+02
2.270000e-06	5.815818e-06	1.302329e-08	3.705381e+01	7.745947e+02
2.280000e-06	5.861890e-06	1.307218e-08	3.734734e+01	7.773531e+02
2.290000e-06	5.907282e-06	1.312296e-08	3.763655e+01	7.800488e+02
2.300000e-06	5.952045e-06	1.317172e-08	3.792174e+01	7.826850e+02
2.310000e-06	5.996212e-06	1.321882e-08	3.820313e+01	7.852640e+02
2.320000e-06	6.039859e-06	1.326405e-08	3.848122e+01	7.877880e+02
2.330000e-06	6.082758e-06	1.330570e-08	3.875454e+01	7.902579e+02
2.340000e-06	6.124649e-06	1.334173e-08	3.902144e+01	7.926743e+02
2.350000e-06	6.165571e-06	1.337522e-08	3.928216e+01	7.950371e+02
2.360000e-06	6.205756e-06	1.341454e-08	3.953818e+01	7.973456e+02
2.370000e-06	6.245225e-06	1.345816e-08	3.978965e+01	7.995989e+02
2.380000e-06	6.283901e-06	1.349922e-08	4.003606e+01	8.017963e+02
2.390000e-06	6.321931e-06	1.353775e-08	4.027836e+01	8.039371e+02
2.400000e-06	6.359339e-06	1.357496e-08	4.051670e+01	8.060208e+02
2.410000e-06	6.396038e-06	1.360937e-08	4.075051e+01	8.080479e+02
2.420000e-06	6.432115e-06	1.364034e-08	4.098036e+01	8.100189e+02
2.430000e-06	6.467502e-06	1.366990e-08	4.120583e+01	8.119351e+02
2.440000e-06	6.501877e-06	1.370179e-08	4.142484e+01	8.137979e+02
2.450000e-06	6.535245e-06	1.373502e-08	4.163743e+01	8.156092e+02
2.460000e-06	6.567734e-06	1.376736e-08	4.184442e+01	8.173705e+02
2.470000e-06	6.599526e-06	1.379826e-08	4.204698e+01	8.190835e+02
2.480000e-06	6.630738e-06	1.382735e-08	4.224584e+01	8.207491e+02
2.490000e-06	6.661189e-06	1.385455e-08	4.243985e+01	8.223680e+02
2.500000e-06	6.690804e-06	1.388076e-08	4.262853e+01	8.239405e+02
2.510000e-06	6.719675e-06	1.390619e-08	4.281248e+01	8.254660e+02
2.520000e-06	6.747946e-06	1.393130e-08	4.299259e+01	8.269439e+02
2.530000e-06	6.775589e-06	1.395627e-08	4.316871e+01	8.283733e+02
2.540000e-06	6.802264e-06	1.397878e-08	4.333867e+01	8.297529e+02
2.550000e-06	6.827758e-06	1.400207e-08	4.350110e+01	8.310819e+02
2.560000e-06	6.852281e-06	1.402483e-08	4.365733e+01	8.323596e+02
2.570000e-06	6.876085e-06	1.404424e-08	4.380900e+01	8.335854e+02
2.580000e-06	6.899137e-06	1.406399e-08	4.395586e+01	8.347595e+02
2.590000e-06	6.921432e-06	1.408445e-08	4.409791e+01	8.358822e+02
2.600000e-06	6.942991e-06	1.410612e-08	4.423526e+01	8.369542e+02
2.610000e-06	6.963773e-06	1.412657e-08	4.436767e+01	8.379764e+02
2.620000e-06	6.983892e-06	1.414291e-08	4.449586e+01	8.389497e+02
2.630000e-06	7.003385e-06	1.415730e-08	4.462005e+01	8.398751e+02
2.640000e-06	7.022010e-06	1.416955e-08	4.473872e+01	8.407533e+02
2.650000e-06	7.039652e-06	1.418264e-08	4.485112e+01	8.415849e+02
2.660000e-06	7.056540e-06	1.419634e-08	4.495871e+01	8.423703e+02
2.670000e-06	7.072547e-06	1.420748e-08	4.506070e+01	8.431094e+02
2.680000e-06	7.087451e-06	1.421929e-08	4.515565e+01	8.438024e+02
2.690000e-06	7.101448e-06	1.423136e-08	4.524483e+01	8.444493e+02
2.700000e-06	7.114583e-06	1.424382e-08	4.532851e+01	8.450504e+02
2.710000e-06	7.126850e-06	1.425384e-08	4.540667e+01	8.456060e+02
2.720000e-06	7.138232e-06	1.426156e-08	4.547919e+01	8.461170e+02
2.730000e-06	7.148463e-06	1.426929e-08	4.554437e+01	8.465846e+02
2.740000e-06	7.157578e-06	1.427832e-08	4.560245e+01	8.470103e+02
2.750000e-06	7.165828e-06	1.428381e-08	4.565501e+01	8.473959e+02
2.760000e-06	7.173262e-06	1.428438e-08	4.570237e+01	8.477432e+02
2.770000e-06	7.179896e-06	1.428668e-08	4.574464e+01	8.480539e+02
2.780000e-06	7.185709e-06	1.429186e-08	4.578167e+01	8.483293e+02
2.790000e-06	7.190751e-06	1.430014e-08	4.581380e+01	8.485703e+02
2.800000e-06	7.195116e-06	1.430436e-08	4.584161e+01	8.487771e+02
2.810000e-06	7.198684e-06	1.430542e-08	4.586434e+01	8.489489e+02
2.820000e-06	7.201206e-06	1.430551e-08	4.588041e+01	8.490846e+02
2.830000e-06	7.202610e-06	1.430337e-08	4.588936e+01	8.491823e+02
2.840000e-06	7.203119e-06	1.429959e-08	4.589260e+01	8.492397e+02
2.850000e-06	7.202904e-06	1.429482e-08	4.589123e+01	8.492543e+02
2.860000e-06	7.201926e-06	1.429489e-08	4.588499e+01	8.492240e+02
2.870000e-06	7.200152e-06	1.430064e-08	4.587369e+01	8.491471e+02
2.880000e-06	7.197557e-06	1.430265e-08	4.585716e+01	8.490228e+02
2.890000e-06	7.194260e-06	1.429927e-08	4.583616e+01	8.488511e+02
2.900000e-06	7.190381e-06	1.429444e-08	4.581144e+01	8.486333e+02
2.910000e-06	7.185834e-06	1.428824e-08	4.578247e+01	8.483717e+02
2.920000e-06	7.180326e-06	1.428135e-08	4.574738e+01	8.480696e+02
2.930000e-06	7.173718e-06	1.427044e-08	4.570528e+01	8.477309e+02
2.940000e-06	7.166191e-06	1.429500e-08	4.565732e+01	8.473599e+02
2.950000e-06	7.157650e-06	1.430966e-08	4.560291e+01	8.469609e+02
2.960000e-06	7.147931e-06	1.428693e-08	4.554098e+01	8.465378e+02
2.970000e-06	7.137224e-06	1.422171e-08	4.547276e+01	8.460934e+02
2.980000e-06	7.125987e-06	1.417452e-08	4.540117e+01	8.456294e+02
2.990000e-06	7.114273e-06	1.425137e-08	4.532654e+01	8.451462e+02
3.000000e-06	7.101427e-06	1.424475e-08	4.524469e+01	8.446427e+02
3.010000e-06	7.087389e-06	1.420396e-08	4.515526e+01	8.441161e+02
3.020000e-06	7.072548e-06	1.427127e-08	4.506071e+01	8.435625e+02
3.030000e-06	7.056724e-06	1.428278e-08	4.495989e+01	8.429771e+02
3.040000e-06	7.040001e-06	1.426130e-08	4.485334e+01	8.423542e+02
3.050000e-06	7.022634e-06	1.424871e-08	4.474269e+01	8.416878e+02
3.060000e-06	7.004465e-06	1.418849e-08	4.462693e+01	8.409724e+02
3.070000e-06	6.985481e-06	1.417317e-08	4.450598e+01	8.402025e+02
3.080000e-06	6.965834e-06	1.419355e-08	4.438080e+01	8.393738e+02
3.090000e-06	6.945608e-06	1.413540e-08	4.425194e+01	8.384829e+02
3.100000e-06	6.924645e-06	1.412475e-08	4.411838e+01	8.375274e+02
3.110000e-06	6.902446e-06	1.412595e-08	4.397695e+01	8.365061e+02
3.120000e-06	6.879090e-06	1.411203e-08	4.382814e+01	8.354191e+02
3.130000e-06	6.855085e-06	1.411009e-08	4.367520e+01	8.342670e+02
3.140000e-06	6.830310e-06	1.405503e-08	4.351735e+01	8.330514e+02
3.150000e-06	6.804611e-06	1.404573e-08	4.335362e+01	8.317743e+02
3.160000e-06	6.778042e-06	1.402357e-08	4.318434e+01	8.304382e+02
3.170000e-06	6.750734e-06	1.396111e-08	4.301036e+01	8.290453e+02
3.180000e-06	6.722863e-06	1.393299e-08	4.283278e+01	8.275981e+02
3.190000e-06	6.694071e-06	1.391511e-08	4.264935e+01	8.260988e+02
3.200000e-06	6.664099e-06	1.392485e-08	4.245839e+01	8.245494e+02
3.210000e-06	6.633175e-06	1.388558e-08	4.226137e+01	8.229514e+02
3.220000e-06	6.601509e-06	1.383588e-08	4.205961e+01	8.213063e+02
3.230000e-06	6.569143e-06	1.383957e-08	4.185340e+01	8.196151e+02
3.240000e-06	6.535974e-06	1.379979e-08	4.164208e+01	8.178786e+02
3.250000e-06	6.502091e-06	1.376603e-08	4.142620e+01	8.160972e+02
3.260000e-06	6.467554e-06	1.371747e-08	4.120616e+01	8.142710e+02
3.270000e-06	6.432291e-06	1.369576e-08	4.098149e+01	8.123999e+02
3.280000e-06	6.396410e-06	1.368447e-08	4.075288e+01	8.104833e+02
3.290000e-06	6.359808e-06	1.362989e-08	4.051969e+01	8.085203e+02
3.300000e-06	6.322192e-06	1.360413e-08	4.028003e+01	8.065095e+02
3.310000e-06	6.283486e-06	1.356978e-08	4.003342e+01	8.044493e+02
3.320000e-06	6.243987e-06	1.354306e-08	3.978176e+01	8.023377e+02
3.330000e-06	6.203955e-06	1.349199e-08	3.952671e+01	8.001726e+02
3.340000e-06	6.163275e-06	1.344288e-08	3.926753e+01	7.979517e+02
3.350000e-06	6.121813e-06	1.342587e-08	3.900337e+01	7.956728e+02
3.360000e-06	6.079605e-06	1.338828e-08	3.873445e+01	7.933336e+02
3.370000e-06	6.036750e-06	1.334500e-08	3.846141e+01	7.909325e+02
3.380000e-06	5.993311e-06	1.329071e-08	3.818466e+01	7.884679e+02
3.390000e-06	5.949384e-06	1.325623e-08	3.790479e+01	7.859388e+02
3.400000e-06	5.904799e-06	1.321682e-08	3.762072e+01	7.833447e+02
3.410000e-06	5.859402e-06	1.315974e-08	3.733149e+01	7.806853e+02
3.420000e-06	5.813300e-06	1.311156e-08	3.703777e+01	7.779609e+02
3.430000e-06	5.766543e-06	1.307050e-08	3.673987e+01	7.751720e+02
3.440000e-06	5.719053e-06	1.303459e-08	3.643730e+01	7.723189e+02
3.450000e-06	5.670806e-06	1.297445e-08	3.612991e+01	7.694022e+02
3.460000e-06	5.621820e-06	1.291636e-08	3.581781e+01	7.664221e+02
3.470000e-06	5.572085e-06	1.286902e-08	3.550094e+01	7.633785e+02
3.480000e-06	5.521644e-06	1.282214e-08	3.517956e+01	7.602709e+02
3.490000e-06	5.470523e-06	1.276286e-08	3.485386e+01	7.570987e+02
3.500000e-06	5.418721e-06	1.270241e-08	3.452382e+01	7.538604e+02
3.510000e-06	5.366091e-06	1.265837e-08	3.418850e+01	7.505548e+02
3.520000e-06	5.312513e-06	1.260562e-08	3.384715e+01	7.471800e+02
3.530000e-06	5.258025e-06	1.253938e-08	3.349999e+01	7.437343e+02
3.540000e-06	5.202781e-06	1.246984e-08	3.314802e+01	7.402163e+02
3.550000e-06	5.146976e-06	1.241672e-08	3.279248e+01	7.366242e+02
3.560000e-06	5.090584e-06	1.235962e-08	3.243319e+01	7.329570e+02
3.570000e-06	5.033665e-06	1.228834e-08	3.207054e+01	7.292136e+02
3.580000e-06	4.976245e-06	1.221521e-08	3.170471e+01	7.253933e+02
3.590000e-06	4.918170e-06	1.215542e-08	3.133471e+01	7.214955e+02
3.600000e-06	4.859453e-06	1.209858e-08	3.096060e+01	7.175198e+02
3.610000e-06	4.800208e-06	1.202423e-08	3.058314e+01	7.134657e+02
3.620000e-06	4.740602e-06	1.194775e-08	3.020338e+01	7.093323e+02
3.630000e-06	4.680517e-06	1.187944e-08	2.982056e+01	7.051189e+02
3.640000e-06	4.619725e-06	1.181521e-08	2.943325e+01	7.008242e+02
3.650000e-06	4.558164e-06	1.173740e-08	2.904103e+01	6.964465e+02
3.660000e-06	4.495879e-06	1.165211e-08	2.864420e+01	6.919839e+02
3.670000e-06	4.432994e-06	1.157641e-08	2.824354e+01	6.874343e+02
3.680000e-06	4.369645e-06	1.150340e-08	2.783994e+01	6.827953e+02
3.690000e-06	4.305830e-06	1.141847e-08	2.743336e+01	6.780646e+02
3.700000e-06	4.241467e-06	1.133059e-08	2.702328e+01	6.732399e+02
3.710000e-06	4.176634e-06	1.125069e-08	2.661022e+01	6.683190e+02
3.720000e-06	4.111356e-06	1.117375e-08	2.619432e+01	6.633001e+02
3.730000e-06	4.045637e-06	1.108784e-08	2.577561e+01	6.581813e+02
3.740000e-06	3.979482e-06	1.099290e-08	2.535412e+01	6.529613e+02
3.750000e-06	3.912865e-06	1.090469e-08	2.492969e+01	6.476383e+02
3.760000e-06	3.845817e-06	1.081792e-08	2.450251e+01	6.422107e+02
3.770000e-06	3.778456e-06	1.072082e-08	2.407335e+01	6.366767e+02
3.780000e-06	3.710750e-06	1.061850e-08	2.364198e+01	6.310337e+02
3.790000e-06	3.642567e-06	1.052397e-08	2.320756e+01	6.252788e+02
3.800000e-06	3.573860e-06	1.043280e-08	2.276982e+01	6.194082e+02
3.810000e-06	3.504621e-06	1.033198e-08	2.232868e+01	6.134175e+02
3.820000e-06	3.434921e-06	1.022170e-08	2.188461e+01	6.073018e+02
3.830000e-06	3.364752e-06	1.011634e-08	2.143755e+01	6.010555e+02
3.840000e-06	3.294088e-06	1.001503e-08	2.098733e+01	5.946727e+02
3.850000e-06	3.222974e-06	9.903686e-09	2.053425e+01	5.881477e+02
3.860000e-06	3.151427e-06	9.784810e-09	2.007841e+01	5.814750e+02
3.870000e-06	3.079509e-06	9.667541e-09	1.962020e+01	5.746494e+02
3.880000e-06	3.007294e-06	9.552500e-09	1.916011e+01	5.676667e+02
3.890000e-06	2.934755e-06	9.430039e-09	1.869794e+01	5.605234e+02
3.900000e-06	2.861904e-06	9.302739e-09	1.823380e+01	5.532168e+02
3.910000e-06	2.788766e-06	9.179702e-09	1.776782e+01	5.457452e+02
3.920000e-06	2.715310e-06	9.058095e-09	1.729982e+01	5.381071e+02
3.930000e-06	2.641506e-06	8.926346e-09	1.682959e+01	5.303015e+02
3.940000e-06	2.567332e-06	8.784151e-09	1.635701e+01	5.223272e+02
3.950000e-06	2.492875e-06	8.641932e-09	1.588263e+01	5.141824e+02
3.960000e-06	2.418110e-06	8.501706e-09	1.540629e+01	5.058645e+02
3.970000e-06	2.343113e-06	8.358274e-09	1.492847e+01	4.973697e+02
3.980000e-06	2.267904e-06	8.211582e-09	1.444929e+01	4.886927e+02
3.990000e-06	2.192317e-06	8.065624e-09	1.396771e+01	4.798268e+02
4.000000e-06	2.116401e-06	7.918589e-09	1.348404e+01	4.707639e+02
4.010000e-06	2.040210e-06	7.763789e-09	1.299861e+01	4.614946e+02
4.020000e-06	1.963714e-06	7.599506e-09	1.251124e+01	4.520087e+02
4.030000e-06	1.886892e-06	7.433117e-09	1.202179e+01	4.422956e+02
4.040000e-06	1.809750e-06	7.265589e-09	1.153030e+01	4.323447e+02
4.050000e-06	1.732301e-06	7.091978e-09	1.103686e+01	4.221457e+02
4.060000e-06	1.654556e-06	6.912643e-09	1.054152e+01	4.116891e+02
4.070000e-06	1.576535e-06	6.732648e-09	1.004444e+01	4.009664e+02
4.080000e-06	1.498320e-06	6.551236e-09	9.546113e+00	3.899698e+02
4.090000e-06	1.419927e-06	6.365015e-09	9.046655e+00	3.786926e+02
4.100000e-06	1.341438e-06	6.172976e-09	8.546584e+00	3.671278e+02
4.110000e-06	1.262862e-06	5.977321e-09	8.045964e+00	3.552687e+02
4.120000e-06	1.184099e-06	5.775096e-09	7.544143e+00	3.431071e+02
4.130000e-06	1.105164e-06	5.563297e-09	7.041237e+00	3.306333e+02
4.140000e-06	1.026124e-06	5.344162e-09	6.537656e+00	3.178352e+02
4.150000e-06	9.469601e-07	5.122295e-09	6.033284e+00	3.046973e+02
4.160000e-06	8.676355e-07	4.899557e-09	5.527890e+00	2.912009e+02
4.170000e-06	7.882136e-07	4.667577e-09	5.021876e+00	2.773238e+02
4.180000e-06	7.087536e-07	4.427724e-09	4.515619e+00	2.630409e+02
4.190000e-06	6.291773e-07	4.181912e-09	4.008622e+00	2.483244e+02
4.200000e-06	5.495317e-07	3.927997e-09	3.501183e+00	2.331457e+02
4.210000e-06	4.698570e-07	3.662768e-09	2.993559e+00	2.174760e+02
4.220000e-06	3.900597e-07	3.386213e-09	2.485153e+00	2.012893e+02
4.230000e-06	3.102350e-07	3.104547e-09	1.976573e+00	1.845631e+02
4.240000e-06	2.303996e-07	2.817153e-09	1.467925e+00	1.672814e+02
4.250000e-06	1.504463e-07	2.519403e-09	9.585250e-01	1.494362e+02
4.260000e-06	7.045986e-08	2.211032e-09	4.489147e-01	1.310294e+02
4.270000e-06	-9.501922e-09	1.892940e-09	-6.053876e-02	1.120739e+02
4.280000e-06	-8.950685e-08	1.565220e-09	-5.702671e-01	9.259473e+01
4.290000e-06	-1.695158e-07	1.227445e-09	-1.080021e+00	7.262902e+01
4.300000e-06	-2.494663e-07	8.813834e-10	-1.589402e+00	5.222590e+01
4.310000e-06	-3.293743e-07	5.328971e-10	-2.098514e+00	3.144542e+01
4.320000e-06	-4.092930e-07	1.802750e-10	-2.607693e+00	1.035709e+01
4.330000e-06	-4.891393e-07	-1.791414e-10	-3.116410e+00	-1.096212e+01
4.340000e-06	-5.688681e-07	-5.416665e-10	-3.624379e+00	-3.243012e+01
4.350000e-06	-6.484607e-07	-9.049103e-10	-4.131481e+00	-5.396226e+01
4.360000e-06	-7.279713e-07	-1.267971e-09	-4.638059e+00	-7.547391e+01
4.370000e-06	-8.074504e-07	-1.631300e-09	-5.144438e+00	-9.688293e+01
4.380000e-06	-8.867885e-07	-1.992327e-09	-5.649917e+00	-1.181120e+02
4.390000e-06	-9.659849e-07	-2.346623e-09	-6.154494e+00	-1.390902e+02
4.400000e-06	-1.045085e-06	-2.693872e-09	-6.658460e+00	-1.597550e+02
4.410000e-06	-1.124123e-06	-3.035199e-09	-7.162028e+00	-1.800524e+02
4.420000e-06	-1.203017e-06	-3.370044e-09	-7.664676e+00	-1.999381e+02
4.430000e-06	-1.281704e-06	-3.696930e-09	-8.166006e+00	-2.193768e+02
4.440000e-06	-1.360161e-06	-4.018754e-09	-8.665874e+00	-2.383422e+02
4.450000e-06	-1.438422e-06	-4.334940e-09	-9.164493e+00	-2.568159e+02
4.460000e-06	-1.516488e-06	-4.641642e-09	-9.661864e+00	-2.747865e+02
4.470000e-06	-1.594292e-06	-4.939283e-09	-1.015757e+01	-2.922483e+02
4.480000e-06	-1.671885e-06	-5.225865e-09	-1.065193e+01	-3.092004e+02
4.490000e-06	-1.749232e-06	-5.501812e-09	-1.114473e+01	-3.256454e+02
4.500000e-06	-1.826329e-06	-5.767718e-09	-1.163593e+01	-3.415887e+02
4.510000e-06	-1.903166e-06	-6.024100e-09	-1.212547e+01	-3.570376e+02
4.520000e-06	-1.979678e-06	-6.272053e-09	-1.261295e+01	-3.720006e+02
4.530000e-06	-2.055815e-06	-6.512404e-09	-1.309803e+01	-3.864875e+02
4.540000e-06	-2.131580e-06	-6.747648e-09	-1.358075e+01	-4.005085e+02
4.550000e-06	-2.207054e-06	-6.978430e-09	-1.406161e+01	-4.140750e+02
4.560000e-06	-2.282256e-06	-7.202211e-09	-1.454074e+01	-4.271985e+02
4.570000e-06	-2.357191e-06	-7.415933e-09	-1.501816e+01	-4.398917e+02
4.580000e-06	-2.431871e-06	-7.622029e-09	-1.549397e+01	-4.521674e+02
4.590000e-06	-2.506252e-06	-7.822018e-09	-1.596786e+01	-4.640393e+02
4.600000e-06	-2.580273e-06	-8.013267e-09	-1.643946e+01	-4.755214e+02
4.610000e-06	-2.654009e-06	-8.196690e-09	-1.690926e+01	-4.866276e+02
4.620000e-06	-2.727470e-06	-8.376982e-09	-1.737729e+01	-4.973720e+02
4.630000e-06	-2.800624e-06	-8.554868e-09	-1.784337e+01	-5.077683e+02
4.640000e-06	-2.873492e-06	-8.726410e-09	-1.830762e+01	-5.178296e+02
4.650000e-06	-2.946098e-06	-8.890619e-09	-1.877022e+01	-5.275682e+02
4.660000e-06	-3.018383e-06	-9.050251e-09	-1.923076e+01	-5.369956e+02
4.670000e-06	-3.090219e-06	-9.205954e-09	-1.968844e+01	-5.461224e+02
4.680000e-06	-3.161620e-06	-9.355932e-09	-2.014335e+01	-5.549585e+02
4.690000e-06	-3.232709e-06	-9.499405e-09	-2.059628e+01	-5.635130e+02
4.700000e-06	-3.303534e-06	-9.639905e-09	-2.104751e+01	-5.717946e+02
4.710000e-06	-3.373983e-06	-9.776894e-09	-2.149636e+01	-5.798122e+02
4.720000e-06	-3.443927e-06	-9.907178e-09	-2.194199e+01	-5.875745e+02
4.730000e-06	-3.513284e-06	-1.003264e-08	-2.238388e+01	-5.950906e+02
4.740000e-06	-3.582131e-06	-1.015257e-08	-2.282252e+01	-6.023700e+02
4.750000e-06	-3.650440e-06	-1.026975e-08	-2.325773e+01	-6.094230e+02
4.760000e-06	-3.718251e-06	-1.038543e-08	-2.368976e+01	-6.162600e+02
4.770000e-06	-3.785647e-06	-1.049664e-08	-2.411916e+01	-6.228918e+02
4.780000e-06	-3.852664e-06	-1.060698e-08	-2.454614e+01	-6.293293e+02
4.790000e-06	-3.919311e-06	-1.071581e-08	-2.497076e+01	-6.355829e+02
4.800000e-06	-3.985460e-06	-1.081994e-08	-2.539221e+01	-6.416628e+02
4.810000e-06	-4.051166e-06	-1.091741e-08	-2.581083e+01	-6.475779e+02
4.820000e-06	-4.116470e-06	-1.101095e-08	-2.622690e+01	-6.533363e+02
4.830000e-06	-4.181335e-06	-1.110411e-08	-2.664017e+01	-6.589450e+02
4.840000e-06	-4.245716e-06	-1.119605e-08	-2.705036e+01	-6.644096e+02
4.850000e-06	-4.309631e-06	-1.128543e-08	-2.745757e+01	-6.697347e+02
4.860000e-06	-4.373092e-06	-1.137509e-08	-2.786189e+01	-6.749241e+02
4.870000e-06	-4.435970e-06	-1.146557e-08	-2.826250e+01	-6.799808e+02
4.880000e-06	-4.498258e-06	-1.155198e-08	-2.865936e+01	-6.849079e+02
4.890000e-06	-4.559922e-06	-1.163457e-08	-2.905223e+01	-6.897082e+02
4.900000e-06	-4.620969e-06	-1.171333e-08	-2.944117e+01	-6.943850e+02
4.910000e-06	-4.681386e-06	-1.178996e-08	-2.982610e+01	-6.989421e+02
4.920000e-06	-4.741190e-06	-1.186485e-08	-3.020713e+01	-7.033838e+02
4.930000e-06	-4.800546e-06	-1.193586e-08	-3.058530e+01	-7.077152e+02
4.940000e-06	-4.859436e-06	-1.200576e-08	-3.096050e+01	-7.119416e+02
4.950000e-06	-4.917808e-06	-1.207698e-08	-3.133240e+01	-7.160688e+02
4.960000e-06	-4.975585e-06	-1.214631e-08	-3.170051e+01	-7.201025e+02
4.970000e-06	-5.032752e-06	-1.221268e-08	-3.206473e+01	-7.240479e+02
4.980000e-06	-5.089344e-06	-1.227662e-08	-3.242529e+01	-7.279097e+02
4.990000e-06	-5.145417e-06	-1.233862e-08	-3.278254e+01	-7.316917e+02
5.000000e-06	-5.200935e-06	-1.240005e-08	-3.313626e+01	-7.353967e+02
5.010000e-06	-5.255770e-06	-1.246186e-08	-3.348562e+01	-7.390266e+02
5.020000e-06	-5.309793e-06	-1.252457e-08	-3.382981e+01	-7.425820e+02
5.030000e-06	-5.362947e-06	-1.258408e-08	-3.416847e+01	-7.460630e+02
5.040000e-06	-5.415300e-06	-1.264090e-08	-3.450202e+01	-7.494690e+02
5.050000e-06	-5.466912e-06	-1.269788e-08	-3.483085e+01	-7.527992e+02
5.060000e-06	-5.517876e-06	-1.275328e-08	-3.515556e+01	-7.560530e+02
5.070000e-06	-5.568129e-06	-1.280400e-08	-3.547573e+01	-7.592300e+02
5.080000e-06	-5.617594e-06	-1.285446e-08	-3.579088e+01	-7.623306e+02
5.090000e-06	-5.666217e-06	-1.290477e-08	-3.610067e+01	-7.653556e+02
5.100000e-06	-5.713906e-06	-1.295410e-08	-3.640450e+01	-7.683069e+02
5.110000e-06	-5.760705e-06	-1.300133e-08	-3.670267e+01	-7.711869e+02
5.120000e-06	-5.806842e-06	-1.304662e-08	-3.699662e+01	-7.739984e+02
5.130000e-06	-5.852469e-06	-1.309057e-08	-3.728732e+01	-7.767448e+02
5.140000e-06	-5.897445e-06	-1.313364e-08	-3.757387e+01	-7.794291e+02
5.150000e-06	-5.941758e-06	-1.317739e-08	-3.785620e+01	-7.820544e+02
5.160000e-06	-5.985518e-06	-1.321920e-08	-3.813500e+01	-7.846230e+02
5.170000e-06	-6.028736e-06	-1.325929e-08	-3.841035e+01	-7.871367e+02
5.180000e-06	-6.071357e-06	-1.329846e-08	-3.868191e+01	-7.895965e+02
5.190000e-06	-6.113308e-06	-1.333691e-08	-3.894918e+01	-7.920029e+02
5.200000e-06	-6.154594e-06	-1.337449e-08	-3.921222e+01	-7.943555e+02
5.210000e-06	-6.195114e-06	-1.341121e-08	-3.947038e+01	-7.966537e+02
5.220000e-06	-6.234968e-06	-1.344832e-08	-3.972430e+01	-7.988967e+02
5.230000e-06	-6.274324e-06	-1.348460e-08	-3.997505e+01	-8.010834e+02
5.240000e-06	-6.312860e-06	-1.351711e-08	-4.022057e+01	-8.032135e+02
5.250000e-06	-6.350419e-06	-1.354823e-08	-4.045986e+01	-8.052866e+02
5.260000e-06	-6.386978e-06	-1.357932e-08	-4.069279e+01	-8.073030e+02
5.270000e-06	-6.422665e-06	-1.361084e-08	-4.092016e+01	-8.092636e+02
5.280000e-06	-6.457766e-06	-1.363986e-08	-4.114380e+01	-8.111697e+02
5.290000e-06	-6.492242e-06	-1.366918e-08	-4.136345e+01	-8.130227e+02
5.300000e-06	-6.526020e-06	-1.369902e-08	-4.157866e+01	-8.148245e+02
5.310000e-06	-6.559056e-06	-1.372826e-08	-4.178913e+01	-8.165766e+02
5.320000e-06	-6.591363e-06	-1.375539e-08	-4.199497e+01	-8.182806e+02
5.330000e-06	-6.623010e-06	-1.377991e-08	-4.219660e+01	-8.199374e+02
5.340000e-06	-6.653777e-06	-1.380752e-08	-4.239262e+01	-8.215476e+02
5.350000e-06	-6.683439e-06	-1.383690e-08	-4.258161e+01	-8.231113e+02
5.360000e-06	-6.712116e-06	-1.386531e-08	-4.276431e+01	-8.246279e+02
5.370000e-06	-6.740021e-06	-1.388940e-08	-4.294210e+01	-8.260968e+02
5.380000e-06	-6.767269e-06	-1.391145e-08	-4.311570e+01	-8.275169e+02
5.390000e-06	-6.793765e-06	-1.393229e-08	-4.328452e+01	-8.288871e+02
5.400000e-06	-6.819419e-06	-1.395117e-08	-4.344797e+01	-8.302065e+02
5.410000e-06	-6.844287e-06	-1.397100e-08	-4.360640e+01	-8.314744e+02
5.420000e-06	-6.868420e-06	-1.399550e-08	-4.376016e+01	-8.326906e+02
5.430000e-06	-6.891917e-06	-1.402087e-08	-4.390986e+01	-8.338549e+02
5.440000e-06	-6.914647e-06	-1.404121e-08	-4.405468e+01	-8.349681e+02
5.450000e-06	-6.936190e-06	-1.405844e-08	-4.419194e+01	-8.360306e+02
5.460000e-06	-6.956625e-06	-1.407484e-08	-4.432213e+01	-8.370435e+02
5.470000e-06	-6.976376e-06	-1.409111e-08	-4.444797e+01	-8.380078e+02
5.480000e-06	-6.995443e-06	-1.410541e-08	-4.456945e+01	-8.389243e+02
5.490000e-06	-7.013703e-06	-1.411818e-08	-4.468579e+01	-8.397937e+02
5.500000e-06	-7.031203e-06	-1.413405e-08	-4.479728e+01	-8.406166e+02
5.510000e-06	-7.047902e-06	-1.415433e-08	-4.490368e+01	-8.413932e+02
5.520000e-06	-7.063850e-06	-1.417129e-08	-4.500529e+01	-8.421237e+02
5.530000e-06	-7.079063e-06	-1.418220e-08	-4.510221e+01	-8.428080e+02
5.540000e-06	-7.093268e-06	-1.418994e-08	-4.519271e+01	-8.434463e+02
5.550000e-06	-7.106238e-06	-1.419808e-08	-4.527535e+01	-8.440387e+02
5.560000e-06	-7.118110e-06	-1.420489e-08	-4.535099e+01	-8.445859e+02
5.570000e-06	-7.129104e-06	-1.420936e-08	-4.542103e+01	-8.450886e+02
5.580000e-06	-7.139279e-06	-1.421926e-08	-4.548586e+01	-8.455483e+02
5.590000e-06	-7.148610e-06	-1.423317e-08	-4.554531e+01	-8.459663e+02
5.600000e-06	-7.157114e-06	-1.424513e-08	-4.559949e+01	-8.463446e+02
5.610000e-06	-7.164958e-06	-1.425212e-08	-4.564946e+01	-8.466849e+02
5.620000e-06	-7.172040e-06	-1.425751e-08	-4.569458e+01	-8.469888e+02
5.630000e-06	-7.178061e-06	-1.426355e-08	-4.573295e+01	-8.472577e+02
5.640000e-06	-7.182920e-06	-1.426784e-08	-4.576391e+01	-8.474923e+02
5.650000e-06	-7.186870e-06	-1.426781e-08	-4.578907e+01	-8.476925e+02
5.660000e-06	-7.190166e-06	-1.426768e-08	-4.581007e+01	-8.478577e+02
5.670000e-06	-7.192749e-06	-1.427273e-08	-4.582653e+01	-8.479865e+02
5.680000e-06	-7.194587e-06	-1.427760e-08	-4.583824e+01	-8.480767e+02
5.690000e-06	-7.195569e-06	-1.427877e-08	-4.584450e+01	-8.481262e+02
