# Temperatura_=_20.0
# Concentracion g/m^3_=_12000.0
# C_Vs_to_Am_M_A/Vsm_=_59384043850.047264
# pendiente_HvsI_1/m_=_3716.3
# ordenada_HvsI_A/m_=_1297.0
# frecuencia_Hz_=_175549.21169440806

Tiempo_(s)	Campo_(V.s)	Magnetizacion_(V.s)	Campo_(kA/m)	Magnetizacion_(A/m)
0.000000e+00	-7.166807e-06	-1.412481e-08	-4.585097e+01	-8.395324e+02
1.000000e-08	-7.166526e-06	-1.412879e-08	-4.584918e+01	-8.395139e+02
2.000000e-08	-7.165561e-06	-1.413095e-08	-4.584300e+01	-8.394562e+02
3.000000e-08	-7.163564e-06	-1.413116e-08	-4.583023e+01	-8.393563e+02
4.000000e-08	-7.160432e-06	-1.413135e-08	-4.581019e+01	-8.392126e+02
5.000000e-08	-7.156502e-06	-1.412736e-08	-4.578505e+01	-8.390251e+02
6.000000e-08	-7.151964e-06	-1.411978e-08	-4.575601e+01	-8.387953e+02
7.000000e-08	-7.146642e-06	-1.409850e-08	-4.572197e+01	-8.385268e+02
8.000000e-08	-7.140426e-06	-1.408877e-08	-4.568220e+01	-8.382243e+02
9.000000e-08	-7.133334e-06	-1.411865e-08	-4.563683e+01	-8.378931e+02
1.000000e-07	-7.125333e-06	-1.409007e-08	-4.558564e+01	-8.375386e+02
1.100000e-07	-7.116332e-06	-1.406313e-08	-4.552805e+01	-8.371647e+02
1.200000e-07	-7.106217e-06	-1.404775e-08	-4.546334e+01	-8.367738e+02
1.300000e-07	-7.095034e-06	-1.403707e-08	-4.539180e+01	-8.363655e+02
1.400000e-07	-7.083082e-06	-1.418472e-08	-4.531533e+01	-8.359363e+02
1.500000e-07	-7.070336e-06	-1.406227e-08	-4.523379e+01	-8.354800e+02
1.600000e-07	-7.056692e-06	-1.392579e-08	-4.514650e+01	-8.349878e+02
1.700000e-07	-7.042149e-06	-1.409461e-08	-4.505345e+01	-8.344488e+02
1.800000e-07	-7.026415e-06	-1.401372e-08	-4.495279e+01	-8.338516e+02
1.900000e-07	-7.009482e-06	-1.395663e-08	-4.484446e+01	-8.331850e+02
2.000000e-07	-6.991895e-06	-1.402813e-08	-4.473195e+01	-8.324393e+02
2.100000e-07	-6.973682e-06	-1.393370e-08	-4.461542e+01	-8.316078e+02
2.200000e-07	-6.954575e-06	-1.395730e-08	-4.449318e+01	-8.306870e+02
2.300000e-07	-6.934713e-06	-1.403502e-08	-4.436611e+01	-8.296774e+02
2.400000e-07	-6.914256e-06	-1.388376e-08	-4.423524e+01	-8.285834e+02
2.500000e-07	-6.893104e-06	-1.389615e-08	-4.409991e+01	-8.274130e+02
2.600000e-07	-6.871167e-06	-1.391364e-08	-4.395957e+01	-8.261768e+02
2.700000e-07	-6.848459e-06	-1.387625e-08	-4.381429e+01	-8.248866e+02
2.800000e-07	-6.825076e-06	-1.389173e-08	-4.366469e+01	-8.235547e+02
2.900000e-07	-6.800926e-06	-1.378370e-08	-4.351018e+01	-8.221921e+02
3.000000e-07	-6.775890e-06	-1.381198e-08	-4.335002e+01	-8.208076e+02
3.100000e-07	-6.749912e-06	-1.384980e-08	-4.318381e+01	-8.194069e+02
3.200000e-07	-6.722845e-06	-1.379020e-08	-4.301065e+01	-8.179920e+02
3.300000e-07	-6.694832e-06	-1.371622e-08	-4.283143e+01	-8.165615e+02
3.400000e-07	-6.666110e-06	-1.372406e-08	-4.264767e+01	-8.151108e+02
3.500000e-07	-6.636745e-06	-1.374593e-08	-4.245980e+01	-8.136330e+02
3.600000e-07	-6.606625e-06	-1.366641e-08	-4.226711e+01	-8.121198e+02
3.700000e-07	-6.575657e-06	-1.363254e-08	-4.206899e+01	-8.105629e+02
3.800000e-07	-6.543934e-06	-1.364898e-08	-4.186603e+01	-8.089545e+02
3.900000e-07	-6.511641e-06	-1.361440e-08	-4.165943e+01	-8.072891e+02
4.000000e-07	-6.478736e-06	-1.360068e-08	-4.144891e+01	-8.055632e+02
4.100000e-07	-6.444877e-06	-1.354229e-08	-4.123230e+01	-8.037761e+02
4.200000e-07	-6.409862e-06	-1.350856e-08	-4.100828e+01	-8.019294e+02
4.300000e-07	-6.373945e-06	-1.350078e-08	-4.077850e+01	-8.000267e+02
4.400000e-07	-6.337397e-06	-1.344974e-08	-4.054467e+01	-7.980727e+02
4.500000e-07	-6.300181e-06	-1.342000e-08	-4.030658e+01	-7.960721e+02
4.600000e-07	-6.262218e-06	-1.338849e-08	-4.006370e+01	-7.940291e+02
4.700000e-07	-6.223462e-06	-1.338310e-08	-3.981575e+01	-7.919463e+02
4.800000e-07	-6.184021e-06	-1.333751e-08	-3.956342e+01	-7.898242e+02
4.900000e-07	-6.144000e-06	-1.329369e-08	-3.930738e+01	-7.876609e+02
5.000000e-07	-6.103367e-06	-1.325822e-08	-3.904742e+01	-7.854523e+02
5.100000e-07	-6.061949e-06	-1.321864e-08	-3.878244e+01	-7.831929e+02
5.200000e-07	-6.019555e-06	-1.318727e-08	-3.851122e+01	-7.808758e+02
5.300000e-07	-5.976178e-06	-1.313584e-08	-3.823370e+01	-7.784942e+02
5.400000e-07	-5.932035e-06	-1.310177e-08	-3.795129e+01	-7.760420e+02
5.500000e-07	-5.887286e-06	-1.307284e-08	-3.766500e+01	-7.735145e+02
5.600000e-07	-5.841914e-06	-1.302885e-08	-3.737473e+01	-7.709093e+02
5.700000e-07	-5.795879e-06	-1.297381e-08	-3.708021e+01	-7.682263e+02
5.800000e-07	-5.749147e-06	-1.292265e-08	-3.678124e+01	-7.654676e+02
5.900000e-07	-5.701724e-06	-1.288414e-08	-3.647783e+01	-7.626373e+02
6.000000e-07	-5.653611e-06	-1.282700e-08	-3.617002e+01	-7.597408e+02
6.100000e-07	-5.604890e-06	-1.277637e-08	-3.585832e+01	-7.567837e+02
6.200000e-07	-5.555303e-06	-1.273422e-08	-3.554108e+01	-7.537713e+02
6.300000e-07	-5.504600e-06	-1.269434e-08	-3.521670e+01	-7.507075e+02
6.400000e-07	-5.453022e-06	-1.263834e-08	-3.488672e+01	-7.475943e+02
6.500000e-07	-5.400753e-06	-1.257551e-08	-3.455232e+01	-7.444314e+02
6.600000e-07	-5.347749e-06	-1.252274e-08	-3.421321e+01	-7.412162e+02
6.700000e-07	-5.294007e-06	-1.246517e-08	-3.386939e+01	-7.379442e+02
6.800000e-07	-5.239668e-06	-1.240223e-08	-3.352175e+01	-7.346093e+02
6.900000e-07	-5.184762e-06	-1.233794e-08	-3.317048e+01	-7.312049e+02
7.000000e-07	-5.129196e-06	-1.228516e-08	-3.281498e+01	-7.277244e+02
7.100000e-07	-5.073101e-06	-1.222908e-08	-3.245611e+01	-7.241623e+02
7.200000e-07	-5.016592e-06	-1.216695e-08	-3.209458e+01	-7.205144e+02
7.300000e-07	-4.959473e-06	-1.209700e-08	-3.172915e+01	-7.167789e+02
7.400000e-07	-4.901593e-06	-1.203390e-08	-3.135885e+01	-7.129556e+02
7.500000e-07	-4.842880e-06	-1.197053e-08	-3.098323e+01	-7.090463e+02
7.600000e-07	-4.783437e-06	-1.190020e-08	-3.060292e+01	-7.050543e+02
7.700000e-07	-4.723471e-06	-1.182621e-08	-3.021928e+01	-7.009833e+02
7.800000e-07	-4.663050e-06	-1.175650e-08	-2.983273e+01	-6.968369e+02
7.900000e-07	-4.602136e-06	-1.168910e-08	-2.944302e+01	-6.926179e+02
8.000000e-07	-4.540682e-06	-1.161606e-08	-2.904985e+01	-6.883275e+02
8.100000e-07	-4.478709e-06	-1.153904e-08	-2.865337e+01	-6.839649e+02
8.200000e-07	-4.416231e-06	-1.146543e-08	-2.825365e+01	-6.795273e+02
8.300000e-07	-4.353262e-06	-1.139270e-08	-2.785080e+01	-6.750101e+02
8.400000e-07	-4.289778e-06	-1.131476e-08	-2.744465e+01	-6.704070e+02
8.500000e-07	-4.225796e-06	-1.123096e-08	-2.703532e+01	-6.657111e+02
8.600000e-07	-4.161422e-06	-1.114919e-08	-2.662347e+01	-6.609152e+02
8.700000e-07	-4.096593e-06	-1.107194e-08	-2.620871e+01	-6.560130e+02
8.800000e-07	-4.031267e-06	-1.098797e-08	-2.579078e+01	-6.509993e+02
8.900000e-07	-3.965378e-06	-1.089920e-08	-2.536924e+01	-6.458705e+02
9.000000e-07	-3.898851e-06	-1.081215e-08	-2.494362e+01	-6.406251e+02
9.100000e-07	-3.831785e-06	-1.072747e-08	-2.451456e+01	-6.352630e+02
9.200000e-07	-3.764293e-06	-1.063908e-08	-2.408276e+01	-6.297855e+02
9.300000e-07	-3.696396e-06	-1.054509e-08	-2.364838e+01	-6.241946e+02
9.400000e-07	-3.628050e-06	-1.044923e-08	-2.321112e+01	-6.184924e+02
9.500000e-07	-3.559312e-06	-1.035527e-08	-2.277136e+01	-6.126798e+02
9.600000e-07	-3.490248e-06	-1.025695e-08	-2.232951e+01	-6.067569e+02
9.700000e-07	-3.420818e-06	-1.015304e-08	-2.188532e+01	-6.007215e+02
9.800000e-07	-3.350993e-06	-1.004695e-08	-2.143860e+01	-5.945699e+02
9.900000e-07	-3.280810e-06	-9.945949e-09	-2.098959e+01	-5.882962e+02
1.000000e-06	-3.210305e-06	-9.845312e-09	-2.053852e+01	-5.818933e+02
1.010000e-06	-3.139481e-06	-9.739347e-09	-2.008541e+01	-5.753532e+02
1.020000e-06	-3.068236e-06	-9.628624e-09	-1.962961e+01	-5.686678e+02
1.030000e-06	-2.996535e-06	-9.516271e-09	-1.917089e+01	-5.618295e+02
1.040000e-06	-2.924476e-06	-9.401224e-09	-1.870988e+01	-5.548320e+02
1.050000e-06	-2.852152e-06	-9.280006e-09	-1.824717e+01	-5.476707e+02
1.060000e-06	-2.779535e-06	-9.155607e-09	-1.778259e+01	-5.403428e+02
1.070000e-06	-2.706524e-06	-9.032389e-09	-1.731549e+01	-5.328470e+02
1.080000e-06	-2.633169e-06	-8.907588e-09	-1.684618e+01	-5.251834e+02
1.090000e-06	-2.559463e-06	-8.778814e-09	-1.637464e+01	-5.173526e+02
1.100000e-06	-2.485302e-06	-8.646348e-09	-1.590018e+01	-5.093551e+02
1.110000e-06	-2.410712e-06	-8.510027e-09	-1.542298e+01	-5.011901e+02
1.120000e-06	-2.335735e-06	-8.372563e-09	-1.494330e+01	-4.928552e+02
1.130000e-06	-2.260362e-06	-8.229530e-09	-1.446108e+01	-4.843457e+02
1.140000e-06	-2.184575e-06	-8.081667e-09	-1.397622e+01	-4.756544e+02
1.150000e-06	-2.108493e-06	-7.931774e-09	-1.348947e+01	-4.667714e+02
1.160000e-06	-2.032207e-06	-7.778924e-09	-1.300142e+01	-4.576850e+02
1.170000e-06	-1.955703e-06	-7.622964e-09	-1.251197e+01	-4.483820e+02
1.180000e-06	-1.878987e-06	-7.464995e-09	-1.202117e+01	-4.388484e+02
1.190000e-06	-1.801967e-06	-7.306086e-09	-1.152842e+01	-4.290709e+02
1.200000e-06	-1.724746e-06	-7.140772e-09	-1.103438e+01	-4.190372e+02
1.210000e-06	-1.647435e-06	-6.962450e-09	-1.053977e+01	-4.087368e+02
1.220000e-06	-1.569902e-06	-6.776465e-09	-1.004374e+01	-3.981617e+02
1.230000e-06	-1.492152e-06	-6.591599e-09	-9.546319e+00	-3.873056e+02
1.240000e-06	-1.414172e-06	-6.406114e-09	-9.047428e+00	-3.761644e+02
1.250000e-06	-1.335983e-06	-6.214714e-09	-8.547199e+00	-3.647347e+02
1.260000e-06	-1.257617e-06	-6.015397e-09	-8.045839e+00	-3.530134e+02
1.270000e-06	-1.179103e-06	-5.811347e-09	-7.543530e+00	-3.409960e+02
1.280000e-06	-1.100461e-06	-5.604263e-09	-7.040404e+00	-3.286755e+02
1.290000e-06	-1.021697e-06	-5.387375e-09	-6.536495e+00	-3.160417e+02
1.300000e-06	-9.428483e-07	-5.160480e-09	-6.032046e+00	-3.030801e+02
1.310000e-06	-8.638714e-07	-4.932571e-09	-5.526778e+00	-2.897716e+02
1.320000e-06	-7.846892e-07	-4.705051e-09	-5.020195e+00	-2.760925e+02
1.330000e-06	-7.054444e-07	-4.472124e-09	-4.513211e+00	-2.620155e+02
1.340000e-06	-6.261871e-07	-4.228860e-09	-4.006148e+00	-2.475107e+02
1.350000e-06	-5.467623e-07	-3.975539e-09	-3.498013e+00	-2.325471e+02
1.360000e-06	-4.672303e-07	-3.710222e-09	-2.989193e+00	-2.170944e+02
1.370000e-06	-3.875586e-07	-3.430056e-09	-2.479478e+00	-2.011254e+02
1.380000e-06	-3.078643e-07	-3.139658e-09	-1.969619e+00	-1.846180e+02
1.390000e-06	-2.282030e-07	-2.847459e-09	-1.459971e+00	-1.675569e+02
1.400000e-06	-1.484183e-07	-2.552171e-09	-9.495333e-01	-1.499356e+02
1.410000e-06	-6.859458e-08	-2.252935e-09	-4.388465e-01	-1.317577e+02
1.420000e-06	1.120889e-08	-1.943445e-09	7.171093e-02	-1.130377e+02
1.430000e-06	9.096295e-08	-1.624610e-09	5.819524e-01	-9.380134e+01
1.440000e-06	1.706930e-07	-1.293701e-09	1.092040e+00	-7.408566e+01
1.450000e-06	2.504067e-07	-9.493172e-10	1.602023e+00	-5.393815e+01
1.460000e-06	3.301312e-07	-5.949547e-10	2.112075e+00	-3.341586e+01
1.470000e-06	4.098455e-07	-2.358674e-10	2.622063e+00	-1.258401e+01
1.480000e-06	4.895628e-07	1.215309e-10	3.132069e+00	8.485641e+00
1.490000e-06	5.692828e-07	4.778522e-10	3.642092e+00	2.971669e+01
1.500000e-06	6.487694e-07	8.300172e-10	4.150623e+00	5.102997e+01
1.510000e-06	7.281115e-07	1.180624e-09	4.658228e+00	7.234555e+01
1.520000e-06	8.074342e-07	1.529372e-09	5.165710e+00	9.358468e+01
1.530000e-06	8.865802e-07	1.882716e-09	5.672061e+00	1.146716e+02
1.540000e-06	9.655751e-07	2.236707e-09	6.177446e+00	1.355352e+02
1.550000e-06	1.044513e-06	2.589820e-09	6.682464e+00	1.561104e+02
1.560000e-06	1.123252e-06	2.935681e-09	7.186214e+00	1.763397e+02
1.570000e-06	1.201734e-06	3.268501e-09	7.688314e+00	1.961735e+02
1.580000e-06	1.280122e-06	3.587365e-09	8.189816e+00	2.155712e+02
1.590000e-06	1.358347e-06	3.896522e-09	8.690277e+00	2.345011e+02
1.600000e-06	1.436336e-06	4.199328e-09	9.189223e+00	2.529401e+02
1.610000e-06	1.514190e-06	4.495155e-09	9.687313e+00	2.708738e+02
1.620000e-06	1.591819e-06	4.787145e-09	1.018395e+01	2.882949e+02
1.630000e-06	1.669175e-06	5.075544e-09	1.067886e+01	3.052027e+02
1.640000e-06	1.746352e-06	5.355832e-09	1.117261e+01	3.216017e+02
1.650000e-06	1.823334e-06	5.622488e-09	1.166512e+01	3.375002e+02
1.660000e-06	1.900078e-06	5.876870e-09	1.215610e+01	3.529089e+02
1.670000e-06	1.976576e-06	6.120613e-09	1.264551e+01	3.678400e+02
1.680000e-06	2.052803e-06	6.359557e-09	1.313319e+01	3.823058e+02
1.690000e-06	2.128761e-06	6.593643e-09	1.361914e+01	3.963183e+02
1.700000e-06	2.204474e-06	6.822847e-09	1.410353e+01	4.098885e+02
1.710000e-06	2.279835e-06	7.044325e-09	1.458567e+01	4.230264e+02
1.720000e-06	2.354783e-06	7.259938e-09	1.506516e+01	4.357411e+02
1.730000e-06	2.429362e-06	7.469012e-09	1.554229e+01	4.480411e+02
1.740000e-06	2.503523e-06	7.667687e-09	1.601675e+01	4.599348e+02
1.750000e-06	2.577256e-06	7.858799e-09	1.648847e+01	4.714310e+02
1.760000e-06	2.650618e-06	8.043122e-09	1.695782e+01	4.825395e+02
1.770000e-06	2.723626e-06	8.222940e-09	1.742490e+01	4.932712e+02
1.780000e-06	2.796343e-06	8.397545e-09	1.789012e+01	5.036388e+02
1.790000e-06	2.868822e-06	8.566455e-09	1.835382e+01	5.136560e+02
1.800000e-06	2.941016e-06	8.729351e-09	1.881570e+01	5.233380e+02
1.810000e-06	3.012825e-06	8.884876e-09	1.927511e+01	5.327004e+02
1.820000e-06	3.084195e-06	9.036690e-09	1.973171e+01	5.417591e+02
1.830000e-06	3.155194e-06	9.182031e-09	2.018594e+01	5.505294e+02
1.840000e-06	3.225860e-06	9.322805e-09	2.063804e+01	5.590258e+02
1.850000e-06	3.296148e-06	9.463166e-09	2.108772e+01	5.672610e+02
1.860000e-06	3.365994e-06	9.599375e-09	2.153457e+01	5.752460e+02
1.870000e-06	3.435383e-06	9.732261e-09	2.197850e+01	5.829900e+02
1.880000e-06	3.504402e-06	9.858854e-09	2.242006e+01	5.905005e+02
1.890000e-06	3.573123e-06	9.981886e-09	2.285971e+01	5.977836e+02
1.900000e-06	3.641535e-06	1.010229e-08	2.329740e+01	6.048449e+02
1.910000e-06	3.709678e-06	1.021472e-08	2.373335e+01	6.116893e+02
1.920000e-06	3.777428e-06	1.032375e-08	2.416680e+01	6.183224e+02
1.930000e-06	3.844598e-06	1.043296e-08	2.459653e+01	6.247503e+02
1.940000e-06	3.911079e-06	1.054139e-08	2.502185e+01	6.309804e+02
1.950000e-06	3.976904e-06	1.064510e-08	2.544298e+01	6.370213e+02
1.960000e-06	4.042217e-06	1.074561e-08	2.586083e+01	6.428826e+02
1.970000e-06	4.107028e-06	1.084402e-08	2.627547e+01	6.485746e+02
1.980000e-06	4.171412e-06	1.093679e-08	2.668738e+01	6.541082e+02
1.990000e-06	4.235373e-06	1.102519e-08	2.709658e+01	6.594937e+02
2.000000e-06	4.298832e-06	1.110959e-08	2.750258e+01	6.647407e+02
2.010000e-06	4.361834e-06	1.119528e-08	2.790564e+01	6.698578e+02
2.020000e-06	4.424390e-06	1.128108e-08	2.830585e+01	6.748517e+02
2.030000e-06	4.486496e-06	1.136611e-08	2.870319e+01	6.797273e+02
2.040000e-06	4.548009e-06	1.144992e-08	2.909673e+01	6.844880e+02
2.050000e-06	4.608937e-06	1.152890e-08	2.948653e+01	6.891357e+02
2.060000e-06	4.669502e-06	1.160809e-08	2.987401e+01	6.936714e+02
2.070000e-06	4.729757e-06	1.168409e-08	3.025950e+01	6.980956e+02
2.080000e-06	4.789573e-06	1.175403e-08	3.064218e+01	7.024089e+02
2.090000e-06	4.848704e-06	1.182426e-08	3.102049e+01	7.066125e+02
2.100000e-06	4.906952e-06	1.189648e-08	3.139313e+01	7.107085e+02
2.110000e-06	4.964308e-06	1.196698e-08	3.176008e+01	7.147003e+02
2.120000e-06	5.021021e-06	1.203256e-08	3.212291e+01	7.185922e+02
2.130000e-06	5.077206e-06	1.209606e-08	3.248236e+01	7.223896e+02
2.140000e-06	5.132796e-06	1.215945e-08	3.283802e+01	7.260984e+02
2.150000e-06	5.187803e-06	1.222144e-08	3.318993e+01	7.297244e+02
2.160000e-06	5.242308e-06	1.228078e-08	3.353864e+01	7.332733e+02
2.170000e-06	5.296292e-06	1.233708e-08	3.388401e+01	7.367494e+02
2.180000e-06	5.349657e-06	1.239369e-08	3.422542e+01	7.401563e+02
2.190000e-06	5.402322e-06	1.245160e-08	3.456235e+01	7.434957e+02
2.200000e-06	5.454252e-06	1.250747e-08	3.489459e+01	7.467684e+02
2.210000e-06	5.505350e-06	1.255795e-08	3.522150e+01	7.499736e+02
2.220000e-06	5.555456e-06	1.260950e-08	3.554206e+01	7.531098e+02
2.230000e-06	5.604579e-06	1.266398e-08	3.585633e+01	7.561755e+02
2.240000e-06	5.653001e-06	1.271394e-08	3.616612e+01	7.591688e+02
2.250000e-06	5.700808e-06	1.275929e-08	3.647198e+01	7.620890e+02
2.260000e-06	5.747906e-06	1.280681e-08	3.677330e+01	7.649360e+02
2.270000e-06	5.794408e-06	1.285570e-08	3.707080e+01	7.677111e+02
2.280000e-06	5.840234e-06	1.290224e-08	3.736398e+01	7.704165e+02
2.290000e-06	5.885287e-06	1.294606e-08	3.765222e+01	7.730557e+02
2.300000e-06	5.929786e-06	1.298984e-08	3.793690e+01	7.756325e+02
2.310000e-06	5.973840e-06	1.303641e-08	3.821875e+01	7.781512e+02
2.320000e-06	6.017216e-06	1.307844e-08	3.849625e+01	7.806156e+02
2.330000e-06	6.059609e-06	1.311390e-08	3.876747e+01	7.830287e+02
2.340000e-06	6.101032e-06	1.315001e-08	3.903248e+01	7.853927e+02
2.350000e-06	6.141695e-06	1.319058e-08	3.929263e+01	7.877082e+02
2.360000e-06	6.181659e-06	1.323225e-08	3.954831e+01	7.899747e+02
2.370000e-06	6.220923e-06	1.327092e-08	3.979951e+01	7.921908e+02
2.380000e-06	6.259452e-06	1.330834e-08	4.004600e+01	7.943542e+02
2.390000e-06	6.297267e-06	1.334532e-08	4.028793e+01	7.964623e+02
2.400000e-06	6.334389e-06	1.337913e-08	4.052543e+01	7.985130e+02
2.410000e-06	6.370859e-06	1.340924e-08	4.075875e+01	8.005044e+02
2.420000e-06	6.406817e-06	1.343815e-08	4.098880e+01	8.024361e+02
2.430000e-06	6.442099e-06	1.347045e-08	4.121452e+01	8.043086e+02
2.440000e-06	6.476362e-06	1.350304e-08	4.143373e+01	8.061236e+02
2.450000e-06	6.509578e-06	1.353250e-08	4.164623e+01	8.078838e+02
2.460000e-06	6.541955e-06	1.356314e-08	4.185337e+01	8.095924e+02
2.470000e-06	6.573569e-06	1.359425e-08	4.205562e+01	8.112531e+02
2.480000e-06	6.604464e-06	1.362325e-08	4.225328e+01	8.128689e+02
2.490000e-06	6.634691e-06	1.364878e-08	4.244667e+01	8.144423e+02
2.500000e-06	6.664126e-06	1.367406e-08	4.263498e+01	8.159746e+02
2.510000e-06	6.692806e-06	1.370084e-08	4.281847e+01	8.174661e+02
2.520000e-06	6.720958e-06	1.372504e-08	4.299858e+01	8.189157e+02
2.530000e-06	6.748445e-06	1.374703e-08	4.317443e+01	8.203211e+02
2.540000e-06	6.774941e-06	1.376959e-08	4.334394e+01	8.216798e+02
2.550000e-06	6.800375e-06	1.379473e-08	4.350666e+01	8.229887e+02
2.560000e-06	6.824897e-06	1.381961e-08	4.366354e+01	8.242452e+02
2.570000e-06	6.848652e-06	1.384050e-08	4.381552e+01	8.254474e+02
2.580000e-06	6.871589e-06	1.385910e-08	4.396226e+01	8.265946e+02
2.590000e-06	6.893733e-06	1.387679e-08	4.410393e+01	8.276871e+02
2.600000e-06	6.915145e-06	1.389458e-08	4.424092e+01	8.287266e+02
2.610000e-06	6.935838e-06	1.391124e-08	4.437331e+01	8.297157e+02
2.620000e-06	6.955850e-06	1.392561e-08	4.450134e+01	8.306577e+02
2.630000e-06	6.975141e-06	1.394043e-08	4.462476e+01	8.315561e+02
2.640000e-06	6.993628e-06	1.395664e-08	4.474303e+01	8.324139e+02
2.650000e-06	7.011293e-06	1.397165e-08	4.485605e+01	8.332333e+02
2.660000e-06	7.028049e-06	1.398443e-08	4.496325e+01	8.340154e+02
2.670000e-06	7.043842e-06	1.399700e-08	4.506428e+01	8.347599e+02
2.680000e-06	7.058736e-06	1.400929e-08	4.515957e+01	8.354655e+02
2.690000e-06	7.072741e-06	1.401838e-08	4.524917e+01	8.361296e+02
2.700000e-06	7.085914e-06	1.402643e-08	4.533345e+01	8.367492e+02
2.710000e-06	7.098159e-06	1.403621e-08	4.541179e+01	8.373212e+02
2.720000e-06	7.109376e-06	1.404719e-08	4.548355e+01	8.378428e+02
2.730000e-06	7.119488e-06	1.405688e-08	4.554824e+01	8.383124e+02
2.740000e-06	7.128456e-06	1.406666e-08	4.560562e+01	8.387296e+02
2.750000e-06	7.136517e-06	1.407559e-08	4.565719e+01	8.390955e+02
2.760000e-06	7.143887e-06	1.408060e-08	4.570434e+01	8.394126e+02
2.770000e-06	7.150523e-06	1.408169e-08	4.574680e+01	8.396845e+02
2.780000e-06	7.156315e-06	1.408215e-08	4.578385e+01	8.399154e+02
2.790000e-06	7.161280e-06	1.408641e-08	4.581562e+01	8.401096e+02
2.800000e-06	7.165517e-06	1.408850e-08	4.584272e+01	8.402712e+02
2.810000e-06	7.168986e-06	1.408761e-08	4.586492e+01	8.404027e+02
2.820000e-06	7.171447e-06	1.408624e-08	4.588066e+01	8.405057e+02
2.830000e-06	7.172818e-06	1.408441e-08	4.588943e+01	8.405800e+02
2.840000e-06	7.173313e-06	1.408218e-08	4.589260e+01	8.406240e+02
2.850000e-06	7.173084e-06	1.407765e-08	4.589114e+01	8.406350e+02
2.860000e-06	7.172097e-06	1.407373e-08	4.588482e+01	8.406094e+02
2.870000e-06	7.170298e-06	1.407681e-08	4.587331e+01	8.405440e+02
2.880000e-06	7.167648e-06	1.407715e-08	4.585636e+01	8.404360e+02
2.890000e-06	7.164321e-06	1.407500e-08	4.583507e+01	8.402841e+02
2.900000e-06	7.160427e-06	1.407180e-08	4.581016e+01	8.400884e+02
2.910000e-06	7.155888e-06	1.407147e-08	4.578112e+01	8.398511e+02
2.920000e-06	7.150456e-06	1.408408e-08	4.574637e+01	8.395758e+02
2.930000e-06	7.143913e-06	1.401453e-08	4.570451e+01	8.392675e+02
2.940000e-06	7.136315e-06	1.403614e-08	4.565590e+01	8.389316e+02
2.950000e-06	7.127683e-06	1.408296e-08	4.560068e+01	8.385732e+02
2.960000e-06	7.117947e-06	1.409513e-08	4.553839e+01	8.381961e+02
2.970000e-06	7.107254e-06	1.410056e-08	4.546998e+01	8.378020e+02
2.980000e-06	7.096026e-06	1.390042e-08	4.539814e+01	8.373901e+02
2.990000e-06	7.084265e-06	1.405142e-08	4.532290e+01	8.369565e+02
3.000000e-06	7.071383e-06	1.419826e-08	4.524048e+01	8.364942e+02
3.010000e-06	7.057251e-06	1.399781e-08	4.515007e+01	8.359941e+02
3.020000e-06	7.042367e-06	1.414659e-08	4.505485e+01	8.354451e+02
3.030000e-06	7.026637e-06	1.422678e-08	4.495422e+01	8.348357e+02
3.040000e-06	7.009941e-06	1.405021e-08	4.484740e+01	8.341549e+02
3.050000e-06	6.992589e-06	1.418753e-08	4.473638e+01	8.333936e+02
3.060000e-06	6.974544e-06	1.416357e-08	4.462094e+01	8.325455e+02
3.070000e-06	6.955660e-06	1.395260e-08	4.450012e+01	8.316079e+02
3.080000e-06	6.936029e-06	1.415261e-08	4.437453e+01	8.305820e+02
3.090000e-06	6.915799e-06	1.408268e-08	4.424511e+01	8.294731e+02
3.100000e-06	6.894768e-06	1.400724e-08	4.411056e+01	8.282895e+02
3.110000e-06	6.872579e-06	1.407954e-08	4.396860e+01	8.270422e+02
3.120000e-06	6.849236e-06	1.395428e-08	4.381926e+01	8.257433e+02
3.130000e-06	6.825163e-06	1.410431e-08	4.366525e+01	8.244049e+02
3.140000e-06	6.800410e-06	1.400617e-08	4.350688e+01	8.230376e+02
3.150000e-06	6.774734e-06	1.385174e-08	4.334262e+01	8.216498e+02
3.160000e-06	6.748220e-06	1.397041e-08	4.317299e+01	8.202463e+02
3.170000e-06	6.720955e-06	1.389051e-08	4.299855e+01	8.188287e+02
3.180000e-06	6.693049e-06	1.388188e-08	4.282002e+01	8.173949e+02
3.190000e-06	6.664288e-06	1.379640e-08	4.263602e+01	8.159397e+02
3.200000e-06	6.634472e-06	1.377988e-08	4.244527e+01	8.144560e+02
3.210000e-06	6.603778e-06	1.387645e-08	4.224889e+01	8.129353e+02
3.220000e-06	6.572292e-06	1.369768e-08	4.204746e+01	8.113692e+02
3.230000e-06	6.540012e-06	1.374026e-08	4.184094e+01	8.097506e+02
3.240000e-06	6.506842e-06	1.371554e-08	4.162873e+01	8.080740e+02
3.250000e-06	6.472964e-06	1.368465e-08	4.141199e+01	8.063366e+02
3.260000e-06	6.438501e-06	1.369054e-08	4.119150e+01	8.045382e+02
3.270000e-06	6.403323e-06	1.354588e-08	4.096645e+01	8.026807e+02
3.280000e-06	6.367523e-06	1.362124e-08	4.073741e+01	8.007680e+02
3.290000e-06	6.331096e-06	1.355091e-08	4.050436e+01	7.988048e+02
3.300000e-06	6.293707e-06	1.352027e-08	4.026516e+01	7.967961e+02
3.310000e-06	6.255174e-06	1.349022e-08	4.001863e+01	7.947455e+02
3.320000e-06	6.215735e-06	1.342854e-08	3.976632e+01	7.926554e+02
3.330000e-06	6.175704e-06	1.345498e-08	3.951021e+01	7.905257e+02
3.340000e-06	6.135116e-06	1.334580e-08	3.925054e+01	7.883543e+02
3.350000e-06	6.093818e-06	1.334677e-08	3.898633e+01	7.861368e+02
3.360000e-06	6.051706e-06	1.329293e-08	3.871691e+01	7.838671e+02
3.370000e-06	6.008944e-06	1.327193e-08	3.844333e+01	7.815384e+02
3.380000e-06	5.965644e-06	1.324245e-08	3.816631e+01	7.791440e+02
3.390000e-06	5.921767e-06	1.314973e-08	3.788560e+01	7.766780e+02
3.400000e-06	5.877284e-06	1.315079e-08	3.760102e+01	7.741360e+02
3.410000e-06	5.832135e-06	1.308698e-08	3.731217e+01	7.715162e+02
3.420000e-06	5.786253e-06	1.305745e-08	3.701862e+01	7.688188e+02
3.430000e-06	5.739573e-06	1.298399e-08	3.671998e+01	7.660463e+02
3.440000e-06	5.692215e-06	1.295131e-08	3.641700e+01	7.632032e+02
3.450000e-06	5.644201e-06	1.291926e-08	3.610982e+01	7.602949e+02
3.460000e-06	5.595403e-06	1.283961e-08	3.579763e+01	7.573271e+02
3.470000e-06	5.545910e-06	1.279146e-08	3.548099e+01	7.543049e+02
3.480000e-06	5.495721e-06	1.273332e-08	3.515990e+01	7.512317e+02
3.490000e-06	5.444738e-06	1.270834e-08	3.483372e+01	7.481093e+02
3.500000e-06	5.393091e-06	1.263646e-08	3.450330e+01	7.449368e+02
3.510000e-06	5.340710e-06	1.258111e-08	3.416818e+01	7.417114e+02
3.520000e-06	5.287509e-06	1.253021e-08	3.382782e+01	7.384281e+02
3.530000e-06	5.233433e-06	1.247696e-08	3.348186e+01	7.350807e+02
3.540000e-06	5.178467e-06	1.240703e-08	3.313020e+01	7.316625e+02
3.550000e-06	5.122783e-06	1.233480e-08	3.277396e+01	7.281671e+02
3.560000e-06	5.066567e-06	1.228643e-08	3.241430e+01	7.245892e+02
3.570000e-06	5.009787e-06	1.222686e-08	3.205104e+01	7.209250e+02
3.580000e-06	4.952417e-06	1.216505e-08	3.168400e+01	7.171730e+02
3.590000e-06	4.894534e-06	1.208884e-08	3.131369e+01	7.133334e+02
3.600000e-06	4.836058e-06	1.203253e-08	3.093958e+01	7.094084e+02
3.610000e-06	4.776962e-06	1.196603e-08	3.056150e+01	7.054013e+02
3.620000e-06	4.717318e-06	1.189283e-08	3.017992e+01	7.013159e+02
3.630000e-06	4.657213e-06	1.181023e-08	2.979539e+01	6.971557e+02
3.640000e-06	4.596592e-06	1.173975e-08	2.940755e+01	6.929233e+02
3.650000e-06	4.535373e-06	1.167492e-08	2.901589e+01	6.886195e+02
3.660000e-06	4.473537e-06	1.159754e-08	2.862028e+01	6.842431e+02
3.670000e-06	4.411012e-06	1.152061e-08	2.822026e+01	6.797910e+02
3.680000e-06	4.347858e-06	1.144450e-08	2.781622e+01	6.752582e+02
3.690000e-06	4.284162e-06	1.137192e-08	2.740872e+01	6.706383e+02
3.700000e-06	4.220015e-06	1.128331e-08	2.699833e+01	6.659242e+02
3.710000e-06	4.155486e-06	1.119565e-08	2.658549e+01	6.611089e+02
3.720000e-06	4.090459e-06	1.111211e-08	2.616947e+01	6.561861e+02
3.730000e-06	4.024931e-06	1.103486e-08	2.575024e+01	6.511510e+02
3.740000e-06	3.959029e-06	1.094709e-08	2.532862e+01	6.460005e+02
3.750000e-06	3.892712e-06	1.085580e-08	2.490435e+01	6.407331e+02
3.760000e-06	3.825892e-06	1.076672e-08	2.447685e+01	6.353493e+02
3.770000e-06	3.758643e-06	1.067504e-08	2.404662e+01	6.298504e+02
3.780000e-06	3.691000e-06	1.057615e-08	2.361386e+01	6.242385e+02
3.790000e-06	3.622955e-06	1.047120e-08	2.317852e+01	6.185155e+02
3.800000e-06	3.554518e-06	1.037534e-08	2.274069e+01	6.126824e+02
3.810000e-06	3.485671e-06	1.028003e-08	2.230023e+01	6.067386e+02
3.820000e-06	3.416384e-06	1.017796e-08	2.185695e+01	6.006818e+02
3.830000e-06	3.346581e-06	1.006855e-08	2.141037e+01	5.945078e+02
3.840000e-06	3.276160e-06	9.964009e-09	2.095984e+01	5.882105e+02
3.850000e-06	3.205188e-06	9.858671e-09	2.050579e+01	5.817825e+02
3.860000e-06	3.133790e-06	9.746932e-09	2.004900e+01	5.752158e+02
3.870000e-06	3.062041e-06	9.631352e-09	1.958998e+01	5.685022e+02
3.880000e-06	2.990037e-06	9.515605e-09	1.912931e+01	5.616345e+02
3.890000e-06	2.917774e-06	9.399385e-09	1.866700e+01	5.546066e+02
3.900000e-06	2.845246e-06	9.276080e-09	1.820299e+01	5.474143e+02
3.910000e-06	2.772400e-06	9.148288e-09	1.773694e+01	5.400549e+02
3.920000e-06	2.699178e-06	9.021905e-09	1.726849e+01	5.325277e+02
3.930000e-06	2.625633e-06	8.895973e-09	1.679798e+01	5.248327e+02
3.940000e-06	2.551769e-06	8.764768e-09	1.632542e+01	5.169707e+02
3.950000e-06	2.477590e-06	8.625122e-09	1.585084e+01	5.089418e+02
3.960000e-06	2.403161e-06	8.485038e-09	1.537467e+01	5.007452e+02
3.970000e-06	2.328453e-06	8.345258e-09	1.489671e+01	4.923781e+02
3.980000e-06	2.253406e-06	8.201970e-09	1.441658e+01	4.838351e+02
3.990000e-06	2.178018e-06	8.054426e-09	1.393427e+01	4.751087e+02
4.000000e-06	2.102342e-06	7.904039e-09	1.345013e+01	4.661886e+02
4.010000e-06	2.026421e-06	7.753627e-09	1.296441e+01	4.570626e+02
4.020000e-06	1.950243e-06	7.595663e-09	1.247704e+01	4.477174e+02
4.030000e-06	1.873817e-06	7.431088e-09	1.198809e+01	4.381391e+02
4.040000e-06	1.797193e-06	7.262367e-09	1.149788e+01	4.283144e+02
4.050000e-06	1.720331e-06	7.090944e-09	1.100614e+01	4.182315e+02
4.060000e-06	1.643303e-06	6.916531e-09	1.051334e+01	4.078802e+02
4.070000e-06	1.566088e-06	6.738674e-09	1.001934e+01	3.972528e+02
4.080000e-06	1.488574e-06	6.558862e-09	9.523425e+00	3.863435e+02
4.090000e-06	1.410852e-06	6.375911e-09	9.026190e+00	3.751485e+02
4.100000e-06	1.332862e-06	6.187008e-09	8.527234e+00	3.636644e+02
4.110000e-06	1.254585e-06	5.987866e-09	8.026442e+00	3.518880e+02
4.120000e-06	1.176100e-06	5.781259e-09	7.524315e+00	3.398144e+02
4.130000e-06	1.097456e-06	5.567918e-09	7.021179e+00	3.274361e+02
4.140000e-06	1.018687e-06	5.349328e-09	6.517241e+00	3.147421e+02
4.150000e-06	9.397925e-07	5.128458e-09	6.012497e+00	3.017170e+02
4.160000e-06	8.606690e-07	4.906628e-09	5.506289e+00	2.883409e+02
4.170000e-06	7.813601e-07	4.680887e-09	4.998896e+00	2.745894e+02
4.180000e-06	7.019448e-07	4.445994e-09	4.490822e+00	2.604346e+02
4.190000e-06	6.224328e-07	4.200780e-09	3.982129e+00	2.458462e+02
4.200000e-06	5.429401e-07	3.945598e-09	3.473560e+00	2.307931e+02
4.210000e-06	4.634310e-07	3.680950e-09	2.964886e+00	2.152456e+02
4.220000e-06	3.838246e-07	3.407005e-09	2.455589e+00	1.991772e+02
4.230000e-06	3.040794e-07	3.124707e-09	1.945405e+00	1.825668e+02
4.240000e-06	2.242563e-07	2.836684e-09	1.434721e+00	1.654009e+02
4.250000e-06	1.443953e-07	2.542601e-09	9.237955e-01	1.476747e+02
4.260000e-06	6.453346e-08	2.237477e-09	4.128648e-01	1.293937e+02
4.270000e-06	-1.524555e-08	1.921246e-09	-9.753622e-02	1.105746e+02
4.280000e-06	-9.499945e-08	1.595062e-09	-6.077766e-01	9.124526e+01
4.290000e-06	-1.747320e-07	1.260321e-09	-1.117881e+00	7.144470e+01
4.300000e-06	-2.544350e-07	9.180731e-10	-1.627795e+00	5.122232e+01
4.310000e-06	-3.341109e-07	5.697445e-10	-2.137537e+00	3.063681e+01
4.320000e-06	-4.137313e-07	2.144959e-10	-2.646923e+00	9.754765e+00
4.330000e-06	-4.932953e-07	-1.434853e-10	-3.155948e+00	-1.135107e+01
4.340000e-06	-5.728019e-07	-5.034818e-10	-3.664607e+00	-3.260360e+01
4.350000e-06	-6.522308e-07	-8.646589e-10	-4.172768e+00	-5.392337e+01
4.360000e-06	-7.315772e-07	-1.221940e-09	-4.680401e+00	-7.523054e+01
4.370000e-06	-8.108799e-07	-1.577518e-09	-5.187755e+00	-9.644676e+01
4.380000e-06	-8.899686e-07	-1.932856e-09	-5.693739e+00	-1.174970e+02
4.390000e-06	-9.689097e-07	-2.285591e-09	-6.198779e+00	-1.383113e+02
4.400000e-06	-1.047837e-06	-2.632493e-09	-6.703734e+00	-1.588258e+02
4.410000e-06	-1.126554e-06	-2.973149e-09	-7.207341e+00	-1.789844e+02
4.420000e-06	-1.205009e-06	-3.309950e-09	-7.709269e+00	-1.987393e+02
4.430000e-06	-1.283197e-06	-3.637007e-09	-8.209494e+00	-2.180514e+02
4.440000e-06	-1.361150e-06	-3.954807e-09	-8.708210e+00	-2.368907e+02
4.450000e-06	-1.438829e-06	-4.267222e-09	-9.205176e+00	-2.552358e+02
4.460000e-06	-1.516255e-06	-4.570924e-09	-9.700523e+00	-2.730737e+02
4.470000e-06	-1.593492e-06	-4.863942e-09	-1.019466e+01	-2.903984e+02
4.480000e-06	-1.670497e-06	-5.146724e-09	-1.068732e+01	-3.072104e+02
4.490000e-06	-1.747334e-06	-5.420610e-09	-1.117890e+01	-3.235148e+02
4.500000e-06	-1.823986e-06	-5.685866e-09	-1.166929e+01	-3.393206e+02
4.510000e-06	-1.900349e-06	-5.942545e-09	-1.215784e+01	-3.546388e+02
4.520000e-06	-1.976429e-06	-6.189141e-09	-1.264457e+01	-3.694817e+02
4.530000e-06	-2.052173e-06	-6.430545e-09	-1.312916e+01	-3.838616e+02
4.540000e-06	-2.127574e-06	-6.666795e-09	-1.361155e+01	-3.977903e+02
4.550000e-06	-2.202688e-06	-6.895429e-09	-1.409210e+01	-4.112787e+02
4.560000e-06	-2.277486e-06	-7.113358e-09	-1.457064e+01	-4.243366e+02
4.570000e-06	-2.351973e-06	-7.322948e-09	-1.504719e+01	-4.369729e+02
4.580000e-06	-2.426211e-06	-7.528217e-09	-1.552213e+01	-4.491960e+02
4.590000e-06	-2.500246e-06	-7.728918e-09	-1.599579e+01	-4.610145e+02
4.600000e-06	-2.574021e-06	-7.921818e-09	-1.646777e+01	-4.724372e+02
4.610000e-06	-2.647489e-06	-8.107465e-09	-1.693780e+01	-4.834741e+02
4.620000e-06	-2.720673e-06	-8.285880e-09	-1.740601e+01	-4.941366e+02
4.630000e-06	-2.793541e-06	-8.457565e-09	-1.787220e+01	-5.044374e+02
4.640000e-06	-2.866105e-06	-8.625217e-09	-1.833644e+01	-5.143905e+02
4.650000e-06	-2.938390e-06	-8.786349e-09	-1.879889e+01	-5.240114e+02
4.660000e-06	-3.010394e-06	-8.943792e-09	-1.925955e+01	-5.333156e+02
4.670000e-06	-3.082145e-06	-9.095873e-09	-1.971859e+01	-5.423191e+02
4.680000e-06	-3.153549e-06	-9.242834e-09	-2.017541e+01	-5.510370e+02
4.690000e-06	-3.224493e-06	-9.383974e-09	-2.062929e+01	-5.594834e+02
4.700000e-06	-3.294890e-06	-9.522437e-09	-2.107967e+01	-5.676709e+02
4.710000e-06	-3.364663e-06	-9.657588e-09	-2.152605e+01	-5.756100e+02
4.720000e-06	-3.433944e-06	-9.783549e-09	-2.196929e+01	-5.833097e+02
4.730000e-06	-3.502817e-06	-9.906571e-09	-2.240992e+01	-5.907771e+02
4.740000e-06	-3.571295e-06	-1.002747e-08	-2.284802e+01	-5.980183e+02
4.750000e-06	-3.639346e-06	-1.014622e-08	-2.328339e+01	-6.050385e+02
4.760000e-06	-3.706981e-06	-1.026007e-08	-2.371610e+01	-6.118428e+02
4.770000e-06	-3.774214e-06	-1.037186e-08	-2.414623e+01	-6.184369e+02
4.780000e-06	-3.840971e-06	-1.048421e-08	-2.457333e+01	-6.248271e+02
4.790000e-06	-3.907325e-06	-1.059068e-08	-2.499783e+01	-6.310211e+02
4.800000e-06	-3.973293e-06	-1.069252e-08	-2.541988e+01	-6.370275e+02
4.810000e-06	-4.038839e-06	-1.078939e-08	-2.583922e+01	-6.428562e+02
4.820000e-06	-4.103893e-06	-1.088446e-08	-2.625542e+01	-6.485177e+02
4.830000e-06	-4.168444e-06	-1.097878e-08	-2.666840e+01	-6.540227e+02
4.840000e-06	-4.232553e-06	-1.107118e-08	-2.707854e+01	-6.593815e+02
4.850000e-06	-4.296291e-06	-1.116195e-08	-2.748632e+01	-6.646036e+02
4.860000e-06	-4.359564e-06	-1.125027e-08	-2.789112e+01	-6.696971e+02
4.870000e-06	-4.422231e-06	-1.133686e-08	-2.829204e+01	-6.746684e+02
4.880000e-06	-4.484195e-06	-1.141834e-08	-2.868847e+01	-6.795223e+02
4.890000e-06	-4.545391e-06	-1.149703e-08	-2.907998e+01	-6.842617e+02
4.900000e-06	-4.605998e-06	-1.157477e-08	-2.946772e+01	-6.888884e+02
4.910000e-06	-4.666149e-06	-1.165423e-08	-2.985255e+01	-6.934031e+02
4.920000e-06	-4.725786e-06	-1.173141e-08	-3.023409e+01	-6.978064e+02
4.930000e-06	-4.784841e-06	-1.180193e-08	-3.061191e+01	-7.020990e+02
4.940000e-06	-4.843394e-06	-1.186963e-08	-3.098651e+01	-7.062822e+02
4.950000e-06	-4.901494e-06	-1.193721e-08	-3.135822e+01	-7.103584e+02
4.960000e-06	-4.959077e-06	-1.200552e-08	-3.172661e+01	-7.143310e+02
4.970000e-06	-5.016049e-06	-1.207183e-08	-3.209110e+01	-7.182048e+02
4.980000e-06	-5.072395e-06	-1.213730e-08	-3.245159e+01	-7.219851e+02
4.990000e-06	-5.128302e-06	-1.220039e-08	-3.280927e+01	-7.256779e+02
5.000000e-06	-5.183644e-06	-1.225794e-08	-3.316332e+01	-7.292891e+02
5.010000e-06	-5.238132e-06	-1.231461e-08	-3.351192e+01	-7.328240e+02
5.020000e-06	-5.291735e-06	-1.237355e-08	-3.385486e+01	-7.362869e+02
5.030000e-06	-5.344493e-06	-1.243336e-08	-3.419239e+01	-7.396810e+02
5.040000e-06	-5.396542e-06	-1.249321e-08	-3.452538e+01	-7.430079e+02
5.050000e-06	-5.447944e-06	-1.255179e-08	-3.485423e+01	-7.462680e+02
5.060000e-06	-5.498603e-06	-1.260848e-08	-3.517833e+01	-7.494603e+02
5.070000e-06	-5.548570e-06	-1.266077e-08	-3.549800e+01	-7.525835e+02
5.080000e-06	-5.597789e-06	-1.271086e-08	-3.581290e+01	-7.556357e+02
5.090000e-06	-5.645987e-06	-1.275820e-08	-3.612125e+01	-7.586154e+02
5.100000e-06	-5.693236e-06	-1.280415e-08	-3.642353e+01	-7.615218e+02
5.110000e-06	-5.739819e-06	-1.285094e-08	-3.672155e+01	-7.643551e+02
5.120000e-06	-5.785835e-06	-1.289732e-08	-3.701595e+01	-7.671169e+02
5.130000e-06	-5.831280e-06	-1.294162e-08	-3.730669e+01	-7.698096e+02
5.140000e-06	-5.876087e-06	-1.298428e-08	-3.759335e+01	-7.724368e+02
5.150000e-06	-5.920259e-06	-1.302770e-08	-3.787596e+01	-7.750024e+02
5.160000e-06	-5.963886e-06	-1.307051e-08	-3.815506e+01	-7.775106e+02
5.170000e-06	-6.006936e-06	-1.311257e-08	-3.843049e+01	-7.799651e+02
5.180000e-06	-6.049377e-06	-1.314970e-08	-3.870201e+01	-7.823689e+02
5.190000e-06	-6.091160e-06	-1.318430e-08	-3.896933e+01	-7.847238e+02
5.200000e-06	-6.132221e-06	-1.321941e-08	-3.923202e+01	-7.870301e+02
5.210000e-06	-6.172591e-06	-1.325236e-08	-3.949029e+01	-7.892874e+02
5.220000e-06	-6.212362e-06	-1.328570e-08	-3.974474e+01	-7.914937e+02
5.230000e-06	-6.251415e-06	-1.332255e-08	-3.999458e+01	-7.936469e+02
5.240000e-06	-6.289593e-06	-1.336148e-08	-4.023883e+01	-7.957444e+02
5.250000e-06	-6.326814e-06	-1.339817e-08	-4.047697e+01	-7.977840e+02
5.260000e-06	-6.363088e-06	-1.343040e-08	-4.070903e+01	-7.997643e+02
5.270000e-06	-6.398669e-06	-1.346110e-08	-4.093667e+01	-8.016848e+02
5.280000e-06	-6.433663e-06	-1.348984e-08	-4.116055e+01	-8.035463e+02
5.290000e-06	-6.468018e-06	-1.351453e-08	-4.138034e+01	-8.053508e+02
5.300000e-06	-6.501617e-06	-1.353669e-08	-4.159530e+01	-8.071010e+02
5.310000e-06	-6.534402e-06	-1.356317e-08	-4.180505e+01	-8.088004e+02
5.320000e-06	-6.566474e-06	-1.359410e-08	-4.201024e+01	-8.104524e+02
5.330000e-06	-6.597870e-06	-1.362203e-08	-4.221110e+01	-8.120601e+02
5.340000e-06	-6.628391e-06	-1.364854e-08	-4.240636e+01	-8.136257e+02
5.350000e-06	-6.657855e-06	-1.367503e-08	-4.259486e+01	-8.151504e+02
5.360000e-06	-6.686365e-06	-1.370207e-08	-4.277726e+01	-8.166342e+02
5.370000e-06	-6.714105e-06	-1.372545e-08	-4.295473e+01	-8.180756e+02
5.380000e-06	-6.741166e-06	-1.374455e-08	-4.312786e+01	-8.194725e+02
5.390000e-06	-6.767467e-06	-1.376410e-08	-4.329612e+01	-8.208220e+02
5.400000e-06	-6.792930e-06	-1.378655e-08	-4.345903e+01	-8.221213e+02
5.410000e-06	-6.817603e-06	-1.381115e-08	-4.361688e+01	-8.233677e+02
5.420000e-06	-6.841618e-06	-1.383427e-08	-4.377052e+01	-8.245596e+02
5.430000e-06	-6.864961e-06	-1.385655e-08	-4.391986e+01	-8.256964e+02
5.440000e-06	-6.887370e-06	-1.387732e-08	-4.406323e+01	-8.267788e+02
5.450000e-06	-6.908656e-06	-1.389588e-08	-4.419941e+01	-8.278086e+02
5.460000e-06	-6.928961e-06	-1.391039e-08	-4.432931e+01	-8.287886e+02
5.470000e-06	-6.948614e-06	-1.392478e-08	-4.445505e+01	-8.297222e+02
5.480000e-06	-6.967584e-06	-1.393961e-08	-4.457641e+01	-8.306128e+02
5.490000e-06	-6.985757e-06	-1.395461e-08	-4.469267e+01	-8.314632e+02
5.500000e-06	-7.003186e-06	-1.397256e-08	-4.480418e+01	-8.322755e+02
5.510000e-06	-7.019789e-06	-1.399107e-08	-4.491040e+01	-8.330506e+02
5.520000e-06	-7.035638e-06	-1.400724e-08	-4.501180e+01	-8.337880e+02
5.530000e-06	-7.050737e-06	-1.402168e-08	-4.510840e+01	-8.344860e+02
5.540000e-06	-7.064836e-06	-1.403291e-08	-4.519860e+01	-8.351420e+02
5.550000e-06	-7.077682e-06	-1.404279e-08	-4.528078e+01	-8.357529e+02
5.560000e-06	-7.089402e-06	-1.405184e-08	-4.535577e+01	-8.363155e+02
5.570000e-06	-7.100306e-06	-1.405934e-08	-4.542553e+01	-8.368275e+02
5.580000e-06	-7.110445e-06	-1.406936e-08	-4.549039e+01	-8.372873e+02
5.590000e-06	-7.119742e-06	-1.407877e-08	-4.554987e+01	-8.376947e+02
5.600000e-06	-7.128245e-06	-1.408796e-08	-4.560427e+01	-8.380512e+02
5.610000e-06	-7.136114e-06	-1.409576e-08	-4.565461e+01	-8.383595e+02
5.620000e-06	-7.143182e-06	-1.410256e-08	-4.569983e+01	-8.386233e+02
5.630000e-06	-7.149161e-06	-1.410792e-08	-4.573808e+01	-8.388470e+02
5.640000e-06	-7.154039e-06	-1.411206e-08	-4.576929e+01	-8.390349e+02
5.650000e-06	-7.158065e-06	-1.411715e-08	-4.579505e+01	-8.391906e+02
5.660000e-06	-7.161423e-06	-1.412225e-08	-4.581653e+01	-8.393167e+02
5.670000e-06	-7.163975e-06	-1.412624e-08	-4.583286e+01	-8.394144e+02
5.680000e-06	-7.165682e-06	-1.412713e-08	-4.584378e+01	-8.394832e+02
5.690000e-06	-7.166596e-06	-1.412597e-08	-4.584962e+01	-8.395212e+02
