# Temperatura_=_20.0
# Concentracion g/m^3_=_12000.0
# C_Vs_to_Am_M_A/Vsm_=_59384043850.047264
# pendiente_HvsI_1/m_=_3716.3
# ordenada_HvsI_A/m_=_1297.0
# frecuencia_Hz_=_175554.62664179067

Tiempo_(s)	Campo_(V.s)	Magnetizacion_(V.s)	Campo_(kA/m)	Magnetizacion_(A/m)
0.000000e+00	-7.206517e-06	-1.435995e-08	-4.584246e+01	-8.523884e+02
1.000000e-08	-7.206195e-06	-1.436220e-08	-4.584041e+01	-8.523603e+02
2.000000e-08	-7.205105e-06	-1.436197e-08	-4.583348e+01	-8.522851e+02
3.000000e-08	-7.202906e-06	-1.435956e-08	-4.581949e+01	-8.521610e+02
4.000000e-08	-7.199610e-06	-1.435425e-08	-4.579852e+01	-8.519877e+02
5.000000e-08	-7.195551e-06	-1.434696e-08	-4.577270e+01	-8.517659e+02
6.000000e-08	-7.190873e-06	-1.433986e-08	-4.574294e+01	-8.514979e+02
7.000000e-08	-7.185375e-06	-1.433264e-08	-4.570797e+01	-8.511870e+02
8.000000e-08	-7.179041e-06	-1.432797e-08	-4.566768e+01	-8.508373e+02
9.000000e-08	-7.171822e-06	-1.431519e-08	-4.562175e+01	-8.504528e+02
1.000000e-07	-7.163668e-06	-1.428481e-08	-4.556989e+01	-8.500376e+02
1.100000e-07	-7.154602e-06	-1.428073e-08	-4.551221e+01	-8.495949e+02
1.200000e-07	-7.144404e-06	-1.429841e-08	-4.544734e+01	-8.491270e+02
1.300000e-07	-7.133124e-06	-1.433041e-08	-4.537558e+01	-8.486349e+02
1.400000e-07	-7.121040e-06	-1.433567e-08	-4.529871e+01	-8.481183e+02
1.500000e-07	-7.108153e-06	-1.423505e-08	-4.521674e+01	-8.475756e+02
1.600000e-07	-7.094410e-06	-1.424349e-08	-4.512931e+01	-8.470044e+02
1.700000e-07	-7.079776e-06	-1.430474e-08	-4.503623e+01	-8.464015e+02
1.800000e-07	-7.063805e-06	-1.422876e-08	-4.493463e+01	-8.457634e+02
1.900000e-07	-7.046753e-06	-1.420107e-08	-4.482616e+01	-8.450866e+02
2.000000e-07	-7.029124e-06	-1.420524e-08	-4.471402e+01	-8.443679e+02
2.100000e-07	-7.010679e-06	-1.419404e-08	-4.459668e+01	-8.436045e+02
2.200000e-07	-6.991427e-06	-1.422346e-08	-4.447422e+01	-8.427944e+02
2.300000e-07	-6.971534e-06	-1.418434e-08	-4.434767e+01	-8.419359e+02
2.400000e-07	-6.950970e-06	-1.410694e-08	-4.421686e+01	-8.410279e+02
2.500000e-07	-6.929670e-06	-1.412971e-08	-4.408137e+01	-8.400696e+02
2.600000e-07	-6.907532e-06	-1.412443e-08	-4.394054e+01	-8.390601e+02
2.700000e-07	-6.884547e-06	-1.408958e-08	-4.379432e+01	-8.379985e+02
2.800000e-07	-6.860911e-06	-1.405798e-08	-4.364397e+01	-8.368835e+02
2.900000e-07	-6.836563e-06	-1.403358e-08	-4.348909e+01	-8.357138e+02
3.000000e-07	-6.811289e-06	-1.406380e-08	-4.332832e+01	-8.344876e+02
3.100000e-07	-6.784949e-06	-1.403347e-08	-4.316075e+01	-8.332031e+02
3.200000e-07	-6.757594e-06	-1.396555e-08	-4.298674e+01	-8.318585e+02
3.300000e-07	-6.729390e-06	-1.394380e-08	-4.280733e+01	-8.304523e+02
3.400000e-07	-6.700458e-06	-1.395909e-08	-4.262329e+01	-8.289839e+02
3.500000e-07	-6.670840e-06	-1.393176e-08	-4.243488e+01	-8.274531e+02
3.600000e-07	-6.640425e-06	-1.387297e-08	-4.224140e+01	-8.258607e+02
3.700000e-07	-6.609197e-06	-1.386218e-08	-4.204276e+01	-8.242086e+02
3.800000e-07	-6.577246e-06	-1.385860e-08	-4.183951e+01	-8.224992e+02
3.900000e-07	-6.544695e-06	-1.381908e-08	-4.163244e+01	-8.207357e+02
4.000000e-07	-6.511520e-06	-1.377612e-08	-4.142141e+01	-8.189215e+02
4.100000e-07	-6.477341e-06	-1.373694e-08	-4.120399e+01	-8.170599e+02
4.200000e-07	-6.441994e-06	-1.372515e-08	-4.097913e+01	-8.151537e+02
4.300000e-07	-6.405816e-06	-1.370021e-08	-4.074900e+01	-8.132049e+02
4.400000e-07	-6.369013e-06	-1.365082e-08	-4.051488e+01	-8.112146e+02
4.500000e-07	-6.331485e-06	-1.362097e-08	-4.027616e+01	-8.091825e+02
4.600000e-07	-6.293187e-06	-1.359815e-08	-4.003254e+01	-8.071072e+02
4.700000e-07	-6.254160e-06	-1.356623e-08	-3.978428e+01	-8.049861e+02
4.800000e-07	-6.214493e-06	-1.351457e-08	-3.953195e+01	-8.028159e+02
4.900000e-07	-6.174204e-06	-1.347793e-08	-3.927566e+01	-8.005925e+02
5.000000e-07	-6.133079e-06	-1.345197e-08	-3.901405e+01	-7.983118e+02
5.100000e-07	-6.091066e-06	-1.341828e-08	-3.874680e+01	-7.959697e+02
5.200000e-07	-6.048203e-06	-1.337138e-08	-3.847413e+01	-7.935628e+02
5.300000e-07	-6.004458e-06	-1.332402e-08	-3.819586e+01	-7.910883e+02
5.400000e-07	-5.960024e-06	-1.329196e-08	-3.791320e+01	-7.885443e+02
5.500000e-07	-5.915016e-06	-1.324942e-08	-3.762690e+01	-7.859296e+02
5.600000e-07	-5.869279e-06	-1.319383e-08	-3.733595e+01	-7.832443e+02
5.700000e-07	-5.822790e-06	-1.314335e-08	-3.704023e+01	-7.804887e+02
5.800000e-07	-5.775704e-06	-1.310322e-08	-3.674070e+01	-7.776639e+02
5.900000e-07	-5.728019e-06	-1.305768e-08	-3.643736e+01	-7.747709e+02
6.000000e-07	-5.679603e-06	-1.300065e-08	-3.612937e+01	-7.718109e+02
6.100000e-07	-5.630339e-06	-1.295314e-08	-3.581600e+01	-7.687848e+02
6.200000e-07	-5.580192e-06	-1.291344e-08	-3.549700e+01	-7.656930e+02
6.300000e-07	-5.529114e-06	-1.286574e-08	-3.517208e+01	-7.625358e+02
6.400000e-07	-5.477164e-06	-1.280106e-08	-3.484161e+01	-7.593130e+02
6.500000e-07	-5.424520e-06	-1.273924e-08	-3.450673e+01	-7.560239e+02
6.600000e-07	-5.371129e-06	-1.268643e-08	-3.416709e+01	-7.526678e+02
6.700000e-07	-5.317038e-06	-1.262706e-08	-3.382301e+01	-7.492438e+02
6.800000e-07	-5.262425e-06	-1.255948e-08	-3.347560e+01	-7.457512e+02
6.900000e-07	-5.207209e-06	-1.249824e-08	-3.312436e+01	-7.421891e+02
7.000000e-07	-5.151428e-06	-1.244867e-08	-3.276952e+01	-7.385570e+02
7.100000e-07	-5.095116e-06	-1.239156e-08	-3.241131e+01	-7.348543e+02
7.200000e-07	-5.038154e-06	-1.232047e-08	-3.204896e+01	-7.310804e+02
7.300000e-07	-4.980502e-06	-1.224873e-08	-3.168222e+01	-7.272346e+02
7.400000e-07	-4.922124e-06	-1.218603e-08	-3.131086e+01	-7.233161e+02
7.500000e-07	-4.863031e-06	-1.212012e-08	-3.093495e+01	-7.193236e+02
7.600000e-07	-4.803328e-06	-1.204426e-08	-3.055517e+01	-7.152556e+02
7.700000e-07	-4.743044e-06	-1.197098e-08	-3.017169e+01	-7.111099e+02
7.800000e-07	-4.682186e-06	-1.190656e-08	-2.978456e+01	-7.068842e+02
7.900000e-07	-4.620867e-06	-1.183801e-08	-2.939449e+01	-7.025759e+02
8.000000e-07	-4.559105e-06	-1.175877e-08	-2.900161e+01	-6.981821e+02
8.100000e-07	-4.496848e-06	-1.167965e-08	-2.860557e+01	-6.937002e+02
8.200000e-07	-4.434042e-06	-1.160851e-08	-2.820605e+01	-6.891275e+02
8.300000e-07	-4.370744e-06	-1.153590e-08	-2.780339e+01	-6.844617e+02
8.400000e-07	-4.307046e-06	-1.145325e-08	-2.739820e+01	-6.797011e+02
8.500000e-07	-4.242769e-06	-1.136670e-08	-2.698932e+01	-6.748440e+02
8.600000e-07	-4.177912e-06	-1.128440e-08	-2.657674e+01	-6.698894e+02
8.700000e-07	-4.112584e-06	-1.120201e-08	-2.616117e+01	-6.648361e+02
8.800000e-07	-4.046752e-06	-1.111246e-08	-2.574240e+01	-6.596831e+02
8.900000e-07	-3.980420e-06	-1.102272e-08	-2.532045e+01	-6.544292e+02
9.000000e-07	-3.913552e-06	-1.093943e-08	-2.489508e+01	-6.490728e+02
9.100000e-07	-3.846216e-06	-1.085580e-08	-2.446674e+01	-6.436117e+02
9.200000e-07	-3.778465e-06	-1.076468e-08	-2.403576e+01	-6.380430e+02
9.300000e-07	-3.710307e-06	-1.066749e-08	-2.360219e+01	-6.323633e+02
9.400000e-07	-3.641725e-06	-1.057019e-08	-2.316592e+01	-6.265682e+02
9.500000e-07	-3.572735e-06	-1.047112e-08	-2.272706e+01	-6.206534e+02
9.600000e-07	-3.503325e-06	-1.036552e-08	-2.228552e+01	-6.146138e+02
9.700000e-07	-3.433472e-06	-1.025678e-08	-2.184117e+01	-6.084446e+02
9.800000e-07	-3.363275e-06	-1.015294e-08	-2.139464e+01	-6.021410e+02
9.900000e-07	-3.292704e-06	-1.005296e-08	-2.094571e+01	-5.956988e+02
1.000000e-06	-3.221702e-06	-9.947295e-09	-2.049405e+01	-5.891141e+02
1.010000e-06	-3.150345e-06	-9.835373e-09	-2.004014e+01	-5.823838e+02
1.020000e-06	-3.078663e-06	-9.723279e-09	-1.958415e+01	-5.755051e+02
1.030000e-06	-3.006683e-06	-9.610401e-09	-1.912626e+01	-5.684758e+02
1.040000e-06	-2.934339e-06	-9.489179e-09	-1.866606e+01	-5.612939e+02
1.050000e-06	-2.861552e-06	-9.360948e-09	-1.820305e+01	-5.539573e+02
1.060000e-06	-2.788320e-06	-9.232858e-09	-1.773720e+01	-5.464636e+02
1.070000e-06	-2.714748e-06	-9.108604e-09	-1.726919e+01	-5.388098e+02
1.080000e-06	-2.640824e-06	-8.981998e-09	-1.679894e+01	-5.309922e+02
1.090000e-06	-2.566465e-06	-8.847374e-09	-1.632592e+01	-5.230063e+02
1.100000e-06	-2.491670e-06	-8.714894e-09	-1.585013e+01	-5.148464e+02
1.110000e-06	-2.416470e-06	-8.582752e-09	-1.537177e+01	-5.065064e+02
1.120000e-06	-2.341043e-06	-8.443702e-09	-1.489196e+01	-4.979792e+02
1.130000e-06	-2.265327e-06	-8.294395e-09	-1.441031e+01	-4.892573e+02
1.140000e-06	-2.189221e-06	-8.137954e-09	-1.392618e+01	-4.803329e+02
1.150000e-06	-2.112764e-06	-7.982915e-09	-1.343982e+01	-4.711985e+02
1.160000e-06	-2.035967e-06	-7.824627e-09	-1.295130e+01	-4.618464e+02
1.170000e-06	-1.958962e-06	-7.663311e-09	-1.246145e+01	-4.522696e+02
1.180000e-06	-1.881777e-06	-7.503603e-09	-1.197045e+01	-4.424613e+02
1.190000e-06	-1.804296e-06	-7.342758e-09	-1.147758e+01	-4.324154e+02
1.200000e-06	-1.726620e-06	-7.173168e-09	-1.098346e+01	-4.221257e+02
1.210000e-06	-1.648792e-06	-6.992139e-09	-1.048838e+01	-4.115865e+02
1.220000e-06	-1.570741e-06	-6.805503e-09	-9.991876e+00	-4.007914e+02
1.230000e-06	-1.492486e-06	-6.617611e-09	-9.494079e+00	-3.897340e+02
1.240000e-06	-1.414070e-06	-6.424711e-09	-8.995251e+00	-3.784066e+02
1.250000e-06	-1.335463e-06	-6.225000e-09	-8.495214e+00	-3.668006e+02
1.260000e-06	-1.256659e-06	-6.023000e-09	-7.993923e+00	-3.549057e+02
1.270000e-06	-1.177719e-06	-5.818843e-09	-7.491766e+00	-3.427097e+02
1.280000e-06	-1.098559e-06	-5.608957e-09	-6.988209e+00	-3.301985e+02
1.290000e-06	-1.019115e-06	-5.390804e-09	-6.482843e+00	-3.173559e+02
1.300000e-06	-9.395629e-07	-5.164189e-09	-5.976794e+00	-3.041633e+02
1.310000e-06	-8.599359e-07	-4.933591e-09	-5.470267e+00	-2.906002e+02
1.320000e-06	-7.801753e-07	-4.698786e-09	-4.962890e+00	-2.766442e+02
1.330000e-06	-7.003655e-07	-4.456424e-09	-4.455200e+00	-2.622714e+02
1.340000e-06	-6.204822e-07	-4.205405e-09	-3.947043e+00	-2.474570e+02
1.350000e-06	-5.405001e-07	-3.944584e-09	-3.438256e+00	-2.321764e+02
1.360000e-06	-4.604025e-07	-3.674305e-09	-2.928735e+00	-2.164055e+02
1.370000e-06	-3.802132e-07	-3.391510e-09	-2.418631e+00	-2.001227e+02
1.380000e-06	-3.000058e-07	-3.100970e-09	-1.908412e+00	-1.833097e+02
1.390000e-06	-2.198101e-07	-2.807953e-09	-1.398267e+00	-1.659534e+02
1.400000e-06	-1.395804e-07	-2.509354e-09	-8.879059e-01	-1.480469e+02
1.410000e-06	-5.930101e-08	-2.199525e-09	-3.772285e-01	-1.295918e+02
1.420000e-06	2.095272e-08	-1.880281e-09	1.332855e-01	-1.105986e+02
1.430000e-06	1.011605e-07	-1.555889e-09	6.435070e-01	-9.108889e+01
1.440000e-06	1.813933e-07	-1.219285e-09	1.153888e+00	-7.109507e+01
1.450000e-06	2.616641e-07	-8.690640e-10	1.664511e+00	-5.066129e+01
1.460000e-06	3.419465e-07	-5.109039e-10	2.175207e+00	-2.984284e+01
1.470000e-06	4.221371e-07	-1.518560e-10	2.685319e+00	-8.705398e+00
1.480000e-06	5.022703e-07	2.082259e-10	3.195067e+00	1.267652e+01
1.490000e-06	5.823822e-07	5.698806e-10	3.704679e+00	3.422150e+01
1.500000e-06	6.624092e-07	9.306860e-10	4.213751e+00	5.584368e+01
1.510000e-06	7.423632e-07	1.286773e-09	4.722358e+00	7.745547e+01
1.520000e-06	8.221619e-07	1.641228e-09	5.229977e+00	9.897037e+01
1.530000e-06	9.018220e-07	2.002545e-09	5.736715e+00	1.203057e+02
1.540000e-06	9.814083e-07	2.365268e-09	6.242984e+00	1.413854e+02
1.550000e-06	1.060853e-06	2.717545e-09	6.748349e+00	1.621415e+02
1.560000e-06	1.140106e-06	3.059925e-09	7.252498e+00	1.825162e+02
1.570000e-06	1.219109e-06	3.396173e-09	7.755056e+00	2.024628e+02
1.580000e-06	1.297927e-06	3.720421e-09	8.256437e+00	2.219454e+02
1.590000e-06	1.376636e-06	4.031794e-09	8.757126e+00	2.409388e+02
1.600000e-06	1.455137e-06	4.334383e-09	9.256492e+00	2.594276e+02
1.610000e-06	1.533396e-06	4.635299e-09	9.754316e+00	2.774046e+02
1.620000e-06	1.611433e-06	4.930945e-09	1.025073e+01	2.948691e+02
1.630000e-06	1.689250e-06	5.216183e-09	1.074574e+01	3.118252e+02
1.640000e-06	1.766880e-06	5.492493e-09	1.123956e+01	3.282802e+02
1.650000e-06	1.844365e-06	5.761116e-09	1.173247e+01	3.442428e+02
1.660000e-06	1.921549e-06	6.018715e-09	1.222345e+01	3.597224e+02
1.670000e-06	1.998380e-06	6.263977e-09	1.271219e+01	3.747278e+02
1.680000e-06	2.074953e-06	6.504593e-09	1.319929e+01	3.892673e+02
1.690000e-06	2.151229e-06	6.742345e-09	1.368451e+01	4.033485e+02
1.700000e-06	2.227202e-06	6.973522e-09	1.416779e+01	4.169789e+02
1.710000e-06	2.302863e-06	7.193293e-09	1.464909e+01	4.301660e+02
1.720000e-06	2.378147e-06	7.406684e-09	1.512799e+01	4.429180e+02
1.730000e-06	2.453107e-06	7.617036e-09	1.560483e+01	4.552446e+02
1.740000e-06	2.527762e-06	7.817564e-09	1.607973e+01	4.671570e+02
1.750000e-06	2.602100e-06	8.007866e-09	1.655261e+01	4.786683e+02
1.760000e-06	2.676116e-06	8.194388e-09	1.702344e+01	4.897933e+02
1.770000e-06	2.749710e-06	8.377285e-09	1.749159e+01	5.005480e+02
1.780000e-06	2.822889e-06	8.552362e-09	1.795711e+01	5.109494e+02
1.790000e-06	2.895713e-06	8.717085e-09	1.842036e+01	5.210146e+02
1.800000e-06	2.968116e-06	8.874561e-09	1.888093e+01	5.307602e+02
1.810000e-06	3.040072e-06	9.030666e-09	1.933866e+01	5.402017e+02
1.820000e-06	3.111661e-06	9.183281e-09	1.979406e+01	5.493528e+02
1.830000e-06	3.182995e-06	9.328934e-09	2.024783e+01	5.582254e+02
1.840000e-06	3.254109e-06	9.471914e-09	2.070020e+01	5.668293e+02
1.850000e-06	3.324902e-06	9.616564e-09	2.115054e+01	5.751727e+02
1.860000e-06	3.395275e-06	9.758485e-09	2.159819e+01	5.832623e+02
1.870000e-06	3.465129e-06	9.891105e-09	2.204255e+01	5.911039e+02
1.880000e-06	3.534580e-06	1.001657e-08	2.248435e+01	5.987031e+02
1.890000e-06	3.603709e-06	1.014018e-08	2.292410e+01	6.060658e+02
1.900000e-06	3.672467e-06	1.025941e-08	2.336148e+01	6.131987e+02
1.910000e-06	3.740821e-06	1.037164e-08	2.379630e+01	6.201096e+02
1.920000e-06	3.808644e-06	1.047943e-08	2.422774e+01	6.268074e+02
1.930000e-06	3.875940e-06	1.058987e-08	2.465583e+01	6.333022e+02
1.940000e-06	3.942735e-06	1.070223e-08	2.508072e+01	6.396046e+02
1.950000e-06	4.009064e-06	1.081035e-08	2.550266e+01	6.457258e+02
1.960000e-06	4.074888e-06	1.091280e-08	2.592138e+01	6.516767e+02
1.970000e-06	4.140109e-06	1.101161e-08	2.633627e+01	6.574677e+02
1.980000e-06	4.204700e-06	1.110896e-08	2.674715e+01	6.631078e+02
1.990000e-06	4.268751e-06	1.120191e-08	2.715459e+01	6.686048e+02
2.000000e-06	4.332348e-06	1.128777e-08	2.755915e+01	6.739650e+02
2.010000e-06	4.395509e-06	1.137180e-08	2.796093e+01	6.791929e+02
2.020000e-06	4.458254e-06	1.145659e-08	2.836007e+01	6.842922e+02
2.030000e-06	4.520502e-06	1.154101e-08	2.875604e+01	6.892654e+02
2.040000e-06	4.582212e-06	1.162383e-08	2.914860e+01	6.941147e+02
2.050000e-06	4.643476e-06	1.170519e-08	2.953831e+01	6.988424e+02
2.060000e-06	4.704289e-06	1.178737e-08	2.992516e+01	7.034510e+02
2.070000e-06	4.764584e-06	1.186526e-08	3.030871e+01	7.079439e+02
2.080000e-06	4.824340e-06	1.193817e-08	3.068883e+01	7.123252e+02
2.090000e-06	4.883528e-06	1.200910e-08	3.106534e+01	7.165998e+02
2.100000e-06	4.942066e-06	1.207846e-08	3.143772e+01	7.207732e+02
2.110000e-06	4.999854e-06	1.214574e-08	3.180532e+01	7.248512e+02
2.120000e-06	5.056850e-06	1.221019e-08	3.216789e+01	7.288394e+02
2.130000e-06	5.113141e-06	1.227553e-08	3.252597e+01	7.327431e+02
2.140000e-06	5.168902e-06	1.234118e-08	3.288068e+01	7.365666e+02
2.150000e-06	5.224118e-06	1.240635e-08	3.323192e+01	7.403131e+02
2.160000e-06	5.278794e-06	1.247041e-08	3.357973e+01	7.439847e+02
2.170000e-06	5.332901e-06	1.253178e-08	3.392392e+01	7.475821e+02
2.180000e-06	5.386358e-06	1.259312e-08	3.426397e+01	7.511054e+02
2.190000e-06	5.439173e-06	1.265166e-08	3.459994e+01	7.545537e+02
2.200000e-06	5.491303e-06	1.270457e-08	3.493155e+01	7.579259e+02
2.210000e-06	5.542640e-06	1.275355e-08	3.525812e+01	7.612211e+02
2.220000e-06	5.593084e-06	1.280791e-08	3.557901e+01	7.644386e+02
2.230000e-06	5.642564e-06	1.286543e-08	3.589376e+01	7.675786e+02
2.240000e-06	5.691199e-06	1.291721e-08	3.620314e+01	7.706420e+02
2.250000e-06	5.739192e-06	1.296481e-08	3.650843e+01	7.736305e+02
2.260000e-06	5.786560e-06	1.301353e-08	3.680975e+01	7.765466e+02
2.270000e-06	5.833197e-06	1.306409e-08	3.710642e+01	7.793932e+02
2.280000e-06	5.879120e-06	1.311284e-08	3.739855e+01	7.821731e+02
2.290000e-06	5.924434e-06	1.315791e-08	3.768681e+01	7.848891e+02
2.300000e-06	5.969133e-06	1.320376e-08	3.797115e+01	7.875435e+02
2.310000e-06	6.013208e-06	1.325246e-08	3.825152e+01	7.901378e+02
2.320000e-06	6.056635e-06	1.329552e-08	3.852777e+01	7.926728e+02
2.330000e-06	6.099226e-06	1.333226e-08	3.879870e+01	7.951483e+02
2.340000e-06	6.140865e-06	1.336746e-08	3.906358e+01	7.975640e+02
2.350000e-06	6.181626e-06	1.340642e-08	3.932287e+01	7.999188e+02
2.360000e-06	6.221663e-06	1.344813e-08	3.957755e+01	8.022120e+02
2.370000e-06	6.261115e-06	1.348958e-08	3.982852e+01	8.044429e+02
2.380000e-06	6.299918e-06	1.353042e-08	4.007535e+01	8.066116e+02
2.390000e-06	6.337976e-06	1.357159e-08	4.031745e+01	8.087189e+02
2.400000e-06	6.375255e-06	1.360883e-08	4.055459e+01	8.107666e+02
2.410000e-06	6.411836e-06	1.363633e-08	4.078729e+01	8.127569e+02
2.420000e-06	6.447816e-06	1.366018e-08	4.101617e+01	8.146930e+02
2.430000e-06	6.483052e-06	1.368877e-08	4.124031e+01	8.165779e+02
2.440000e-06	6.517342e-06	1.372173e-08	4.145844e+01	8.184149e+02
2.450000e-06	6.550687e-06	1.375450e-08	4.167056e+01	8.202064e+02
2.460000e-06	6.583213e-06	1.378909e-08	4.187747e+01	8.219545e+02
2.470000e-06	6.614983e-06	1.382389e-08	4.207956e+01	8.236598e+02
2.480000e-06	6.645984e-06	1.385498e-08	4.227677e+01	8.253223e+02
2.490000e-06	6.676229e-06	1.387779e-08	4.246916e+01	8.269405e+02
2.500000e-06	6.705750e-06	1.389746e-08	4.265695e+01	8.285127e+02
2.510000e-06	6.734579e-06	1.391886e-08	4.284034e+01	8.300363e+02
2.520000e-06	6.762794e-06	1.394026e-08	4.301983e+01	8.315087e+02
2.530000e-06	6.790302e-06	1.396276e-08	4.319481e+01	8.329279e+02
2.540000e-06	6.816755e-06	1.398837e-08	4.336308e+01	8.342922e+02
2.550000e-06	6.842055e-06	1.401779e-08	4.352403e+01	8.356012e+02
2.560000e-06	6.866515e-06	1.404311e-08	4.367962e+01	8.368553e+02
2.570000e-06	6.890245e-06	1.406400e-08	4.383057e+01	8.380560e+02
2.580000e-06	6.913174e-06	1.408288e-08	4.397643e+01	8.392056e+02
2.590000e-06	6.935409e-06	1.409858e-08	4.411787e+01	8.403070e+02
2.600000e-06	6.956888e-06	1.411262e-08	4.425450e+01	8.413630e+02
2.610000e-06	6.977583e-06	1.413020e-08	4.438615e+01	8.423763e+02
2.620000e-06	6.997629e-06	1.414924e-08	4.451367e+01	8.433489e+02
2.630000e-06	7.016951e-06	1.416726e-08	4.463658e+01	8.442818e+02
2.640000e-06	7.035430e-06	1.418234e-08	4.475413e+01	8.451748e+02
2.650000e-06	7.052996e-06	1.419557e-08	4.486587e+01	8.460267e+02
2.660000e-06	7.069747e-06	1.421065e-08	4.497243e+01	8.468355e+02
2.670000e-06	7.085606e-06	1.422373e-08	4.507331e+01	8.475984e+02
2.680000e-06	7.100361e-06	1.423325e-08	4.516717e+01	8.483126e+02
2.690000e-06	7.114226e-06	1.424373e-08	4.525537e+01	8.489756e+02
2.700000e-06	7.127297e-06	1.425469e-08	4.533852e+01	8.495855e+02
2.710000e-06	7.139521e-06	1.426222e-08	4.541628e+01	8.501414e+02
2.720000e-06	7.150810e-06	1.426937e-08	4.548809e+01	8.506439e+02
2.730000e-06	7.160887e-06	1.427728e-08	4.555219e+01	8.510945e+02
2.740000e-06	7.169792e-06	1.428698e-08	4.560884e+01	8.514963e+02
2.750000e-06	7.177884e-06	1.429419e-08	4.566032e+01	8.518528e+02
2.760000e-06	7.185249e-06	1.429825e-08	4.570717e+01	8.521682e+02
2.770000e-06	7.191801e-06	1.430159e-08	4.574885e+01	8.524465e+02
2.780000e-06	7.197489e-06	1.430571e-08	4.578503e+01	8.526911e+02
2.790000e-06	7.202406e-06	1.431052e-08	4.581631e+01	8.529045e+02
2.800000e-06	7.206757e-06	1.431180e-08	4.584399e+01	8.530880e+02
2.810000e-06	7.210359e-06	1.431143e-08	4.586690e+01	8.532412e+02
2.820000e-06	7.212785e-06	1.431084e-08	4.588233e+01	8.533628e+02
2.830000e-06	7.214025e-06	1.430912e-08	4.589022e+01	8.534499e+02
2.840000e-06	7.214400e-06	1.430384e-08	4.589260e+01	8.534993e+02
2.850000e-06	7.214005e-06	1.430017e-08	4.589009e+01	8.535073e+02
2.860000e-06	7.212860e-06	1.430203e-08	4.588281e+01	8.534705e+02
2.870000e-06	7.210996e-06	1.430579e-08	4.587095e+01	8.533863e+02
2.880000e-06	7.208330e-06	1.430698e-08	4.585399e+01	8.532530e+02
2.890000e-06	7.204984e-06	1.430542e-08	4.583271e+01	8.530705e+02
2.900000e-06	7.201107e-06	1.430172e-08	4.580804e+01	8.528398e+02
2.910000e-06	7.196502e-06	1.429177e-08	4.577875e+01	8.525635e+02
2.920000e-06	7.190825e-06	1.427787e-08	4.574264e+01	8.522451e+02
2.930000e-06	7.184010e-06	1.427259e-08	4.569928e+01	8.518885e+02
2.940000e-06	7.176259e-06	1.431152e-08	4.564998e+01	8.514980e+02
2.950000e-06	7.167469e-06	1.431859e-08	4.559406e+01	8.510774e+02
2.960000e-06	7.157522e-06	1.428107e-08	4.553078e+01	8.506299e+02
2.970000e-06	7.146682e-06	1.421973e-08	4.546183e+01	8.501574e+02
2.980000e-06	7.135394e-06	1.419300e-08	4.539002e+01	8.496608e+02
2.990000e-06	7.123531e-06	1.429435e-08	4.531456e+01	8.491394e+02
3.000000e-06	7.110340e-06	1.427188e-08	4.523065e+01	8.485916e+02
3.010000e-06	7.095941e-06	1.422112e-08	4.513905e+01	8.480148e+02
3.020000e-06	7.080856e-06	1.431532e-08	4.504309e+01	8.474056e+02
3.030000e-06	7.064807e-06	1.431125e-08	4.494101e+01	8.467605e+02
3.040000e-06	7.047827e-06	1.427598e-08	4.483299e+01	8.460760e+02
3.050000e-06	7.030280e-06	1.428972e-08	4.472137e+01	8.453491e+02
3.060000e-06	7.011979e-06	1.422245e-08	4.460495e+01	8.445772e+02
3.070000e-06	6.992856e-06	1.422637e-08	4.448331e+01	8.437581e+02
3.080000e-06	6.973040e-06	1.429520e-08	4.435725e+01	8.428904e+02
3.090000e-06	6.952541e-06	1.422829e-08	4.422685e+01	8.419731e+02
3.100000e-06	6.931231e-06	1.421456e-08	4.409130e+01	8.410052e+02
3.110000e-06	6.908746e-06	1.421473e-08	4.394826e+01	8.399860e+02
3.120000e-06	6.885199e-06	1.419928e-08	4.379847e+01	8.389145e+02
3.130000e-06	6.861008e-06	1.421423e-08	4.364459e+01	8.377895e+02
3.140000e-06	6.836020e-06	1.413189e-08	4.348563e+01	8.366093e+02
3.150000e-06	6.810107e-06	1.414782e-08	4.332079e+01	8.353723e+02
3.160000e-06	6.783371e-06	1.418274e-08	4.315072e+01	8.340767e+02
3.170000e-06	6.755928e-06	1.409940e-08	4.297615e+01	8.327206e+02
3.180000e-06	6.727817e-06	1.405935e-08	4.279733e+01	8.313029e+02
3.190000e-06	6.698679e-06	1.403407e-08	4.261197e+01	8.298227e+02
3.200000e-06	6.668388e-06	1.404601e-08	4.241928e+01	8.282803e+02
3.210000e-06	6.637248e-06	1.400805e-08	4.222119e+01	8.266766e+02
3.220000e-06	6.605430e-06	1.392571e-08	4.201879e+01	8.250135e+02
3.230000e-06	6.572843e-06	1.395199e-08	4.181150e+01	8.232937e+02
3.240000e-06	6.539422e-06	1.392868e-08	4.159890e+01	8.215205e+02
3.250000e-06	6.505381e-06	1.389382e-08	4.138235e+01	8.196971e+02
3.260000e-06	6.470709e-06	1.383946e-08	4.116180e+01	8.178269e+02
3.270000e-06	6.435306e-06	1.380039e-08	4.093659e+01	8.159126e+02
3.280000e-06	6.399236e-06	1.381556e-08	4.070714e+01	8.139561e+02
3.290000e-06	6.362361e-06	1.374949e-08	4.047257e+01	8.119580e+02
3.300000e-06	6.324493e-06	1.371342e-08	4.023168e+01	8.099179e+02
3.310000e-06	6.285602e-06	1.368300e-08	3.998429e+01	8.078343e+02
3.320000e-06	6.245886e-06	1.366174e-08	3.973165e+01	8.057043e+02
3.330000e-06	6.205535e-06	1.362531e-08	3.947496e+01	8.035244e+02
3.340000e-06	6.164582e-06	1.355038e-08	3.921445e+01	8.012906e+02
3.350000e-06	6.122913e-06	1.353086e-08	3.894938e+01	7.989987e+02
3.360000e-06	6.080512e-06	1.350153e-08	3.867966e+01	7.966448e+02
3.370000e-06	6.037538e-06	1.346608e-08	3.840629e+01	7.942254e+02
3.380000e-06	5.994037e-06	1.340646e-08	3.812957e+01	7.917380e+02
3.390000e-06	5.949968e-06	1.336279e-08	3.784923e+01	7.891807e+02
3.400000e-06	5.905164e-06	1.334347e-08	3.756423e+01	7.865528e+02
3.410000e-06	5.859561e-06	1.328500e-08	3.727413e+01	7.838543e+02
3.420000e-06	5.813296e-06	1.322637e-08	3.697983e+01	7.810857e+02
3.430000e-06	5.766307e-06	1.317382e-08	3.668092e+01	7.782480e+02
3.440000e-06	5.718579e-06	1.314513e-08	3.637731e+01	7.753424e+02
3.450000e-06	5.670142e-06	1.309383e-08	3.606919e+01	7.723699e+02
3.460000e-06	5.620980e-06	1.302319e-08	3.575646e+01	7.693314e+02
3.470000e-06	5.571116e-06	1.297223e-08	3.543926e+01	7.662274e+02
3.480000e-06	5.520477e-06	1.293237e-08	3.511713e+01	7.630580e+02
3.490000e-06	5.469089e-06	1.288328e-08	3.479024e+01	7.598228e+02
3.500000e-06	5.416984e-06	1.281068e-08	3.445879e+01	7.565212e+02
3.510000e-06	5.363998e-06	1.275503e-08	3.412173e+01	7.531524e+02
3.520000e-06	5.310066e-06	1.270879e-08	3.377866e+01	7.497156e+02
3.530000e-06	5.255318e-06	1.265004e-08	3.343039e+01	7.462100e+02
3.540000e-06	5.199902e-06	1.257230e-08	3.307788e+01	7.426349e+02
3.550000e-06	5.143924e-06	1.250633e-08	3.272179e+01	7.389896e+02
3.560000e-06	5.087369e-06	1.245670e-08	3.236203e+01	7.352736e+02
3.570000e-06	5.030224e-06	1.239488e-08	3.199851e+01	7.314863e+02
3.580000e-06	4.972550e-06	1.231704e-08	3.163163e+01	7.276270e+02
3.590000e-06	4.914365e-06	1.224512e-08	3.126150e+01	7.236947e+02
3.600000e-06	4.855590e-06	1.219140e-08	3.088762e+01	7.196882e+02
3.610000e-06	4.796266e-06	1.212662e-08	3.051024e+01	7.156058e+02
3.620000e-06	4.736419e-06	1.204535e-08	3.012955e+01	7.114453e+02
3.630000e-06	4.676035e-06	1.196526e-08	2.974543e+01	7.072044e+02
3.640000e-06	4.615085e-06	1.190178e-08	2.935771e+01	7.028802e+02
3.650000e-06	4.553421e-06	1.183223e-08	2.896545e+01	6.984702e+02
3.660000e-06	4.491047e-06	1.174596e-08	2.856867e+01	6.939714e+02
3.670000e-06	4.428052e-06	1.166353e-08	2.816795e+01	6.893814e+02
3.680000e-06	4.364498e-06	1.159359e-08	2.776366e+01	6.846980e+02
3.690000e-06	4.300449e-06	1.151820e-08	2.735623e+01	6.799194e+02
3.700000e-06	4.235981e-06	1.142575e-08	2.694613e+01	6.750442e+02
3.710000e-06	4.171095e-06	1.133379e-08	2.653338e+01	6.700711e+02
3.720000e-06	4.105763e-06	1.125042e-08	2.611779e+01	6.649992e+02
3.730000e-06	4.039955e-06	1.116569e-08	2.569916e+01	6.598274e+02
3.740000e-06	3.973648e-06	1.106686e-08	2.527737e+01	6.545545e+02
3.750000e-06	3.906915e-06	1.097222e-08	2.485287e+01	6.491786e+02
3.760000e-06	3.839732e-06	1.089094e-08	2.442549e+01	6.436976e+02
3.770000e-06	3.772139e-06	1.080793e-08	2.399552e+01	6.381084e+02
3.780000e-06	3.704183e-06	1.070882e-08	2.356323e+01	6.324074e+02
3.790000e-06	3.635777e-06	1.060217e-08	2.312809e+01	6.265902e+02
3.800000e-06	3.566845e-06	1.050244e-08	2.268959e+01	6.206524e+02
3.810000e-06	3.497409e-06	1.040235e-08	2.224789e+01	6.145889e+02
3.820000e-06	3.427552e-06	1.028875e-08	2.180351e+01	6.083949e+02
3.830000e-06	3.357193e-06	1.017169e-08	2.135594e+01	6.020656e+02
3.840000e-06	3.286308e-06	1.007021e-08	2.090503e+01	5.955970e+02
3.850000e-06	3.214978e-06	9.971155e-09	2.045128e+01	5.889852e+02
3.860000e-06	3.143239e-06	9.859351e-09	1.999493e+01	5.822272e+02
3.870000e-06	3.071178e-06	9.738475e-09	1.953653e+01	5.753205e+02
3.880000e-06	2.998805e-06	9.621759e-09	1.907615e+01	5.682628e+02
3.890000e-06	2.926109e-06	9.504502e-09	1.861371e+01	5.610520e+02
3.900000e-06	2.853101e-06	9.374999e-09	1.814929e+01	5.536862e+02
3.910000e-06	2.779780e-06	9.239136e-09	1.768287e+01	5.461627e+02
3.920000e-06	2.706158e-06	9.111447e-09	1.721455e+01	5.384785e+02
3.930000e-06	2.632194e-06	8.987774e-09	1.674404e+01	5.306298e+02
3.940000e-06	2.557877e-06	8.853029e-09	1.627130e+01	5.226116e+02
3.950000e-06	2.483259e-06	8.707581e-09	1.579663e+01	5.144185e+02
3.960000e-06	2.408341e-06	8.562869e-09	1.532006e+01	5.060440e+02
3.970000e-06	2.333161e-06	8.423863e-09	1.484182e+01	4.974808e+02
3.980000e-06	2.257699e-06	8.278199e-09	1.436179e+01	4.887216e+02
3.990000e-06	2.181889e-06	8.124150e-09	1.387954e+01	4.797584e+02
4.000000e-06	2.105719e-06	7.969481e-09	1.339500e+01	4.705837e+02
4.010000e-06	2.029176e-06	7.817536e-09	1.290809e+01	4.611901e+02
4.020000e-06	1.952329e-06	7.656558e-09	1.241925e+01	4.515704e+02
4.030000e-06	1.875224e-06	7.482300e-09	1.192877e+01	4.417180e+02
4.040000e-06	1.797879e-06	7.307247e-09	1.143676e+01	4.316269e+02
4.050000e-06	1.720231e-06	7.134703e-09	1.094282e+01	4.212909e+02
4.060000e-06	1.642250e-06	6.958514e-09	1.044676e+01	4.107041e+02
4.070000e-06	1.564102e-06	6.773598e-09	9.949646e+00	3.998604e+02
4.080000e-06	1.485851e-06	6.587218e-09	9.451867e+00	3.887530e+02
4.090000e-06	1.407421e-06	6.403435e-09	8.952956e+00	3.773741e+02
4.100000e-06	1.328781e-06	6.214102e-09	8.452710e+00	3.657148e+02
4.110000e-06	1.250040e-06	6.012295e-09	7.951820e+00	3.537644e+02
4.120000e-06	1.171188e-06	5.801056e-09	7.450219e+00	3.415104e+02
4.130000e-06	1.092133e-06	5.586729e-09	6.947330e+00	3.289384e+02
4.140000e-06	1.012884e-06	5.371033e-09	6.443208e+00	3.160317e+02
4.150000e-06	9.334729e-07	5.145690e-09	5.938055e+00	3.027713e+02
4.160000e-06	8.539779e-07	4.914656e-09	5.432367e+00	2.891363e+02
4.170000e-06	7.744324e-07	4.682253e-09	4.926358e+00	2.751040e+02
4.180000e-06	6.948535e-07	4.443663e-09	4.420137e+00	2.606503e+02
4.190000e-06	6.151597e-07	4.193633e-09	3.913184e+00	2.457504e+02
4.200000e-06	5.353122e-07	3.930355e-09	3.405255e+00	2.303796e+02
4.210000e-06	4.553865e-07	3.662143e-09	2.896827e+00	2.145143e+02
4.220000e-06	3.754128e-07	3.387656e-09	2.388094e+00	1.981334e+02
4.230000e-06	2.954124e-07	3.102152e-09	1.879192e+00	1.812194e+02
4.240000e-06	2.153503e-07	2.806556e-09	1.369897e+00	1.637602e+02
4.250000e-06	1.352636e-07	2.503302e-09	8.604457e-01	1.457505e+02
4.260000e-06	5.509553e-08	2.193377e-09	3.504765e-01	1.271933e+02
4.270000e-06	-2.517596e-08	1.872941e-09	-1.601506e-01	1.081014e+02
4.280000e-06	-1.053882e-07	1.540458e-09	-6.704008e-01	8.849806e+01
4.290000e-06	-1.855175e-07	1.200746e-09	-1.180123e+00	6.841806e+01
4.300000e-06	-2.655615e-07	8.564936e-10	-1.689303e+00	4.790762e+01
4.310000e-06	-3.455270e-07	5.059570e-10	-2.197984e+00	2.702408e+01
4.320000e-06	-4.255076e-07	1.457067e-10	-2.706760e+00	5.834895e+00
4.330000e-06	-5.054875e-07	-2.190216e-10	-3.215533e+00	-1.558396e+01
4.340000e-06	-5.853905e-07	-5.846257e-10	-3.723816e+00	-3.715003e+01
4.350000e-06	-6.652228e-07	-9.532038e-10	-4.231649e+00	-5.877693e+01
4.360000e-06	-7.449709e-07	-1.320167e-09	-4.738946e+00	-8.037705e+01
4.370000e-06	-8.245196e-07	-1.683388e-09	-5.244975e+00	-1.018644e+02
4.380000e-06	-9.039328e-07	-2.040782e-09	-5.750143e+00	-1.231574e+02
4.390000e-06	-9.832999e-07	-2.393066e-09	-6.255016e+00	-1.441812e+02
4.400000e-06	-1.062526e-06	-2.741084e-09	-6.758995e+00	-1.648699e+02
4.410000e-06	-1.141595e-06	-3.083509e-09	-7.261972e+00	-1.851676e+02
4.420000e-06	-1.220538e-06	-3.420616e-09	-7.764145e+00	-2.050296e+02
4.430000e-06	-1.299321e-06	-3.751145e-09	-8.265304e+00	-2.244220e+02
4.440000e-06	-1.377859e-06	-4.076573e-09	-8.764907e+00	-2.433217e+02
4.450000e-06	-1.456153e-06	-4.393084e-09	-9.262953e+00	-2.617149e+02
4.460000e-06	-1.534196e-06	-4.696656e-09	-9.759406e+00	-2.795956e+02
4.470000e-06	-1.611949e-06	-4.989205e-09	-1.025401e+01	-2.969643e+02
4.480000e-06	-1.689538e-06	-5.271554e-09	-1.074757e+01	-3.138259e+02
4.490000e-06	-1.766998e-06	-5.543287e-09	-1.124031e+01	-3.301879e+02
4.500000e-06	-1.844225e-06	-5.807761e-09	-1.173158e+01	-3.460592e+02
4.510000e-06	-1.921107e-06	-6.065550e-09	-1.222064e+01	-3.614492e+02
4.520000e-06	-1.997602e-06	-6.317085e-09	-1.270724e+01	-3.763666e+02
4.530000e-06	-2.073855e-06	-6.564169e-09	-1.319231e+01	-3.908196e+02
4.540000e-06	-2.149814e-06	-6.802801e-09	-1.367551e+01	-4.048157e+02
4.550000e-06	-2.225432e-06	-7.031397e-09	-1.415653e+01	-4.183624e+02
4.560000e-06	-2.300749e-06	-7.250487e-09	-1.463564e+01	-4.314672e+02
4.570000e-06	-2.375717e-06	-7.459987e-09	-1.511253e+01	-4.441387e+02
4.580000e-06	-2.450395e-06	-7.661901e-09	-1.558758e+01	-4.563867e+02
4.590000e-06	-2.524825e-06	-7.858455e-09	-1.606104e+01	-4.682229e+02
4.600000e-06	-2.598923e-06	-8.050627e-09	-1.653240e+01	-4.796605e+02
4.610000e-06	-2.672699e-06	-8.238735e-09	-1.700171e+01	-4.907148e+02
4.620000e-06	-2.746190e-06	-8.420340e-09	-1.746920e+01	-5.014019e+02
4.630000e-06	-2.819349e-06	-8.596276e-09	-1.793458e+01	-5.117390e+02
4.640000e-06	-2.892233e-06	-8.767065e-09	-1.839822e+01	-5.217431e+02
4.650000e-06	-2.964819e-06	-8.931613e-09	-1.885996e+01	-5.314305e+02
4.660000e-06	-3.037091e-06	-9.090155e-09	-1.931970e+01	-5.408166e+02
4.670000e-06	-3.109075e-06	-9.241681e-09	-1.977760e+01	-5.499146e+02
4.680000e-06	-3.180683e-06	-9.390692e-09	-2.023312e+01	-5.587361e+02
4.690000e-06	-3.251886e-06	-9.535773e-09	-2.068606e+01	-5.672906e+02
4.700000e-06	-3.322651e-06	-9.674707e-09	-2.113621e+01	-5.755859e+02
4.710000e-06	-3.392929e-06	-9.812149e-09	-2.158327e+01	-5.836285e+02
4.720000e-06	-3.462723e-06	-9.946276e-09	-2.202725e+01	-5.914242e+02
4.730000e-06	-3.532024e-06	-1.007446e-08	-2.246809e+01	-5.989786e+02
4.740000e-06	-3.600869e-06	-1.019605e-08	-2.290603e+01	-6.062977e+02
4.750000e-06	-3.669281e-06	-1.031366e-08	-2.334121e+01	-6.133883e+02
4.760000e-06	-3.737171e-06	-1.042911e-08	-2.377308e+01	-6.202586e+02
4.770000e-06	-3.804548e-06	-1.054137e-08	-2.420168e+01	-6.269175e+02
4.780000e-06	-3.871527e-06	-1.065080e-08	-2.462775e+01	-6.333753e+02
4.790000e-06	-3.938140e-06	-1.075741e-08	-2.505149e+01	-6.396429e+02
4.800000e-06	-4.004364e-06	-1.086139e-08	-2.547276e+01	-6.457313e+02
4.810000e-06	-4.070112e-06	-1.096151e-08	-2.589100e+01	-6.516515e+02
4.820000e-06	-4.135291e-06	-1.105865e-08	-2.630562e+01	-6.574136e+02
4.830000e-06	-4.199984e-06	-1.115365e-08	-2.671715e+01	-6.630263e+02
4.840000e-06	-4.264298e-06	-1.124719e-08	-2.712626e+01	-6.684972e+02
4.850000e-06	-4.328201e-06	-1.133871e-08	-2.753277e+01	-6.738322e+02
4.860000e-06	-4.391600e-06	-1.142756e-08	-2.793607e+01	-6.790358e+02
4.870000e-06	-4.454487e-06	-1.151313e-08	-2.833611e+01	-6.841112e+02
4.880000e-06	-4.516863e-06	-1.159618e-08	-2.873290e+01	-6.890610e+02
4.890000e-06	-4.578617e-06	-1.167918e-08	-2.912573e+01	-6.938873e+02
4.900000e-06	-4.639684e-06	-1.176003e-08	-2.951419e+01	-6.985925e+02
4.910000e-06	-4.700116e-06	-1.183856e-08	-2.989862e+01	-7.031791e+02
4.920000e-06	-4.759954e-06	-1.191604e-08	-3.027926e+01	-7.076507e+02
4.930000e-06	-4.819243e-06	-1.199111e-08	-3.065641e+01	-7.120116e+02
4.940000e-06	-4.878069e-06	-1.206346e-08	-3.103061e+01	-7.162668e+02
4.950000e-06	-4.936396e-06	-1.213405e-08	-3.140165e+01	-7.204218e+02
4.960000e-06	-4.994116e-06	-1.220261e-08	-3.176882e+01	-7.244826e+02
4.970000e-06	-5.051146e-06	-1.226976e-08	-3.213160e+01	-7.284546e+02
4.980000e-06	-5.107641e-06	-1.233493e-08	-3.249098e+01	-7.323429e+02
4.990000e-06	-5.163675e-06	-1.239683e-08	-3.284743e+01	-7.361517e+02
5.000000e-06	-5.219096e-06	-1.245675e-08	-3.319997e+01	-7.398841e+02
5.010000e-06	-5.273900e-06	-1.251818e-08	-3.354860e+01	-7.435417e+02
5.020000e-06	-5.327978e-06	-1.258027e-08	-3.389260e+01	-7.471253e+02
5.030000e-06	-5.381138e-06	-1.264146e-08	-3.423076e+01	-7.506345e+02
5.040000e-06	-5.433457e-06	-1.269998e-08	-3.456358e+01	-7.540687e+02
5.050000e-06	-5.485027e-06	-1.275670e-08	-3.489163e+01	-7.574265e+02
5.060000e-06	-5.535865e-06	-1.281326e-08	-3.521502e+01	-7.607071e+02
5.070000e-06	-5.586039e-06	-1.286613e-08	-3.553419e+01	-7.639100e+02
5.080000e-06	-5.635475e-06	-1.291593e-08	-3.584867e+01	-7.670355e+02
5.090000e-06	-5.684096e-06	-1.296653e-08	-3.615796e+01	-7.700847e+02
5.100000e-06	-5.731794e-06	-1.301642e-08	-3.646137e+01	-7.730595e+02
5.110000e-06	-5.778511e-06	-1.306393e-08	-3.675856e+01	-7.759623e+02
5.120000e-06	-5.824543e-06	-1.311096e-08	-3.705137e+01	-7.787961e+02
5.130000e-06	-5.870052e-06	-1.315643e-08	-3.734087e+01	-7.815639e+02
5.140000e-06	-5.914983e-06	-1.320178e-08	-3.762668e+01	-7.842682e+02
5.150000e-06	-5.959360e-06	-1.324342e-08	-3.790898e+01	-7.869112e+02
5.160000e-06	-6.003171e-06	-1.328441e-08	-3.818767e+01	-7.894943e+02
5.170000e-06	-6.046355e-06	-1.332780e-08	-3.846238e+01	-7.920181e+02
5.180000e-06	-6.088929e-06	-1.336846e-08	-3.873320e+01	-7.944825e+02
5.190000e-06	-6.130894e-06	-1.340571e-08	-3.900015e+01	-7.968868e+02
5.200000e-06	-6.172178e-06	-1.344045e-08	-3.926276e+01	-7.992302e+02
5.210000e-06	-6.212718e-06	-1.347444e-08	-3.952065e+01	-8.015117e+02
5.220000e-06	-6.252576e-06	-1.350944e-08	-3.977420e+01	-8.037309e+02
5.230000e-06	-6.291763e-06	-1.354297e-08	-4.002348e+01	-8.058880e+02
5.240000e-06	-6.330113e-06	-1.357459e-08	-4.026743e+01	-8.079840e+02
5.250000e-06	-6.367498e-06	-1.361030e-08	-4.050525e+01	-8.100206e+02
5.260000e-06	-6.403936e-06	-1.364738e-08	-4.073704e+01	-8.120006e+02
5.270000e-06	-6.439652e-06	-1.368044e-08	-4.096423e+01	-8.139268e+02
5.280000e-06	-6.474689e-06	-1.370769e-08	-4.118711e+01	-8.158025e+02
5.290000e-06	-6.508958e-06	-1.373417e-08	-4.140511e+01	-8.176307e+02
5.300000e-06	-6.542485e-06	-1.376179e-08	-4.161838e+01	-8.194140e+02
5.310000e-06	-6.575274e-06	-1.378847e-08	-4.182696e+01	-8.211540e+02
5.320000e-06	-6.607402e-06	-1.381619e-08	-4.203133e+01	-8.228513e+02
5.330000e-06	-6.638874e-06	-1.384570e-08	-4.223154e+01	-8.245056e+02
5.340000e-06	-6.669529e-06	-1.387568e-08	-4.242654e+01	-8.261154e+02
5.350000e-06	-6.699122e-06	-1.390420e-08	-4.261479e+01	-8.276786e+02
5.360000e-06	-6.727649e-06	-1.393142e-08	-4.279626e+01	-8.291928e+02
5.370000e-06	-6.755411e-06	-1.395614e-08	-4.297286e+01	-8.306554e+02
5.380000e-06	-6.782563e-06	-1.397919e-08	-4.314558e+01	-8.320643e+02
5.390000e-06	-6.809004e-06	-1.399847e-08	-4.331378e+01	-8.334183e+02
5.400000e-06	-6.834641e-06	-1.401713e-08	-4.347686e+01	-8.347169e+02
5.410000e-06	-6.859455e-06	-1.403998e-08	-4.363471e+01	-8.359608e+02
5.420000e-06	-6.883519e-06	-1.406402e-08	-4.378779e+01	-8.371517e+02
5.430000e-06	-6.906875e-06	-1.408523e-08	-4.393636e+01	-8.382921e+02
5.440000e-06	-6.929384e-06	-1.410422e-08	-4.407954e+01	-8.393847e+02
5.450000e-06	-6.950766e-06	-1.412552e-08	-4.421556e+01	-8.404325e+02
5.460000e-06	-6.971090e-06	-1.414652e-08	-4.434485e+01	-8.414381e+02
5.470000e-06	-6.990712e-06	-1.416365e-08	-4.446967e+01	-8.424032e+02
5.480000e-06	-7.009621e-06	-1.417495e-08	-4.458995e+01	-8.433286e+02
5.490000e-06	-7.027722e-06	-1.418762e-08	-4.470510e+01	-8.442140e+02
5.500000e-06	-7.045019e-06	-1.420401e-08	-4.481513e+01	-8.450580e+02
5.510000e-06	-7.061537e-06	-1.422115e-08	-4.492020e+01	-8.458584e+02
5.520000e-06	-7.077330e-06	-1.423701e-08	-4.502067e+01	-8.466124e+02
5.530000e-06	-7.092273e-06	-1.425205e-08	-4.511572e+01	-8.473172e+02
5.540000e-06	-7.106154e-06	-1.426693e-08	-4.520402e+01	-8.479703e+02
5.550000e-06	-7.118826e-06	-1.427965e-08	-4.528463e+01	-8.485701e+02
5.560000e-06	-7.130438e-06	-1.428810e-08	-4.535850e+01	-8.491159e+02
5.570000e-06	-7.141204e-06	-1.429376e-08	-4.542698e+01	-8.496085e+02
5.580000e-06	-7.151178e-06	-1.430349e-08	-4.549043e+01	-8.500497e+02
5.590000e-06	-7.160394e-06	-1.431429e-08	-4.554906e+01	-8.504427e+02
5.600000e-06	-7.168803e-06	-1.432212e-08	-4.560255e+01	-8.507912e+02
5.610000e-06	-7.176519e-06	-1.432726e-08	-4.565163e+01	-8.510993e+02
5.620000e-06	-7.183516e-06	-1.433516e-08	-4.569614e+01	-8.513710e+02
5.630000e-06	-7.189437e-06	-1.434332e-08	-4.573381e+01	-8.516096e+02
5.640000e-06	-7.194228e-06	-1.434818e-08	-4.576428e+01	-8.518173e+02
5.650000e-06	-7.198180e-06	-1.435160e-08	-4.578942e+01	-8.519952e+02
5.660000e-06	-7.201414e-06	-1.435489e-08	-4.581000e+01	-8.521426e+02
5.670000e-06	-7.203894e-06	-1.435868e-08	-4.582577e+01	-8.522579e+02
5.680000e-06	-7.205599e-06	-1.435932e-08	-4.583662e+01	-8.523383e+02
5.690000e-06	-7.206400e-06	-1.435895e-08	-4.584172e+01	-8.523802e+02
