# Temperatura_=_20.0
# Concentracion g/m^3_=_12000.0
# C_Vs_to_Am_M_A/Vsm_=_59384043850.047264
# pendiente_HvsI_1/m_=_3716.3
# ordenada_HvsI_A/m_=_1297.0
# frecuencia_Hz_=_175547.5850571389

Tiempo_(s)	Campo_(V.s)	Magnetizacion_(V.s)	Campo_(kA/m)	Magnetizacion_(A/m)
0.000000e+00	-7.165011e-06	-1.407841e-08	-4.584712e+01	-8.372617e+02
1.000000e-08	-7.164824e-06	-1.408036e-08	-4.584592e+01	-8.372928e+02
2.000000e-08	-7.163941e-06	-1.408203e-08	-4.584027e+01	-8.372760e+02
3.000000e-08	-7.162050e-06	-1.407949e-08	-4.582817e+01	-8.372059e+02
4.000000e-08	-7.159028e-06	-1.407578e-08	-4.580883e+01	-8.370794e+02
5.000000e-08	-7.155159e-06	-1.406951e-08	-4.578408e+01	-8.368957e+02
6.000000e-08	-7.150652e-06	-1.406250e-08	-4.575524e+01	-8.366567e+02
7.000000e-08	-7.145393e-06	-1.405140e-08	-4.572159e+01	-8.363664e+02
8.000000e-08	-7.139366e-06	-1.403695e-08	-4.568302e+01	-8.360305e+02
9.000000e-08	-7.132428e-06	-1.404277e-08	-4.563863e+01	-8.356557e+02
1.000000e-07	-7.124508e-06	-1.403799e-08	-4.558795e+01	-8.352490e+02
1.100000e-07	-7.115683e-06	-1.402343e-08	-4.553148e+01	-8.348163e+02
1.200000e-07	-7.105774e-06	-1.401755e-08	-4.546807e+01	-8.343626e+02
1.300000e-07	-7.094753e-06	-1.399859e-08	-4.539755e+01	-8.338905e+02
1.400000e-07	-7.082877e-06	-1.404177e-08	-4.532156e+01	-8.334006e+02
1.500000e-07	-7.070172e-06	-1.402111e-08	-4.524027e+01	-8.328913e+02
1.600000e-07	-7.056629e-06	-1.394576e-08	-4.515361e+01	-8.323591e+02
1.700000e-07	-7.042161e-06	-1.400276e-08	-4.506103e+01	-8.317988e+02
1.800000e-07	-7.026483e-06	-1.399735e-08	-4.496071e+01	-8.312045e+02
1.900000e-07	-7.009687e-06	-1.394126e-08	-4.485324e+01	-8.305700e+02
2.000000e-07	-6.992136e-06	-1.396967e-08	-4.474093e+01	-8.298895e+02
2.100000e-07	-6.973886e-06	-1.394470e-08	-4.462416e+01	-8.291581e+02
2.200000e-07	-6.954850e-06	-1.390991e-08	-4.450235e+01	-8.283719e+02
2.300000e-07	-6.935126e-06	-1.393873e-08	-4.437614e+01	-8.275284e+02
2.400000e-07	-6.914783e-06	-1.388852e-08	-4.424597e+01	-8.266262e+02
2.500000e-07	-6.893771e-06	-1.386796e-08	-4.411152e+01	-8.256652e+02
2.600000e-07	-6.871971e-06	-1.388151e-08	-4.397203e+01	-8.246458e+02
2.700000e-07	-6.849321e-06	-1.385281e-08	-4.382709e+01	-8.235689e+02
2.800000e-07	-6.825945e-06	-1.385783e-08	-4.367752e+01	-8.224353e+02
2.900000e-07	-6.801873e-06	-1.381009e-08	-4.352349e+01	-8.212459e+02
3.000000e-07	-6.776941e-06	-1.377788e-08	-4.336396e+01	-8.200013e+02
3.100000e-07	-6.750953e-06	-1.379663e-08	-4.319766e+01	-8.187018e+02
3.200000e-07	-6.723974e-06	-1.376810e-08	-4.302503e+01	-8.173475e+02
3.300000e-07	-6.696095e-06	-1.371187e-08	-4.284664e+01	-8.159386e+02
3.400000e-07	-6.667453e-06	-1.369301e-08	-4.266337e+01	-8.144757e+02
3.500000e-07	-6.638111e-06	-1.369369e-08	-4.247561e+01	-8.129596e+02
3.600000e-07	-6.607977e-06	-1.365618e-08	-4.228280e+01	-8.113918e+02
3.700000e-07	-6.577019e-06	-1.361675e-08	-4.208470e+01	-8.097744e+02
3.800000e-07	-6.545343e-06	-1.360939e-08	-4.188202e+01	-8.081098e+02
3.900000e-07	-6.513174e-06	-1.358048e-08	-4.167617e+01	-8.064005e+02
4.000000e-07	-6.480341e-06	-1.355255e-08	-4.146609e+01	-8.046490e+02
4.100000e-07	-6.446528e-06	-1.351510e-08	-4.124972e+01	-8.028572e+02
4.200000e-07	-6.411605e-06	-1.347372e-08	-4.102626e+01	-8.010262e+02
4.300000e-07	-6.375771e-06	-1.345771e-08	-4.079697e+01	-7.991559e+02
4.400000e-07	-6.339297e-06	-1.342552e-08	-4.056358e+01	-7.972449e+02
4.500000e-07	-6.302134e-06	-1.339119e-08	-4.032578e+01	-7.952907e+02
4.600000e-07	-6.264166e-06	-1.335897e-08	-4.008283e+01	-7.932897e+02
4.700000e-07	-6.225491e-06	-1.333505e-08	-3.983536e+01	-7.912377e+02
4.800000e-07	-6.186194e-06	-1.330228e-08	-3.958391e+01	-7.891300e+02
4.900000e-07	-6.146257e-06	-1.325658e-08	-3.932836e+01	-7.869625e+02
5.000000e-07	-6.105625e-06	-1.322131e-08	-3.906837e+01	-7.847316e+02
5.100000e-07	-6.064134e-06	-1.318640e-08	-3.880288e+01	-7.824351e+02
5.200000e-07	-6.021742e-06	-1.314950e-08	-3.853162e+01	-7.800720e+02
5.300000e-07	-5.978485e-06	-1.310373e-08	-3.825483e+01	-7.776428e+02
5.400000e-07	-5.934464e-06	-1.306116e-08	-3.797316e+01	-7.751493e+02
5.500000e-07	-5.889796e-06	-1.302780e-08	-3.768733e+01	-7.725942e+02
5.600000e-07	-5.844395e-06	-1.298413e-08	-3.739682e+01	-7.699807e+02
5.700000e-07	-5.798285e-06	-1.293524e-08	-3.710178e+01	-7.673119e+02
5.800000e-07	-5.751593e-06	-1.288626e-08	-3.680301e+01	-7.645904e+02
5.900000e-07	-5.704324e-06	-1.284450e-08	-3.650054e+01	-7.618175e+02
6.000000e-07	-5.656346e-06	-1.279576e-08	-3.619354e+01	-7.589932e+02
6.100000e-07	-5.607553e-06	-1.274250e-08	-3.588133e+01	-7.561160e+02
6.200000e-07	-5.557903e-06	-1.269513e-08	-3.556363e+01	-7.531829e+02
6.300000e-07	-5.507363e-06	-1.265086e-08	-3.524024e+01	-7.501898e+02
6.400000e-07	-5.455943e-06	-1.260106e-08	-3.491122e+01	-7.471318e+02
6.500000e-07	-5.403728e-06	-1.254224e-08	-3.457711e+01	-7.440040e+02
6.600000e-07	-5.350755e-06	-1.248596e-08	-3.423815e+01	-7.408017e+02
6.700000e-07	-5.297127e-06	-1.243140e-08	-3.389499e+01	-7.375216e+02
6.800000e-07	-5.242880e-06	-1.237536e-08	-3.354788e+01	-7.341613e+02
6.900000e-07	-5.187984e-06	-1.231239e-08	-3.319661e+01	-7.307202e+02
7.000000e-07	-5.132526e-06	-1.225200e-08	-3.284175e+01	-7.271991e+02
7.100000e-07	-5.076565e-06	-1.219630e-08	-3.248367e+01	-7.236000e+02
7.200000e-07	-5.020097e-06	-1.213737e-08	-3.212234e+01	-7.199258e+02
7.300000e-07	-4.962946e-06	-1.206999e-08	-3.175665e+01	-7.161796e+02
7.400000e-07	-4.905107e-06	-1.200181e-08	-3.138656e+01	-7.123643e+02
7.500000e-07	-4.846607e-06	-1.193865e-08	-3.101223e+01	-7.084819e+02
7.600000e-07	-4.787455e-06	-1.187510e-08	-3.063373e+01	-7.045331e+02
7.700000e-07	-4.727671e-06	-1.180329e-08	-3.025119e+01	-7.005170e+02
7.800000e-07	-4.667187e-06	-1.172970e-08	-2.986416e+01	-6.964311e+02
7.900000e-07	-4.606214e-06	-1.166366e-08	-2.947402e+01	-6.922717e+02
8.000000e-07	-4.544853e-06	-1.159478e-08	-2.908138e+01	-6.880338e+02
8.100000e-07	-4.482920e-06	-1.151780e-08	-2.868508e+01	-6.837120e+02
8.200000e-07	-4.420445e-06	-1.144095e-08	-2.828533e+01	-6.793007e+02
8.300000e-07	-4.357477e-06	-1.136885e-08	-2.788241e+01	-6.747951e+02
8.400000e-07	-4.294070e-06	-1.129398e-08	-2.747668e+01	-6.701910e+02
8.500000e-07	-4.230187e-06	-1.121088e-08	-2.706791e+01	-6.654856e+02
8.600000e-07	-4.165766e-06	-1.112621e-08	-2.665570e+01	-6.606773e+02
8.700000e-07	-4.100816e-06	-1.104625e-08	-2.624010e+01	-6.557655e+02
8.800000e-07	-4.035421e-06	-1.096490e-08	-2.582165e+01	-6.507505e+02
8.900000e-07	-3.969570e-06	-1.087818e-08	-2.540029e+01	-6.456329e+02
9.000000e-07	-3.903120e-06	-1.079038e-08	-2.497509e+01	-6.404130e+02
9.100000e-07	-3.836115e-06	-1.070594e-08	-2.454634e+01	-6.350904e+02
9.200000e-07	-3.768697e-06	-1.062146e-08	-2.411495e+01	-6.296640e+02
9.300000e-07	-3.700968e-06	-1.052932e-08	-2.368157e+01	-6.241309e+02
9.400000e-07	-3.632762e-06	-1.043034e-08	-2.324514e+01	-6.184871e+02
9.500000e-07	-3.564059e-06	-1.033376e-08	-2.280552e+01	-6.127275e+02
9.600000e-07	-3.495004e-06	-1.023690e-08	-2.236366e+01	-6.068461e+02
9.700000e-07	-3.425626e-06	-1.013566e-08	-2.191972e+01	-6.008365e+02
9.800000e-07	-3.355905e-06	-1.003231e-08	-2.147360e+01	-5.946927e+02
9.900000e-07	-3.285850e-06	-9.930478e-09	-2.102533e+01	-5.884092e+02
1.000000e-06	-3.215382e-06	-9.828023e-09	-2.057442e+01	-5.819817e+02
1.010000e-06	-3.144438e-06	-9.718633e-09	-2.012047e+01	-5.754073e+02
1.020000e-06	-3.073144e-06	-9.604345e-09	-1.966428e+01	-5.686846e+02
1.030000e-06	-3.001456e-06	-9.489803e-09	-1.920557e+01	-5.618131e+02
1.040000e-06	-2.929430e-06	-9.376024e-09	-1.874469e+01	-5.547936e+02
1.050000e-06	-2.857099e-06	-9.257333e-09	-1.828186e+01	-5.476267e+02
1.060000e-06	-2.784352e-06	-9.132408e-09	-1.781637e+01	-5.403129e+02
1.070000e-06	-2.711259e-06	-9.009191e-09	-1.734867e+01	-5.328516e+02
1.080000e-06	-2.637815e-06	-8.885673e-09	-1.687872e+01	-5.252409e+02
1.090000e-06	-2.564099e-06	-8.754669e-09	-1.640703e+01	-5.174768e+02
1.100000e-06	-2.490108e-06	-8.619214e-09	-1.593358e+01	-5.095533e+02
1.110000e-06	-2.415731e-06	-8.482948e-09	-1.545766e+01	-5.014625e+02
1.120000e-06	-2.340907e-06	-8.347834e-09	-1.497888e+01	-4.931948e+02
1.130000e-06	-2.265687e-06	-8.204822e-09	-1.449756e+01	-4.847394e+02
1.140000e-06	-2.190170e-06	-8.053957e-09	-1.401435e+01	-4.760850e+02
1.150000e-06	-2.114294e-06	-7.903682e-09	-1.352884e+01	-4.672204e+02
1.160000e-06	-2.038157e-06	-7.754060e-09	-1.304166e+01	-4.581351e+02
1.170000e-06	-1.961817e-06	-7.599011e-09	-1.255318e+01	-4.488198e+02
1.180000e-06	-1.885177e-06	-7.438243e-09	-1.206277e+01	-4.392668e+02
1.190000e-06	-1.808283e-06	-7.276042e-09	-1.157075e+01	-4.294697e+02
1.200000e-06	-1.731141e-06	-7.109076e-09	-1.107714e+01	-4.194237e+02
1.210000e-06	-1.653721e-06	-6.932949e-09	-1.058175e+01	-4.091247e+02
1.220000e-06	-1.576060e-06	-6.748132e-09	-1.008481e+01	-3.985694e+02
1.230000e-06	-1.498248e-06	-6.563106e-09	-9.586917e+00	-3.877538e+02
1.240000e-06	-1.420337e-06	-6.376467e-09	-9.088381e+00	-3.766731e+02
1.250000e-06	-1.342259e-06	-6.183240e-09	-8.588782e+00	-3.653209e+02
1.260000e-06	-1.264008e-06	-5.985434e-09	-8.088069e+00	-3.536884e+02
1.270000e-06	-1.185577e-06	-5.785504e-09	-7.586212e+00	-3.417644e+02
1.280000e-06	-1.106939e-06	-5.581294e-09	-7.083027e+00	-3.295348e+02
1.290000e-06	-1.028026e-06	-5.365723e-09	-6.578081e+00	-3.169826e+02
1.300000e-06	-9.490624e-07	-5.139841e-09	-6.072813e+00	-3.040883e+02
1.310000e-06	-8.701339e-07	-4.910834e-09	-5.567770e+00	-2.908301e+02
1.320000e-06	-7.909485e-07	-4.680451e-09	-5.061082e+00	-2.771847e+02
1.330000e-06	-7.116118e-07	-4.443765e-09	-4.553426e+00	-2.631274e+02
1.340000e-06	-6.322816e-07	-4.198050e-09	-4.045812e+00	-2.486334e+02
1.350000e-06	-5.529465e-07	-3.947864e-09	-3.538166e+00	-2.336785e+02
1.360000e-06	-4.735914e-07	-3.689465e-09	-3.030393e+00	-2.182398e+02
1.370000e-06	-3.941436e-07	-3.415295e-09	-2.522026e+00	-2.022971e+02
1.380000e-06	-3.145250e-07	-3.127216e-09	-2.012567e+00	-1.858337e+02
1.390000e-06	-2.347951e-07	-2.834112e-09	-1.502395e+00	-1.688375e+02
1.400000e-06	-1.550858e-07	-2.537021e-09	-9.923553e-01	-1.513027e+02
1.410000e-06	-7.536826e-08	-2.234540e-09	-4.822627e-01	-1.332304e+02
1.420000e-06	4.334484e-09	-1.923506e-09	2.773528e-02	-1.146301e+02
1.430000e-06	8.401720e-08	-1.608064e-09	5.376051e-01	-9.552069e+01
1.440000e-06	1.637639e-07	-1.283677e-09	1.047884e+00	-7.593125e+01
1.450000e-06	2.435093e-07	-9.429494e-10	1.558155e+00	-5.590135e+01
1.460000e-06	3.232069e-07	-5.884342e-10	2.068120e+00	-3.548119e+01
1.470000e-06	4.028909e-07	-2.295138e-10	2.577998e+00	-1.473106e+01
1.480000e-06	4.825014e-07	1.254100e-10	3.087406e+00	6.279676e+00
1.490000e-06	5.620448e-07	4.833364e-10	3.596385e+00	2.747421e+01
1.500000e-06	6.414830e-07	8.403088e-10	4.104689e+00	4.877033e+01
1.510000e-06	7.207482e-07	1.191979e-09	4.611888e+00	7.008296e+01
1.520000e-06	7.999292e-07	1.539028e-09	5.118547e+00	9.132683e+01
1.530000e-06	8.790415e-07	1.892498e-09	5.624767e+00	1.124193e+02
1.540000e-06	9.580321e-07	2.250409e-09	6.130208e+00	1.332830e+02
1.550000e-06	1.036870e-06	2.600687e-09	6.634671e+00	1.538483e+02
1.560000e-06	1.115535e-06	2.941481e-09	7.138030e+00	1.740548e+02
1.570000e-06	1.194078e-06	3.276086e-09	7.640608e+00	1.938530e+02
1.580000e-06	1.272506e-06	3.598940e-09	8.142450e+00	2.132046e+02
1.590000e-06	1.350752e-06	3.907073e-09	8.643123e+00	2.320822e+02
1.600000e-06	1.428828e-06	4.207524e-09	9.142713e+00	2.504686e+02
1.610000e-06	1.506724e-06	4.505727e-09	9.641151e+00	2.683555e+02
1.620000e-06	1.584353e-06	4.800467e-09	1.013788e+01	2.857415e+02
1.630000e-06	1.661706e-06	5.086241e-09	1.063284e+01	3.026305e+02
1.640000e-06	1.738815e-06	5.365928e-09	1.112624e+01	3.190295e+02
1.650000e-06	1.815664e-06	5.635755e-09	1.161798e+01	3.349472e+02
1.660000e-06	1.892312e-06	5.894756e-09	1.210843e+01	3.503926e+02
1.670000e-06	1.968795e-06	6.141028e-09	1.259783e+01	3.653739e+02
1.680000e-06	2.045078e-06	6.379995e-09	1.308594e+01	3.798984e+02
1.690000e-06	2.121099e-06	6.616851e-09	1.357238e+01	3.939723e+02
1.700000e-06	2.196797e-06	6.847249e-09	1.405676e+01	4.076012e+02
1.710000e-06	2.272139e-06	7.069592e-09	1.453885e+01	4.207908e+02
1.720000e-06	2.347098e-06	7.285779e-09	1.501849e+01	4.335474e+02
1.730000e-06	2.421752e-06	7.498426e-09	1.549619e+01	4.458790e+02
1.740000e-06	2.496011e-06	7.703301e-09	1.597135e+01	4.577952e+02
1.750000e-06	2.569822e-06	7.896245e-09	1.644365e+01	4.693082e+02
1.760000e-06	2.643211e-06	8.080084e-09	1.691324e+01	4.804318e+02
1.770000e-06	2.716264e-06	8.258570e-09	1.738070e+01	4.911818e+02
1.780000e-06	2.789089e-06	8.430673e-09	1.784669e+01	5.015752e+02
1.790000e-06	2.861563e-06	8.596464e-09	1.831043e+01	5.116288e+02
1.800000e-06	2.933675e-06	8.756473e-09	1.877185e+01	5.213592e+02
1.810000e-06	3.005473e-06	8.914536e-09	1.923127e+01	5.307815e+02
1.820000e-06	3.076895e-06	9.070365e-09	1.968828e+01	5.399091e+02
1.830000e-06	3.147923e-06	9.220100e-09	2.014277e+01	5.487528e+02
1.840000e-06	3.218618e-06	9.364267e-09	2.059513e+01	5.573217e+02
1.850000e-06	3.288958e-06	9.503799e-09	2.104522e+01	5.656226e+02
1.860000e-06	3.358918e-06	9.637977e-09	2.149288e+01	5.736613e+02
1.870000e-06	3.428503e-06	9.768244e-09	2.193813e+01	5.814427e+02
1.880000e-06	3.497605e-06	9.894077e-09	2.238030e+01	5.889722e+02
1.890000e-06	3.566284e-06	1.001677e-08	2.281976e+01	5.962559e+02
1.900000e-06	3.634648e-06	1.013786e-08	2.325720e+01	6.033013e+02
1.910000e-06	3.702763e-06	1.025451e-08	2.369306e+01	6.101176e+02
1.920000e-06	3.770535e-06	1.036474e-08	2.412671e+01	6.167158e+02
1.930000e-06	3.837709e-06	1.047053e-08	2.455654e+01	6.231083e+02
1.940000e-06	3.904292e-06	1.057526e-08	2.498259e+01	6.293082e+02
1.950000e-06	3.970234e-06	1.068001e-08	2.540454e+01	6.353286e+02
1.960000e-06	4.035527e-06	1.078216e-08	2.582233e+01	6.411823e+02
1.970000e-06	4.100379e-06	1.087911e-08	2.623730e+01	6.468803e+02
1.980000e-06	4.164808e-06	1.097239e-08	2.664957e+01	6.524321e+02
1.990000e-06	4.228741e-06	1.106228e-08	2.705866e+01	6.578444e+02
2.000000e-06	4.292200e-06	1.114758e-08	2.746472e+01	6.631221e+02
2.010000e-06	4.355217e-06	1.122957e-08	2.786795e+01	6.682680e+02
2.020000e-06	4.417811e-06	1.131382e-08	2.826847e+01	6.732831e+02
2.030000e-06	4.479906e-06	1.140144e-08	2.866580e+01	6.781681e+02
2.040000e-06	4.541487e-06	1.148818e-08	2.905984e+01	6.829233e+02
2.050000e-06	4.602547e-06	1.156804e-08	2.945055e+01	6.875499e+02
2.060000e-06	4.663155e-06	1.164476e-08	2.983837e+01	6.920504e+02
2.070000e-06	4.723391e-06	1.171812e-08	3.022380e+01	6.964287e+02
2.080000e-06	4.783119e-06	1.178704e-08	3.060599e+01	7.006907e+02
2.090000e-06	4.842095e-06	1.185337e-08	3.098336e+01	7.048435e+02
2.100000e-06	4.900241e-06	1.191892e-08	3.135542e+01	7.088952e+02
2.110000e-06	4.957632e-06	1.198621e-08	3.172265e+01	7.128541e+02
2.120000e-06	5.014381e-06	1.205440e-08	3.208577e+01	7.167280e+02
2.130000e-06	5.070646e-06	1.212275e-08	3.244579e+01	7.205236e+02
2.140000e-06	5.126395e-06	1.218786e-08	3.280252e+01	7.242457e+02
2.150000e-06	5.181546e-06	1.224972e-08	3.315542e+01	7.278969e+02
2.160000e-06	5.236083e-06	1.230790e-08	3.350438e+01	7.314778e+02
2.170000e-06	5.290023e-06	1.236373e-08	3.384954e+01	7.349869e+02
2.180000e-06	5.343367e-06	1.241961e-08	3.419087e+01	7.384214e+02
2.190000e-06	5.396091e-06	1.247668e-08	3.452824e+01	7.417776e+02
2.200000e-06	5.448137e-06	1.253356e-08	3.486127e+01	7.450521e+02
2.210000e-06	5.499297e-06	1.258827e-08	3.518863e+01	7.482424e+02
2.220000e-06	5.549403e-06	1.264335e-08	3.550924e+01	7.513475e+02
2.230000e-06	5.598628e-06	1.269749e-08	3.582422e+01	7.543683e+02
2.240000e-06	5.647185e-06	1.274590e-08	3.613493e+01	7.573081e+02
2.250000e-06	5.695089e-06	1.278929e-08	3.644145e+01	7.601717e+02
2.260000e-06	5.742280e-06	1.283319e-08	3.674342e+01	7.629658e+02
2.270000e-06	5.788856e-06	1.287989e-08	3.704144e+01	7.656976e+02
2.280000e-06	5.834847e-06	1.292746e-08	3.733573e+01	7.683741e+02
2.290000e-06	5.880107e-06	1.297590e-08	3.762534e+01	7.710017e+02
2.300000e-06	5.924748e-06	1.302407e-08	3.791098e+01	7.735849e+02
2.310000e-06	5.968825e-06	1.307078e-08	3.819302e+01	7.761262e+02
2.320000e-06	6.012184e-06	1.311325e-08	3.847046e+01	7.786255e+02
2.330000e-06	6.054708e-06	1.315074e-08	3.874256e+01	7.810808e+02
2.340000e-06	6.096276e-06	1.318621e-08	3.900855e+01	7.834880e+02
2.350000e-06	6.136938e-06	1.322352e-08	3.926873e+01	7.858418e+02
2.360000e-06	6.176965e-06	1.326424e-08	3.952485e+01	7.881367e+02
2.370000e-06	6.216406e-06	1.330734e-08	3.977723e+01	7.903677e+02
2.380000e-06	6.255107e-06	1.334706e-08	4.002487e+01	7.925309e+02
2.390000e-06	6.293068e-06	1.338220e-08	4.026777e+01	7.946244e+02
2.400000e-06	6.330266e-06	1.341649e-08	4.050579e+01	7.966486e+02
2.410000e-06	6.366820e-06	1.344830e-08	4.073969e+01	7.986058e+02
2.420000e-06	6.402810e-06	1.347653e-08	4.096999e+01	8.005005e+02
2.430000e-06	6.438009e-06	1.350445e-08	4.119521e+01	8.023382e+02
2.440000e-06	6.472263e-06	1.353778e-08	4.141439e+01	8.041249e+02
2.450000e-06	6.505547e-06	1.357311e-08	4.162737e+01	8.058665e+02
2.460000e-06	6.537973e-06	1.360434e-08	4.183486e+01	8.075675e+02
2.470000e-06	6.569658e-06	1.363150e-08	4.203760e+01	8.092308e+02
2.480000e-06	6.600662e-06	1.365756e-08	4.223599e+01	8.108571e+02
2.490000e-06	6.631010e-06	1.368426e-08	4.243017e+01	8.124450e+02
2.500000e-06	6.660619e-06	1.370845e-08	4.261964e+01	8.139913e+02
2.510000e-06	6.689499e-06	1.373217e-08	4.280443e+01	8.154913e+02
2.520000e-06	6.717788e-06	1.375704e-08	4.298545e+01	8.169398e+02
2.530000e-06	6.745374e-06	1.378286e-08	4.316196e+01	8.183318e+02
2.540000e-06	6.771953e-06	1.380759e-08	4.333204e+01	8.196632e+02
2.550000e-06	6.797401e-06	1.382924e-08	4.349487e+01	8.209319e+02
2.560000e-06	6.821937e-06	1.384939e-08	4.365187e+01	8.221376e+02
2.570000e-06	6.845717e-06	1.386825e-08	4.380403e+01	8.232824e+02
2.580000e-06	6.868723e-06	1.388593e-08	4.395124e+01	8.243702e+02
2.590000e-06	6.891009e-06	1.390214e-08	4.409385e+01	8.254066e+02
2.600000e-06	6.912539e-06	1.391875e-08	4.423161e+01	8.263977e+02
2.610000e-06	6.933285e-06	1.393872e-08	4.436436e+01	8.273497e+02
2.620000e-06	6.953393e-06	1.395594e-08	4.449302e+01	8.282676e+02
2.630000e-06	6.972859e-06	1.396892e-08	4.461759e+01	8.291551e+02
2.640000e-06	6.991412e-06	1.398376e-08	4.473630e+01	8.300135e+02
2.650000e-06	7.009024e-06	1.399988e-08	4.484900e+01	8.308419e+02
2.660000e-06	7.025895e-06	1.401364e-08	4.495695e+01	8.316372e+02
2.670000e-06	7.041920e-06	1.402438e-08	4.505949e+01	8.323946e+02
2.680000e-06	7.056914e-06	1.403461e-08	4.515543e+01	8.331085e+02
2.690000e-06	7.070931e-06	1.404519e-08	4.524512e+01	8.337730e+02
2.700000e-06	7.084077e-06	1.405651e-08	4.532924e+01	8.343831e+02
2.710000e-06	7.096345e-06	1.406457e-08	4.540774e+01	8.349353e+02
2.720000e-06	7.107612e-06	1.407187e-08	4.547983e+01	8.354283e+02
2.730000e-06	7.117745e-06	1.408125e-08	4.554467e+01	8.358633e+02
2.740000e-06	7.126789e-06	1.409003e-08	4.560254e+01	8.362439e+02
2.750000e-06	7.134954e-06	1.409704e-08	4.565479e+01	8.365756e+02
2.760000e-06	7.142416e-06	1.410076e-08	4.570254e+01	8.368654e+02
2.770000e-06	7.149054e-06	1.410367e-08	4.574501e+01	8.371208e+02
2.780000e-06	7.154810e-06	1.410750e-08	4.578184e+01	8.373487e+02
2.790000e-06	7.159817e-06	1.411143e-08	4.581388e+01	8.375548e+02
2.800000e-06	7.164140e-06	1.411238e-08	4.584154e+01	8.377426e+02
2.810000e-06	7.167664e-06	1.411266e-08	4.586409e+01	8.379133e+02
2.820000e-06	7.170178e-06	1.411430e-08	4.588018e+01	8.380654e+02
2.830000e-06	7.171627e-06	1.411409e-08	4.588945e+01	8.381947e+02
2.840000e-06	7.172119e-06	1.411433e-08	4.589260e+01	8.382955e+02
2.850000e-06	7.171864e-06	1.411575e-08	4.589097e+01	8.383609e+02
2.860000e-06	7.170887e-06	1.411751e-08	4.588472e+01	8.383835e+02
2.870000e-06	7.169145e-06	1.411846e-08	4.587357e+01	8.383571e+02
2.880000e-06	7.166677e-06	1.411659e-08	4.585778e+01	8.382767e+02
2.890000e-06	7.163453e-06	1.411229e-08	4.583715e+01	8.381395e+02
2.900000e-06	7.159588e-06	1.410881e-08	4.581242e+01	8.379454e+02
2.910000e-06	7.155102e-06	1.410488e-08	4.578371e+01	8.376965e+02
2.920000e-06	7.149642e-06	1.411282e-08	4.574878e+01	8.373972e+02
2.930000e-06	7.143077e-06	1.408703e-08	4.570676e+01	8.370536e+02
2.940000e-06	7.135538e-06	1.407811e-08	4.565852e+01	8.366724e+02
2.950000e-06	7.127030e-06	1.409939e-08	4.560409e+01	8.362605e+02
2.960000e-06	7.117384e-06	1.408820e-08	4.554237e+01	8.358236e+02
2.970000e-06	7.106765e-06	1.407402e-08	4.547441e+01	8.353664e+02
2.980000e-06	7.095672e-06	1.398855e-08	4.540343e+01	8.348911e+02
2.990000e-06	7.084051e-06	1.401681e-08	4.532908e+01	8.343978e+02
3.000000e-06	7.071342e-06	1.410810e-08	4.524775e+01	8.338847e+02
3.010000e-06	7.057522e-06	1.402615e-08	4.515932e+01	8.333477e+02
3.020000e-06	7.042907e-06	1.403442e-08	4.506581e+01	8.327815e+02
3.030000e-06	7.027291e-06	1.410017e-08	4.496588e+01	8.321803e+02
3.040000e-06	7.010687e-06	1.401039e-08	4.485963e+01	8.315377e+02
3.050000e-06	6.993427e-06	1.402026e-08	4.474919e+01	8.308481e+02
3.060000e-06	6.975379e-06	1.406706e-08	4.463371e+01	8.301067e+02
3.070000e-06	6.956526e-06	1.394282e-08	4.451308e+01	8.293100e+02
3.080000e-06	6.937015e-06	1.395407e-08	4.438823e+01	8.284557e+02
3.090000e-06	6.916892e-06	1.395969e-08	4.425947e+01	8.275426e+02
3.100000e-06	6.895959e-06	1.389590e-08	4.412552e+01	8.265706e+02
3.110000e-06	6.873863e-06	1.392444e-08	4.398413e+01	8.255405e+02
3.120000e-06	6.850670e-06	1.386424e-08	4.383572e+01	8.244529e+02
3.130000e-06	6.826692e-06	1.389352e-08	4.368230e+01	8.233089e+02
3.140000e-06	6.801986e-06	1.391213e-08	4.352421e+01	8.221093e+02
3.150000e-06	6.776393e-06	1.378960e-08	4.336045e+01	8.208544e+02
3.160000e-06	6.749934e-06	1.379865e-08	4.319114e+01	8.195447e+02
3.170000e-06	6.722774e-06	1.379117e-08	4.301735e+01	8.181802e+02
3.180000e-06	6.694921e-06	1.375535e-08	4.283913e+01	8.167612e+02
3.190000e-06	6.666110e-06	1.373196e-08	4.265478e+01	8.152883e+02
3.200000e-06	6.636323e-06	1.368395e-08	4.246417e+01	8.137625e+02
3.210000e-06	6.605801e-06	1.371957e-08	4.226887e+01	8.121854e+02
3.220000e-06	6.574436e-06	1.365868e-08	4.206817e+01	8.105590e+02
3.230000e-06	6.542108e-06	1.361547e-08	4.186131e+01	8.088859e+02
3.240000e-06	6.509005e-06	1.361329e-08	4.164950e+01	8.071686e+02
3.250000e-06	6.475260e-06	1.356904e-08	4.143357e+01	8.054095e+02
3.260000e-06	6.440869e-06	1.357061e-08	4.121351e+01	8.036104e+02
3.270000e-06	6.405780e-06	1.349415e-08	4.098899e+01	8.017721e+02
3.280000e-06	6.370007e-06	1.346904e-08	4.076008e+01	7.998944e+02
3.290000e-06	6.333517e-06	1.345751e-08	4.052660e+01	7.979757e+02
3.300000e-06	6.296187e-06	1.341232e-08	4.028773e+01	7.960131e+02
3.310000e-06	6.257912e-06	1.339137e-08	4.004282e+01	7.940030e+02
3.320000e-06	6.218687e-06	1.332911e-08	3.979183e+01	7.919409e+02
3.330000e-06	6.178682e-06	1.331848e-08	3.953585e+01	7.898224e+02
3.340000e-06	6.138107e-06	1.327045e-08	3.927622e+01	7.876433e+02
3.350000e-06	6.096912e-06	1.322125e-08	3.901262e+01	7.854004e+02
3.360000e-06	6.054891e-06	1.319299e-08	3.874374e+01	7.830915e+02
3.370000e-06	6.012204e-06	1.315465e-08	3.847059e+01	7.807160e+02
3.380000e-06	5.969008e-06	1.313645e-08	3.819419e+01	7.782747e+02
3.390000e-06	5.925230e-06	1.306446e-08	3.791407e+01	7.757695e+02
3.400000e-06	5.880788e-06	1.302335e-08	3.762970e+01	7.732033e+02
3.410000e-06	5.835598e-06	1.298219e-08	3.734054e+01	7.705793e+02
3.420000e-06	5.789723e-06	1.293890e-08	3.704699e+01	7.679005e+02
3.430000e-06	5.743144e-06	1.289111e-08	3.674894e+01	7.651694e+02
3.440000e-06	5.695823e-06	1.283727e-08	3.644615e+01	7.623870e+02
3.450000e-06	5.647791e-06	1.280886e-08	3.613881e+01	7.595530e+02
3.460000e-06	5.599098e-06	1.275009e-08	3.582723e+01	7.566657e+02
3.470000e-06	5.549738e-06	1.269571e-08	3.551139e+01	7.537218e+02
3.480000e-06	5.499607e-06	1.263870e-08	3.519061e+01	7.507170e+02
3.490000e-06	5.448764e-06	1.259728e-08	3.486528e+01	7.476463e+02
3.500000e-06	5.397285e-06	1.254677e-08	3.453588e+01	7.445049e+02
3.510000e-06	5.344960e-06	1.248288e-08	3.420106e+01	7.412884e+02
3.520000e-06	5.291633e-06	1.243099e-08	3.385984e+01	7.379935e+02
3.530000e-06	5.237442e-06	1.237863e-08	3.351308e+01	7.346182e+02
3.540000e-06	5.182529e-06	1.232615e-08	3.316171e+01	7.311620e+02
3.550000e-06	5.126976e-06	1.225636e-08	3.280624e+01	7.276262e+02
3.560000e-06	5.070808e-06	1.219361e-08	3.244683e+01	7.240128e+02
3.570000e-06	5.014081e-06	1.213204e-08	3.208385e+01	7.203250e+02
3.580000e-06	4.956832e-06	1.207007e-08	3.171753e+01	7.165658e+02
3.590000e-06	4.899015e-06	1.199824e-08	3.134758e+01	7.127379e+02
3.600000e-06	4.840533e-06	1.193035e-08	3.097336e+01	7.088431e+02
3.610000e-06	4.781520e-06	1.187255e-08	3.059575e+01	7.048818e+02
3.620000e-06	4.722088e-06	1.180722e-08	3.021546e+01	7.008530e+02
3.630000e-06	4.662072e-06	1.173328e-08	2.983144e+01	6.967537e+02
3.640000e-06	4.601458e-06	1.165621e-08	2.944358e+01	6.925801e+02
3.650000e-06	4.540227e-06	1.159137e-08	2.905178e+01	6.883269e+02
3.660000e-06	4.478359e-06	1.151864e-08	2.865590e+01	6.839888e+02
3.670000e-06	4.415904e-06	1.144179e-08	2.825626e+01	6.795603e+02
3.680000e-06	4.352891e-06	1.136226e-08	2.785306e+01	6.750366e+02
3.690000e-06	4.289286e-06	1.128713e-08	2.744607e+01	6.704138e+02
3.700000e-06	4.225151e-06	1.120734e-08	2.703569e+01	6.656893e+02
3.710000e-06	4.160629e-06	1.111840e-08	2.662283e+01	6.608617e+02
3.720000e-06	4.095691e-06	1.103406e-08	2.620730e+01	6.559306e+02
3.730000e-06	4.030227e-06	1.095319e-08	2.578842e+01	6.508964e+02
3.740000e-06	3.964295e-06	1.087001e-08	2.536653e+01	6.457597e+02
3.750000e-06	3.897966e-06	1.077704e-08	2.494211e+01	6.405206e+02
3.760000e-06	3.831229e-06	1.068644e-08	2.451508e+01	6.351789e+02
3.770000e-06	3.764103e-06	1.059750e-08	2.408555e+01	6.297327e+02
3.780000e-06	3.696582e-06	1.050536e-08	2.365350e+01	6.241793e+02
3.790000e-06	3.628582e-06	1.040543e-08	2.321839e+01	6.185143e+02
3.800000e-06	3.560036e-06	1.030718e-08	2.277978e+01	6.127325e+02
3.810000e-06	3.491069e-06	1.021124e-08	2.233848e+01	6.068276e+02
3.820000e-06	3.421734e-06	1.010817e-08	2.189482e+01	6.007934e+02
3.830000e-06	3.351922e-06	9.998388e-09	2.144811e+01	5.946238e+02
3.840000e-06	3.281592e-06	9.889668e-09	2.099809e+01	5.883137e+02
3.850000e-06	3.210776e-06	9.785449e-09	2.054496e+01	5.818589e+02
3.860000e-06	3.139535e-06	9.676178e-09	2.008910e+01	5.752569e+02
3.870000e-06	3.067895e-06	9.561760e-09	1.963070e+01	5.685063e+02
3.880000e-06	2.995902e-06	9.444739e-09	1.917003e+01	5.616072e+02
3.890000e-06	2.923601e-06	9.327592e-09	1.870739e+01	5.545600e+02
3.900000e-06	2.851040e-06	9.205723e-09	1.824309e+01	5.473656e+02
3.910000e-06	2.778218e-06	9.078282e-09	1.777712e+01	5.400244e+02
3.920000e-06	2.705046e-06	8.951682e-09	1.730892e+01	5.325354e+02
3.930000e-06	2.631497e-06	8.826132e-09	1.683829e+01	5.248964e+02
3.940000e-06	2.557609e-06	8.696654e-09	1.636550e+01	5.171030e+02
3.950000e-06	2.483419e-06	8.558924e-09	1.589078e+01	5.091489e+02
3.960000e-06	2.408955e-06	8.419687e-09	1.541430e+01	5.010257e+02
3.970000e-06	2.334200e-06	8.281842e-09	1.493596e+01	4.927237e+02
3.980000e-06	2.259125e-06	8.141768e-09	1.445558e+01	4.842320e+02
3.990000e-06	2.183754e-06	7.995750e-09	1.397330e+01	4.755391e+02
4.000000e-06	2.108091e-06	7.844131e-09	1.348915e+01	4.666340e+02
4.010000e-06	2.032142e-06	7.690749e-09	1.300317e+01	4.575063e+02
4.020000e-06	1.955940e-06	7.532795e-09	1.251557e+01	4.481471e+02
4.030000e-06	1.879468e-06	7.368436e-09	1.202625e+01	4.385488e+02
4.040000e-06	1.802761e-06	7.200352e-09	1.153542e+01	4.287055e+02
4.050000e-06	1.725870e-06	7.032832e-09	1.104341e+01	4.186124e+02
4.060000e-06	1.648719e-06	6.862006e-09	1.054974e+01	4.082658e+02
4.070000e-06	1.571287e-06	6.683470e-09	1.005427e+01	3.976620e+02
4.080000e-06	1.493593e-06	6.500037e-09	9.557130e+00	3.867972e+02
4.090000e-06	1.415744e-06	6.314740e-09	9.058990e+00	3.756662e+02
4.100000e-06	1.337802e-06	6.126343e-09	8.560258e+00	3.642623e+02
4.110000e-06	1.259704e-06	5.929675e-09	8.060531e+00	3.525762e+02
4.120000e-06	1.181393e-06	5.725894e-09	7.559438e+00	3.405961e+02
4.130000e-06	1.102795e-06	5.518326e-09	7.056513e+00	3.283075e+02
4.140000e-06	1.024024e-06	5.307052e-09	6.552471e+00	3.156928e+02
4.150000e-06	9.452110e-07	5.090028e-09	6.048169e+00	3.027321e+02
4.160000e-06	8.662375e-07	4.866564e-09	5.542837e+00	2.894032e+02
4.170000e-06	7.870797e-07	4.639750e-09	5.036327e+00	2.756826e+02
4.180000e-06	7.078391e-07	4.405844e-09	4.529286e+00	2.615454e+02
4.190000e-06	6.284906e-07	4.160075e-09	4.021555e+00	2.469669e+02
4.200000e-06	5.490602e-07	3.903357e-09	3.513299e+00	2.319230e+02
4.210000e-06	4.695530e-07	3.638900e-09	3.004552e+00	2.163913e+02
4.220000e-06	3.899399e-07	3.368363e-09	2.495128e+00	2.003522e+02
4.230000e-06	3.103054e-07	3.089932e-09	1.985567e+00	1.837897e+02
4.240000e-06	2.306643e-07	2.805301e-09	1.475963e+00	1.666929e+02
4.250000e-06	1.510118e-07	2.513890e-09	9.662868e-01	1.490571e+02
4.260000e-06	7.127778e-08	2.210462e-09	4.560887e-01	1.308849e+02
4.270000e-06	-8.541553e-09	1.895525e-09	-5.465526e-02	1.121875e+02
4.280000e-06	-8.830463e-08	1.569693e-09	-5.650393e-01	9.298563e+01
4.290000e-06	-1.679909e-07	1.236844e-09	-1.074932e+00	7.331035e+01
4.300000e-06	-2.476872e-07	8.995300e-10	-1.584888e+00	5.320323e+01
4.310000e-06	-3.273358e-07	5.554600e-10	-2.094540e+00	3.271640e+01
4.320000e-06	-4.069005e-07	2.038513e-10	-2.603655e+00	1.191197e+01
4.330000e-06	-4.864321e-07	-1.514360e-10	-3.112558e+00	-9.139190e+00
4.340000e-06	-5.658837e-07	-5.081896e-10	-3.620949e+00	-3.035907e+01
4.350000e-06	-6.452884e-07	-8.687525e-10	-4.129039e+00	-5.166472e+01
4.360000e-06	-7.246358e-07	-1.229950e-09	-4.636763e+00	-7.297083e+01
4.370000e-06	-8.038799e-07	-1.586716e-09	-5.143827e+00	-9.419239e+01
4.380000e-06	-8.829977e-07	-1.939935e-09	-5.650082e+00	-1.152476e+02
4.390000e-06	-9.619569e-07	-2.292567e-09	-6.155322e+00	-1.360603e+02
4.400000e-06	-1.040801e-06	-2.640525e-09	-6.659823e+00	-1.565625e+02
4.410000e-06	-1.119517e-06	-2.979930e-09	-7.163507e+00	-1.766958e+02
4.420000e-06	-1.197956e-06	-3.312807e-09	-7.665424e+00	-1.964128e+02
4.430000e-06	-1.276093e-06	-3.639748e-09	-8.165399e+00	-2.156772e+02
4.440000e-06	-1.354063e-06	-3.959371e-09	-8.664314e+00	-2.344636e+02
4.450000e-06	-1.431807e-06	-4.267954e-09	-9.161778e+00	-2.527567e+02
4.460000e-06	-1.509328e-06	-4.565883e-09	-9.657814e+00	-2.705495e+02
4.470000e-06	-1.586661e-06	-4.856444e-09	-1.015265e+01	-2.878418e+02
4.480000e-06	-1.663688e-06	-5.142783e-09	-1.064552e+01	-3.046382e+02
4.490000e-06	-1.740471e-06	-5.420581e-09	-1.113684e+01	-3.209462e+02
4.500000e-06	-1.816970e-06	-5.687109e-09	-1.162633e+01	-3.367746e+02
4.510000e-06	-1.893264e-06	-5.945149e-09	-1.211453e+01	-3.521323e+02
4.520000e-06	-1.969430e-06	-6.192385e-09	-1.260189e+01	-3.670273e+02
4.530000e-06	-2.045310e-06	-6.433162e-09	-1.308743e+01	-3.814668e+02
4.540000e-06	-2.120898e-06	-6.664880e-09	-1.357110e+01	-3.954567e+02
4.550000e-06	-2.196190e-06	-6.888280e-09	-1.405287e+01	-4.090027e+02
4.560000e-06	-2.271050e-06	-7.107613e-09	-1.453188e+01	-4.221105e+02
4.570000e-06	-2.345574e-06	-7.323072e-09	-1.500874e+01	-4.347867e+02
4.580000e-06	-2.419856e-06	-7.531344e-09	-1.548406e+01	-4.470395e+02
4.590000e-06	-2.493803e-06	-7.729988e-09	-1.595722e+01	-4.588791e+02
4.600000e-06	-2.567455e-06	-7.921323e-09	-1.642850e+01	-4.703178e+02
4.610000e-06	-2.640908e-06	-8.108009e-09	-1.689851e+01	-4.813700e+02
4.620000e-06	-2.714108e-06	-8.286395e-09	-1.736690e+01	-4.920518e+02
4.630000e-06	-2.786952e-06	-8.456521e-09	-1.783301e+01	-5.023801e+02
4.640000e-06	-2.859465e-06	-8.625366e-09	-1.829700e+01	-5.123718e+02
4.650000e-06	-2.931688e-06	-8.791728e-09	-1.875914e+01	-5.220432e+02
4.660000e-06	-3.003657e-06	-8.950565e-09	-1.921965e+01	-5.314093e+02
4.670000e-06	-3.075399e-06	-9.100354e-09	-1.967871e+01	-5.404827e+02
4.680000e-06	-3.146794e-06	-9.250143e-09	-2.013555e+01	-5.492743e+02
4.690000e-06	-3.217802e-06	-9.398318e-09	-2.058991e+01	-5.577923e+02
4.700000e-06	-3.288321e-06	-9.537868e-09	-2.104115e+01	-5.660436e+02
4.710000e-06	-3.358309e-06	-9.670384e-09	-2.148898e+01	-5.740335e+02
4.720000e-06	-3.427751e-06	-9.801136e-09	-2.193333e+01	-5.817672e+02
4.730000e-06	-3.496615e-06	-9.930337e-09	-2.237397e+01	-5.892501e+02
4.740000e-06	-3.565064e-06	-1.005282e-08	-2.281196e+01	-5.964883e+02
4.750000e-06	-3.633135e-06	-1.016757e-08	-2.324752e+01	-6.034899e+02
4.760000e-06	-3.700843e-06	-1.028035e-08	-2.368077e+01	-6.102644e+02
4.770000e-06	-3.768156e-06	-1.039170e-08	-2.411149e+01	-6.168230e+02
4.780000e-06	-3.835020e-06	-1.049997e-08	-2.453933e+01	-6.231782e+02
4.790000e-06	-3.901406e-06	-1.060341e-08	-2.496412e+01	-6.293434e+02
4.800000e-06	-3.967327e-06	-1.070498e-08	-2.538593e+01	-6.353315e+02
4.810000e-06	-4.032809e-06	-1.080571e-08	-2.580494e+01	-6.411551e+02
4.820000e-06	-4.097855e-06	-1.090196e-08	-2.622115e+01	-6.468250e+02
4.830000e-06	-4.162455e-06	-1.099361e-08	-2.663451e+01	-6.523501e+02
4.840000e-06	-4.226608e-06	-1.108152e-08	-2.704501e+01	-6.577368e+02
4.850000e-06	-4.290425e-06	-1.117025e-08	-2.745336e+01	-6.629896e+02
4.860000e-06	-4.353809e-06	-1.125845e-08	-2.785894e+01	-6.681107e+02
4.870000e-06	-4.416540e-06	-1.134378e-08	-2.826034e+01	-6.731014e+02
4.880000e-06	-4.478555e-06	-1.142725e-08	-2.865715e+01	-6.779619e+02
4.890000e-06	-4.539805e-06	-1.151000e-08	-2.904908e+01	-6.826927e+02
4.900000e-06	-4.600410e-06	-1.158855e-08	-2.943688e+01	-6.872954e+02
4.910000e-06	-4.660555e-06	-1.166016e-08	-2.982172e+01	-6.917725e+02
4.920000e-06	-4.720267e-06	-1.172872e-08	-3.020381e+01	-6.961285e+02
4.930000e-06	-4.779505e-06	-1.179867e-08	-3.058286e+01	-7.003693e+02
4.940000e-06	-4.838118e-06	-1.186810e-08	-3.095791e+01	-7.045024e+02
4.950000e-06	-4.896149e-06	-1.193814e-08	-3.132923e+01	-7.085360e+02
4.960000e-06	-4.953642e-06	-1.200689e-08	-3.169712e+01	-7.124783e+02
4.970000e-06	-5.010565e-06	-1.207408e-08	-3.206135e+01	-7.163370e+02
4.980000e-06	-5.066944e-06	-1.213746e-08	-3.242211e+01	-7.201184e+02
4.990000e-06	-5.122793e-06	-1.219328e-08	-3.277947e+01	-7.238270e+02
5.000000e-06	-5.178136e-06	-1.224943e-08	-3.313360e+01	-7.274650e+02
5.010000e-06	-5.232737e-06	-1.231017e-08	-3.348298e+01	-7.310325e+02
5.020000e-06	-5.286440e-06	-1.237232e-08	-3.382661e+01	-7.345277e+02
5.030000e-06	-5.339356e-06	-1.243202e-08	-3.416521e+01	-7.379477e+02
5.040000e-06	-5.391566e-06	-1.249022e-08	-3.449929e+01	-7.412888e+02
5.050000e-06	-5.443053e-06	-1.254698e-08	-3.482874e+01	-7.445476e+02
5.060000e-06	-5.493794e-06	-1.259962e-08	-3.515342e+01	-7.477218e+02
5.070000e-06	-5.543837e-06	-1.264553e-08	-3.547363e+01	-7.508109e+02
5.080000e-06	-5.593118e-06	-1.268938e-08	-3.578897e+01	-7.538161e+02
5.090000e-06	-5.641348e-06	-1.273727e-08	-3.609757e+01	-7.567411e+02
5.100000e-06	-5.688641e-06	-1.278431e-08	-3.640019e+01	-7.595911e+02
5.110000e-06	-5.735272e-06	-1.282876e-08	-3.669857e+01	-7.623728e+02
5.120000e-06	-5.781325e-06	-1.287318e-08	-3.699326e+01	-7.650936e+02
5.130000e-06	-5.826794e-06	-1.291884e-08	-3.728420e+01	-7.677605e+02
5.140000e-06	-5.871587e-06	-1.296412e-08	-3.757082e+01	-7.703794e+02
5.150000e-06	-5.915768e-06	-1.300765e-08	-3.785352e+01	-7.729545e+02
5.160000e-06	-5.959487e-06	-1.304852e-08	-3.813327e+01	-7.754879e+02
5.170000e-06	-6.002659e-06	-1.308767e-08	-3.840951e+01	-7.779791e+02
5.180000e-06	-6.045167e-06	-1.312397e-08	-3.868152e+01	-7.804257e+02
5.190000e-06	-6.087027e-06	-1.315650e-08	-3.894936e+01	-7.828232e+02
5.200000e-06	-6.128181e-06	-1.318926e-08	-3.921270e+01	-7.851663e+02
5.210000e-06	-6.168627e-06	-1.322594e-08	-3.947150e+01	-7.874495e+02
5.220000e-06	-6.208403e-06	-1.326712e-08	-3.972602e+01	-7.896679e+02
5.230000e-06	-6.247451e-06	-1.330597e-08	-3.997588e+01	-7.918180e+02
5.240000e-06	-6.285655e-06	-1.334054e-08	-4.022034e+01	-7.938983e+02
5.250000e-06	-6.322927e-06	-1.337181e-08	-4.045883e+01	-7.959096e+02
5.260000e-06	-6.359314e-06	-1.340251e-08	-4.069166e+01	-7.978547e+02
5.270000e-06	-6.394963e-06	-1.343136e-08	-4.091977e+01	-7.997381e+02
5.280000e-06	-6.429932e-06	-1.345520e-08	-4.114353e+01	-8.015657e+02
5.290000e-06	-6.464211e-06	-1.348061e-08	-4.136287e+01	-8.033435e+02
5.300000e-06	-6.497763e-06	-1.350889e-08	-4.157756e+01	-8.050770e+02
5.310000e-06	-6.530576e-06	-1.353816e-08	-4.178753e+01	-8.067707e+02
5.320000e-06	-6.562709e-06	-1.356659e-08	-4.199314e+01	-8.084270e+02
5.330000e-06	-6.594177e-06	-1.359352e-08	-4.219449e+01	-8.100462e+02
5.340000e-06	-6.624798e-06	-1.362114e-08	-4.239043e+01	-8.116266e+02
5.350000e-06	-6.654392e-06	-1.364674e-08	-4.257979e+01	-8.131645e+02
5.360000e-06	-6.682949e-06	-1.367121e-08	-4.276252e+01	-8.146551e+02
5.370000e-06	-6.710695e-06	-1.369454e-08	-4.294006e+01	-8.160933e+02
5.380000e-06	-6.737836e-06	-1.371637e-08	-4.311373e+01	-8.174741e+02
5.390000e-06	-6.764289e-06	-1.373705e-08	-4.328300e+01	-8.187938e+02
5.400000e-06	-6.789874e-06	-1.375516e-08	-4.344671e+01	-8.200505e+02
5.410000e-06	-6.814610e-06	-1.377555e-08	-4.360499e+01	-8.212445e+02
5.420000e-06	-6.838694e-06	-1.379914e-08	-4.375910e+01	-8.223781e+02
5.430000e-06	-6.862150e-06	-1.382025e-08	-4.390919e+01	-8.234558e+02
5.440000e-06	-6.884696e-06	-1.383720e-08	-4.405345e+01	-8.244831e+02
5.450000e-06	-6.906108e-06	-1.385506e-08	-4.419046e+01	-8.254663e+02
5.460000e-06	-6.926545e-06	-1.387344e-08	-4.432123e+01	-8.264115e+02
5.470000e-06	-6.946258e-06	-1.388840e-08	-4.444737e+01	-8.273234e+02
5.480000e-06	-6.965259e-06	-1.389946e-08	-4.456895e+01	-8.282053e+02
5.490000e-06	-6.983481e-06	-1.391145e-08	-4.468555e+01	-8.290582e+02
5.500000e-06	-7.000912e-06	-1.392698e-08	-4.479709e+01	-8.298805e+02
5.510000e-06	-7.017553e-06	-1.394444e-08	-4.490357e+01	-8.306691e+02
5.520000e-06	-7.033434e-06	-1.396130e-08	-4.500519e+01	-8.314187e+02
5.530000e-06	-7.048559e-06	-1.397595e-08	-4.510197e+01	-8.321237e+02
5.540000e-06	-7.062651e-06	-1.398786e-08	-4.519214e+01	-8.327782e+02
5.550000e-06	-7.075447e-06	-1.399867e-08	-4.527402e+01	-8.333776e+02
5.560000e-06	-7.087167e-06	-1.400633e-08	-4.534901e+01	-8.339186e+02
5.570000e-06	-7.098062e-06	-1.401171e-08	-4.541873e+01	-8.344005e+02
5.580000e-06	-7.108197e-06	-1.401919e-08	-4.548358e+01	-8.348248e+02
5.590000e-06	-7.117542e-06	-1.402648e-08	-4.554338e+01	-8.351957e+02
5.600000e-06	-7.126067e-06	-1.403440e-08	-4.559792e+01	-8.355189e+02
5.610000e-06	-7.133912e-06	-1.404080e-08	-4.564812e+01	-8.358016e+02
5.620000e-06	-7.141019e-06	-1.404766e-08	-4.569360e+01	-8.360513e+02
5.630000e-06	-7.147103e-06	-1.405369e-08	-4.573253e+01	-8.362746e+02
5.640000e-06	-7.152064e-06	-1.405868e-08	-4.576427e+01	-8.364770e+02
5.650000e-06	-7.156121e-06	-1.406308e-08	-4.579023e+01	-8.366615e+02
5.660000e-06	-7.159460e-06	-1.406596e-08	-4.581159e+01	-8.368288e+02
5.670000e-06	-7.162049e-06	-1.406941e-08	-4.582817e+01	-8.369769e+02
5.680000e-06	-7.163850e-06	-1.407327e-08	-4.583969e+01	-8.371013e+02
5.690000e-06	-7.164769e-06	-1.407745e-08	-4.584557e+01	-8.371959e+02
