# Temperatura_=_20.0
# Concentracion g/m^3_=_12000.0
# C_Vs_to_Am_M_A/Vsm_=_59384043850.047264
# pendiente_HvsI_1/m_=_3716.3
# ordenada_HvsI_A/m_=_1297.0
# frecuencia_Hz_=_175556.6613577662

Tiempo_(s)	Campo_(V.s)	Magnetizacion_(V.s)	Campo_(kA/m)	Magnetizacion_(A/m)
0.000000e+00	-7.185582e-06	-1.430612e-08	-4.584253e+01	-8.498328e+02
1.000000e-08	-7.185288e-06	-1.430836e-08	-4.584066e+01	-8.498389e+02
2.000000e-08	-7.184375e-06	-1.430763e-08	-4.583484e+01	-8.498046e+02
3.000000e-08	-7.182596e-06	-1.430860e-08	-4.582349e+01	-8.497252e+02
4.000000e-08	-7.179621e-06	-1.430634e-08	-4.580451e+01	-8.495970e+02
5.000000e-08	-7.175635e-06	-1.429889e-08	-4.577908e+01	-8.494178e+02
6.000000e-08	-7.171039e-06	-1.429147e-08	-4.574975e+01	-8.491875e+02
7.000000e-08	-7.165764e-06	-1.428609e-08	-4.571610e+01	-8.489083e+02
8.000000e-08	-7.159627e-06	-1.429089e-08	-4.567695e+01	-8.485842e+02
9.000000e-08	-7.152545e-06	-1.427879e-08	-4.563177e+01	-8.482211e+02
1.000000e-07	-7.144455e-06	-1.421915e-08	-4.558016e+01	-8.478255e+02
1.100000e-07	-7.135521e-06	-1.421001e-08	-4.552315e+01	-8.474040e+02
1.200000e-07	-7.125604e-06	-1.423564e-08	-4.545989e+01	-8.469621e+02
1.300000e-07	-7.114567e-06	-1.428980e-08	-4.538947e+01	-8.465036e+02
1.400000e-07	-7.102672e-06	-1.432701e-08	-4.531359e+01	-8.460299e+02
1.500000e-07	-7.090014e-06	-1.414625e-08	-4.523283e+01	-8.455397e+02
1.600000e-07	-7.076477e-06	-1.418128e-08	-4.514646e+01	-8.450289e+02
1.700000e-07	-7.062117e-06	-1.432047e-08	-4.505485e+01	-8.444913e+02
1.800000e-07	-7.046535e-06	-1.416485e-08	-4.495544e+01	-8.439189e+02
1.900000e-07	-7.029671e-06	-1.414630e-08	-4.484786e+01	-8.433033e+02
2.000000e-07	-7.012180e-06	-1.416689e-08	-4.473627e+01	-8.426360e+02
2.100000e-07	-6.993973e-06	-1.411427e-08	-4.462011e+01	-8.419099e+02
2.200000e-07	-6.974874e-06	-1.420463e-08	-4.449826e+01	-8.411197e+02
2.300000e-07	-6.955042e-06	-1.417391e-08	-4.437174e+01	-8.402626e+02
2.400000e-07	-6.934564e-06	-1.403109e-08	-4.424109e+01	-8.393385e+02
2.500000e-07	-6.913406e-06	-1.409559e-08	-4.410611e+01	-8.383495e+02
2.600000e-07	-6.891462e-06	-1.409811e-08	-4.396611e+01	-8.372997e+02
2.700000e-07	-6.868740e-06	-1.406772e-08	-4.382115e+01	-8.361944e+02
2.800000e-07	-6.845355e-06	-1.401575e-08	-4.367196e+01	-8.350391e+02
2.900000e-07	-6.821246e-06	-1.394835e-08	-4.351814e+01	-8.338386e+02
3.000000e-07	-6.796270e-06	-1.405565e-08	-4.335880e+01	-8.325964e+02
3.100000e-07	-6.770324e-06	-1.402619e-08	-4.319328e+01	-8.313140e+02
3.200000e-07	-6.743269e-06	-1.390435e-08	-4.302067e+01	-8.299908e+02
3.300000e-07	-6.715227e-06	-1.388828e-08	-4.284177e+01	-8.286241e+02
3.400000e-07	-6.686503e-06	-1.393423e-08	-4.265851e+01	-8.272095e+02
3.500000e-07	-6.657143e-06	-1.389993e-08	-4.247120e+01	-8.257417e+02
3.600000e-07	-6.627027e-06	-1.380939e-08	-4.227907e+01	-8.242151e+02
3.700000e-07	-6.596006e-06	-1.381415e-08	-4.208116e+01	-8.226250e+02
3.800000e-07	-6.564101e-06	-1.382730e-08	-4.187761e+01	-8.209678e+02
3.900000e-07	-6.531656e-06	-1.378750e-08	-4.167062e+01	-8.192420e+02
4.000000e-07	-6.498705e-06	-1.375133e-08	-4.146040e+01	-8.174485e+02
4.100000e-07	-6.464804e-06	-1.368644e-08	-4.124412e+01	-8.155901e+02
4.200000e-07	-6.429689e-06	-1.368723e-08	-4.102009e+01	-8.136714e+02
4.300000e-07	-6.393658e-06	-1.367002e-08	-4.079022e+01	-8.116982e+02
4.400000e-07	-6.357085e-06	-1.360094e-08	-4.055690e+01	-8.096766e+02
4.500000e-07	-6.319882e-06	-1.357119e-08	-4.031955e+01	-8.076122e+02
4.600000e-07	-6.281832e-06	-1.355456e-08	-4.007680e+01	-8.055091e+02
4.700000e-07	-6.243073e-06	-1.353923e-08	-3.982952e+01	-8.033697e+02
4.800000e-07	-6.203605e-06	-1.347753e-08	-3.957773e+01	-8.011939e+02
4.900000e-07	-6.163470e-06	-1.343835e-08	-3.932167e+01	-7.989792e+02
5.000000e-07	-6.122850e-06	-1.341289e-08	-3.906252e+01	-7.967213e+02
5.100000e-07	-6.081501e-06	-1.338051e-08	-3.879872e+01	-7.944141e+02
5.200000e-07	-6.039072e-06	-1.333151e-08	-3.852804e+01	-7.920509e+02
5.300000e-07	-5.995544e-06	-1.327673e-08	-3.825034e+01	-7.896251e+02
5.400000e-07	-5.951277e-06	-1.325775e-08	-3.796792e+01	-7.871308e+02
5.500000e-07	-5.906462e-06	-1.322504e-08	-3.768201e+01	-7.845637e+02
5.600000e-07	-5.860945e-06	-1.316757e-08	-3.739163e+01	-7.819215e+02
5.700000e-07	-5.814781e-06	-1.311305e-08	-3.709711e+01	-7.792040e+02
5.800000e-07	-5.767952e-06	-1.307803e-08	-3.679835e+01	-7.764127e+02
5.900000e-07	-5.720311e-06	-1.304043e-08	-3.649441e+01	-7.735509e+02
6.000000e-07	-5.672100e-06	-1.297626e-08	-3.618683e+01	-7.706224e+02
6.100000e-07	-5.623335e-06	-1.292501e-08	-3.587572e+01	-7.676312e+02
6.200000e-07	-5.573607e-06	-1.288890e-08	-3.555847e+01	-7.645808e+02
6.300000e-07	-5.522799e-06	-1.284768e-08	-3.523432e+01	-7.614731e+02
6.400000e-07	-5.471167e-06	-1.277874e-08	-3.490492e+01	-7.583086e+02
6.500000e-07	-5.418782e-06	-1.271274e-08	-3.457071e+01	-7.550857e+02
6.600000e-07	-5.365641e-06	-1.266632e-08	-3.423169e+01	-7.518013e+02
6.700000e-07	-5.311883e-06	-1.260975e-08	-3.388872e+01	-7.484508e+02
6.800000e-07	-5.257483e-06	-1.253724e-08	-3.354166e+01	-7.450291e+02
6.900000e-07	-5.202436e-06	-1.247155e-08	-3.319047e+01	-7.415307e+02
7.000000e-07	-5.146836e-06	-1.242804e-08	-3.283576e+01	-7.379510e+02
7.100000e-07	-5.090695e-06	-1.237618e-08	-3.247759e+01	-7.342866e+02
7.200000e-07	-5.034107e-06	-1.230465e-08	-3.211657e+01	-7.305356e+02
7.300000e-07	-4.976974e-06	-1.222935e-08	-3.175207e+01	-7.266981e+02
7.400000e-07	-4.918951e-06	-1.217026e-08	-3.138190e+01	-7.227757e+02
7.500000e-07	-4.860046e-06	-1.210576e-08	-3.100609e+01	-7.187713e+02
7.600000e-07	-4.800511e-06	-1.202497e-08	-3.062627e+01	-7.146886e+02
7.700000e-07	-4.740496e-06	-1.194754e-08	-3.024339e+01	-7.105313e+02
7.800000e-07	-4.679964e-06	-1.188599e-08	-2.985721e+01	-7.063023e+02
7.900000e-07	-4.618882e-06	-1.182390e-08	-2.946751e+01	-7.020034e+02
8.000000e-07	-4.557310e-06	-1.174637e-08	-2.907470e+01	-6.976346e+02
8.100000e-07	-4.495281e-06	-1.166629e-08	-2.867897e+01	-6.931939e+02
8.200000e-07	-4.432710e-06	-1.159874e-08	-2.827978e+01	-6.886775e+02
8.300000e-07	-4.369537e-06	-1.152776e-08	-2.787675e+01	-6.840801e+02
8.400000e-07	-4.305934e-06	-1.144009e-08	-2.747097e+01	-6.793954e+02
8.500000e-07	-4.241904e-06	-1.135073e-08	-2.706247e+01	-6.746166e+02
8.600000e-07	-4.177364e-06	-1.127147e-08	-2.665072e+01	-6.697372e+02
8.700000e-07	-4.112409e-06	-1.119491e-08	-2.623633e+01	-6.647518e+02
8.800000e-07	-4.047067e-06	-1.110647e-08	-2.581946e+01	-6.596560e+02
8.900000e-07	-3.981120e-06	-1.101416e-08	-2.539872e+01	-6.544472e+02
9.000000e-07	-3.914486e-06	-1.093219e-08	-2.497361e+01	-6.491241e+02
9.100000e-07	-3.847254e-06	-1.085076e-08	-2.454469e+01	-6.436867e+02
9.200000e-07	-3.779597e-06	-1.075697e-08	-2.411305e+01	-6.381357e+02
9.300000e-07	-3.711615e-06	-1.065632e-08	-2.367934e+01	-6.324721e+02
9.400000e-07	-3.643201e-06	-1.056071e-08	-2.324288e+01	-6.266963e+02
9.500000e-07	-3.574383e-06	-1.046718e-08	-2.280383e+01	-6.208077e+02
9.600000e-07	-3.505255e-06	-1.036249e-08	-2.236280e+01	-6.148044e+02
9.700000e-07	-3.435785e-06	-1.025188e-08	-2.191960e+01	-6.086829e+02
9.800000e-07	-3.365943e-06	-1.014983e-08	-2.147402e+01	-6.024381e+02
9.900000e-07	-3.295667e-06	-1.005382e-08	-2.102568e+01	-5.960637e+02
1.000000e-06	-3.224863e-06	-9.947509e-09	-2.057396e+01	-5.895528e+02
1.010000e-06	-3.153659e-06	-9.832586e-09	-2.011969e+01	-5.828983e+02
1.020000e-06	-3.082118e-06	-9.721499e-09	-1.966328e+01	-5.760933e+02
1.030000e-06	-3.010272e-06	-9.613003e-09	-1.920492e+01	-5.691321e+02
1.040000e-06	-2.938190e-06	-9.492591e-09	-1.874505e+01	-5.620104e+02
1.050000e-06	-2.865772e-06	-9.362569e-09	-1.828304e+01	-5.547252e+02
1.060000e-06	-2.792954e-06	-9.237816e-09	-1.781847e+01	-5.472750e+02
1.070000e-06	-2.719808e-06	-9.117948e-09	-1.735181e+01	-5.396592e+02
1.080000e-06	-2.646256e-06	-8.990198e-09	-1.688257e+01	-5.318775e+02
1.090000e-06	-2.572217e-06	-8.853828e-09	-1.641022e+01	-5.239298e+02
1.100000e-06	-2.497771e-06	-8.720099e-09	-1.593526e+01	-5.158146e+02
1.110000e-06	-2.422994e-06	-8.589310e-09	-1.545821e+01	-5.075290e+02
1.120000e-06	-2.347824e-06	-8.450952e-09	-1.497863e+01	-4.990683e+02
1.130000e-06	-2.272248e-06	-8.300715e-09	-1.449647e+01	-4.904254e+02
1.140000e-06	-2.196404e-06	-8.147700e-09	-1.401260e+01	-4.815911e+02
1.150000e-06	-2.120225e-06	-7.996886e-09	-1.352660e+01	-4.725548e+02
1.160000e-06	-2.043744e-06	-7.840045e-09	-1.303867e+01	-4.633046e+02
1.170000e-06	-1.967049e-06	-7.677464e-09	-1.254937e+01	-4.538281e+02
1.180000e-06	-1.890130e-06	-7.519153e-09	-1.205864e+01	-4.441138e+02
1.190000e-06	-1.812997e-06	-7.362813e-09	-1.156655e+01	-4.341512e+02
1.200000e-06	-1.735640e-06	-7.195924e-09	-1.107303e+01	-4.239315e+02
1.210000e-06	-1.658163e-06	-7.013992e-09	-1.057874e+01	-4.134480e+02
1.220000e-06	-1.580531e-06	-6.828331e-09	-1.008346e+01	-4.026961e+02
1.230000e-06	-1.502626e-06	-6.645798e-09	-9.586443e+00	-3.916726e+02
1.240000e-06	-1.424517e-06	-6.457038e-09	-9.088129e+00	-3.803752e+02
1.250000e-06	-1.346259e-06	-6.257498e-09	-8.588859e+00	-3.688017e+02
1.260000e-06	-1.267787e-06	-6.055068e-09	-8.088219e+00	-3.569482e+02
1.270000e-06	-1.189058e-06	-5.853845e-09	-7.585944e+00	-3.448090e+02
1.280000e-06	-1.110117e-06	-5.645635e-09	-7.082321e+00	-3.323745e+02
1.290000e-06	-1.031094e-06	-5.424167e-09	-6.578169e+00	-3.196315e+02
1.300000e-06	-9.519323e-07	-5.197267e-09	-6.073132e+00	-3.065619e+02
1.310000e-06	-8.725686e-07	-4.971591e-09	-5.566808e+00	-2.931433e+02
1.320000e-06	-7.931353e-07	-4.742499e-09	-5.060040e+00	-2.793495e+02
1.330000e-06	-7.136082e-07	-4.502625e-09	-4.552674e+00	-2.651511e+02
1.340000e-06	-6.339219e-07	-4.253465e-09	-4.044291e+00	-2.505169e+02
1.350000e-06	-5.541744e-07	-3.999492e-09	-3.535519e+00	-2.354156e+02
1.360000e-06	-4.743767e-07	-3.736886e-09	-3.026426e+00	-2.198177e+02
1.370000e-06	-3.944350e-07	-3.457189e-09	-2.516414e+00	-2.036971e+02
1.380000e-06	-3.143883e-07	-3.165172e-09	-2.005733e+00	-1.870330e+02
1.390000e-06	-2.343163e-07	-2.871134e-09	-1.494890e+00	-1.698115e+02
1.400000e-06	-1.542091e-07	-2.575657e-09	-9.838225e-01	-1.520272e+02
1.410000e-06	-7.414062e-08	-2.273252e-09	-4.730019e-01	-1.336841e+02
1.420000e-06	5.915332e-09	-1.959314e-09	3.773860e-02	-1.147964e+02
1.430000e-06	8.597147e-08	-1.638577e-09	5.484803e-01	-9.538892e+01
1.440000e-06	1.660517e-07	-1.305923e-09	1.059376e+00	-7.549727e+01
1.450000e-06	2.462084e-07	-9.556211e-10	1.570759e+00	-5.516720e+01
1.460000e-06	3.262741e-07	-5.917423e-10	2.081562e+00	-3.445417e+01
1.470000e-06	4.062371e-07	-2.287391e-10	2.591709e+00	-1.342222e+01
1.480000e-06	4.861546e-07	1.285018e-10	3.101566e+00	7.857298e+00
1.490000e-06	5.659739e-07	4.858762e-10	3.610797e+00	2.930728e+01
1.500000e-06	6.457662e-07	8.428182e-10	4.119855e+00	5.084673e+01
1.510000e-06	7.255589e-07	1.197841e-09	4.628917e+00	7.239272e+01
1.520000e-06	8.051681e-07	1.551066e-09	5.136807e+00	9.386253e+01
1.530000e-06	8.845839e-07	1.912030e-09	5.643463e+00	1.151758e+02
1.540000e-06	9.638714e-07	2.275284e-09	6.149301e+00	1.362566e+02
1.550000e-06	1.043005e-06	2.632037e-09	6.654158e+00	1.570355e+02
1.560000e-06	1.121919e-06	2.977674e-09	7.157614e+00	1.774511e+02
1.570000e-06	1.200599e-06	3.314439e-09	7.659572e+00	1.974515e+02
1.580000e-06	1.279135e-06	3.638519e-09	8.160617e+00	2.169951e+02
1.590000e-06	1.357511e-06	3.950674e-09	8.660640e+00	2.360509e+02
1.600000e-06	1.435697e-06	4.254926e-09	9.159450e+00	2.545982e+02
1.610000e-06	1.513724e-06	4.555643e-09	9.657245e+00	2.726261e+02
1.620000e-06	1.591546e-06	4.854215e-09	1.015374e+01	2.901322e+02
1.630000e-06	1.669093e-06	5.143478e-09	1.064847e+01	3.071207e+02
1.640000e-06	1.746384e-06	5.422240e-09	1.114157e+01	3.236010e+02
1.650000e-06	1.823514e-06	5.689486e-09	1.163365e+01	3.395857e+02
1.660000e-06	1.900429e-06	5.949679e-09	1.212435e+01	3.550887e+02
1.670000e-06	1.977067e-06	6.199592e-09	1.261328e+01	3.701239e+02
1.680000e-06	2.053421e-06	6.441367e-09	1.310041e+01	3.847038e+02
1.690000e-06	2.129554e-06	6.679718e-09	1.358612e+01	3.988388e+02
1.700000e-06	2.205472e-06	6.914116e-09	1.407046e+01	4.125375e+02
1.710000e-06	2.281108e-06	7.137851e-09	1.455300e+01	4.258063e+02
1.720000e-06	2.356387e-06	7.352429e-09	1.503326e+01	4.386504e+02
1.730000e-06	2.431232e-06	7.560749e-09	1.551076e+01	4.510744e+02
1.740000e-06	2.505708e-06	7.763225e-09	1.598590e+01	4.630839e+02
1.750000e-06	2.579858e-06	7.959792e-09	1.645897e+01	4.746855e+02
1.760000e-06	2.653610e-06	8.147985e-09	1.692949e+01	4.858883e+02
1.770000e-06	2.726888e-06	8.329161e-09	1.739698e+01	4.967043e+02
1.780000e-06	2.799734e-06	8.504589e-09	1.786173e+01	5.071479e+02
1.790000e-06	2.872247e-06	8.674742e-09	1.832434e+01	5.172362e+02
1.800000e-06	2.944461e-06	8.836705e-09	1.878505e+01	5.269881e+02
1.810000e-06	3.016355e-06	8.991849e-09	1.924373e+01	5.364235e+02
1.820000e-06	3.087979e-06	9.144573e-09	1.970067e+01	5.455621e+02
1.830000e-06	3.159366e-06	9.291876e-09	2.015611e+01	5.544222e+02
1.840000e-06	3.230371e-06	9.432957e-09	2.060911e+01	5.630205e+02
1.850000e-06	3.300960e-06	9.569200e-09	2.105945e+01	5.713704e+02
1.860000e-06	3.371143e-06	9.703487e-09	2.150720e+01	5.794828e+02
1.870000e-06	3.440896e-06	9.837925e-09	2.195221e+01	5.873650e+02
1.880000e-06	3.510248e-06	9.969584e-09	2.239466e+01	5.950222e+02
1.890000e-06	3.579186e-06	1.009654e-08	2.283447e+01	6.024572e+02
1.900000e-06	3.647747e-06	1.021832e-08	2.327187e+01	6.096722e+02
1.910000e-06	3.715949e-06	1.033437e-08	2.370699e+01	6.166691e+02
1.920000e-06	3.783720e-06	1.044498e-08	2.413935e+01	6.234504e+02
1.930000e-06	3.851023e-06	1.055269e-08	2.456873e+01	6.300206e+02
1.940000e-06	3.917844e-06	1.065792e-08	2.499504e+01	6.363856e+02
1.950000e-06	3.984031e-06	1.076418e-08	2.541730e+01	6.425537e+02
1.960000e-06	4.049586e-06	1.087158e-08	2.583553e+01	6.485348e+02
1.970000e-06	4.114632e-06	1.097561e-08	2.625050e+01	6.543402e+02
1.980000e-06	4.179107e-06	1.107309e-08	2.666185e+01	6.599817e+02
1.990000e-06	4.243113e-06	1.116534e-08	2.707019e+01	6.654709e+02
2.000000e-06	4.306812e-06	1.125193e-08	2.747657e+01	6.708186e+02
2.010000e-06	4.370101e-06	1.133365e-08	2.788035e+01	6.760337e+02
2.020000e-06	4.432820e-06	1.141384e-08	2.828048e+01	6.811234e+02
2.030000e-06	4.494995e-06	1.149774e-08	2.867714e+01	6.860927e+02
2.040000e-06	4.556719e-06	1.158499e-08	2.907093e+01	6.909445e+02
2.050000e-06	4.617968e-06	1.166857e-08	2.946168e+01	6.956806e+02
2.060000e-06	4.678735e-06	1.174970e-08	2.984937e+01	7.003016e+02
2.070000e-06	4.739039e-06	1.182997e-08	3.023410e+01	7.048083e+02
2.080000e-06	4.798902e-06	1.190548e-08	3.061600e+01	7.092016e+02
2.090000e-06	4.858159e-06	1.197435e-08	3.099406e+01	7.134839e+02
2.100000e-06	4.916635e-06	1.203907e-08	3.136712e+01	7.176589e+02
2.110000e-06	4.974257e-06	1.210527e-08	3.173474e+01	7.217316e+02
2.120000e-06	5.031061e-06	1.217431e-08	3.209713e+01	7.257086e+02
2.130000e-06	5.087307e-06	1.224305e-08	3.245598e+01	7.295968e+02
2.140000e-06	5.143123e-06	1.231028e-08	3.281207e+01	7.334038e+02
2.150000e-06	5.198398e-06	1.237578e-08	3.316471e+01	7.371363e+02
2.160000e-06	5.253087e-06	1.244014e-08	3.351361e+01	7.407997e+02
2.170000e-06	5.307165e-06	1.249921e-08	3.385862e+01	7.443978e+02
2.180000e-06	5.360609e-06	1.255451e-08	3.419958e+01	7.479321e+02
2.190000e-06	5.413441e-06	1.261065e-08	3.453664e+01	7.514022e+02
2.200000e-06	5.465521e-06	1.266952e-08	3.486890e+01	7.548056e+02
2.210000e-06	5.516668e-06	1.272643e-08	3.519521e+01	7.581383e+02
2.220000e-06	5.566925e-06	1.278203e-08	3.551584e+01	7.613960e+02
2.230000e-06	5.616385e-06	1.283928e-08	3.583138e+01	7.645742e+02
2.240000e-06	5.665059e-06	1.289286e-08	3.614191e+01	7.676694e+02
2.250000e-06	5.713042e-06	1.294078e-08	3.644804e+01	7.706798e+02
2.260000e-06	5.760398e-06	1.298616e-08	3.675015e+01	7.736053e+02
2.270000e-06	5.807076e-06	1.303293e-08	3.704795e+01	7.764483e+02
2.280000e-06	5.853044e-06	1.308343e-08	3.734121e+01	7.792129e+02
2.290000e-06	5.898366e-06	1.313424e-08	3.763036e+01	7.819047e+02
2.300000e-06	5.943120e-06	1.318274e-08	3.791588e+01	7.845303e+02
2.310000e-06	5.987292e-06	1.322965e-08	3.819769e+01	7.870964e+02
2.320000e-06	6.030808e-06	1.327068e-08	3.847532e+01	7.896087e+02
2.330000e-06	6.073524e-06	1.330753e-08	3.874783e+01	7.920718e+02
2.340000e-06	6.115302e-06	1.334251e-08	3.901437e+01	7.944884e+02
2.350000e-06	6.156134e-06	1.338160e-08	3.927487e+01	7.968588e+02
2.360000e-06	6.196206e-06	1.342659e-08	3.953052e+01	7.991816e+02
2.370000e-06	6.235714e-06	1.347336e-08	3.978257e+01	8.014536e+02
2.380000e-06	6.274564e-06	1.351776e-08	4.003043e+01	8.036709e+02
2.390000e-06	6.312600e-06	1.355871e-08	4.027309e+01	8.058290e+02
2.400000e-06	6.349903e-06	1.359152e-08	4.051107e+01	8.079241e+02
2.410000e-06	6.386545e-06	1.361797e-08	4.074485e+01	8.099537e+02
2.420000e-06	6.422560e-06	1.364410e-08	4.097461e+01	8.119168e+02
2.430000e-06	6.457940e-06	1.367346e-08	4.120033e+01	8.138147e+02
2.440000e-06	6.492321e-06	1.370781e-08	4.141967e+01	8.156503e+02
2.450000e-06	6.525582e-06	1.374402e-08	4.163187e+01	8.174282e+02
2.460000e-06	6.558047e-06	1.378203e-08	4.183899e+01	8.191540e+02
2.470000e-06	6.589868e-06	1.381505e-08	4.204200e+01	8.208335e+02
2.480000e-06	6.621012e-06	1.384143e-08	4.224069e+01	8.224720e+02
2.490000e-06	6.651435e-06	1.386064e-08	4.243479e+01	8.240733e+02
2.500000e-06	6.681102e-06	1.387988e-08	4.262406e+01	8.256396e+02
2.510000e-06	6.710031e-06	1.390236e-08	4.280862e+01	8.271710e+02
2.520000e-06	6.738365e-06	1.392648e-08	4.298938e+01	8.286654e+02
2.530000e-06	6.765993e-06	1.395425e-08	4.316564e+01	8.301190e+02
2.540000e-06	6.792542e-06	1.398406e-08	4.333502e+01	8.315268e+02
2.550000e-06	6.817971e-06	1.401267e-08	4.349725e+01	8.328831e+02
2.560000e-06	6.842524e-06	1.403523e-08	4.365389e+01	8.341828e+02
2.570000e-06	6.866366e-06	1.405304e-08	4.380600e+01	8.354217e+02
2.580000e-06	6.889497e-06	1.406857e-08	4.395357e+01	8.365973e+02
2.590000e-06	6.911822e-06	1.408471e-08	4.409601e+01	8.377091e+02
2.600000e-06	6.933337e-06	1.410042e-08	4.423326e+01	8.387587e+02
2.610000e-06	6.954130e-06	1.411946e-08	4.436592e+01	8.397496e+02
2.620000e-06	6.974293e-06	1.413803e-08	4.449456e+01	8.406867e+02
2.630000e-06	6.993741e-06	1.415425e-08	4.461863e+01	8.415754e+02
2.640000e-06	7.012334e-06	1.416884e-08	4.473725e+01	8.424214e+02
2.650000e-06	7.030078e-06	1.418175e-08	4.485045e+01	8.432292e+02
2.660000e-06	7.046928e-06	1.419479e-08	4.495795e+01	8.440022e+02
2.670000e-06	7.062820e-06	1.420594e-08	4.505934e+01	8.447419e+02
2.680000e-06	7.077773e-06	1.421594e-08	4.515474e+01	8.454480e+02
2.690000e-06	7.091850e-06	1.422618e-08	4.524455e+01	8.461185e+02
2.700000e-06	7.105049e-06	1.423651e-08	4.532875e+01	8.467501e+02
2.710000e-06	7.117326e-06	1.424640e-08	4.540707e+01	8.473389e+02
2.720000e-06	7.128637e-06	1.425703e-08	4.547924e+01	8.478810e+02
2.730000e-06	7.138776e-06	1.426743e-08	4.554393e+01	8.483735e+02
2.740000e-06	7.147769e-06	1.427820e-08	4.560130e+01	8.488144e+02
2.750000e-06	7.155983e-06	1.428324e-08	4.565370e+01	8.492036e+02
2.760000e-06	7.163445e-06	1.428578e-08	4.570131e+01	8.495430e+02
2.770000e-06	7.170052e-06	1.429033e-08	4.574346e+01	8.498356e+02
2.780000e-06	7.175887e-06	1.429588e-08	4.578068e+01	8.500858e+02
2.790000e-06	7.180920e-06	1.430116e-08	4.581279e+01	8.502984e+02
2.800000e-06	7.185276e-06	1.430481e-08	4.584059e+01	8.504779e+02
2.810000e-06	7.188947e-06	1.430672e-08	4.586400e+01	8.506280e+02
2.820000e-06	7.191523e-06	1.430515e-08	4.588044e+01	8.507508e+02
2.830000e-06	7.192915e-06	1.430148e-08	4.588932e+01	8.508466e+02
2.840000e-06	7.193429e-06	1.429764e-08	4.589260e+01	8.509138e+02
2.850000e-06	7.193214e-06	1.429503e-08	4.589123e+01	8.509490e+02
2.860000e-06	7.192237e-06	1.429725e-08	4.588499e+01	8.509479e+02
2.870000e-06	7.190487e-06	1.430483e-08	4.587383e+01	8.509056e+02
2.880000e-06	7.187963e-06	1.430798e-08	4.585772e+01	8.508173e+02
2.890000e-06	7.184768e-06	1.430904e-08	4.583734e+01	8.506797e+02
2.900000e-06	7.181039e-06	1.430606e-08	4.581355e+01	8.504909e+02
2.910000e-06	7.176589e-06	1.429550e-08	4.578516e+01	8.502513e+02
2.920000e-06	7.171026e-06	1.427703e-08	4.574967e+01	8.499633e+02
2.930000e-06	7.164309e-06	1.424718e-08	4.570682e+01	8.496315e+02
2.940000e-06	7.156711e-06	1.432127e-08	4.565834e+01	8.492618e+02
2.950000e-06	7.148157e-06	1.435006e-08	4.560377e+01	8.488610e+02
2.960000e-06	7.138398e-06	1.430602e-08	4.554151e+01	8.484353e+02
2.970000e-06	7.127681e-06	1.419984e-08	4.547314e+01	8.479901e+02
2.980000e-06	7.116526e-06	1.411217e-08	4.540197e+01	8.475288e+02
2.990000e-06	7.104889e-06	1.433888e-08	4.532773e+01	8.470522e+02
3.000000e-06	7.092016e-06	1.428704e-08	4.524560e+01	8.465585e+02
3.010000e-06	7.077930e-06	1.413925e-08	4.515574e+01	8.460433e+02
3.020000e-06	7.063135e-06	1.435132e-08	4.506135e+01	8.454998e+02
3.030000e-06	7.047370e-06	1.431729e-08	4.496077e+01	8.449201e+02
3.040000e-06	7.030616e-06	1.424407e-08	4.485388e+01	8.442955e+02
3.050000e-06	7.013280e-06	1.435795e-08	4.474328e+01	8.436177e+02
3.060000e-06	6.995182e-06	1.417985e-08	4.462782e+01	8.428799e+02
3.070000e-06	6.976215e-06	1.412579e-08	4.450681e+01	8.420774e+02
3.080000e-06	6.956645e-06	1.432052e-08	4.438197e+01	8.412077e+02
3.090000e-06	6.936369e-06	1.417390e-08	4.425261e+01	8.402712e+02
3.100000e-06	6.915213e-06	1.416131e-08	4.411764e+01	8.392705e+02
3.110000e-06	6.892841e-06	1.416747e-08	4.397491e+01	8.382100e+02
3.120000e-06	6.869348e-06	1.413140e-08	4.382503e+01	8.370949e+02
3.130000e-06	6.845354e-06	1.424548e-08	4.367195e+01	8.359309e+02
3.140000e-06	6.820641e-06	1.402957e-08	4.351429e+01	8.347224e+02
3.150000e-06	6.794984e-06	1.403957e-08	4.335060e+01	8.334726e+02
3.160000e-06	6.768465e-06	1.418194e-08	4.318141e+01	8.321828e+02
3.170000e-06	6.741184e-06	1.402199e-08	4.300736e+01	8.308517e+02
3.180000e-06	6.713330e-06	1.398963e-08	4.282966e+01	8.294764e+02
3.190000e-06	6.684590e-06	1.394522e-08	4.264631e+01	8.280523e+02
3.200000e-06	6.654659e-06	1.400073e-08	4.245535e+01	8.265739e+02
3.210000e-06	6.623786e-06	1.398917e-08	4.225839e+01	8.250358e+02
3.220000e-06	6.592259e-06	1.381548e-08	4.205725e+01	8.234334e+02
3.230000e-06	6.560035e-06	1.390730e-08	4.185167e+01	8.217634e+02
3.240000e-06	6.526929e-06	1.386729e-08	4.164047e+01	8.200249e+02
3.250000e-06	6.493126e-06	1.384876e-08	4.142481e+01	8.182190e+02
3.260000e-06	6.458725e-06	1.378202e-08	4.120534e+01	8.163489e+02
3.270000e-06	6.423563e-06	1.369679e-08	4.098101e+01	8.144195e+02
3.280000e-06	6.387810e-06	1.378983e-08	4.075292e+01	8.124369e+02
3.290000e-06	6.351251e-06	1.368122e-08	4.051967e+01	8.104069e+02
3.300000e-06	6.313528e-06	1.365872e-08	4.027901e+01	8.083350e+02
3.310000e-06	6.274773e-06	1.361454e-08	4.003176e+01	8.062251e+02
3.320000e-06	6.235296e-06	1.359434e-08	3.977991e+01	8.040790e+02
3.330000e-06	6.195281e-06	1.358551e-08	3.952462e+01	8.018962e+02
3.340000e-06	6.154624e-06	1.345893e-08	3.926524e+01	7.996739e+02
3.350000e-06	6.113265e-06	1.346922e-08	3.900138e+01	7.974072e+02
3.360000e-06	6.071153e-06	1.343068e-08	3.873271e+01	7.950901e+02
3.370000e-06	6.028375e-06	1.341965e-08	3.845979e+01	7.927157e+02
3.380000e-06	5.985092e-06	1.334543e-08	3.818366e+01	7.902775e+02
3.390000e-06	5.941304e-06	1.328162e-08	3.790430e+01	7.877698e+02
3.400000e-06	5.896852e-06	1.329568e-08	3.762070e+01	7.851888e+02
3.410000e-06	5.851483e-06	1.322158e-08	3.733126e+01	7.825325e+02
3.420000e-06	5.805398e-06	1.317079e-08	3.703725e+01	7.798010e+02
3.430000e-06	5.758715e-06	1.309525e-08	3.673942e+01	7.769963e+02
3.440000e-06	5.711301e-06	1.308797e-08	3.643692e+01	7.741217e+02
3.450000e-06	5.663088e-06	1.304311e-08	3.612934e+01	7.711813e+02
3.460000e-06	5.614075e-06	1.295950e-08	3.581664e+01	7.681788e+02
3.470000e-06	5.564365e-06	1.291214e-08	3.549950e+01	7.651176e+02
3.480000e-06	5.513933e-06	1.287628e-08	3.517776e+01	7.619993e+02
3.490000e-06	5.462831e-06	1.284599e-08	3.485174e+01	7.588240e+02
3.500000e-06	5.411088e-06	1.275303e-08	3.452163e+01	7.555900e+02
3.510000e-06	5.358536e-06	1.269840e-08	3.418636e+01	7.522936e+02
3.520000e-06	5.304993e-06	1.265775e-08	3.384476e+01	7.489302e+02
3.530000e-06	5.250486e-06	1.261192e-08	3.349702e+01	7.454945e+02
3.540000e-06	5.195289e-06	1.253039e-08	3.314487e+01	7.419813e+02
3.550000e-06	5.139570e-06	1.246202e-08	3.278940e+01	7.383860e+02
3.560000e-06	5.083353e-06	1.242403e-08	3.243075e+01	7.347054e+02
3.570000e-06	5.026569e-06	1.236590e-08	3.206848e+01	7.309382e+02
3.580000e-06	4.969136e-06	1.228576e-08	3.170206e+01	7.270847e+02
3.590000e-06	4.911069e-06	1.220363e-08	3.133161e+01	7.231467e+02
3.600000e-06	4.852423e-06	1.215981e-08	3.095746e+01	7.191274e+02
3.610000e-06	4.793300e-06	1.209334e-08	3.058027e+01	7.150305e+02
3.620000e-06	4.733783e-06	1.200876e-08	3.020056e+01	7.108596e+02
3.630000e-06	4.673791e-06	1.192302e-08	2.981783e+01	7.066175e+02
3.640000e-06	4.613083e-06	1.186566e-08	2.943052e+01	7.023056e+02
3.650000e-06	4.551593e-06	1.180220e-08	2.903823e+01	6.979235e+02
3.660000e-06	4.489375e-06	1.171235e-08	2.864129e+01	6.934690e+02
3.670000e-06	4.426544e-06	1.162790e-08	2.824044e+01	6.889380e+02
3.680000e-06	4.363261e-06	1.156042e-08	2.783671e+01	6.843247e+02
3.690000e-06	4.299495e-06	1.148924e-08	2.742989e+01	6.796229e+02
3.700000e-06	4.235257e-06	1.139226e-08	2.702007e+01	6.748258e+02
3.710000e-06	4.170662e-06	1.130050e-08	2.660797e+01	6.699270e+02
3.720000e-06	4.105578e-06	1.122278e-08	2.619275e+01	6.649212e+02
3.730000e-06	4.039922e-06	1.114819e-08	2.577387e+01	6.598044e+02
3.740000e-06	3.973825e-06	1.104669e-08	2.535219e+01	6.545742e+02
3.750000e-06	3.907355e-06	1.094595e-08	2.492812e+01	6.492297e+02
3.760000e-06	3.840472e-06	1.086123e-08	2.450142e+01	6.437710e+02
3.770000e-06	3.773189e-06	1.077599e-08	2.407217e+01	6.381989e+02
3.780000e-06	3.705604e-06	1.067250e-08	2.364099e+01	6.325143e+02
3.790000e-06	3.637623e-06	1.056588e-08	2.320729e+01	6.267175e+02
3.800000e-06	3.569064e-06	1.047631e-08	2.276989e+01	6.208076e+02
3.810000e-06	3.499923e-06	1.038430e-08	2.232879e+01	6.147825e+02
3.820000e-06	3.430241e-06	1.027210e-08	2.188423e+01	6.086383e+02
3.830000e-06	3.360031e-06	1.015098e-08	2.143631e+01	6.023698e+02
3.840000e-06	3.289300e-06	1.004643e-08	2.098506e+01	5.959704e+02
3.850000e-06	3.218144e-06	9.944624e-09	2.053110e+01	5.894332e+02
3.860000e-06	3.146692e-06	9.829048e-09	2.007525e+01	5.827509e+02
3.870000e-06	3.074924e-06	9.707273e-09	1.961738e+01	5.759171e+02
3.880000e-06	3.002853e-06	9.597297e-09	1.915758e+01	5.689262e+02
3.890000e-06	2.930486e-06	9.485886e-09	1.869590e+01	5.617741e+02
3.900000e-06	2.857800e-06	9.356726e-09	1.823218e+01	5.544581e+02
3.910000e-06	2.784811e-06	9.218868e-09	1.776652e+01	5.469769e+02
3.920000e-06	2.711493e-06	9.090351e-09	1.729877e+01	5.393300e+02
3.930000e-06	2.637838e-06	8.965535e-09	1.682887e+01	5.315173e+02
3.940000e-06	2.563889e-06	8.828171e-09	1.635708e+01	5.235384e+02
3.950000e-06	2.489596e-06	8.683494e-09	1.588311e+01	5.153915e+02
3.960000e-06	2.414971e-06	8.545700e-09	1.540702e+01	5.070736e+02
3.970000e-06	2.340100e-06	8.412510e-09	1.492936e+01	4.985794e+02
3.980000e-06	2.264956e-06	8.266933e-09	1.444995e+01	4.899014e+02
3.990000e-06	2.189482e-06	8.110867e-09	1.396845e+01	4.810302e+02
4.000000e-06	2.113721e-06	7.958144e-09	1.348511e+01	4.719547e+02
4.010000e-06	2.037678e-06	7.808559e-09	1.299997e+01	4.626630e+02
4.020000e-06	1.961319e-06	7.646093e-09	1.251281e+01	4.531429e+02
4.030000e-06	1.884657e-06	7.473293e-09	1.202373e+01	4.433828e+02
4.040000e-06	1.807703e-06	7.302292e-09	1.153277e+01	4.333726e+02
4.050000e-06	1.730470e-06	7.134330e-09	1.104004e+01	4.231040e+02
4.060000e-06	1.652934e-06	6.958753e-09	1.054538e+01	4.125705e+02
4.070000e-06	1.575096e-06	6.771895e-09	1.004879e+01	4.017679e+02
4.080000e-06	1.497044e-06	6.586152e-09	9.550832e+00	3.906932e+02
4.090000e-06	1.418797e-06	6.404407e-09	9.051634e+00	3.793444e+02
4.100000e-06	1.340353e-06	6.215653e-09	8.551177e+00	3.677187e+02
4.110000e-06	1.261738e-06	6.011719e-09	8.049627e+00	3.558123e+02
4.120000e-06	1.183012e-06	5.802887e-09	7.547372e+00	3.436186e+02
4.130000e-06	1.104237e-06	5.594684e-09	7.044804e+00	3.311275e+02
4.140000e-06	1.025307e-06	5.379986e-09	6.541249e+00	3.183247e+02
4.150000e-06	9.462148e-07	5.155501e-09	6.036656e+00	3.051916e+02
4.160000e-06	8.670469e-07	4.927673e-09	5.531581e+00	2.917048e+02
4.170000e-06	7.877340e-07	4.701317e-09	5.025581e+00	2.778375e+02
4.180000e-06	7.082923e-07	4.467446e-09	4.518759e+00	2.635598e+02
4.190000e-06	6.288285e-07	4.219160e-09	4.011797e+00	2.488404e+02
4.200000e-06	5.493090e-07	3.960480e-09	3.504478e+00	2.336483e+02
4.210000e-06	4.697003e-07	3.698100e-09	2.996591e+00	2.179543e+02
4.220000e-06	3.900354e-07	3.425402e-09	2.488346e+00	2.017332e+02
4.230000e-06	3.103203e-07	3.137949e-09	1.979780e+00	1.849654e+02
4.240000e-06	2.305300e-07	2.844422e-09	1.470734e+00	1.676386e+02
4.250000e-06	1.506698e-07	2.548398e-09	9.612422e-01	1.497490e+02
4.260000e-06	7.077417e-08	2.241915e-09	4.515246e-01	1.313024e+02
4.270000e-06	-9.120612e-09	1.920606e-09	-5.818763e-02	1.123150e+02
4.280000e-06	-8.903916e-08	1.589602e-09	-5.680516e-01	9.281385e+01
4.290000e-06	-1.690253e-07	1.254637e-09	-1.078347e+00	7.283625e+01
4.300000e-06	-2.490144e-07	9.121187e-10	-1.588661e+00	5.242992e+01
4.310000e-06	-3.288697e-07	5.604835e-10	-2.098121e+00	3.165202e+01
4.320000e-06	-4.086473e-07	2.027918e-10	-2.607086e+00	1.056807e+01
4.330000e-06	-4.884361e-07	-1.579738e-10	-3.116122e+00	-1.074938e+01
4.340000e-06	-5.681198e-07	-5.210313e-10	-3.624487e+00	-3.222235e+01
4.350000e-06	-6.476855e-07	-8.872522e-10	-4.132100e+00	-5.376932e+01
4.360000e-06	-7.272443e-07	-1.251586e-09	-4.639669e+00	-7.530724e+01
4.370000e-06	-8.067041e-07	-1.612025e-09	-5.146606e+00	-9.675366e+01
4.380000e-06	-8.860011e-07	-1.967870e-09	-5.652505e+00	-1.180289e+02
4.390000e-06	-9.651607e-07	-2.322466e-09	-6.157526e+00	-1.390581e+02
4.400000e-06	-1.044160e-06	-2.674072e-09	-6.661529e+00	-1.597732e+02
4.410000e-06	-1.123024e-06	-3.018381e-09	-7.164662e+00	-1.801146e+02
4.420000e-06	-1.201739e-06	-3.355972e-09	-7.666851e+00	-2.000322e+02
4.430000e-06	-1.280298e-06	-3.685316e-09	-8.168040e+00	-2.194863e+02
4.440000e-06	-1.358684e-06	-4.009608e-09	-8.668127e+00	-2.384479e+02
4.450000e-06	-1.436804e-06	-4.325508e-09	-9.166516e+00	-2.568984e+02
4.460000e-06	-1.514674e-06	-4.629654e-09	-9.663307e+00	-2.748284e+02
4.470000e-06	-1.592361e-06	-4.924032e-09	-1.015893e+01	-2.922368e+02
4.480000e-06	-1.669834e-06	-5.209376e-09	-1.065320e+01	-3.091292e+02
4.490000e-06	-1.747084e-06	-5.484992e-09	-1.114604e+01	-3.255155e+02
4.500000e-06	-1.823982e-06	-5.750272e-09	-1.163663e+01	-3.414088e+02
4.510000e-06	-1.900555e-06	-6.007300e-09	-1.212515e+01	-3.568230e+02
4.520000e-06	-1.976907e-06	-6.258029e-09	-1.261226e+01	-3.717719e+02
4.530000e-06	-2.052927e-06	-6.503588e-09	-1.309725e+01	-3.862675e+02
4.540000e-06	-2.128580e-06	-6.740459e-09	-1.357990e+01	-4.003202e+02
4.550000e-06	-2.203890e-06	-6.969529e-09	-1.406037e+01	-4.139378e+02
4.560000e-06	-2.278952e-06	-7.192377e-09	-1.453924e+01	-4.271265e+02
4.570000e-06	-2.353823e-06	-7.406557e-09	-1.501690e+01	-4.398914e+02
4.580000e-06	-2.428396e-06	-7.611330e-09	-1.549266e+01	-4.522372e+02
4.590000e-06	-2.502664e-06	-7.810153e-09	-1.596648e+01	-4.641695e+02
4.600000e-06	-2.576632e-06	-8.004592e-09	-1.643838e+01	-4.756956e+02
4.610000e-06	-2.650255e-06	-8.193550e-09	-1.690808e+01	-4.868249e+02
4.620000e-06	-2.723577e-06	-8.373013e-09	-1.737586e+01	-4.975697e+02
4.630000e-06	-2.796610e-06	-8.545351e-09	-1.784180e+01	-5.079453e+02
4.640000e-06	-2.869403e-06	-8.716010e-09	-1.830620e+01	-5.179690e+02
4.650000e-06	-2.941886e-06	-8.881256e-09	-1.876863e+01	-5.276601e+02
4.660000e-06	-3.014057e-06	-9.038560e-09	-1.922906e+01	-5.370383e+02
4.670000e-06	-3.085917e-06	-9.190483e-09	-1.968752e+01	-5.461232e+02
4.680000e-06	-3.157410e-06	-9.343507e-09	-2.014362e+01	-5.549330e+02
4.690000e-06	-3.228563e-06	-9.491077e-09	-2.059757e+01	-5.634837e+02
4.700000e-06	-3.299323e-06	-9.628428e-09	-2.104900e+01	-5.717884e+02
4.710000e-06	-3.369674e-06	-9.763906e-09	-2.149783e+01	-5.798570e+02
4.720000e-06	-3.439581e-06	-9.900175e-09	-2.194382e+01	-5.876967e+02
4.730000e-06	-3.508902e-06	-1.003183e-08	-2.238607e+01	-5.953120e+02
4.740000e-06	-3.577615e-06	-1.015412e-08	-2.282445e+01	-6.027056e+02
4.750000e-06	-3.645831e-06	-1.027234e-08	-2.325965e+01	-6.098795e+02
4.760000e-06	-3.713568e-06	-1.039057e-08	-2.369180e+01	-6.168356e+02
4.770000e-06	-3.780890e-06	-1.050556e-08	-2.412130e+01	-6.235770e+02
4.780000e-06	-3.847823e-06	-1.061444e-08	-2.454832e+01	-6.301081e+02
4.790000e-06	-3.914371e-06	-1.071961e-08	-2.497288e+01	-6.364355e+02
4.800000e-06	-3.980554e-06	-1.082398e-08	-2.539511e+01	-6.425676e+02
4.810000e-06	-4.046222e-06	-1.092475e-08	-2.581406e+01	-6.485149e+02
4.820000e-06	-4.111412e-06	-1.102175e-08	-2.622997e+01	-6.542886e+02
4.830000e-06	-4.176154e-06	-1.111646e-08	-2.664300e+01	-6.599006e+02
4.840000e-06	-4.240364e-06	-1.120862e-08	-2.705265e+01	-6.653625e+02
4.850000e-06	-4.304170e-06	-1.129787e-08	-2.745972e+01	-6.706846e+02
4.860000e-06	-4.367546e-06	-1.138522e-08	-2.786405e+01	-6.758757e+02
4.870000e-06	-4.430362e-06	-1.147203e-08	-2.826480e+01	-6.809425e+02
4.880000e-06	-4.492562e-06	-1.155777e-08	-2.866162e+01	-6.858895e+02
4.890000e-06	-4.554110e-06	-1.164017e-08	-2.905428e+01	-6.907195e+02
4.900000e-06	-4.615027e-06	-1.171991e-08	-2.944292e+01	-6.954339e+02
4.910000e-06	-4.675325e-06	-1.179896e-08	-2.982761e+01	-7.000334e+02
4.920000e-06	-4.735075e-06	-1.187391e-08	-3.020881e+01	-7.045186e+02
4.930000e-06	-4.794339e-06	-1.194504e-08	-3.058690e+01	-7.088909e+02
4.940000e-06	-4.853174e-06	-1.201622e-08	-3.096225e+01	-7.131527e+02
4.950000e-06	-4.911532e-06	-1.208900e-08	-3.133456e+01	-7.173080e+02
4.960000e-06	-4.969235e-06	-1.215935e-08	-3.170270e+01	-7.213622e+02
4.970000e-06	-5.026312e-06	-1.222499e-08	-3.206684e+01	-7.253219e+02
4.980000e-06	-5.082826e-06	-1.228732e-08	-3.242738e+01	-7.291943e+02
4.990000e-06	-5.138772e-06	-1.234898e-08	-3.278431e+01	-7.329868e+02
5.000000e-06	-5.194170e-06	-1.240968e-08	-3.313773e+01	-7.367059e+02
5.010000e-06	-5.248954e-06	-1.247075e-08	-3.348725e+01	-7.403568e+02
5.020000e-06	-5.302990e-06	-1.253363e-08	-3.383199e+01	-7.439428e+02
5.030000e-06	-5.356174e-06	-1.259768e-08	-3.417129e+01	-7.474652e+02
5.040000e-06	-5.408486e-06	-1.265842e-08	-3.450503e+01	-7.509230e+02
5.050000e-06	-5.460036e-06	-1.271376e-08	-3.483391e+01	-7.543134e+02
5.060000e-06	-5.510869e-06	-1.276886e-08	-3.515821e+01	-7.576323e+02
5.070000e-06	-5.561026e-06	-1.282358e-08	-3.547820e+01	-7.608754e+02
5.080000e-06	-5.610531e-06	-1.287722e-08	-3.579403e+01	-7.640382e+02
5.090000e-06	-5.659243e-06	-1.292860e-08	-3.610481e+01	-7.671175e+02
5.100000e-06	-5.706949e-06	-1.297929e-08	-3.640916e+01	-7.701119e+02
5.110000e-06	-5.753707e-06	-1.303024e-08	-3.670746e+01	-7.730217e+02
5.120000e-06	-5.799762e-06	-1.307651e-08	-3.700129e+01	-7.758495e+02
5.130000e-06	-5.845199e-06	-1.311767e-08	-3.729117e+01	-7.785999e+02
5.140000e-06	-5.890091e-06	-1.315921e-08	-3.757757e+01	-7.812788e+02
5.150000e-06	-5.934369e-06	-1.320297e-08	-3.786005e+01	-7.838927e+02
5.160000e-06	-5.978053e-06	-1.324796e-08	-3.813875e+01	-7.864482e+02
5.170000e-06	-6.021208e-06	-1.329030e-08	-3.841407e+01	-7.889510e+02
5.180000e-06	-6.063743e-06	-1.332914e-08	-3.868543e+01	-7.914052e+02
5.190000e-06	-6.105624e-06	-1.336603e-08	-3.895262e+01	-7.938131e+02
5.200000e-06	-6.146832e-06	-1.340312e-08	-3.921553e+01	-7.961747e+02
5.210000e-06	-6.187365e-06	-1.343837e-08	-3.947412e+01	-7.984882e+02
5.220000e-06	-6.227209e-06	-1.347206e-08	-3.972831e+01	-8.007503e+02
5.230000e-06	-6.266381e-06	-1.350782e-08	-3.997822e+01	-8.029567e+02
5.240000e-06	-6.304786e-06	-1.354135e-08	-4.022324e+01	-8.051032e+02
5.250000e-06	-6.342200e-06	-1.357409e-08	-4.046193e+01	-8.071861e+02
5.260000e-06	-6.378624e-06	-1.360578e-08	-4.069431e+01	-8.092032e+02
5.270000e-06	-6.414311e-06	-1.363893e-08	-4.092199e+01	-8.111539e+02
5.280000e-06	-6.449359e-06	-1.367147e-08	-4.114559e+01	-8.130398e+02
5.290000e-06	-6.483674e-06	-1.370025e-08	-4.136451e+01	-8.148641e+02
5.300000e-06	-6.517252e-06	-1.372547e-08	-4.157873e+01	-8.166318e+02
5.310000e-06	-6.550048e-06	-1.375108e-08	-4.178796e+01	-8.183485e+02
5.320000e-06	-6.582172e-06	-1.377855e-08	-4.199290e+01	-8.200198e+02
5.330000e-06	-6.613687e-06	-1.380376e-08	-4.219396e+01	-8.216510e+02
5.340000e-06	-6.644432e-06	-1.382861e-08	-4.239011e+01	-8.232456e+02
5.350000e-06	-6.674206e-06	-1.385578e-08	-4.258006e+01	-8.248054e+02
5.360000e-06	-6.702862e-06	-1.388594e-08	-4.276288e+01	-8.263300e+02
5.370000e-06	-6.730658e-06	-1.391297e-08	-4.294021e+01	-8.278171e+02
5.380000e-06	-6.757816e-06	-1.393571e-08	-4.311348e+01	-8.292625e+02
5.390000e-06	-6.784268e-06	-1.395573e-08	-4.328223e+01	-8.306609e+02
5.400000e-06	-6.809896e-06	-1.397444e-08	-4.344574e+01	-8.320070e+02
5.410000e-06	-6.834649e-06	-1.399308e-08	-4.360365e+01	-8.332955e+02
5.420000e-06	-6.858721e-06	-1.401325e-08	-4.375723e+01	-8.345226e+02
5.430000e-06	-6.882189e-06	-1.403326e-08	-4.390695e+01	-8.356861e+02
5.440000e-06	-6.904846e-06	-1.405407e-08	-4.405150e+01	-8.367861e+02
5.450000e-06	-6.926352e-06	-1.407656e-08	-4.418870e+01	-8.378243e+02
5.460000e-06	-6.946732e-06	-1.409579e-08	-4.431872e+01	-8.388047e+02
5.470000e-06	-6.966399e-06	-1.411129e-08	-4.444419e+01	-8.397322e+02
5.480000e-06	-6.985427e-06	-1.412227e-08	-4.456559e+01	-8.406125e+02
5.490000e-06	-7.003658e-06	-1.413357e-08	-4.468189e+01	-8.414509e+02
5.500000e-06	-7.021092e-06	-1.414651e-08	-4.479312e+01	-8.422519e+02
5.510000e-06	-7.037782e-06	-1.416223e-08	-4.489960e+01	-8.430186e+02
5.520000e-06	-7.053698e-06	-1.417882e-08	-4.500114e+01	-8.437520e+02
5.530000e-06	-7.068880e-06	-1.419368e-08	-4.509800e+01	-8.444516e+02
5.540000e-06	-7.083094e-06	-1.420574e-08	-4.518868e+01	-8.451151e+02
5.550000e-06	-7.096089e-06	-1.421695e-08	-4.527159e+01	-8.457389e+02
5.560000e-06	-7.107985e-06	-1.422582e-08	-4.534748e+01	-8.463192e+02
5.570000e-06	-7.118936e-06	-1.423302e-08	-4.541735e+01	-8.468522e+02
5.580000e-06	-7.129027e-06	-1.424344e-08	-4.548173e+01	-8.473349e+02
5.590000e-06	-7.138344e-06	-1.425380e-08	-4.554117e+01	-8.477661e+02
5.600000e-06	-7.146918e-06	-1.426287e-08	-4.559587e+01	-8.481458e+02
5.610000e-06	-7.154790e-06	-1.426957e-08	-4.564609e+01	-8.484760e+02
5.620000e-06	-7.161890e-06	-1.427802e-08	-4.569138e+01	-8.487603e+02
5.630000e-06	-7.168007e-06	-1.428287e-08	-4.573041e+01	-8.490030e+02
5.640000e-06	-7.172940e-06	-1.428419e-08	-4.576188e+01	-8.492090e+02
5.650000e-06	-7.176845e-06	-1.428604e-08	-4.578679e+01	-8.493828e+02
5.660000e-06	-7.180097e-06	-1.429031e-08	-4.580754e+01	-8.495276e+02
5.670000e-06	-7.182637e-06	-1.429572e-08	-4.582375e+01	-8.496453e+02
5.680000e-06	-7.184399e-06	-1.429889e-08	-4.583499e+01	-8.497359e+02
5.690000e-06	-7.185340e-06	-1.430287e-08	-4.584099e+01	-8.497973e+02
