# Temperatura_=_20.0
# Concentracion g/m^3_=_12000.0
# C_Vs_to_Am_M_A/Vsm_=_59384043850.047264
# pendiente_HvsI_1/m_=_3716.3
# ordenada_HvsI_A/m_=_1297.0
# frecuencia_Hz_=_175552.1914448869

Tiempo_(s)	Campo_(V.s)	Magnetizacion_(V.s)	Campo_(kA/m)	Magnetizacion_(A/m)
0.000000e+00	-7.245296e-06	-1.431371e-08	-4.584667e+01	-8.503252e+02
1.000000e-08	-7.245057e-06	-1.431215e-08	-4.584516e+01	-8.503394e+02
2.000000e-08	-7.244054e-06	-1.431651e-08	-4.583881e+01	-8.503009e+02
3.000000e-08	-7.241917e-06	-1.431794e-08	-4.582529e+01	-8.502064e+02
4.000000e-08	-7.238708e-06	-1.431444e-08	-4.580499e+01	-8.500541e+02
5.000000e-08	-7.234753e-06	-1.431076e-08	-4.577996e+01	-8.498447e+02
6.000000e-08	-7.230132e-06	-1.430371e-08	-4.575072e+01	-8.495804e+02
7.000000e-08	-7.224732e-06	-1.429284e-08	-4.571655e+01	-8.492653e+02
8.000000e-08	-7.218503e-06	-1.427480e-08	-4.567713e+01	-8.489049e+02
9.000000e-08	-7.211365e-06	-1.425576e-08	-4.563197e+01	-8.485048e+02
1.000000e-07	-7.203341e-06	-1.427498e-08	-4.558119e+01	-8.480709e+02
1.100000e-07	-7.194292e-06	-1.428704e-08	-4.552393e+01	-8.476083e+02
1.200000e-07	-7.184028e-06	-1.426723e-08	-4.545898e+01	-8.471209e+02
1.300000e-07	-7.172774e-06	-1.426093e-08	-4.538777e+01	-8.466112e+02
1.400000e-07	-7.160762e-06	-1.421063e-08	-4.531176e+01	-8.460799e+02
1.500000e-07	-7.147894e-06	-1.425134e-08	-4.523033e+01	-8.455265e+02
1.600000e-07	-7.134229e-06	-1.428163e-08	-4.514386e+01	-8.449488e+02
1.700000e-07	-7.119663e-06	-1.415989e-08	-4.505169e+01	-8.443442e+02
1.800000e-07	-7.103734e-06	-1.421098e-08	-4.495090e+01	-8.437091e+02
1.900000e-07	-7.086782e-06	-1.423794e-08	-4.484363e+01	-8.430403e+02
2.000000e-07	-7.069195e-06	-1.415918e-08	-4.473234e+01	-8.423344e+02
2.100000e-07	-7.050807e-06	-1.422096e-08	-4.461599e+01	-8.415887e+02
2.200000e-07	-7.031600e-06	-1.417177e-08	-4.449445e+01	-8.408010e+02
2.300000e-07	-7.011670e-06	-1.406341e-08	-4.436834e+01	-8.399693e+02
2.400000e-07	-6.991079e-06	-1.414832e-08	-4.423804e+01	-8.390921e+02
2.500000e-07	-6.969777e-06	-1.414141e-08	-4.410325e+01	-8.381677e+02
2.600000e-07	-6.947595e-06	-1.406599e-08	-4.396288e+01	-8.371943e+02
2.700000e-07	-6.924584e-06	-1.406580e-08	-4.381728e+01	-8.361698e+02
2.800000e-07	-6.900953e-06	-1.405870e-08	-4.366774e+01	-8.350916e+02
2.900000e-07	-6.876570e-06	-1.407656e-08	-4.351345e+01	-8.339566e+02
3.000000e-07	-6.851261e-06	-1.400335e-08	-4.335330e+01	-8.327616e+02
3.100000e-07	-6.824850e-06	-1.395906e-08	-4.318618e+01	-8.315037e+02
3.200000e-07	-6.797417e-06	-1.398891e-08	-4.301259e+01	-8.301804e+02
3.300000e-07	-6.769209e-06	-1.398485e-08	-4.283409e+01	-8.287900e+02
3.400000e-07	-6.740315e-06	-1.392962e-08	-4.265126e+01	-8.273322e+02
3.500000e-07	-6.710708e-06	-1.386372e-08	-4.246392e+01	-8.258082e+02
3.600000e-07	-6.680245e-06	-1.386851e-08	-4.227115e+01	-8.242205e+02
3.700000e-07	-6.648926e-06	-1.386379e-08	-4.207297e+01	-8.225732e+02
3.800000e-07	-6.616963e-06	-1.380257e-08	-4.187071e+01	-8.208711e+02
3.900000e-07	-6.584447e-06	-1.377334e-08	-4.166496e+01	-8.191198e+02
4.000000e-07	-6.551190e-06	-1.376152e-08	-4.145452e+01	-8.173246e+02
4.100000e-07	-6.516896e-06	-1.374786e-08	-4.123751e+01	-8.154901e+02
4.200000e-07	-6.481519e-06	-1.370397e-08	-4.101366e+01	-8.136195e+02
4.300000e-07	-6.445298e-06	-1.364606e-08	-4.078446e+01	-8.117145e+02
4.400000e-07	-6.408411e-06	-1.363251e-08	-4.055104e+01	-8.097745e+02
4.500000e-07	-6.370817e-06	-1.360537e-08	-4.031316e+01	-8.077972e+02
4.600000e-07	-6.332414e-06	-1.356726e-08	-4.007015e+01	-8.057784e+02
4.700000e-07	-6.293252e-06	-1.351407e-08	-3.982234e+01	-8.037126e+02
4.800000e-07	-6.253519e-06	-1.348925e-08	-3.957092e+01	-8.015938e+02
4.900000e-07	-6.213199e-06	-1.346805e-08	-3.931578e+01	-7.994158e+02
5.000000e-07	-6.172082e-06	-1.342372e-08	-3.905560e+01	-7.971733e+02
5.100000e-07	-6.130016e-06	-1.338130e-08	-3.878942e+01	-7.948622e+02
5.200000e-07	-6.086984e-06	-1.334191e-08	-3.851712e+01	-7.924801e+02
5.300000e-07	-6.043099e-06	-1.331336e-08	-3.823943e+01	-7.900263e+02
5.400000e-07	-5.998546e-06	-1.326467e-08	-3.795750e+01	-7.875020e+02
5.500000e-07	-5.953395e-06	-1.320423e-08	-3.767180e+01	-7.849098e+02
5.600000e-07	-5.907566e-06	-1.315903e-08	-3.738180e+01	-7.822531e+02
5.700000e-07	-5.861051e-06	-1.312340e-08	-3.708747e+01	-7.795355e+02
5.800000e-07	-5.813783e-06	-1.307565e-08	-3.678836e+01	-7.767604e+02
5.900000e-07	-5.765846e-06	-1.301706e-08	-3.648503e+01	-7.739300e+02
6.000000e-07	-5.717295e-06	-1.297691e-08	-3.617781e+01	-7.710452e+02
6.100000e-07	-5.667901e-06	-1.294419e-08	-3.586525e+01	-7.681053e+02
6.200000e-07	-5.617562e-06	-1.289222e-08	-3.554672e+01	-7.651079e+02
6.300000e-07	-5.566262e-06	-1.282715e-08	-3.522211e+01	-7.620494e+02
6.400000e-07	-5.514066e-06	-1.277021e-08	-3.489182e+01	-7.589253e+02
6.500000e-07	-5.461134e-06	-1.272415e-08	-3.455688e+01	-7.557307e+02
6.600000e-07	-5.407558e-06	-1.266349e-08	-3.421786e+01	-7.524612e+02
6.700000e-07	-5.353391e-06	-1.259426e-08	-3.387511e+01	-7.491133e+02
6.800000e-07	-5.298598e-06	-1.253647e-08	-3.352839e+01	-7.456847e+02
6.900000e-07	-5.243181e-06	-1.248850e-08	-3.317772e+01	-7.421749e+02
7.000000e-07	-5.187208e-06	-1.242693e-08	-3.282353e+01	-7.385848e+02
7.100000e-07	-5.130669e-06	-1.235668e-08	-3.246577e+01	-7.349166e+02
7.200000e-07	-5.073486e-06	-1.229504e-08	-3.210392e+01	-7.311733e+02
7.300000e-07	-5.015527e-06	-1.223839e-08	-3.173718e+01	-7.273583e+02
7.400000e-07	-4.956805e-06	-1.217056e-08	-3.136560e+01	-7.234743e+02
7.500000e-07	-4.897471e-06	-1.209193e-08	-3.099014e+01	-7.195234e+02
7.600000e-07	-4.837591e-06	-1.202024e-08	-3.061123e+01	-7.155057e+02
7.700000e-07	-4.777136e-06	-1.195932e-08	-3.022869e+01	-7.114200e+02
7.800000e-07	-4.716091e-06	-1.188963e-08	-2.984241e+01	-7.072630e+02
7.900000e-07	-4.654586e-06	-1.181091e-08	-2.945322e+01	-7.030298e+02
8.000000e-07	-4.592631e-06	-1.174094e-08	-2.906118e+01	-6.987147e+02
8.100000e-07	-4.530093e-06	-1.167980e-08	-2.866545e+01	-6.943111e+02
8.200000e-07	-4.466951e-06	-1.160867e-08	-2.826590e+01	-6.898127e+02
8.300000e-07	-4.403358e-06	-1.152172e-08	-2.786350e+01	-6.852140e+02
8.400000e-07	-4.339313e-06	-1.143584e-08	-2.745824e+01	-6.805107e+02
8.500000e-07	-4.274752e-06	-1.135799e-08	-2.704971e+01	-6.757001e+02
8.600000e-07	-4.209648e-06	-1.127591e-08	-2.663775e+01	-6.707815e+02
8.700000e-07	-4.143955e-06	-1.118601e-08	-2.622205e+01	-6.657554e+02
8.800000e-07	-4.077769e-06	-1.109921e-08	-2.580324e+01	-6.606235e+02
8.900000e-07	-4.011099e-06	-1.101979e-08	-2.538137e+01	-6.553881e+02
9.000000e-07	-3.943903e-06	-1.093922e-08	-2.495617e+01	-6.500513e+02
9.100000e-07	-3.876265e-06	-1.084639e-08	-2.452817e+01	-6.446145e+02
9.200000e-07	-3.808264e-06	-1.075353e-08	-2.409788e+01	-6.390775e+02
9.300000e-07	-3.739813e-06	-1.066434e-08	-2.366473e+01	-6.334385e+02
9.400000e-07	-3.670853e-06	-1.056892e-08	-2.322837e+01	-6.276935e+02
9.500000e-07	-3.601457e-06	-1.046256e-08	-2.278924e+01	-6.218370e+02
9.600000e-07	-3.531687e-06	-1.035445e-08	-2.234776e+01	-6.158618e+02
9.700000e-07	-3.461595e-06	-1.025551e-08	-2.190422e+01	-6.097598e+02
9.800000e-07	-3.391125e-06	-1.015754e-08	-2.145831e+01	-6.035226e+02
9.900000e-07	-3.320241e-06	-1.005030e-08	-2.100977e+01	-5.971424e+02
1.000000e-06	-3.249026e-06	-9.941417e-09	-2.055913e+01	-5.906127e+02
1.010000e-06	-3.177463e-06	-9.835967e-09	-2.010630e+01	-5.839281e+02
1.020000e-06	-3.105444e-06	-9.726643e-09	-1.965058e+01	-5.770856e+02
1.030000e-06	-3.033029e-06	-9.605575e-09	-1.919235e+01	-5.700836e+02
1.040000e-06	-2.960332e-06	-9.479975e-09	-1.873234e+01	-5.629222e+02
1.050000e-06	-2.887195e-06	-9.359052e-09	-1.826955e+01	-5.556025e+02
1.060000e-06	-2.813547e-06	-9.237108e-09	-1.780352e+01	-5.481259e+02
1.070000e-06	-2.739507e-06	-9.108055e-09	-1.733501e+01	-5.404933e+02
1.080000e-06	-2.665162e-06	-8.976215e-09	-1.686457e+01	-5.327046e+02
1.090000e-06	-2.590435e-06	-8.846422e-09	-1.639171e+01	-5.247580e+02
1.100000e-06	-2.515241e-06	-8.714779e-09	-1.591590e+01	-5.166494e+02
1.110000e-06	-2.439682e-06	-8.573867e-09	-1.543778e+01	-5.083728e+02
1.120000e-06	-2.363793e-06	-8.428754e-09	-1.495757e+01	-4.999197e+02
1.130000e-06	-2.287567e-06	-8.285343e-09	-1.447523e+01	-4.912803e+02
1.140000e-06	-2.211006e-06	-8.137554e-09	-1.399077e+01	-4.824436e+02
1.150000e-06	-2.134176e-06	-7.979805e-09	-1.350460e+01	-4.733980e+02
1.160000e-06	-2.057116e-06	-7.817985e-09	-1.301698e+01	-4.641323e+02
1.170000e-06	-1.979784e-06	-7.661956e-09	-1.252764e+01	-4.546362e+02
1.180000e-06	-1.902147e-06	-7.504939e-09	-1.203638e+01	-4.449007e+02
1.190000e-06	-1.824229e-06	-7.339231e-09	-1.154333e+01	-4.349183e+02
1.200000e-06	-1.746144e-06	-7.166569e-09	-1.104922e+01	-4.246833e+02
1.210000e-06	-1.667934e-06	-6.991419e-09	-1.055433e+01	-4.141909e+02
1.220000e-06	-1.589554e-06	-6.810871e-09	-1.005836e+01	-4.034373e+02
1.230000e-06	-1.510880e-06	-6.620829e-09	-9.560522e+00	-3.924185e+02
1.240000e-06	-1.431862e-06	-6.424583e-09	-9.060512e+00	-3.811302e+02
1.250000e-06	-1.352725e-06	-6.228775e-09	-8.559751e+00	-3.695661e+02
1.260000e-06	-1.273445e-06	-6.031487e-09	-8.058087e+00	-3.577181e+02
1.270000e-06	-1.193918e-06	-5.826204e-09	-7.554858e+00	-3.455753e+02
1.280000e-06	-1.114254e-06	-5.613688e-09	-7.050760e+00	-3.331235e+02
1.290000e-06	-1.034465e-06	-5.396351e-09	-6.545871e+00	-3.203457e+02
1.300000e-06	-9.545644e-07	-5.171486e-09	-6.040278e+00	-3.072215e+02
1.310000e-06	-8.745269e-07	-4.938222e-09	-5.533817e+00	-2.937281e+02
1.320000e-06	-7.944301e-07	-4.703016e-09	-5.026983e+00	-2.798404e+02
1.330000e-06	-7.142973e-07	-4.464445e-09	-4.519919e+00	-2.655320e+02
1.340000e-06	-6.340395e-07	-4.216876e-09	-4.012065e+00	-2.507763e+02
1.350000e-06	-5.537349e-07	-3.956235e-09	-3.503915e+00	-2.355468e+02
1.360000e-06	-4.733811e-07	-3.687342e-09	-2.995454e+00	-2.198191e+02
1.370000e-06	-3.929125e-07	-3.410352e-09	-2.486266e+00	-2.035715e+02
1.380000e-06	-3.123696e-07	-3.122195e-09	-1.976607e+00	-1.867864e+02
1.390000e-06	-2.317585e-07	-2.825527e-09	-1.466518e+00	-1.694515e+02
1.400000e-06	-1.512025e-07	-2.522770e-09	-9.567771e-01	-1.515611e+02
1.410000e-06	-7.072122e-08	-2.216586e-09	-4.475086e-01	-1.331174e+02
1.420000e-06	9.887621e-09	-1.901760e-09	6.256673e-02	-1.141315e+02
1.430000e-06	9.062961e-08	-1.576820e-09	5.734846e-01	-9.462442e+01
1.440000e-06	1.713737e-07	-1.242357e-09	1.084416e+00	-7.462762e+01
1.450000e-06	2.520514e-07	-8.937221e-10	1.594927e+00	-5.418358e+01
1.460000e-06	3.326484e-07	-5.339342e-10	2.104927e+00	-3.334557e+01
1.470000e-06	4.132111e-07	-1.710279e-10	2.614711e+00	-1.217707e+01
1.480000e-06	4.937001e-07	1.935306e-10	3.124028e+00	9.249296e+00
1.490000e-06	5.741319e-07	5.561120e-10	3.632983e+00	3.085346e+01
1.500000e-06	6.545456e-07	9.143478e-10	4.141823e+00	5.255006e+01
1.510000e-06	7.348379e-07	1.269489e-09	4.649896e+00	7.425093e+01
1.520000e-06	8.149532e-07	1.625646e-09	5.156848e+00	9.586794e+01
1.530000e-06	8.949074e-07	1.989123e-09	5.662781e+00	1.173158e+02
1.540000e-06	9.748177e-07	2.350251e-09	6.168436e+00	1.385150e+02
1.550000e-06	1.054641e-06	2.705149e-09	6.673539e+00	1.593937e+02
1.560000e-06	1.134298e-06	3.054837e-09	7.177596e+00	1.798905e+02
1.570000e-06	1.213768e-06	3.392791e-09	7.680465e+00	1.999551e+02
1.580000e-06	1.293008e-06	3.713944e-09	8.181878e+00	2.195489e+02
1.590000e-06	1.372089e-06	4.023832e-09	8.682281e+00	2.386453e+02
1.600000e-06	1.451003e-06	4.331941e-09	9.181636e+00	2.572285e+02
1.610000e-06	1.529738e-06	4.637534e-09	9.679855e+00	2.752919e+02
1.620000e-06	1.608316e-06	4.934503e-09	1.017707e+01	2.928367e+02
1.630000e-06	1.686697e-06	5.221844e-09	1.067305e+01	3.098696e+02
1.640000e-06	1.764765e-06	5.502393e-09	1.116705e+01	3.264003e+02
1.650000e-06	1.842481e-06	5.772722e-09	1.165882e+01	3.424403e+02
1.660000e-06	1.919998e-06	6.030529e-09	1.214934e+01	3.580009e+02
1.670000e-06	1.997355e-06	6.276790e-09	1.263883e+01	3.730919e+02
1.680000e-06	2.074413e-06	6.520218e-09	1.312644e+01	3.877217e+02
1.690000e-06	2.151174e-06	6.762275e-09	1.361217e+01	4.018966e+02
1.700000e-06	2.227665e-06	6.995602e-09	1.409618e+01	4.156218e+02
1.710000e-06	2.303925e-06	7.214830e-09	1.457874e+01	4.289015e+02
1.720000e-06	2.379875e-06	7.427879e-09	1.505933e+01	4.417405e+02
1.730000e-06	2.455429e-06	7.639216e-09	1.553742e+01	4.541446e+02
1.740000e-06	2.530613e-06	7.842470e-09	1.601318e+01	4.661218e+02
1.750000e-06	2.605484e-06	8.034424e-09	1.648694e+01	4.776826e+02
1.760000e-06	2.679999e-06	8.221228e-09	1.695845e+01	4.888404e+02
1.770000e-06	2.754069e-06	8.406929e-09	1.742715e+01	4.996110e+02
1.780000e-06	2.827732e-06	8.583781e-09	1.789328e+01	5.100124e+02
1.790000e-06	2.901012e-06	8.748584e-09	1.835698e+01	5.200636e+02
1.800000e-06	2.973969e-06	8.906909e-09	1.881863e+01	5.297843e+02
1.810000e-06	3.046533e-06	9.063209e-09	1.927780e+01	5.391930e+02
1.820000e-06	3.118631e-06	9.216150e-09	1.973402e+01	5.483071e+02
1.830000e-06	3.190368e-06	9.361425e-09	2.018796e+01	5.571414e+02
1.840000e-06	3.261812e-06	9.503013e-09	2.064004e+01	5.657084e+02
1.850000e-06	3.332875e-06	9.647564e-09	2.108972e+01	5.740178e+02
1.860000e-06	3.403521e-06	9.789751e-09	2.153674e+01	5.820773e+02
1.870000e-06	3.473755e-06	9.923787e-09	2.198117e+01	5.898926e+02
1.880000e-06	3.543627e-06	1.004979e-08	2.242331e+01	5.974687e+02
1.890000e-06	3.613103e-06	1.017439e-08	2.286293e+01	6.048103e+02
1.900000e-06	3.682148e-06	1.029570e-08	2.329984e+01	6.119228e+02
1.910000e-06	3.750814e-06	1.040591e-08	2.373434e+01	6.188128e+02
1.920000e-06	3.819081e-06	1.051206e-08	2.416632e+01	6.254885e+02
1.930000e-06	3.886891e-06	1.062172e-08	2.459541e+01	6.319593e+02
1.940000e-06	3.954200e-06	1.073227e-08	2.502132e+01	6.382363e+02
1.950000e-06	4.021035e-06	1.083827e-08	2.544424e+01	6.443313e+02
1.960000e-06	4.087312e-06	1.094046e-08	2.586363e+01	6.502562e+02
1.970000e-06	4.152942e-06	1.104245e-08	2.627892e+01	6.560225e+02
1.980000e-06	4.217944e-06	1.113953e-08	2.669024e+01	6.616403e+02
1.990000e-06	4.282455e-06	1.123030e-08	2.709845e+01	6.671184e+02
2.000000e-06	4.346563e-06	1.131429e-08	2.750412e+01	6.724631e+02
2.010000e-06	4.410166e-06	1.139537e-08	2.790658e+01	6.776789e+02
2.020000e-06	4.473251e-06	1.147939e-08	2.830577e+01	6.827686e+02
2.030000e-06	4.535808e-06	1.156335e-08	2.870161e+01	6.877335e+02
2.040000e-06	4.597900e-06	1.164750e-08	2.909452e+01	6.925741e+02
2.050000e-06	4.659534e-06	1.173103e-08	2.948453e+01	6.972910e+02
2.060000e-06	4.720609e-06	1.181249e-08	2.987100e+01	7.018851e+02
2.070000e-06	4.781208e-06	1.189044e-08	3.025445e+01	7.063587e+02
2.080000e-06	4.841351e-06	1.196065e-08	3.063502e+01	7.107151e+02
2.090000e-06	4.900960e-06	1.202762e-08	3.101222e+01	7.149592e+02
2.100000e-06	4.959917e-06	1.209499e-08	3.138529e+01	7.190973e+02
2.110000e-06	5.018153e-06	1.216182e-08	3.175379e+01	7.231362e+02
2.120000e-06	5.075651e-06	1.222747e-08	3.211762e+01	7.270833e+02
2.130000e-06	5.132455e-06	1.229264e-08	3.247707e+01	7.309453e+02
2.140000e-06	5.188656e-06	1.235895e-08	3.283270e+01	7.347283e+02
2.150000e-06	5.244309e-06	1.242409e-08	3.318485e+01	7.384366e+02
2.160000e-06	5.299340e-06	1.248551e-08	3.353308e+01	7.420732e+02
2.170000e-06	5.353758e-06	1.254264e-08	3.387743e+01	7.456391e+02
2.180000e-06	5.407644e-06	1.260048e-08	3.421840e+01	7.491336e+02
2.190000e-06	5.460929e-06	1.266093e-08	3.455558e+01	7.525551e+02
2.200000e-06	5.513534e-06	1.271854e-08	3.488845e+01	7.559012e+02
2.210000e-06	5.565362e-06	1.277015e-08	3.521641e+01	7.591694e+02
2.220000e-06	5.616248e-06	1.282408e-08	3.553840e+01	7.623581e+02
2.230000e-06	5.666135e-06	1.288000e-08	3.585408e+01	7.654664e+02
2.240000e-06	5.715181e-06	1.293086e-08	3.616443e+01	7.684950e+02
2.250000e-06	5.763490e-06	1.297591e-08	3.647012e+01	7.714460e+02
2.260000e-06	5.811153e-06	1.302178e-08	3.677172e+01	7.743230e+02
2.270000e-06	5.858204e-06	1.307330e-08	3.706945e+01	7.771305e+02
2.280000e-06	5.904533e-06	1.312485e-08	3.736261e+01	7.798733e+02
2.290000e-06	5.950157e-06	1.317157e-08	3.765131e+01	7.825564e+02
2.300000e-06	5.995187e-06	1.321397e-08	3.793625e+01	7.851841e+02
2.310000e-06	6.039655e-06	1.325942e-08	3.821763e+01	7.877592e+02
2.320000e-06	6.083556e-06	1.330300e-08	3.849543e+01	7.902836e+02
2.330000e-06	6.126642e-06	1.334029e-08	3.876807e+01	7.927571e+02
2.340000e-06	6.168704e-06	1.337785e-08	3.903423e+01	7.951783e+02
2.350000e-06	6.209877e-06	1.342229e-08	3.929477e+01	7.975450e+02
2.360000e-06	6.250285e-06	1.346900e-08	3.955045e+01	7.998538e+02
2.370000e-06	6.289962e-06	1.351048e-08	3.980152e+01	8.021017e+02
2.380000e-06	6.328944e-06	1.354677e-08	4.004819e+01	8.042862e+02
2.390000e-06	6.367226e-06	1.358247e-08	4.029044e+01	8.064056e+02
2.400000e-06	6.404834e-06	1.361768e-08	4.052841e+01	8.084598e+02
2.410000e-06	6.441750e-06	1.364767e-08	4.076201e+01	8.104499e+02
2.420000e-06	6.478015e-06	1.367523e-08	4.099149e+01	8.123788e+02
2.430000e-06	6.513570e-06	1.370788e-08	4.121647e+01	8.142499e+02
2.440000e-06	6.548248e-06	1.374543e-08	4.143590e+01	8.160678e+02
2.450000e-06	6.581950e-06	1.377754e-08	4.164916e+01	8.178368e+02
2.460000e-06	6.614693e-06	1.380684e-08	4.185635e+01	8.195608e+02
2.470000e-06	6.646696e-06	1.383988e-08	4.205886e+01	8.212428e+02
2.480000e-06	6.677972e-06	1.387222e-08	4.225676e+01	8.228845e+02
2.490000e-06	6.708540e-06	1.389867e-08	4.245020e+01	8.244861e+02
2.500000e-06	6.738454e-06	1.392170e-08	4.263948e+01	8.260465e+02
2.510000e-06	6.767589e-06	1.394501e-08	4.282384e+01	8.275636e+02
2.520000e-06	6.796055e-06	1.396904e-08	4.300397e+01	8.290344e+02
2.530000e-06	6.823845e-06	1.399199e-08	4.317982e+01	8.304560e+02
2.540000e-06	6.850600e-06	1.401383e-08	4.334912e+01	8.318256e+02
2.550000e-06	6.876266e-06	1.403955e-08	4.351153e+01	8.331414e+02
2.560000e-06	6.901039e-06	1.406616e-08	4.366829e+01	8.344026e+02
2.570000e-06	6.924971e-06	1.408816e-08	4.381972e+01	8.356096e+02
2.580000e-06	6.948065e-06	1.410524e-08	4.396586e+01	8.367641e+02
2.590000e-06	6.970374e-06	1.412333e-08	4.410702e+01	8.378686e+02
2.600000e-06	6.991936e-06	1.414500e-08	4.424346e+01	8.389261e+02
2.610000e-06	7.012771e-06	1.416434e-08	4.437531e+01	8.399396e+02
2.620000e-06	7.033030e-06	1.417796e-08	4.450350e+01	8.409115e+02
2.630000e-06	7.052625e-06	1.419185e-08	4.462749e+01	8.418435e+02
2.640000e-06	7.071325e-06	1.421037e-08	4.474582e+01	8.427360e+02
2.650000e-06	7.089148e-06	1.422767e-08	4.485860e+01	8.435882e+02
2.660000e-06	7.106168e-06	1.424031e-08	4.496630e+01	8.443982e+02
2.670000e-06	7.122176e-06	1.425160e-08	4.506759e+01	8.451632e+02
2.680000e-06	7.137130e-06	1.426390e-08	4.516222e+01	8.458802e+02
2.690000e-06	7.151183e-06	1.427365e-08	4.525114e+01	8.465462e+02
2.700000e-06	7.164332e-06	1.428139e-08	4.533435e+01	8.471594e+02
2.710000e-06	7.176654e-06	1.428924e-08	4.541232e+01	8.477186e+02
2.720000e-06	7.188043e-06	1.429966e-08	4.548439e+01	8.482246e+02
2.730000e-06	7.198245e-06	1.430960e-08	4.554894e+01	8.486795e+02
2.740000e-06	7.207322e-06	1.431617e-08	4.560638e+01	8.490869e+02
2.750000e-06	7.215520e-06	1.432013e-08	4.565826e+01	8.494517e+02
2.760000e-06	7.222925e-06	1.432670e-08	4.570511e+01	8.497789e+02
2.770000e-06	7.229513e-06	1.433384e-08	4.574680e+01	8.500736e+02
2.780000e-06	7.235258e-06	1.433675e-08	4.578316e+01	8.503402e+02
2.790000e-06	7.240233e-06	1.434010e-08	4.581463e+01	8.505817e+02
2.800000e-06	7.244595e-06	1.434497e-08	4.584224e+01	8.507993e+02
2.810000e-06	7.248211e-06	1.434876e-08	4.586512e+01	8.509921e+02
2.820000e-06	7.250660e-06	1.434718e-08	4.588061e+01	8.511576e+02
2.830000e-06	7.251999e-06	1.434349e-08	4.588909e+01	8.512912e+02
2.840000e-06	7.252554e-06	1.434194e-08	4.589260e+01	8.513877e+02
2.850000e-06	7.252303e-06	1.434454e-08	4.589101e+01	8.514411e+02
2.860000e-06	7.251225e-06	1.434704e-08	4.588419e+01	8.514458e+02
2.870000e-06	7.249432e-06	1.434688e-08	4.587284e+01	8.513971e+02
2.880000e-06	7.246799e-06	1.434758e-08	4.585618e+01	8.512919e+02
2.890000e-06	7.243468e-06	1.434825e-08	4.583511e+01	8.511289e+02
2.900000e-06	7.239673e-06	1.434347e-08	4.581109e+01	8.509090e+02
2.910000e-06	7.235161e-06	1.433394e-08	4.578254e+01	8.506349e+02
2.920000e-06	7.229578e-06	1.433000e-08	4.574721e+01	8.503110e+02
2.930000e-06	7.222903e-06	1.435252e-08	4.570497e+01	8.499427e+02
2.940000e-06	7.215281e-06	1.432924e-08	4.565674e+01	8.495359e+02
2.950000e-06	7.206538e-06	1.428826e-08	4.560142e+01	8.490964e+02
2.960000e-06	7.196608e-06	1.428883e-08	4.553858e+01	8.486289e+02
2.970000e-06	7.185841e-06	1.427600e-08	4.547045e+01	8.481373e+02
2.980000e-06	7.174601e-06	1.431500e-08	4.539933e+01	8.476236e+02
2.990000e-06	7.162713e-06	1.423427e-08	4.532410e+01	8.470883e+02
3.000000e-06	7.149547e-06	1.417975e-08	4.524079e+01	8.465306e+02
3.010000e-06	7.135261e-06	1.431458e-08	4.515039e+01	8.459482e+02
3.020000e-06	7.120209e-06	1.424198e-08	4.505515e+01	8.453381e+02
3.030000e-06	7.104166e-06	1.420979e-08	4.495363e+01	8.446971e+02
3.040000e-06	7.087326e-06	1.429227e-08	4.484707e+01	8.440216e+02
3.050000e-06	7.069826e-06	1.414071e-08	4.473634e+01	8.433086e+02
3.060000e-06	7.051501e-06	1.416447e-08	4.462038e+01	8.425552e+02
3.070000e-06	7.032475e-06	1.429428e-08	4.449999e+01	8.417594e+02
3.080000e-06	7.012761e-06	1.411213e-08	4.437524e+01	8.409194e+02
3.090000e-06	6.992312e-06	1.410432e-08	4.424584e+01	8.400335e+02
3.100000e-06	6.971017e-06	1.417654e-08	4.411110e+01	8.391002e+02
3.110000e-06	6.948472e-06	1.410033e-08	4.396843e+01	8.381175e+02
3.120000e-06	6.924961e-06	1.410488e-08	4.381966e+01	8.370832e+02
3.130000e-06	6.900780e-06	1.401138e-08	4.366665e+01	8.359946e+02
3.140000e-06	6.875714e-06	1.407115e-08	4.350804e+01	8.348487e+02
3.150000e-06	6.849799e-06	1.414500e-08	4.334405e+01	8.336422e+02
3.160000e-06	6.823077e-06	1.397135e-08	4.317496e+01	8.323723e+02
3.170000e-06	6.795700e-06	1.395339e-08	4.300173e+01	8.310365e+02
3.180000e-06	6.767670e-06	1.397987e-08	4.282435e+01	8.296335e+02
3.190000e-06	6.738566e-06	1.398647e-08	4.264019e+01	8.281633e+02
3.200000e-06	6.708314e-06	1.393321e-08	4.244877e+01	8.266272e+02
3.210000e-06	6.677193e-06	1.382914e-08	4.225184e+01	8.250280e+02
3.220000e-06	6.645403e-06	1.391795e-08	4.205068e+01	8.233701e+02
3.230000e-06	6.612809e-06	1.387109e-08	4.184443e+01	8.216585e+02
3.240000e-06	6.579306e-06	1.378851e-08	4.163243e+01	8.198986e+02
3.250000e-06	6.545114e-06	1.377152e-08	4.141607e+01	8.180958e+02
3.260000e-06	6.510289e-06	1.373913e-08	4.119570e+01	8.162544e+02
3.270000e-06	6.474874e-06	1.377923e-08	4.097161e+01	8.143773e+02
3.280000e-06	6.438781e-06	1.367134e-08	4.074322e+01	8.124659e+02
3.290000e-06	6.401700e-06	1.363038e-08	4.050858e+01	8.105193e+02
3.300000e-06	6.363659e-06	1.363474e-08	4.026786e+01	8.085346e+02
3.310000e-06	6.324772e-06	1.359868e-08	4.002180e+01	8.065075e+02
3.320000e-06	6.285099e-06	1.356645e-08	3.977075e+01	8.044323e+02
3.330000e-06	6.244721e-06	1.348031e-08	3.951525e+01	8.023029e+02
3.340000e-06	6.203673e-06	1.349019e-08	3.925551e+01	8.001133e+02
3.350000e-06	6.161928e-06	1.345864e-08	3.899135e+01	7.978583e+02
3.360000e-06	6.119458e-06	1.340340e-08	3.872261e+01	7.955341e+02
3.370000e-06	6.076391e-06	1.335348e-08	3.845009e+01	7.931386e+02
3.380000e-06	6.032793e-06	1.331618e-08	3.817421e+01	7.906715e+02
3.390000e-06	5.988624e-06	1.331662e-08	3.789472e+01	7.881344e+02
3.400000e-06	5.943720e-06	1.323418e-08	3.761058e+01	7.855298e+02
3.410000e-06	5.898070e-06	1.316912e-08	3.732172e+01	7.828615e+02
3.420000e-06	5.851668e-06	1.312781e-08	3.702809e+01	7.801330e+02
3.430000e-06	5.804484e-06	1.310542e-08	3.672952e+01	7.773474e+02
3.440000e-06	5.756594e-06	1.304986e-08	3.642649e+01	7.745069e+02
3.450000e-06	5.707968e-06	1.297135e-08	3.611879e+01	7.716119e+02
3.460000e-06	5.658630e-06	1.294393e-08	3.580659e+01	7.686615e+02
3.470000e-06	5.608561e-06	1.290797e-08	3.548976e+01	7.656531e+02
3.480000e-06	5.557764e-06	1.285256e-08	3.516833e+01	7.625827e+02
3.490000e-06	5.506246e-06	1.277172e-08	3.484234e+01	7.594458e+02
3.500000e-06	5.453857e-06	1.272839e-08	3.451083e+01	7.562376e+02
3.510000e-06	5.400508e-06	1.269417e-08	3.417325e+01	7.529537e+02
3.520000e-06	5.346271e-06	1.262743e-08	3.383005e+01	7.495908e+02
3.530000e-06	5.291310e-06	1.254914e-08	3.348227e+01	7.461471e+02
3.540000e-06	5.235726e-06	1.249420e-08	3.313055e+01	7.426222e+02
3.550000e-06	5.179569e-06	1.245467e-08	3.277519e+01	7.390173e+02
3.560000e-06	5.122815e-06	1.238384e-08	3.241607e+01	7.353348e+02
3.570000e-06	5.065502e-06	1.230377e-08	3.205341e+01	7.315779e+02
3.580000e-06	5.007653e-06	1.224010e-08	3.168735e+01	7.277498e+02
3.590000e-06	4.949207e-06	1.219564e-08	3.131752e+01	7.238533e+02
3.600000e-06	4.890215e-06	1.212572e-08	3.094423e+01	7.198899e+02
3.610000e-06	4.830742e-06	1.204141e-08	3.056789e+01	7.158598e+02
3.620000e-06	4.770713e-06	1.197298e-08	3.018804e+01	7.117610e+02
3.630000e-06	4.710070e-06	1.191446e-08	2.980431e+01	7.075902e+02
3.640000e-06	4.648750e-06	1.183906e-08	2.941629e+01	7.033422e+02
3.650000e-06	4.586727e-06	1.174984e-08	2.902382e+01	6.990111e+02
3.660000e-06	4.524106e-06	1.167539e-08	2.862757e+01	6.945902e+02
3.670000e-06	4.460927e-06	1.161498e-08	2.822778e+01	6.900735e+02
3.680000e-06	4.397230e-06	1.154221e-08	2.782472e+01	6.854555e+02
3.690000e-06	4.332999e-06	1.144941e-08	2.741828e+01	6.807323e+02
3.700000e-06	4.268275e-06	1.136406e-08	2.700872e+01	6.759016e+02
3.710000e-06	4.203104e-06	1.128667e-08	2.659634e+01	6.709628e+02
3.720000e-06	4.137416e-06	1.120016e-08	2.618068e+01	6.659168e+02
3.730000e-06	4.071284e-06	1.109975e-08	2.576221e+01	6.607653e+02
3.740000e-06	4.004762e-06	1.101012e-08	2.534127e+01	6.555109e+02
3.750000e-06	3.937818e-06	1.093293e-08	2.491767e+01	6.501553e+02
3.760000e-06	3.870393e-06	1.084729e-08	2.449101e+01	6.446999e+02
3.770000e-06	3.802559e-06	1.074433e-08	2.406177e+01	6.391440e+02
3.780000e-06	3.734283e-06	1.064574e-08	2.362974e+01	6.334856e+02
3.790000e-06	3.665489e-06	1.055926e-08	2.319442e+01	6.277203e+02
3.800000e-06	3.596183e-06	1.046360e-08	2.275587e+01	6.218422e+02
3.810000e-06	3.526430e-06	1.035385e-08	2.231449e+01	6.158439e+02
3.820000e-06	3.456225e-06	1.024414e-08	2.187025e+01	6.097172e+02
3.830000e-06	3.385461e-06	1.014441e-08	2.142247e+01	6.034538e+02
3.840000e-06	3.314271e-06	1.004089e-08	2.097199e+01	5.970462e+02
3.850000e-06	3.242683e-06	9.925760e-09	2.051900e+01	5.904878e+02
3.860000e-06	3.170668e-06	9.808804e-09	2.006330e+01	5.837739e+02
3.870000e-06	3.098246e-06	9.699758e-09	1.960503e+01	5.769016e+02
3.880000e-06	3.025488e-06	9.586477e-09	1.914464e+01	5.698697e+02
3.890000e-06	2.952458e-06	9.459604e-09	1.868252e+01	5.626786e+02
3.900000e-06	2.879125e-06	9.330153e-09	1.821848e+01	5.553295e+02
3.910000e-06	2.805462e-06	9.208897e-09	1.775236e+01	5.478236e+02
3.920000e-06	2.731490e-06	9.083608e-09	1.728428e+01	5.401619e+02
3.930000e-06	2.657241e-06	8.946293e-09	1.681445e+01	5.323439e+02
3.940000e-06	2.582697e-06	8.806653e-09	1.634275e+01	5.243673e+02
3.950000e-06	2.507825e-06	8.671810e-09	1.586898e+01	5.162279e+02
3.960000e-06	2.432621e-06	8.536355e-09	1.539310e+01	5.079189e+02
3.970000e-06	2.357073e-06	8.390918e-09	1.491505e+01	4.994318e+02
3.980000e-06	2.281138e-06	8.242765e-09	1.443455e+01	4.907563e+02
3.990000e-06	2.204828e-06	8.097237e-09	1.395168e+01	4.818814e+02
4.000000e-06	2.128177e-06	7.948681e-09	1.346664e+01	4.727954e+02
4.010000e-06	2.051137e-06	7.788257e-09	1.297915e+01	4.634873e+02
4.020000e-06	1.973767e-06	7.622433e-09	1.248958e+01	4.539470e+02
4.030000e-06	1.896216e-06	7.458839e-09	1.199884e+01	4.441658e+02
4.040000e-06	1.818471e-06	7.290187e-09	1.150689e+01	4.341366e+02
4.050000e-06	1.740418e-06	7.113133e-09	1.101299e+01	4.238537e+02
4.060000e-06	1.662153e-06	6.933870e-09	1.051775e+01	4.133127e+02
4.070000e-06	1.583737e-06	6.755752e-09	1.002155e+01	4.025097e+02
4.080000e-06	1.505076e-06	6.572684e-09	9.523795e+00	3.914409e+02
4.090000e-06	1.426151e-06	6.383069e-09	9.024379e+00	3.801014e+02
4.100000e-06	1.347083e-06	6.189127e-09	8.524052e+00	3.684849e+02
4.110000e-06	1.267943e-06	5.990904e-09	8.023270e+00	3.565826e+02
4.120000e-06	1.188612e-06	5.786228e-09	7.521284e+00	3.443831e+02
4.130000e-06	1.109090e-06	5.573332e-09	7.018082e+00	3.318716e+02
4.140000e-06	1.029458e-06	5.355202e-09	6.514190e+00	3.190306e+02
4.150000e-06	9.497270e-07	5.135172e-09	6.009668e+00	3.058390e+02
4.160000e-06	8.698417e-07	4.910323e-09	5.504171e+00	2.922737e+02
4.170000e-06	7.898414e-07	4.676986e-09	4.997946e+00	2.783093e+02
4.180000e-06	7.097761e-07	4.436409e-09	4.491310e+00	2.639191e+02
4.190000e-06	6.296552e-07	4.187998e-09	3.984322e+00	2.490766e+02
4.200000e-06	5.494927e-07	3.931382e-09	3.477072e+00	2.337556e+02
4.210000e-06	4.691946e-07	3.666795e-09	2.968962e+00	2.179320e+02
4.220000e-06	3.887694e-07	3.391841e-09	2.460049e+00	2.015849e+02
4.230000e-06	3.083846e-07	3.107463e-09	1.951391e+00	1.846975e+02
4.240000e-06	2.280350e-07	2.815313e-09	1.442956e+00	1.672587e+02
4.250000e-06	1.476214e-07	2.513276e-09	9.341166e-01	1.492642e+02
4.260000e-06	6.712774e-08	2.202171e-09	4.247699e-01	1.307178e+02
4.270000e-06	-1.339289e-08	1.882971e-09	-8.474735e-02	1.116324e+02
4.280000e-06	-9.390320e-08	1.555694e-09	-5.941992e-01	9.203082e+01
4.290000e-06	-1.744077e-07	1.219626e-09	-1.103614e+00	7.194668e+01
4.300000e-06	-2.549044e-07	8.756626e-10	-1.612980e+00	5.142446e+01
4.310000e-06	-3.353456e-07	5.243321e-10	-2.121995e+00	3.051942e+01
4.320000e-06	-4.157298e-07	1.648615e-10	-2.630648e+00	9.296863e+00
4.330000e-06	-4.961559e-07	-2.004354e-10	-3.139567e+00	-1.216906e+01
4.340000e-06	-5.765231e-07	-5.699721e-10	-3.648114e+00	-3.379711e+01
4.350000e-06	-6.567841e-07	-9.396684e-10	-4.155988e+00	-5.550119e+01
4.360000e-06	-7.369987e-07	-1.304716e-09	-4.663569e+00	-7.719293e+01
4.370000e-06	-8.171276e-07	-1.663016e-09	-5.170607e+00	-9.878452e+01
4.380000e-06	-8.970835e-07	-2.018588e-09	-5.676551e+00	-1.201916e+02
4.390000e-06	-9.767814e-07	-2.372067e-09	-6.180862e+00	-1.413357e+02
4.400000e-06	-1.056332e-06	-2.722965e-09	-6.684241e+00	-1.621472e+02
4.410000e-06	-1.135777e-06	-3.070470e-09	-7.186953e+00	-1.825663e+02
4.420000e-06	-1.215065e-06	-3.410121e-09	-7.688671e+00	-2.025451e+02
4.430000e-06	-1.294214e-06	-3.741723e-09	-8.189505e+00	-2.220473e+02
4.440000e-06	-1.373206e-06	-4.065493e-09	-8.689354e+00	-2.410483e+02
4.450000e-06	-1.452033e-06	-4.380829e-09	-9.188150e+00	-2.595342e+02
4.460000e-06	-1.530655e-06	-4.683972e-09	-9.685654e+00	-2.775000e+02
4.470000e-06	-1.609066e-06	-4.974693e-09	-1.018182e+01	-2.949481e+02
4.480000e-06	-1.687224e-06	-5.257855e-09	-1.067639e+01	-3.118859e+02
4.490000e-06	-1.765084e-06	-5.534630e-09	-1.116907e+01	-3.283237e+02
4.500000e-06	-1.842721e-06	-5.802067e-09	-1.166034e+01	-3.442729e+02
4.510000e-06	-1.920133e-06	-6.060802e-09	-1.215018e+01	-3.597446e+02
4.520000e-06	-1.997249e-06	-6.312377e-09	-1.263816e+01	-3.747486e+02
4.530000e-06	-2.074031e-06	-6.557188e-09	-1.312402e+01	-3.892926e+02
4.540000e-06	-2.150458e-06	-6.795266e-09	-1.360764e+01	-4.033828e+02
4.550000e-06	-2.226527e-06	-7.025548e-09	-1.408898e+01	-4.170240e+02
4.560000e-06	-2.302291e-06	-7.247433e-09	-1.456840e+01	-4.302206e+02
4.570000e-06	-2.377764e-06	-7.460230e-09	-1.504598e+01	-4.429774e+02
4.580000e-06	-2.452890e-06	-7.667995e-09	-1.552136e+01	-4.553008e+02
4.590000e-06	-2.527737e-06	-7.869480e-09	-1.599497e+01	-4.671990e+02
4.600000e-06	-2.602277e-06	-8.064145e-09	-1.646665e+01	-4.786831e+02
4.610000e-06	-2.676491e-06	-8.252672e-09	-1.693626e+01	-4.897669e+02
4.620000e-06	-2.750428e-06	-8.432960e-09	-1.740411e+01	-5.004668e+02
4.630000e-06	-2.823995e-06	-8.605926e-09	-1.786963e+01	-5.108009e+02
4.640000e-06	-2.897196e-06	-8.772968e-09	-1.833283e+01	-5.207887e+02
4.650000e-06	-2.970099e-06	-8.934676e-09	-1.879414e+01	-5.304493e+02
4.660000e-06	-3.042681e-06	-9.090567e-09	-1.925343e+01	-5.398015e+02
4.670000e-06	-3.114952e-06	-9.244387e-09	-1.971075e+01	-5.488620e+02
4.680000e-06	-3.187011e-06	-9.395904e-09	-2.016672e+01	-5.576452e+02
4.690000e-06	-3.258779e-06	-9.543949e-09	-2.062085e+01	-5.661632e+02
4.700000e-06	-3.330102e-06	-9.685233e-09	-2.107217e+01	-5.744252e+02
4.710000e-06	-3.400950e-06	-9.819699e-09	-2.152048e+01	-5.824384e+02
4.720000e-06	-3.471356e-06	-9.949947e-09	-2.196599e+01	-5.902084e+02
4.730000e-06	-3.541326e-06	-1.007689e-08	-2.240875e+01	-5.977401e+02
4.740000e-06	-3.610781e-06	-1.019817e-08	-2.284824e+01	-6.050382e+02
4.750000e-06	-3.679713e-06	-1.031554e-08	-2.328443e+01	-6.121084e+02
4.760000e-06	-3.748113e-06	-1.043328e-08	-2.371725e+01	-6.189575e+02
4.770000e-06	-3.816007e-06	-1.054691e-08	-2.414687e+01	-6.255939e+02
4.780000e-06	-3.883460e-06	-1.065790e-08	-2.457370e+01	-6.320274e+02
4.790000e-06	-3.950483e-06	-1.076489e-08	-2.499781e+01	-6.382693e+02
4.800000e-06	-4.017079e-06	-1.086672e-08	-2.541921e+01	-6.443314e+02
4.810000e-06	-4.083196e-06	-1.096328e-08	-2.583758e+01	-6.502257e+02
4.820000e-06	-4.148817e-06	-1.105675e-08	-2.625282e+01	-6.559633e+02
4.830000e-06	-4.213964e-06	-1.115022e-08	-2.666506e+01	-6.615543e+02
4.840000e-06	-4.278690e-06	-1.124370e-08	-2.707463e+01	-6.670069e+02
4.850000e-06	-4.342981e-06	-1.133647e-08	-2.748145e+01	-6.723270e+02
4.860000e-06	-4.406772e-06	-1.142931e-08	-2.788511e+01	-6.775190e+02
4.870000e-06	-4.470121e-06	-1.151959e-08	-2.828596e+01	-6.825852e+02
4.880000e-06	-4.532914e-06	-1.160378e-08	-2.868330e+01	-6.875267e+02
4.890000e-06	-4.595034e-06	-1.168216e-08	-2.907638e+01	-6.923440e+02
4.900000e-06	-4.656507e-06	-1.175617e-08	-2.946537e+01	-6.970376e+02
4.910000e-06	-4.717347e-06	-1.183225e-08	-2.985036e+01	-7.016089e+02
4.920000e-06	-4.777598e-06	-1.190784e-08	-3.023161e+01	-7.060601e+02
4.930000e-06	-4.837299e-06	-1.198036e-08	-3.060938e+01	-7.103949e+02
4.940000e-06	-4.896485e-06	-1.205251e-08	-3.098390e+01	-7.146186e+02
4.950000e-06	-4.955178e-06	-1.212510e-08	-3.135530e+01	-7.187375e+02
4.960000e-06	-5.013270e-06	-1.219496e-08	-3.172289e+01	-7.227586e+02
4.970000e-06	-5.070716e-06	-1.226062e-08	-3.208640e+01	-7.266891e+02
4.980000e-06	-5.127632e-06	-1.232186e-08	-3.244655e+01	-7.305358e+02
4.990000e-06	-5.184002e-06	-1.238010e-08	-3.280325e+01	-7.343044e+02
5.000000e-06	-5.239849e-06	-1.243968e-08	-3.315664e+01	-7.379991e+02
5.010000e-06	-5.295090e-06	-1.250140e-08	-3.350619e+01	-7.416224e+02
5.020000e-06	-5.349660e-06	-1.256400e-08	-3.385150e+01	-7.451749e+02
5.030000e-06	-5.403436e-06	-1.262504e-08	-3.419178e+01	-7.486558e+02
5.040000e-06	-5.456237e-06	-1.268314e-08	-3.452589e+01	-7.520633e+02
5.050000e-06	-5.508191e-06	-1.273829e-08	-3.485464e+01	-7.553948e+02
5.060000e-06	-5.559441e-06	-1.279084e-08	-3.517894e+01	-7.586482e+02
5.070000e-06	-5.609981e-06	-1.284120e-08	-3.549875e+01	-7.618217e+02
5.080000e-06	-5.659748e-06	-1.289163e-08	-3.581366e+01	-7.649149e+02
5.090000e-06	-5.708679e-06	-1.294197e-08	-3.612329e+01	-7.679287e+02
5.100000e-06	-5.756741e-06	-1.299184e-08	-3.642741e+01	-7.708655e+02
5.110000e-06	-5.804000e-06	-1.303960e-08	-3.672646e+01	-7.737290e+02
5.120000e-06	-5.850452e-06	-1.308431e-08	-3.702040e+01	-7.765239e+02
5.130000e-06	-5.896271e-06	-1.312628e-08	-3.731033e+01	-7.792551e+02
5.140000e-06	-5.941586e-06	-1.316965e-08	-3.759708e+01	-7.819275e+02
5.150000e-06	-5.986208e-06	-1.321460e-08	-3.787943e+01	-7.845450e+02
5.160000e-06	-6.030209e-06	-1.325987e-08	-3.815786e+01	-7.871105e+02
5.170000e-06	-6.073711e-06	-1.330443e-08	-3.843313e+01	-7.896252e+02
5.180000e-06	-6.116557e-06	-1.334399e-08	-3.870426e+01	-7.920890e+02
5.190000e-06	-6.158694e-06	-1.337889e-08	-3.897089e+01	-7.945002e+02
5.200000e-06	-6.200166e-06	-1.341392e-08	-3.923331e+01	-7.968562e+02
5.210000e-06	-6.240972e-06	-1.344916e-08	-3.949153e+01	-7.991537e+02
5.220000e-06	-6.281137e-06	-1.348456e-08	-3.974568e+01	-8.013899e+02
5.230000e-06	-6.320601e-06	-1.352194e-08	-3.999540e+01	-8.035621e+02
5.240000e-06	-6.359323e-06	-1.355980e-08	-4.024043e+01	-8.056692e+02
5.250000e-06	-6.397126e-06	-1.359628e-08	-4.047963e+01	-8.077112e+02
5.260000e-06	-6.433880e-06	-1.362824e-08	-4.071220e+01	-8.096895e+02
5.270000e-06	-6.469867e-06	-1.365828e-08	-4.093992e+01	-8.116072e+02
5.280000e-06	-6.505212e-06	-1.368494e-08	-4.116358e+01	-8.134680e+02
5.290000e-06	-6.539853e-06	-1.371170e-08	-4.138278e+01	-8.152763e+02
5.300000e-06	-6.573715e-06	-1.373820e-08	-4.159705e+01	-8.170365e+02
5.310000e-06	-6.606759e-06	-1.376623e-08	-4.180615e+01	-8.187523e+02
5.320000e-06	-6.639117e-06	-1.379685e-08	-4.201090e+01	-8.204266e+02
5.330000e-06	-6.670838e-06	-1.382458e-08	-4.221162e+01	-8.220607e+02
5.340000e-06	-6.701763e-06	-1.385179e-08	-4.240731e+01	-8.236547e+02
5.350000e-06	-6.731675e-06	-1.387887e-08	-4.259659e+01	-8.252071e+02
5.360000e-06	-6.760523e-06	-1.390658e-08	-4.277914e+01	-8.267156e+02
5.370000e-06	-6.788539e-06	-1.393287e-08	-4.295641e+01	-8.281774e+02
5.380000e-06	-6.815877e-06	-1.395629e-08	-4.312940e+01	-8.295893e+02
5.390000e-06	-6.842493e-06	-1.397727e-08	-4.329782e+01	-8.309489e+02
5.400000e-06	-6.868338e-06	-1.399729e-08	-4.346137e+01	-8.322544e+02
5.410000e-06	-6.893348e-06	-1.401809e-08	-4.361962e+01	-8.335053e+02
5.420000e-06	-6.917608e-06	-1.403997e-08	-4.377313e+01	-8.347023e+02
5.430000e-06	-6.941232e-06	-1.406010e-08	-4.392262e+01	-8.358471e+02
5.440000e-06	-6.964060e-06	-1.408029e-08	-4.406707e+01	-8.369425e+02
5.450000e-06	-6.985789e-06	-1.410137e-08	-4.420457e+01	-8.379914e+02
5.460000e-06	-7.006386e-06	-1.411985e-08	-4.433490e+01	-8.389968e+02
5.470000e-06	-7.026163e-06	-1.413406e-08	-4.446004e+01	-8.399611e+02
5.480000e-06	-7.045243e-06	-1.414893e-08	-4.458078e+01	-8.408857e+02
5.490000e-06	-7.063566e-06	-1.416541e-08	-4.469672e+01	-8.417706e+02
5.500000e-06	-7.081040e-06	-1.418038e-08	-4.480730e+01	-8.426150e+02
5.510000e-06	-7.097671e-06	-1.419531e-08	-4.491253e+01	-8.434167e+02
5.520000e-06	-7.113611e-06	-1.420831e-08	-4.501339e+01	-8.441729e+02
5.530000e-06	-7.128866e-06	-1.422140e-08	-4.510993e+01	-8.448804e+02
5.540000e-06	-7.143146e-06	-1.423214e-08	-4.520028e+01	-8.455367e+02
5.550000e-06	-7.156146e-06	-1.424497e-08	-4.528255e+01	-8.461396e+02
5.560000e-06	-7.168073e-06	-1.425611e-08	-4.535802e+01	-8.466887e+02
5.570000e-06	-7.179109e-06	-1.426387e-08	-4.542785e+01	-8.471848e+02
5.580000e-06	-7.189253e-06	-1.427284e-08	-4.549205e+01	-8.476304e+02
5.590000e-06	-7.198560e-06	-1.428009e-08	-4.555094e+01	-8.480294e+02
5.600000e-06	-7.207066e-06	-1.428689e-08	-4.560476e+01	-8.483867e+02
5.610000e-06	-7.214923e-06	-1.429107e-08	-4.565448e+01	-8.487073e+02
5.620000e-06	-7.222028e-06	-1.429598e-08	-4.569943e+01	-8.489964e+02
5.630000e-06	-7.227971e-06	-1.430229e-08	-4.573705e+01	-8.492581e+02
5.640000e-06	-7.232732e-06	-1.430921e-08	-4.576717e+01	-8.494950e+02
5.650000e-06	-7.236693e-06	-1.431384e-08	-4.579223e+01	-8.497080e+02
5.660000e-06	-7.239954e-06	-1.431719e-08	-4.581287e+01	-8.498959e+02
5.670000e-06	-7.242438e-06	-1.431914e-08	-4.582859e+01	-8.500556e+02
5.680000e-06	-7.244198e-06	-1.431974e-08	-4.583973e+01	-8.501827e+02
5.690000e-06	-7.245107e-06	-1.431850e-08	-4.584547e+01	-8.502715e+02
