# Temperatura_=_20.0
# Concentracion g/m^3_=_12000.0
# C_Vs_to_Am_M_A/Vsm_=_59384043850.047264
# pendiente_HvsI_1/m_=_3716.3
# ordenada_HvsI_A/m_=_1297.0
# frecuencia_Hz_=_175552.72592783635

Tiempo_(s)	Campo_(V.s)	Magnetizacion_(V.s)	Campo_(kA/m)	Magnetizacion_(A/m)
0.000000e+00	-7.130020e-06	-1.412315e-08	-4.584667e+01	-8.401703e+02
1.000000e-08	-7.129807e-06	-1.412403e-08	-4.584529e+01	-8.401992e+02
2.000000e-08	-7.128958e-06	-1.412441e-08	-4.583983e+01	-8.401854e+02
3.000000e-08	-7.127212e-06	-1.412421e-08	-4.582861e+01	-8.401227e+02
4.000000e-08	-7.124405e-06	-1.412293e-08	-4.581056e+01	-8.400059e+02
5.000000e-08	-7.120645e-06	-1.411835e-08	-4.578638e+01	-8.398324e+02
6.000000e-08	-7.116137e-06	-1.411228e-08	-4.575740e+01	-8.396023e+02
7.000000e-08	-7.110990e-06	-1.410262e-08	-4.572430e+01	-8.393187e+02
8.000000e-08	-7.105019e-06	-1.409826e-08	-4.568590e+01	-8.389871e+02
9.000000e-08	-7.098091e-06	-1.410454e-08	-4.564136e+01	-8.386155e+02
1.000000e-07	-7.090237e-06	-1.406586e-08	-4.559085e+01	-8.382127e+02
1.100000e-07	-7.081483e-06	-1.403606e-08	-4.553457e+01	-8.377876e+02
1.200000e-07	-7.071702e-06	-1.404887e-08	-4.547168e+01	-8.373477e+02
1.300000e-07	-7.060819e-06	-1.407699e-08	-4.540170e+01	-8.368981e+02
1.400000e-07	-7.049095e-06	-1.415182e-08	-4.532631e+01	-8.364407e+02
1.500000e-07	-7.036610e-06	-1.403309e-08	-4.524603e+01	-8.359736e+02
1.600000e-07	-7.023217e-06	-1.394477e-08	-4.515991e+01	-8.354913e+02
1.700000e-07	-7.008814e-06	-1.409342e-08	-4.506730e+01	-8.349848e+02
1.800000e-07	-6.993337e-06	-1.402619e-08	-4.496778e+01	-8.344427e+02
1.900000e-07	-6.976754e-06	-1.394320e-08	-4.486115e+01	-8.338523e+02
2.000000e-07	-6.959462e-06	-1.400056e-08	-4.474996e+01	-8.332006e+02
2.100000e-07	-6.941500e-06	-1.394907e-08	-4.463446e+01	-8.324764e+02
2.200000e-07	-6.922653e-06	-1.397644e-08	-4.451327e+01	-8.316707e+02
2.300000e-07	-6.903085e-06	-1.401468e-08	-4.438745e+01	-8.307780e+02
2.400000e-07	-6.882806e-06	-1.386536e-08	-4.425705e+01	-8.297965e+02
2.500000e-07	-6.861826e-06	-1.387637e-08	-4.412215e+01	-8.287287e+02
2.600000e-07	-6.840068e-06	-1.392542e-08	-4.398225e+01	-8.275802e+02
2.700000e-07	-6.817568e-06	-1.386908e-08	-4.383757e+01	-8.263596e+02
2.800000e-07	-6.794429e-06	-1.385450e-08	-4.368878e+01	-8.250770e+02
2.900000e-07	-6.770499e-06	-1.378507e-08	-4.353491e+01	-8.237430e+02
3.000000e-07	-6.745739e-06	-1.381196e-08	-4.337570e+01	-8.223673e+02
3.100000e-07	-6.720121e-06	-1.383641e-08	-4.321098e+01	-8.209582e+02
3.200000e-07	-6.693492e-06	-1.374935e-08	-4.303975e+01	-8.195210e+02
3.300000e-07	-6.665789e-06	-1.370667e-08	-4.286162e+01	-8.180584e+02
3.400000e-07	-6.637275e-06	-1.373923e-08	-4.267827e+01	-8.165704e+02
3.500000e-07	-6.608139e-06	-1.373317e-08	-4.249093e+01	-8.150541e+02
3.600000e-07	-6.578251e-06	-1.364764e-08	-4.229874e+01	-8.135050e+02
3.700000e-07	-6.547513e-06	-1.362040e-08	-4.210109e+01	-8.119178e+02
3.800000e-07	-6.516010e-06	-1.364223e-08	-4.189852e+01	-8.102867e+02
3.900000e-07	-6.483892e-06	-1.359852e-08	-4.169200e+01	-8.086071e+02
4.000000e-07	-6.451206e-06	-1.356652e-08	-4.148183e+01	-8.068754e+02
4.100000e-07	-6.417707e-06	-1.353323e-08	-4.126643e+01	-8.050899e+02
4.200000e-07	-6.383112e-06	-1.350306e-08	-4.104398e+01	-8.032506e+02
4.300000e-07	-6.347516e-06	-1.348960e-08	-4.081510e+01	-8.013590e+02
4.400000e-07	-6.311169e-06	-1.343330e-08	-4.058138e+01	-7.994178e+02
4.500000e-07	-6.274218e-06	-1.340297e-08	-4.034378e+01	-7.974299e+02
4.600000e-07	-6.236526e-06	-1.338336e-08	-4.010142e+01	-7.953980e+02
4.700000e-07	-6.198055e-06	-1.336272e-08	-3.985405e+01	-7.933239e+02
4.800000e-07	-6.158921e-06	-1.332136e-08	-3.960241e+01	-7.912079e+02
4.900000e-07	-6.119137e-06	-1.328049e-08	-3.934660e+01	-7.890487e+02
5.000000e-07	-6.078710e-06	-1.325339e-08	-3.908665e+01	-7.868431e+02
5.100000e-07	-6.037581e-06	-1.320728e-08	-3.882218e+01	-7.845868e+02
5.200000e-07	-5.995564e-06	-1.316400e-08	-3.855201e+01	-7.822745e+02
5.300000e-07	-5.952593e-06	-1.311819e-08	-3.827570e+01	-7.799004e+02
5.400000e-07	-5.908766e-06	-1.308998e-08	-3.799389e+01	-7.774592e+02
5.500000e-07	-5.864229e-06	-1.306118e-08	-3.770752e+01	-7.749468e+02
5.600000e-07	-5.819170e-06	-1.300888e-08	-3.741778e+01	-7.723602e+02
5.700000e-07	-5.773498e-06	-1.296017e-08	-3.712411e+01	-7.696985e+02
5.800000e-07	-5.727069e-06	-1.291567e-08	-3.682557e+01	-7.669622e+02
5.900000e-07	-5.679940e-06	-1.286869e-08	-3.652252e+01	-7.641537e+02
6.000000e-07	-5.632148e-06	-1.280495e-08	-3.621522e+01	-7.612760e+02
6.100000e-07	-5.583775e-06	-1.275787e-08	-3.590417e+01	-7.583330e+02
6.200000e-07	-5.534687e-06	-1.272726e-08	-3.558853e+01	-7.553282e+02
6.300000e-07	-5.484608e-06	-1.268497e-08	-3.526652e+01	-7.522645e+02
6.400000e-07	-5.433547e-06	-1.262431e-08	-3.493819e+01	-7.491433e+02
6.500000e-07	-5.381631e-06	-1.256358e-08	-3.460437e+01	-7.459648e+02
6.600000e-07	-5.328954e-06	-1.251770e-08	-3.426565e+01	-7.427274e+02
6.700000e-07	-5.275590e-06	-1.245978e-08	-3.392251e+01	-7.394281e+02
6.800000e-07	-5.221664e-06	-1.238892e-08	-3.357577e+01	-7.360629e+02
6.900000e-07	-5.167120e-06	-1.232613e-08	-3.322504e+01	-7.326271e+02
7.000000e-07	-5.111922e-06	-1.228099e-08	-3.287011e+01	-7.291162e+02
7.100000e-07	-5.056149e-06	-1.222782e-08	-3.251149e+01	-7.255263e+02
7.200000e-07	-4.999873e-06	-1.216012e-08	-3.214963e+01	-7.218543e+02
7.300000e-07	-4.943069e-06	-1.209359e-08	-3.178437e+01	-7.180987e+02
7.400000e-07	-4.885607e-06	-1.203707e-08	-3.141489e+01	-7.142591e+02
7.500000e-07	-4.827386e-06	-1.197310e-08	-3.104052e+01	-7.103365e+02
7.600000e-07	-4.768459e-06	-1.189503e-08	-3.066162e+01	-7.063326e+02
7.700000e-07	-4.708935e-06	-1.182094e-08	-3.027887e+01	-7.022496e+02
7.800000e-07	-4.648821e-06	-1.175704e-08	-2.989233e+01	-6.980897e+02
7.900000e-07	-4.588186e-06	-1.168895e-08	-2.950244e+01	-6.938543e+02
8.000000e-07	-4.527109e-06	-1.161142e-08	-2.910971e+01	-6.895438e+02
8.100000e-07	-4.465541e-06	-1.153761e-08	-2.871383e+01	-6.851573e+02
8.200000e-07	-4.403413e-06	-1.147276e-08	-2.831434e+01	-6.806924e+02
8.300000e-07	-4.340791e-06	-1.140204e-08	-2.791167e+01	-6.761457e+02
8.400000e-07	-4.277722e-06	-1.131815e-08	-2.750613e+01	-6.715124e+02
8.500000e-07	-4.214163e-06	-1.123134e-08	-2.709744e+01	-6.667874e+02
8.600000e-07	-4.150036e-06	-1.114924e-08	-2.668510e+01	-6.619655e+02
8.700000e-07	-4.085451e-06	-1.106841e-08	-2.626982e+01	-6.570418e+02
8.800000e-07	-4.020487e-06	-1.097992e-08	-2.585209e+01	-6.520120e+02
8.900000e-07	-3.955081e-06	-1.089200e-08	-2.543152e+01	-6.468731e+02
9.000000e-07	-3.889060e-06	-1.081249e-08	-2.500700e+01	-6.416230e+02
9.100000e-07	-3.822378e-06	-1.073242e-08	-2.457823e+01	-6.362603e+02
9.200000e-07	-3.755259e-06	-1.064090e-08	-2.414665e+01	-6.307846e+02
9.300000e-07	-3.687764e-06	-1.054249e-08	-2.371265e+01	-6.251957e+02
9.400000e-07	-3.619778e-06	-1.044663e-08	-2.327549e+01	-6.194931e+02
9.500000e-07	-3.551343e-06	-1.035256e-08	-2.283545e+01	-6.136759e+02
9.600000e-07	-3.482644e-06	-1.025248e-08	-2.239371e+01	-6.077424e+02
9.700000e-07	-3.413600e-06	-1.015013e-08	-2.194975e+01	-6.016897e+02
9.800000e-07	-3.344140e-06	-1.004964e-08	-2.150312e+01	-5.955140e+02
9.900000e-07	-3.274369e-06	-9.950310e-09	-2.105448e+01	-5.892107e+02
1.000000e-06	-3.204255e-06	-9.844050e-09	-2.060364e+01	-5.827743e+02
1.010000e-06	-3.133778e-06	-9.731143e-09	-2.015047e+01	-5.761994e+02
1.020000e-06	-3.062911e-06	-9.620248e-09	-1.969479e+01	-5.694807e+02
1.030000e-06	-2.991618e-06	-9.511730e-09	-1.923637e+01	-5.626137e+02
1.040000e-06	-2.919969e-06	-9.397451e-09	-1.877566e+01	-5.555946e+02
1.050000e-06	-2.847988e-06	-9.274574e-09	-1.831282e+01	-5.484205e+02
1.060000e-06	-2.775648e-06	-9.151743e-09	-1.784766e+01	-5.410897e+02
1.070000e-06	-2.702973e-06	-9.032450e-09	-1.738036e+01	-5.336009e+02
1.080000e-06	-2.630086e-06	-8.904813e-09	-1.691169e+01	-5.259532e+02
1.090000e-06	-2.556946e-06	-8.768842e-09	-1.644139e+01	-5.181452e+02
1.100000e-06	-2.483388e-06	-8.636385e-09	-1.596841e+01	-5.101747e+02
1.110000e-06	-2.409441e-06	-8.505270e-09	-1.549292e+01	-5.020382e+02
1.120000e-06	-2.335119e-06	-8.370715e-09	-1.501503e+01	-4.937306e+02
1.130000e-06	-2.260313e-06	-8.227752e-09	-1.453401e+01	-4.852447e+02
1.140000e-06	-2.185102e-06	-8.080628e-09	-1.405040e+01	-4.765715e+02
1.150000e-06	-2.109525e-06	-7.932056e-09	-1.356443e+01	-4.677007e+02
1.160000e-06	-2.033621e-06	-7.778735e-09	-1.307636e+01	-4.586205e+02
1.170000e-06	-1.957526e-06	-7.619791e-09	-1.258707e+01	-4.493190e+02
1.180000e-06	-1.881261e-06	-7.461526e-09	-1.209667e+01	-4.397843e+02
1.190000e-06	-1.804720e-06	-7.304462e-09	-1.160451e+01	-4.300054e+02
1.200000e-06	-1.727868e-06	-7.139281e-09	-1.111034e+01	-4.199727e+02
1.210000e-06	-1.650786e-06	-6.962313e-09	-1.061470e+01	-4.096783e+02
1.220000e-06	-1.573550e-06	-6.780360e-09	-1.011807e+01	-3.991159e+02
1.230000e-06	-1.496186e-06	-6.600285e-09	-9.620612e+00	-3.882807e+02
1.240000e-06	-1.418649e-06	-6.413063e-09	-9.122039e+00	-3.771690e+02
1.250000e-06	-1.340947e-06	-6.215987e-09	-8.622408e+00	-3.657772e+02
1.260000e-06	-1.263079e-06	-6.017236e-09	-8.121710e+00	-3.541009e+02
1.270000e-06	-1.185027e-06	-5.819630e-09	-7.619828e+00	-3.421342e+02
1.280000e-06	-1.106843e-06	-5.616436e-09	-7.117099e+00	-3.298686e+02
1.290000e-06	-1.028613e-06	-5.400465e-09	-6.614073e+00	-3.172921e+02
1.300000e-06	-9.502021e-07	-5.176497e-09	-6.109884e+00	-3.043891e+02
1.310000e-06	-8.716137e-07	-4.952465e-09	-5.604554e+00	-2.911398e+02
1.320000e-06	-7.929599e-07	-4.725324e-09	-5.098803e+00	-2.775210e+02
1.330000e-06	-7.141995e-07	-4.487317e-09	-4.592366e+00	-2.635062e+02
1.340000e-06	-6.353019e-07	-4.239869e-09	-4.085048e+00	-2.490669e+02
1.350000e-06	-5.563091e-07	-3.987823e-09	-3.577117e+00	-2.341739e+02
1.360000e-06	-4.772977e-07	-3.730151e-09	-3.069067e+00	-2.187988e+02
1.370000e-06	-3.981616e-07	-3.459142e-09	-2.560214e+00	-2.029159e+02
1.380000e-06	-3.189153e-07	-3.175487e-09	-2.050654e+00	-1.865037e+02
1.390000e-06	-2.396544e-07	-2.887609e-09	-1.540999e+00	-1.695470e+02
1.400000e-06	-1.603638e-07	-2.592685e-09	-1.031154e+00	-1.520382e+02
1.410000e-06	-8.107022e-08	-2.287869e-09	-5.212887e-01	-1.339786e+02
1.420000e-06	-1.775421e-09	-1.975313e-09	-1.141612e-02	-1.153797e+02
1.430000e-06	7.761656e-08	-1.659742e-09	4.990814e-01	-9.626340e+01
1.440000e-06	1.571188e-07	-1.335705e-09	1.010288e+00	-7.666276e+01
1.450000e-06	2.365201e-07	-9.953306e-10	1.520846e+00	-5.662143e+01
1.460000e-06	3.158205e-07	-6.416668e-10	2.030754e+00	-3.619322e+01
1.470000e-06	3.951451e-07	-2.851775e-10	2.540818e+00	-1.544107e+01
1.480000e-06	4.744193e-07	7.052939e-11	3.050559e+00	5.564353e+00
1.490000e-06	5.536048e-07	4.284177e-10	3.559728e+00	2.674638e+01
1.500000e-06	6.326182e-07	7.849143e-10	4.067791e+00	4.802429e+01
1.510000e-06	7.114881e-07	1.136210e-09	4.574932e+00	6.931555e+01
1.520000e-06	7.903644e-07	1.484174e-09	5.082114e+00	9.053802e+01
1.530000e-06	8.691658e-07	1.837985e-09	5.588814e+00	1.116123e+02
1.540000e-06	9.477998e-07	2.194287e-09	6.094437e+00	1.324637e+02
1.550000e-06	1.026260e-06	2.541711e-09	6.598945e+00	1.530243e+02
1.560000e-06	1.104567e-06	2.880875e-09	7.102461e+00	1.732346e+02
1.570000e-06	1.182734e-06	3.216042e-09	7.605085e+00	1.930444e+02
1.580000e-06	1.260731e-06	3.541083e-09	8.106614e+00	2.124135e+02
1.590000e-06	1.338561e-06	3.854433e-09	8.607067e+00	2.313120e+02
1.600000e-06	1.416204e-06	4.158748e-09	9.106318e+00	2.497198e+02
1.610000e-06	1.493636e-06	4.459108e-09	9.604209e+00	2.676255e+02
1.620000e-06	1.570890e-06	4.753283e-09	1.010096e+01	2.850258e+02
1.630000e-06	1.647900e-06	5.036976e-09	1.059615e+01	3.019230e+02
1.640000e-06	1.724681e-06	5.311577e-09	1.108985e+01	3.183244e+02
1.650000e-06	1.801276e-06	5.577371e-09	1.158236e+01	3.342399e+02
1.660000e-06	1.877676e-06	5.833917e-09	1.207362e+01	3.496806e+02
1.670000e-06	1.953885e-06	6.083067e-09	1.256365e+01	3.646582e+02
1.680000e-06	2.029808e-06	6.328214e-09	1.305184e+01	3.791833e+02
1.690000e-06	2.105462e-06	6.569360e-09	1.353831e+01	3.932652e+02
1.700000e-06	2.180808e-06	6.801932e-09	1.402279e+01	4.069121e+02
1.710000e-06	2.255673e-06	7.020806e-09	1.450418e+01	4.201309e+02
1.720000e-06	2.330080e-06	7.233029e-09	1.498262e+01	4.329281e+02
1.730000e-06	2.404105e-06	7.440898e-09	1.545861e+01	4.453101e+02
1.740000e-06	2.477735e-06	7.641681e-09	1.593205e+01	4.572840e+02
1.750000e-06	2.551054e-06	7.835244e-09	1.640350e+01	4.688584e+02
1.760000e-06	2.624148e-06	8.025821e-09	1.687351e+01	4.800437e+02
1.770000e-06	2.696962e-06	8.213568e-09	1.734170e+01	4.908519e+02
1.780000e-06	2.769476e-06	8.391973e-09	1.780798e+01	5.012970e+02
1.790000e-06	2.841655e-06	8.559187e-09	1.827209e+01	5.113944e+02
1.800000e-06	2.913548e-06	8.721093e-09	1.873437e+01	5.211603e+02
1.810000e-06	2.985108e-06	8.878200e-09	1.919451e+01	5.306109e+02
1.820000e-06	3.056298e-06	9.030116e-09	1.965227e+01	5.397619e+02
1.830000e-06	3.127141e-06	9.176098e-09	2.010780e+01	5.486273e+02
1.840000e-06	3.197639e-06	9.320266e-09	2.056111e+01	5.572197e+02
1.850000e-06	3.267798e-06	9.465193e-09	2.101224e+01	5.655493e+02
1.860000e-06	3.337454e-06	9.603802e-09	2.146012e+01	5.736246e+02
1.870000e-06	3.406638e-06	9.735292e-09	2.190499e+01	5.814520e+02
1.880000e-06	3.475489e-06	9.860690e-09	2.234770e+01	5.890371e+02
1.890000e-06	3.544004e-06	9.985441e-09	2.278826e+01	5.963846e+02
1.900000e-06	3.612185e-06	1.010646e-08	2.322667e+01	6.034998e+02
1.910000e-06	3.680040e-06	1.022033e-08	2.366298e+01	6.103886e+02
1.920000e-06	3.747473e-06	1.033048e-08	2.409658e+01	6.170583e+02
1.930000e-06	3.814351e-06	1.044094e-08	2.452662e+01	6.235179e+02
1.940000e-06	3.880566e-06	1.055053e-08	2.495239e+01	6.297781e+02
1.950000e-06	3.946135e-06	1.065491e-08	2.537400e+01	6.358507e+02
1.960000e-06	4.011147e-06	1.075550e-08	2.579203e+01	6.417484e+02
1.970000e-06	4.075713e-06	1.085351e-08	2.620720e+01	6.474840e+02
1.980000e-06	4.139883e-06	1.094758e-08	2.661981e+01	6.530693e+02
1.990000e-06	4.203625e-06	1.103911e-08	2.702969e+01	6.585150e+02
2.000000e-06	4.266858e-06	1.112779e-08	2.743628e+01	6.638296e+02
2.010000e-06	4.329609e-06	1.121410e-08	2.783977e+01	6.690194e+02
2.020000e-06	4.391925e-06	1.130007e-08	2.824047e+01	6.740880e+02
2.030000e-06	4.453783e-06	1.138465e-08	2.863822e+01	6.790371e+02
2.040000e-06	4.515132e-06	1.146645e-08	2.903270e+01	6.838667e+02
2.050000e-06	4.575948e-06	1.154529e-08	2.942375e+01	6.885757e+02
2.060000e-06	4.636354e-06	1.162370e-08	2.981217e+01	6.931631e+02
2.070000e-06	4.696359e-06	1.170085e-08	3.019800e+01	6.976284e+02
2.080000e-06	4.755866e-06	1.177628e-08	3.058064e+01	7.019726e+02
2.090000e-06	4.814678e-06	1.184991e-08	3.095881e+01	7.061985e+02
2.100000e-06	4.872624e-06	1.192013e-08	3.133141e+01	7.103108e+02
2.110000e-06	4.929765e-06	1.198394e-08	3.169883e+01	7.143160e+02
2.120000e-06	4.986319e-06	1.204551e-08	3.206247e+01	7.182220e+02
2.130000e-06	5.042355e-06	1.210742e-08	3.242279e+01	7.220375e+02
2.140000e-06	5.097814e-06	1.216822e-08	3.277940e+01	7.257711e+02
2.150000e-06	5.152727e-06	1.222987e-08	3.313249e+01	7.294304e+02
2.160000e-06	5.207089e-06	1.229366e-08	3.348204e+01	7.330215e+02
2.170000e-06	5.260877e-06	1.235647e-08	3.382791e+01	7.365484e+02
2.180000e-06	5.314052e-06	1.241368e-08	3.416983e+01	7.400126e+02
2.190000e-06	5.366585e-06	1.246752e-08	3.450762e+01	7.434134e+02
2.200000e-06	5.418315e-06	1.252160e-08	3.484025e+01	7.467480e+02
2.210000e-06	5.469121e-06	1.257470e-08	3.516694e+01	7.500126e+02
2.220000e-06	5.519007e-06	1.262673e-08	3.548771e+01	7.532025e+02
2.230000e-06	5.568039e-06	1.268184e-08	3.580299e+01	7.563138e+02
2.240000e-06	5.616396e-06	1.273660e-08	3.611393e+01	7.593435e+02
2.250000e-06	5.664120e-06	1.278655e-08	3.642080e+01	7.622903e+02
2.260000e-06	5.711172e-06	1.283308e-08	3.672334e+01	7.651551e+02
2.270000e-06	5.757553e-06	1.287900e-08	3.702158e+01	7.679410e+02
2.280000e-06	5.803210e-06	1.292566e-08	3.731515e+01	7.706530e+02
2.290000e-06	5.848135e-06	1.297045e-08	3.760403e+01	7.732972e+02
2.300000e-06	5.892529e-06	1.301455e-08	3.788948e+01	7.758806e+02
2.310000e-06	5.936477e-06	1.306368e-08	3.817207e+01	7.784098e+02
2.320000e-06	5.979806e-06	1.311018e-08	3.845068e+01	7.808903e+02
2.330000e-06	6.022135e-06	1.315014e-08	3.872287e+01	7.833262e+02
2.340000e-06	6.063365e-06	1.318569e-08	3.898798e+01	7.857190e+02
2.350000e-06	6.103842e-06	1.322344e-08	3.924825e+01	7.880685e+02
2.360000e-06	6.143708e-06	1.326526e-08	3.950459e+01	7.903720e+02
2.370000e-06	6.182896e-06	1.330224e-08	3.975657e+01	7.926254e+02
2.380000e-06	6.221399e-06	1.333816e-08	4.000415e+01	7.948237e+02
2.390000e-06	6.259227e-06	1.337711e-08	4.024739e+01	7.969618e+02
2.400000e-06	6.296332e-06	1.341668e-08	4.048597e+01	7.990353e+02
2.410000e-06	6.332835e-06	1.345068e-08	4.072069e+01	8.010412e+02
2.420000e-06	6.368822e-06	1.347914e-08	4.095209e+01	8.029783e+02
2.430000e-06	6.404024e-06	1.350920e-08	4.117844e+01	8.048475e+02
2.440000e-06	6.438146e-06	1.354290e-08	4.139785e+01	8.066518e+02
2.450000e-06	6.471213e-06	1.357425e-08	4.161048e+01	8.083956e+02
2.460000e-06	6.503517e-06	1.360101e-08	4.181819e+01	8.100844e+02
2.470000e-06	6.535160e-06	1.362819e-08	4.202166e+01	8.117240e+02
2.480000e-06	6.566111e-06	1.365823e-08	4.222068e+01	8.133194e+02
2.490000e-06	6.596345e-06	1.368617e-08	4.241508e+01	8.148748e+02
2.500000e-06	6.625773e-06	1.371174e-08	4.260431e+01	8.163923e+02
2.510000e-06	6.654505e-06	1.373902e-08	4.278906e+01	8.178723e+02
2.520000e-06	6.682706e-06	1.376467e-08	4.297039e+01	8.193134e+02
2.530000e-06	6.710196e-06	1.378734e-08	4.314716e+01	8.207125e+02
2.540000e-06	6.736642e-06	1.380743e-08	4.331721e+01	8.220657e+02
2.550000e-06	6.762020e-06	1.382889e-08	4.348039e+01	8.233686e+02
2.560000e-06	6.786531e-06	1.385244e-08	4.363800e+01	8.246176e+02
2.570000e-06	6.810356e-06	1.387450e-08	4.379120e+01	8.258099e+02
2.580000e-06	6.833411e-06	1.389540e-08	4.393944e+01	8.269444e+02
2.590000e-06	6.855565e-06	1.391636e-08	4.408189e+01	8.280220e+02
2.600000e-06	6.876900e-06	1.393520e-08	4.421908e+01	8.290450e+02
2.610000e-06	6.897541e-06	1.395193e-08	4.435181e+01	8.300174e+02
2.620000e-06	6.917596e-06	1.396577e-08	4.448076e+01	8.309440e+02
2.630000e-06	6.937029e-06	1.397840e-08	4.460571e+01	8.318297e+02
2.640000e-06	6.955624e-06	1.399097e-08	4.472528e+01	8.326789e+02
2.650000e-06	6.973276e-06	1.400420e-08	4.483879e+01	8.334948e+02
2.660000e-06	6.990116e-06	1.401773e-08	4.494707e+01	8.342787e+02
2.670000e-06	7.006107e-06	1.402885e-08	4.504989e+01	8.350304e+02
2.680000e-06	7.021101e-06	1.403982e-08	4.514630e+01	8.357476e+02
2.690000e-06	7.035154e-06	1.405043e-08	4.523667e+01	8.364266e+02
2.700000e-06	7.048338e-06	1.406110e-08	4.532144e+01	8.370628e+02
2.710000e-06	7.060662e-06	1.407060e-08	4.540068e+01	8.376517e+02
2.720000e-06	7.072013e-06	1.407951e-08	4.547367e+01	8.381892e+02
2.730000e-06	7.082154e-06	1.408968e-08	4.553888e+01	8.386727e+02
2.740000e-06	7.091162e-06	1.409954e-08	4.559680e+01	8.391015e+02
2.750000e-06	7.099381e-06	1.410440e-08	4.564965e+01	8.394770e+02
2.760000e-06	7.106879e-06	1.410604e-08	4.569787e+01	8.398026e+02
2.770000e-06	7.113568e-06	1.410662e-08	4.574088e+01	8.400834e+02
2.780000e-06	7.119420e-06	1.410905e-08	4.577850e+01	8.403252e+02
2.790000e-06	7.124447e-06	1.411341e-08	4.581083e+01	8.405344e+02
2.800000e-06	7.128834e-06	1.411720e-08	4.583904e+01	8.407162e+02
2.810000e-06	7.132533e-06	1.412056e-08	4.586283e+01	8.408747e+02
2.820000e-06	7.135178e-06	1.412161e-08	4.587983e+01	8.410116e+02
2.830000e-06	7.136618e-06	1.411963e-08	4.588909e+01	8.411261e+02
2.840000e-06	7.137164e-06	1.411630e-08	4.589260e+01	8.412152e+02
2.850000e-06	7.137095e-06	1.411313e-08	4.589216e+01	8.412737e+02
2.860000e-06	7.136236e-06	1.411160e-08	4.588663e+01	8.412952e+02
2.870000e-06	7.134511e-06	1.411382e-08	4.587554e+01	8.412728e+02
2.880000e-06	7.132023e-06	1.411520e-08	4.585954e+01	8.412003e+02
2.890000e-06	7.128818e-06	1.411595e-08	4.583894e+01	8.410731e+02
2.900000e-06	7.125017e-06	1.411569e-08	4.581450e+01	8.408890e+02
2.910000e-06	7.120558e-06	1.411261e-08	4.578582e+01	8.406486e+02
2.920000e-06	7.115227e-06	1.410781e-08	4.575154e+01	8.403555e+02
2.930000e-06	7.108801e-06	1.406977e-08	4.571022e+01	8.400159e+02
2.940000e-06	7.101345e-06	1.409584e-08	4.566228e+01	8.396379e+02
2.950000e-06	7.092943e-06	1.414213e-08	4.560825e+01	8.392303e+02
2.960000e-06	7.083394e-06	1.412243e-08	4.554686e+01	8.388020e+02
2.970000e-06	7.072850e-06	1.407670e-08	4.547905e+01	8.383601e+02
2.980000e-06	7.061735e-06	1.393986e-08	4.540758e+01	8.379090e+02
2.990000e-06	7.050189e-06	1.404621e-08	4.533335e+01	8.374501e+02
3.000000e-06	7.037722e-06	1.416190e-08	4.525318e+01	8.369808e+02
3.010000e-06	7.023952e-06	1.398726e-08	4.516464e+01	8.364948e+02
3.020000e-06	7.009302e-06	1.407373e-08	4.507044e+01	8.359827e+02
3.030000e-06	6.993756e-06	1.417569e-08	4.497047e+01	8.354326e+02
3.040000e-06	6.977227e-06	1.402928e-08	4.486419e+01	8.348317e+02
3.050000e-06	6.960084e-06	1.409784e-08	4.475396e+01	8.341673e+02
3.060000e-06	6.942251e-06	1.409452e-08	4.463929e+01	8.334285e+02
3.070000e-06	6.923582e-06	1.393592e-08	4.451925e+01	8.326069e+02
3.080000e-06	6.904168e-06	1.410042e-08	4.439442e+01	8.316975e+02
3.090000e-06	6.884097e-06	1.407856e-08	4.426536e+01	8.306997e+02
3.100000e-06	6.863378e-06	1.397160e-08	4.413213e+01	8.296163e+02
3.110000e-06	6.841612e-06	1.405784e-08	4.399218e+01	8.284536e+02
3.120000e-06	6.818533e-06	1.398307e-08	4.384377e+01	8.272207e+02
3.130000e-06	6.794649e-06	1.403872e-08	4.369020e+01	8.259277e+02
3.140000e-06	6.770189e-06	1.397734e-08	4.353292e+01	8.245853e+02
3.150000e-06	6.744804e-06	1.384152e-08	4.336969e+01	8.232029e+02
3.160000e-06	6.718491e-06	1.397319e-08	4.320050e+01	8.217882e+02
3.170000e-06	6.691477e-06	1.390230e-08	4.302679e+01	8.203462e+02
3.180000e-06	6.663831e-06	1.381673e-08	4.284903e+01	8.188791e+02
3.190000e-06	6.635368e-06	1.381713e-08	4.266601e+01	8.173860e+02
3.200000e-06	6.605866e-06	1.379622e-08	4.247630e+01	8.158641e+02
3.210000e-06	6.575435e-06	1.384583e-08	4.228063e+01	8.143084e+02
3.220000e-06	6.544184e-06	1.371006e-08	4.207969e+01	8.127134e+02
3.230000e-06	6.512175e-06	1.371488e-08	4.187387e+01	8.110737e+02
3.240000e-06	6.479394e-06	1.373493e-08	4.166308e+01	8.093846e+02
3.250000e-06	6.445913e-06	1.364484e-08	4.144780e+01	8.076429e+02
3.260000e-06	6.411822e-06	1.365272e-08	4.122858e+01	8.058473e+02
3.270000e-06	6.377008e-06	1.355874e-08	4.100473e+01	8.039982e+02
3.280000e-06	6.341475e-06	1.359501e-08	4.077625e+01	8.020971e+02
3.290000e-06	6.305236e-06	1.355635e-08	4.054323e+01	8.001470e+02
3.300000e-06	6.268132e-06	1.348091e-08	4.030465e+01	7.981508e+02
3.310000e-06	6.230047e-06	1.348761e-08	4.005976e+01	7.961110e+02
3.320000e-06	6.190995e-06	1.341558e-08	3.980865e+01	7.940291e+02
3.330000e-06	6.151185e-06	1.341760e-08	3.955267e+01	7.919053e+02
3.340000e-06	6.110832e-06	1.333734e-08	3.929319e+01	7.897377e+02
3.350000e-06	6.069857e-06	1.331158e-08	3.902972e+01	7.875231e+02
3.360000e-06	6.028156e-06	1.329608e-08	3.876158e+01	7.852568e+02
3.370000e-06	5.985749e-06	1.324402e-08	3.848890e+01	7.829333e+02
3.380000e-06	5.942701e-06	1.322020e-08	3.821210e+01	7.805471e+02
3.390000e-06	5.899073e-06	1.313639e-08	3.793156e+01	7.780930e+02
3.400000e-06	5.854875e-06	1.313029e-08	3.764737e+01	7.755669e+02
3.410000e-06	5.810008e-06	1.307645e-08	3.735887e+01	7.729663e+02
3.420000e-06	5.764456e-06	1.302063e-08	3.706597e+01	7.702906e+02
3.430000e-06	5.718218e-06	1.297728e-08	3.676865e+01	7.675407e+02
3.440000e-06	5.671242e-06	1.293486e-08	3.646659e+01	7.647189e+02
3.450000e-06	5.623539e-06	1.290471e-08	3.615986e+01	7.618288e+02
3.460000e-06	5.575124e-06	1.281831e-08	3.584854e+01	7.588740e+02
3.470000e-06	5.525933e-06	1.277436e-08	3.553224e+01	7.558581e+02
3.480000e-06	5.475961e-06	1.272779e-08	3.521092e+01	7.527836e+02
3.490000e-06	5.425336e-06	1.268349e-08	3.488539e+01	7.496518e+02
3.500000e-06	5.374062e-06	1.261542e-08	3.455570e+01	7.464625e+02
3.510000e-06	5.322025e-06	1.255819e-08	3.422109e+01	7.432139e+02
3.520000e-06	5.269164e-06	1.252221e-08	3.388119e+01	7.399026e+02
3.530000e-06	5.215492e-06	1.245842e-08	3.353608e+01	7.365246e+02
3.540000e-06	5.160967e-06	1.238952e-08	3.318548e+01	7.330751e+02
3.550000e-06	5.105678e-06	1.232224e-08	3.282997e+01	7.295498e+02
3.560000e-06	5.049800e-06	1.227886e-08	3.247066e+01	7.259447e+02
3.570000e-06	4.993371e-06	1.221223e-08	3.210782e+01	7.222573e+02
3.580000e-06	4.936404e-06	1.213879e-08	3.174152e+01	7.184860e+02
3.590000e-06	4.878870e-06	1.206774e-08	3.137157e+01	7.146308e+02
3.600000e-06	4.820698e-06	1.201464e-08	3.099752e+01	7.106928e+02
3.610000e-06	4.761986e-06	1.194951e-08	3.062000e+01	7.066740e+02
3.620000e-06	4.702761e-06	1.186608e-08	3.023917e+01	7.025766e+02
3.630000e-06	4.643037e-06	1.179382e-08	2.985514e+01	6.984025e+02
3.640000e-06	4.582884e-06	1.172799e-08	2.946835e+01	6.941531e+02
3.650000e-06	4.522134e-06	1.166262e-08	2.907772e+01	6.898285e+02
3.660000e-06	4.460691e-06	1.157585e-08	2.868264e+01	6.854276e+02
3.670000e-06	4.398626e-06	1.150146e-08	2.828356e+01	6.809478e+02
3.680000e-06	4.335910e-06	1.143193e-08	2.788029e+01	6.763852e+02
3.690000e-06	4.272549e-06	1.135725e-08	2.747287e+01	6.717352e+02
3.700000e-06	4.208732e-06	1.126518e-08	2.706252e+01	6.669926e+02
3.710000e-06	4.144535e-06	1.117841e-08	2.664973e+01	6.621520e+02
3.720000e-06	4.079926e-06	1.110348e-08	2.623429e+01	6.572087e+02
3.730000e-06	4.014893e-06	1.102289e-08	2.581612e+01	6.521588e+02
3.740000e-06	3.949387e-06	1.092971e-08	2.539491e+01	6.469993e+02
3.750000e-06	3.883387e-06	1.083379e-08	2.497052e+01	6.417282e+02
3.760000e-06	3.816918e-06	1.075146e-08	2.454312e+01	6.363444e+02
3.770000e-06	3.750068e-06	1.066048e-08	2.411327e+01	6.308476e+02
3.780000e-06	3.682798e-06	1.055995e-08	2.368072e+01	6.252374e+02
3.790000e-06	3.615090e-06	1.045839e-08	2.324535e+01	6.195135e+02
3.800000e-06	3.547023e-06	1.036971e-08	2.280768e+01	6.136748e+02
3.810000e-06	3.478579e-06	1.027462e-08	2.236757e+01	6.077193e+02
3.820000e-06	3.409723e-06	1.016571e-08	2.192482e+01	6.016439e+02
3.830000e-06	3.340400e-06	1.005384e-08	2.147907e+01	5.954448e+02
3.840000e-06	3.270464e-06	9.949910e-09	2.102937e+01	5.891170e+02
3.850000e-06	3.199993e-06	9.845613e-09	2.057624e+01	5.826551e+02
3.860000e-06	3.129099e-06	9.726658e-09	2.012039e+01	5.760537e+02
3.870000e-06	3.057817e-06	9.608065e-09	1.966204e+01	5.693076e+02
3.880000e-06	2.986228e-06	9.496401e-09	1.920171e+01	5.624124e+02
3.890000e-06	2.914331e-06	9.384137e-09	1.873941e+01	5.553645e+02
3.900000e-06	2.842099e-06	9.257270e-09	1.827495e+01	5.481613e+02
3.910000e-06	2.769543e-06	9.126546e-09	1.780841e+01	5.408010e+02
3.920000e-06	2.696705e-06	9.004974e-09	1.734005e+01	5.332826e+02
3.930000e-06	2.623588e-06	8.881433e-09	1.686990e+01	5.256050e+02
3.940000e-06	2.550123e-06	8.744084e-09	1.639752e+01	5.177667e+02
3.950000e-06	2.476317e-06	8.600665e-09	1.592294e+01	5.097655e+02
3.960000e-06	2.402242e-06	8.464751e-09	1.544663e+01	5.015975e+02
3.970000e-06	2.327905e-06	8.331227e-09	1.496864e+01	4.932571e+02
3.980000e-06	2.253306e-06	8.185347e-09	1.448896e+01	4.847369e+02
3.990000e-06	2.178414e-06	8.033645e-09	1.400740e+01	4.760276e+02
4.000000e-06	2.103213e-06	7.887619e-09	1.352385e+01	4.671185e+02
4.010000e-06	2.027720e-06	7.738922e-09	1.303842e+01	4.579979e+02
4.020000e-06	1.952013e-06	7.577117e-09	1.255162e+01	4.486536e+02
4.030000e-06	1.876082e-06	7.408270e-09	1.206338e+01	4.390740e+02
4.040000e-06	1.799934e-06	7.244164e-09	1.157374e+01	4.292483e+02
4.050000e-06	1.723567e-06	7.078191e-09	1.108269e+01	4.191672e+02
4.060000e-06	1.646953e-06	6.900454e-09	1.059005e+01	4.088230e+02
4.070000e-06	1.570083e-06	6.715320e-09	1.009577e+01	3.982098e+02
4.080000e-06	1.492965e-06	6.535285e-09	9.599900e+00	3.873231e+02
4.090000e-06	1.415665e-06	6.357082e-09	9.102853e+00	3.761593e+02
4.100000e-06	1.338185e-06	6.166707e-09	8.604650e+00	3.647145e+02
4.110000e-06	1.260487e-06	5.965393e-09	8.105046e+00	3.529844e+02
4.120000e-06	1.182599e-06	5.762897e-09	7.604214e+00	3.409625e+02
4.130000e-06	1.104452e-06	5.556740e-09	7.101727e+00	3.286397e+02
4.140000e-06	1.026075e-06	5.341306e-09	6.597753e+00	3.160034e+02
4.150000e-06	9.475885e-07	5.120318e-09	6.093079e+00	3.030371e+02
4.160000e-06	8.689008e-07	4.899303e-09	5.587109e+00	2.897205e+02
4.170000e-06	7.900506e-07	4.674829e-09	5.080096e+00	2.760297e+02
4.180000e-06	7.111289e-07	4.438059e-09	4.572622e+00	2.619376e+02
4.190000e-06	6.320897e-07	4.190729e-09	4.064393e+00	2.474155e+02
4.200000e-06	5.529774e-07	3.937491e-09	3.555694e+00	2.324343e+02
4.210000e-06	4.738109e-07	3.677464e-09	3.046646e+00	2.169659e+02
4.220000e-06	3.945793e-07	3.406699e-09	2.537180e+00	2.009852e+02
4.230000e-06	3.153088e-07	3.125939e-09	2.027464e+00	1.844720e+02
4.240000e-06	2.359870e-07	2.842771e-09	1.517417e+00	1.674122e+02
4.250000e-06	1.566153e-07	2.552233e-09	1.007050e+00	1.497998e+02
4.260000e-06	7.717854e-08	2.246596e-09	4.962649e-01	1.316380e+02
4.270000e-06	-2.319222e-09	1.929087e-09	-1.491280e-02	1.129401e+02
4.280000e-06	-8.177489e-08	1.605558e-09	-5.258198e-01	9.373027e+01
4.290000e-06	-1.611825e-07	1.275792e-09	-1.036418e+00	7.404343e+01
4.300000e-06	-2.406410e-07	9.344876e-10	-1.547343e+00	5.392525e+01
4.310000e-06	-3.200865e-07	5.859880e-10	-2.058185e+00	3.343133e+01
4.320000e-06	-3.994086e-07	2.366580e-10	-2.568233e+00	1.262619e+01
4.330000e-06	-4.786949e-07	-1.145999e-10	-3.078051e+00	-8.418264e+00
4.340000e-06	-5.579703e-07	-4.734141e-10	-3.587799e+00	-2.962442e+01
4.350000e-06	-6.371296e-07	-8.376928e-10	-4.096800e+00	-5.091107e+01
4.360000e-06	-7.161507e-07	-1.198469e-09	-4.604913e+00	-7.219555e+01
4.370000e-06	-7.950161e-07	-1.552763e-09	-5.112024e+00	-9.339609e+01
4.380000e-06	-8.737237e-07	-1.904447e-09	-5.618121e+00	-1.144340e+02
4.390000e-06	-9.522443e-07	-2.255304e-09	-6.123015e+00	-1.352357e+02
4.400000e-06	-1.030583e-06	-2.601594e-09	-6.626743e+00	-1.557349e+02
4.410000e-06	-1.108785e-06	-2.942371e-09	-7.129584e+00	-1.758735e+02
4.420000e-06	-1.186802e-06	-3.278477e-09	-7.631242e+00	-1.956033e+02
4.430000e-06	-1.264544e-06	-3.605554e-09	-8.131134e+00	-2.148861e+02
4.440000e-06	-1.342021e-06	-3.923080e-09	-8.629316e+00	-2.336938e+02
4.450000e-06	-1.419313e-06	-4.231669e-09	-9.126307e+00	-2.520079e+02
4.460000e-06	-1.496347e-06	-4.531199e-09	-9.621645e+00	-2.698189e+02
4.470000e-06	-1.573154e-06	-4.824494e-09	-1.011552e+01	-2.871244e+02
4.480000e-06	-1.649818e-06	-5.111169e-09	-1.060848e+01	-3.039280e+02
4.490000e-06	-1.726277e-06	-5.386870e-09	-1.110012e+01	-3.202373e+02
4.500000e-06	-1.802435e-06	-5.653434e-09	-1.158982e+01	-3.360628e+02
4.510000e-06	-1.878279e-06	-5.911981e-09	-1.207750e+01	-3.514158e+02
4.520000e-06	-1.953924e-06	-6.160165e-09	-1.256390e+01	-3.663077e+02
4.530000e-06	-2.029352e-06	-6.400951e-09	-1.304891e+01	-3.807489e+02
4.540000e-06	-2.104515e-06	-6.634361e-09	-1.353222e+01	-3.947486e+02
4.550000e-06	-2.179373e-06	-6.862546e-09	-1.401356e+01	-4.083146e+02
4.560000e-06	-2.253875e-06	-7.085700e-09	-1.449261e+01	-4.214538e+02
4.570000e-06	-2.328066e-06	-7.301519e-09	-1.496967e+01	-4.341726e+02
4.580000e-06	-2.402022e-06	-7.509301e-09	-1.544522e+01	-4.464774e+02
4.590000e-06	-2.475774e-06	-7.710655e-09	-1.591945e+01	-4.583757e+02
4.600000e-06	-2.549267e-06	-7.904932e-09	-1.639201e+01	-4.698762e+02
4.610000e-06	-2.622403e-06	-8.090872e-09	-1.686229e+01	-4.809897e+02
4.620000e-06	-2.695168e-06	-8.269540e-09	-1.733017e+01	-4.917286e+02
4.630000e-06	-2.767615e-06	-8.441587e-09	-1.779601e+01	-5.021073e+02
4.640000e-06	-2.839786e-06	-8.609211e-09	-1.826008e+01	-5.121412e+02
4.650000e-06	-2.911734e-06	-8.772561e-09	-1.872271e+01	-5.218467e+02
4.660000e-06	-2.983433e-06	-8.931662e-09	-1.918374e+01	-5.312399e+02
4.670000e-06	-3.054877e-06	-9.086277e-09	-1.964313e+01	-5.403361e+02
4.680000e-06	-3.125972e-06	-9.237675e-09	-2.010028e+01	-5.491494e+02
4.690000e-06	-3.196629e-06	-9.383931e-09	-2.055461e+01	-5.576917e+02
4.700000e-06	-3.266731e-06	-9.522646e-09	-2.100537e+01	-5.659730e+02
4.710000e-06	-3.336231e-06	-9.656995e-09	-2.145226e+01	-5.740013e+02
4.720000e-06	-3.405271e-06	-9.788367e-09	-2.189620e+01	-5.817828e+02
4.730000e-06	-3.473888e-06	-9.916056e-09	-2.233741e+01	-5.893229e+02
4.740000e-06	-3.542091e-06	-1.003818e-08	-2.277596e+01	-5.966264e+02
4.750000e-06	-3.609910e-06	-1.015544e-08	-2.321204e+01	-6.036985e+02
4.760000e-06	-3.677348e-06	-1.027148e-08	-2.364567e+01	-6.105455e+02
4.770000e-06	-3.744320e-06	-1.038474e-08	-2.407631e+01	-6.171751e+02
4.780000e-06	-3.810848e-06	-1.049515e-08	-2.450409e+01	-6.235964e+02
4.790000e-06	-3.877030e-06	-1.060153e-08	-2.492965e+01	-6.298204e+02
4.800000e-06	-3.942822e-06	-1.070360e-08	-2.535270e+01	-6.358591e+02
4.810000e-06	-4.008126e-06	-1.080219e-08	-2.577261e+01	-6.417254e+02
4.820000e-06	-4.072857e-06	-1.089684e-08	-2.618883e+01	-6.474318e+02
4.830000e-06	-4.137087e-06	-1.098889e-08	-2.660184e+01	-6.529901e+02
4.840000e-06	-4.200933e-06	-1.107883e-08	-2.701237e+01	-6.584106e+02
4.850000e-06	-4.264418e-06	-1.116866e-08	-2.742059e+01	-6.637014e+02
4.860000e-06	-4.327459e-06	-1.125794e-08	-2.782594e+01	-6.688681e+02
4.870000e-06	-4.389873e-06	-1.134499e-08	-2.822727e+01	-6.739142e+02
4.880000e-06	-4.451632e-06	-1.142982e-08	-2.862439e+01	-6.788408e+02
4.890000e-06	-4.512717e-06	-1.151208e-08	-2.901717e+01	-6.836478e+02
4.900000e-06	-4.573187e-06	-1.159001e-08	-2.940600e+01	-6.883340e+02
4.910000e-06	-4.633122e-06	-1.166495e-08	-2.979139e+01	-6.928984e+02
4.920000e-06	-4.692556e-06	-1.173876e-08	-3.017356e+01	-6.973408e+02
4.930000e-06	-4.751540e-06	-1.181096e-08	-3.055282e+01	-7.016625e+02
4.940000e-06	-4.810042e-06	-1.188093e-08	-3.092900e+01	-7.058666e+02
4.950000e-06	-4.867957e-06	-1.195066e-08	-3.130139e+01	-7.099582e+02
4.960000e-06	-4.925247e-06	-1.201789e-08	-3.166978e+01	-7.139441e+02
4.970000e-06	-4.981969e-06	-1.208222e-08	-3.203450e+01	-7.178324e+02
4.980000e-06	-5.038137e-06	-1.214512e-08	-3.239567e+01	-7.216318e+02
4.990000e-06	-5.093824e-06	-1.220680e-08	-3.275374e+01	-7.253508e+02
5.000000e-06	-5.148941e-06	-1.226986e-08	-3.310815e+01	-7.289969e+02
5.010000e-06	-5.203262e-06	-1.233410e-08	-3.345744e+01	-7.325757e+02
5.020000e-06	-5.256686e-06	-1.239659e-08	-3.380096e+01	-7.360907e+02
5.030000e-06	-5.309251e-06	-1.245553e-08	-3.413896e+01	-7.395430e+02
5.040000e-06	-5.361074e-06	-1.251166e-08	-3.447218e+01	-7.429315e+02
5.050000e-06	-5.412279e-06	-1.256677e-08	-3.480144e+01	-7.462533e+02
5.060000e-06	-5.462829e-06	-1.262167e-08	-3.512648e+01	-7.495041e+02
5.070000e-06	-5.512737e-06	-1.267391e-08	-3.544739e+01	-7.526796e+02
5.080000e-06	-5.561870e-06	-1.272378e-08	-3.576332e+01	-7.557757e+02
5.090000e-06	-5.609989e-06	-1.277254e-08	-3.607273e+01	-7.587897e+02
5.100000e-06	-5.657112e-06	-1.282138e-08	-3.637573e+01	-7.617209e+02
5.110000e-06	-5.703428e-06	-1.286962e-08	-3.667355e+01	-7.645706e+02
5.120000e-06	-5.749186e-06	-1.291574e-08	-3.696778e+01	-7.673421e+02
5.130000e-06	-5.794427e-06	-1.295861e-08	-3.725868e+01	-7.700408e+02
5.140000e-06	-5.839069e-06	-1.300098e-08	-3.754574e+01	-7.726730e+02
5.150000e-06	-5.883109e-06	-1.304333e-08	-3.782891e+01	-7.752457e+02
5.160000e-06	-5.926657e-06	-1.308341e-08	-3.810893e+01	-7.777653e+02
5.170000e-06	-5.969675e-06	-1.312188e-08	-3.838554e+01	-7.802371e+02
5.180000e-06	-6.011995e-06	-1.316059e-08	-3.865766e+01	-7.826648e+02
5.190000e-06	-6.053649e-06	-1.320052e-08	-3.892550e+01	-7.850495e+02
5.200000e-06	-6.094659e-06	-1.323883e-08	-3.918920e+01	-7.873905e+02
5.210000e-06	-6.134947e-06	-1.327311e-08	-3.944826e+01	-7.896849e+02
5.220000e-06	-6.174674e-06	-1.330808e-08	-3.970370e+01	-7.919283e+02
5.230000e-06	-6.213779e-06	-1.334382e-08	-3.995515e+01	-7.941156e+02
5.240000e-06	-6.251977e-06	-1.337737e-08	-4.020077e+01	-7.962419e+02
5.250000e-06	-6.289173e-06	-1.340967e-08	-4.043994e+01	-7.983028e+02
5.260000e-06	-6.325425e-06	-1.344190e-08	-4.067305e+01	-8.002957e+02
5.270000e-06	-6.360964e-06	-1.347777e-08	-4.090156e+01	-8.022199e+02
5.280000e-06	-6.395892e-06	-1.351070e-08	-4.112616e+01	-8.040766e+02
5.290000e-06	-6.430136e-06	-1.353730e-08	-4.134635e+01	-8.058690e+02
5.300000e-06	-6.463620e-06	-1.356059e-08	-4.156165e+01	-8.076020e+02
5.310000e-06	-6.496312e-06	-1.358607e-08	-4.177187e+01	-8.092811e+02
5.320000e-06	-6.528333e-06	-1.361353e-08	-4.197776e+01	-8.109119e+02
5.330000e-06	-6.559705e-06	-1.363666e-08	-4.217949e+01	-8.124995e+02
5.340000e-06	-6.590209e-06	-1.365929e-08	-4.237563e+01	-8.140476e+02
5.350000e-06	-6.619658e-06	-1.368492e-08	-4.256499e+01	-8.155580e+02
5.360000e-06	-6.648155e-06	-1.371258e-08	-4.274823e+01	-8.170309e+02
5.370000e-06	-6.675951e-06	-1.373766e-08	-4.292696e+01	-8.184643e+02
5.380000e-06	-6.703129e-06	-1.376051e-08	-4.310171e+01	-8.198550e+02
5.390000e-06	-6.729492e-06	-1.378314e-08	-4.327123e+01	-8.211990e+02
5.400000e-06	-6.754930e-06	-1.380407e-08	-4.343480e+01	-8.224920e+02
5.410000e-06	-6.779572e-06	-1.382295e-08	-4.359325e+01	-8.237304e+02
5.420000e-06	-6.803551e-06	-1.384084e-08	-4.374744e+01	-8.249118e+02
5.430000e-06	-6.826945e-06	-1.385836e-08	-4.389786e+01	-8.260355e+02
5.440000e-06	-6.849608e-06	-1.387664e-08	-4.404359e+01	-8.271025e+02
5.450000e-06	-6.871129e-06	-1.389553e-08	-4.418197e+01	-8.281156e+02
5.460000e-06	-6.891503e-06	-1.391349e-08	-4.431298e+01	-8.290790e+02
5.470000e-06	-6.911191e-06	-1.393164e-08	-4.443957e+01	-8.299975e+02
5.480000e-06	-6.930236e-06	-1.394916e-08	-4.456203e+01	-8.308760e+02
5.490000e-06	-6.948434e-06	-1.396321e-08	-4.467905e+01	-8.317186e+02
5.500000e-06	-6.965845e-06	-1.397440e-08	-4.479101e+01	-8.325284e+02
5.510000e-06	-6.982475e-06	-1.398857e-08	-4.489794e+01	-8.333063e+02
5.520000e-06	-6.998351e-06	-1.400347e-08	-4.500002e+01	-8.340516e+02
5.530000e-06	-7.013456e-06	-1.401572e-08	-4.509715e+01	-8.347619e+02
5.540000e-06	-7.027493e-06	-1.402612e-08	-4.518740e+01	-8.354331e+02
5.550000e-06	-7.040341e-06	-1.403798e-08	-4.527002e+01	-8.360607e+02
5.560000e-06	-7.052138e-06	-1.405061e-08	-4.534588e+01	-8.366402e+02
5.570000e-06	-7.063033e-06	-1.406068e-08	-4.541593e+01	-8.371676e+02
5.580000e-06	-7.073129e-06	-1.407006e-08	-4.548085e+01	-8.376408e+02
5.590000e-06	-7.082455e-06	-1.407688e-08	-4.554082e+01	-8.380594e+02
5.600000e-06	-7.090996e-06	-1.408299e-08	-4.559573e+01	-8.384252e+02
5.610000e-06	-7.098824e-06	-1.408928e-08	-4.564607e+01	-8.387418e+02
5.620000e-06	-7.105917e-06	-1.409520e-08	-4.569168e+01	-8.390147e+02
5.630000e-06	-7.111991e-06	-1.410134e-08	-4.573073e+01	-8.392499e+02
5.640000e-06	-7.116942e-06	-1.410839e-08	-4.576257e+01	-8.394535e+02
5.650000e-06	-7.120962e-06	-1.411497e-08	-4.578842e+01	-8.396306e+02
5.660000e-06	-7.124283e-06	-1.411925e-08	-4.580977e+01	-8.397849e+02
5.670000e-06	-7.126910e-06	-1.412288e-08	-4.582667e+01	-8.399177e+02
5.680000e-06	-7.128737e-06	-1.412502e-08	-4.583841e+01	-8.400277e+02
5.690000e-06	-7.129725e-06	-1.412462e-08	-4.584477e+01	-8.401114e+02
