# Configuracion:
# Concentracion g/m^3_=_12000.0
# C_Vs_to_Am_M_A/Vsm_=_59384043850.047264
# pendiente_HvsI_1/m_=_3716.3
# ordenada_HvsI_A/m_=_1297.0
# frecuencia_ref_Hz_=_269368.9854000292
# 
Resultados:
# tau_ns_=_(2.60+/-0.04)e+01
# dphi_rad_=_6.33+/-0.00
# SAR_W/g_=_155.43+/-2.39
# Hc_kA/m_=_3.31+/-0.03
# Mr_A/m_=_111.21+/-0.83
# Magnetizacion_max_=_778.74+/-1.53
# Suceptibilidad_a_M=0_=_(3.520+/-0.010)e-02

Nombre_archivo	Time_m_(s)	Temperatura_(ºC)	Mr_(A/m)	Hc_(kA/m)	Campo_max_(A/m)	Mag_max_(A/m)	f0	mag0	dphi0	SAR_(W/g)	Tau_(ns)	N	xi_M_0
265kHz_120dA_100Mss_bobN1FGZn-0007.txt		20.00	112.03	3.34	45892.60	777.05	2.693603e+05	5.504989e+01	6.327792e+00	157.26	26.374200	4455	3.517e-02
265kHz_120dA_100Mss_bobN1FGZn-0008.txt		20.00	112.80	3.37	45892.60	778.36	2.693603e+05	5.513014e+01	6.328399e+00	159.63	26.733511	4455	3.518e-02
265kHz_120dA_100Mss_bobN1FGZn-0009.txt		20.00	112.22	3.35	45892.60	777.35	2.693603e+05	5.507168e+01	6.328068e+00	158.29	26.537519	4455	3.514e-02
265kHz_120dA_100Mss_bobN1FGZn-0010.txt		20.00	112.22	3.35	45892.60	775.49	2.693603e+05	5.496070e+01	6.328078e+00	158.01	26.543714	4455	3.517e-02
265kHz_120dA_100Mss_bobN1FGZn-0011.txt		20.00	112.22	3.35	45892.60	777.87	2.693603e+05	5.511498e+01	6.327994e+00	158.15	26.493804	4455	3.526e-02
265kHz_120dA_100Mss_bobN1FGZn-0012.txt		20.00	112.39	3.35	45892.60	779.14	2.693603e+05	5.517904e+01	6.328386e+00	159.72	26.725787	4455	3.525e-02
265kHz_120dA_100Mss_bobN1FGZn-0013.txt		20.00	112.15	3.34	45892.60	777.44	2.693603e+05	5.509295e+01	6.327866e+00	157.64	26.418033	4455	3.529e-02
265kHz_120dA_100Mss_bobN1FGZn-0014.txt		20.00	112.08	3.35	45892.60	776.65	2.693603e+05	5.501721e+01	6.328146e+00	158.41	26.583742	4455	3.511e-02
265kHz_120dA_100Mss_bobN1FGZn-0015.txt		20.00	112.13	3.34	45892.60	778.41	2.693603e+05	5.514773e+01	6.327871e+00	157.81	26.420746	4455	3.509e-02
265kHz_120dA_100Mss_bobN1FGZn-0016.txt		20.00	111.33	3.30	45892.60	779.63	2.693603e+05	5.523883e+01	6.327015e+00	155.05	25.913850	4455	3.517e-02
265kHz_120dA_100Mss_bobN1FGZn-0017.txt		20.00	111.22	3.29	45892.60	780.00	2.693603e+05	5.526839e+01	6.326830e+00	154.48	25.804857	4455	3.521e-02
265kHz_120dA_100Mss_bobN1FGZn-0018.txt		20.00	111.44	3.32	45892.60	777.43	2.693603e+05	5.507449e+01	6.327634e+00	156.77	26.280513	4455	3.507e-02
265kHz_120dA_100Mss_bobN1FGZn-0019.txt		20.00	111.02	3.29	45892.60	779.83	2.693603e+05	5.524128e+01	6.326744e+00	154.10	25.753594	4455	3.540e-02
265kHz_120dA_100Mss_bobN1FGZn-0020.txt		20.00	111.46	3.32	45892.60	779.56	2.693603e+05	5.522217e+01	6.327406e+00	156.38	26.145617	4455	3.525e-02
265kHz_120dA_100Mss_bobN1FGZn-0021.txt		20.00	111.70	3.33	45892.60	778.11	2.693603e+05	5.512389e+01	6.327602e+00	156.80	26.261900	4455	3.522e-02
265kHz_120dA_100Mss_bobN1FGZn-0022.txt		20.00	111.06	3.30	45892.60	778.74	2.693603e+05	5.514591e+01	6.326743e+00	153.83	25.753054	4455	3.535e-02
265kHz_120dA_100Mss_bobN1FGZn-0023.txt		20.00	111.29	3.32	45892.60	776.28	2.693603e+05	5.498437e+01	6.327415e+00	155.74	26.151067	4455	3.518e-02
265kHz_120dA_100Mss_bobN1FGZn-0024.txt		20.00	111.32	3.31	45892.60	779.73	2.693603e+05	5.521103e+01	6.327377e+00	156.25	26.128734	4455	3.524e-02
265kHz_120dA_100Mss_bobN1FGZn-0025.txt		20.00	110.92	3.30	45892.60	779.08	2.693603e+05	5.515154e+01	6.326847e+00	154.21	25.814839	4455	3.505e-02
265kHz_120dA_100Mss_bobN1FGZn-0026.txt		20.00	110.64	3.29	45892.60	778.73	2.693603e+05	5.513978e+01	6.326950e+00	154.54	25.875695	4455	3.509e-02
265kHz_120dA_100Mss_bobN1FGZn-0027.txt		20.00	111.01	3.31	45892.60	780.20	2.693603e+05	5.523672e+01	6.327032e+00	155.10	25.924014	4455	3.527e-02
265kHz_120dA_100Mss_bobN1FGZn-0028.txt		20.00	110.60	3.30	45892.60	779.38	2.693603e+05	5.515908e+01	6.326675e+00	153.62	25.712833	4455	3.522e-02
265kHz_120dA_100Mss_bobN1FGZn-0029.txt		20.00	111.02	3.32	45892.60	776.88	2.693603e+05	5.500316e+01	6.327612e+00	156.49	26.267456	4455	3.497e-02
265kHz_120dA_100Mss_bobN1FGZn-0030.txt		20.00	110.38	3.28	45892.60	781.08	2.693603e+05	5.529896e+01	6.326400e+00	153.04	25.550205	4455	3.522e-02
265kHz_120dA_100Mss_bobN1FGZn-0031.txt		20.00	110.46	3.29	45892.60	778.08	2.693603e+05	5.509341e+01	6.326627e+00	153.27	25.684358	4455	3.526e-02
265kHz_120dA_100Mss_bobN1FGZn-0032.txt		20.00	110.61	3.29	45892.60	779.45	2.693603e+05	5.518159e+01	6.326765e+00	154.00	25.766181	4455	3.514e-02
265kHz_120dA_100Mss_bobN1FGZn-0033.txt		20.00	110.14	3.28	45892.60	779.01	2.693603e+05	5.513757e+01	6.326591e+00	153.27	25.662906	4455	3.503e-02
265kHz_120dA_100Mss_bobN1FGZn-0034.txt		20.00	110.17	3.27	45892.60	780.04	2.693603e+05	5.520961e+01	6.326304e+00	152.45	25.493149	4455	3.516e-02
265kHz_120dA_100Mss_bobN1FGZn-0035.txt		20.00	109.64	3.26	45892.60	777.91	2.693603e+05	5.508964e+01	6.326099e+00	151.40	25.371828	4455	3.529e-02
265kHz_120dA_100Mss_bobN1FGZn-0036.txt		20.00	110.17	3.26	45892.60	781.41	2.693603e+05	5.531816e+01	6.326282e+00	152.68	25.480270	4455	3.541e-02
265kHz_120dA_100Mss_bobN1FGZn-0037.txt		20.00	109.60	3.24	45892.60	782.58	2.693603e+05	5.540140e+01	6.325483e+00	150.07	25.007357	4455	3.524e-02
