# Temperatura_=_20.0
# Concentracion g/m^3_=_12000.0
# C_Vs_to_Am_M_A/Vsm_=_59384043850.047264
# pendiente_HvsI_1/m_=_3716.3
# ordenada_HvsI_A/m_=_1297.0
# frecuencia_Hz_=_269373.6501205848

Tiempo_(s)	Campo_(V.s)	Magnetizacion_(V.s)	Campo_(kA/m)	Magnetizacion_(A/m)
0.000000e+00	-6.208008e-06	-1.290665e-08	-4.569180e+01	-7.649715e+02
1.000000e-08	-6.206698e-06	-1.290307e-08	-4.568215e+01	-7.648592e+02
2.000000e-08	-6.203499e-06	-1.289706e-08	-4.565861e+01	-7.647082e+02
3.000000e-08	-6.198619e-06	-1.288983e-08	-4.562269e+01	-7.645008e+02
4.000000e-08	-6.192212e-06	-1.288264e-08	-4.557553e+01	-7.642061e+02
5.000000e-08	-6.184291e-06	-1.287485e-08	-4.551723e+01	-7.637886e+02
6.000000e-08	-6.174660e-06	-1.286729e-08	-4.544635e+01	-7.632191e+02
7.000000e-08	-6.163010e-06	-1.286816e-08	-4.536060e+01	-7.624852e+02
8.000000e-08	-6.149487e-06	-1.287070e-08	-4.526107e+01	-7.615969e+02
9.000000e-08	-6.133884e-06	-1.280837e-08	-4.514623e+01	-7.605855e+02
1.000000e-07	-6.115898e-06	-1.274123e-08	-4.501385e+01	-7.594967e+02
1.100000e-07	-6.095904e-06	-1.274902e-08	-4.486669e+01	-7.583782e+02
1.200000e-07	-6.074275e-06	-1.276016e-08	-4.470750e+01	-7.572672e+02
1.300000e-07	-6.051241e-06	-1.281561e-08	-4.453797e+01	-7.561790e+02
1.400000e-07	-6.027152e-06	-1.278418e-08	-4.436067e+01	-7.551024e+02
1.500000e-07	-6.001581e-06	-1.260615e-08	-4.417246e+01	-7.540015e+02
1.600000e-07	-5.974162e-06	-1.269743e-08	-4.397066e+01	-7.528251e+02
1.700000e-07	-5.945409e-06	-1.275466e-08	-4.375903e+01	-7.515195e+02
1.800000e-07	-5.915057e-06	-1.257588e-08	-4.353564e+01	-7.500421e+02
1.900000e-07	-5.883101e-06	-1.257896e-08	-4.330043e+01	-7.483714e+02
2.000000e-07	-5.849938e-06	-1.254526e-08	-4.305635e+01	-7.465116e+02
2.100000e-07	-5.815015e-06	-1.250533e-08	-4.279931e+01	-7.444885e+02
2.200000e-07	-5.778350e-06	-1.257470e-08	-4.252945e+01	-7.423413e+02
2.300000e-07	-5.740171e-06	-1.245261e-08	-4.224845e+01	-7.401096e+02
2.400000e-07	-5.700343e-06	-1.234733e-08	-4.195531e+01	-7.378222e+02
2.500000e-07	-5.658738e-06	-1.239495e-08	-4.164909e+01	-7.354890e+02
2.600000e-07	-5.615224e-06	-1.236601e-08	-4.132882e+01	-7.330992e+02
2.700000e-07	-5.570072e-06	-1.231136e-08	-4.099650e+01	-7.306259e+02
2.800000e-07	-5.523433e-06	-1.220930e-08	-4.065323e+01	-7.280345e+02
2.900000e-07	-5.475122e-06	-1.217252e-08	-4.029766e+01	-7.252935e+02
3.000000e-07	-5.424834e-06	-1.220501e-08	-3.992753e+01	-7.223831e+02
3.100000e-07	-5.372552e-06	-1.210284e-08	-3.954272e+01	-7.192997e+02
3.200000e-07	-5.318557e-06	-1.199138e-08	-3.914531e+01	-7.160549e+02
3.300000e-07	-5.263061e-06	-1.196508e-08	-3.873686e+01	-7.126704e+02
3.400000e-07	-5.206049e-06	-1.197148e-08	-3.831724e+01	-7.091694e+02
3.500000e-07	-5.147313e-06	-1.188360e-08	-3.788493e+01	-7.055683e+02
3.600000e-07	-5.086958e-06	-1.176587e-08	-3.744071e+01	-7.018716e+02
3.700000e-07	-5.025153e-06	-1.173091e-08	-3.698582e+01	-6.980705e+02
3.800000e-07	-4.961943e-06	-1.168276e-08	-3.652059e+01	-6.941461e+02
3.900000e-07	-4.897411e-06	-1.160742e-08	-3.604562e+01	-6.900756e+02
4.000000e-07	-4.831362e-06	-1.151405e-08	-3.555949e+01	-6.858402e+02
4.100000e-07	-4.763668e-06	-1.143818e-08	-3.506125e+01	-6.814299e+02
4.200000e-07	-4.694622e-06	-1.140404e-08	-3.455307e+01	-6.768469e+02
4.300000e-07	-4.624410e-06	-1.131968e-08	-3.403630e+01	-6.721034e+02
4.400000e-07	-4.552981e-06	-1.120660e-08	-3.351057e+01	-6.672169e+02
4.500000e-07	-4.480307e-06	-1.111828e-08	-3.297568e+01	-6.622036e+02
4.600000e-07	-4.406130e-06	-1.104714e-08	-3.242973e+01	-6.570726e+02
4.700000e-07	-4.330405e-06	-1.096166e-08	-3.187238e+01	-6.518222e+02
4.800000e-07	-4.253438e-06	-1.085227e-08	-3.130589e+01	-6.464396e+02
4.900000e-07	-4.175246e-06	-1.077034e-08	-3.073039e+01	-6.409044e+02
5.000000e-07	-4.095606e-06	-1.069259e-08	-3.014422e+01	-6.351937e+02
5.100000e-07	-4.014539e-06	-1.059644e-08	-2.954756e+01	-6.292881e+02
5.200000e-07	-3.932433e-06	-1.047700e-08	-2.894325e+01	-6.231756e+02
5.300000e-07	-3.849405e-06	-1.035993e-08	-2.833215e+01	-6.168534e+02
5.400000e-07	-3.765460e-06	-1.026621e-08	-2.771430e+01	-6.103265e+02
5.500000e-07	-3.680800e-06	-1.015499e-08	-2.709119e+01	-6.036035e+02
5.600000e-07	-3.595307e-06	-1.002575e-08	-2.646196e+01	-5.966923e+02
5.700000e-07	-3.508750e-06	-9.904504e-09	-2.582488e+01	-5.895960e+02
5.800000e-07	-3.421259e-06	-9.804090e-09	-2.518094e+01	-5.823104e+02
5.900000e-07	-3.333019e-06	-9.685253e-09	-2.453148e+01	-5.748245e+02
6.000000e-07	-3.243915e-06	-9.537534e-09	-2.387566e+01	-5.671229e+02
6.100000e-07	-3.153621e-06	-9.400391e-09	-2.321108e+01	-5.591888e+02
6.200000e-07	-3.062117e-06	-9.276694e-09	-2.253760e+01	-5.510078e+02
6.300000e-07	-2.969733e-06	-9.136413e-09	-2.185764e+01	-5.425689e+02
6.400000e-07	-2.876636e-06	-8.970931e-09	-2.117243e+01	-5.338656e+02
6.500000e-07	-2.782767e-06	-8.816465e-09	-2.048155e+01	-5.248932e+02
6.600000e-07	-2.688072e-06	-8.678489e-09	-1.978458e+01	-5.156470e+02
6.700000e-07	-2.592611e-06	-8.526321e-09	-1.908197e+01	-5.061191e+02
6.800000e-07	-2.496468e-06	-8.349056e-09	-1.837435e+01	-4.962973e+02
6.900000e-07	-2.399555e-06	-8.173693e-09	-1.766106e+01	-4.861654e+02
7.000000e-07	-2.301697e-06	-8.009557e-09	-1.694081e+01	-4.757045e+02
7.100000e-07	-2.202851e-06	-7.830006e-09	-1.621329e+01	-4.648957e+02
7.200000e-07	-2.103196e-06	-7.627662e-09	-1.547982e+01	-4.537221e+02
7.300000e-07	-2.002982e-06	-7.423759e-09	-1.474223e+01	-4.421705e+02
7.400000e-07	-1.902310e-06	-7.231223e-09	-1.400126e+01	-4.302306e+02
7.500000e-07	-1.801176e-06	-7.032237e-09	-1.325690e+01	-4.178933e+02
7.600000e-07	-1.699540e-06	-6.811851e-09	-1.250885e+01	-4.051482e+02
7.700000e-07	-1.597376e-06	-6.584043e-09	-1.175691e+01	-3.919804e+02
7.800000e-07	-1.494744e-06	-6.362568e-09	-1.100152e+01	-3.783697e+02
7.900000e-07	-1.391736e-06	-6.132411e-09	-1.024337e+01	-3.642895e+02
8.000000e-07	-1.288458e-06	-5.880175e-09	-9.483232e+00	-3.497087e+02
8.100000e-07	-1.184891e-06	-5.617541e-09	-8.720959e+00	-3.345941e+02
8.200000e-07	-1.080955e-06	-5.357685e-09	-7.955978e+00	-3.189121e+02
8.300000e-07	-9.767710e-07	-5.091979e-09	-7.189169e+00	-3.026305e+02
8.400000e-07	-8.724105e-07	-4.804160e-09	-6.421062e+00	-2.857182e+02
8.500000e-07	-7.678994e-07	-4.501310e-09	-5.651846e+00	-2.681436e+02
8.600000e-07	-6.632303e-07	-4.198177e-09	-4.881467e+00	-2.498725e+02
8.700000e-07	-5.584124e-07	-3.886307e-09	-4.109992e+00	-2.308663e+02
8.800000e-07	-4.535058e-07	-3.549048e-09	-3.337865e+00	-2.110817e+02
8.900000e-07	-3.484535e-07	-3.192943e-09	-2.564666e+00	-1.904735e+02
9.000000e-07	-2.433071e-07	-2.833050e-09	-1.790774e+00	-1.689993e+02
9.100000e-07	-1.381462e-07	-2.463994e-09	-1.016775e+00	-1.466274e+02
9.200000e-07	-3.294507e-08	-2.069622e-09	-2.424803e-01	-1.233453e+02
9.300000e-07	7.227190e-08	-1.653743e-09	5.319312e-01	-9.916742e+01
9.400000e-07	1.774899e-07	-1.232605e-09	1.306350e+00	-7.414122e+01
9.500000e-07	2.826553e-07	-8.034868e-10	2.080382e+00	-4.834926e+01
9.600000e-07	3.877026e-07	-3.563536e-10	2.853544e+00	-2.190795e+01
9.700000e-07	4.926235e-07	1.040921e-10	3.625777e+00	5.037429e+00
9.800000e-07	5.974377e-07	5.627869e-10	4.397224e+00	3.232048e+01
9.900000e-07	7.021524e-07	1.017588e-09	5.167938e+00	5.976276e+01
1.000000e-06	8.066896e-07	1.477222e-09	5.937346e+00	8.718311e+01
1.010000e-06	9.110263e-07	1.937917e-09	6.705279e+00	1.144062e+02
1.020000e-06	1.015165e-06	2.389989e-09	7.471758e+00	1.412698e+02
1.030000e-06	1.119055e-06	2.830121e-09	8.236400e+00	1.676299e+02
1.040000e-06	1.222627e-06	3.263493e-09	8.998704e+00	1.933648e+02
1.050000e-06	1.325910e-06	3.690323e-09	9.758877e+00	2.183773e+02
1.060000e-06	1.428917e-06	4.099671e-09	1.051703e+01	2.425950e+02
1.070000e-06	1.531603e-06	4.488034e-09	1.127281e+01	2.659697e+02
1.080000e-06	1.633921e-06	4.862688e-09	1.202588e+01	2.884749e+02
1.090000e-06	1.735756e-06	5.229593e-09	1.277540e+01	3.101021e+02
1.100000e-06	1.837082e-06	5.578762e-09	1.352118e+01	3.308557e+02
1.110000e-06	1.937976e-06	5.906144e-09	1.426377e+01	3.507487e+02
1.120000e-06	2.038411e-06	6.221734e-09	1.500298e+01	3.697978e+02
1.130000e-06	2.138262e-06	6.531669e-09	1.573791e+01	3.880204e+02
1.140000e-06	2.237401e-06	6.828347e-09	1.646758e+01	4.054334e+02
1.150000e-06	2.335720e-06	7.105694e-09	1.719122e+01	4.220536e+02
1.160000e-06	2.433174e-06	7.369801e-09	1.790850e+01	4.379000e+02
1.170000e-06	2.529815e-06	7.626061e-09	1.861979e+01	4.529962e+02
1.180000e-06	2.625693e-06	7.867088e-09	1.932546e+01	4.673725e+02
1.190000e-06	2.720808e-06	8.090737e-09	2.002552e+01	4.810661e+02
1.200000e-06	2.815171e-06	8.306778e-09	2.072004e+01	4.941200e+02
1.210000e-06	2.908724e-06	8.518094e-09	2.140861e+01	5.065799e+02
1.220000e-06	3.001550e-06	8.721876e-09	2.209182e+01	5.184895e+02
1.230000e-06	3.093648e-06	8.914419e-09	2.276968e+01	5.298875e+02
1.240000e-06	3.184843e-06	9.098088e-09	2.344088e+01	5.408038e+02
1.250000e-06	3.274903e-06	9.274200e-09	2.410373e+01	5.512602e+02
1.260000e-06	3.363810e-06	9.440790e-09	2.475810e+01	5.612710e+02
1.270000e-06	3.451802e-06	9.596101e-09	2.540574e+01	5.708473e+02
1.280000e-06	3.538932e-06	9.743614e-09	2.604702e+01	5.800002e+02
1.290000e-06	3.625106e-06	9.889213e-09	2.668128e+01	5.887447e+02
1.300000e-06	3.710312e-06	1.003288e-08	2.730841e+01	5.971009e+02
1.310000e-06	3.794724e-06	1.016963e-08	2.792969e+01	6.050934e+02
1.320000e-06	3.878193e-06	1.029930e-08	2.854404e+01	6.127491e+02
1.330000e-06	3.960438e-06	1.042340e-08	2.914937e+01	6.200937e+02
1.340000e-06	4.041501e-06	1.054075e-08	2.974601e+01	6.271484e+02
1.350000e-06	4.121483e-06	1.064937e-08	3.033469e+01	6.339285e+02
1.360000e-06	4.200360e-06	1.075493e-08	3.091523e+01	6.404432e+02
1.370000e-06	4.278084e-06	1.086212e-08	3.148729e+01	6.466986e+02
1.380000e-06	4.354639e-06	1.096839e-08	3.205075e+01	6.527001e+02
1.390000e-06	4.429915e-06	1.106798e-08	3.260479e+01	6.584562e+02
1.400000e-06	4.503717e-06	1.115977e-08	3.314798e+01	6.639802e+02
1.410000e-06	4.576076e-06	1.125058e-08	3.368055e+01	6.692901e+02
1.420000e-06	4.647151e-06	1.133779e-08	3.420367e+01	6.744062e+02
1.430000e-06	4.716937e-06	1.141511e-08	3.471731e+01	6.793474e+02
1.440000e-06	4.785494e-06	1.148756e-08	3.522189e+01	6.841277e+02
1.450000e-06	4.852814e-06	1.156571e-08	3.571738e+01	6.887535e+02
1.460000e-06	4.918639e-06	1.164709e-08	3.620186e+01	6.932236e+02
1.470000e-06	4.982906e-06	1.172292e-08	3.667487e+01	6.975313e+02
1.480000e-06	5.045762e-06	1.179103e-08	3.713750e+01	7.016683e+02
1.490000e-06	5.107292e-06	1.185604e-08	3.759038e+01	7.056298e+02
1.500000e-06	5.167599e-06	1.191933e-08	3.803424e+01	7.094174e+02
1.510000e-06	5.226461e-06	1.197741e-08	3.846747e+01	7.130408e+02
1.520000e-06	5.283536e-06	1.203265e-08	3.888755e+01	7.165164e+02
1.530000e-06	5.339013e-06	1.209195e-08	3.929587e+01	7.198628e+02
1.540000e-06	5.393009e-06	1.215381e-08	3.969329e+01	7.230959e+02
1.550000e-06	5.445332e-06	1.221086e-08	4.007840e+01	7.262245e+02
1.560000e-06	5.495749e-06	1.226283e-08	4.044947e+01	7.292478e+02
1.570000e-06	5.544270e-06	1.231297e-08	4.080659e+01	7.321562e+02
1.580000e-06	5.591125e-06	1.236045e-08	4.115145e+01	7.349347e+02
1.590000e-06	5.636485e-06	1.240291e-08	4.148530e+01	7.375688e+02
1.600000e-06	5.680366e-06	1.244179e-08	4.180827e+01	7.400496e+02
1.610000e-06	5.722425e-06	1.248038e-08	4.211784e+01	7.423781e+02
1.620000e-06	5.762738e-06	1.252041e-08	4.241454e+01	7.445656e+02
1.630000e-06	5.801596e-06	1.255883e-08	4.270055e+01	7.466311e+02
1.640000e-06	5.838968e-06	1.259451e-08	4.297561e+01	7.485960e+02
1.650000e-06	5.874905e-06	1.262913e-08	4.324011e+01	7.504778e+02
1.660000e-06	5.909043e-06	1.266183e-08	4.349137e+01	7.522853e+02
1.670000e-06	5.941312e-06	1.269072e-08	4.372887e+01	7.540162e+02
1.680000e-06	5.972074e-06	1.271509e-08	4.395529e+01	7.556588e+02
1.690000e-06	6.001350e-06	1.273654e-08	4.417077e+01	7.571967e+02
1.700000e-06	6.029092e-06	1.275711e-08	4.437495e+01	7.586149e+02
1.710000e-06	6.054999e-06	1.277744e-08	4.456563e+01	7.599057e+02
1.720000e-06	6.079047e-06	1.279975e-08	4.474262e+01	7.610724e+02
1.730000e-06	6.101518e-06	1.282291e-08	4.490801e+01	7.621280e+02
1.740000e-06	6.122479e-06	1.284213e-08	4.506229e+01	7.630922e+02
1.750000e-06	6.141915e-06	1.285790e-08	4.520534e+01	7.639843e+02
1.760000e-06	6.159609e-06	1.287120e-08	4.533557e+01	7.648166e+02
1.770000e-06	6.175377e-06	1.288108e-08	4.545162e+01	7.655902e+02
1.780000e-06	6.189364e-06	1.288821e-08	4.555458e+01	7.662940e+02
1.790000e-06	6.201510e-06	1.289372e-08	4.564396e+01	7.669084e+02
1.800000e-06	6.211557e-06	1.290032e-08	4.571792e+01	7.674118e+02
1.810000e-06	6.219704e-06	1.290858e-08	4.577788e+01	7.677886e+02
1.820000e-06	6.226171e-06	1.291588e-08	4.582547e+01	7.680349e+02
1.830000e-06	6.231034e-06	1.292039e-08	4.586127e+01	7.681612e+02
1.840000e-06	6.234160e-06	1.292107e-08	4.588427e+01	7.681898e+02
1.850000e-06	6.235291e-06	1.291735e-08	4.589260e+01	7.681478e+02
1.860000e-06	6.234671e-06	1.291325e-08	4.588804e+01	7.680584e+02
1.870000e-06	6.232536e-06	1.291279e-08	4.587232e+01	7.679322e+02
1.880000e-06	6.228853e-06	1.290992e-08	4.584522e+01	7.677625e+02
1.890000e-06	6.223374e-06	1.290413e-08	4.580489e+01	7.675262e+02
1.900000e-06	6.216051e-06	1.289799e-08	4.575099e+01	7.671891e+02
1.910000e-06	6.207135e-06	1.289058e-08	4.568537e+01	7.667169e+02
1.920000e-06	6.196654e-06	1.287139e-08	4.560823e+01	7.660857e+02
1.930000e-06	6.184456e-06	1.283136e-08	4.551845e+01	7.652912e+02
1.940000e-06	6.170306e-06	1.287891e-08	4.541430e+01	7.643517e+02
1.950000e-06	6.153992e-06	1.292682e-08	4.529423e+01	7.633052e+02
1.960000e-06	6.135283e-06	1.287994e-08	4.515653e+01	7.621995e+02
1.970000e-06	6.114131e-06	1.281033e-08	4.500085e+01	7.610801e+02
1.980000e-06	6.091181e-06	1.265375e-08	4.483193e+01	7.599769e+02
1.990000e-06	6.067526e-06	1.273589e-08	4.465782e+01	7.588955e+02
2.000000e-06	6.043070e-06	1.288124e-08	4.447783e+01	7.578146e+02
2.010000e-06	6.016792e-06	1.264233e-08	4.428442e+01	7.566915e+02
2.020000e-06	5.989138e-06	1.267297e-08	4.408088e+01	7.554723e+02
2.030000e-06	5.960269e-06	1.280947e-08	4.386840e+01	7.541059e+02
2.040000e-06	5.929002e-06	1.264649e-08	4.363827e+01	7.525568e+02
2.050000e-06	5.895818e-06	1.271321e-08	4.339403e+01	7.508130e+02
2.060000e-06	5.861495e-06	1.264648e-08	4.314141e+01	7.488876e+02
2.070000e-06	5.825636e-06	1.244701e-08	4.287749e+01	7.468127e+02
2.080000e-06	5.788043e-06	1.262133e-08	4.260079e+01	7.446292e+02
2.090000e-06	5.748541e-06	1.257835e-08	4.231005e+01	7.423738e+02
2.100000e-06	5.707355e-06	1.242139e-08	4.200692e+01	7.400688e+02
2.110000e-06	5.664959e-06	1.244364e-08	4.169488e+01	7.377163e+02
2.120000e-06	5.620913e-06	1.237152e-08	4.137070e+01	7.352986e+02
2.130000e-06	5.575120e-06	1.243070e-08	4.103365e+01	7.327848e+02
2.140000e-06	5.527879e-06	1.231320e-08	4.068595e+01	7.301401e+02
2.150000e-06	5.478924e-06	1.216836e-08	4.032564e+01	7.273367e+02
2.160000e-06	5.428276e-06	1.228016e-08	3.995286e+01	7.243606e+02
2.170000e-06	5.375654e-06	1.220810e-08	3.956556e+01	7.212142e+02
2.180000e-06	5.321083e-06	1.211071e-08	3.916391e+01	7.179139e+02
2.190000e-06	5.264997e-06	1.200110e-08	3.875110e+01	7.144828e+02
2.200000e-06	5.207308e-06	1.198698e-08	3.832651e+01	7.109425e+02
2.210000e-06	5.148246e-06	1.201650e-08	3.789180e+01	7.073054e+02
2.220000e-06	5.087804e-06	1.182692e-08	3.744694e+01	7.035709e+02
2.230000e-06	5.025675e-06	1.178982e-08	3.698966e+01	6.997258e+02
2.240000e-06	4.961905e-06	1.176120e-08	3.652030e+01	6.957488e+02
2.250000e-06	4.896684e-06	1.169249e-08	3.604027e+01	6.916180e+02
2.260000e-06	4.830269e-06	1.161554e-08	3.555145e+01	6.873171e+02
2.270000e-06	4.762620e-06	1.146610e-08	3.505354e+01	6.828409e+02
2.280000e-06	4.693378e-06	1.147138e-08	3.454391e+01	6.781955e+02
2.290000e-06	4.622494e-06	1.139061e-08	3.402219e+01	6.733958e+02
2.300000e-06	4.550371e-06	1.128201e-08	3.349135e+01	6.684597e+02
2.310000e-06	4.477113e-06	1.119219e-08	3.295217e+01	6.634014e+02
2.320000e-06	4.402517e-06	1.110098e-08	3.240313e+01	6.582262e+02
2.330000e-06	4.326632e-06	1.105694e-08	3.184461e+01	6.529278e+02
2.340000e-06	4.249310e-06	1.091016e-08	3.127551e+01	6.474903e+02
2.350000e-06	4.170529e-06	1.082076e-08	3.069567e+01	6.418915e+02
2.360000e-06	4.090553e-06	1.073755e-08	3.010703e+01	6.361093e+02
2.370000e-06	4.009536e-06	1.066125e-08	2.951074e+01	6.301266e+02
2.380000e-06	3.927599e-06	1.055525e-08	2.890767e+01	6.239350e+02
2.390000e-06	3.844726e-06	1.039916e-08	2.829771e+01	6.175348e+02
2.400000e-06	3.760882e-06	1.031582e-08	2.768061e+01	6.109329e+02
2.410000e-06	3.675868e-06	1.020409e-08	2.705489e+01	6.041382e+02
2.420000e-06	3.589652e-06	1.007962e-08	2.642033e+01	5.971573e+02
2.430000e-06	3.502419e-06	9.932566e-09	2.577829e+01	5.899904e+02
2.440000e-06	3.414222e-06	9.825599e-09	2.512914e+01	5.826310e+02
2.450000e-06	3.325184e-06	9.730831e-09	2.447381e+01	5.750658e+02
2.460000e-06	3.235309e-06	9.578537e-09	2.381232e+01	5.672785e+02
2.470000e-06	3.144600e-06	9.426557e-09	2.314469e+01	5.592530e+02
2.480000e-06	3.053067e-06	9.289070e-09	2.247100e+01	5.509759e+02
2.490000e-06	2.960696e-06	9.173625e-09	2.179113e+01	5.424382e+02
2.500000e-06	2.867403e-06	9.012206e-09	2.110448e+01	5.336341e+02
2.510000e-06	2.773042e-06	8.835733e-09	2.040997e+01	5.245593e+02
2.520000e-06	2.677659e-06	8.685634e-09	1.970794e+01	5.152082e+02
2.530000e-06	2.581532e-06	8.541461e-09	1.900043e+01	5.055714e+02
2.540000e-06	2.484801e-06	8.368477e-09	1.828848e+01	4.956351e+02
2.550000e-06	2.387306e-06	8.174788e-09	1.757090e+01	4.853817e+02
2.560000e-06	2.289161e-06	8.008690e-09	1.684854e+01	4.747921e+02
2.570000e-06	2.190426e-06	7.844774e-09	1.612184e+01	4.638479e+02
2.580000e-06	2.091097e-06	7.649971e-09	1.539076e+01	4.525336e+02
2.590000e-06	1.991298e-06	7.428645e-09	1.465623e+01	4.408371e+02
2.600000e-06	1.890941e-06	7.227497e-09	1.391759e+01	4.287489e+02
2.610000e-06	1.789895e-06	7.036018e-09	1.317387e+01	4.162597e+02
2.620000e-06	1.688108e-06	6.814438e-09	1.242471e+01	4.033577e+02
2.630000e-06	1.585674e-06	6.571413e-09	1.167078e+01	3.900262e+02
2.640000e-06	1.482806e-06	6.342001e-09	1.091365e+01	3.762424e+02
2.650000e-06	1.379520e-06	6.124010e-09	1.015346e+01	3.619780e+02
2.660000e-06	1.275854e-06	5.875640e-09	9.390459e+00	3.472006e+02
2.670000e-06	1.171930e-06	5.600093e-09	8.625568e+00	3.318768e+02
2.680000e-06	1.067766e-06	5.327871e-09	7.858903e+00	3.159732e+02
2.690000e-06	9.633774e-07	5.061940e-09	7.090591e+00	2.994584e+02
2.700000e-06	8.587617e-07	4.772892e-09	6.320604e+00	2.823011e+02
2.710000e-06	7.539582e-07	4.457591e-09	5.549236e+00	2.644692e+02
2.720000e-06	6.489993e-07	4.143728e-09	4.776725e+00	2.459268e+02
2.730000e-06	5.439116e-07	3.836495e-09	4.003264e+00	2.266336e+02
2.740000e-06	4.386693e-07	3.505411e-09	3.228667e+00	2.065451e+02
2.750000e-06	3.332997e-07	3.140767e-09	2.453131e+00	1.856164e+02
2.760000e-06	2.279095e-07	2.769063e-09	1.677445e+00	1.638080e+02
2.770000e-06	1.225561e-07	2.398209e-09	9.020296e-01	1.410946e+02
2.780000e-06	1.724813e-08	2.005213e-09	1.269486e-01	1.174728e+02
2.790000e-06	-8.803821e-08	1.579095e-09	-6.479733e-01	9.296908e+01
2.800000e-06	-1.933335e-07	1.148019e-09	-1.422962e+00	6.764378e+01
2.810000e-06	-2.986088e-07	7.235241e-10	-2.197802e+00	4.159261e+01
2.820000e-06	-4.038195e-07	2.832255e-10	-2.972167e+00	1.494357e+01
2.830000e-06	-5.089255e-07	-1.848699e-10	-3.745761e+00	-1.214916e+01
2.840000e-06	-6.138963e-07	-6.539994e-10	-4.518361e+00	-3.951355e+01
2.850000e-06	-7.187273e-07	-1.104661e-09	-5.289932e+00	-6.696905e+01
2.860000e-06	-8.233660e-07	-1.557479e-09	-6.060087e+00	-9.433579e+01
2.870000e-06	-9.277896e-07	-2.025123e-09	-6.828659e+00	-1.214426e+02
2.880000e-06	-1.032025e-06	-2.484730e-09	-7.595848e+00	-1.481334e+02
2.890000e-06	-1.136044e-06	-2.918251e-09	-8.361441e+00	-1.742724e+02
2.900000e-06	-1.239814e-06	-3.341033e-09	-9.125200e+00	-1.997469e+02
2.910000e-06	-1.343282e-06	-3.766049e-09	-9.886739e+00	-2.244688e+02
2.920000e-06	-1.446345e-06	-4.177754e-09	-1.064530e+01	-2.483752e+02
2.930000e-06	-1.548947e-06	-4.559636e-09	-1.140046e+01	-2.714263e+02
2.940000e-06	-1.650994e-06	-4.924076e-09	-1.215154e+01	-2.936028e+02
2.950000e-06	-1.752413e-06	-5.289697e-09	-1.289800e+01	-3.149016e+02
2.960000e-06	-1.853209e-06	-5.644676e-09	-1.363987e+01	-3.353311e+02
2.970000e-06	-1.953400e-06	-5.969934e-09	-1.437730e+01	-3.549060e+02
2.980000e-06	-2.053015e-06	-6.277502e-09	-1.511047e+01	-3.736435e+02
2.990000e-06	-2.152071e-06	-6.587175e-09	-1.583954e+01	-3.915609e+02
3.000000e-06	-2.250580e-06	-6.887653e-09	-1.656458e+01	-4.086749e+02
3.010000e-06	-2.348513e-06	-7.159215e-09	-1.728538e+01	-4.250029e+02
3.020000e-06	-2.445750e-06	-7.412590e-09	-1.800105e+01	-4.405653e+02
3.030000e-06	-2.542283e-06	-7.667018e-09	-1.871155e+01	-4.553879e+02
3.040000e-06	-2.638210e-06	-7.914092e-09	-1.941759e+01	-4.695038e+02
3.050000e-06	-2.733474e-06	-8.135541e-09	-2.011874e+01	-4.829526e+02
3.060000e-06	-2.827905e-06	-8.341333e-09	-2.081377e+01	-4.957788e+02
3.070000e-06	-2.921349e-06	-8.551521e-09	-2.150153e+01	-5.080278e+02
3.080000e-06	-3.013751e-06	-8.761231e-09	-2.218163e+01	-5.197418e+02
3.090000e-06	-3.105175e-06	-8.952041e-09	-2.285451e+01	-5.309565e+02
3.100000e-06	-3.195674e-06	-9.126831e-09	-2.352060e+01	-5.416986e+02
3.110000e-06	-3.285255e-06	-9.301811e-09	-2.417993e+01	-5.519868e+02
3.120000e-06	-3.373909e-06	-9.475546e-09	-2.483243e+01	-5.618339e+02
3.130000e-06	-3.461722e-06	-9.634397e-09	-2.547875e+01	-5.712503e+02
3.140000e-06	-3.548658e-06	-9.779480e-09	-2.611862e+01	-5.802484e+02
3.150000e-06	-3.634486e-06	-9.925783e-09	-2.675032e+01	-5.888450e+02
3.160000e-06	-3.719128e-06	-1.007405e-08	-2.737330e+01	-5.970621e+02
3.170000e-06	-3.802650e-06	-1.020840e-08	-2.798802e+01	-6.049255e+02
3.180000e-06	-3.885196e-06	-1.032911e-08	-2.859558e+01	-6.124621e+02
3.190000e-06	-3.966810e-06	-1.045111e-08	-2.919627e+01	-6.196962e+02
3.200000e-06	-4.047462e-06	-1.057578e-08	-2.978988e+01	-6.266468e+02
3.210000e-06	-4.127111e-06	-1.068962e-08	-3.037611e+01	-6.333269e+02
3.220000e-06	-4.205554e-06	-1.079143e-08	-3.095345e+01	-6.397442e+02
3.230000e-06	-4.282603e-06	-1.089546e-08	-3.152055e+01	-6.459039e+02
3.240000e-06	-4.358256e-06	-1.100302e-08	-3.207736e+01	-6.518125e+02
3.250000e-06	-4.432603e-06	-1.110019e-08	-3.262457e+01	-6.574801e+02
3.260000e-06	-4.505675e-06	-1.118485e-08	-3.316239e+01	-6.629219e+02
3.270000e-06	-4.577562e-06	-1.127036e-08	-3.369149e+01	-6.681571e+02
3.280000e-06	-4.648242e-06	-1.136055e-08	-3.421170e+01	-6.732060e+02
3.290000e-06	-4.717417e-06	-1.144478e-08	-3.472084e+01	-6.780859e+02
3.300000e-06	-4.785130e-06	-1.152164e-08	-3.521921e+01	-6.828083e+02
3.310000e-06	-4.851634e-06	-1.159973e-08	-3.570870e+01	-6.873767e+02
3.320000e-06	-4.916886e-06	-1.168332e-08	-3.618896e+01	-6.917872e+02
3.330000e-06	-4.980810e-06	-1.175941e-08	-3.665945e+01	-6.960322e+02
3.340000e-06	-5.043244e-06	-1.182136e-08	-3.711897e+01	-7.001040e+02
3.350000e-06	-5.103966e-06	-1.188035e-08	-3.756589e+01	-7.039999e+02
3.360000e-06	-5.163131e-06	-1.194514e-08	-3.800136e+01	-7.077248e+02
3.370000e-06	-5.220988e-06	-1.200786e-08	-3.842719e+01	-7.112911e+02
3.380000e-06	-5.277454e-06	-1.206259e-08	-3.884279e+01	-7.147164e+02
3.390000e-06	-5.332351e-06	-1.211620e-08	-3.924684e+01	-7.180191e+02
3.400000e-06	-5.385410e-06	-1.217320e-08	-3.963736e+01	-7.212128e+02
3.410000e-06	-5.436605e-06	-1.222806e-08	-4.001416e+01	-7.243029e+02
3.420000e-06	-5.486134e-06	-1.227433e-08	-4.037870e+01	-7.272850e+02
3.430000e-06	-5.533793e-06	-1.231780e-08	-4.072948e+01	-7.301470e+02
3.440000e-06	-5.579647e-06	-1.236342e-08	-4.106697e+01	-7.328732e+02
3.450000e-06	-5.624063e-06	-1.240753e-08	-4.139388e+01	-7.354507e+02
3.460000e-06	-5.667117e-06	-1.244616e-08	-4.171076e+01	-7.378741e+02
3.470000e-06	-5.708786e-06	-1.248208e-08	-4.201745e+01	-7.401482e+02
3.480000e-06	-5.749000e-06	-1.251685e-08	-4.231343e+01	-7.422879e+02
3.490000e-06	-5.787679e-06	-1.255196e-08	-4.259812e+01	-7.443136e+02
3.500000e-06	-5.824555e-06	-1.258253e-08	-4.286953e+01	-7.462460e+02
3.510000e-06	-5.859712e-06	-1.261122e-08	-4.312829e+01	-7.480999e+02
3.520000e-06	-5.893374e-06	-1.264282e-08	-4.337604e+01	-7.498798e+02
3.530000e-06	-5.925484e-06	-1.267479e-08	-4.361238e+01	-7.515797e+02
3.540000e-06	-5.955874e-06	-1.270256e-08	-4.383605e+01	-7.531855e+02
3.550000e-06	-5.984403e-06	-1.272586e-08	-4.404603e+01	-7.546803e+02
3.560000e-06	-6.011334e-06	-1.274751e-08	-4.424425e+01	-7.560515e+02
3.570000e-06	-6.036711e-06	-1.276898e-08	-4.443102e+01	-7.572951e+02
3.580000e-06	-6.060467e-06	-1.278730e-08	-4.460587e+01	-7.584185e+02
3.590000e-06	-6.082446e-06	-1.280268e-08	-4.476764e+01	-7.594378e+02
3.600000e-06	-6.102591e-06	-1.281816e-08	-4.491591e+01	-7.603733e+02
3.610000e-06	-6.121167e-06	-1.283473e-08	-4.505263e+01	-7.612424e+02
3.620000e-06	-6.138166e-06	-1.284952e-08	-4.517775e+01	-7.620536e+02
3.630000e-06	-6.153432e-06	-1.286178e-08	-4.529011e+01	-7.628033e+02
3.640000e-06	-6.166627e-06	-1.287499e-08	-4.538723e+01	-7.634765e+02
3.650000e-06	-6.177819e-06	-1.288668e-08	-4.546960e+01	-7.640520e+02
3.660000e-06	-6.187329e-06	-1.289417e-08	-4.553959e+01	-7.645096e+02
3.670000e-06	-6.195175e-06	-1.289794e-08	-4.559734e+01	-7.648375e+02
3.680000e-06	-6.201127e-06	-1.290119e-08	-4.564115e+01	-7.650372e+02
3.690000e-06	-6.205168e-06	-1.290162e-08	-4.567089e+01	-7.651242e+02
3.700000e-06	-6.207545e-06	-1.290181e-08	-4.568838e+01	-7.651236e+02
3.710000e-06	-6.208265e-06	-1.290464e-08	-4.569369e+01	-7.650619e+02
