# Temperatura_=_20.0
# Concentracion g/m^3_=_12000.0
# C_Vs_to_Am_M_A/Vsm_=_59384043850.047264
# pendiente_HvsI_1/m_=_3716.3
# ordenada_HvsI_A/m_=_1297.0
# frecuencia_Hz_=_269374.5802706831

Tiempo_(s)	Campo_(V.s)	Magnetizacion_(V.s)	Campo_(kA/m)	Magnetizacion_(A/m)
0.000000e+00	-6.231661e-06	-1.296843e-08	-4.569400e+01	-7.685829e+02
1.000000e-08	-6.229949e-06	-1.296010e-08	-4.568145e+01	-7.684691e+02
2.000000e-08	-6.226334e-06	-1.295242e-08	-4.565494e+01	-7.683089e+02
3.000000e-08	-6.221134e-06	-1.294256e-08	-4.561681e+01	-7.680811e+02
4.000000e-08	-6.214443e-06	-1.293123e-08	-4.556775e+01	-7.677548e+02
5.000000e-08	-6.206197e-06	-1.292339e-08	-4.550729e+01	-7.672979e+02
6.000000e-08	-6.196073e-06	-1.291960e-08	-4.543305e+01	-7.666881e+02
7.000000e-08	-6.183973e-06	-1.292943e-08	-4.534433e+01	-7.659208e+02
8.000000e-08	-6.170064e-06	-1.292355e-08	-4.524234e+01	-7.650124e+02
9.000000e-08	-6.153940e-06	-1.283398e-08	-4.512411e+01	-7.639981e+02
1.000000e-07	-6.135464e-06	-1.278827e-08	-4.498864e+01	-7.629227e+02
1.100000e-07	-6.115129e-06	-1.281169e-08	-4.483952e+01	-7.618291e+02
1.200000e-07	-6.093196e-06	-1.281811e-08	-4.467870e+01	-7.607457e+02
1.300000e-07	-6.069885e-06	-1.289901e-08	-4.450777e+01	-7.596776e+02
1.400000e-07	-6.045484e-06	-1.279722e-08	-4.432885e+01	-7.586039e+02
1.500000e-07	-6.019469e-06	-1.264216e-08	-4.413809e+01	-7.574827e+02
1.600000e-07	-5.991704e-06	-1.283405e-08	-4.393450e+01	-7.562606e+02
1.700000e-07	-5.962620e-06	-1.277803e-08	-4.372124e+01	-7.548874e+02
1.800000e-07	-5.931864e-06	-1.259188e-08	-4.349573e+01	-7.533283e+02
1.900000e-07	-5.899585e-06	-1.266388e-08	-4.325903e+01	-7.515729e+02
2.000000e-07	-5.865957e-06	-1.256725e-08	-4.301246e+01	-7.496367e+02
2.100000e-07	-5.830533e-06	-1.258209e-08	-4.275271e+01	-7.475556e+02
2.200000e-07	-5.793411e-06	-1.265079e-08	-4.248051e+01	-7.453753e+02
2.300000e-07	-5.754705e-06	-1.246328e-08	-4.219669e+01	-7.431370e+02
2.400000e-07	-5.714311e-06	-1.242297e-08	-4.190050e+01	-7.408664e+02
2.500000e-07	-5.672134e-06	-1.246373e-08	-4.159124e+01	-7.385662e+02
2.600000e-07	-5.628149e-06	-1.241917e-08	-4.126872e+01	-7.362159e+02
2.700000e-07	-5.582549e-06	-1.236030e-08	-4.093436e+01	-7.337783e+02
2.800000e-07	-5.535363e-06	-1.224319e-08	-4.058836e+01	-7.312100e+02
2.900000e-07	-5.486362e-06	-1.225808e-08	-4.022906e+01	-7.284736e+02
3.000000e-07	-5.435346e-06	-1.227284e-08	-3.985498e+01	-7.255469e+02
3.100000e-07	-5.382459e-06	-1.213905e-08	-3.946718e+01	-7.224278e+02
3.200000e-07	-5.327999e-06	-1.204142e-08	-3.906785e+01	-7.191326e+02
3.300000e-07	-5.272045e-06	-1.202557e-08	-3.865756e+01	-7.156891e+02
3.400000e-07	-5.214411e-06	-1.202708e-08	-3.823496e+01	-7.121269e+02
3.500000e-07	-5.155137e-06	-1.191140e-08	-3.780033e+01	-7.084681e+02
3.600000e-07	-5.094386e-06	-1.181328e-08	-3.735487e+01	-7.047203e+02
3.700000e-07	-5.032150e-06	-1.179043e-08	-3.689852e+01	-7.008756e+02
3.800000e-07	-4.968528e-06	-1.173197e-08	-3.643201e+01	-6.969134e+02
3.900000e-07	-4.903472e-06	-1.165818e-08	-3.595498e+01	-6.928077e+02
4.000000e-07	-4.836823e-06	-1.154833e-08	-3.546627e+01	-6.885354e+02
4.100000e-07	-4.768652e-06	-1.148714e-08	-3.496641e+01	-6.840830e+02
4.200000e-07	-4.699161e-06	-1.145047e-08	-3.445686e+01	-6.794496e+02
4.300000e-07	-4.628555e-06	-1.135106e-08	-3.393914e+01	-6.746464e+02
4.400000e-07	-4.556763e-06	-1.124050e-08	-3.341272e+01	-6.696912e+02
4.500000e-07	-4.483547e-06	-1.115512e-08	-3.287586e+01	-6.646016e+02
4.600000e-07	-4.408792e-06	-1.109329e-08	-3.232771e+01	-6.593890e+02
4.700000e-07	-4.332580e-06	-1.099856e-08	-3.176889e+01	-6.540537e+02
4.800000e-07	-4.255148e-06	-1.088925e-08	-3.120111e+01	-6.485849e+02
4.900000e-07	-4.176414e-06	-1.080639e-08	-3.062379e+01	-6.429633e+02
5.000000e-07	-4.096253e-06	-1.072455e-08	-3.003601e+01	-6.371666e+02
5.100000e-07	-4.014824e-06	-1.062472e-08	-2.943892e+01	-6.311753e+02
5.200000e-07	-3.932343e-06	-1.050036e-08	-2.883413e+01	-6.249775e+02
5.300000e-07	-3.848948e-06	-1.038847e-08	-2.822262e+01	-6.185700e+02
5.400000e-07	-3.764666e-06	-1.029197e-08	-2.760462e+01	-6.119573e+02
5.500000e-07	-3.679558e-06	-1.017701e-08	-2.698056e+01	-6.051473e+02
5.600000e-07	-3.593581e-06	-1.004798e-08	-2.635014e+01	-5.981466e+02
5.700000e-07	-3.506680e-06	-9.928559e-09	-2.571292e+01	-5.909565e+02
5.800000e-07	-3.418878e-06	-9.824159e-09	-2.506911e+01	-5.835703e+02
5.900000e-07	-3.330132e-06	-9.698848e-09	-2.441838e+01	-5.759746e+02
6.000000e-07	-3.240400e-06	-9.553435e-09	-2.376041e+01	-5.681516e+02
6.100000e-07	-3.149557e-06	-9.417841e-09	-2.309430e+01	-5.600839e+02
6.200000e-07	-3.057614e-06	-9.286743e-09	-2.242013e+01	-5.517577e+02
6.300000e-07	-2.964826e-06	-9.139658e-09	-2.173976e+01	-5.431652e+02
6.400000e-07	-2.871304e-06	-8.973720e-09	-2.105400e+01	-5.343044e+02
6.500000e-07	-2.776978e-06	-8.820717e-09	-2.036235e+01	-5.251763e+02
6.600000e-07	-2.681838e-06	-8.678900e-09	-1.966472e+01	-5.157817e+02
6.700000e-07	-2.585943e-06	-8.523187e-09	-1.896157e+01	-5.061165e+02
6.800000e-07	-2.489233e-06	-8.349348e-09	-1.825244e+01	-4.961700e+02
6.900000e-07	-2.391591e-06	-8.176069e-09	-1.753647e+01	-4.859245e+02
7.000000e-07	-2.293075e-06	-8.007180e-09	-1.681410e+01	-4.753566e+02
7.100000e-07	-2.193793e-06	-7.820277e-09	-1.608611e+01	-4.644411e+02
7.200000e-07	-2.093861e-06	-7.615582e-09	-1.535335e+01	-4.531545e+02
7.300000e-07	-1.993354e-06	-7.410369e-09	-1.461638e+01	-4.414778e+02
7.400000e-07	-1.892286e-06	-7.216022e-09	-1.387529e+01	-4.293970e+02
7.500000e-07	-1.790730e-06	-7.014683e-09	-1.313063e+01	-4.169023e+02
7.600000e-07	-1.688658e-06	-6.794195e-09	-1.238218e+01	-4.039844e+02
7.700000e-07	-1.586109e-06	-6.567017e-09	-1.163023e+01	-3.906320e+02
7.800000e-07	-1.483147e-06	-6.340324e-09	-1.087526e+01	-3.768278e+02
7.900000e-07	-1.379834e-06	-6.102099e-09	-1.011771e+01	-3.625478e+02
8.000000e-07	-1.276204e-06	-5.843803e-09	-9.357837e+00	-3.477616e+02
8.100000e-07	-1.172177e-06	-5.578230e-09	-8.595052e+00	-3.324346e+02
8.200000e-07	-1.067804e-06	-5.315306e-09	-7.829735e+00	-3.165308e+02
8.300000e-07	-9.631712e-07	-5.045164e-09	-7.062507e+00	-3.000152e+02
8.400000e-07	-8.582984e-07	-4.753674e-09	-6.293521e+00	-2.828548e+02
8.500000e-07	-7.532309e-07	-4.449439e-09	-5.523108e+00	-2.650180e+02
8.600000e-07	-6.479841e-07	-4.141944e-09	-4.751380e+00	-2.464725e+02
8.700000e-07	-5.425952e-07	-3.823253e-09	-3.978610e+00	-2.271834e+02
8.800000e-07	-4.370518e-07	-3.482031e-09	-3.204707e+00	-2.071113e+02
8.900000e-07	-3.313883e-07	-3.123038e-09	-2.429923e+00	-1.862143e+02
9.000000e-07	-2.256782e-07	-2.757753e-09	-1.654798e+00	-1.644515e+02
9.100000e-07	-1.199390e-07	-2.379967e-09	-8.794592e-01	-1.417906e+02
9.200000e-07	-1.420223e-08	-1.979743e-09	-1.041386e-01	-1.182170e+02
9.300000e-07	9.155477e-08	-1.559801e-09	6.713305e-01	-9.374279e+01
9.400000e-07	1.973121e-07	-1.131931e-09	1.446802e+00	-6.841481e+01
9.500000e-07	3.030225e-07	-6.957133e-10	2.221930e+00	-4.231835e+01
9.600000e-07	4.086391e-07	-2.447510e-10	2.996369e+00	-1.557688e+01
9.700000e-07	5.141488e-07	2.174044e-10	3.770025e+00	1.165318e+01
9.800000e-07	6.195740e-07	6.808812e-10	4.543061e+00	3.919160e+01
9.900000e-07	7.248312e-07	1.142412e-09	5.314865e+00	6.684585e+01
1.000000e-06	8.298388e-07	1.605988e-09	6.084840e+00	9.442331e+01
1.010000e-06	9.346152e-07	2.068210e-09	6.853118e+00	1.217424e+02
1.020000e-06	1.039145e-06	2.522328e-09	7.619589e+00	1.486410e+02
1.030000e-06	1.143409e-06	2.964168e-09	8.384113e+00	1.749824e+02
1.040000e-06	1.247347e-06	3.395112e-09	9.146241e+00	2.006570e+02
1.050000e-06	1.350941e-06	3.817010e-09	9.905853e+00	2.255824e+02
1.060000e-06	1.454226e-06	4.223197e-09	1.066319e+01	2.497004e+02
1.070000e-06	1.557201e-06	4.611772e-09	1.141826e+01	2.729734e+02
1.080000e-06	1.659784e-06	4.984546e-09	1.217046e+01	2.953805e+02
1.090000e-06	1.761920e-06	5.348015e-09	1.291938e+01	3.169127e+02
1.100000e-06	1.863580e-06	5.695500e-09	1.366480e+01	3.375700e+02
1.110000e-06	1.964736e-06	6.023311e-09	1.440654e+01	3.573583e+02
1.120000e-06	2.065401e-06	6.340306e-09	1.514467e+01	3.762876e+02
1.130000e-06	2.165470e-06	6.647443e-09	1.587843e+01	3.943715e+02
1.140000e-06	2.264859e-06	6.940019e-09	1.660720e+01	4.116274e+02
1.150000e-06	2.363514e-06	7.214658e-09	1.733060e+01	4.280767e+02
1.160000e-06	2.461361e-06	7.473963e-09	1.804807e+01	4.437465e+02
1.170000e-06	2.558298e-06	7.722085e-09	1.875887e+01	4.586698e+02
1.180000e-06	2.654335e-06	7.957351e-09	1.946306e+01	4.728854e+02
1.190000e-06	2.749654e-06	8.181537e-09	2.016199e+01	4.864369e+02
1.200000e-06	2.844235e-06	8.399084e-09	2.085551e+01	4.993703e+02
1.210000e-06	2.937999e-06	8.610730e-09	2.154304e+01	5.117304e+02
1.220000e-06	3.030988e-06	8.815961e-09	2.222489e+01	5.235584e+02
1.230000e-06	3.123178e-06	9.009567e-09	2.290088e+01	5.348885e+02
1.240000e-06	3.214471e-06	9.191493e-09	2.357029e+01	5.457468e+02
1.250000e-06	3.304746e-06	9.363550e-09	2.423224e+01	5.561519e+02
1.260000e-06	3.393906e-06	9.529131e-09	2.488600e+01	5.661165e+02
1.270000e-06	3.482023e-06	9.684533e-09	2.553213e+01	5.756507e+02
1.280000e-06	3.569216e-06	9.831898e-09	2.617147e+01	5.847652e+02
1.290000e-06	3.655454e-06	9.976034e-09	2.680382e+01	5.934741e+02
1.300000e-06	3.740760e-06	1.011957e-08	2.742933e+01	6.017958e+02
1.310000e-06	3.825186e-06	1.025752e-08	2.804839e+01	6.097529e+02
1.320000e-06	3.908706e-06	1.038674e-08	2.866081e+01	6.173702e+02
1.330000e-06	3.991122e-06	1.051027e-08	2.926512e+01	6.246718e+02
1.340000e-06	4.072387e-06	1.062959e-08	2.986101e+01	6.316790e+02
1.350000e-06	4.152564e-06	1.073925e-08	3.044891e+01	6.384087e+02
1.360000e-06	4.231520e-06	1.084062e-08	3.102786e+01	6.448731e+02
1.370000e-06	4.309268e-06	1.094136e-08	3.159795e+01	6.510815e+02
1.380000e-06	4.385853e-06	1.104475e-08	3.215951e+01	6.570422e+02
1.390000e-06	4.461133e-06	1.114539e-08	3.271151e+01	6.627648e+02
1.400000e-06	4.534879e-06	1.123768e-08	3.325225e+01	6.682618e+02
1.410000e-06	4.607178e-06	1.132739e-08	3.378239e+01	6.735481e+02
1.420000e-06	4.678266e-06	1.141538e-08	3.430365e+01	6.786398e+02
1.430000e-06	4.748105e-06	1.149547e-08	3.481575e+01	6.835520e+02
1.440000e-06	4.816691e-06	1.156761e-08	3.531866e+01	6.882962e+02
1.450000e-06	4.884002e-06	1.164075e-08	3.581222e+01	6.928787e+02
1.460000e-06	4.949769e-06	1.171637e-08	3.629446e+01	6.973006e+02
1.470000e-06	5.013972e-06	1.178941e-08	3.676523e+01	7.015597e+02
1.480000e-06	5.076840e-06	1.185656e-08	3.722621e+01	7.056529e+02
1.490000e-06	5.138355e-06	1.192234e-08	3.767728e+01	7.095797e+02
1.500000e-06	5.198614e-06	1.198710e-08	3.811913e+01	7.133441e+02
1.510000e-06	5.257485e-06	1.204456e-08	3.855080e+01	7.169553e+02
1.520000e-06	5.314564e-06	1.209813e-08	3.896934e+01	7.204262e+02
1.530000e-06	5.369958e-06	1.215549e-08	3.937552e+01	7.237705e+02
1.540000e-06	5.423853e-06	1.221502e-08	3.977071e+01	7.269989e+02
1.550000e-06	5.476054e-06	1.227075e-08	4.015347e+01	7.301161e+02
1.560000e-06	5.526259e-06	1.232223e-08	4.052161e+01	7.331198e+02
1.570000e-06	5.574562e-06	1.237140e-08	4.087579e+01	7.360013e+02
1.580000e-06	5.621228e-06	1.241764e-08	4.121797e+01	7.387491e+02
1.590000e-06	5.666398e-06	1.245762e-08	4.154918e+01	7.413529e+02
1.600000e-06	5.710136e-06	1.249381e-08	4.186989e+01	7.438077e+02
1.610000e-06	5.752108e-06	1.253071e-08	4.217765e+01	7.461165e+02
1.620000e-06	5.792281e-06	1.257221e-08	4.247222e+01	7.482901e+02
1.630000e-06	5.830920e-06	1.261502e-08	4.275555e+01	7.503450e+02
1.640000e-06	5.868066e-06	1.265200e-08	4.302792e+01	7.522989e+02
1.650000e-06	5.903750e-06	1.268510e-08	4.328958e+01	7.541659e+02
1.660000e-06	5.937617e-06	1.271564e-08	4.353791e+01	7.559532e+02
1.670000e-06	5.969669e-06	1.274201e-08	4.377293e+01	7.576595e+02
1.680000e-06	6.000255e-06	1.276245e-08	4.399721e+01	7.592770e+02
1.690000e-06	6.029382e-06	1.278336e-08	4.421078e+01	7.607946e+02
1.700000e-06	6.056989e-06	1.280916e-08	4.441321e+01	7.622031e+02
1.710000e-06	6.082674e-06	1.283688e-08	4.460155e+01	7.634989e+02
1.720000e-06	6.106463e-06	1.286167e-08	4.477598e+01	7.646860e+02
1.730000e-06	6.128712e-06	1.288233e-08	4.493913e+01	7.657748e+02
1.740000e-06	6.149436e-06	1.290125e-08	4.509109e+01	7.667788e+02
1.750000e-06	6.168528e-06	1.291687e-08	4.523108e+01	7.677091e+02
1.760000e-06	6.185815e-06	1.292658e-08	4.535783e+01	7.685702e+02
1.770000e-06	6.201313e-06	1.293385e-08	4.547148e+01	7.693575e+02
1.780000e-06	6.215062e-06	1.294272e-08	4.557229e+01	7.700576e+02
1.790000e-06	6.226901e-06	1.295283e-08	4.565910e+01	7.706529e+02
1.800000e-06	6.236582e-06	1.296175e-08	4.573009e+01	7.711272e+02
1.810000e-06	6.244357e-06	1.296867e-08	4.578710e+01	7.714720e+02
1.820000e-06	6.250532e-06	1.297510e-08	4.583238e+01	7.716904e+02
1.830000e-06	6.255129e-06	1.298058e-08	4.586609e+01	7.717976e+02
1.840000e-06	6.257922e-06	1.298029e-08	4.588656e+01	7.718169e+02
1.850000e-06	6.258745e-06	1.297265e-08	4.589260e+01	7.717730e+02
1.860000e-06	6.257814e-06	1.296945e-08	4.588577e+01	7.716839e+02
1.870000e-06	6.255308e-06	1.297112e-08	4.586740e+01	7.715539e+02
1.880000e-06	6.251286e-06	1.296738e-08	4.583791e+01	7.713711e+02
1.890000e-06	6.245435e-06	1.296042e-08	4.579501e+01	7.711100e+02
1.900000e-06	6.237753e-06	1.295520e-08	4.573867e+01	7.707378e+02
1.910000e-06	6.228555e-06	1.294878e-08	4.567123e+01	7.702250e+02
1.920000e-06	6.217803e-06	1.292239e-08	4.559239e+01	7.695552e+02
1.930000e-06	6.205279e-06	1.289212e-08	4.550056e+01	7.687315e+02
1.940000e-06	6.190716e-06	1.297805e-08	4.539377e+01	7.677782e+02
1.950000e-06	6.173903e-06	1.299262e-08	4.527049e+01	7.667352e+02
1.960000e-06	6.154665e-06	1.292775e-08	4.512943e+01	7.656481e+02
1.970000e-06	6.133014e-06	1.283758e-08	4.497067e+01	7.645558e+02
1.980000e-06	6.109766e-06	1.267775e-08	4.480020e+01	7.634785e+02
1.990000e-06	6.085973e-06	1.286674e-08	4.462574e+01	7.624117e+02
2.000000e-06	6.061168e-06	1.290149e-08	4.444385e+01	7.613257e+02
2.010000e-06	6.034496e-06	1.264381e-08	4.424828e+01	7.601726e+02
2.020000e-06	6.006570e-06	1.281727e-08	4.404351e+01	7.588988e+02
2.030000e-06	5.977205e-06	1.283621e-08	4.382819e+01	7.574584e+02
2.040000e-06	5.945385e-06	1.268958e-08	4.359487e+01	7.558252e+02
2.050000e-06	5.911896e-06	1.282300e-08	4.334931e+01	7.539985e+02
2.060000e-06	5.877224e-06	1.261015e-08	4.309508e+01	7.520026e+02
2.070000e-06	5.840864e-06	1.250345e-08	4.282846e+01	7.498786e+02
2.080000e-06	5.802806e-06	1.272289e-08	4.254940e+01	7.476719e+02
2.090000e-06	5.762883e-06	1.256418e-08	4.225666e+01	7.454193e+02
2.100000e-06	5.721352e-06	1.248885e-08	4.195213e+01	7.431382e+02
2.110000e-06	5.678557e-06	1.247565e-08	4.163833e+01	7.408223e+02
2.120000e-06	5.633910e-06	1.244012e-08	4.131096e+01	7.384439e+02
2.130000e-06	5.587610e-06	1.252357e-08	4.097146e+01	7.359620e+02
2.140000e-06	5.539919e-06	1.227804e-08	4.062177e+01	7.333340e+02
2.150000e-06	5.490509e-06	1.224004e-08	4.025947e+01	7.305274e+02
2.160000e-06	5.439326e-06	1.234689e-08	3.988416e+01	7.275274e+02
2.170000e-06	5.386088e-06	1.223046e-08	3.949380e+01	7.243392e+02
2.180000e-06	5.331100e-06	1.215861e-08	3.909059e+01	7.209844e+02
2.190000e-06	5.274588e-06	1.202105e-08	3.867621e+01	7.174928e+02
2.200000e-06	5.216460e-06	1.208313e-08	3.824999e+01	7.138921e+02
2.210000e-06	5.157030e-06	1.204062e-08	3.781421e+01	7.101995e+02
2.220000e-06	5.096091e-06	1.184251e-08	3.736737e+01	7.064167e+02
2.230000e-06	5.033405e-06	1.185000e-08	3.690772e+01	7.025305e+02
2.240000e-06	4.969108e-06	1.177767e-08	3.643626e+01	6.985171e+02
2.250000e-06	4.903393e-06	1.176038e-08	3.595441e+01	6.943509e+02
2.260000e-06	4.836516e-06	1.162770e-08	3.546402e+01	6.900117e+02
2.270000e-06	4.768237e-06	1.150698e-08	3.496336e+01	6.854904e+02
2.280000e-06	4.698368e-06	1.152838e-08	3.445105e+01	6.807912e+02
2.290000e-06	4.627041e-06	1.141043e-08	3.392804e+01	6.759284e+02
2.300000e-06	4.554473e-06	1.132657e-08	3.339593e+01	6.709205e+02
2.310000e-06	4.480717e-06	1.119700e-08	3.285511e+01	6.657837e+02
2.320000e-06	4.405610e-06	1.114781e-08	3.230438e+01	6.605253e+02
2.330000e-06	4.329063e-06	1.108534e-08	3.174310e+01	6.551414e+02
2.340000e-06	4.251061e-06	1.093541e-08	3.117114e+01	6.496175e+02
2.350000e-06	4.171794e-06	1.085513e-08	3.058991e+01	6.439324e+02
2.360000e-06	4.091347e-06	1.075204e-08	3.000003e+01	6.380644e+02
2.370000e-06	4.009856e-06	1.069616e-08	2.940249e+01	6.319962e+02
2.380000e-06	3.927464e-06	1.055511e-08	2.879835e+01	6.257193e+02
2.390000e-06	3.844150e-06	1.041756e-08	2.818744e+01	6.192337e+02
2.400000e-06	3.759789e-06	1.033808e-08	2.756887e+01	6.125456e+02
2.410000e-06	3.674207e-06	1.022898e-08	2.694133e+01	6.056632e+02
2.420000e-06	3.587516e-06	1.010473e-08	2.630566e+01	5.985914e+02
2.430000e-06	3.499792e-06	9.943685e-09	2.566242e+01	5.913286e+02
2.440000e-06	3.411133e-06	9.848989e-09	2.501232e+01	5.838653e+02
2.450000e-06	3.321633e-06	9.737499e-09	2.435606e+01	5.761862e+02
2.460000e-06	3.231268e-06	9.586993e-09	2.369345e+01	5.682730e+02
2.470000e-06	3.140058e-06	9.432131e-09	2.302465e+01	5.601093e+02
2.480000e-06	3.047928e-06	9.297704e-09	2.234910e+01	5.516835e+02
2.490000e-06	2.954882e-06	9.178242e-09	2.166684e+01	5.429900e+02
2.500000e-06	2.860926e-06	9.006779e-09	2.097790e+01	5.340284e+02
2.510000e-06	2.766017e-06	8.834271e-09	2.028197e+01	5.248001e+02
2.520000e-06	2.670210e-06	8.682067e-09	1.957946e+01	5.153044e+02
2.530000e-06	2.573617e-06	8.536903e-09	1.887119e+01	5.055350e+02
2.540000e-06	2.476419e-06	8.357604e-09	1.815848e+01	4.954785e+02
2.550000e-06	2.378598e-06	8.166315e-09	1.744120e+01	4.851146e+02
2.560000e-06	2.280083e-06	7.997888e-09	1.671884e+01	4.744190e+02
2.570000e-06	2.180901e-06	7.828637e-09	1.599158e+01	4.633665e+02
2.580000e-06	2.081099e-06	7.628618e-09	1.525977e+01	4.519352e+02
2.590000e-06	1.980756e-06	7.408163e-09	1.452400e+01	4.401080e+02
2.600000e-06	1.879742e-06	7.211506e-09	1.378331e+01	4.278727e+02
2.610000e-06	1.777988e-06	7.016503e-09	1.303720e+01	4.152200e+02
2.620000e-06	1.675660e-06	6.792335e-09	1.228687e+01	4.021405e+02
2.630000e-06	1.572827e-06	6.548516e-09	1.153284e+01	3.886206e+02
2.640000e-06	1.469518e-06	6.318968e-09	1.077532e+01	3.746408e+02
2.650000e-06	1.365806e-06	6.092877e-09	1.001485e+01	3.601745e+02
2.660000e-06	1.261729e-06	5.836236e-09	9.251702e+00	3.451893e+02
2.670000e-06	1.157328e-06	5.557932e-09	8.486170e+00	3.296499e+02
2.680000e-06	1.052655e-06	5.285283e-09	7.718651e+00	3.135203e+02
2.690000e-06	9.477604e-07	5.016440e-09	6.949506e+00	2.967663e+02
2.700000e-06	8.426451e-07	4.722699e-09	6.178742e+00	2.793555e+02
2.710000e-06	7.373682e-07	4.404658e-09	5.406794e+00	2.612565e+02
2.720000e-06	6.319697e-07	4.086486e-09	4.633953e+00	2.424361e+02
2.730000e-06	5.264331e-07	3.770337e-09	3.860100e+00	2.228578e+02
2.740000e-06	4.208041e-07	3.429799e-09	3.085570e+00	2.024810e+02
2.750000e-06	3.151595e-07	3.061066e-09	2.310925e+00	1.812635e+02
2.760000e-06	2.094949e-07	2.686668e-09	1.536133e+00	1.591666e+02
2.770000e-06	1.037782e-07	2.311151e-09	7.609594e-01	1.361635e+02
2.780000e-06	-1.973313e-09	1.912800e-09	-1.446943e-02	1.122487e+02
2.790000e-06	-1.077288e-07	1.484793e-09	-7.899271e-01	8.744645e+01
2.800000e-06	-2.134526e-07	1.050675e-09	-1.565153e+00	6.181782e+01
2.810000e-06	-3.191162e-07	6.175728e-10	-2.339938e+00	3.546272e+01
2.820000e-06	-4.247212e-07	1.677057e-10	-3.114292e+00	8.517831e+00
2.830000e-06	-5.302257e-07	-3.032389e-10	-3.887910e+00	-1.885028e+01
2.840000e-06	-6.355741e-07	-7.720056e-10	-4.660383e+00	-4.645532e+01
2.850000e-06	-7.407604e-07	-1.226130e-09	-5.431667e+00	-7.410334e+01
2.860000e-06	-8.457423e-07	-1.682290e-09	-6.201452e+00	-1.016046e+02
2.870000e-06	-9.505291e-07	-2.149561e-09	-6.969808e+00	-1.287841e+02
2.880000e-06	-1.055109e-06	-2.609459e-09	-7.736649e+00	-1.554887e+02
2.890000e-06	-1.159430e-06	-3.047177e-09	-8.501583e+00	-1.815918e+02
2.900000e-06	-1.263441e-06	-3.471620e-09	-9.264252e+00	-2.069941e+02
2.910000e-06	-1.367102e-06	-3.890382e-09	-1.002435e+01	-2.316227e+02
2.920000e-06	-1.470398e-06	-4.294387e-09	-1.078177e+01	-2.554276e+02
2.930000e-06	-1.573274e-06	-4.675210e-09	-1.153612e+01	-2.783780e+02
2.940000e-06	-1.675598e-06	-5.041308e-09	-1.228642e+01	-3.004579e+02
2.950000e-06	-1.777305e-06	-5.404511e-09	-1.303219e+01	-3.216620e+02
2.960000e-06	-1.878406e-06	-5.754569e-09	-1.377352e+01	-3.419928e+02
2.970000e-06	-1.978955e-06	-6.080386e-09	-1.451080e+01	-3.614579e+02
2.980000e-06	-2.078917e-06	-6.389711e-09	-1.524377e+01	-3.800688e+02
2.990000e-06	-2.178196e-06	-6.694126e-09	-1.597174e+01	-3.978404e+02
3.000000e-06	-2.276881e-06	-6.987407e-09	-1.669536e+01	-4.147914e+02
3.010000e-06	-2.374981e-06	-7.257827e-09	-1.741468e+01	-4.309453e+02
3.020000e-06	-2.472425e-06	-7.512268e-09	-1.812919e+01	-4.463313e+02
3.030000e-06	-2.569240e-06	-7.762266e-09	-1.883909e+01	-4.609847e+02
3.040000e-06	-2.665396e-06	-8.003703e-09	-1.954417e+01	-4.749463e+02
3.050000e-06	-2.760892e-06	-8.224445e-09	-2.024440e+01	-4.882610e+02
3.060000e-06	-2.855624e-06	-8.430747e-09	-2.093902e+01	-5.009746e+02
3.070000e-06	-2.949339e-06	-8.635468e-09	-2.162619e+01	-5.131311e+02
3.080000e-06	-3.041981e-06	-8.838770e-09	-2.230550e+01	-5.247691e+02
3.090000e-06	-3.133639e-06	-9.028147e-09	-2.297759e+01	-5.359200e+02
3.100000e-06	-3.224318e-06	-9.204051e-09	-2.364250e+01	-5.466070e+02
3.110000e-06	-3.314017e-06	-9.379218e-09	-2.430021e+01	-5.568460e+02
3.120000e-06	-3.402826e-06	-9.550676e-09	-2.495141e+01	-5.666484e+02
3.130000e-06	-3.490830e-06	-9.708026e-09	-2.559670e+01	-5.760242e+02
3.140000e-06	-3.577942e-06	-9.853583e-09	-2.623546e+01	-5.849850e+02
3.150000e-06	-3.663930e-06	-9.998757e-09	-2.686597e+01	-5.935467e+02
3.160000e-06	-3.748748e-06	-1.014183e-08	-2.748791e+01	-6.017292e+02
3.170000e-06	-3.832541e-06	-1.027343e-08	-2.810232e+01	-6.095563e+02
3.180000e-06	-3.915345e-06	-1.039558e-08	-2.870948e+01	-6.170528e+02
3.190000e-06	-3.997079e-06	-1.051931e-08	-2.930881e+01	-6.242421e+02
3.200000e-06	-4.077808e-06	-1.064373e-08	-2.990075e+01	-6.311439e+02
3.210000e-06	-4.157524e-06	-1.075712e-08	-3.048527e+01	-6.377732e+02
3.220000e-06	-4.236030e-06	-1.085801e-08	-3.106093e+01	-6.441410e+02
3.230000e-06	-4.313185e-06	-1.095964e-08	-3.162667e+01	-6.502559e+02
3.240000e-06	-4.388912e-06	-1.106432e-08	-3.218194e+01	-6.561264e+02
3.250000e-06	-4.463283e-06	-1.115900e-08	-3.272727e+01	-6.617632e+02
3.260000e-06	-4.536398e-06	-1.124441e-08	-3.326339e+01	-6.671796e+02
3.270000e-06	-4.608360e-06	-1.133248e-08	-3.379105e+01	-6.723914e+02
3.280000e-06	-4.679084e-06	-1.142266e-08	-3.430964e+01	-6.774146e+02
3.290000e-06	-4.748287e-06	-1.150735e-08	-3.481708e+01	-6.822631e+02
3.300000e-06	-4.816035e-06	-1.158673e-08	-3.531385e+01	-6.869466e+02
3.310000e-06	-4.882494e-06	-1.166487e-08	-3.580116e+01	-6.914693e+02
3.320000e-06	-4.947652e-06	-1.174482e-08	-3.627893e+01	-6.958309e+02
3.330000e-06	-5.011535e-06	-1.181831e-08	-3.674736e+01	-7.000284e+02
3.340000e-06	-5.073965e-06	-1.188039e-08	-3.720514e+01	-7.040594e+02
3.350000e-06	-5.134715e-06	-1.193777e-08	-3.765059e+01	-7.079249e+02
3.360000e-06	-5.193941e-06	-1.200096e-08	-3.808486e+01	-7.116309e+02
3.370000e-06	-5.251789e-06	-1.206560e-08	-3.850904e+01	-7.151882e+02
3.380000e-06	-5.308191e-06	-1.212648e-08	-3.892261e+01	-7.186105e+02
3.390000e-06	-5.362992e-06	-1.218262e-08	-3.932444e+01	-7.219107e+02
3.400000e-06	-5.415951e-06	-1.223950e-08	-3.971277e+01	-7.250976e+02
3.410000e-06	-5.467102e-06	-1.229429e-08	-4.008783e+01	-7.281732e+02
3.420000e-06	-5.516496e-06	-1.233976e-08	-4.045002e+01	-7.311327e+02
3.430000e-06	-5.563913e-06	-1.238181e-08	-4.079770e+01	-7.339659e+02
3.440000e-06	-5.609619e-06	-1.242406e-08	-4.113284e+01	-7.366610e+02
3.450000e-06	-5.653967e-06	-1.246728e-08	-4.145803e+01	-7.392095e+02
3.460000e-06	-5.696950e-06	-1.250898e-08	-4.177321e+01	-7.416091e+02
3.470000e-06	-5.738551e-06	-1.254899e-08	-4.207824e+01	-7.438659e+02
3.480000e-06	-5.778677e-06	-1.258605e-08	-4.237247e+01	-7.459932e+02
3.490000e-06	-5.817158e-06	-1.262152e-08	-4.265463e+01	-7.480087e+02
3.500000e-06	-5.853828e-06	-1.265191e-08	-4.292352e+01	-7.499290e+02
3.510000e-06	-5.888805e-06	-1.267863e-08	-4.317999e+01	-7.517661e+02
3.520000e-06	-5.922243e-06	-1.270587e-08	-4.342518e+01	-7.535239e+02
3.530000e-06	-5.954148e-06	-1.273350e-08	-4.365912e+01	-7.551985e+02
3.540000e-06	-5.984300e-06	-1.276082e-08	-4.388022e+01	-7.567802e+02
3.550000e-06	-6.012646e-06	-1.278671e-08	-4.408806e+01	-7.582581e+02
3.560000e-06	-6.039443e-06	-1.280976e-08	-4.428456e+01	-7.596247e+02
3.570000e-06	-6.064646e-06	-1.283006e-08	-4.446936e+01	-7.608792e+02
3.580000e-06	-6.088218e-06	-1.284782e-08	-4.464220e+01	-7.620284e+02
3.590000e-06	-6.109962e-06	-1.286371e-08	-4.480164e+01	-7.630842e+02
3.600000e-06	-6.129877e-06	-1.287936e-08	-4.494767e+01	-7.640598e+02
3.610000e-06	-6.148226e-06	-1.289621e-08	-4.508221e+01	-7.649645e+02
3.620000e-06	-6.164958e-06	-1.291402e-08	-4.520490e+01	-7.657994e+02
3.630000e-06	-6.179856e-06	-1.292891e-08	-4.531414e+01	-7.665562e+02
3.640000e-06	-6.192601e-06	-1.293933e-08	-4.540759e+01	-7.672195e+02
3.650000e-06	-6.203400e-06	-1.294529e-08	-4.548678e+01	-7.677714e+02
3.660000e-06	-6.212598e-06	-1.294820e-08	-4.555422e+01	-7.681980e+02
3.670000e-06	-6.220177e-06	-1.295107e-08	-4.560979e+01	-7.684947e+02
3.680000e-06	-6.225785e-06	-1.295533e-08	-4.565091e+01	-7.686694e+02
3.690000e-06	-6.229493e-06	-1.295974e-08	-4.567810e+01	-7.687409e+02
3.700000e-06	-6.231640e-06	-1.296603e-08	-4.569385e+01	-7.687342e+02
3.710000e-06	-6.232153e-06	-1.297048e-08	-4.569761e+01	-7.686723e+02
