# Temperatura_=_20.0
# Concentracion g/m^3_=_12000.0
# C_Vs_to_Am_M_A/Vsm_=_59384043850.047264
# pendiente_HvsI_1/m_=_3716.3
# ordenada_HvsI_A/m_=_1297.0
# frecuencia_Hz_=_269372.0947636131

Tiempo_(s)	Campo_(V.s)	Magnetizacion_(V.s)	Campo_(kA/m)	Magnetizacion_(A/m)
0.000000e+00	-6.246080e-06	-1.302826e-08	-4.569760e+01	-7.732882e+02
1.000000e-08	-6.244335e-06	-1.302203e-08	-4.568484e+01	-7.731664e+02
2.000000e-08	-6.240735e-06	-1.301601e-08	-4.565850e+01	-7.729623e+02
3.000000e-08	-6.235507e-06	-1.300716e-08	-4.562025e+01	-7.726643e+02
4.000000e-08	-6.228734e-06	-1.299485e-08	-4.557070e+01	-7.722626e+02
5.000000e-08	-6.220388e-06	-1.298526e-08	-4.550963e+01	-7.717523e+02
6.000000e-08	-6.210197e-06	-1.298139e-08	-4.543508e+01	-7.711350e+02
7.000000e-08	-6.198062e-06	-1.298504e-08	-4.534629e+01	-7.704161e+02
8.000000e-08	-6.184033e-06	-1.297126e-08	-4.524365e+01	-7.696010e+02
9.000000e-08	-6.167771e-06	-1.291072e-08	-4.512468e+01	-7.686904e+02
1.000000e-07	-6.149223e-06	-1.288801e-08	-4.498898e+01	-7.676764e+02
1.100000e-07	-6.128801e-06	-1.287169e-08	-4.483957e+01	-7.665424e+02
1.200000e-07	-6.106790e-06	-1.281933e-08	-4.467853e+01	-7.652657e+02
1.300000e-07	-6.083453e-06	-1.286580e-08	-4.450779e+01	-7.638241e+02
1.400000e-07	-6.058974e-06	-1.283961e-08	-4.432870e+01	-7.622043e+02
1.500000e-07	-6.032880e-06	-1.280549e-08	-4.413779e+01	-7.604085e+02
1.600000e-07	-6.005134e-06	-1.293980e-08	-4.393479e+01	-7.584587e+02
1.700000e-07	-5.976080e-06	-1.281151e-08	-4.372222e+01	-7.563947e+02
1.800000e-07	-5.945361e-06	-1.266072e-08	-4.349748e+01	-7.542680e+02
1.900000e-07	-5.913060e-06	-1.273789e-08	-4.326116e+01	-7.521305e+02
2.000000e-07	-5.879344e-06	-1.258827e-08	-4.301449e+01	-7.500227e+02
2.100000e-07	-5.843857e-06	-1.250370e-08	-4.275486e+01	-7.479634e+02
2.200000e-07	-5.806631e-06	-1.263938e-08	-4.248250e+01	-7.459439e+02
2.300000e-07	-5.767846e-06	-1.265591e-08	-4.219874e+01	-7.439297e+02
2.400000e-07	-5.727372e-06	-1.258811e-08	-4.190263e+01	-7.418672e+02
2.500000e-07	-5.685121e-06	-1.244947e-08	-4.159351e+01	-7.396963e+02
2.600000e-07	-5.641100e-06	-1.238517e-08	-4.127145e+01	-7.373635e+02
2.700000e-07	-5.595369e-06	-1.242401e-08	-4.093687e+01	-7.348330e+02
2.800000e-07	-5.548089e-06	-1.231190e-08	-4.059096e+01	-7.320934e+02
2.900000e-07	-5.499036e-06	-1.220287e-08	-4.023208e+01	-7.291573e+02
3.000000e-07	-5.447882e-06	-1.224677e-08	-3.985782e+01	-7.260544e+02
3.100000e-07	-5.394810e-06	-1.231454e-08	-3.946954e+01	-7.228218e+02
3.200000e-07	-5.340151e-06	-1.221214e-08	-3.906964e+01	-7.194920e+02
3.300000e-07	-5.284025e-06	-1.197827e-08	-3.865901e+01	-7.160840e+02
3.400000e-07	-5.226265e-06	-1.191868e-08	-3.823643e+01	-7.125983e+02
3.500000e-07	-5.166863e-06	-1.198189e-08	-3.780183e+01	-7.090189e+02
3.600000e-07	-5.105975e-06	-1.194576e-08	-3.735636e+01	-7.053183e+02
3.700000e-07	-5.043655e-06	-1.178238e-08	-3.690041e+01	-7.014667e+02
3.800000e-07	-4.979920e-06	-1.170232e-08	-3.643412e+01	-6.974405e+02
3.900000e-07	-4.914659e-06	-1.177595e-08	-3.595666e+01	-6.932284e+02
4.000000e-07	-4.847775e-06	-1.169249e-08	-3.546732e+01	-6.888332e+02
4.100000e-07	-4.779445e-06	-1.144962e-08	-3.496740e+01	-6.842694e+02
4.200000e-07	-4.709858e-06	-1.133580e-08	-3.445829e+01	-6.795570e+02
4.300000e-07	-4.639053e-06	-1.140614e-08	-3.394026e+01	-6.747146e+02
4.400000e-07	-4.567001e-06	-1.140192e-08	-3.341312e+01	-6.697534e+02
4.500000e-07	-4.493529e-06	-1.119490e-08	-3.287558e+01	-6.646737e+02
4.600000e-07	-4.418484e-06	-1.103474e-08	-3.232654e+01	-6.594655e+02
4.700000e-07	-4.342037e-06	-1.103773e-08	-3.176723e+01	-6.541114e+02
4.800000e-07	-4.264343e-06	-1.100523e-08	-3.119881e+01	-6.485924e+02
4.900000e-07	-4.185397e-06	-1.080745e-08	-3.062122e+01	-6.428928e+02
5.000000e-07	-4.105077e-06	-1.063283e-08	-3.003359e+01	-6.370033e+02
5.100000e-07	-4.023383e-06	-1.064051e-08	-2.943590e+01	-6.309223e+02
5.200000e-07	-3.940698e-06	-1.063513e-08	-2.883096e+01	-6.246536e+02
5.300000e-07	-3.857193e-06	-1.044475e-08	-2.822001e+01	-6.182027e+02
5.400000e-07	-3.772841e-06	-1.022088e-08	-2.760288e+01	-6.115733e+02
5.500000e-07	-3.687520e-06	-1.015442e-08	-2.697865e+01	-6.047636e+02
5.600000e-07	-3.601233e-06	-1.013677e-08	-2.634736e+01	-5.977662e+02
5.700000e-07	-3.514129e-06	-9.976973e-09	-2.571009e+01	-5.905684e+02
5.800000e-07	-3.426130e-06	-9.766467e-09	-2.506627e+01	-5.831557e+02
5.900000e-07	-3.337144e-06	-9.678545e-09	-2.441523e+01	-5.755146e+02
6.000000e-07	-3.247058e-06	-9.641381e-09	-2.375614e+01	-5.676348e+02
6.100000e-07	-3.155828e-06	-9.474023e-09	-2.308868e+01	-5.595106e+02
6.200000e-07	-3.063698e-06	-9.226504e-09	-2.241464e+01	-5.511388e+02
6.300000e-07	-2.970786e-06	-9.087082e-09	-2.173488e+01	-5.425174e+02
6.400000e-07	-2.877020e-06	-9.031259e-09	-2.104887e+01	-5.336414e+02
6.500000e-07	-2.782443e-06	-8.886807e-09	-2.035693e+01	-5.245017e+02
6.600000e-07	-2.687078e-06	-8.650525e-09	-1.965922e+01	-5.150837e+02
6.700000e-07	-2.590865e-06	-8.477383e-09	-1.895530e+01	-5.053687e+02
6.800000e-07	-2.493815e-06	-8.378780e-09	-1.824526e+01	-4.953365e+02
6.900000e-07	-2.395947e-06	-8.212202e-09	-1.752924e+01	-4.849685e+02
7.000000e-07	-2.297216e-06	-7.958168e-09	-1.680690e+01	-4.742501e+02
7.100000e-07	-2.197681e-06	-7.748669e-09	-1.607868e+01	-4.631717e+02
7.200000e-07	-2.097528e-06	-7.620184e-09	-1.534595e+01	-4.517277e+02
7.300000e-07	-1.996859e-06	-7.452447e-09	-1.460943e+01	-4.399143e+02
7.400000e-07	-1.895678e-06	-7.198348e-09	-1.386917e+01	-4.277254e+02
7.500000e-07	-1.793917e-06	-6.956876e-09	-1.312466e+01	-4.151503e+02
7.600000e-07	-1.691595e-06	-6.777259e-09	-1.237605e+01	-4.021710e+02
7.700000e-07	-1.588829e-06	-6.577029e-09	-1.162420e+01	-3.887632e+02
7.800000e-07	-1.485681e-06	-6.305687e-09	-1.086954e+01	-3.748970e+02
7.900000e-07	-1.382173e-06	-6.032581e-09	-1.011226e+01	-3.605405e+02
8.000000e-07	-1.278279e-06	-5.812807e-09	-9.352150e+00	-3.456625e+02
8.100000e-07	-1.174048e-06	-5.586743e-09	-8.589574e+00	-3.302339e+02
8.200000e-07	-1.069534e-06	-5.294265e-09	-7.824932e+00	-3.142286e+02
8.300000e-07	-9.647559e-07	-4.980325e-09	-7.058352e+00	-2.976210e+02
8.400000e-07	-8.597081e-07	-4.702455e-09	-6.289801e+00	-2.803837e+02
8.500000e-07	-7.544232e-07	-4.430884e-09	-5.519515e+00	-2.624841e+02
8.600000e-07	-6.489256e-07	-4.108617e-09	-4.747673e+00	-2.438824e+02
8.700000e-07	-5.432560e-07	-3.756666e-09	-3.974572e+00	-2.245315e+02
8.800000e-07	-4.374893e-07	-3.424113e-09	-3.200762e+00	-2.043799e+02
8.900000e-07	-3.316106e-07	-3.094060e-09	-2.426131e+00	-1.833766e+02
9.000000e-07	-2.256456e-07	-2.718545e-09	-1.650869e+00	-1.614788e+02
9.100000e-07	-1.196784e-07	-2.307677e-09	-8.755917e-01	-1.386589e+02
9.200000e-07	-1.368331e-08	-1.904547e-09	-1.001099e-01	-1.149129e+02
9.300000e-07	9.236352e-08	-1.507518e-09	6.757505e-01	-9.026573e+01
9.400000e-07	1.983928e-07	-1.081829e-09	1.451483e+00	-6.477501e+01
9.500000e-07	3.043226e-07	-6.261628e-10	2.226487e+00	-3.853197e+01
9.600000e-07	4.101478e-07	-1.700202e-10	3.000726e+00	-1.165971e+01
9.700000e-07	5.158901e-07	2.805263e-10	3.774358e+00	1.569100e+01
9.800000e-07	6.214851e-07	7.449162e-10	4.546913e+00	4.334796e+01
9.900000e-07	7.268753e-07	1.224770e-09	5.317969e+00	7.112546e+01
1.000000e-06	8.320724e-07	1.697471e-09	6.087612e+00	9.883329e+01
1.010000e-06	9.370455e-07	2.151246e-09	6.855617e+00	1.262863e+02
1.020000e-06	1.041767e-06	2.598024e-09	7.621784e+00	1.533135e+02
1.030000e-06	1.146233e-06	3.046669e-09	8.386073e+00	1.797663e+02
1.040000e-06	1.250404e-06	3.485679e-09	9.148211e+00	2.055242e+02
1.050000e-06	1.354270e-06	3.905009e-09	9.908118e+00	2.304978e+02
1.060000e-06	1.457772e-06	4.307540e-09	1.066536e+01	2.546279e+02
1.070000e-06	1.560902e-06	4.699714e-09	1.141988e+01	2.778825e+02
1.080000e-06	1.663600e-06	5.077384e-09	1.217124e+01	3.002500e+02
1.090000e-06	1.765889e-06	5.437272e-09	1.291960e+01	3.217322e+02
1.100000e-06	1.867753e-06	5.778737e-09	1.366486e+01	3.423377e+02
1.110000e-06	1.969067e-06	6.104897e-09	1.440610e+01	3.620769e+02
1.120000e-06	2.069830e-06	6.422750e-09	1.514330e+01	3.809599e+02
1.130000e-06	2.170009e-06	6.730729e-09	1.587623e+01	3.989968e+02
1.140000e-06	2.269621e-06	7.021233e-09	1.660502e+01	4.162007e+02
1.150000e-06	2.368595e-06	7.293002e-09	1.732913e+01	4.325910e+02
1.160000e-06	2.466721e-06	7.553179e-09	1.804704e+01	4.481961e+02
1.170000e-06	2.563868e-06	7.807006e-09	1.875778e+01	4.630540e+02
1.180000e-06	2.660126e-06	8.046387e-09	1.946203e+01	4.772108e+02
1.190000e-06	2.755650e-06	8.267270e-09	2.016090e+01	4.907163e+02
1.200000e-06	2.850392e-06	8.480930e-09	2.085405e+01	5.036192e+02
1.210000e-06	2.944273e-06	8.693457e-09	2.154090e+01	5.159621e+02
1.220000e-06	3.037355e-06	8.897559e-09	2.222191e+01	5.277781e+02
1.230000e-06	3.129684e-06	9.083432e-09	2.289741e+01	5.390904e+02
1.240000e-06	3.221229e-06	9.258583e-09	2.356717e+01	5.499149e+02
1.250000e-06	3.311746e-06	9.435105e-09	2.422941e+01	5.602638e+02
1.260000e-06	3.401042e-06	9.607417e-09	2.488272e+01	5.701509e+02
1.270000e-06	3.489311e-06	9.762628e-09	2.552851e+01	5.795948e+02
1.280000e-06	3.576709e-06	9.905277e-09	2.616794e+01	5.886213e+02
1.290000e-06	3.663157e-06	1.005054e-08	2.680041e+01	5.972614e+02
1.300000e-06	3.748618e-06	1.019815e-08	2.742566e+01	6.055483e+02
1.310000e-06	3.833165e-06	1.033167e-08	2.804422e+01	6.135127e+02
1.320000e-06	3.916793e-06	1.045286e-08	2.865606e+01	6.211785e+02
1.330000e-06	3.999392e-06	1.057594e-08	2.926037e+01	6.285605e+02
1.340000e-06	4.080867e-06	1.070246e-08	2.985646e+01	6.356644e+02
1.350000e-06	4.161175e-06	1.081737e-08	3.044401e+01	6.424902e+02
1.360000e-06	4.240257e-06	1.091716e-08	3.102259e+01	6.490364e+02
1.370000e-06	4.318164e-06	1.101957e-08	3.159257e+01	6.553046e+02
1.380000e-06	4.394893e-06	1.112855e-08	3.215394e+01	6.613035e+02
1.390000e-06	4.470381e-06	1.122883e-08	3.270623e+01	6.670490e+02
1.400000e-06	4.544425e-06	1.131511e-08	3.324795e+01	6.725633e+02
1.410000e-06	4.616942e-06	1.140195e-08	3.377850e+01	6.778705e+02
1.420000e-06	4.688170e-06	1.149497e-08	3.429961e+01	6.829919e+02
1.430000e-06	4.758132e-06	1.157952e-08	3.481147e+01	6.879426e+02
1.440000e-06	4.826816e-06	1.165070e-08	3.531397e+01	6.927290e+02
1.450000e-06	4.894256e-06	1.172328e-08	3.580738e+01	6.973504e+02
1.460000e-06	4.960209e-06	1.180422e-08	3.628991e+01	7.018016e+02
1.470000e-06	5.024599e-06	1.188237e-08	3.676100e+01	7.060779e+02
1.480000e-06	5.087623e-06	1.194675e-08	3.722210e+01	7.101785e+02
1.490000e-06	5.149263e-06	1.200745e-08	3.767307e+01	7.141096e+02
1.500000e-06	5.209573e-06	1.207428e-08	3.811430e+01	7.178835e+02
1.510000e-06	5.268520e-06	1.213819e-08	3.854557e+01	7.215164e+02
1.520000e-06	5.325752e-06	1.219214e-08	3.896430e+01	7.250236e+02
1.530000e-06	5.381301e-06	1.224648e-08	3.937070e+01	7.284156e+02
1.540000e-06	5.435393e-06	1.230897e-08	3.976645e+01	7.316948e+02
1.550000e-06	5.487811e-06	1.236897e-08	4.014995e+01	7.348552e+02
1.560000e-06	5.538217e-06	1.241828e-08	4.051873e+01	7.378852e+02
1.570000e-06	5.586644e-06	1.246248e-08	4.087303e+01	7.407713e+02
1.580000e-06	5.633437e-06	1.250989e-08	4.121538e+01	7.435039e+02
1.590000e-06	5.678749e-06	1.255673e-08	4.154690e+01	7.460805e+02
1.600000e-06	5.722569e-06	1.259452e-08	4.186749e+01	7.485082e+02
1.610000e-06	5.764628e-06	1.262919e-08	4.217520e+01	7.508015e+02
1.620000e-06	5.804914e-06	1.267072e-08	4.246994e+01	7.529793e+02
1.630000e-06	5.843704e-06	1.271401e-08	4.275374e+01	7.550590e+02
1.640000e-06	5.881006e-06	1.274842e-08	4.302665e+01	7.570525e+02
1.650000e-06	5.916769e-06	1.277781e-08	4.328830e+01	7.589629e+02
1.660000e-06	5.950723e-06	1.280966e-08	4.353671e+01	7.607849e+02
1.670000e-06	5.982895e-06	1.284231e-08	4.377209e+01	7.625075e+02
1.680000e-06	6.013551e-06	1.286714e-08	4.399637e+01	7.641186e+02
1.690000e-06	6.042719e-06	1.288549e-08	4.420977e+01	7.656100e+02
1.700000e-06	6.070326e-06	1.290663e-08	4.441175e+01	7.669804e+02
1.710000e-06	6.096078e-06	1.293173e-08	4.460016e+01	7.682366e+02
1.720000e-06	6.119986e-06	1.295470e-08	4.477508e+01	7.693916e+02
1.730000e-06	6.142271e-06	1.297120e-08	4.493812e+01	7.704602e+02
1.740000e-06	6.163027e-06	1.298633e-08	4.508997e+01	7.714542e+02
1.750000e-06	6.182267e-06	1.300573e-08	4.523073e+01	7.723792e+02
1.760000e-06	6.199684e-06	1.302193e-08	4.535816e+01	7.732321e+02
1.770000e-06	6.215240e-06	1.302977e-08	4.547197e+01	7.740029e+02
1.780000e-06	6.229024e-06	1.303504e-08	4.557282e+01	7.746783e+02
1.790000e-06	6.240862e-06	1.304392e-08	4.565943e+01	7.752462e+02
1.800000e-06	6.250587e-06	1.305357e-08	4.573058e+01	7.756999e+02
1.810000e-06	6.258459e-06	1.305849e-08	4.578817e+01	7.760405e+02
1.820000e-06	6.264697e-06	1.306300e-08	4.583381e+01	7.762766e+02
1.830000e-06	6.269284e-06	1.307059e-08	4.586737e+01	7.764207e+02
1.840000e-06	6.272009e-06	1.307403e-08	4.588731e+01	7.764857e+02
1.850000e-06	6.272733e-06	1.306884e-08	4.589260e+01	7.764796e+02
1.860000e-06	6.271740e-06	1.306352e-08	4.588534e+01	7.764038e+02
1.870000e-06	6.269185e-06	1.306178e-08	4.586664e+01	7.762522e+02
1.880000e-06	6.265128e-06	1.305875e-08	4.583697e+01	7.760140e+02
1.890000e-06	6.259278e-06	1.305280e-08	4.579416e+01	7.756777e+02
1.900000e-06	6.251567e-06	1.304800e-08	4.573775e+01	7.752352e+02
1.910000e-06	6.242341e-06	1.304179e-08	4.567025e+01	7.746840e+02
1.920000e-06	6.231591e-06	1.301916e-08	4.559160e+01	7.740275e+02
1.930000e-06	6.219071e-06	1.299988e-08	4.550000e+01	7.732718e+02
1.940000e-06	6.204553e-06	1.304647e-08	4.539378e+01	7.724209e+02
1.950000e-06	6.187788e-06	1.303217e-08	4.527113e+01	7.714726e+02
1.960000e-06	6.168504e-06	1.300689e-08	4.513004e+01	7.704158e+02
1.970000e-06	6.146768e-06	1.299011e-08	4.497102e+01	7.692307e+02
1.980000e-06	6.123449e-06	1.289636e-08	4.480041e+01	7.678941e+02
1.990000e-06	6.099525e-06	1.294347e-08	4.462537e+01	7.663863e+02
2.000000e-06	6.074608e-06	1.282770e-08	4.444308e+01	7.646989e+02
2.010000e-06	6.047905e-06	1.267306e-08	4.424772e+01	7.628415e+02
2.020000e-06	6.019889e-06	1.286668e-08	4.404275e+01	7.608430e+02
2.030000e-06	5.990441e-06	1.277706e-08	4.382730e+01	7.587489e+02
2.040000e-06	5.958686e-06	1.260616e-08	4.359497e+01	7.566121e+02
2.050000e-06	5.925171e-06	1.282987e-08	4.334977e+01	7.544817e+02
2.060000e-06	5.890355e-06	1.277536e-08	4.309505e+01	7.523910e+02
2.070000e-06	5.854002e-06	1.253907e-08	4.282908e+01	7.503488e+02
2.080000e-06	5.816035e-06	1.246605e-08	4.255130e+01	7.483363e+02
2.090000e-06	5.776071e-06	1.244907e-08	4.225892e+01	7.463106e+02
2.100000e-06	5.734365e-06	1.263743e-08	4.195379e+01	7.442141e+02
2.110000e-06	5.691397e-06	1.254843e-08	4.163943e+01	7.419877e+02
2.120000e-06	5.646772e-06	1.234003e-08	4.131294e+01	7.395834e+02
2.130000e-06	5.600486e-06	1.250219e-08	4.097431e+01	7.369742e+02
2.140000e-06	5.552634e-06	1.248374e-08	4.062421e+01	7.341580e+02
2.150000e-06	5.503051e-06	1.226168e-08	4.026145e+01	7.311549e+02
2.160000e-06	5.451798e-06	1.205359e-08	3.988647e+01	7.279988e+02
2.170000e-06	5.398580e-06	1.211637e-08	3.949712e+01	7.247262e+02
2.180000e-06	5.343472e-06	1.235418e-08	3.909394e+01	7.213655e+02
2.190000e-06	5.286783e-06	1.216456e-08	3.867919e+01	7.179289e+02
2.200000e-06	5.228569e-06	1.193492e-08	3.825328e+01	7.144105e+02
2.210000e-06	5.168956e-06	1.193329e-08	3.781714e+01	7.107889e+02
2.220000e-06	5.107778e-06	1.200752e-08	3.736955e+01	7.070347e+02
2.230000e-06	5.044985e-06	1.189251e-08	3.691014e+01	7.031195e+02
2.240000e-06	4.980646e-06	1.156633e-08	3.643943e+01	6.990238e+02
2.250000e-06	4.914851e-06	1.163958e-08	3.595806e+01	6.947417e+02
2.260000e-06	4.847817e-06	1.181221e-08	3.546763e+01	6.902808e+02
2.270000e-06	4.779479e-06	1.166449e-08	3.496765e+01	6.856586e+02
2.280000e-06	4.709631e-06	1.135749e-08	3.445663e+01	6.808952e+02
2.290000e-06	4.638201e-06	1.124394e-08	3.393403e+01	6.760072e+02
2.300000e-06	4.565381e-06	1.140897e-08	3.340127e+01	6.710019e+02
2.310000e-06	4.491355e-06	1.130400e-08	3.285967e+01	6.658753e+02
2.320000e-06	4.416064e-06	1.102788e-08	3.230883e+01	6.606143e+02
2.330000e-06	4.339325e-06	1.094717e-08	3.174739e+01	6.552003e+02
2.340000e-06	4.261033e-06	1.105144e-08	3.117459e+01	6.496148e+02
2.350000e-06	4.181467e-06	1.099055e-08	3.059247e+01	6.438443e+02
2.360000e-06	4.100821e-06	1.064723e-08	3.000245e+01	6.378826e+02
2.370000e-06	4.019120e-06	1.050689e-08	2.940471e+01	6.317302e+02
2.380000e-06	3.936480e-06	1.058520e-08	2.880010e+01	6.253923e+02
2.390000e-06	3.852888e-06	1.055302e-08	2.818852e+01	6.188740e+02
2.400000e-06	3.768344e-06	1.028112e-08	2.756998e+01	6.121772e+02
2.410000e-06	3.682633e-06	1.008042e-08	2.694290e+01	6.052980e+02
2.420000e-06	3.595704e-06	1.012235e-08	2.630691e+01	5.982268e+02
2.430000e-06	3.507777e-06	1.006624e-08	2.566362e+01	5.909498e+02
2.440000e-06	3.418947e-06	9.800417e-09	2.501372e+01	5.834526e+02
2.450000e-06	3.329253e-06	9.571244e-09	2.435750e+01	5.757226e+02
2.460000e-06	3.238693e-06	9.574233e-09	2.369494e+01	5.677514e+02
2.470000e-06	3.147324e-06	9.544899e-09	2.302647e+01	5.595343e+02
2.480000e-06	3.055161e-06	9.286964e-09	2.235219e+01	5.510689e+02
2.490000e-06	2.962082e-06	9.032434e-09	2.167120e+01	5.423525e+02
2.500000e-06	2.867829e-06	8.966620e-09	2.098163e+01	5.333787e+02
2.510000e-06	2.772527e-06	8.921399e-09	2.028437e+01	5.241363e+02
2.520000e-06	2.676504e-06	8.684127e-09	1.958186e+01	5.146089e+02
2.530000e-06	2.579805e-06	8.418993e-09	1.887438e+01	5.047770e+02
2.540000e-06	2.482325e-06	8.312996e-09	1.816120e+01	4.946206e+02
2.550000e-06	2.384105e-06	8.238817e-09	1.744260e+01	4.841224e+02
2.560000e-06	2.285282e-06	8.002338e-09	1.671959e+01	4.732695e+02
2.570000e-06	2.185883e-06	7.708776e-09	1.599237e+01	4.620542e+02
2.580000e-06	2.085915e-06	7.550375e-09	1.526098e+01	4.504719e+02
2.590000e-06	1.985299e-06	7.445779e-09	1.452485e+01	4.385183e+02
2.600000e-06	1.884020e-06	7.220114e-09	1.378388e+01	4.261859e+02
2.610000e-06	1.782074e-06	6.920869e-09	1.303802e+01	4.134614e+02
2.620000e-06	1.679470e-06	6.713160e-09	1.228735e+01	4.003243e+02
2.630000e-06	1.576309e-06	6.560914e-09	1.153260e+01	3.867479e+02
2.640000e-06	1.472718e-06	6.316627e-09	1.077471e+01	3.727013e+02
2.650000e-06	1.368805e-06	5.998125e-09	1.001446e+01	3.581525e+02
2.660000e-06	1.264538e-06	5.744591e-09	9.251619e+00	3.430710e+02
2.670000e-06	1.159914e-06	5.552444e-09	8.486170e+00	3.274288e+02
2.680000e-06	1.055018e-06	5.290748e-09	7.718726e+00	3.112003e+02
2.690000e-06	9.498706e-07	4.948791e-09	6.949448e+00	2.943597e+02
2.700000e-06	8.445453e-07	4.640412e-09	6.178867e+00	2.768780e+02
2.710000e-06	7.390605e-07	4.383483e-09	5.407118e+00	2.587199e+02
2.720000e-06	6.334100e-07	4.077300e-09	4.634158e+00	2.398428e+02
2.730000e-06	5.276642e-07	3.700549e-09	3.860499e+00	2.201974e+02
2.740000e-06	4.218272e-07	3.342582e-09	3.086174e+00	1.997319e+02
2.750000e-06	3.159326e-07	3.028105e-09	2.311428e+00	1.783972e+02
2.760000e-06	2.100224e-07	2.677087e-09	1.536567e+00	1.561554e+02
2.770000e-06	1.040931e-07	2.257546e-09	7.615666e-01	1.329870e+02
2.780000e-06	-1.833051e-09	1.832700e-09	-1.341097e-02	1.088981e+02
2.790000e-06	-1.077934e-07	1.435913e-09	-7.886386e-01	8.392574e+01
2.800000e-06	-2.137344e-07	1.017933e-09	-1.563725e+00	5.814013e+01
2.810000e-06	-3.195962e-07	5.498433e-10	-2.338232e+00	3.164480e+01
2.820000e-06	-4.253930e-07	7.889420e-11	-3.112262e+00	4.573848e+00
2.830000e-06	-5.310425e-07	-3.634228e-10	-3.885216e+00	-2.291309e+01
2.840000e-06	-6.365349e-07	-8.098406e-10	-4.657020e+00	-5.063777e+01
2.850000e-06	-7.418982e-07	-1.288009e-09	-5.427880e+00	-7.841167e+01
2.860000e-06	-8.471124e-07	-1.769290e-09	-6.197648e+00	-1.060454e+02
2.870000e-06	-9.521656e-07	-2.222838e-09	-6.966239e+00	-1.333580e+02
2.880000e-06	-1.057012e-06	-2.665666e-09	-7.733320e+00	-1.601861e+02
2.890000e-06	-1.161618e-06	-3.116922e-09	-8.498634e+00	-1.863911e+02
2.900000e-06	-1.265944e-06	-3.557119e-09	-9.261907e+00	-2.118640e+02
2.910000e-06	-1.369894e-06	-3.964431e-09	-1.002242e+01	-2.365269e+02
2.920000e-06	-1.473465e-06	-4.353749e-09	-1.078017e+01	-2.603316e+02
2.930000e-06	-1.576606e-06	-4.742529e-09	-1.153477e+01	-2.832543e+02
2.940000e-06	-1.679275e-06	-5.121599e-09	-1.228592e+01	-3.052893e+02
2.950000e-06	-1.781434e-06	-5.478839e-09	-1.303334e+01	-3.264419e+02
2.960000e-06	-1.882924e-06	-5.819959e-09	-1.377586e+01	-3.467216e+02
2.970000e-06	-1.983662e-06	-6.151209e-09	-1.451288e+01	-3.661389e+02
2.980000e-06	-2.083732e-06	-6.467453e-09	-1.524501e+01	-3.847037e+02
2.990000e-06	-2.183237e-06	-6.765698e-09	-1.597301e+01	-4.024267e+02
3.000000e-06	-2.282170e-06	-7.048319e-09	-1.669682e+01	-4.193231e+02
3.010000e-06	-2.380512e-06	-7.318382e-09	-1.741631e+01	-4.354154e+02
3.020000e-06	-2.478193e-06	-7.574609e-09	-1.813097e+01	-4.507356e+02
3.030000e-06	-2.575160e-06	-7.819424e-09	-1.884040e+01	-4.653252e+02
3.040000e-06	-2.671457e-06	-8.057055e-09	-1.954493e+01	-4.792321e+02
3.050000e-06	-2.767101e-06	-8.284702e-09	-2.024468e+01	-4.925065e+02
3.060000e-06	-2.862009e-06	-8.496890e-09	-2.093904e+01	-5.051952e+02
3.070000e-06	-2.956006e-06	-8.699248e-09	-2.162675e+01	-5.173375e+02
3.080000e-06	-3.048894e-06	-8.899362e-09	-2.230634e+01	-5.289626e+02
3.090000e-06	-3.140710e-06	-9.089909e-09	-2.297808e+01	-5.400908e+02
3.100000e-06	-3.231623e-06	-9.264215e-09	-2.364321e+01	-5.507358e+02
3.110000e-06	-3.321624e-06	-9.431043e-09	-2.430168e+01	-5.609100e+02
3.120000e-06	-3.410647e-06	-9.600085e-09	-2.495299e+01	-5.706286e+02
3.130000e-06	-3.498745e-06	-9.764356e-09	-2.559753e+01	-5.799130e+02
3.140000e-06	-3.586009e-06	-9.914241e-09	-2.623598e+01	-5.887910e+02
3.150000e-06	-3.672307e-06	-1.005507e-08	-2.686735e+01	-5.972951e+02
3.160000e-06	-3.757371e-06	-1.019721e-08	-2.748970e+01	-6.054581e+02
3.170000e-06	-3.841276e-06	-1.033374e-08	-2.810356e+01	-6.133085e+02
3.180000e-06	-3.924211e-06	-1.045617e-08	-2.871033e+01	-6.208669e+02
3.190000e-06	-4.006169e-06	-1.057212e-08	-2.930996e+01	-6.281446e+02
3.200000e-06	-4.087121e-06	-1.069422e-08	-2.990222e+01	-6.351448e+02
3.210000e-06	-4.167052e-06	-1.081761e-08	-3.048701e+01	-6.418662e+02
3.220000e-06	-4.245802e-06	-1.092672e-08	-3.106316e+01	-6.483079e+02
3.230000e-06	-4.323111e-06	-1.102457e-08	-3.162877e+01	-6.544740e+02
3.240000e-06	-4.398953e-06	-1.112627e-08	-3.218364e+01	-6.603758e+02
3.250000e-06	-4.473494e-06	-1.122869e-08	-3.272900e+01	-6.660322e+02
3.260000e-06	-4.546791e-06	-1.131731e-08	-3.326526e+01	-6.714663e+02
3.270000e-06	-4.618900e-06	-1.139726e-08	-3.379282e+01	-6.767019e+02
3.280000e-06	-4.689762e-06	-1.148263e-08	-3.431126e+01	-6.817583e+02
3.290000e-06	-4.759086e-06	-1.157387e-08	-3.481845e+01	-6.866474e+02
3.300000e-06	-4.826954e-06	-1.165761e-08	-3.531499e+01	-6.913726e+02
3.310000e-06	-4.893593e-06	-1.172878e-08	-3.580253e+01	-6.959312e+02
3.320000e-06	-4.958928e-06	-1.180399e-08	-3.628054e+01	-7.003175e+02
3.330000e-06	-5.022946e-06	-1.188395e-08	-3.674890e+01	-7.045279e+02
3.340000e-06	-5.085561e-06	-1.195092e-08	-3.720701e+01	-7.085642e+02
3.350000e-06	-5.146476e-06	-1.200477e-08	-3.765268e+01	-7.124349e+02
3.360000e-06	-5.205798e-06	-1.206377e-08	-3.808668e+01	-7.161543e+02
3.370000e-06	-5.263744e-06	-1.212997e-08	-3.851063e+01	-7.197387e+02
3.380000e-06	-5.320291e-06	-1.219146e-08	-3.892434e+01	-7.232022e+02
3.390000e-06	-5.375291e-06	-1.224313e-08	-3.932673e+01	-7.265524e+02
3.400000e-06	-5.428417e-06	-1.229684e-08	-3.971541e+01	-7.297884e+02
3.410000e-06	-5.479684e-06	-1.235597e-08	-4.009050e+01	-7.329018e+02
3.420000e-06	-5.529173e-06	-1.240666e-08	-4.045256e+01	-7.358796e+02
3.430000e-06	-5.576666e-06	-1.244495e-08	-4.080004e+01	-7.387093e+02
3.440000e-06	-5.622425e-06	-1.248229e-08	-4.113481e+01	-7.413834e+02
3.450000e-06	-5.666844e-06	-1.252714e-08	-4.145979e+01	-7.439032e+02
3.460000e-06	-5.709916e-06	-1.257094e-08	-4.177492e+01	-7.462788e+02
3.470000e-06	-5.751546e-06	-1.260706e-08	-4.207949e+01	-7.485269e+02
3.480000e-06	-5.791765e-06	-1.264135e-08	-4.237374e+01	-7.506663e+02
3.490000e-06	-5.830475e-06	-1.268038e-08	-4.265695e+01	-7.527130e+02
3.500000e-06	-5.867335e-06	-1.271452e-08	-4.292663e+01	-7.546758e+02
3.510000e-06	-5.902480e-06	-1.273864e-08	-4.318375e+01	-7.565543e+02
3.520000e-06	-5.936112e-06	-1.276128e-08	-4.342981e+01	-7.583408e+02
3.530000e-06	-5.968148e-06	-1.278956e-08	-4.366420e+01	-7.600233e+02
3.540000e-06	-5.998353e-06	-1.282016e-08	-4.388518e+01	-7.615904e+02
3.550000e-06	-6.026691e-06	-1.284645e-08	-4.409251e+01	-7.630364e+02
3.560000e-06	-6.053462e-06	-1.286864e-08	-4.428837e+01	-7.643631e+02
3.570000e-06	-6.078660e-06	-1.289188e-08	-4.447273e+01	-7.655800e+02
3.580000e-06	-6.102216e-06	-1.291337e-08	-4.464507e+01	-7.667011e+02
3.590000e-06	-6.123951e-06	-1.292668e-08	-4.480409e+01	-7.677410e+02
3.600000e-06	-6.143898e-06	-1.293741e-08	-4.495002e+01	-7.687092e+02
3.610000e-06	-6.162257e-06	-1.295259e-08	-4.508433e+01	-7.696082e+02
3.620000e-06	-6.178999e-06	-1.296987e-08	-4.520683e+01	-7.704321e+02
3.630000e-06	-6.194000e-06	-1.298368e-08	-4.531657e+01	-7.711691e+02
3.640000e-06	-6.206938e-06	-1.299575e-08	-4.541124e+01	-7.718056e+02
3.650000e-06	-6.217886e-06	-1.300595e-08	-4.549133e+01	-7.723314e+02
3.660000e-06	-6.227116e-06	-1.301170e-08	-4.555886e+01	-7.727424e+02
3.670000e-06	-6.234686e-06	-1.301476e-08	-4.561424e+01	-7.730428e+02
3.680000e-06	-6.240327e-06	-1.301737e-08	-4.565551e+01	-7.732431e+02
3.690000e-06	-6.244075e-06	-1.302005e-08	-4.568293e+01	-7.733566e+02
3.700000e-06	-6.246185e-06	-1.302507e-08	-4.569837e+01	-7.733946e+02
3.710000e-06	-6.246631e-06	-1.302953e-08	-4.570164e+01	-7.733629e+02
