# Temperatura_=_20.0
# Concentracion g/m^3_=_12000.0
# C_Vs_to_Am_M_A/Vsm_=_59384043850.047264
# pendiente_HvsI_1/m_=_3716.3
# ordenada_HvsI_A/m_=_1297.0
# frecuencia_Hz_=_269373.8900339692

Tiempo_(s)	Campo_(V.s)	Magnetizacion_(V.s)	Campo_(kA/m)	Magnetizacion_(A/m)
0.000000e+00	-6.218381e-06	-1.286626e-08	-4.569689e+01	-7.631480e+02
1.000000e-08	-6.216683e-06	-1.286064e-08	-4.568441e+01	-7.630419e+02
2.000000e-08	-6.213097e-06	-1.285782e-08	-4.565806e+01	-7.628816e+02
3.000000e-08	-6.207878e-06	-1.285282e-08	-4.561971e+01	-7.626501e+02
4.000000e-08	-6.201137e-06	-1.284408e-08	-4.557017e+01	-7.623204e+02
5.000000e-08	-6.192895e-06	-1.283447e-08	-4.550960e+01	-7.618642e+02
6.000000e-08	-6.182859e-06	-1.282767e-08	-4.543585e+01	-7.612602e+02
7.000000e-08	-6.170823e-06	-1.283105e-08	-4.534740e+01	-7.605026e+02
8.000000e-08	-6.156984e-06	-1.281866e-08	-4.524570e+01	-7.596045e+02
9.000000e-08	-6.140980e-06	-1.275012e-08	-4.512809e+01	-7.585960e+02
1.000000e-07	-6.122575e-06	-1.271285e-08	-4.499284e+01	-7.575174e+02
1.100000e-07	-6.102269e-06	-1.272043e-08	-4.484362e+01	-7.564087e+02
1.200000e-07	-6.080369e-06	-1.272754e-08	-4.468268e+01	-7.552984e+02
1.300000e-07	-6.057084e-06	-1.277706e-08	-4.451157e+01	-7.541958e+02
1.400000e-07	-6.032699e-06	-1.268853e-08	-4.433237e+01	-7.530874e+02
1.500000e-07	-6.006777e-06	-1.258911e-08	-4.414188e+01	-7.519405e+02
1.600000e-07	-5.979094e-06	-1.270701e-08	-4.393845e+01	-7.507113e+02
1.700000e-07	-5.950008e-06	-1.265242e-08	-4.372470e+01	-7.493564e+02
1.800000e-07	-5.919297e-06	-1.253362e-08	-4.349902e+01	-7.478436e+02
1.900000e-07	-5.887102e-06	-1.255519e-08	-4.326243e+01	-7.461597e+02
2.000000e-07	-5.853597e-06	-1.247374e-08	-4.301621e+01	-7.443121e+02
2.100000e-07	-5.818278e-06	-1.249712e-08	-4.275666e+01	-7.423249e+02
2.200000e-07	-5.781220e-06	-1.253139e-08	-4.248433e+01	-7.402303e+02
2.300000e-07	-5.742628e-06	-1.238721e-08	-4.220073e+01	-7.380580e+02
2.400000e-07	-5.702397e-06	-1.235117e-08	-4.190509e+01	-7.358261e+02
2.500000e-07	-5.660371e-06	-1.236035e-08	-4.159625e+01	-7.335356e+02
2.600000e-07	-5.616529e-06	-1.231859e-08	-4.127407e+01	-7.311707e+02
2.700000e-07	-5.571103e-06	-1.226179e-08	-4.094025e+01	-7.287036e+02
2.800000e-07	-5.524137e-06	-1.216515e-08	-4.059511e+01	-7.261032e+02
2.900000e-07	-5.475379e-06	-1.216777e-08	-4.023681e+01	-7.233438e+02
3.000000e-07	-5.424562e-06	-1.216644e-08	-3.986337e+01	-7.204123e+02
3.100000e-07	-5.371839e-06	-1.205464e-08	-3.947592e+01	-7.173104e+02
3.200000e-07	-5.317493e-06	-1.196449e-08	-3.907655e+01	-7.140526e+02
3.300000e-07	-5.261635e-06	-1.194883e-08	-3.866607e+01	-7.106604e+02
3.400000e-07	-5.204184e-06	-1.193648e-08	-3.824388e+01	-7.071544e+02
3.500000e-07	-5.145057e-06	-1.183197e-08	-3.780937e+01	-7.035480e+02
3.600000e-07	-5.084437e-06	-1.174771e-08	-3.736390e+01	-6.998425e+02
3.700000e-07	-5.022405e-06	-1.171105e-08	-3.690805e+01	-6.960279e+02
3.800000e-07	-4.958913e-06	-1.164525e-08	-3.644147e+01	-6.920865e+02
3.900000e-07	-4.893925e-06	-1.157004e-08	-3.596389e+01	-6.879986e+02
4.000000e-07	-4.827415e-06	-1.147331e-08	-3.547513e+01	-6.837492e+02
4.100000e-07	-4.759384e-06	-1.141699e-08	-3.497518e+01	-6.793322e+02
4.200000e-07	-4.690053e-06	-1.137608e-08	-3.446569e+01	-6.747516e+02
4.300000e-07	-4.619617e-06	-1.128574e-08	-3.394809e+01	-6.700187e+02
4.400000e-07	-4.547911e-06	-1.118124e-08	-3.342114e+01	-6.651476e+02
4.500000e-07	-4.474823e-06	-1.109222e-08	-3.288404e+01	-6.601492e+02
4.600000e-07	-4.400219e-06	-1.101840e-08	-3.233580e+01	-6.550265e+02
4.700000e-07	-4.324161e-06	-1.091944e-08	-3.177687e+01	-6.497729e+02
4.800000e-07	-4.246858e-06	-1.081961e-08	-3.120880e+01	-6.443737e+02
4.900000e-07	-4.168200e-06	-1.074145e-08	-3.063076e+01	-6.388094e+02
5.000000e-07	-4.088134e-06	-1.066306e-08	-3.004239e+01	-6.330618e+02
5.100000e-07	-4.006765e-06	-1.056663e-08	-2.944443e+01	-6.271183e+02
5.200000e-07	-3.924370e-06	-1.044539e-08	-2.883894e+01	-6.209746e+02
5.300000e-07	-3.841092e-06	-1.033391e-08	-2.822695e+01	-6.146343e+02
5.400000e-07	-3.756917e-06	-1.023237e-08	-2.760838e+01	-6.081058e+02
5.500000e-07	-3.671968e-06	-1.011340e-08	-2.698411e+01	-6.013977e+02
5.600000e-07	-3.586161e-06	-9.986409e-09	-2.635355e+01	-5.945136e+02
5.700000e-07	-3.499418e-06	-9.876321e-09	-2.571610e+01	-5.874494e+02
5.800000e-07	-3.411754e-06	-9.776030e-09	-2.507189e+01	-5.801920e+02
5.900000e-07	-3.323173e-06	-9.650095e-09	-2.442093e+01	-5.727219e+02
6.000000e-07	-3.233684e-06	-9.505799e-09	-2.376330e+01	-5.650172e+02
6.100000e-07	-3.143135e-06	-9.371308e-09	-2.309789e+01	-5.570583e+02
6.200000e-07	-3.051466e-06	-9.240044e-09	-2.242425e+01	-5.488315e+02
6.300000e-07	-2.958875e-06	-9.092008e-09	-2.174383e+01	-5.403309e+02
6.400000e-07	-2.865546e-06	-8.932118e-09	-2.105798e+01	-5.315569e+02
6.500000e-07	-2.771440e-06	-8.786100e-09	-2.036642e+01	-5.225130e+02
6.600000e-07	-2.676511e-06	-8.643583e-09	-1.966882e+01	-5.132015e+02
6.700000e-07	-2.580783e-06	-8.481095e-09	-1.896535e+01	-5.036197e+02
6.800000e-07	-2.484269e-06	-8.303655e-09	-1.825610e+01	-4.937572e+02
6.900000e-07	-2.386980e-06	-8.133538e-09	-1.754115e+01	-4.835963e+02
7.000000e-07	-2.288875e-06	-7.966611e-09	-1.682021e+01	-4.731140e+02
7.100000e-07	-2.189909e-06	-7.779880e-09	-1.609294e+01	-4.622858e+02
7.200000e-07	-2.090088e-06	-7.577943e-09	-1.535939e+01	-4.510892e+02
7.300000e-07	-1.989617e-06	-7.378139e-09	-1.462106e+01	-4.395063e+02
7.400000e-07	-1.888712e-06	-7.184254e-09	-1.387954e+01	-4.275238e+02
7.500000e-07	-1.787357e-06	-6.977781e-09	-1.313472e+01	-4.151323e+02
7.600000e-07	-1.685514e-06	-6.756402e-09	-1.238631e+01	-4.023226e+02
7.700000e-07	-1.583194e-06	-6.535030e-09	-1.163439e+01	-3.890826e+02
7.800000e-07	-1.480432e-06	-6.313521e-09	-1.087922e+01	-3.753950e+02
7.900000e-07	-1.377281e-06	-6.076353e-09	-1.012120e+01	-3.612357e+02
8.000000e-07	-1.273712e-06	-5.819262e-09	-9.360103e+00	-3.465752e+02
8.100000e-07	-1.169748e-06	-5.558012e-09	-8.596100e+00	-3.313804e+02
8.200000e-07	-1.065475e-06	-5.299138e-09	-7.829832e+00	-3.156173e+02
8.300000e-07	-9.609837e-07	-5.028655e-09	-7.061961e+00	-2.992530e+02
8.400000e-07	-8.562655e-07	-4.738108e-09	-6.292421e+00	-2.822557e+02
8.500000e-07	-7.513394e-07	-4.439612e-09	-5.521353e+00	-2.645943e+02
8.600000e-07	-6.463171e-07	-4.138340e-09	-4.749577e+00	-2.462358e+02
8.700000e-07	-5.412125e-07	-3.820819e-09	-3.977197e+00	-2.271431e+02
8.800000e-07	-4.360152e-07	-3.478572e-09	-3.204136e+00	-2.072748e+02
8.900000e-07	-3.307559e-07	-3.122504e-09	-2.430619e+00	-1.865865e+02
9.000000e-07	-2.254833e-07	-2.763332e-09	-1.657005e+00	-1.650357e+02
9.100000e-07	-1.202017e-07	-2.391631e-09	-8.833235e-01	-1.425896e+02
9.200000e-07	-1.482886e-08	-1.995247e-09	-1.089726e-01	-1.192335e+02
9.300000e-07	9.054488e-08	-1.580552e-09	6.653853e-01	-9.498008e+01
9.400000e-07	1.958326e-07	-1.160882e-09	1.439111e+00	-6.987619e+01
9.500000e-07	3.010829e-07	-7.313541e-10	2.212562e+00	-4.400620e+01
9.600000e-07	4.062911e-07	-2.818665e-10	2.985703e+00	-1.749122e+01
9.700000e-07	5.114324e-07	1.798088e-10	3.758353e+00	9.516084e+00
9.800000e-07	6.164705e-07	6.379851e-10	4.530244e+00	3.684008e+01
9.900000e-07	7.214138e-07	1.092531e-09	5.301439e+00	6.429293e+01
1.000000e-06	8.262340e-07	1.554661e-09	6.071729e+00	9.168579e+01
1.010000e-06	9.308923e-07	2.017219e-09	6.840829e+00	1.188391e+02
1.020000e-06	1.035364e-06	2.466385e-09	7.608559e+00	1.455910e+02
1.030000e-06	1.139571e-06	2.901875e-09	8.374339e+00	1.718026e+02
1.040000e-06	1.243449e-06	3.331276e-09	9.137712e+00	1.973615e+02
1.050000e-06	1.346972e-06	3.752914e-09	9.898468e+00	2.221816e+02
1.060000e-06	1.450087e-06	4.156288e-09	1.065622e+01	2.462020e+02
1.070000e-06	1.552826e-06	4.541768e-09	1.141122e+01	2.693837e+02
1.080000e-06	1.655178e-06	4.916373e-09	1.216337e+01	2.917057e+02
1.090000e-06	1.757072e-06	5.282954e-09	1.291216e+01	3.131606e+02
1.100000e-06	1.858476e-06	5.628626e-09	1.365734e+01	3.337503e+02
1.110000e-06	1.959399e-06	5.951830e-09	1.439899e+01	3.534825e+02
1.120000e-06	2.059864e-06	6.266983e-09	1.513728e+01	3.723680e+02
1.130000e-06	2.159777e-06	6.574479e-09	1.587151e+01	3.904198e+02
1.140000e-06	2.258997e-06	6.865246e-09	1.660065e+01	4.076530e+02
1.150000e-06	2.357325e-06	7.138323e-09	1.732323e+01	4.240863e+02
1.160000e-06	2.454708e-06	7.401457e-09	1.803886e+01	4.397435e+02
1.170000e-06	2.551349e-06	7.656625e-09	1.874904e+01	4.546546e+02
1.180000e-06	2.647292e-06	7.895488e-09	1.945410e+01	4.688570e+02
1.190000e-06	2.742404e-06	8.116446e-09	2.015305e+01	4.823935e+02
1.200000e-06	2.836746e-06	8.330036e-09	2.084633e+01	4.953099e+02
1.210000e-06	2.930380e-06	8.539573e-09	2.153442e+01	5.076517e+02
1.220000e-06	3.023248e-06	8.739903e-09	2.221688e+01	5.194595e+02
1.230000e-06	3.115361e-06	8.928672e-09	2.289379e+01	5.307666e+02
1.240000e-06	3.206537e-06	9.111189e-09	2.356381e+01	5.415974e+02
1.250000e-06	3.296543e-06	9.288644e-09	2.422524e+01	5.519682e+02
1.260000e-06	3.385508e-06	9.456145e-09	2.487902e+01	5.618898e+02
1.270000e-06	3.473555e-06	9.609324e-09	2.552604e+01	5.713718e+02
1.280000e-06	3.560639e-06	9.755765e-09	2.616600e+01	5.804262e+02
1.290000e-06	3.646751e-06	9.901909e-09	2.679881e+01	5.890705e+02
1.300000e-06	3.731878e-06	1.004303e-08	2.742438e+01	5.973283e+02
1.310000e-06	3.816100e-06	1.017441e-08	2.804330e+01	6.052280e+02
1.320000e-06	3.899411e-06	1.030076e-08	2.865552e+01	6.127996e+02
1.330000e-06	3.981618e-06	1.042611e-08	2.925963e+01	6.200708e+02
1.340000e-06	4.062659e-06	1.054642e-08	2.985518e+01	6.270634e+02
1.350000e-06	4.142581e-06	1.065584e-08	3.044250e+01	6.337917e+02
1.360000e-06	4.221351e-06	1.075975e-08	3.102136e+01	6.402628e+02
1.370000e-06	4.298964e-06	1.086576e-08	3.159171e+01	6.464791e+02
1.380000e-06	4.375403e-06	1.096973e-08	3.215344e+01	6.524417e+02
1.390000e-06	4.450521e-06	1.106481e-08	3.270546e+01	6.581546e+02
1.400000e-06	4.524132e-06	1.115380e-08	3.324640e+01	6.636268e+02
1.410000e-06	4.596332e-06	1.124470e-08	3.377697e+01	6.688734e+02
1.420000e-06	4.667302e-06	1.133313e-08	3.429851e+01	6.739137e+02
1.430000e-06	4.737033e-06	1.141141e-08	3.481094e+01	6.787678e+02
1.440000e-06	4.805510e-06	1.148342e-08	3.531415e+01	6.834536e+02
1.450000e-06	4.872583e-06	1.155849e-08	3.580705e+01	6.879833e+02
1.460000e-06	4.938134e-06	1.163477e-08	3.628877e+01	6.923624e+02
1.470000e-06	5.002259e-06	1.170638e-08	3.676000e+01	6.965908e+02
1.480000e-06	5.065014e-06	1.177190e-08	3.722116e+01	7.006651e+02
1.490000e-06	5.126431e-06	1.183821e-08	3.767250e+01	7.045824e+02
1.500000e-06	5.186593e-06	1.190535e-08	3.811461e+01	7.083427e+02
1.510000e-06	5.245228e-06	1.196537e-08	3.854550e+01	7.119513e+02
1.520000e-06	5.302128e-06	1.202052e-08	3.896364e+01	7.154171e+02
1.530000e-06	5.357495e-06	1.207791e-08	3.937052e+01	7.187509e+02
1.540000e-06	5.411303e-06	1.213650e-08	3.976593e+01	7.219621e+02
1.550000e-06	5.463299e-06	1.218930e-08	4.014804e+01	7.250551e+02
1.560000e-06	5.513341e-06	1.223656e-08	4.051578e+01	7.280285e+02
1.570000e-06	5.561582e-06	1.228487e-08	4.087029e+01	7.308753e+02
1.580000e-06	5.608203e-06	1.233418e-08	4.121289e+01	7.335858e+02
1.590000e-06	5.653321e-06	1.237813e-08	4.154445e+01	7.361519e+02
1.600000e-06	5.696951e-06	1.241755e-08	4.186507e+01	7.385706e+02
1.610000e-06	5.738835e-06	1.245748e-08	4.217286e+01	7.408466e+02
1.620000e-06	5.779016e-06	1.249767e-08	4.246814e+01	7.429921e+02
1.630000e-06	5.817704e-06	1.253258e-08	4.275244e+01	7.450245e+02
1.640000e-06	5.854854e-06	1.256329e-08	4.302545e+01	7.469616e+02
1.650000e-06	5.890427e-06	1.259615e-08	4.328686e+01	7.488171e+02
1.660000e-06	5.924181e-06	1.263018e-08	4.353491e+01	7.505964e+02
1.670000e-06	5.956203e-06	1.265981e-08	4.377023e+01	7.522962e+02
1.680000e-06	5.986776e-06	1.268383e-08	4.399490e+01	7.539055e+02
1.690000e-06	6.015850e-06	1.270783e-08	4.420855e+01	7.554106e+02
1.700000e-06	6.043292e-06	1.273371e-08	4.441022e+01	7.567995e+02
1.710000e-06	6.068853e-06	1.275623e-08	4.459805e+01	7.580673e+02
1.720000e-06	6.092611e-06	1.277438e-08	4.477264e+01	7.592180e+02
1.730000e-06	6.114807e-06	1.279237e-08	4.493576e+01	7.602640e+02
1.740000e-06	6.135509e-06	1.281159e-08	4.508789e+01	7.612222e+02
1.750000e-06	6.154626e-06	1.282845e-08	4.522837e+01	7.621087e+02
1.760000e-06	6.171982e-06	1.284002e-08	4.535592e+01	7.629331e+02
1.770000e-06	6.187506e-06	1.284959e-08	4.547000e+01	7.636956e+02
1.780000e-06	6.201209e-06	1.285974e-08	4.557069e+01	7.643862e+02
1.790000e-06	6.213025e-06	1.286936e-08	4.565753e+01	7.649884e+02
1.800000e-06	6.222797e-06	1.287697e-08	4.572934e+01	7.654846e+02
1.810000e-06	6.230699e-06	1.288294e-08	4.578741e+01	7.658627e+02
1.820000e-06	6.236916e-06	1.288921e-08	4.583310e+01	7.661204e+02
1.830000e-06	6.241456e-06	1.289422e-08	4.586646e+01	7.662668e+02
1.840000e-06	6.244195e-06	1.289303e-08	4.588659e+01	7.663201e+02
1.850000e-06	6.245013e-06	1.288687e-08	4.589260e+01	7.663009e+02
1.860000e-06	6.244112e-06	1.288489e-08	4.588598e+01	7.662258e+02
1.870000e-06	6.241650e-06	1.288671e-08	4.586789e+01	7.661003e+02
1.880000e-06	6.237621e-06	1.288535e-08	4.583828e+01	7.659157e+02
1.890000e-06	6.231751e-06	1.287942e-08	4.579514e+01	7.656504e+02
1.900000e-06	6.224064e-06	1.287289e-08	4.573865e+01	7.652761e+02
1.910000e-06	6.214905e-06	1.286469e-08	4.567134e+01	7.647660e+02
1.920000e-06	6.204231e-06	1.284019e-08	4.559291e+01	7.641038e+02
1.930000e-06	6.191747e-06	1.281622e-08	4.550117e+01	7.632906e+02
1.940000e-06	6.177199e-06	1.286726e-08	4.539425e+01	7.623465e+02
1.950000e-06	6.160421e-06	1.287582e-08	4.527096e+01	7.613065e+02
1.960000e-06	6.141216e-06	1.283446e-08	4.512983e+01	7.602120e+02
1.970000e-06	6.119655e-06	1.275482e-08	4.497138e+01	7.591000e+02
1.980000e-06	6.096570e-06	1.264759e-08	4.480174e+01	7.579924e+02
1.990000e-06	6.072838e-06	1.277305e-08	4.462734e+01	7.568901e+02
2.000000e-06	6.048079e-06	1.277322e-08	4.444540e+01	7.557716e+02
2.010000e-06	6.021570e-06	1.261402e-08	4.425059e+01	7.545989e+02
2.020000e-06	5.993737e-06	1.271434e-08	4.404606e+01	7.533269e+02
2.030000e-06	5.964383e-06	1.270569e-08	4.383034e+01	7.519153e+02
2.040000e-06	5.932669e-06	1.264062e-08	4.359728e+01	7.503385e+02
2.050000e-06	5.899269e-06	1.270599e-08	4.335184e+01	7.485910e+02
2.060000e-06	5.864691e-06	1.252134e-08	4.309774e+01	7.466873e+02
2.070000e-06	5.828587e-06	1.246586e-08	4.283242e+01	7.446556e+02
2.080000e-06	5.790782e-06	1.260903e-08	4.255460e+01	7.425286e+02
2.090000e-06	5.750957e-06	1.248695e-08	4.226194e+01	7.403324e+02
2.100000e-06	5.709449e-06	1.241959e-08	4.195691e+01	7.380790e+02
2.110000e-06	5.666702e-06	1.239048e-08	4.164278e+01	7.357630e+02
2.120000e-06	5.622225e-06	1.236904e-08	4.131593e+01	7.333631e+02
2.130000e-06	5.576122e-06	1.239563e-08	4.097714e+01	7.308492e+02
2.140000e-06	5.528552e-06	1.221297e-08	4.062756e+01	7.281913e+02
2.150000e-06	5.479205e-06	1.219058e-08	4.026492e+01	7.253679e+02
2.160000e-06	5.428106e-06	1.224404e-08	3.988941e+01	7.223712e+02
2.170000e-06	5.375071e-06	1.215332e-08	3.949967e+01	7.192083e+02
2.180000e-06	5.320240e-06	1.206741e-08	3.909674e+01	7.158971e+02
2.190000e-06	5.263800e-06	1.195673e-08	3.868198e+01	7.124598e+02
2.200000e-06	5.205795e-06	1.199439e-08	3.825572e+01	7.089149e+02
2.210000e-06	5.146435e-06	1.193058e-08	3.781950e+01	7.052714e+02
2.220000e-06	5.085561e-06	1.178486e-08	3.737216e+01	7.015264e+02
2.230000e-06	5.023067e-06	1.177390e-08	3.691291e+01	6.976663e+02
2.240000e-06	4.958991e-06	1.170755e-08	3.644203e+01	6.936718e+02
2.250000e-06	4.893460e-06	1.166545e-08	3.596047e+01	6.895244e+02
2.260000e-06	4.826751e-06	1.153497e-08	3.547025e+01	6.852120e+02
2.270000e-06	4.758725e-06	1.144526e-08	3.497035e+01	6.807325e+02
2.280000e-06	4.689055e-06	1.143481e-08	3.445836e+01	6.760928e+02
2.290000e-06	4.617820e-06	1.132730e-08	3.393488e+01	6.713062e+02
2.300000e-06	4.545341e-06	1.124308e-08	3.340225e+01	6.663861e+02
2.310000e-06	4.471701e-06	1.113267e-08	3.286110e+01	6.613409e+02
2.320000e-06	4.396716e-06	1.107934e-08	3.231006e+01	6.561701e+02
2.330000e-06	4.320364e-06	1.099356e-08	3.174897e+01	6.508637e+02
2.340000e-06	4.242662e-06	1.086519e-08	3.117796e+01	6.454046e+02
2.350000e-06	4.163641e-06	1.078570e-08	3.059727e+01	6.397732e+02
2.360000e-06	4.083415e-06	1.069018e-08	3.000771e+01	6.339529e+02
2.370000e-06	4.002144e-06	1.061557e-08	2.941047e+01	6.279341e+02
2.380000e-06	3.919949e-06	1.047490e-08	2.880645e+01	6.217155e+02
2.390000e-06	3.836750e-06	1.035311e-08	2.819504e+01	6.153032e+02
2.400000e-06	3.752532e-06	1.026613e-08	2.757615e+01	6.087062e+02
2.410000e-06	3.667261e-06	1.015504e-08	2.694953e+01	6.019318e+02
2.420000e-06	3.580862e-06	1.002846e-08	2.631461e+01	5.949809e+02
2.430000e-06	3.493354e-06	9.888530e-09	2.567154e+01	5.878458e+02
2.440000e-06	3.404888e-06	9.794073e-09	2.502143e+01	5.805109e+02
2.450000e-06	3.315608e-06	9.672123e-09	2.436534e+01	5.729551e+02
2.460000e-06	3.225500e-06	9.522076e-09	2.370317e+01	5.651568e+02
2.470000e-06	3.134487e-06	9.372553e-09	2.303434e+01	5.570983e+02
2.480000e-06	3.042538e-06	9.244593e-09	2.235864e+01	5.487688e+02
2.490000e-06	2.949778e-06	9.115433e-09	2.167697e+01	5.401651e+02
2.500000e-06	2.856121e-06	8.946558e-09	2.098871e+01	5.312891e+02
2.510000e-06	2.761401e-06	8.784698e-09	2.029265e+01	5.221445e+02
2.520000e-06	2.665705e-06	8.637737e-09	1.958941e+01	5.127320e+02
2.530000e-06	2.569292e-06	8.487986e-09	1.888090e+01	5.030463e+02
2.540000e-06	2.472323e-06	8.306908e-09	1.816831e+01	4.930740e+02
2.550000e-06	2.374686e-06	8.122805e-09	1.745081e+01	4.827951e+02
2.560000e-06	2.276325e-06	7.956440e-09	1.672798e+01	4.721856e+02
2.570000e-06	2.177267e-06	7.784151e-09	1.600004e+01	4.612215e+02
2.580000e-06	2.077589e-06	7.584388e-09	1.526754e+01	4.498815e+02
2.590000e-06	1.977421e-06	7.374432e-09	1.453143e+01	4.381497e+02
2.600000e-06	1.876734e-06	7.182084e-09	1.379151e+01	4.260146e+02
2.610000e-06	1.775409e-06	6.984404e-09	1.304691e+01	4.134671e+02
2.620000e-06	1.673421e-06	6.759072e-09	1.229743e+01	4.004974e+02
2.630000e-06	1.570846e-06	6.518963e-09	1.154365e+01	3.870917e+02
2.640000e-06	1.467751e-06	6.292598e-09	1.078603e+01	3.732300e+02
2.650000e-06	1.364200e-06	6.064248e-09	1.002507e+01	3.588861e+02
2.660000e-06	1.260307e-06	5.808761e-09	9.261590e+00	3.440289e+02
2.670000e-06	1.156139e-06	5.537767e-09	8.496091e+00	3.286247e+02
2.680000e-06	1.051728e-06	5.272208e-09	7.728814e+00	3.126396e+02
2.690000e-06	9.471012e-07	5.003348e-09	6.959943e+00	2.960413e+02
2.700000e-06	8.422597e-07	4.707690e-09	6.189497e+00	2.787984e+02
2.710000e-06	7.372471e-07	4.393973e-09	5.417793e+00	2.608793e+02
2.720000e-06	6.320735e-07	4.083338e-09	4.644906e+00	2.422497e+02
2.730000e-06	5.267763e-07	3.769999e-09	3.871110e+00	2.228710e+02
2.740000e-06	4.213765e-07	3.430101e-09	3.096561e+00	2.027001e+02
2.750000e-06	3.158937e-07	3.066243e-09	2.321401e+00	1.816927e+02
2.760000e-06	2.103839e-07	2.699129e-09	1.546044e+00	1.598089e+02
2.770000e-06	1.048743e-07	2.326415e-09	7.706878e-01	1.370217e+02
2.780000e-06	-6.363087e-10	1.927240e-09	-4.676029e-03	1.133256e+02
2.790000e-06	-1.061389e-07	1.502789e-09	-7.799809e-01	8.874546e+01
2.800000e-06	-2.116231e-07	1.074947e-09	-1.555151e+00	6.334205e+01
2.810000e-06	-3.170819e-07	6.468862e-10	-2.330133e+00	3.721384e+01
2.820000e-06	-4.224802e-07	1.991270e-10	-3.104671e+00	1.049459e+01
2.830000e-06	-5.277158e-07	-2.696014e-10	-3.878014e+00	-1.665326e+01
2.840000e-06	-6.327808e-07	-7.333019e-10	-4.650103e+00	-4.404819e+01
2.850000e-06	-7.377517e-07	-1.184534e-09	-5.421501e+00	-7.150069e+01
2.860000e-06	-8.425438e-07	-1.642132e-09	-6.191584e+00	-9.882428e+01
2.870000e-06	-9.471151e-07	-2.109781e-09	-6.960045e+00	-1.258452e+02
2.880000e-06	-1.051469e-06	-2.563998e-09	-7.726910e+00	-1.524096e+02
2.890000e-06	-1.155599e-06	-2.995485e-09	-8.492123e+00	-1.783885e+02
2.900000e-06	-1.259453e-06	-3.419034e-09	-9.255319e+00	-2.036793e+02
2.910000e-06	-1.362970e-06	-3.839350e-09	-1.001603e+01	-2.282058e+02
2.920000e-06	-1.466098e-06	-4.241188e-09	-1.077388e+01	-2.519155e+02
2.930000e-06	-1.568752e-06	-4.616897e-09	-1.152825e+01	-2.747767e+02
2.940000e-06	-1.670817e-06	-4.982305e-09	-1.227830e+01	-2.967742e+02
2.950000e-06	-1.772244e-06	-5.348148e-09	-1.302365e+01	-3.179044e+02
2.960000e-06	-1.873076e-06	-5.698294e-09	-1.376464e+01	-3.381717e+02
2.970000e-06	-1.973394e-06	-6.021774e-09	-1.450184e+01	-3.575852e+02
2.980000e-06	-2.073211e-06	-6.332131e-09	-1.523537e+01	-3.761568e+02
2.990000e-06	-2.172469e-06	-6.639746e-09	-1.596478e+01	-3.939000e+02
3.000000e-06	-2.271087e-06	-6.930019e-09	-1.668949e+01	-4.108312e+02
3.010000e-06	-2.369050e-06	-7.193606e-09	-1.740939e+01	-4.269706e+02
3.020000e-06	-2.466367e-06	-7.445455e-09	-1.812454e+01	-4.423444e+02
3.030000e-06	-2.562958e-06	-7.696992e-09	-1.883436e+01	-4.569854e+02
3.040000e-06	-2.658915e-06	-7.938932e-09	-1.953951e+01	-4.709331e+02
3.050000e-06	-2.754240e-06	-8.160636e-09	-2.024003e+01	-4.842319e+02
3.060000e-06	-2.848692e-06	-8.372397e-09	-2.093412e+01	-4.969280e+02
3.070000e-06	-2.942081e-06	-8.584238e-09	-2.162041e+01	-5.090654e+02
3.080000e-06	-3.034463e-06	-8.787803e-09	-2.229930e+01	-5.206823e+02
3.090000e-06	-3.125987e-06	-8.971661e-09	-2.297188e+01	-5.318087e+02
3.100000e-06	-3.216572e-06	-9.143016e-09	-2.363756e+01	-5.424658e+02
3.110000e-06	-3.306126e-06	-9.315272e-09	-2.429566e+01	-5.526673e+02
3.120000e-06	-3.394689e-06	-9.484796e-09	-2.494648e+01	-5.624232e+02
3.130000e-06	-3.482487e-06	-9.641830e-09	-2.559168e+01	-5.717435e+02
3.140000e-06	-3.569411e-06	-9.789658e-09	-2.623046e+01	-5.806421e+02
3.150000e-06	-3.655163e-06	-9.938045e-09	-2.686062e+01	-5.891387e+02
3.160000e-06	-3.739798e-06	-1.008289e-08	-2.748258e+01	-5.972590e+02
3.170000e-06	-3.823440e-06	-1.021142e-08	-2.809724e+01	-6.050325e+02
3.180000e-06	-3.906072e-06	-1.032937e-08	-2.870447e+01	-6.124887e+02
3.190000e-06	-3.987682e-06	-1.045033e-08	-2.930420e+01	-6.196536e+02
3.200000e-06	-4.068272e-06	-1.057092e-08	-2.989643e+01	-6.265461e+02
3.210000e-06	-4.147830e-06	-1.068067e-08	-3.048108e+01	-6.331778e+02
3.220000e-06	-4.226227e-06	-1.078226e-08	-3.105719e+01	-6.395535e+02
3.230000e-06	-4.303238e-06	-1.088854e-08	-3.162312e+01	-6.456748e+02
3.240000e-06	-4.378820e-06	-1.099689e-08	-3.217855e+01	-6.515433e+02
3.250000e-06	-4.453070e-06	-1.109266e-08	-3.272419e+01	-6.571649e+02
3.260000e-06	-4.526101e-06	-1.117588e-08	-3.326087e+01	-6.625508e+02
3.270000e-06	-4.597948e-06	-1.126012e-08	-3.378885e+01	-6.677179e+02
3.280000e-06	-4.668501e-06	-1.134737e-08	-3.430732e+01	-6.726863e+02
3.290000e-06	-4.737579e-06	-1.142807e-08	-3.481495e+01	-6.774758e+02
3.300000e-06	-4.805244e-06	-1.150358e-08	-3.531220e+01	-6.821023e+02
3.310000e-06	-4.871610e-06	-1.158154e-08	-3.579990e+01	-6.865755e+02
3.320000e-06	-4.936675e-06	-1.166278e-08	-3.627804e+01	-6.908987e+02
3.330000e-06	-5.000450e-06	-1.173526e-08	-3.674670e+01	-6.950701e+02
3.340000e-06	-5.062718e-06	-1.179479e-08	-3.720429e+01	-6.990860e+02
3.350000e-06	-5.123292e-06	-1.185369e-08	-3.764943e+01	-7.029445e+02
3.360000e-06	-5.182349e-06	-1.191889e-08	-3.808342e+01	-7.066474e+02
3.370000e-06	-5.240017e-06	-1.198106e-08	-3.850721e+01	-7.102015e+02
3.380000e-06	-5.296280e-06	-1.203677e-08	-3.892067e+01	-7.136168e+02
3.390000e-06	-5.350993e-06	-1.209243e-08	-3.932273e+01	-7.169041e+02
3.400000e-06	-5.403887e-06	-1.214989e-08	-3.971143e+01	-7.200711e+02
3.410000e-06	-5.454905e-06	-1.220223e-08	-4.008635e+01	-7.231200e+02
3.420000e-06	-5.504128e-06	-1.224603e-08	-4.044808e+01	-7.260473e+02
3.430000e-06	-5.551470e-06	-1.228792e-08	-4.079597e+01	-7.288444e+02
3.440000e-06	-5.597140e-06	-1.233297e-08	-4.113159e+01	-7.315019e+02
3.450000e-06	-5.641404e-06	-1.237690e-08	-4.145687e+01	-7.340129e+02
3.460000e-06	-5.684266e-06	-1.241484e-08	-4.177185e+01	-7.363774e+02
3.470000e-06	-5.725740e-06	-1.245049e-08	-4.207663e+01	-7.386030e+02
3.480000e-06	-5.765776e-06	-1.248661e-08	-4.237084e+01	-7.407042e+02
3.490000e-06	-5.804181e-06	-1.252076e-08	-4.265306e+01	-7.426992e+02
3.500000e-06	-5.840734e-06	-1.254889e-08	-4.292168e+01	-7.446048e+02
3.510000e-06	-5.875594e-06	-1.257536e-08	-4.317786e+01	-7.464319e+02
3.520000e-06	-5.908982e-06	-1.260549e-08	-4.342322e+01	-7.481825e+02
3.530000e-06	-5.940882e-06	-1.263578e-08	-4.365764e+01	-7.498503e+02
3.540000e-06	-5.971063e-06	-1.266249e-08	-4.387943e+01	-7.514224e+02
3.550000e-06	-5.999419e-06	-1.268629e-08	-4.408781e+01	-7.528854e+02
3.560000e-06	-6.026136e-06	-1.270921e-08	-4.428414e+01	-7.542293e+02
3.570000e-06	-6.051236e-06	-1.273013e-08	-4.446859e+01	-7.554525e+02
3.580000e-06	-6.074678e-06	-1.274609e-08	-4.464087e+01	-7.565624e+02
3.590000e-06	-6.096348e-06	-1.275947e-08	-4.480011e+01	-7.575737e+02
3.600000e-06	-6.116245e-06	-1.277486e-08	-4.494632e+01	-7.585037e+02
3.610000e-06	-6.134517e-06	-1.279340e-08	-4.508060e+01	-7.593666e+02
3.620000e-06	-6.151224e-06	-1.280964e-08	-4.520337e+01	-7.601687e+02
3.630000e-06	-6.166170e-06	-1.282331e-08	-4.531321e+01	-7.609061e+02
3.640000e-06	-6.179022e-06	-1.283562e-08	-4.540765e+01	-7.615660e+02
3.650000e-06	-6.189965e-06	-1.284473e-08	-4.548807e+01	-7.621306e+02
3.660000e-06	-6.199239e-06	-1.284896e-08	-4.555622e+01	-7.625838e+02
3.670000e-06	-6.206794e-06	-1.284927e-08	-4.561174e+01	-7.629167e+02
3.680000e-06	-6.212455e-06	-1.285232e-08	-4.565334e+01	-7.631313e+02
3.690000e-06	-6.216240e-06	-1.285879e-08	-4.568116e+01	-7.632407e+02
3.700000e-06	-6.218405e-06	-1.286619e-08	-4.569707e+01	-7.632648e+02
3.710000e-06	-6.218916e-06	-1.286946e-08	-4.570082e+01	-7.632235e+02
