# Temperatura_=_20.0
# Concentracion g/m^3_=_12000.0
# C_Vs_to_Am_M_A/Vsm_=_59384043850.047264
# pendiente_HvsI_1/m_=_3716.3
# ordenada_HvsI_A/m_=_1297.0
# frecuencia_Hz_=_269373.3981701596

Tiempo_(s)	Campo_(V.s)	Magnetizacion_(V.s)	Campo_(kA/m)	Magnetizacion_(A/m)
0.000000e+00	-6.246923e-06	-1.296753e-08	-4.569496e+01	-7.680495e+02
1.000000e-08	-6.245375e-06	-1.296411e-08	-4.568363e+01	-7.679594e+02
2.000000e-08	-6.241967e-06	-1.295819e-08	-4.565871e+01	-7.678179e+02
3.000000e-08	-6.236897e-06	-1.295095e-08	-4.562162e+01	-7.676045e+02
4.000000e-08	-6.230305e-06	-1.294164e-08	-4.557340e+01	-7.672888e+02
5.000000e-08	-6.222161e-06	-1.293101e-08	-4.551383e+01	-7.668393e+02
6.000000e-08	-6.212253e-06	-1.292365e-08	-4.544135e+01	-7.662336e+02
7.000000e-08	-6.200427e-06	-1.292113e-08	-4.535485e+01	-7.654662e+02
8.000000e-08	-6.186695e-06	-1.290507e-08	-4.525440e+01	-7.645522e+02
9.000000e-08	-6.170785e-06	-1.286304e-08	-4.513802e+01	-7.635253e+02
1.000000e-07	-6.152582e-06	-1.283369e-08	-4.500487e+01	-7.624300e+02
1.100000e-07	-6.132420e-06	-1.282226e-08	-4.485739e+01	-7.613102e+02
1.200000e-07	-6.110587e-06	-1.281973e-08	-4.469768e+01	-7.601983e+02
1.300000e-07	-6.087323e-06	-1.283349e-08	-4.452752e+01	-7.591053e+02
1.400000e-07	-6.062938e-06	-1.278061e-08	-4.434915e+01	-7.580184e+02
1.500000e-07	-6.037062e-06	-1.274173e-08	-4.415986e+01	-7.569033e+02
1.600000e-07	-6.009470e-06	-1.277064e-08	-4.395804e+01	-7.557133e+02
1.700000e-07	-5.980504e-06	-1.272480e-08	-4.374615e+01	-7.544007e+02
1.800000e-07	-5.949936e-06	-1.266938e-08	-4.352256e+01	-7.529287e+02
1.900000e-07	-5.917775e-06	-1.263502e-08	-4.328730e+01	-7.512800e+02
2.000000e-07	-5.884248e-06	-1.257783e-08	-4.304207e+01	-7.494589e+02
2.100000e-07	-5.849025e-06	-1.258552e-08	-4.278442e+01	-7.474888e+02
2.200000e-07	-5.812050e-06	-1.257359e-08	-4.251395e+01	-7.454031e+02
2.300000e-07	-5.773470e-06	-1.249829e-08	-4.223174e+01	-7.432352e+02
2.400000e-07	-5.733161e-06	-1.246967e-08	-4.193689e+01	-7.410078e+02
2.500000e-07	-5.691089e-06	-1.243757e-08	-4.162915e+01	-7.387271e+02
2.600000e-07	-5.647272e-06	-1.240673e-08	-4.130863e+01	-7.363814e+02
2.700000e-07	-5.601794e-06	-1.235588e-08	-4.097597e+01	-7.339446e+02
2.800000e-07	-5.554734e-06	-1.228134e-08	-4.063174e+01	-7.313846e+02
2.900000e-07	-5.505880e-06	-1.226157e-08	-4.027438e+01	-7.286716e+02
3.000000e-07	-5.454969e-06	-1.223110e-08	-3.990198e+01	-7.257860e+02
3.100000e-07	-5.402158e-06	-1.215900e-08	-3.951567e+01	-7.227224e+02
3.200000e-07	-5.347800e-06	-1.208644e-08	-3.911805e+01	-7.194889e+02
3.300000e-07	-5.291922e-06	-1.203491e-08	-3.870932e+01	-7.161030e+02
3.400000e-07	-5.234395e-06	-1.198820e-08	-3.828852e+01	-7.125850e+02
3.500000e-07	-5.175168e-06	-1.192503e-08	-3.785529e+01	-7.089509e+02
3.600000e-07	-5.114415e-06	-1.186403e-08	-3.741089e+01	-7.052083e+02
3.700000e-07	-5.052258e-06	-1.180090e-08	-3.695623e+01	-7.013540e+02
3.800000e-07	-4.988654e-06	-1.173395e-08	-3.649098e+01	-6.973766e+02
3.900000e-07	-4.923597e-06	-1.166853e-08	-3.601510e+01	-6.932605e+02
4.000000e-07	-4.856956e-06	-1.158060e-08	-3.552763e+01	-6.889912e+02
4.100000e-07	-4.788727e-06	-1.150454e-08	-3.502856e+01	-6.845594e+02
4.200000e-07	-4.719111e-06	-1.143999e-08	-3.451933e+01	-6.799636e+02
4.300000e-07	-4.648364e-06	-1.137062e-08	-3.400183e+01	-6.752090e+02
4.400000e-07	-4.576438e-06	-1.128704e-08	-3.347570e+01	-6.703050e+02
4.500000e-07	-4.503133e-06	-1.118687e-08	-3.293949e+01	-6.652606e+02
4.600000e-07	-4.428266e-06	-1.109834e-08	-3.239186e+01	-6.600811e+02
4.700000e-07	-4.351920e-06	-1.101236e-08	-3.183340e+01	-6.547653e+02
4.800000e-07	-4.274340e-06	-1.092471e-08	-3.126592e+01	-6.493060e+02
4.900000e-07	-4.195466e-06	-1.082781e-08	-3.068897e+01	-6.436912e+02
5.000000e-07	-4.115190e-06	-1.073495e-08	-3.010177e+01	-6.379076e+02
5.100000e-07	-4.033643e-06	-1.064461e-08	-2.950527e+01	-6.319435e+02
5.200000e-07	-3.951107e-06	-1.054174e-08	-2.890153e+01	-6.257908e+02
5.300000e-07	-3.867634e-06	-1.042812e-08	-2.829095e+01	-6.194456e+02
5.400000e-07	-3.783276e-06	-1.031144e-08	-2.767389e+01	-6.129067e+02
5.500000e-07	-3.698058e-06	-1.019989e-08	-2.705053e+01	-6.061737e+02
5.600000e-07	-3.611955e-06	-1.008556e-08	-2.642071e+01	-5.992439e+02
5.700000e-07	-3.524984e-06	-9.966768e-09	-2.578453e+01	-5.921114e+02
5.800000e-07	-3.437031e-06	-9.844865e-09	-2.514117e+01	-5.847664e+02
5.900000e-07	-3.348103e-06	-9.721209e-09	-2.449068e+01	-5.771966e+02
6.000000e-07	-3.258344e-06	-9.590761e-09	-2.383412e+01	-5.693892e+02
6.100000e-07	-3.167460e-06	-9.451647e-09	-2.316932e+01	-5.613333e+02
6.200000e-07	-3.075421e-06	-9.307256e-09	-2.249607e+01	-5.530216e+02
6.300000e-07	-2.982570e-06	-9.160011e-09	-2.181688e+01	-5.444498e+02
6.400000e-07	-2.888915e-06	-9.011397e-09	-2.113182e+01	-5.356160e+02
6.500000e-07	-2.794450e-06	-8.861464e-09	-2.044083e+01	-5.265183e+02
6.600000e-07	-2.699190e-06	-8.705486e-09	-1.974402e+01	-5.171521e+02
6.700000e-07	-2.603078e-06	-8.543062e-09	-1.904098e+01	-5.075085e+02
6.800000e-07	-2.506136e-06	-8.379900e-09	-1.833187e+01	-4.975740e+02
6.900000e-07	-2.408414e-06	-8.209057e-09	-1.761705e+01	-4.873312e+02
7.000000e-07	-2.309833e-06	-8.026622e-09	-1.689595e+01	-4.767607e+02
7.100000e-07	-2.210313e-06	-7.836955e-09	-1.616798e+01	-4.658440e+02
7.200000e-07	-2.110043e-06	-7.644701e-09	-1.543453e+01	-4.545647e+02
7.300000e-07	-2.009306e-06	-7.447030e-09	-1.469766e+01	-4.429094e+02
7.400000e-07	-1.908124e-06	-7.242017e-09	-1.395753e+01	-4.308667e+02
7.500000e-07	-1.806431e-06	-7.033774e-09	-1.321367e+01	-4.184252e+02
7.600000e-07	-1.704177e-06	-6.819967e-09	-1.246570e+01	-4.055713e+02
7.700000e-07	-1.601426e-06	-6.597037e-09	-1.171410e+01	-3.922870e+02
7.800000e-07	-1.498290e-06	-6.363353e-09	-1.095968e+01	-3.785489e+02
7.900000e-07	-1.394725e-06	-6.122199e-09	-1.020212e+01	-3.643289e+02
8.000000e-07	-1.290742e-06	-5.874784e-09	-9.441515e+00	-3.495960e+02
8.100000e-07	-1.186402e-06	-5.617258e-09	-8.678286e+00	-3.343178e+02
8.200000e-07	-1.081683e-06	-5.348217e-09	-7.912286e+00	-3.184629e+02
8.300000e-07	-9.766899e-07	-5.070452e-09	-7.144286e+00	-3.020013e+02
8.400000e-07	-8.715288e-07	-4.783611e-09	-6.375054e+00	-2.849032e+02
8.500000e-07	-7.662204e-07	-4.485835e-09	-5.604745e+00	-2.671373e+02
8.600000e-07	-6.608075e-07	-4.175425e-09	-4.833671e+00	-2.486684e+02
8.700000e-07	-5.552552e-07	-3.851558e-09	-4.061578e+00	-2.294557e+02
8.800000e-07	-4.496357e-07	-3.514312e-09	-3.288993e+00	-2.094538e+02
8.900000e-07	-3.439541e-07	-3.162326e-09	-2.515954e+00	-1.886150e+02
9.000000e-07	-2.381719e-07	-2.793211e-09	-1.742178e+00	-1.668961e+02
9.100000e-07	-1.323112e-07	-2.407966e-09	-9.678290e-01	-1.442663e+02
9.200000e-07	-2.641820e-08	-2.009400e-09	-1.932437e-01	-1.207156e+02
9.300000e-07	7.946995e-08	-1.596408e-09	5.813064e-01	-9.626306e+01
9.400000e-07	1.853398e-07	-1.169900e-09	1.355723e+00	-7.096207e+01
9.500000e-07	2.911699e-07	-7.311325e-10	2.129848e+00	-4.490235e+01
9.600000e-07	3.969790e-07	-2.824962e-10	2.903820e+00	-1.820779e+01
9.700000e-07	5.026944e-07	1.739473e-10	3.677106e+00	8.969227e+00
9.800000e-07	6.082503e-07	6.380517e-10	4.449226e+00	3.645622e+01
9.900000e-07	7.136485e-07	1.104201e-09	5.220192e+00	6.407039e+01
1.000000e-06	8.189187e-07	1.568684e-09	5.990222e+00	9.162844e+01
1.010000e-06	9.240756e-07	2.027143e-09	6.759423e+00	1.189554e+02
1.020000e-06	1.029068e-06	2.479826e-09	7.527422e+00	1.458919e+02
1.030000e-06	1.133786e-06	2.925324e-09	8.293410e+00	1.722987e+02
1.040000e-06	1.238164e-06	3.356855e-09	9.056913e+00	1.980603e+02
1.050000e-06	1.342158e-06	3.775346e-09	9.817609e+00	2.230854e+02
1.060000e-06	1.445811e-06	4.181600e-09	1.057581e+01	2.473070e+02
1.070000e-06	1.549088e-06	4.575803e-09	1.133126e+01	2.706802e+02
1.080000e-06	1.651912e-06	4.952218e-09	1.208339e+01	2.931793e+02
1.090000e-06	1.754306e-06	5.313167e-09	1.283239e+01	3.147941e+02
1.100000e-06	1.856230e-06	5.661268e-09	1.357794e+01	3.355264e+02
1.110000e-06	1.957710e-06	5.993579e-09	1.432024e+01	3.553856e+02
1.120000e-06	2.058649e-06	6.311097e-09	1.505859e+01	3.743858e+02
1.130000e-06	2.158992e-06	6.613699e-09	1.579259e+01	3.925440e+02
1.140000e-06	2.258743e-06	6.903798e-09	1.652224e+01	4.098791e+02
1.150000e-06	2.357748e-06	7.182104e-09	1.724644e+01	4.264123e+02
1.160000e-06	2.455914e-06	7.447301e-09	1.796451e+01	4.421687e+02
1.170000e-06	2.553216e-06	7.700616e-09	1.867625e+01	4.571778e+02
1.180000e-06	2.649722e-06	7.940966e-09	1.938217e+01	4.714750e+02
1.190000e-06	2.745454e-06	8.167990e-09	2.008243e+01	4.851001e+02
1.200000e-06	2.840318e-06	8.385523e-09	2.077634e+01	4.980962e+02
1.210000e-06	2.934343e-06	8.592849e-09	2.146412e+01	5.105063e+02
1.220000e-06	3.027575e-06	8.791566e-09	2.214609e+01	5.223707e+02
1.230000e-06	3.119994e-06	8.983763e-09	2.282212e+01	5.337239e+02
1.240000e-06	3.211532e-06	9.169194e-09	2.349170e+01	5.445938e+02
1.250000e-06	3.302139e-06	9.345999e-09	2.415447e+01	5.550011e+02
1.260000e-06	3.391747e-06	9.512354e-09	2.480993e+01	5.649621e+02
1.270000e-06	3.480299e-06	9.669373e-09	2.545767e+01	5.744905e+02
1.280000e-06	3.567854e-06	9.818557e-09	2.609812e+01	5.836011e+02
1.290000e-06	3.654403e-06	9.961297e-09	2.673121e+01	5.923110e+02
1.300000e-06	3.739987e-06	1.010071e-08	2.735724e+01	6.006411e+02
1.310000e-06	3.824639e-06	1.023555e-08	2.797645e+01	6.086146e+02
1.320000e-06	3.908374e-06	1.036540e-08	2.858895e+01	6.162554e+02
1.330000e-06	3.991154e-06	1.049046e-08	2.919447e+01	6.235854e+02
1.340000e-06	4.072769e-06	1.061105e-08	2.979147e+01	6.306230e+02
1.350000e-06	4.153206e-06	1.072426e-08	3.037985e+01	6.373820e+02
1.360000e-06	4.232476e-06	1.082995e-08	3.095969e+01	6.438726e+02
1.370000e-06	4.310551e-06	1.093179e-08	3.153079e+01	6.501032e+02
1.380000e-06	4.387474e-06	1.103221e-08	3.209347e+01	6.560829e+02
1.390000e-06	4.463161e-06	1.113001e-08	3.264710e+01	6.618231e+02
1.400000e-06	4.537411e-06	1.122246e-08	3.319023e+01	6.673385e+02
1.410000e-06	4.610190e-06	1.131338e-08	3.372259e+01	6.726461e+02
1.420000e-06	4.681625e-06	1.140335e-08	3.424512e+01	6.777633e+02
1.430000e-06	4.751768e-06	1.148719e-08	3.475821e+01	6.827045e+02
1.440000e-06	4.820664e-06	1.156254e-08	3.526216e+01	6.874798e+02
1.450000e-06	4.888293e-06	1.163591e-08	3.575685e+01	6.920930e+02
1.460000e-06	4.954399e-06	1.171034e-08	3.624041e+01	6.965428e+02
1.470000e-06	5.018911e-06	1.178215e-08	3.671230e+01	7.008254e+02
1.480000e-06	5.082069e-06	1.184893e-08	3.717429e+01	7.049373e+02
1.490000e-06	5.143929e-06	1.191542e-08	3.762679e+01	7.088792e+02
1.500000e-06	5.204444e-06	1.198340e-08	3.806944e+01	7.126572e+02
1.510000e-06	5.263500e-06	1.204697e-08	3.850142e+01	7.162830e+02
1.520000e-06	5.320890e-06	1.210536e-08	3.892122e+01	7.197716e+02
1.530000e-06	5.376615e-06	1.216257e-08	3.932883e+01	7.231373e+02
1.540000e-06	5.430791e-06	1.221836e-08	3.972512e+01	7.263901e+02
1.550000e-06	5.483307e-06	1.227044e-08	4.010926e+01	7.295328e+02
1.560000e-06	5.533881e-06	1.232043e-08	4.047920e+01	7.325603e+02
1.570000e-06	5.582545e-06	1.237002e-08	4.083517e+01	7.354613e+02
1.580000e-06	5.629537e-06	1.241805e-08	4.117891e+01	7.382225e+02
1.590000e-06	5.674979e-06	1.246286e-08	4.151131e+01	7.408335e+02
1.600000e-06	5.718992e-06	1.250543e-08	4.183325e+01	7.432905e+02
1.610000e-06	5.761326e-06	1.254528e-08	4.214292e+01	7.455989e+02
1.620000e-06	5.801853e-06	1.258209e-08	4.243936e+01	7.477722e+02
1.630000e-06	5.840808e-06	1.261687e-08	4.272431e+01	7.498291e+02
1.640000e-06	5.878250e-06	1.264929e-08	4.299819e+01	7.517878e+02
1.650000e-06	5.914130e-06	1.268073e-08	4.326064e+01	7.536616e+02
1.660000e-06	5.948238e-06	1.271055e-08	4.351014e+01	7.554554e+02
1.670000e-06	5.980617e-06	1.273850e-08	4.374699e+01	7.571648e+02
1.680000e-06	6.011430e-06	1.276426e-08	4.397237e+01	7.587785e+02
1.690000e-06	6.040714e-06	1.278713e-08	4.418658e+01	7.602832e+02
1.700000e-06	6.068458e-06	1.280837e-08	4.438952e+01	7.616688e+02
1.710000e-06	6.094375e-06	1.282929e-08	4.457910e+01	7.629327e+02
1.720000e-06	6.118458e-06	1.284878e-08	4.475526e+01	7.640817e+02
1.730000e-06	6.140950e-06	1.286646e-08	4.491978e+01	7.651299e+02
1.740000e-06	6.161920e-06	1.288240e-08	4.507318e+01	7.660951e+02
1.750000e-06	6.181344e-06	1.289776e-08	4.521526e+01	7.669925e+02
1.760000e-06	6.199014e-06	1.291131e-08	4.534452e+01	7.678299e+02
1.770000e-06	6.214763e-06	1.291972e-08	4.545971e+01	7.686045e+02
1.780000e-06	6.228673e-06	1.292607e-08	4.556146e+01	7.693038e+02
1.790000e-06	6.240747e-06	1.293409e-08	4.564978e+01	7.699096e+02
1.800000e-06	6.250756e-06	1.294188e-08	4.572300e+01	7.704041e+02
1.810000e-06	6.258819e-06	1.294685e-08	4.578197e+01	7.707767e+02
1.820000e-06	6.265239e-06	1.295099e-08	4.582894e+01	7.710277e+02
1.830000e-06	6.270004e-06	1.295664e-08	4.586379e+01	7.711694e+02
1.840000e-06	6.272950e-06	1.296011e-08	4.588534e+01	7.712227e+02
1.850000e-06	6.273943e-06	1.295701e-08	4.589260e+01	7.712100e+02
1.860000e-06	6.273166e-06	1.295165e-08	4.588692e+01	7.711477e+02
1.870000e-06	6.270829e-06	1.294907e-08	4.586982e+01	7.710396e+02
1.880000e-06	6.266977e-06	1.294806e-08	4.584165e+01	7.708741e+02
1.890000e-06	6.261341e-06	1.294176e-08	4.580042e+01	7.706259e+02
1.900000e-06	6.253789e-06	1.293455e-08	4.574518e+01	7.702631e+02
1.910000e-06	6.244671e-06	1.292970e-08	4.567848e+01	7.697567e+02
1.920000e-06	6.234084e-06	1.291645e-08	4.560104e+01	7.690896e+02
1.930000e-06	6.221787e-06	1.290522e-08	4.551109e+01	7.682641e+02
1.940000e-06	6.207521e-06	1.292403e-08	4.540674e+01	7.673028e+02
1.950000e-06	6.191009e-06	1.292672e-08	4.528596e+01	7.662445e+02
1.960000e-06	6.172015e-06	1.290060e-08	4.514702e+01	7.651350e+02
1.970000e-06	6.150586e-06	1.282914e-08	4.499028e+01	7.640152e+02
1.980000e-06	6.127454e-06	1.276162e-08	4.482106e+01	7.629100e+02
1.990000e-06	6.103618e-06	1.280382e-08	4.464671e+01	7.618219e+02
2.000000e-06	6.078857e-06	1.279269e-08	4.446559e+01	7.607291e+02
2.010000e-06	6.052395e-06	1.275637e-08	4.427203e+01	7.595915e+02
2.020000e-06	6.024568e-06	1.277373e-08	4.406848e+01	7.583604e+02
2.030000e-06	5.995286e-06	1.273887e-08	4.385429e+01	7.569912e+02
2.040000e-06	5.963704e-06	1.275083e-08	4.362327e+01	7.554536e+02
2.050000e-06	5.930330e-06	1.274589e-08	4.337915e+01	7.537383e+02
2.060000e-06	5.895744e-06	1.262297e-08	4.312615e+01	7.518576e+02
2.070000e-06	5.859567e-06	1.260608e-08	4.286152e+01	7.498397e+02
2.080000e-06	5.821669e-06	1.262071e-08	4.258431e+01	7.477194e+02
2.090000e-06	5.781918e-06	1.254997e-08	4.229354e+01	7.455270e+02
2.100000e-06	5.740502e-06	1.252983e-08	4.199059e+01	7.432797e+02
2.110000e-06	5.697756e-06	1.247081e-08	4.167792e+01	7.409766e+02
2.120000e-06	5.653276e-06	1.245123e-08	4.135255e+01	7.386001e+02
2.130000e-06	5.607089e-06	1.245360e-08	4.101470e+01	7.361207e+02
2.140000e-06	5.559430e-06	1.234629e-08	4.066609e+01	7.335061e+02
2.150000e-06	5.510105e-06	1.229981e-08	4.030529e+01	7.307297e+02
2.160000e-06	5.459090e-06	1.227533e-08	3.993212e+01	7.277770e+02
2.170000e-06	5.406089e-06	1.223192e-08	3.954443e+01	7.246478e+02
2.180000e-06	5.351163e-06	1.217157e-08	3.914266e+01	7.213546e+02
2.190000e-06	5.294625e-06	1.208610e-08	3.872909e+01	7.179166e+02
2.200000e-06	5.236464e-06	1.206101e-08	3.830366e+01	7.143533e+02
2.210000e-06	5.176883e-06	1.199021e-08	3.786784e+01	7.106780e+02
2.220000e-06	5.115864e-06	1.192030e-08	3.742149e+01	7.068941e+02
2.230000e-06	5.053264e-06	1.186044e-08	3.696359e+01	7.029951e+02
2.240000e-06	4.989061e-06	1.177415e-08	3.649396e+01	6.989673e+02
2.250000e-06	4.923364e-06	1.173524e-08	3.601340e+01	6.947950e+02
2.260000e-06	4.856435e-06	1.164693e-08	3.552382e+01	6.904651e+02
2.270000e-06	4.788181e-06	1.156201e-08	3.502456e+01	6.859714e+02
2.280000e-06	4.718301e-06	1.147964e-08	3.451340e+01	6.813149e+02
2.290000e-06	4.646885e-06	1.139998e-08	3.399101e+01	6.765029e+02
2.300000e-06	4.574244e-06	1.134315e-08	3.345965e+01	6.715450e+02
2.310000e-06	4.500416e-06	1.123658e-08	3.291962e+01	6.664494e+02
2.320000e-06	4.425227e-06	1.114965e-08	3.236962e+01	6.612190e+02
2.330000e-06	4.348664e-06	1.105835e-08	3.180959e+01	6.558503e+02
2.340000e-06	4.270625e-06	1.097167e-08	3.123874e+01	6.503340e+02
2.350000e-06	4.191233e-06	1.086927e-08	3.065800e+01	6.446572e+02
2.360000e-06	4.110720e-06	1.075282e-08	3.006907e+01	6.388068e+02
2.370000e-06	4.029164e-06	1.066952e-08	2.947251e+01	6.327725e+02
2.380000e-06	3.946728e-06	1.056412e-08	2.886951e+01	6.265476e+02
2.390000e-06	3.863276e-06	1.045381e-08	2.825907e+01	6.201295e+02
2.400000e-06	3.778716e-06	1.033125e-08	2.764053e+01	6.135177e+02
2.410000e-06	3.693078e-06	1.021963e-08	2.701411e+01	6.067111e+02
2.420000e-06	3.606309e-06	1.010986e-08	2.637941e+01	5.997060e+02
2.430000e-06	3.518459e-06	9.981612e-09	2.573681e+01	5.924949e+02
2.440000e-06	3.429668e-06	9.857569e-09	2.508732e+01	5.850668e+02
2.450000e-06	3.340052e-06	9.726820e-09	2.443179e+01	5.774091e+02
2.460000e-06	3.249597e-06	9.598868e-09	2.377013e+01	5.695094e+02
2.470000e-06	3.158256e-06	9.455328e-09	2.310199e+01	5.613580e+02
2.480000e-06	3.066054e-06	9.307416e-09	2.242756e+01	5.529488e+02
2.490000e-06	2.973042e-06	9.162381e-09	2.174719e+01	5.442787e+02
2.500000e-06	2.879067e-06	9.015420e-09	2.105978e+01	5.353460e+02
2.510000e-06	2.783986e-06	8.866002e-09	2.036428e+01	5.261481e+02
2.520000e-06	2.687937e-06	8.703919e-09	1.966171e+01	5.166789e+02
2.530000e-06	2.591175e-06	8.538521e-09	1.895391e+01	5.069278e+02
2.540000e-06	2.493832e-06	8.369561e-09	1.824187e+01	4.968796e+02
2.550000e-06	2.395838e-06	8.196487e-09	1.752506e+01	4.865159e+02
2.560000e-06	2.297133e-06	8.013475e-09	1.680306e+01	4.758175e+02
2.570000e-06	2.197690e-06	7.825737e-09	1.607565e+01	4.647663e+02
2.580000e-06	2.097583e-06	7.636622e-09	1.534339e+01	4.533472e+02
2.590000e-06	1.996982e-06	7.441918e-09	1.460751e+01	4.415476e+02
2.600000e-06	1.895853e-06	7.238369e-09	1.386778e+01	4.293565e+02
2.610000e-06	1.794064e-06	7.028169e-09	1.312321e+01	4.167619e+02
2.620000e-06	1.691532e-06	6.812258e-09	1.237321e+01	4.037488e+02
2.630000e-06	1.588360e-06	6.584131e-09	1.161852e+01	3.902970e+02
2.640000e-06	1.484755e-06	6.348195e-09	1.086067e+01	3.763815e+02
2.650000e-06	1.380788e-06	6.103378e-09	1.010018e+01	3.619726e+02
2.660000e-06	1.276512e-06	5.852372e-09	9.337425e+00	3.470387e+02
2.670000e-06	1.171943e-06	5.593252e-09	8.572521e+00	3.315476e+02
2.680000e-06	1.067089e-06	5.323572e-09	7.805534e+00	3.154685e+02
2.690000e-06	9.619686e-07	5.044457e-09	7.036602e+00	2.987714e+02
2.700000e-06	8.566794e-07	4.752643e-09	6.266434e+00	2.814265e+02
2.710000e-06	7.512445e-07	4.448861e-09	5.495199e+00	2.634011e+02
2.720000e-06	6.456244e-07	4.132451e-09	4.722610e+00	2.446581e+02
2.730000e-06	5.398808e-07	3.803935e-09	3.949117e+00	2.251548e+02
2.740000e-06	4.340595e-07	3.462655e-09	3.175056e+00	2.048442e+02
2.750000e-06	3.282260e-07	3.110076e-09	2.400905e+00	1.836798e+02
2.760000e-06	2.223464e-07	2.743624e-09	1.626418e+00	1.616217e+02
2.770000e-06	1.163938e-07	2.360080e-09	8.513968e-01	1.386461e+02
2.780000e-06	1.042899e-08	1.957668e-09	7.628594e-02	1.147530e+02
2.790000e-06	-9.549978e-08	1.539160e-09	-6.985612e-01	8.997377e+01
2.800000e-06	-2.014133e-07	1.108179e-09	-1.473297e+00	6.437557e+01
2.810000e-06	-3.073214e-07	6.652630e-10	-2.247993e+00	3.806132e+01
2.820000e-06	-4.131449e-07	2.131218e-10	-3.022070e+00	1.116645e+01
2.830000e-06	-5.188211e-07	-2.445498e-10	-3.795070e+00	-1.614805e+01
2.840000e-06	-6.243608e-07	-7.041003e-10	-4.567071e+00	-4.370464e+01
2.850000e-06	-7.298230e-07	-1.165357e-09	-5.338505e+00	-7.131923e+01
2.860000e-06	-8.351409e-07	-1.628345e-09	-6.108884e+00	-9.881070e+01
2.870000e-06	-9.401952e-07	-2.090258e-09	-6.877335e+00	-1.260092e+02
2.880000e-06	-1.045057e-06	-2.545839e-09	-7.644374e+00	-1.527623e+02
2.890000e-06	-1.149718e-06	-2.992241e-09	-8.409948e+00	-1.789397e+02
2.900000e-06	-1.254036e-06	-3.423660e-09	-9.173016e+00	-2.044347e+02
2.910000e-06	-1.358046e-06	-3.837857e-09	-9.933824e+00	-2.291654e+02
2.920000e-06	-1.461714e-06	-4.237584e-09	-1.069214e+01	-2.530733e+02
2.930000e-06	-1.564944e-06	-4.624236e-09	-1.144725e+01	-2.761210e+02
2.940000e-06	-1.667690e-06	-4.997969e-09	-1.219881e+01	-2.982892e+02
2.950000e-06	-1.769801e-06	-5.358258e-09	-1.294573e+01	-3.195726e+02
2.960000e-06	-1.871293e-06	-5.707161e-09	-1.368812e+01	-3.399763e+02
2.970000e-06	-1.972186e-06	-6.042936e-09	-1.442614e+01	-3.595118e+02
2.980000e-06	-2.072418e-06	-6.362868e-09	-1.515931e+01	-3.781944e+02
2.990000e-06	-2.172062e-06	-6.665641e-09	-1.588819e+01	-3.960419e+02
3.000000e-06	-2.271141e-06	-6.951284e-09	-1.661293e+01	-4.130739e+02
3.010000e-06	-2.369545e-06	-7.222249e-09	-1.733273e+01	-4.293129e+02
3.020000e-06	-2.467216e-06	-7.480663e-09	-1.804718e+01	-4.447855e+02
3.030000e-06	-2.564240e-06	-7.729130e-09	-1.875689e+01	-4.595235e+02
3.040000e-06	-2.660631e-06	-7.967427e-09	-1.946197e+01	-4.735640e+02
3.050000e-06	-2.756359e-06	-8.194740e-09	-2.016220e+01	-4.869484e+02
3.060000e-06	-2.851305e-06	-8.412036e-09	-2.085671e+01	-4.997200e+02
3.070000e-06	-2.945298e-06	-8.619550e-09	-2.154425e+01	-5.119213e+02
3.080000e-06	-3.038305e-06	-8.818247e-09	-2.222458e+01	-5.235906e+02
3.090000e-06	-3.130332e-06	-9.008363e-09	-2.289773e+01	-5.347599e+02
3.100000e-06	-3.221372e-06	-9.187911e-09	-2.356367e+01	-5.454544e+02
3.110000e-06	-3.311425e-06	-9.359128e-09	-2.422239e+01	-5.556929e+02
3.120000e-06	-3.400540e-06	-9.524255e-09	-2.487425e+01	-5.654903e+02
3.130000e-06	-3.488803e-06	-9.683336e-09	-2.551987e+01	-5.748605e+02
3.140000e-06	-3.576245e-06	-9.835403e-09	-2.615949e+01	-5.838189e+02
3.150000e-06	-3.662693e-06	-9.980307e-09	-2.679184e+01	-5.923840e+02
3.160000e-06	-3.747922e-06	-1.012108e-08	-2.741528e+01	-6.005779e+02
3.170000e-06	-3.831974e-06	-1.025558e-08	-2.803011e+01	-6.084241e+02
3.180000e-06	-3.915055e-06	-1.038453e-08	-2.863782e+01	-6.159462e+02
3.190000e-06	-3.997162e-06	-1.050801e-08	-2.923842e+01	-6.231649e+02
3.200000e-06	-4.078193e-06	-1.062383e-08	-2.983114e+01	-6.300968e+02
3.210000e-06	-4.158196e-06	-1.073390e-08	-3.041635e+01	-6.367544e+02
3.220000e-06	-4.237142e-06	-1.083988e-08	-3.099382e+01	-6.431468e+02
3.230000e-06	-4.314785e-06	-1.094214e-08	-3.156177e+01	-6.492824e+02
3.240000e-06	-4.391003e-06	-1.104171e-08	-3.211928e+01	-6.551710e+02
3.250000e-06	-4.465813e-06	-1.113946e-08	-3.266650e+01	-6.608253e+02
3.260000e-06	-4.539301e-06	-1.123267e-08	-3.320405e+01	-6.662610e+02
3.270000e-06	-4.611584e-06	-1.132104e-08	-3.373279e+01	-6.714955e+02
3.280000e-06	-4.682602e-06	-1.140559e-08	-3.425227e+01	-6.765454e+02
3.290000e-06	-4.752200e-06	-1.148818e-08	-3.476137e+01	-6.814239e+02
3.300000e-06	-4.820345e-06	-1.156942e-08	-3.525983e+01	-6.861385e+02
3.310000e-06	-4.887176e-06	-1.164686e-08	-3.574868e+01	-6.906910e+02
3.320000e-06	-4.952698e-06	-1.172234e-08	-3.622797e+01	-6.950788e+02
3.330000e-06	-5.016873e-06	-1.179453e-08	-3.669739e+01	-6.992979e+02
3.340000e-06	-5.079649e-06	-1.185989e-08	-3.715659e+01	-7.033460e+02
3.350000e-06	-5.140782e-06	-1.192043e-08	-3.760376e+01	-7.072256e+02
3.360000e-06	-5.200320e-06	-1.198128e-08	-3.803927e+01	-7.109452e+02
3.370000e-06	-5.258483e-06	-1.204368e-08	-3.846472e+01	-7.145180e+02
3.380000e-06	-5.315221e-06	-1.210437e-08	-3.887975e+01	-7.179592e+02
3.390000e-06	-5.370419e-06	-1.216067e-08	-3.928351e+01	-7.212820e+02
3.400000e-06	-5.423812e-06	-1.221516e-08	-3.967407e+01	-7.244939e+02
3.410000e-06	-5.475261e-06	-1.226753e-08	-4.005041e+01	-7.275947e+02
3.420000e-06	-5.524935e-06	-1.231508e-08	-4.041377e+01	-7.305764e+02
3.430000e-06	-5.572748e-06	-1.235806e-08	-4.076351e+01	-7.334268e+02
3.440000e-06	-5.618787e-06	-1.239957e-08	-4.110027e+01	-7.361329e+02
3.450000e-06	-5.663382e-06	-1.244231e-08	-4.142647e+01	-7.386863e+02
3.460000e-06	-5.706617e-06	-1.248431e-08	-4.174273e+01	-7.410867e+02
3.470000e-06	-5.748473e-06	-1.252348e-08	-4.204890e+01	-7.433428e+02
3.480000e-06	-5.788852e-06	-1.255934e-08	-4.234426e+01	-7.454704e+02
3.490000e-06	-5.827593e-06	-1.259324e-08	-4.262765e+01	-7.474887e+02
3.500000e-06	-5.864547e-06	-1.262557e-08	-4.289796e+01	-7.494147e+02
3.510000e-06	-5.899781e-06	-1.265448e-08	-4.315569e+01	-7.512588e+02
3.520000e-06	-5.933504e-06	-1.268200e-08	-4.340236e+01	-7.530221e+02
3.530000e-06	-5.965720e-06	-1.270903e-08	-4.363802e+01	-7.546974e+02
3.540000e-06	-5.996157e-06	-1.273662e-08	-4.386066e+01	-7.562720e+02
3.550000e-06	-6.024727e-06	-1.276377e-08	-4.406964e+01	-7.577331e+02
3.560000e-06	-6.051676e-06	-1.278734e-08	-4.426676e+01	-7.590732e+02
3.570000e-06	-6.077074e-06	-1.280975e-08	-4.445254e+01	-7.602930e+02
3.580000e-06	-6.100826e-06	-1.282918e-08	-4.462628e+01	-7.614024e+02
3.590000e-06	-6.122797e-06	-1.284489e-08	-4.478700e+01	-7.624177e+02
3.600000e-06	-6.142983e-06	-1.286094e-08	-4.493466e+01	-7.633563e+02
3.610000e-06	-6.161554e-06	-1.287817e-08	-4.507050e+01	-7.642311e+02
3.620000e-06	-6.178492e-06	-1.289518e-08	-4.519440e+01	-7.650460e+02
3.630000e-06	-6.193613e-06	-1.291136e-08	-4.530501e+01	-7.657945e+02
3.640000e-06	-6.206671e-06	-1.292534e-08	-4.540052e+01	-7.664613e+02
3.650000e-06	-6.217738e-06	-1.293549e-08	-4.548148e+01	-7.670274e+02
3.660000e-06	-6.227107e-06	-1.294107e-08	-4.555001e+01	-7.674772e+02
3.670000e-06	-6.234788e-06	-1.294565e-08	-4.560619e+01	-7.678038e+02
3.680000e-06	-6.240559e-06	-1.295119e-08	-4.564841e+01	-7.680120e+02
3.690000e-06	-6.244457e-06	-1.295743e-08	-4.567692e+01	-7.681181e+02
3.700000e-06	-6.246723e-06	-1.296335e-08	-4.569350e+01	-7.681444e+02
3.710000e-06	-6.247346e-06	-1.296695e-08	-4.569805e+01	-7.681120e+02
