# Temperatura_=_20.0
# Concentracion g/m^3_=_12000.0
# C_Vs_to_Am_M_A/Vsm_=_59384043850.047264
# pendiente_HvsI_1/m_=_3716.3
# ordenada_HvsI_A/m_=_1297.0
# frecuencia_Hz_=_269371.9172716608

Tiempo_(s)	Campo_(V.s)	Magnetizacion_(V.s)	Campo_(kA/m)	Magnetizacion_(A/m)
0.000000e+00	-6.236417e-06	-1.298711e-08	-4.570308e+01	-7.713043e+02
1.000000e-08	-6.234684e-06	-1.298387e-08	-4.569038e+01	-7.711742e+02
2.000000e-08	-6.231118e-06	-1.297929e-08	-4.566424e+01	-7.709504e+02
3.000000e-08	-6.225994e-06	-1.296922e-08	-4.562669e+01	-7.706313e+02
4.000000e-08	-6.219309e-06	-1.295843e-08	-4.557770e+01	-7.702179e+02
5.000000e-08	-6.211019e-06	-1.295193e-08	-4.551695e+01	-7.697139e+02
6.000000e-08	-6.200905e-06	-1.294990e-08	-4.544283e+01	-7.691240e+02
7.000000e-08	-6.188855e-06	-1.295060e-08	-4.535452e+01	-7.684508e+02
8.000000e-08	-6.174911e-06	-1.292713e-08	-4.525233e+01	-7.676910e+02
9.000000e-08	-6.158697e-06	-1.288409e-08	-4.513351e+01	-7.668335e+02
1.000000e-07	-6.140172e-06	-1.288172e-08	-4.499775e+01	-7.658592e+02
1.100000e-07	-6.119848e-06	-1.285108e-08	-4.484881e+01	-7.647434e+02
1.200000e-07	-6.097961e-06	-1.279976e-08	-4.468842e+01	-7.634618e+02
1.300000e-07	-6.074645e-06	-1.282039e-08	-4.451754e+01	-7.619971e+02
1.400000e-07	-6.050109e-06	-1.276623e-08	-4.433773e+01	-7.603459e+02
1.500000e-07	-6.023977e-06	-1.281880e-08	-4.414623e+01	-7.585229e+02
1.600000e-07	-5.996157e-06	-1.291312e-08	-4.394235e+01	-7.565608e+02
1.700000e-07	-5.967003e-06	-1.272546e-08	-4.372870e+01	-7.545061e+02
1.800000e-07	-5.936240e-06	-1.266739e-08	-4.350326e+01	-7.524101e+02
1.900000e-07	-5.903925e-06	-1.271568e-08	-4.326644e+01	-7.503187e+02
2.000000e-07	-5.870137e-06	-1.255870e-08	-4.301882e+01	-7.482616e+02
2.100000e-07	-5.834648e-06	-1.251307e-08	-4.275875e+01	-7.462458e+02
2.200000e-07	-5.797518e-06	-1.257921e-08	-4.248664e+01	-7.442530e+02
2.300000e-07	-5.758771e-06	-1.260470e-08	-4.220269e+01	-7.422442e+02
2.400000e-07	-5.718366e-06	-1.258142e-08	-4.190658e+01	-7.401676e+02
2.500000e-07	-5.676193e-06	-1.241320e-08	-4.159753e+01	-7.379705e+02
2.600000e-07	-5.632238e-06	-1.236127e-08	-4.127540e+01	-7.356103e+02
2.700000e-07	-5.586612e-06	-1.238517e-08	-4.094104e+01	-7.330626e+02
2.800000e-07	-5.539418e-06	-1.228505e-08	-4.059517e+01	-7.303240e+02
2.900000e-07	-5.490442e-06	-1.220447e-08	-4.023626e+01	-7.274097e+02
3.000000e-07	-5.439393e-06	-1.220839e-08	-3.986215e+01	-7.243465e+02
3.100000e-07	-5.386438e-06	-1.226399e-08	-3.947407e+01	-7.211632e+02
3.200000e-07	-5.331877e-06	-1.218515e-08	-3.907423e+01	-7.178820e+02
3.300000e-07	-5.275836e-06	-1.197839e-08	-3.866354e+01	-7.145120e+02
3.400000e-07	-5.218182e-06	-1.189494e-08	-3.824103e+01	-7.110477e+02
3.500000e-07	-5.158891e-06	-1.194744e-08	-3.780651e+01	-7.074720e+02
3.600000e-07	-5.098090e-06	-1.193271e-08	-3.736094e+01	-7.037620e+02
3.700000e-07	-5.035852e-06	-1.176647e-08	-3.690483e+01	-6.998968e+02
3.800000e-07	-4.972221e-06	-1.168304e-08	-3.643852e+01	-6.958631e+02
3.900000e-07	-4.907034e-06	-1.174005e-08	-3.596080e+01	-6.916590e+02
4.000000e-07	-4.840207e-06	-1.165028e-08	-3.547107e+01	-6.872928e+02
4.100000e-07	-4.771932e-06	-1.143256e-08	-3.497072e+01	-6.827795e+02
4.200000e-07	-4.702399e-06	-1.132306e-08	-3.446115e+01	-6.781350e+02
4.300000e-07	-4.631624e-06	-1.138508e-08	-3.394248e+01	-6.733701e+02
4.400000e-07	-4.559629e-06	-1.137872e-08	-3.341487e+01	-6.684869e+02
4.500000e-07	-4.486258e-06	-1.118325e-08	-3.287718e+01	-6.634779e+02
4.600000e-07	-4.411304e-06	-1.103054e-08	-3.232789e+01	-6.583279e+02
4.700000e-07	-4.334927e-06	-1.101709e-08	-3.176816e+01	-6.530191e+02
4.800000e-07	-4.257342e-06	-1.097770e-08	-3.119959e+01	-6.475353e+02
4.900000e-07	-4.178476e-06	-1.078513e-08	-3.062162e+01	-6.418661e+02
5.000000e-07	-4.098221e-06	-1.062719e-08	-3.003348e+01	-6.360081e+02
5.100000e-07	-4.016690e-06	-1.063146e-08	-2.943599e+01	-6.299644e+02
5.200000e-07	-3.934140e-06	-1.061632e-08	-2.883103e+01	-6.237404e+02
5.300000e-07	-3.850726e-06	-1.043301e-08	-2.821973e+01	-6.173405e+02
5.400000e-07	-3.766412e-06	-1.021704e-08	-2.760184e+01	-6.107641e+02
5.500000e-07	-3.681184e-06	-1.014836e-08	-2.697726e+01	-6.040037e+02
5.600000e-07	-3.595042e-06	-1.011773e-08	-2.634597e+01	-5.970463e+02
5.700000e-07	-3.508027e-06	-9.961346e-09	-2.570829e+01	-5.898753e+02
5.800000e-07	-3.420183e-06	-9.761338e-09	-2.506453e+01	-5.824753e+02
5.900000e-07	-3.331347e-06	-9.675958e-09	-2.441351e+01	-5.748348e+02
6.000000e-07	-3.241356e-06	-9.629036e-09	-2.375401e+01	-5.669487e+02
6.100000e-07	-3.150266e-06	-9.458249e-09	-2.308647e+01	-5.588177e+02
6.200000e-07	-3.058236e-06	-9.220748e-09	-2.241203e+01	-5.504456e+02
6.300000e-07	-2.965397e-06	-9.084499e-09	-2.173167e+01	-5.418357e+02
6.400000e-07	-2.871772e-06	-9.021276e-09	-2.104555e+01	-5.329862e+02
6.500000e-07	-2.777315e-06	-8.870713e-09	-2.035333e+01	-5.238883e+02
6.600000e-07	-2.682087e-06	-8.640967e-09	-1.965546e+01	-5.145249e+02
6.700000e-07	-2.586090e-06	-8.476041e-09	-1.895195e+01	-5.048730e+02
6.800000e-07	-2.489284e-06	-8.376354e-09	-1.824251e+01	-4.949070e+02
6.900000e-07	-2.391666e-06	-8.205718e-09	-1.752713e+01	-4.846033e+02
7.000000e-07	-2.293174e-06	-7.956227e-09	-1.680534e+01	-4.739439e+02
7.100000e-07	-2.193784e-06	-7.755511e-09	-1.607697e+01	-4.629172e+02
7.200000e-07	-2.093662e-06	-7.625978e-09	-1.534323e+01	-4.515181e+02
7.300000e-07	-1.993048e-06	-7.450267e-09	-1.460589e+01	-4.397446e+02
7.400000e-07	-1.891984e-06	-7.196416e-09	-1.386525e+01	-4.275933e+02
7.500000e-07	-1.790378e-06	-6.963632e-09	-1.312064e+01	-4.150563e+02
7.600000e-07	-1.688208e-06	-6.787464e-09	-1.237190e+01	-4.021178e+02
7.700000e-07	-1.585476e-06	-6.581727e-09	-1.161904e+01	-3.887539e+02
7.800000e-07	-1.482297e-06	-6.308385e-09	-1.086289e+01	-3.749343e+02
7.900000e-07	-1.378815e-06	-6.042363e-09	-1.010454e+01	-3.606254e+02
8.000000e-07	-1.274945e-06	-5.825891e-09	-9.343333e+00	-3.457935e+02
8.100000e-07	-1.170721e-06	-5.596709e-09	-8.579537e+00	-3.304082e+02
8.200000e-07	-1.066268e-06	-5.303180e-09	-7.814057e+00	-3.144420e+02
8.300000e-07	-9.616038e-07	-4.995496e-09	-7.047035e+00	-2.978702e+02
8.400000e-07	-8.567306e-07	-4.722302e-09	-6.278481e+00	-2.806672e+02
8.500000e-07	-7.517466e-07	-4.445389e-09	-5.509114e+00	-2.628033e+02
8.600000e-07	-6.466550e-07	-4.118694e-09	-4.738959e+00	-2.442418e+02
8.700000e-07	-5.413946e-07	-3.769610e-09	-3.967566e+00	-2.249384e+02
8.800000e-07	-4.359511e-07	-3.441985e-09	-3.194832e+00	-2.048429e+02
8.900000e-07	-3.303691e-07	-3.110444e-09	-2.421083e+00	-1.839045e+02
9.000000e-07	-2.247302e-07	-2.733166e-09	-1.646917e+00	-1.620785e+02
9.100000e-07	-1.190663e-07	-2.326939e-09	-8.725674e-01	-1.393349e+02
9.200000e-07	-1.339721e-08	-1.930061e-09	-9.818036e-02	-1.156665e+02
9.300000e-07	9.230756e-08	-1.532779e-09	6.764685e-01	-9.109551e+01
9.400000e-07	1.979718e-07	-1.101740e-09	1.450821e+00	-6.567762e+01
9.500000e-07	3.035102e-07	-6.454307e-10	2.224250e+00	-3.950339e+01
9.600000e-07	4.089185e-07	-1.936564e-10	2.996726e+00	-1.269627e+01
9.700000e-07	5.142282e-07	2.554054e-10	3.768480e+00	1.459201e+01
9.800000e-07	6.194588e-07	7.233997e-10	4.539654e+00	4.218821e+01
9.900000e-07	7.245187e-07	1.202696e-09	5.309577e+00	6.990603e+01
1.000000e-06	8.293871e-07	1.668252e-09	6.078096e+00	9.755534e+01
1.010000e-06	9.341381e-07	2.118557e-09	6.845756e+00	1.249517e+02
1.020000e-06	1.038689e-06	2.570512e-09	7.611945e+00	1.519251e+02
1.030000e-06	1.143006e-06	3.023849e-09	8.376426e+00	1.783276e+02
1.040000e-06	1.247108e-06	3.459933e-09	9.139329e+00	2.040390e+02
1.050000e-06	1.350909e-06	3.875768e-09	9.900024e+00	2.289688e+02
1.060000e-06	1.454346e-06	4.279389e-09	1.065806e+01	2.530567e+02
1.070000e-06	1.557394e-06	4.672464e-09	1.141324e+01	2.762686e+02
1.080000e-06	1.660047e-06	5.045881e-09	1.216552e+01	2.985919e+02
1.090000e-06	1.762213e-06	5.400925e-09	1.291423e+01	3.200282e+02
1.100000e-06	1.863857e-06	5.744903e-09	1.365913e+01	3.405871e+02
1.110000e-06	1.965013e-06	6.075809e-09	1.440044e+01	3.602814e+02
1.120000e-06	2.065693e-06	6.391945e-09	1.513826e+01	3.791238e+02
1.130000e-06	2.165892e-06	6.693916e-09	1.587256e+01	3.971273e+02
1.140000e-06	2.265426e-06	6.984321e-09	1.660199e+01	4.143064e+02
1.150000e-06	2.364087e-06	7.260615e-09	1.732502e+01	4.306802e+02
1.160000e-06	2.461874e-06	7.521480e-09	1.804164e+01	4.462751e+02
1.170000e-06	2.558898e-06	7.771580e-09	1.875268e+01	4.611261e+02
1.180000e-06	2.655122e-06	8.010534e-09	1.945785e+01	4.752757e+02
1.190000e-06	2.750548e-06	8.236318e-09	2.015717e+01	4.887714e+02
1.200000e-06	2.845175e-06	8.451489e-09	2.085064e+01	5.016610e+02
1.210000e-06	2.938947e-06	8.659118e-09	2.153784e+01	5.139882e+02
1.220000e-06	3.031993e-06	8.860055e-09	2.221972e+01	5.257888e+02
1.230000e-06	3.124364e-06	9.047621e-09	2.289665e+01	5.370895e+02
1.240000e-06	3.215784e-06	9.224463e-09	2.356661e+01	5.479082e+02
1.250000e-06	3.306018e-06	9.398921e-09	2.422789e+01	5.582572e+02
1.260000e-06	3.395157e-06	9.569940e-09	2.488113e+01	5.681476e+02
1.270000e-06	3.483369e-06	9.729168e-09	2.552759e+01	5.775927e+02
1.280000e-06	3.570658e-06	9.875882e-09	2.616728e+01	5.866115e+02
1.290000e-06	3.656983e-06	1.001889e-08	2.679990e+01	5.952286e+02
1.300000e-06	3.742380e-06	1.015984e-08	2.742573e+01	6.034736e+02
1.310000e-06	3.826904e-06	1.029101e-08	2.804515e+01	6.113773e+02
1.320000e-06	3.910481e-06	1.041404e-08	2.865764e+01	6.189683e+02
1.330000e-06	3.992908e-06	1.053871e-08	2.926170e+01	6.262701e+02
1.340000e-06	4.074187e-06	1.066369e-08	2.985735e+01	6.332992e+02
1.350000e-06	4.154330e-06	1.077829e-08	3.044468e+01	6.400659e+02
1.360000e-06	4.233266e-06	1.088072e-08	3.102315e+01	6.465761e+02
1.370000e-06	4.311038e-06	1.098298e-08	3.159309e+01	6.528341e+02
1.380000e-06	4.387674e-06	1.108895e-08	3.215472e+01	6.588458e+02
1.390000e-06	4.462997e-06	1.118909e-08	3.270671e+01	6.646200e+02
1.400000e-06	4.536817e-06	1.127867e-08	3.324770e+01	6.701687e+02
1.410000e-06	4.609235e-06	1.136854e-08	3.377841e+01	6.755061e+02
1.420000e-06	4.680427e-06	1.146121e-08	3.430013e+01	6.806460e+02
1.430000e-06	4.750360e-06	1.154454e-08	3.481263e+01	6.856000e+02
1.440000e-06	4.819053e-06	1.161598e-08	3.531604e+01	6.903756e+02
1.450000e-06	4.886405e-06	1.168784e-08	3.580962e+01	6.949764e+02
1.460000e-06	4.952138e-06	1.176715e-08	3.629134e+01	6.994036e+02
1.470000e-06	5.016386e-06	1.184503e-08	3.676218e+01	7.036579e+02
1.480000e-06	5.079331e-06	1.191365e-08	3.722347e+01	7.077418e+02
1.490000e-06	5.140938e-06	1.197693e-08	3.767495e+01	7.116614e+02
1.500000e-06	5.201210e-06	1.204192e-08	3.811665e+01	7.154262e+02
1.510000e-06	5.259964e-06	1.210249e-08	3.854722e+01	7.190481e+02
1.520000e-06	5.317032e-06	1.215508e-08	3.896544e+01	7.225389e+02
1.530000e-06	5.372538e-06	1.220924e-08	3.937221e+01	7.259075e+02
1.540000e-06	5.426511e-06	1.226911e-08	3.976775e+01	7.291583e+02
1.550000e-06	5.478759e-06	1.232755e-08	4.015064e+01	7.322906e+02
1.560000e-06	5.529014e-06	1.237791e-08	4.051893e+01	7.352994e+02
1.570000e-06	5.577360e-06	1.242534e-08	4.087324e+01	7.381777e+02
1.580000e-06	5.624087e-06	1.247426e-08	4.121567e+01	7.409199e+02
1.590000e-06	5.669349e-06	1.251977e-08	4.154736e+01	7.435237e+02
1.600000e-06	5.713091e-06	1.255669e-08	4.186793e+01	7.459918e+02
1.610000e-06	5.754971e-06	1.259090e-08	4.217484e+01	7.483316e+02
1.620000e-06	5.795120e-06	1.263115e-08	4.246907e+01	7.505534e+02
1.630000e-06	5.833796e-06	1.267222e-08	4.275251e+01	7.526677e+02
1.640000e-06	5.870993e-06	1.270558e-08	4.302510e+01	7.546827e+02
1.650000e-06	5.906663e-06	1.273670e-08	4.328650e+01	7.566024e+02
1.660000e-06	5.940553e-06	1.276997e-08	4.353486e+01	7.584264e+02
1.670000e-06	5.972715e-06	1.280320e-08	4.377056e+01	7.601510e+02
1.680000e-06	6.003345e-06	1.282768e-08	4.399503e+01	7.617713e+02
1.690000e-06	6.032490e-06	1.284699e-08	4.420862e+01	7.632835e+02
1.700000e-06	6.060054e-06	1.286931e-08	4.441062e+01	7.646870e+02
1.710000e-06	6.085709e-06	1.289294e-08	4.459863e+01	7.659846e+02
1.720000e-06	6.109562e-06	1.291473e-08	4.477343e+01	7.671818e+02
1.730000e-06	6.131840e-06	1.293383e-08	4.493669e+01	7.682854e+02
1.740000e-06	6.152584e-06	1.295429e-08	4.508871e+01	7.693010e+02
1.750000e-06	6.171743e-06	1.297394e-08	4.522912e+01	7.702314e+02
1.760000e-06	6.189108e-06	1.298739e-08	4.535638e+01	7.710763e+02
1.770000e-06	6.204670e-06	1.299453e-08	4.547042e+01	7.718324e+02
1.780000e-06	6.218434e-06	1.300097e-08	4.557129e+01	7.724955e+02
1.790000e-06	6.230277e-06	1.300875e-08	4.565808e+01	7.730618e+02
1.800000e-06	6.240092e-06	1.301557e-08	4.573001e+01	7.735301e+02
1.810000e-06	6.247994e-06	1.302114e-08	4.578792e+01	7.739014e+02
1.820000e-06	6.254192e-06	1.302921e-08	4.583334e+01	7.741792e+02
1.830000e-06	6.258723e-06	1.303965e-08	4.586655e+01	7.743674e+02
1.840000e-06	6.261436e-06	1.304393e-08	4.588643e+01	7.744686e+02
1.850000e-06	6.262278e-06	1.303893e-08	4.589260e+01	7.744834e+02
1.860000e-06	6.261405e-06	1.303288e-08	4.588620e+01	7.744099e+02
1.870000e-06	6.258920e-06	1.302647e-08	4.586799e+01	7.742448e+02
1.880000e-06	6.254890e-06	1.302019e-08	4.583846e+01	7.739850e+02
1.890000e-06	6.249118e-06	1.301362e-08	4.579616e+01	7.736299e+02
1.900000e-06	6.241535e-06	1.301055e-08	4.574059e+01	7.731817e+02
1.910000e-06	6.232407e-06	1.300798e-08	4.567369e+01	7.726447e+02
1.920000e-06	6.221709e-06	1.298813e-08	4.559529e+01	7.720232e+02
1.930000e-06	6.209222e-06	1.298224e-08	4.550378e+01	7.713180e+02
1.940000e-06	6.194716e-06	1.300571e-08	4.539747e+01	7.705231e+02
1.950000e-06	6.177927e-06	1.297056e-08	4.527444e+01	7.696241e+02
1.960000e-06	6.158670e-06	1.296090e-08	4.513331e+01	7.685995e+02
1.970000e-06	6.137073e-06	1.293732e-08	4.497504e+01	7.674238e+02
1.980000e-06	6.113907e-06	1.290731e-08	4.480527e+01	7.660747e+02
1.990000e-06	6.090048e-06	1.293458e-08	4.463042e+01	7.645392e+02
2.000000e-06	6.065156e-06	1.272513e-08	4.444801e+01	7.628206e+02
2.010000e-06	6.038558e-06	1.269757e-08	4.425308e+01	7.609404e+02
2.020000e-06	6.010650e-06	1.286132e-08	4.404856e+01	7.589374e+02
2.030000e-06	5.981194e-06	1.266309e-08	4.383270e+01	7.568609e+02
2.040000e-06	5.949459e-06	1.260535e-08	4.360013e+01	7.547616e+02
2.050000e-06	5.916023e-06	1.276385e-08	4.335510e+01	7.526804e+02
2.060000e-06	5.881274e-06	1.268095e-08	4.310044e+01	7.506391e+02
2.070000e-06	5.845011e-06	1.257450e-08	4.283469e+01	7.486350e+02
2.080000e-06	5.807123e-06	1.243141e-08	4.255703e+01	7.466414e+02
2.090000e-06	5.767239e-06	1.240148e-08	4.226474e+01	7.446132e+02
2.100000e-06	5.725664e-06	1.260727e-08	4.196007e+01	7.424970e+02
2.110000e-06	5.682805e-06	1.247221e-08	4.164597e+01	7.402426e+02
2.120000e-06	5.638266e-06	1.233833e-08	4.131958e+01	7.378136e+02
2.130000e-06	5.592032e-06	1.243180e-08	4.098075e+01	7.351933e+02
2.140000e-06	5.544221e-06	1.240892e-08	4.063038e+01	7.323859e+02
2.150000e-06	5.494756e-06	1.227637e-08	4.026788e+01	7.294119e+02
2.160000e-06	5.443602e-06	1.201556e-08	3.989300e+01	7.263002e+02
2.170000e-06	5.390417e-06	1.207726e-08	3.950323e+01	7.230780e+02
2.180000e-06	5.335318e-06	1.228912e-08	3.909944e+01	7.197629e+02
2.190000e-06	5.278652e-06	1.213130e-08	3.868417e+01	7.163586e+02
2.200000e-06	5.220498e-06	1.192356e-08	3.825800e+01	7.128547e+02
2.210000e-06	5.161002e-06	1.186244e-08	3.782199e+01	7.092311e+02
2.220000e-06	5.099981e-06	1.197536e-08	3.737480e+01	7.054648e+02
2.230000e-06	5.037317e-06	1.185072e-08	3.691557e+01	7.015371e+02
2.240000e-06	4.973089e-06	1.154565e-08	3.644488e+01	6.974388e+02
2.250000e-06	4.907373e-06	1.162106e-08	3.596329e+01	6.931721e+02
2.260000e-06	4.840375e-06	1.174987e-08	3.547230e+01	6.887486e+02
2.270000e-06	4.772078e-06	1.164567e-08	3.497179e+01	6.841841e+02
2.280000e-06	4.702322e-06	1.132740e-08	3.446059e+01	6.794933e+02
2.290000e-06	4.630997e-06	1.122270e-08	3.393789e+01	6.746840e+02
2.300000e-06	4.558263e-06	1.137223e-08	3.340486e+01	6.697547e+02
2.310000e-06	4.484346e-06	1.126060e-08	3.286317e+01	6.646945e+02
2.320000e-06	4.409206e-06	1.101997e-08	3.231251e+01	6.594868e+02
2.330000e-06	4.332695e-06	1.092090e-08	3.175181e+01	6.541138e+02
2.340000e-06	4.254694e-06	1.102975e-08	3.118018e+01	6.485610e+02
2.350000e-06	4.175344e-06	1.095269e-08	3.059867e+01	6.428207e+02
2.360000e-06	4.094876e-06	1.063085e-08	3.000897e+01	6.368922e+02
2.370000e-06	4.013373e-06	1.049803e-08	2.941168e+01	6.307799e+02
2.380000e-06	3.930842e-06	1.055467e-08	2.880686e+01	6.244894e+02
2.390000e-06	3.847424e-06	1.053104e-08	2.819553e+01	6.180234e+02
2.400000e-06	3.763093e-06	1.026336e-08	2.757752e+01	6.113789e+02
2.410000e-06	3.677490e-06	1.008148e-08	2.695019e+01	6.045461e+02
2.420000e-06	3.590627e-06	1.010433e-08	2.631362e+01	5.975103e+02
2.430000e-06	3.502786e-06	1.003931e-08	2.566988e+01	5.902548e+02
2.440000e-06	3.414091e-06	9.783898e-09	2.501989e+01	5.827653e+02
2.450000e-06	3.324493e-06	9.562993e-09	2.436328e+01	5.750327e+02
2.460000e-06	3.233937e-06	9.565842e-09	2.369964e+01	5.670542e+02
2.470000e-06	3.142599e-06	9.525438e-09	2.303028e+01	5.588319e+02
2.480000e-06	3.050531e-06	9.281140e-09	2.235557e+01	5.503702e+02
2.490000e-06	2.957509e-06	9.033128e-09	2.167387e+01	5.416707e+02
2.500000e-06	2.863360e-06	8.961707e-09	2.098390e+01	5.327292e+02
2.510000e-06	2.768254e-06	8.903169e-09	2.028692e+01	5.235339e+02
2.520000e-06	2.672411e-06	8.666925e-09	1.958455e+01	5.140649e+02
2.530000e-06	2.575894e-06	8.415140e-09	1.887723e+01	5.042978e+02
2.540000e-06	2.478638e-06	8.311125e-09	1.816450e+01	4.942075e+02
2.550000e-06	2.380587e-06	8.233356e-09	1.744594e+01	4.837719e+02
2.560000e-06	2.281852e-06	7.999183e-09	1.672236e+01	4.729754e+02
2.570000e-06	2.182540e-06	7.716555e-09	1.599457e+01	4.618091e+02
2.580000e-06	2.082683e-06	7.557417e-09	1.526278e+01	4.502695e+02
2.590000e-06	1.982264e-06	7.442640e-09	1.452686e+01	4.383546e+02
2.600000e-06	1.881215e-06	7.212027e-09	1.378633e+01	4.260597e+02
2.610000e-06	1.779487e-06	6.920887e-09	1.304082e+01	4.133742e+02
2.620000e-06	1.677079e-06	6.721328e-09	1.229034e+01	4.002791e+02
2.630000e-06	1.574099e-06	6.567337e-09	1.153566e+01	3.867478e+02
2.640000e-06	1.470649e-06	6.321116e-09	1.077753e+01	3.727484e+02
2.650000e-06	1.366779e-06	6.006942e-09	1.001633e+01	3.582469e+02
2.660000e-06	1.262593e-06	5.758055e-09	9.252809e+00	3.432106e+02
2.670000e-06	1.158106e-06	5.559887e-09	8.487089e+00	3.276101e+02
2.680000e-06	1.053365e-06	5.290753e-09	7.719501e+00	3.114195e+02
2.690000e-06	9.484594e-07	4.951289e-09	6.950708e+00	2.946138e+02
2.700000e-06	8.434027e-07	4.649374e-09	6.180809e+00	2.771665e+02
2.710000e-06	7.381622e-07	4.393299e-09	5.409562e+00	2.590454e+02
2.720000e-06	6.327407e-07	4.085664e-09	4.636989e+00	2.402110e+02
2.730000e-06	5.271497e-07	3.712907e-09	3.863174e+00	2.206163e+02
2.740000e-06	4.214332e-07	3.359823e-09	3.088439e+00	2.002102e+02
2.750000e-06	3.156779e-07	3.044610e-09	2.313420e+00	1.789433e+02
2.760000e-06	2.099454e-07	2.689014e-09	1.538568e+00	1.567754e+02
2.770000e-06	1.042019e-07	2.267936e-09	7.636349e-01	1.336841e+02
2.780000e-06	-1.591891e-09	1.848258e-09	-1.166605e-02	1.096726e+02
2.790000e-06	-1.073607e-07	1.457146e-09	-7.867840e-01	8.477526e+01
2.800000e-06	-2.131018e-07	1.039844e-09	-1.561699e+00	5.906101e+01
2.810000e-06	-3.188196e-07	5.731463e-10	-2.336443e+00	3.263304e+01
2.820000e-06	-4.244145e-07	1.065923e-10	-3.110287e+00	5.626089e+00
2.830000e-06	-5.299225e-07	-3.355000e-10	-3.883494e+00	-2.179915e+01
2.840000e-06	-6.353635e-07	-7.875130e-10	-4.656210e+00	-4.946350e+01
2.850000e-06	-7.406026e-07	-1.267473e-09	-5.427446e+00	-7.717811e+01
2.860000e-06	-8.455820e-07	-1.741984e-09	-6.196779e+00	-1.047539e+02
2.870000e-06	-9.503609e-07	-2.189981e-09	-6.964643e+00	-1.320108e+02
2.880000e-06	-1.054928e-06	-2.634871e-09	-7.730956e+00	-1.587863e+02
2.890000e-06	-1.159266e-06	-3.087316e-09	-8.495585e+00	-1.849425e+02
2.900000e-06	-1.263376e-06	-3.523668e-09	-9.258548e+00	-2.103700e+02
2.910000e-06	-1.367220e-06	-3.929791e-09	-1.001956e+01	-2.349900e+02
2.920000e-06	-1.470739e-06	-4.323070e-09	-1.077820e+01	-2.587524e+02
2.930000e-06	-1.573744e-06	-4.714577e-09	-1.153306e+01	-2.816319e+02
2.940000e-06	-1.676132e-06	-5.089288e-09	-1.228340e+01	-3.036221e+02
2.950000e-06	-1.777912e-06	-5.441325e-09	-1.302929e+01	-3.247283e+02
2.960000e-06	-1.879030e-06	-5.783367e-09	-1.377032e+01	-3.449617e+02
2.970000e-06	-1.979534e-06	-6.117444e-09	-1.450685e+01	-3.643354e+02
2.980000e-06	-2.079556e-06	-6.430986e-09	-1.523986e+01	-3.828620e+02
2.990000e-06	-2.179064e-06	-6.724605e-09	-1.596909e+01	-4.005547e+02
3.000000e-06	-2.278000e-06	-7.009917e-09	-1.669414e+01	-4.174295e+02
3.010000e-06	-2.376313e-06	-7.284938e-09	-1.741462e+01	-4.335080e+02
3.020000e-06	-2.473853e-06	-7.541163e-09	-1.812943e+01	-4.488197e+02
3.030000e-06	-2.570655e-06	-7.783026e-09	-1.883884e+01	-4.634026e+02
3.040000e-06	-2.666906e-06	-8.020445e-09	-1.954421e+01	-4.773016e+02
3.050000e-06	-2.762554e-06	-8.249339e-09	-2.024515e+01	-4.905648e+02
3.060000e-06	-2.857349e-06	-8.459296e-09	-2.093985e+01	-5.032391e+02
3.070000e-06	-2.951047e-06	-8.658111e-09	-2.162651e+01	-5.153654e+02
3.080000e-06	-3.043667e-06	-8.858506e-09	-2.230526e+01	-5.269762e+02
3.090000e-06	-3.135392e-06	-9.053950e-09	-2.297746e+01	-5.380947e+02
3.100000e-06	-3.226213e-06	-9.231942e-09	-2.364304e+01	-5.487363e+02
3.110000e-06	-3.316068e-06	-9.397429e-09	-2.430154e+01	-5.589123e+02
3.120000e-06	-3.404987e-06	-9.564726e-09	-2.495317e+01	-5.686342e+02
3.130000e-06	-3.493043e-06	-9.729180e-09	-2.559848e+01	-5.779172e+02
3.140000e-06	-3.580207e-06	-9.876499e-09	-2.623725e+01	-5.867824e+02
3.150000e-06	-3.666277e-06	-1.001150e-08	-2.686801e+01	-5.952567e+02
3.160000e-06	-3.751134e-06	-1.015018e-08	-2.748988e+01	-6.033704e+02
3.170000e-06	-3.834957e-06	-1.029040e-08	-2.810417e+01	-6.111540e+02
3.180000e-06	-3.917813e-06	-1.041633e-08	-2.871138e+01	-6.186345e+02
3.190000e-06	-3.999651e-06	-1.053006e-08	-2.931112e+01	-6.258327e+02
3.200000e-06	-4.080451e-06	-1.064778e-08	-2.990326e+01	-6.327628e+02
3.210000e-06	-4.160184e-06	-1.076861e-08	-3.048757e+01	-6.394330e+02
3.220000e-06	-4.238748e-06	-1.087688e-08	-3.106332e+01	-6.458484e+02
3.230000e-06	-4.315943e-06	-1.097416e-08	-3.162904e+01	-6.520136e+02
3.240000e-06	-4.391757e-06	-1.107515e-08	-3.218464e+01	-6.579353e+02
3.250000e-06	-4.466245e-06	-1.117874e-08	-3.273052e+01	-6.636236e+02
3.260000e-06	-4.539441e-06	-1.126904e-08	-3.326693e+01	-6.690917e+02
3.270000e-06	-4.611457e-06	-1.134762e-08	-3.379469e+01	-6.743538e+02
3.280000e-06	-4.682188e-06	-1.142942e-08	-3.431304e+01	-6.794231e+02
3.290000e-06	-4.751400e-06	-1.151941e-08	-3.482025e+01	-6.843098e+02
3.300000e-06	-4.819221e-06	-1.160498e-08	-3.531727e+01	-6.890199e+02
3.310000e-06	-4.885784e-06	-1.167880e-08	-3.580507e+01	-6.935559e+02
3.320000e-06	-4.951019e-06	-1.175311e-08	-3.628315e+01	-6.979184e+02
3.330000e-06	-5.014957e-06	-1.183090e-08	-3.675170e+01	-7.021086e+02
3.340000e-06	-5.077434e-06	-1.189859e-08	-3.720957e+01	-7.061303e+02
3.350000e-06	-5.138232e-06	-1.195336e-08	-3.765512e+01	-7.099908e+02
3.360000e-06	-5.197530e-06	-1.200954e-08	-3.808968e+01	-7.137009e+02
3.370000e-06	-5.255478e-06	-1.207340e-08	-3.851435e+01	-7.172726e+02
3.380000e-06	-5.311987e-06	-1.213745e-08	-3.892847e+01	-7.207170e+02
3.390000e-06	-5.366871e-06	-1.219220e-08	-3.933068e+01	-7.240416e+02
3.400000e-06	-5.419916e-06	-1.224733e-08	-3.971942e+01	-7.272486e+02
3.410000e-06	-5.471120e-06	-1.230599e-08	-4.009466e+01	-7.303356e+02
3.420000e-06	-5.520503e-06	-1.235886e-08	-4.045656e+01	-7.332966e+02
3.430000e-06	-5.567975e-06	-1.239934e-08	-4.080446e+01	-7.361247e+02
3.440000e-06	-5.613758e-06	-1.243420e-08	-4.113998e+01	-7.388153e+02
3.450000e-06	-5.658110e-06	-1.247467e-08	-4.146500e+01	-7.413679e+02
3.460000e-06	-5.701094e-06	-1.251803e-08	-4.178001e+01	-7.437871e+02
3.470000e-06	-5.742714e-06	-1.255802e-08	-4.208502e+01	-7.460817e+02
3.480000e-06	-5.782904e-06	-1.259576e-08	-4.237955e+01	-7.482623e+02
3.490000e-06	-5.821435e-06	-1.263699e-08	-4.266191e+01	-7.503389e+02
3.500000e-06	-5.858158e-06	-1.267518e-08	-4.293104e+01	-7.523182e+02
3.510000e-06	-5.893258e-06	-1.270338e-08	-4.318826e+01	-7.542025e+02
3.520000e-06	-5.926794e-06	-1.272636e-08	-4.343403e+01	-7.559901e+02
3.530000e-06	-5.958733e-06	-1.275049e-08	-4.366809e+01	-7.576765e+02
3.540000e-06	-5.988858e-06	-1.277695e-08	-4.388886e+01	-7.592568e+02
3.550000e-06	-6.017199e-06	-1.280296e-08	-4.409656e+01	-7.607285e+02
3.560000e-06	-6.044029e-06	-1.282641e-08	-4.429318e+01	-7.620920e+02
3.570000e-06	-6.069224e-06	-1.285074e-08	-4.447782e+01	-7.633515e+02
3.580000e-06	-6.092698e-06	-1.287369e-08	-4.464985e+01	-7.645132e+02
3.590000e-06	-6.114374e-06	-1.289064e-08	-4.480870e+01	-7.655835e+02
3.600000e-06	-6.134299e-06	-1.290329e-08	-4.495471e+01	-7.665673e+02
3.610000e-06	-6.152659e-06	-1.291619e-08	-4.508927e+01	-7.674662e+02
3.620000e-06	-6.169418e-06	-1.293101e-08	-4.521208e+01	-7.682785e+02
3.630000e-06	-6.184362e-06	-1.294495e-08	-4.532160e+01	-7.690005e+02
3.640000e-06	-6.197261e-06	-1.295678e-08	-4.541613e+01	-7.696279e+02
3.650000e-06	-6.208203e-06	-1.296539e-08	-4.549632e+01	-7.701578e+02
3.660000e-06	-6.217439e-06	-1.297186e-08	-4.556400e+01	-7.705897e+02
3.670000e-06	-6.224964e-06	-1.297719e-08	-4.561915e+01	-7.709259e+02
3.680000e-06	-6.230562e-06	-1.298225e-08	-4.566017e+01	-7.711699e+02
3.690000e-06	-6.234317e-06	-1.298592e-08	-4.568769e+01	-7.713255e+02
3.700000e-06	-6.236426e-06	-1.298907e-08	-4.570315e+01	-7.713948e+02
3.710000e-06	-6.236920e-06	-1.299050e-08	-4.570676e+01	-7.713771e+02
