# Temperatura_=_20.0
# Concentracion g/m^3_=_12000.0
# C_Vs_to_Am_M_A/Vsm_=_59384043850.047264
# pendiente_HvsI_1/m_=_3716.3
# ordenada_HvsI_A/m_=_1297.0
# frecuencia_Hz_=_269374.15752075415

Tiempo_(s)	Campo_(V.s)	Magnetizacion_(V.s)	Campo_(kA/m)	Magnetizacion_(A/m)
0.000000e+00	-6.229459e-06	-1.294089e-08	-4.569748e+01	-7.668261e+02
1.000000e-08	-6.227940e-06	-1.293839e-08	-4.568634e+01	-7.667181e+02
2.000000e-08	-6.224525e-06	-1.293577e-08	-4.566128e+01	-7.665667e+02
3.000000e-08	-6.219468e-06	-1.292948e-08	-4.562419e+01	-7.663522e+02
4.000000e-08	-6.212928e-06	-1.291848e-08	-4.557621e+01	-7.660440e+02
5.000000e-08	-6.204813e-06	-1.290729e-08	-4.551668e+01	-7.656102e+02
6.000000e-08	-6.194881e-06	-1.290010e-08	-4.544382e+01	-7.650272e+02
7.000000e-08	-6.182992e-06	-1.289956e-08	-4.535661e+01	-7.642886e+02
8.000000e-08	-6.169227e-06	-1.288356e-08	-4.525563e+01	-7.634084e+02
9.000000e-08	-6.153327e-06	-1.283555e-08	-4.513900e+01	-7.624190e+02
1.000000e-07	-6.135103e-06	-1.280879e-08	-4.500531e+01	-7.613632e+02
1.100000e-07	-6.114913e-06	-1.280679e-08	-4.485720e+01	-7.602825e+02
1.200000e-07	-6.093116e-06	-1.281061e-08	-4.469731e+01	-7.592058e+02
1.300000e-07	-6.069919e-06	-1.283486e-08	-4.452714e+01	-7.581407e+02
1.400000e-07	-6.045547e-06	-1.276246e-08	-4.434836e+01	-7.570705e+02
1.500000e-07	-6.019613e-06	-1.270589e-08	-4.415811e+01	-7.559580e+02
1.600000e-07	-5.991979e-06	-1.276646e-08	-4.395539e+01	-7.547551e+02
1.700000e-07	-5.963021e-06	-1.271918e-08	-4.374297e+01	-7.534146e+02
1.800000e-07	-5.932488e-06	-1.264640e-08	-4.351898e+01	-7.519022e+02
1.900000e-07	-5.900415e-06	-1.262793e-08	-4.328371e+01	-7.502048e+02
2.000000e-07	-5.866917e-06	-1.256581e-08	-4.303797e+01	-7.483321e+02
2.100000e-07	-5.831667e-06	-1.257830e-08	-4.277939e+01	-7.463127e+02
2.200000e-07	-5.794745e-06	-1.257586e-08	-4.250855e+01	-7.441848e+02
2.300000e-07	-5.756234e-06	-1.247403e-08	-4.222604e+01	-7.419848e+02
2.400000e-07	-5.716003e-06	-1.243962e-08	-4.193092e+01	-7.397371e+02
2.500000e-07	-5.673998e-06	-1.242125e-08	-4.162278e+01	-7.374477e+02
2.600000e-07	-5.630215e-06	-1.238989e-08	-4.130160e+01	-7.351035e+02
2.700000e-07	-5.584786e-06	-1.233464e-08	-4.096835e+01	-7.326769e+02
2.800000e-07	-5.537802e-06	-1.225773e-08	-4.062368e+01	-7.301339e+02
2.900000e-07	-5.489004e-06	-1.224750e-08	-4.026572e+01	-7.274432e+02
3.000000e-07	-5.438124e-06	-1.221808e-08	-3.989247e+01	-7.245843e+02
3.100000e-07	-5.385349e-06	-1.213557e-08	-3.950534e+01	-7.215505e+02
3.200000e-07	-5.330970e-06	-1.206047e-08	-3.910643e+01	-7.183490e+02
3.300000e-07	-5.275057e-06	-1.201909e-08	-3.869626e+01	-7.149953e+02
3.400000e-07	-5.217633e-06	-1.198442e-08	-3.827502e+01	-7.115074e+02
3.500000e-07	-5.158635e-06	-1.191139e-08	-3.784222e+01	-7.078988e+02
3.600000e-07	-5.098049e-06	-1.184153e-08	-3.739779e+01	-7.041744e+02
3.700000e-07	-5.035969e-06	-1.178359e-08	-3.694238e+01	-7.003297e+02
3.800000e-07	-4.972476e-06	-1.171933e-08	-3.647662e+01	-6.963530e+02
3.900000e-07	-4.907579e-06	-1.165029e-08	-3.600055e+01	-6.922303e+02
4.000000e-07	-4.841095e-06	-1.155906e-08	-3.551285e+01	-6.879502e+02
4.100000e-07	-4.773065e-06	-1.148859e-08	-3.501380e+01	-6.835075e+02
4.200000e-07	-4.703730e-06	-1.142731e-08	-3.450518e+01	-6.789046e+02
4.300000e-07	-4.633216e-06	-1.135170e-08	-3.398791e+01	-6.741496e+02
4.400000e-07	-4.561491e-06	-1.126345e-08	-3.346175e+01	-6.692527e+02
4.500000e-07	-4.488357e-06	-1.116597e-08	-3.292527e+01	-6.642216e+02
4.600000e-07	-4.413709e-06	-1.108117e-08	-3.237767e+01	-6.590582e+02
4.700000e-07	-4.337679e-06	-1.099116e-08	-3.181993e+01	-6.537570e+02
4.800000e-07	-4.260403e-06	-1.090151e-08	-3.125306e+01	-6.483061e+02
4.900000e-07	-4.181780e-06	-1.080884e-08	-3.067631e+01	-6.426905e+02
5.000000e-07	-4.101703e-06	-1.071711e-08	-3.008889e+01	-6.368959e+02
5.100000e-07	-4.020311e-06	-1.062312e-08	-2.949182e+01	-6.309124e+02
5.200000e-07	-3.937914e-06	-1.051612e-08	-2.888738e+01	-6.247360e+02
5.300000e-07	-3.854643e-06	-1.040344e-08	-2.827652e+01	-6.183680e+02
5.400000e-07	-3.770519e-06	-1.028900e-08	-2.765942e+01	-6.118130e+02
5.500000e-07	-3.685579e-06	-1.017775e-08	-2.703632e+01	-6.050747e+02
5.600000e-07	-3.599741e-06	-1.006356e-08	-2.640664e+01	-5.981532e+02
5.700000e-07	-3.512945e-06	-9.948291e-09	-2.576993e+01	-5.910423e+02
5.800000e-07	-3.425209e-06	-9.829179e-09	-2.512632e+01	-5.837303e+02
5.900000e-07	-3.336558e-06	-9.702124e-09	-2.447601e+01	-5.762017e+02
6.000000e-07	-3.246910e-06	-9.568976e-09	-2.381838e+01	-5.684404e+02
6.100000e-07	-3.156160e-06	-9.433714e-09	-2.315266e+01	-5.604329e+02
6.200000e-07	-3.064388e-06	-9.293930e-09	-2.247945e+01	-5.521702e+02
6.300000e-07	-2.971754e-06	-9.147278e-09	-2.179991e+01	-5.436481e+02
6.400000e-07	-2.878335e-06	-8.998146e-09	-2.111462e+01	-5.348654e+02
6.500000e-07	-2.784110e-06	-8.849861e-09	-2.042341e+01	-5.258205e+02
6.600000e-07	-2.689052e-06	-8.696080e-09	-1.972610e+01	-5.165085e+02
6.700000e-07	-2.593203e-06	-8.531845e-09	-1.902297e+01	-5.069186e+02
6.800000e-07	-2.496604e-06	-8.365192e-09	-1.831435e+01	-4.970340e+02
6.900000e-07	-2.399173e-06	-8.196572e-09	-1.759963e+01	-4.868331e+02
7.000000e-07	-2.300779e-06	-8.019129e-09	-1.687784e+01	-4.762930e+02
7.100000e-07	-2.201504e-06	-7.830559e-09	-1.614958e+01	-4.653925e+02
7.200000e-07	-2.101582e-06	-7.636711e-09	-1.541659e+01	-4.541153e+02
7.300000e-07	-2.001147e-06	-7.438316e-09	-1.467983e+01	-4.424502e+02
7.400000e-07	-1.900179e-06	-7.234102e-09	-1.393915e+01	-4.303907e+02
7.500000e-07	-1.798669e-06	-7.025789e-09	-1.319451e+01	-4.179316e+02
7.600000e-07	-1.696662e-06	-6.813370e-09	-1.244621e+01	-4.050651e+02
7.700000e-07	-1.594148e-06	-6.593226e-09	-1.169420e+01	-3.917775e+02
7.800000e-07	-1.491174e-06	-6.359765e-09	-1.093882e+01	-3.780476e+02
7.900000e-07	-1.387824e-06	-6.115221e-09	-1.018067e+01	-3.638465e+02
8.000000e-07	-1.284131e-06	-5.864134e-09	-9.420009e+00	-3.491399e+02
8.100000e-07	-1.180156e-06	-5.607143e-09	-8.657275e+00	-3.338916e+02
8.200000e-07	-1.075966e-06	-5.340656e-09	-7.892973e+00	-3.180662e+02
8.300000e-07	-9.715570e-07	-5.064938e-09	-7.127056e+00	-3.016315e+02
8.400000e-07	-8.668767e-07	-4.781165e-09	-6.359153e+00	-2.845580e+02
8.500000e-07	-7.619714e-07	-4.485900e-09	-5.589598e+00	-2.668173e+02
8.600000e-07	-6.569042e-07	-4.174465e-09	-4.818856e+00	-2.483787e+02
8.700000e-07	-5.516766e-07	-3.847316e-09	-4.046937e+00	-2.292064e+02
8.800000e-07	-4.462778e-07	-3.508825e-09	-3.273763e+00	-2.092587e+02
8.900000e-07	-3.407559e-07	-3.157919e-09	-2.499685e+00	-1.884894e+02
9.000000e-07	-2.352068e-07	-2.792555e-09	-1.725408e+00	-1.668534e+02
9.100000e-07	-1.295812e-07	-2.411664e-09	-9.505692e-01	-1.443149e+02
9.200000e-07	-2.387087e-08	-2.015403e-09	-1.751097e-01	-1.208572e+02
9.300000e-07	8.182758e-08	-1.602171e-09	6.002630e-01	-9.649190e+01
9.400000e-07	1.874645e-07	-1.173563e-09	1.375184e+00	-7.126649e+01
9.500000e-07	2.930723e-07	-7.330297e-10	2.149892e+00	-4.526723e+01
9.600000e-07	3.986070e-07	-2.848573e-10	2.924063e+00	-1.861788e+01
9.700000e-07	5.039427e-07	1.693503e-10	3.696775e+00	8.526131e+00
9.800000e-07	6.091326e-07	6.303861e-10	4.468418e+00	3.598712e+01
9.900000e-07	7.141868e-07	1.094164e-09	5.239064e+00	6.357636e+01
1.000000e-06	8.190428e-07	1.558490e-09	6.008257e+00	9.110556e+01
1.010000e-06	9.236835e-07	2.018779e-09	6.775870e+00	1.183969e+02
1.020000e-06	1.028103e-06	2.472667e-09	7.541863e+00	1.452907e+02
1.030000e-06	1.132299e-06	2.917828e-09	8.306211e+00	1.716502e+02
1.040000e-06	1.236231e-06	3.350335e-09	9.068628e+00	1.973639e+02
1.050000e-06	1.339888e-06	3.770294e-09	9.829027e+00	2.223451e+02
1.060000e-06	1.443262e-06	4.177476e-09	1.058734e+01	2.465301e+02
1.070000e-06	1.546316e-06	4.568768e-09	1.134332e+01	2.698755e+02
1.080000e-06	1.648938e-06	4.944089e-09	1.209612e+01	2.923549e+02
1.090000e-06	1.751085e-06	5.306522e-09	1.284544e+01	3.139554e+02
1.100000e-06	1.852751e-06	5.654431e-09	1.359124e+01	3.346745e+02
1.110000e-06	1.953895e-06	5.985795e-09	1.433320e+01	3.545175e+02
1.120000e-06	2.054553e-06	6.303388e-09	1.507160e+01	3.734954e+02
1.130000e-06	2.154671e-06	6.607952e-09	1.580603e+01	3.916236e+02
1.140000e-06	2.254158e-06	6.899731e-09	1.653584e+01	4.089213e+02
1.150000e-06	2.352940e-06	7.177186e-09	1.726047e+01	4.254119e+02
1.160000e-06	2.450823e-06	7.438790e-09	1.797851e+01	4.411234e+02
1.170000e-06	2.547801e-06	7.688223e-09	1.868992e+01	4.560887e+02
1.180000e-06	2.643977e-06	7.926654e-09	1.939544e+01	4.703457e+02
1.190000e-06	2.739350e-06	8.154147e-09	2.009507e+01	4.839358e+02
1.200000e-06	2.833970e-06	8.372351e-09	2.078917e+01	4.969026e+02
1.210000e-06	2.927790e-06	8.581213e-09	2.147740e+01	5.092893e+02
1.220000e-06	3.020778e-06	8.781481e-09	2.215954e+01	5.211354e+02
1.230000e-06	3.112968e-06	8.972215e-09	2.283582e+01	5.324756e+02
1.240000e-06	3.204304e-06	9.152234e-09	2.350583e+01	5.433379e+02
1.250000e-06	3.294616e-06	9.324105e-09	2.416834e+01	5.537442e+02
1.260000e-06	3.383828e-06	9.490372e-09	2.482276e+01	5.637117e+02
1.270000e-06	3.472051e-06	9.650057e-09	2.546995e+01	5.732551e+02
1.280000e-06	3.559330e-06	9.801345e-09	2.611019e+01	5.823889e+02
1.290000e-06	3.645648e-06	9.946462e-09	2.674340e+01	5.911289e+02
1.300000e-06	3.731011e-06	1.008815e-08	2.736960e+01	5.994934e+02
1.310000e-06	3.815497e-06	1.022264e-08	2.798937e+01	6.075018e+02
1.320000e-06	3.899065e-06	1.035057e-08	2.860239e+01	6.151739e+02
1.330000e-06	3.981483e-06	1.047438e-08	2.920699e+01	6.225282e+02
1.340000e-06	4.062736e-06	1.059441e-08	2.980304e+01	6.295803e+02
1.350000e-06	4.142905e-06	1.070713e-08	3.039113e+01	6.363432e+02
1.360000e-06	4.221938e-06	1.081273e-08	3.097089e+01	6.428277e+02
1.370000e-06	4.299783e-06	1.091662e-08	3.154194e+01	6.490443e+02
1.380000e-06	4.376452e-06	1.101903e-08	3.210436e+01	6.550047e+02
1.390000e-06	4.451864e-06	1.111657e-08	3.265756e+01	6.607232e+02
1.400000e-06	4.525848e-06	1.120737e-08	3.320029e+01	6.662167e+02
1.410000e-06	4.598418e-06	1.129638e-08	3.373264e+01	6.715036e+02
1.420000e-06	4.669645e-06	1.138455e-08	3.425514e+01	6.766014e+02
1.430000e-06	4.739563e-06	1.146541e-08	3.476804e+01	6.815245e+02
1.440000e-06	4.808273e-06	1.154043e-08	3.527208e+01	6.862824e+02
1.450000e-06	4.875720e-06	1.161667e-08	3.576685e+01	6.908789e+02
1.460000e-06	4.941635e-06	1.169281e-08	3.625038e+01	6.953134e+02
1.470000e-06	5.005972e-06	1.176562e-08	3.672234e+01	6.995835e+02
1.480000e-06	5.068883e-06	1.183214e-08	3.718384e+01	7.036880e+02
1.490000e-06	5.130491e-06	1.189590e-08	3.763577e+01	7.076294e+02
1.500000e-06	5.190858e-06	1.195851e-08	3.807860e+01	7.114154e+02
1.510000e-06	5.249757e-06	1.201735e-08	3.851067e+01	7.150578e+02
1.520000e-06	5.306924e-06	1.207517e-08	3.893003e+01	7.185707e+02
1.530000e-06	5.362435e-06	1.213471e-08	3.933724e+01	7.219659e+02
1.540000e-06	5.416411e-06	1.219594e-08	3.973320e+01	7.252503e+02
1.550000e-06	5.468741e-06	1.225260e-08	4.011707e+01	7.284233e+02
1.560000e-06	5.519115e-06	1.230358e-08	4.048660e+01	7.314772e+02
1.570000e-06	5.567539e-06	1.235249e-08	4.084183e+01	7.343995e+02
1.580000e-06	5.614335e-06	1.239878e-08	4.118511e+01	7.371770e+02
1.590000e-06	5.659682e-06	1.244080e-08	4.151776e+01	7.398007e+02
1.600000e-06	5.703542e-06	1.247918e-08	4.183950e+01	7.422693e+02
1.610000e-06	5.745679e-06	1.251819e-08	4.214861e+01	7.445904e+02
1.620000e-06	5.786071e-06	1.255899e-08	4.244491e+01	7.467789e+02
1.630000e-06	5.824840e-06	1.259857e-08	4.272931e+01	7.488532e+02
1.640000e-06	5.862055e-06	1.263479e-08	4.300231e+01	7.508300e+02
1.650000e-06	5.897800e-06	1.266867e-08	4.326452e+01	7.527196e+02
1.660000e-06	5.931789e-06	1.269921e-08	4.351386e+01	7.545230e+02
1.670000e-06	5.963997e-06	1.272679e-08	4.375013e+01	7.562328e+02
1.680000e-06	5.994701e-06	1.275093e-08	4.397536e+01	7.578357e+02
1.690000e-06	6.023915e-06	1.277181e-08	4.418967e+01	7.593185e+02
1.700000e-06	6.051604e-06	1.279184e-08	4.439278e+01	7.606734e+02
1.710000e-06	6.077472e-06	1.281387e-08	4.458255e+01	7.619018e+02
1.720000e-06	6.101453e-06	1.283542e-08	4.475846e+01	7.630156e+02
1.730000e-06	6.123797e-06	1.285404e-08	4.492237e+01	7.640338e+02
1.740000e-06	6.144637e-06	1.287096e-08	4.507525e+01	7.649779e+02
1.750000e-06	6.163914e-06	1.288626e-08	4.521666e+01	7.658647e+02
1.760000e-06	6.181393e-06	1.289935e-08	4.534488e+01	7.667012e+02
1.770000e-06	6.197059e-06	1.290625e-08	4.545980e+01	7.674817e+02
1.780000e-06	6.210983e-06	1.291142e-08	4.556194e+01	7.681895e+02
1.790000e-06	6.223059e-06	1.291811e-08	4.565053e+01	7.688017e+02
1.800000e-06	6.233073e-06	1.292472e-08	4.572399e+01	7.692968e+02
1.810000e-06	6.241108e-06	1.293044e-08	4.578293e+01	7.696617e+02
1.820000e-06	6.247448e-06	1.293605e-08	4.582944e+01	7.698967e+02
1.830000e-06	6.252160e-06	1.294288e-08	4.586401e+01	7.700158e+02
1.840000e-06	6.255076e-06	1.294545e-08	4.588540e+01	7.700429e+02
1.850000e-06	6.256058e-06	1.294009e-08	4.589260e+01	7.700044e+02
1.860000e-06	6.255280e-06	1.293356e-08	4.588689e+01	7.699202e+02
1.870000e-06	6.252961e-06	1.292982e-08	4.586988e+01	7.697969e+02
1.880000e-06	6.249145e-06	1.292681e-08	4.584189e+01	7.696246e+02
1.890000e-06	6.243545e-06	1.292077e-08	4.580081e+01	7.693785e+02
1.900000e-06	6.236084e-06	1.291413e-08	4.574608e+01	7.690264e+02
1.910000e-06	6.227016e-06	1.290946e-08	4.567956e+01	7.685383e+02
1.920000e-06	6.216398e-06	1.289446e-08	4.560166e+01	7.678963e+02
1.930000e-06	6.203970e-06	1.288194e-08	4.551050e+01	7.671014e+02
1.940000e-06	6.189576e-06	1.291112e-08	4.540491e+01	7.661754e+02
1.950000e-06	6.173043e-06	1.291575e-08	4.528362e+01	7.651555e+02
1.960000e-06	6.154030e-06	1.288402e-08	4.514415e+01	7.640856e+02
1.970000e-06	6.132615e-06	1.280262e-08	4.498706e+01	7.630037e+02
1.980000e-06	6.109578e-06	1.272480e-08	4.481806e+01	7.619314e+02
1.990000e-06	6.085839e-06	1.279367e-08	4.464393e+01	7.608672e+02
2.000000e-06	6.061167e-06	1.277793e-08	4.446294e+01	7.597860e+02
2.010000e-06	6.034755e-06	1.271838e-08	4.426919e+01	7.586452e+02
2.020000e-06	6.006936e-06	1.276792e-08	4.406512e+01	7.573954e+02
2.030000e-06	5.977662e-06	1.272615e-08	4.385037e+01	7.559931e+02
2.040000e-06	5.946135e-06	1.271407e-08	4.361909e+01	7.544113e+02
2.050000e-06	5.912819e-06	1.272745e-08	4.337470e+01	7.526455e+02
2.060000e-06	5.878208e-06	1.257958e-08	4.312080e+01	7.507133e+02
2.070000e-06	5.842030e-06	1.255677e-08	4.285541e+01	7.486483e+02
2.080000e-06	5.804205e-06	1.261165e-08	4.257794e+01	7.464892e+02
2.090000e-06	5.764546e-06	1.253277e-08	4.228701e+01	7.442690e+02
2.100000e-06	5.723186e-06	1.249988e-08	4.198361e+01	7.420056e+02
2.110000e-06	5.680505e-06	1.243688e-08	4.167051e+01	7.396978e+02
2.120000e-06	5.636131e-06	1.242219e-08	4.134500e+01	7.373262e+02
2.130000e-06	5.590094e-06	1.243154e-08	4.100728e+01	7.348596e+02
2.140000e-06	5.542568e-06	1.230506e-08	4.065865e+01	7.322641e+02
2.150000e-06	5.493279e-06	1.227199e-08	4.029708e+01	7.295117e+02
2.160000e-06	5.442257e-06	1.226133e-08	3.992280e+01	7.265868e+02
2.170000e-06	5.389305e-06	1.221404e-08	3.953435e+01	7.234884e+02
2.180000e-06	5.334499e-06	1.214856e-08	3.913231e+01	7.202273e+02
2.190000e-06	5.278124e-06	1.204791e-08	3.871876e+01	7.168210e+02
2.200000e-06	5.220149e-06	1.204456e-08	3.829348e+01	7.132863e+02
2.210000e-06	5.160810e-06	1.197867e-08	3.785818e+01	7.096339e+02
2.220000e-06	5.100031e-06	1.189029e-08	3.741232e+01	7.058650e+02
2.230000e-06	5.037557e-06	1.183688e-08	3.695404e+01	7.019721e+02
2.240000e-06	4.973474e-06	1.175590e-08	3.648394e+01	6.979419e+02
2.250000e-06	4.907944e-06	1.172319e-08	3.600323e+01	6.937609e+02
2.260000e-06	4.841220e-06	1.162276e-08	3.551376e+01	6.894196e+02
2.270000e-06	4.773175e-06	1.153855e-08	3.501460e+01	6.849159e+02
2.280000e-06	4.703491e-06	1.147103e-08	3.450343e+01	6.802545e+02
2.290000e-06	4.632264e-06	1.138643e-08	3.398092e+01	6.754448e+02
2.300000e-06	4.559784e-06	1.132362e-08	3.344923e+01	6.704965e+02
2.310000e-06	4.486094e-06	1.121332e-08	3.290866e+01	6.654157e+02
2.320000e-06	4.411093e-06	1.113671e-08	3.235848e+01	6.602013e+02
2.330000e-06	4.334734e-06	1.104412e-08	3.179834e+01	6.548452e+02
2.340000e-06	4.256910e-06	1.095296e-08	3.122744e+01	6.493340e+02
2.350000e-06	4.177780e-06	1.085778e-08	3.064696e+01	6.436525e+02
2.360000e-06	4.097528e-06	1.074496e-08	3.005826e+01	6.377876e+02
2.370000e-06	4.016238e-06	1.066246e-08	2.946194e+01	6.317315e+02
2.380000e-06	3.933994e-06	1.055055e-08	2.885862e+01	6.254825e+02
2.390000e-06	3.850774e-06	1.044101e-08	2.824814e+01	6.190435e+02
2.400000e-06	3.766482e-06	1.031933e-08	2.762980e+01	6.124191e+02
2.410000e-06	3.681024e-06	1.020656e-08	2.700291e+01	6.056121e+02
2.420000e-06	3.594439e-06	1.009358e-08	2.636774e+01	5.986202e+02
2.430000e-06	3.506835e-06	9.962881e-09	2.572511e+01	5.914352e+02
2.440000e-06	3.418356e-06	9.843820e-09	2.507606e+01	5.840436e+02
2.450000e-06	3.328978e-06	9.717473e-09	2.442040e+01	5.764292e+02
2.460000e-06	3.238704e-06	9.592393e-09	2.375818e+01	5.685766e+02
2.470000e-06	3.147622e-06	9.447286e-09	2.309003e+01	5.604738e+02
2.480000e-06	3.055617e-06	9.300227e-09	2.241511e+01	5.521137e+02
2.490000e-06	2.962721e-06	9.154759e-09	2.173365e+01	5.434937e+02
2.500000e-06	2.868901e-06	9.004201e-09	2.104541e+01	5.346126e+02
2.510000e-06	2.774090e-06	8.852676e-09	2.034991e+01	5.254681e+02
2.520000e-06	2.678410e-06	8.693567e-09	1.964803e+01	5.160531e+02
2.530000e-06	2.581959e-06	8.533158e-09	1.894049e+01	5.063546e+02
2.540000e-06	2.484829e-06	8.365453e-09	1.822797e+01	4.963538e+02
2.550000e-06	2.386996e-06	8.193859e-09	1.751030e+01	4.860280e+02
2.560000e-06	2.288427e-06	8.013904e-09	1.678723e+01	4.753547e+02
2.570000e-06	2.189208e-06	7.826698e-09	1.605938e+01	4.643142e+02
2.580000e-06	2.089468e-06	7.632815e-09	1.532772e+01	4.528922e+02
2.590000e-06	1.989282e-06	7.433493e-09	1.459279e+01	4.410795e+02
2.600000e-06	1.888461e-06	7.230234e-09	1.385319e+01	4.288705e+02
2.610000e-06	1.786908e-06	7.018871e-09	1.310823e+01	4.162594e+02
2.620000e-06	1.684697e-06	6.798208e-09	1.235844e+01	4.032366e+02
2.630000e-06	1.581954e-06	6.571181e-09	1.160475e+01	3.897857e+02
2.640000e-06	1.478761e-06	6.341022e-09	1.084775e+01	3.758825e+02
2.650000e-06	1.375095e-06	6.101438e-09	1.008730e+01	3.614957e+02
2.660000e-06	1.271055e-06	5.850785e-09	9.324089e+00	3.465899e+02
2.670000e-06	1.166670e-06	5.590908e-09	8.558349e+00	3.311289e+02
2.680000e-06	1.061996e-06	5.320285e-09	7.790489e+00	3.150783e+02
2.690000e-06	9.571069e-07	5.035465e-09	7.021054e+00	2.984070e+02
2.700000e-06	8.520643e-07	4.739979e-09	6.250493e+00	2.810863e+02
2.710000e-06	7.468972e-07	4.437031e-09	5.479018e+00	2.630873e+02
2.720000e-06	6.416060e-07	4.124364e-09	4.706632e+00	2.443778e+02
2.730000e-06	5.362166e-07	3.798993e-09	3.933527e+00	2.249196e+02
2.740000e-06	4.306983e-07	3.461471e-09	3.159476e+00	2.046690e+02
2.750000e-06	3.250825e-07	3.112161e-09	2.384710e+00	1.835793e+02
2.760000e-06	2.194277e-07	2.745330e-09	1.609657e+00	1.616079e+02
2.770000e-06	1.137524e-07	2.358760e-09	8.344539e-01	1.387250e+02
2.780000e-06	8.054322e-09	1.955635e-09	5.908414e-02	1.149234e+02
2.790000e-06	-9.763102e-08	1.540078e-09	-7.161924e-01	9.022762e+01
2.800000e-06	-2.032747e-07	1.112127e-09	-1.491164e+00	6.469947e+01
2.810000e-06	-3.088900e-07	6.711224e-10	-2.265926e+00	3.843970e+01
2.820000e-06	-4.144109e-07	2.197559e-10	-3.039996e+00	1.158487e+01
2.830000e-06	-5.198008e-07	-2.375986e-10	-3.813106e+00	-1.570002e+01
2.840000e-06	-6.250918e-07	-6.983448e-10	-4.585489e+00	-4.323178e+01
2.850000e-06	-7.302676e-07	-1.161437e-09	-5.357028e+00	-7.082055e+01
2.860000e-06	-8.352466e-07	-1.623697e-09	-6.127123e+00	-9.828089e+01
2.870000e-06	-9.400146e-07	-2.084026e-09	-6.895671e+00	-1.254410e+02
2.880000e-06	-1.044593e-06	-2.538357e-09	-7.662825e+00	-1.521495e+02
2.890000e-06	-1.148952e-06	-2.983352e-09	-8.428376e+00	-1.782789e+02
2.900000e-06	-1.253035e-06	-3.414073e-09	-9.191896e+00	-2.037272e+02
2.910000e-06	-1.356742e-06	-3.826862e-09	-9.952657e+00	-2.284164e+02
2.920000e-06	-1.460057e-06	-4.224309e-09	-1.071055e+01	-2.522910e+02
2.930000e-06	-1.562947e-06	-4.609161e-09	-1.146532e+01	-2.753143e+02
2.940000e-06	-1.665309e-06	-4.983453e-09	-1.221621e+01	-2.974653e+02
2.950000e-06	-1.767140e-06	-5.345651e-09	-1.296322e+01	-3.187354e+02
2.960000e-06	-1.868357e-06	-5.694346e-09	-1.370572e+01	-3.391254e+02
2.970000e-06	-1.968917e-06	-6.028676e-09	-1.444340e+01	-3.586428e+02
2.980000e-06	-2.068863e-06	-6.346803e-09	-1.517657e+01	-3.773004e+02
2.990000e-06	-2.168218e-06	-6.649191e-09	-1.590541e+01	-3.951150e+02
3.000000e-06	-2.266988e-06	-6.933480e-09	-1.662996e+01	-4.121074e+02
3.010000e-06	-2.365117e-06	-7.201748e-09	-1.734980e+01	-4.283027e+02
3.020000e-06	-2.462540e-06	-7.460636e-09	-1.806447e+01	-4.437306e+02
3.030000e-06	-2.559259e-06	-7.711140e-09	-1.877397e+01	-4.584259e+02
3.040000e-06	-2.655389e-06	-7.950179e-09	-1.947915e+01	-4.724281e+02
3.050000e-06	-2.750934e-06	-8.175626e-09	-2.018005e+01	-4.857797e+02
3.060000e-06	-2.845687e-06	-8.390218e-09	-2.087512e+01	-4.985244e+02
3.070000e-06	-2.939367e-06	-8.596280e-09	-2.156233e+01	-5.107043e+02
3.080000e-06	-3.031942e-06	-8.793868e-09	-2.224143e+01	-5.223573e+02
3.090000e-06	-3.123564e-06	-8.981980e-09	-2.291355e+01	-5.335157e+02
3.100000e-06	-3.214311e-06	-9.162547e-09	-2.357924e+01	-5.442051e+02
3.110000e-06	-3.304139e-06	-9.337841e-09	-2.423819e+01	-5.544453e+02
3.120000e-06	-3.393039e-06	-9.506584e-09	-2.489034e+01	-5.642525e+02
3.130000e-06	-3.481101e-06	-9.666961e-09	-2.553633e+01	-5.736409e+02
3.140000e-06	-3.568281e-06	-9.819734e-09	-2.617586e+01	-5.826254e+02
3.150000e-06	-3.654372e-06	-9.964567e-09	-2.680740e+01	-5.912227e+02
3.160000e-06	-3.739279e-06	-1.010186e-08	-2.743025e+01	-5.994516e+02
3.170000e-06	-3.823109e-06	-1.023207e-08	-2.804520e+01	-6.073320e+02
3.180000e-06	-3.905931e-06	-1.036037e-08	-2.865276e+01	-6.148832e+02
3.190000e-06	-3.987736e-06	-1.048650e-08	-2.925286e+01	-6.221229e+02
3.200000e-06	-4.068503e-06	-1.060579e-08	-2.984534e+01	-6.290655e+02
3.210000e-06	-4.148267e-06	-1.071883e-08	-3.043047e+01	-6.357231e+02
3.220000e-06	-4.226921e-06	-1.082778e-08	-3.100745e+01	-6.421063e+02
3.230000e-06	-4.304211e-06	-1.093173e-08	-3.157442e+01	-6.482257e+02
3.240000e-06	-4.380081e-06	-1.102996e-08	-3.213099e+01	-6.540939e+02
3.250000e-06	-4.454632e-06	-1.112249e-08	-3.267787e+01	-6.597263e+02
3.260000e-06	-4.527936e-06	-1.121167e-08	-3.321560e+01	-6.651404e+02
3.270000e-06	-4.600068e-06	-1.130088e-08	-3.374474e+01	-6.703548e+02
3.280000e-06	-4.670917e-06	-1.138735e-08	-3.426447e+01	-6.753860e+02
3.290000e-06	-4.740228e-06	-1.147155e-08	-3.477291e+01	-6.802467e+02
3.300000e-06	-4.808112e-06	-1.155354e-08	-3.527089e+01	-6.849442e+02
3.310000e-06	-4.874735e-06	-1.163299e-08	-3.575962e+01	-6.894805e+02
3.320000e-06	-4.940016e-06	-1.170888e-08	-3.623851e+01	-6.938540e+02
3.330000e-06	-5.003985e-06	-1.177919e-08	-3.670776e+01	-6.980624e+02
3.340000e-06	-5.066499e-06	-1.184211e-08	-3.716634e+01	-7.021055e+02
3.350000e-06	-5.127366e-06	-1.190345e-08	-3.761285e+01	-7.059878e+02
3.360000e-06	-5.186707e-06	-1.196775e-08	-3.804816e+01	-7.097187e+02
3.370000e-06	-5.244630e-06	-1.203175e-08	-3.847306e+01	-7.133113e+02
3.380000e-06	-5.301149e-06	-1.209341e-08	-3.888767e+01	-7.167791e+02
3.390000e-06	-5.356128e-06	-1.215087e-08	-3.929098e+01	-7.201327e+02
3.400000e-06	-5.409272e-06	-1.220622e-08	-3.968083e+01	-7.233762e+02
3.410000e-06	-5.460586e-06	-1.225754e-08	-4.005725e+01	-7.265061e+02
3.420000e-06	-5.510138e-06	-1.230437e-08	-4.042075e+01	-7.295126e+02
3.430000e-06	-5.557725e-06	-1.234797e-08	-4.076984e+01	-7.323823e+02
3.440000e-06	-5.603572e-06	-1.239013e-08	-4.110616e+01	-7.351032e+02
3.450000e-06	-5.648005e-06	-1.243357e-08	-4.143210e+01	-7.376688e+02
3.460000e-06	-5.691060e-06	-1.247705e-08	-4.174794e+01	-7.400811e+02
3.470000e-06	-5.732741e-06	-1.251733e-08	-4.205370e+01	-7.423507e+02
3.480000e-06	-5.772976e-06	-1.255304e-08	-4.234885e+01	-7.444946e+02
3.490000e-06	-5.811582e-06	-1.258702e-08	-4.263206e+01	-7.465309e+02
3.500000e-06	-5.848416e-06	-1.261792e-08	-4.290226e+01	-7.484746e+02
3.510000e-06	-5.883599e-06	-1.264450e-08	-4.316035e+01	-7.503327e+02
3.520000e-06	-5.917274e-06	-1.267098e-08	-4.340738e+01	-7.521026e+02
3.530000e-06	-5.949383e-06	-1.269909e-08	-4.364292e+01	-7.537743e+02
3.540000e-06	-5.979674e-06	-1.272787e-08	-4.386513e+01	-7.553339e+02
3.550000e-06	-6.008124e-06	-1.275411e-08	-4.407383e+01	-7.567696e+02
3.560000e-06	-6.034932e-06	-1.277579e-08	-4.427049e+01	-7.580766e+02
3.570000e-06	-6.060129e-06	-1.279599e-08	-4.445532e+01	-7.592605e+02
3.580000e-06	-6.083748e-06	-1.281478e-08	-4.462858e+01	-7.603363e+02
3.590000e-06	-6.105618e-06	-1.282949e-08	-4.478901e+01	-7.613247e+02
3.600000e-06	-6.125674e-06	-1.284282e-08	-4.493614e+01	-7.622461e+02
3.610000e-06	-6.144115e-06	-1.285992e-08	-4.507142e+01	-7.631142e+02
3.620000e-06	-6.160969e-06	-1.287738e-08	-4.519505e+01	-7.639314e+02
3.630000e-06	-6.176065e-06	-1.289205e-08	-4.530580e+01	-7.646874e+02
3.640000e-06	-6.189129e-06	-1.290454e-08	-4.540163e+01	-7.653624e+02
3.650000e-06	-6.200217e-06	-1.291520e-08	-4.548297e+01	-7.659333e+02
3.660000e-06	-6.209576e-06	-1.292114e-08	-4.555162e+01	-7.663808e+02
3.670000e-06	-6.217248e-06	-1.292338e-08	-4.560790e+01	-7.666965e+02
3.680000e-06	-6.223042e-06	-1.292747e-08	-4.565041e+01	-7.668861e+02
3.690000e-06	-6.226947e-06	-1.293330e-08	-4.567905e+01	-7.669679e+02
3.700000e-06	-6.229200e-06	-1.293817e-08	-4.569558e+01	-7.669679e+02
3.710000e-06	-6.229838e-06	-1.294059e-08	-4.570025e+01	-7.669108e+02
