# Configuracion:
# Concentracion g/m^3_=_9000.0
# C_Vs_to_Am_M_A/Vsm_=_59384043850.047264
# pendiente_HvsI_1/m_=_3716.3
# ordenada_HvsI_A/m_=_1297.0
# frecuencia_ref_Hz_=_175592.5403513751
# 
Resultados:
# tau_ns_=_(2.85+/-0.11)e+01
# dphi_rad_=_6.31+/-0.00
# SAR_W/g_=_74.55+/-2.99
# Hc_kA/m_=_2.37+/-0.02
# Mr_A/m_=_71.81+/-0.80
# Magnetizacion_max_=_593.22+/-4.52
# Suceptibilidad_a_M=0_=_(3.133+/-0.016)e-02

Nombre_archivo	Time_m_(s)	Temperatura_(ºC)	Mr_(A/m)	Hc_(kA/m)	Campo_max_(A/m)	Mag_max_(A/m)	f0	mag0	dphi0	SAR_(W/g)	Tau_(ns)	N	xi_M_0
170kHz_120dA_100Mss_bobN1FGFe-0007.txt		20.00	71.50	2.38	45892.60	579.35	1.755926e+05	2.779067e+01	6.315687e+00	75.43	29.469958	4556	3.102e-02
170kHz_120dA_100Mss_bobN1FGFe-0008.txt		20.00	71.09	2.37	45892.60	585.50	1.755926e+05	2.799394e+01	6.313653e+00	71.22	27.624669	4556	3.117e-02
170kHz_120dA_100Mss_bobN1FGFe-0009.txt		20.00	71.12	2.37	45892.60	585.91	1.755926e+05	2.801150e+01	6.313678e+00	71.33	27.647492	4556	3.122e-02
170kHz_120dA_100Mss_bobN1FGFe-0010.txt		20.00	71.88	2.38	45892.60	591.82	1.755926e+05	2.829943e+01	6.314981e+00	75.14	28.829227	4556	3.124e-02
170kHz_120dA_100Mss_bobN1FGFe-0011.txt		20.00	70.66	2.35	45892.60	586.30	1.755926e+05	2.801531e+01	6.313312e+00	70.48	27.315596	4556	3.121e-02
170kHz_120dA_100Mss_bobN1FGFe-0012.txt		20.00	71.32	2.36	45892.60	587.04	1.755541e+05	2.808735e+01	6.314388e+00	73.17	28.291380	4557	3.111e-02
170kHz_120dA_100Mss_bobN1FGFe-0013.txt		20.00	71.07	2.36	45892.60	588.91	1.755926e+05	2.815477e+01	6.313878e+00	72.16	27.828231	4556	3.126e-02
170kHz_120dA_100Mss_bobN1FGFe-0014.txt		20.00	71.39	2.37	45892.60	592.06	1.755541e+05	2.827999e+01	6.313633e+00	71.89	27.606513	4557	3.112e-02
170kHz_120dA_100Mss_bobN1FGFe-0015.txt		20.00	70.19	2.33	45892.60	591.99	1.755926e+05	2.828795e+01	6.312333e+00	68.85	26.426631	4556	3.123e-02
170kHz_120dA_100Mss_bobN1FGFe-0016.txt		20.00	71.45	2.36	45892.60	593.99	1.755926e+05	2.837333e+01	6.314040e+00	73.11	27.975991	4556	3.133e-02
170kHz_120dA_100Mss_bobN1FGFe-0017.txt		20.00	71.30	2.36	45892.60	593.48	1.755926e+05	2.832110e+01	6.314476e+00	74.00	28.371432	4556	3.128e-02
170kHz_120dA_100Mss_bobN1FGFe-0018.txt		20.00	71.70	2.38	45892.60	588.66	1.755926e+05	2.816392e+01	6.315301e+00	75.53	29.120313	4556	3.129e-02
170kHz_120dA_100Mss_bobN1FGFe-0019.txt		20.00	71.50	2.36	45892.60	593.74	1.755926e+05	2.836147e+01	6.314424e+00	73.99	28.324511	4556	3.129e-02
170kHz_120dA_100Mss_bobN1FGFe-0020.txt		20.00	71.80	2.37	45892.60	593.75	1.755926e+05	2.839570e+01	6.314210e+00	73.57	28.129744	4556	3.135e-02
170kHz_120dA_100Mss_bobN1FGFe-0021.txt		20.00	73.59	2.43	45892.60	594.11	1.755926e+05	2.841957e+01	6.317838e+00	82.24	31.422222	4556	3.134e-02
170kHz_120dA_100Mss_bobN1FGFe-0022.txt		20.00	71.71	2.38	45892.60	594.63	1.755541e+05	2.839696e+01	6.315189e+00	75.87	29.017441	4557	3.108e-02
170kHz_120dA_100Mss_bobN1FGFe-0023.txt		20.00	72.14	2.37	45892.60	595.36	1.755541e+05	2.845952e+01	6.314953e+00	75.48	28.803813	4557	3.134e-02
170kHz_120dA_100Mss_bobN1FGFe-0024.txt		20.00	72.85	2.39	45892.60	594.64	1.755541e+05	2.846449e+01	6.315655e+00	77.16	29.440723	4557	3.143e-02
170kHz_120dA_100Mss_bobN1FGFe-0025.txt		20.00	71.47	2.34	45892.60	597.84	1.755541e+05	2.856761e+01	6.313337e+00	71.91	27.337524	4557	3.146e-02
170kHz_120dA_100Mss_bobN1FGFe-0026.txt		20.00	73.33	2.40	45892.60	596.03	1.755926e+05	2.853348e+01	6.316514e+00	79.41	30.220425	4556	3.169e-02
170kHz_120dA_100Mss_bobN1FGFe-0027.txt		20.00	72.36	2.38	45892.60	595.15	1.755926e+05	2.844949e+01	6.315015e+00	75.62	28.860882	4556	3.148e-02
170kHz_120dA_100Mss_bobN1FGFe-0028.txt		20.00	71.37	2.34	45892.60	596.93	1.755926e+05	2.852551e+01	6.313882e+00	73.12	27.832772	4556	3.150e-02
170kHz_120dA_100Mss_bobN1FGFe-0029.txt		20.00	72.31	2.37	45892.60	598.94	1.755926e+05	2.863536e+01	6.315126e+00	76.38	28.961487	4556	3.157e-02
170kHz_120dA_100Mss_bobN1FGFe-0030.txt		20.00	70.98	2.36	45892.60	594.89	1.755926e+05	2.838426e+01	6.312813e+00	70.23	26.862625	4556	3.107e-02
170kHz_120dA_100Mss_bobN1FGFe-0031.txt		20.00	72.24	2.37	45892.60	596.36	1.755541e+05	2.852617e+01	6.315123e+00	76.06	28.958932	4557	3.142e-02
170kHz_120dA_100Mss_bobN1FGFe-0032.txt		20.00	72.47	2.38	45892.60	596.30	1.755926e+05	2.852413e+01	6.314645e+00	74.94	28.524980	4556	3.154e-02
170kHz_120dA_100Mss_bobN1FGFe-0033.txt		20.00	73.26	2.40	45892.60	596.01	1.755926e+05	2.851700e+01	6.316608e+00	79.59	30.305702	4556	3.154e-02
170kHz_120dA_100Mss_bobN1FGFe-0034.txt		20.00	71.40	2.36	45892.60	597.46	1.755926e+05	2.854779e+01	6.314301e+00	74.18	28.212108	4556	3.147e-02
170kHz_120dA_100Mss_bobN1FGFe-0035.txt		20.00	72.29	2.38	45892.60	597.92	1.755926e+05	2.856762e+01	6.315980e+00	78.24	29.736581	4556	3.148e-02
170kHz_120dA_100Mss_bobN1FGFe-0036.txt		20.00	73.07	2.39	45892.60	598.86	1.755541e+05	2.862432e+01	6.316024e+00	78.48	29.775870	4557	3.148e-02
170kHz_120dA_100Mss_bobN1FGFe-0037.txt		20.00	71.38	2.35	45892.60	595.77	1.755541e+05	2.847767e+01	6.313536e+00	72.16	27.518686	4557	3.132e-02
