# Temperatura_=_20.0
# Concentracion g/m^3_=_9000.0
# C_Vs_to_Am_M_A/Vsm_=_59384043850.047264
# pendiente_HvsI_1/m_=_3716.3
# ordenada_HvsI_A/m_=_1297.0
# frecuencia_Hz_=_269366.42447043577

Tiempo_(s)	Campo_(V.s)	Magnetizacion_(V.s)	Campo_(kA/m)	Magnetizacion_(A/m)
0.000000e+00	-6.359677e-06	-9.222883e-09	-4.570039e+01	-5.457443e+02
1.000000e-08	-6.358461e-06	-9.220186e-09	-4.569165e+01	-5.456983e+02
2.000000e-08	-6.355328e-06	-9.215531e-09	-4.566914e+01	-5.456467e+02
3.000000e-08	-6.350500e-06	-9.212436e-09	-4.563445e+01	-5.455668e+02
4.000000e-08	-6.344141e-06	-9.207817e-09	-4.558874e+01	-5.454234e+02
5.000000e-08	-6.336246e-06	-9.205381e-09	-4.553202e+01	-5.451791e+02
6.000000e-08	-6.326444e-06	-9.203333e-09	-4.546158e+01	-5.448063e+02
7.000000e-08	-6.314572e-06	-9.215213e-09	-4.537626e+01	-5.442972e+02
8.000000e-08	-6.300836e-06	-9.227675e-09	-4.527756e+01	-5.436688e+02
9.000000e-08	-6.284843e-06	-9.128870e-09	-4.516263e+01	-5.429606e+02
1.000000e-07	-6.266524e-06	-9.041060e-09	-4.503099e+01	-5.422252e+02
1.100000e-07	-6.246280e-06	-9.078195e-09	-4.488552e+01	-5.415150e+02
1.200000e-07	-6.224320e-06	-9.121524e-09	-4.472772e+01	-5.408667e+02
1.300000e-07	-6.200978e-06	-9.265541e-09	-4.455999e+01	-5.402904e+02
1.400000e-07	-6.176491e-06	-9.209954e-09	-4.438402e+01	-5.397648e+02
1.500000e-07	-6.150322e-06	-8.940012e-09	-4.419597e+01	-5.392407e+02
1.600000e-07	-6.122450e-06	-9.148255e-09	-4.399569e+01	-5.386527e+02
1.700000e-07	-6.093206e-06	-9.195209e-09	-4.378553e+01	-5.379350e+02
1.800000e-07	-6.062264e-06	-8.932465e-09	-4.356319e+01	-5.370380e+02
1.900000e-07	-6.029743e-06	-9.008710e-09	-4.332949e+01	-5.359401e+02
2.000000e-07	-5.995705e-06	-8.952095e-09	-4.308490e+01	-5.346527e+02
2.100000e-07	-5.959902e-06	-8.970129e-09	-4.282762e+01	-5.332155e+02
2.200000e-07	-5.922423e-06	-9.126297e-09	-4.255830e+01	-5.316854e+02
2.300000e-07	-5.883300e-06	-8.911616e-09	-4.227716e+01	-5.301205e+02
2.400000e-07	-5.842366e-06	-8.805417e-09	-4.198301e+01	-5.285650e+02
2.500000e-07	-5.799569e-06	-8.909219e-09	-4.167548e+01	-5.270380e+02
2.600000e-07	-5.755002e-06	-8.893418e-09	-4.135522e+01	-5.255303e+02
2.700000e-07	-5.708848e-06	-8.850393e-09	-4.102356e+01	-5.240087e+02
2.800000e-07	-5.661118e-06	-8.725148e-09	-4.068057e+01	-5.224264e+02
2.900000e-07	-5.611366e-06	-8.760645e-09	-4.032305e+01	-5.207367e+02
3.000000e-07	-5.559485e-06	-8.847915e-09	-3.995024e+01	-5.189053e+02
3.100000e-07	-5.505834e-06	-8.699479e-09	-3.956471e+01	-5.169178e+02
3.200000e-07	-5.450648e-06	-8.575756e-09	-3.916814e+01	-5.147812e+02
3.300000e-07	-5.393912e-06	-8.595640e-09	-3.876044e+01	-5.125191e+02
3.400000e-07	-5.335471e-06	-8.666316e-09	-3.834048e+01	-5.101615e+02
3.500000e-07	-5.275424e-06	-8.560189e-09	-3.790899e+01	-5.077355e+02
3.600000e-07	-5.213879e-06	-8.451202e-09	-3.746673e+01	-5.052559e+02
3.700000e-07	-5.150878e-06	-8.476962e-09	-3.701401e+01	-5.027219e+02
3.800000e-07	-5.086388e-06	-8.445852e-09	-3.655058e+01	-5.001184e+02
3.900000e-07	-5.020232e-06	-8.377884e-09	-3.607519e+01	-4.974218e+02
4.000000e-07	-4.952473e-06	-8.284953e-09	-3.558828e+01	-4.946082e+02
4.100000e-07	-4.883342e-06	-8.252047e-09	-3.509151e+01	-4.916605e+02
4.200000e-07	-4.812959e-06	-8.261746e-09	-3.458574e+01	-4.885737e+02
4.300000e-07	-4.741343e-06	-8.182954e-09	-3.407110e+01	-4.853545e+02
4.400000e-07	-4.668334e-06	-8.092017e-09	-3.354646e+01	-4.820181e+02
4.500000e-07	-4.593696e-06	-8.044126e-09	-3.301012e+01	-4.785822e+02
4.600000e-07	-4.517476e-06	-8.017920e-09	-3.246241e+01	-4.750600e+02
4.700000e-07	-4.439897e-06	-7.945890e-09	-3.190493e+01	-4.714559e+02
4.800000e-07	-4.361006e-06	-7.848862e-09	-3.133802e+01	-4.677641e+02
4.900000e-07	-4.280786e-06	-7.802664e-09	-3.076156e+01	-4.639703e+02
5.000000e-07	-4.199240e-06	-7.754134e-09	-3.017558e+01	-4.600569e+02
5.100000e-07	-4.116569e-06	-7.680663e-09	-2.958151e+01	-4.560082e+02
5.200000e-07	-4.033001e-06	-7.586665e-09	-2.898098e+01	-4.518146e+02
5.300000e-07	-3.948498e-06	-7.520933e-09	-2.837375e+01	-4.474745e+02
5.400000e-07	-3.863035e-06	-7.474433e-09	-2.775962e+01	-4.429929e+02
5.500000e-07	-3.776659e-06	-7.388954e-09	-2.713893e+01	-4.383778e+02
5.600000e-07	-3.689362e-06	-7.288449e-09	-2.651161e+01	-4.336353e+02
5.700000e-07	-3.600981e-06	-7.207007e-09	-2.587651e+01	-4.287652e+02
5.800000e-07	-3.511424e-06	-7.143393e-09	-2.523295e+01	-4.237596e+02
5.900000e-07	-3.420811e-06	-7.045859e-09	-2.458181e+01	-4.186033e+02
6.000000e-07	-3.329253e-06	-6.934481e-09	-2.392388e+01	-4.132770e+02
6.100000e-07	-3.236726e-06	-6.852760e-09	-2.325899e+01	-4.077617e+02
6.200000e-07	-3.143254e-06	-6.778716e-09	-2.258730e+01	-4.020430e+02
6.300000e-07	-3.048948e-06	-6.673713e-09	-2.190962e+01	-3.961135e+02
6.400000e-07	-2.953846e-06	-6.547034e-09	-2.122622e+01	-3.899721e+02
6.500000e-07	-2.857859e-06	-6.447578e-09	-2.053646e+01	-3.836223e+02
6.600000e-07	-2.760854e-06	-6.355715e-09	-1.983939e+01	-3.770670e+02
6.700000e-07	-2.662884e-06	-6.234805e-09	-1.913538e+01	-3.703053e+02
6.800000e-07	-2.564081e-06	-6.096987e-09	-1.842538e+01	-3.633289e+02
6.900000e-07	-2.464532e-06	-5.979658e-09	-1.771003e+01	-3.561222e+02
7.000000e-07	-2.364245e-06	-5.870957e-09	-1.698937e+01	-3.486635e+02
7.100000e-07	-2.263234e-06	-5.733014e-09	-1.626351e+01	-3.409293e+02
7.200000e-07	-2.161566e-06	-5.579540e-09	-1.553293e+01	-3.328974e+02
7.300000e-07	-2.059310e-06	-5.442394e-09	-1.479812e+01	-3.245504e+02
7.400000e-07	-1.956545e-06	-5.314777e-09	-1.405965e+01	-3.158766e+02
7.500000e-07	-1.853240e-06	-5.161409e-09	-1.331731e+01	-3.068684e+02
7.600000e-07	-1.749395e-06	-4.991134e-09	-1.257108e+01	-2.975195e+02
7.700000e-07	-1.645029e-06	-4.830326e-09	-1.182111e+01	-2.878209e+02
7.800000e-07	-1.540097e-06	-4.671755e-09	-1.106708e+01	-2.777577e+02
7.900000e-07	-1.434685e-06	-4.490149e-09	-1.030959e+01	-2.673076e+02
8.000000e-07	-1.328894e-06	-4.290406e-09	-9.549382e+00	-2.564417e+02
8.100000e-07	-1.222706e-06	-4.100171e-09	-8.786314e+00	-2.451261e+02
8.200000e-07	-1.116120e-06	-3.915193e-09	-8.020391e+00	-2.333259e+02
8.300000e-07	-1.009187e-06	-3.709459e-09	-7.251981e+00	-2.210073e+02
8.400000e-07	-9.020352e-07	-3.483990e-09	-6.481989e+00	-2.081391e+02
8.500000e-07	-7.946987e-07	-3.257786e-09	-5.710673e+00	-1.946924e+02
8.600000e-07	-6.871775e-07	-3.028414e-09	-4.938031e+00	-1.806387e+02
8.700000e-07	-5.795562e-07	-2.779960e-09	-4.164668e+00	-1.659480e+02
8.800000e-07	-4.718502e-07	-2.509137e-09	-3.390697e+00	-1.505872e+02
8.900000e-07	-3.640318e-07	-2.233172e-09	-2.615918e+00	-1.345220e+02
9.000000e-07	-2.561455e-07	-1.956317e-09	-1.840651e+00	-1.177207e+02
9.100000e-07	-1.482333e-07	-1.664699e-09	-1.065199e+00	-1.001615e+02
9.200000e-07	-4.032087e-08	-1.351851e-09	-2.897442e-01	-8.184048e+01
9.300000e-07	6.760691e-08	-1.029150e-09	4.858206e-01	-6.278040e+01
9.400000e-07	1.755129e-07	-7.041419e-10	1.261229e+00	-4.303641e+01
9.500000e-07	2.833932e-07	-3.634914e-10	2.036452e+00	-2.269850e+01
9.600000e-07	3.913014e-07	-4.148996e-12	2.811877e+00	-1.889237e+00
9.700000e-07	4.991347e-07	3.573913e-10	3.586762e+00	1.924267e+01
9.800000e-07	6.068268e-07	7.121589e-10	4.360633e+00	4.053200e+01
9.900000e-07	7.143696e-07	1.067413e-09	5.133432e+00	6.180810e+01
1.000000e-06	8.217683e-07	1.426251e-09	5.905195e+00	8.290548e+01
1.010000e-06	9.289962e-07	1.775720e-09	6.675730e+00	1.036726e+02
1.020000e-06	1.036006e-06	2.110365e-09	7.444699e+00	1.239781e+02
1.030000e-06	1.142753e-06	2.438942e-09	8.211776e+00	1.437134e+02
1.040000e-06	1.249121e-06	2.763836e-09	8.976133e+00	1.627943e+02
1.050000e-06	1.355102e-06	3.075524e-09	9.737712e+00	1.811595e+02
1.060000e-06	1.460735e-06	3.368465e-09	1.049678e+01	1.987691e+02
1.070000e-06	1.565883e-06	3.649198e-09	1.125238e+01	2.156027e+02
1.080000e-06	1.670516e-06	3.920729e-09	1.200426e+01	2.316565e+02
1.090000e-06	1.774764e-06	4.177642e-09	1.275339e+01	2.469416e+02
1.100000e-06	1.878550e-06	4.417637e-09	1.349918e+01	2.614798e+02
1.110000e-06	1.981759e-06	4.646902e-09	1.424085e+01	2.753009e+02
1.120000e-06	2.084376e-06	4.869637e-09	1.497825e+01	2.884384e+02
1.130000e-06	2.186390e-06	5.081596e-09	1.571131e+01	3.009256e+02
1.140000e-06	2.287805e-06	5.279345e-09	1.644008e+01	3.127932e+02
1.150000e-06	2.388582e-06	5.465643e-09	1.716426e+01	3.240675e+02
1.160000e-06	2.488710e-06	5.644303e-09	1.788377e+01	3.347705e+02
1.170000e-06	2.588146e-06	5.816233e-09	1.859831e+01	3.449218e+02
1.180000e-06	2.686672e-06	5.977199e-09	1.930632e+01	3.545409e+02
1.190000e-06	2.784196e-06	6.129051e-09	2.000712e+01	3.636498e+02
1.200000e-06	2.880767e-06	6.274885e-09	2.070108e+01	3.722744e+02
1.210000e-06	2.976455e-06	6.414209e-09	2.138869e+01	3.804449e+02
1.220000e-06	3.071274e-06	6.543918e-09	2.207005e+01	3.881944e+02
1.230000e-06	3.165248e-06	6.662783e-09	2.274535e+01	3.955566e+02
1.240000e-06	3.258384e-06	6.777710e-09	2.341462e+01	4.025626e+02
1.250000e-06	3.350648e-06	6.891719e-09	2.407762e+01	4.092393e+02
1.260000e-06	3.442074e-06	6.999130e-09	2.473461e+01	4.156080e+02
1.270000e-06	3.532476e-06	7.097961e-09	2.538423e+01	4.216851e+02
1.280000e-06	3.621619e-06	7.193512e-09	2.602481e+01	4.274837e+02
1.290000e-06	3.709643e-06	7.288949e-09	2.665735e+01	4.330161e+02
1.300000e-06	3.796712e-06	7.379379e-09	2.728302e+01	4.382959e+02
1.310000e-06	3.882816e-06	7.460050e-09	2.790176e+01	4.433392e+02
1.320000e-06	3.967946e-06	7.537459e-09	2.851350e+01	4.481642e+02
1.330000e-06	4.052144e-06	7.616141e-09	2.911855e+01	4.527902e+02
1.340000e-06	4.135384e-06	7.691782e-09	2.971671e+01	4.572357e+02
1.350000e-06	4.217432e-06	7.758727e-09	3.030630e+01	4.615160e+02
1.360000e-06	4.298254e-06	7.823370e-09	3.088708e+01	4.656424e+02
1.370000e-06	4.377863e-06	7.891822e-09	3.145915e+01	4.696222e+02
1.380000e-06	4.456214e-06	7.958417e-09	3.202218e+01	4.734594e+02
1.390000e-06	4.533353e-06	8.019748e-09	3.257649e+01	4.771570e+02
1.400000e-06	4.609276e-06	8.079462e-09	3.312208e+01	4.807181e+02
1.410000e-06	4.683713e-06	8.139724e-09	3.365698e+01	4.841472e+02
1.420000e-06	4.756547e-06	8.196138e-09	3.418036e+01	4.874503e+02
1.430000e-06	4.827978e-06	8.246262e-09	3.469366e+01	4.906338e+02
1.440000e-06	4.898091e-06	8.295041e-09	3.519749e+01	4.937034e+02
1.450000e-06	4.966950e-06	8.346131e-09	3.569231e+01	4.966627e+02
1.460000e-06	5.034558e-06	8.395410e-09	3.617814e+01	4.995131e+02
1.470000e-06	5.100603e-06	8.440669e-09	3.665273e+01	5.022544e+02
1.480000e-06	5.164953e-06	8.484576e-09	3.711515e+01	5.048863e+02
1.490000e-06	5.227864e-06	8.530372e-09	3.756723e+01	5.074105e+02
1.500000e-06	5.289410e-06	8.573970e-09	3.800949e+01	5.098319e+02
1.510000e-06	5.349694e-06	8.614213e-09	3.844269e+01	5.121591e+02
1.520000e-06	5.408551e-06	8.651927e-09	3.886564e+01	5.144030e+02
1.530000e-06	5.465575e-06	8.687425e-09	3.927541e+01	5.165743e+02
1.540000e-06	5.520934e-06	8.722565e-09	3.967321e+01	5.186807e+02
1.550000e-06	5.574803e-06	8.754901e-09	4.006031e+01	5.207245e+02
1.560000e-06	5.626832e-06	8.786120e-09	4.043419e+01	5.227013e+02
1.570000e-06	5.676723e-06	8.819037e-09	4.079271e+01	5.246013e+02
1.580000e-06	5.724721e-06	8.852676e-09	4.113762e+01	5.264124e+02
1.590000e-06	5.771117e-06	8.883495e-09	4.147102e+01	5.281237e+02
1.600000e-06	5.816016e-06	8.911094e-09	4.179366e+01	5.297295e+02
1.610000e-06	5.859375e-06	8.936481e-09	4.210524e+01	5.312317e+02
1.620000e-06	5.900821e-06	8.960025e-09	4.240307e+01	5.326397e+02
1.630000e-06	5.940525e-06	8.978688e-09	4.268838e+01	5.339682e+02
1.640000e-06	5.978780e-06	8.996017e-09	4.296328e+01	5.352330e+02
1.650000e-06	6.015501e-06	9.016211e-09	4.322715e+01	5.364467e+02
1.660000e-06	6.050650e-06	9.037314e-09	4.347973e+01	5.376147e+02
1.670000e-06	6.083946e-06	9.057073e-09	4.371899e+01	5.387347e+02
1.680000e-06	6.115483e-06	9.075220e-09	4.394562e+01	5.397980e+02
1.690000e-06	6.145486e-06	9.093461e-09	4.416122e+01	5.407930e+02
1.700000e-06	6.173956e-06	9.109958e-09	4.436580e+01	5.417106e+02
1.710000e-06	6.200705e-06	9.122361e-09	4.455802e+01	5.425478e+02
1.720000e-06	6.225468e-06	9.131954e-09	4.473597e+01	5.433097e+02
1.730000e-06	6.248444e-06	9.141867e-09	4.490107e+01	5.440080e+02
1.740000e-06	6.269861e-06	9.152282e-09	4.505497e+01	5.446577e+02
1.750000e-06	6.289787e-06	9.161714e-09	4.519816e+01	5.452713e+02
1.760000e-06	6.308008e-06	9.170604e-09	4.532910e+01	5.458534e+02
1.770000e-06	6.324299e-06	9.181767e-09	4.544616e+01	5.463986e+02
1.780000e-06	6.338699e-06	9.193137e-09	4.554964e+01	5.468920e+02
1.790000e-06	6.351233e-06	9.200768e-09	4.563971e+01	5.473132e+02
1.800000e-06	6.361729e-06	9.202999e-09	4.571514e+01	5.476433e+02
1.810000e-06	6.370170e-06	9.203548e-09	4.577579e+01	5.478716e+02
1.820000e-06	6.376844e-06	9.204134e-09	4.582375e+01	5.480006e+02
1.830000e-06	6.381844e-06	9.203358e-09	4.585968e+01	5.480466e+02
1.840000e-06	6.385115e-06	9.201370e-09	4.588318e+01	5.480356e+02
1.850000e-06	6.386425e-06	9.196934e-09	4.589260e+01	5.479962e+02
1.860000e-06	6.385823e-06	9.197502e-09	4.588827e+01	5.479498e+02
1.870000e-06	6.383625e-06	9.205068e-09	4.587248e+01	5.479030e+02
1.880000e-06	6.379903e-06	9.204582e-09	4.584573e+01	5.478442e+02
1.890000e-06	6.374457e-06	9.200958e-09	4.580659e+01	5.477447e+02
1.900000e-06	6.367130e-06	9.197436e-09	4.575395e+01	5.475674e+02
1.910000e-06	6.358116e-06	9.188953e-09	4.568917e+01	5.472771e+02
1.920000e-06	6.347542e-06	9.160447e-09	4.561319e+01	5.468526e+02
1.930000e-06	6.335243e-06	9.105475e-09	4.552481e+01	5.462953e+02
1.940000e-06	6.320885e-06	9.200024e-09	4.542163e+01	5.456312e+02
1.950000e-06	6.304184e-06	9.282909e-09	4.530162e+01	5.449061e+02
1.960000e-06	6.284984e-06	9.227112e-09	4.516365e+01	5.441743e+02
1.970000e-06	6.263297e-06	9.134797e-09	4.500780e+01	5.434841e+02
1.980000e-06	6.239939e-06	8.898871e-09	4.483995e+01	5.428631e+02
1.990000e-06	6.215970e-06	9.091961e-09	4.466772e+01	5.423098e+02
2.000000e-06	6.190982e-06	9.296869e-09	4.448815e+01	5.417915e+02
2.010000e-06	6.164089e-06	8.911689e-09	4.429490e+01	5.412513e+02
2.020000e-06	6.135928e-06	9.053200e-09	4.409254e+01	5.406216e+02
2.030000e-06	6.106336e-06	9.229324e-09	4.387989e+01	5.398410e+02
2.040000e-06	6.074291e-06	8.992380e-09	4.364962e+01	5.388692e+02
2.050000e-06	6.040532e-06	9.172377e-09	4.340703e+01	5.376971e+02
2.060000e-06	6.005518e-06	9.001079e-09	4.315542e+01	5.363474e+02
2.070000e-06	5.968826e-06	8.754580e-09	4.289175e+01	5.348681e+02
2.080000e-06	5.930382e-06	9.110517e-09	4.261549e+01	5.333184e+02
2.090000e-06	5.889982e-06	9.024047e-09	4.232518e+01	5.317528e+02
2.100000e-06	5.847961e-06	8.865594e-09	4.202322e+01	5.302070e+02
2.110000e-06	5.804641e-06	8.889228e-09	4.171192e+01	5.286897e+02
2.120000e-06	5.759396e-06	8.818851e-09	4.138679e+01	5.271815e+02
2.130000e-06	5.712500e-06	8.999676e-09	4.104980e+01	5.256427e+02
2.140000e-06	5.664182e-06	8.747463e-09	4.070259e+01	5.240250e+02
2.150000e-06	5.614061e-06	8.623747e-09	4.034242e+01	5.222850e+02
2.160000e-06	5.562164e-06	8.900467e-09	3.996949e+01	5.203953e+02
2.170000e-06	5.508231e-06	8.802779e-09	3.958193e+01	5.183499e+02
2.180000e-06	5.452549e-06	8.691897e-09	3.918180e+01	5.161627e+02
2.190000e-06	5.395310e-06	8.549102e-09	3.877049e+01	5.138610e+02
2.200000e-06	5.336445e-06	8.650441e-09	3.834748e+01	5.114749e+02
2.210000e-06	5.276209e-06	8.701255e-09	3.791463e+01	5.090277e+02
2.220000e-06	5.214330e-06	8.428794e-09	3.746997e+01	5.065284e+02
2.230000e-06	5.150718e-06	8.479910e-09	3.701286e+01	5.039706e+02
2.240000e-06	5.085491e-06	8.472246e-09	3.654414e+01	5.013350e+02
2.250000e-06	5.018822e-06	8.452488e-09	3.606505e+01	4.985969e+02
2.260000e-06	4.950999e-06	8.344299e-09	3.557769e+01	4.957342e+02
2.270000e-06	4.881586e-06	8.197879e-09	3.507889e+01	4.927341e+02
2.280000e-06	4.810473e-06	8.313065e-09	3.456787e+01	4.895960e+02
2.290000e-06	4.738018e-06	8.225951e-09	3.404721e+01	4.863307e+02
2.300000e-06	4.664320e-06	8.144311e-09	3.351762e+01	4.829548e+02
2.310000e-06	4.589266e-06	8.052310e-09	3.297828e+01	4.794852e+02
2.320000e-06	4.512691e-06	8.024454e-09	3.242802e+01	4.759322e+02
2.330000e-06	4.434657e-06	8.022118e-09	3.186727e+01	4.722962e+02
2.340000e-06	4.355255e-06	7.849680e-09	3.129669e+01	4.685679e+02
2.350000e-06	4.274668e-06	7.807014e-09	3.071760e+01	4.647311e+02
2.360000e-06	4.192938e-06	7.766791e-09	3.013029e+01	4.607684e+02
2.370000e-06	4.110177e-06	7.751306e-09	2.953557e+01	4.566659e+02
2.380000e-06	4.026454e-06	7.636409e-09	2.893394e+01	4.524169e+02
2.390000e-06	3.941593e-06	7.507145e-09	2.832413e+01	4.480227e+02
2.400000e-06	3.855561e-06	7.496708e-09	2.770591e+01	4.434899e+02
2.410000e-06	3.768321e-06	7.424648e-09	2.707901e+01	4.388264e+02
2.420000e-06	3.680046e-06	7.324677e-09	2.644466e+01	4.340362e+02
2.430000e-06	3.590898e-06	7.197679e-09	2.580405e+01	4.291165e+02
2.440000e-06	3.500829e-06	7.159949e-09	2.515682e+01	4.240564e+02
2.450000e-06	3.409864e-06	7.099639e-09	2.450315e+01	4.188385e+02
2.460000e-06	3.318036e-06	6.964789e-09	2.384327e+01	4.134431e+02
2.470000e-06	3.225246e-06	6.848648e-09	2.317649e+01	4.078527e+02
2.480000e-06	3.131355e-06	6.777593e-09	2.250179e+01	4.020552e+02
2.490000e-06	3.036491e-06	6.717424e-09	2.182011e+01	3.960459e+02
2.500000e-06	2.940715e-06	6.576331e-09	2.113186e+01	3.898257e+02
2.510000e-06	2.844003e-06	6.447687e-09	2.043689e+01	3.833984e+02
2.520000e-06	2.746436e-06	6.360538e-09	1.973578e+01	3.767660e+02
2.530000e-06	2.648201e-06	6.266905e-09	1.902987e+01	3.699249e+02
2.540000e-06	2.549382e-06	6.118098e-09	1.831976e+01	3.628642e+02
2.550000e-06	2.449837e-06	5.970955e-09	1.760443e+01	3.555655e+02
2.560000e-06	2.349468e-06	5.874686e-09	1.688319e+01	3.480061e+02
2.570000e-06	2.248285e-06	5.767515e-09	1.615609e+01	3.401624e+02
2.580000e-06	2.146391e-06	5.614693e-09	1.542388e+01	3.320139e+02
2.590000e-06	2.043840e-06	5.447546e-09	1.468695e+01	3.235453e+02
2.600000e-06	1.940649e-06	5.320296e-09	1.394543e+01	3.147466e+02
2.610000e-06	1.836867e-06	5.184480e-09	1.319965e+01	3.056113e+02
2.620000e-06	1.732511e-06	5.004747e-09	1.244976e+01	2.961324e+02
2.630000e-06	1.627643e-06	4.815556e-09	1.169618e+01	2.862990e+02
2.640000e-06	1.522380e-06	4.658735e-09	1.093976e+01	2.760935e+02
2.650000e-06	1.416810e-06	4.504585e-09	1.018114e+01	2.654910e+02
2.660000e-06	1.310888e-06	4.308905e-09	9.419988e+00	2.544604e+02
2.670000e-06	1.204646e-06	4.098830e-09	8.656536e+00	2.429670e+02
2.680000e-06	1.098134e-06	3.908273e-09	7.891148e+00	2.309760e+02
2.690000e-06	9.913362e-07	3.715619e-09	7.123703e+00	2.184546e+02
2.700000e-06	8.843490e-07	3.484012e-09	6.354897e+00	2.053726e+02
2.710000e-06	7.772151e-07	3.235922e-09	5.585037e+00	1.917015e+02
2.720000e-06	6.699357e-07	3.002825e-09	4.814132e+00	1.774124e+02
2.730000e-06	5.625217e-07	2.768272e-09	4.042259e+00	1.624742e+02
2.740000e-06	4.549933e-07	2.499040e-09	3.269564e+00	1.468531e+02
2.750000e-06	3.473985e-07	2.210204e-09	2.496392e+00	1.305150e+02
2.760000e-06	2.397962e-07	1.930621e-09	1.723166e+00	1.134311e+02
2.770000e-06	1.322010e-07	1.647106e-09	9.499913e-01	9.558518e+01
2.780000e-06	2.455936e-08	1.330214e-09	1.764826e-01	7.698253e+01
2.790000e-06	-8.312281e-08	9.904337e-10	-5.973173e-01	5.765746e+01
2.800000e-06	-1.907929e-07	6.580164e-10	-1.371030e+00	3.767817e+01
2.810000e-06	-2.984089e-07	3.246347e-10	-2.144354e+00	1.714736e+01
2.820000e-06	-4.059423e-07	-3.061278e-11	-2.917086e+00	-3.801625e+00
2.830000e-06	-5.133664e-07	-3.990222e-10	-3.689031e+00	-2.501265e+01
2.840000e-06	-6.207255e-07	-7.546473e-10	-4.460509e+00	-4.631716e+01
2.850000e-06	-7.279875e-07	-1.099920e-09	-5.231289e+00	-6.754523e+01
2.860000e-06	-8.350114e-07	-1.455542e-09	-6.000359e+00	-8.853576e+01
2.870000e-06	-9.417854e-07	-1.814892e-09	-6.767633e+00	-1.091442e+02
2.880000e-06	-1.048391e-06	-2.155955e-09	-7.533696e+00	-1.292474e+02
2.890000e-06	-1.154768e-06	-2.477393e-09	-8.298121e+00	-1.487461e+02
2.900000e-06	-1.260864e-06	-2.794958e-09	-9.060520e+00	-1.675648e+02
2.910000e-06	-1.366670e-06	-3.106624e-09	-9.820834e+00	-1.856504e+02
2.920000e-06	-1.472163e-06	-3.397495e-09	-1.057891e+01	-2.029707e+02
2.930000e-06	-1.577290e-06	-3.668799e-09	-1.133435e+01	-2.195116e+02
2.940000e-06	-1.681913e-06	-3.937147e-09	-1.208616e+01	-2.352754e+02
2.950000e-06	-1.786020e-06	-4.202544e-09	-1.283427e+01	-2.502775e+02
2.960000e-06	-1.889671e-06	-4.446416e-09	-1.357910e+01	-2.645432e+02
2.970000e-06	-1.992802e-06	-4.669236e-09	-1.432020e+01	-2.781042e+02
2.980000e-06	-2.095244e-06	-4.884719e-09	-1.505634e+01	-2.909942e+02
2.990000e-06	-2.196895e-06	-5.094643e-09	-1.578680e+01	-3.032459e+02
3.000000e-06	-2.297755e-06	-5.288600e-09	-1.651158e+01	-3.148884e+02
3.010000e-06	-2.397907e-06	-5.468440e-09	-1.723127e+01	-3.259462e+02
3.020000e-06	-2.497435e-06	-5.646917e-09	-1.794647e+01	-3.364402e+02
3.030000e-06	-2.596259e-06	-5.823389e-09	-1.865662e+01	-3.463898e+02
3.040000e-06	-2.694290e-06	-5.988041e-09	-1.936106e+01	-3.558150e+02
3.050000e-06	-2.791562e-06	-6.135833e-09	-2.006005e+01	-3.647392e+02
3.060000e-06	-2.888066e-06	-6.277086e-09	-2.075353e+01	-3.731900e+02
3.070000e-06	-2.983875e-06	-6.415436e-09	-2.144201e+01	-3.811988e+02
3.080000e-06	-3.078879e-06	-6.542761e-09	-2.212470e+01	-3.887994e+02
3.090000e-06	-3.172852e-06	-6.658438e-09	-2.279999e+01	-3.960247e+02
3.100000e-06	-3.265708e-06	-6.773473e-09	-2.346725e+01	-4.029046e+02
3.110000e-06	-3.357532e-06	-6.891492e-09	-2.412709e+01	-4.094638e+02
3.120000e-06	-3.448451e-06	-7.002880e-09	-2.478043e+01	-4.157217e+02
3.130000e-06	-3.538401e-06	-7.103661e-09	-2.542681e+01	-4.216931e+02
3.140000e-06	-3.627374e-06	-7.199949e-09	-2.606617e+01	-4.273906e+02
3.150000e-06	-3.715438e-06	-7.296544e-09	-2.669899e+01	-4.328268e+02
3.160000e-06	-3.802520e-06	-7.386333e-09	-2.732476e+01	-4.380160e+02
3.170000e-06	-3.888388e-06	-7.465492e-09	-2.794180e+01	-4.429754e+02
3.180000e-06	-3.973019e-06	-7.542421e-09	-2.854996e+01	-4.477237e+02
3.190000e-06	-4.056591e-06	-7.622278e-09	-2.915050e+01	-4.522802e+02
3.200000e-06	-4.139163e-06	-7.700798e-09	-2.974386e+01	-4.566623e+02
3.210000e-06	-4.220695e-06	-7.773533e-09	-3.032975e+01	-4.608840e+02
3.220000e-06	-4.301165e-06	-7.842730e-09	-3.090800e+01	-4.649550e+02
3.230000e-06	-4.380470e-06	-7.912922e-09	-3.147788e+01	-4.688811e+02
3.240000e-06	-4.458359e-06	-7.978218e-09	-3.203759e+01	-4.726658e+02
3.250000e-06	-4.534762e-06	-8.035588e-09	-3.258662e+01	-4.763120e+02
3.260000e-06	-4.609740e-06	-8.091197e-09	-3.312541e+01	-4.798232e+02
3.270000e-06	-4.683393e-06	-8.149949e-09	-3.365468e+01	-4.832045e+02
3.280000e-06	-4.755830e-06	-8.206710e-09	-3.417521e+01	-4.864622e+02
3.290000e-06	-4.826981e-06	-8.260293e-09	-3.468650e+01	-4.896026e+02
3.300000e-06	-4.896623e-06	-8.313337e-09	-3.518694e+01	-4.926307e+02
3.310000e-06	-4.964769e-06	-8.364334e-09	-3.567663e+01	-4.955493e+02
3.320000e-06	-5.031571e-06	-8.411813e-09	-3.615667e+01	-4.983591e+02
3.330000e-06	-5.097010e-06	-8.453309e-09	-3.662691e+01	-5.010595e+02
3.340000e-06	-5.161126e-06	-8.491838e-09	-3.708765e+01	-5.036508e+02
3.350000e-06	-5.223711e-06	-8.532450e-09	-3.753738e+01	-5.061359e+02
3.360000e-06	-5.284498e-06	-8.575780e-09	-3.797420e+01	-5.085210e+02
3.370000e-06	-5.343714e-06	-8.616088e-09	-3.839972e+01	-5.108158e+02
3.380000e-06	-5.401562e-06	-8.654249e-09	-3.881541e+01	-5.130315e+02
3.390000e-06	-5.457950e-06	-8.689806e-09	-3.922061e+01	-5.151780e+02
3.400000e-06	-5.512619e-06	-8.724949e-09	-3.961346e+01	-5.172612e+02
3.410000e-06	-5.565343e-06	-8.759087e-09	-3.999234e+01	-5.192809e+02
3.420000e-06	-5.616228e-06	-8.790028e-09	-4.035799e+01	-5.212305e+02
3.430000e-06	-5.665236e-06	-8.819894e-09	-4.071017e+01	-5.230988e+02
3.440000e-06	-5.712308e-06	-8.849097e-09	-4.104842e+01	-5.248737e+02
3.450000e-06	-5.757830e-06	-8.878830e-09	-4.137554e+01	-5.265460e+02
3.460000e-06	-5.801984e-06	-8.906385e-09	-4.169283e+01	-5.281124e+02
3.470000e-06	-5.844685e-06	-8.930607e-09	-4.199967e+01	-5.295780e+02
3.480000e-06	-5.885905e-06	-8.953410e-09	-4.229588e+01	-5.309545e+02
3.490000e-06	-5.925654e-06	-8.975479e-09	-4.258152e+01	-5.322576e+02
3.500000e-06	-5.963622e-06	-8.995388e-09	-4.285435e+01	-5.335022e+02
3.510000e-06	-5.999751e-06	-9.016059e-09	-4.311397e+01	-5.346987e+02
3.520000e-06	-6.034327e-06	-9.036097e-09	-4.336244e+01	-5.358496e+02
3.530000e-06	-6.067358e-06	-9.053462e-09	-4.359980e+01	-5.369498e+02
3.540000e-06	-6.098693e-06	-9.070909e-09	-4.382497e+01	-5.379890e+02
3.550000e-06	-6.128094e-06	-9.088286e-09	-4.403624e+01	-5.389561e+02
3.560000e-06	-6.155744e-06	-9.104347e-09	-4.423494e+01	-5.398437e+02
3.570000e-06	-6.181818e-06	-9.118924e-09	-4.442230e+01	-5.406518e+02
3.580000e-06	-6.206247e-06	-9.130803e-09	-4.459785e+01	-5.413883e+02
3.590000e-06	-6.228936e-06	-9.142320e-09	-4.476089e+01	-5.420669e+02
3.600000e-06	-6.249760e-06	-9.153738e-09	-4.491053e+01	-5.427021e+02
3.610000e-06	-6.268893e-06	-9.162167e-09	-4.504802e+01	-5.433040e+02
3.620000e-06	-6.286469e-06	-9.170369e-09	-4.517432e+01	-5.438737e+02
3.630000e-06	-6.302325e-06	-9.179980e-09	-4.528826e+01	-5.444018e+02
3.640000e-06	-6.316079e-06	-9.189992e-09	-4.538709e+01	-5.448708e+02
3.650000e-06	-6.327724e-06	-9.196785e-09	-4.547077e+01	-5.452599e+02
3.660000e-06	-6.337602e-06	-9.200498e-09	-4.554176e+01	-5.455527e+02
3.670000e-06	-6.345757e-06	-9.204377e-09	-4.560036e+01	-5.457429e+02
3.680000e-06	-6.351979e-06	-9.207832e-09	-4.564507e+01	-5.458384e+02
3.690000e-06	-6.356266e-06	-9.207746e-09	-4.567588e+01	-5.458598e+02
3.700000e-06	-6.358825e-06	-9.208356e-09	-4.569427e+01	-5.458352e+02
3.710000e-06	-6.359749e-06	-9.215114e-09	-4.570090e+01	-5.457914e+02
