# Temperatura_=_20.0
# Concentracion g/m^3_=_9000.0
# C_Vs_to_Am_M_A/Vsm_=_59384043850.047264
# pendiente_HvsI_1/m_=_3716.3
# ordenada_HvsI_A/m_=_1297.0
# frecuencia_Hz_=_269367.31547011965

Tiempo_(s)	Campo_(V.s)	Magnetizacion_(V.s)	Campo_(kA/m)	Magnetizacion_(A/m)
0.000000e+00	-6.374775e-06	-9.228650e-09	-4.569678e+01	-5.467952e+02
1.000000e-08	-6.373116e-06	-9.227294e-09	-4.568489e+01	-5.467630e+02
2.000000e-08	-6.369573e-06	-9.225749e-09	-4.565949e+01	-5.467083e+02
3.000000e-08	-6.364394e-06	-9.223433e-09	-4.562237e+01	-5.466067e+02
4.000000e-08	-6.357662e-06	-9.219755e-09	-4.557411e+01	-5.464278e+02
5.000000e-08	-6.349335e-06	-9.215329e-09	-4.551442e+01	-5.461436e+02
6.000000e-08	-6.339079e-06	-9.210120e-09	-4.544090e+01	-5.457370e+02
7.000000e-08	-6.326798e-06	-9.208278e-09	-4.535287e+01	-5.452086e+02
8.000000e-08	-6.312523e-06	-9.195314e-09	-4.525054e+01	-5.445777e+02
9.000000e-08	-6.295963e-06	-9.153382e-09	-4.513183e+01	-5.438793e+02
1.000000e-07	-6.277214e-06	-9.121852e-09	-4.499743e+01	-5.431560e+02
1.100000e-07	-6.256632e-06	-9.120996e-09	-4.484989e+01	-5.424471e+02
1.200000e-07	-6.234388e-06	-9.138372e-09	-4.469043e+01	-5.417783e+02
1.300000e-07	-6.210855e-06	-9.175990e-09	-4.452174e+01	-5.411543e+02
1.400000e-07	-6.186023e-06	-9.146745e-09	-4.434374e+01	-5.405563e+02
1.500000e-07	-6.159451e-06	-9.078924e-09	-4.415326e+01	-5.399460e+02
1.600000e-07	-6.131297e-06	-9.102969e-09	-4.395144e+01	-5.392735e+02
1.700000e-07	-6.101647e-06	-9.102605e-09	-4.373890e+01	-5.384896e+02
1.800000e-07	-6.070309e-06	-9.035455e-09	-4.351426e+01	-5.375567e+02
1.900000e-07	-6.037405e-06	-9.005912e-09	-4.327839e+01	-5.364574e+02
2.000000e-07	-6.002947e-06	-8.986287e-09	-4.303138e+01	-5.351979e+02
2.100000e-07	-5.966771e-06	-8.999406e-09	-4.277205e+01	-5.338047e+02
2.200000e-07	-5.928896e-06	-9.005084e-09	-4.250055e+01	-5.323176e+02
2.300000e-07	-5.889356e-06	-8.937355e-09	-4.221711e+01	-5.307786e+02
2.400000e-07	-5.847981e-06	-8.891757e-09	-4.192052e+01	-5.292216e+02
2.500000e-07	-5.804754e-06	-8.882691e-09	-4.161066e+01	-5.276640e+02
2.600000e-07	-5.759842e-06	-8.868967e-09	-4.128871e+01	-5.261039e+02
2.700000e-07	-5.713350e-06	-8.832246e-09	-4.095544e+01	-5.245212e+02
2.800000e-07	-5.665145e-06	-8.782852e-09	-4.060989e+01	-5.228846e+02
2.900000e-07	-5.614852e-06	-8.778368e-09	-4.024937e+01	-5.211594e+02
3.000000e-07	-5.562508e-06	-8.773172e-09	-3.987415e+01	-5.193165e+02
3.100000e-07	-5.508488e-06	-8.712882e-09	-3.948691e+01	-5.173385e+02
3.200000e-07	-5.452980e-06	-8.640756e-09	-3.908901e+01	-5.152221e+02
3.300000e-07	-5.395815e-06	-8.612896e-09	-3.867923e+01	-5.129768e+02
3.400000e-07	-5.336886e-06	-8.603251e-09	-3.825681e+01	-5.106195e+02
3.500000e-07	-5.276361e-06	-8.551614e-09	-3.782294e+01	-5.081686e+02
3.600000e-07	-5.214359e-06	-8.499405e-09	-3.737848e+01	-5.056381e+02
3.700000e-07	-5.150966e-06	-8.467707e-09	-3.692406e+01	-5.030335e+02
3.800000e-07	-5.085991e-06	-8.432097e-09	-3.645830e+01	-5.003511e+02
3.900000e-07	-5.019283e-06	-8.378704e-09	-3.598010e+01	-4.975803e+02
4.000000e-07	-4.951050e-06	-8.306209e-09	-3.549098e+01	-4.947073e+02
4.100000e-07	-4.881447e-06	-8.255636e-09	-3.499205e+01	-4.917201e+02
4.200000e-07	-4.810559e-06	-8.222887e-09	-3.448389e+01	-4.886118e+02
4.300000e-07	-4.738493e-06	-8.175968e-09	-3.396730e+01	-4.853825e+02
4.400000e-07	-4.664925e-06	-8.109530e-09	-3.343993e+01	-4.820386e+02
4.500000e-07	-4.589664e-06	-8.047312e-09	-3.290044e+01	-4.785895e+02
4.600000e-07	-4.512972e-06	-7.999866e-09	-3.235068e+01	-4.750447e+02
4.700000e-07	-4.434971e-06	-7.937447e-09	-3.179154e+01	-4.714095e+02
4.800000e-07	-4.355618e-06	-7.861780e-09	-3.122271e+01	-4.676832e+02
4.900000e-07	-4.274927e-06	-7.792111e-09	-3.064428e+01	-4.638585e+02
5.000000e-07	-4.192944e-06	-7.735793e-09	-3.005660e+01	-4.599231e+02
5.100000e-07	-4.109820e-06	-7.673759e-09	-2.946073e+01	-4.558627e+02
5.200000e-07	-4.025800e-06	-7.592922e-09	-2.885844e+01	-4.516638e+02
5.300000e-07	-3.940863e-06	-7.517594e-09	-2.824958e+01	-4.473168e+02
5.400000e-07	-3.854960e-06	-7.450858e-09	-2.763380e+01	-4.428164e+02
5.500000e-07	-3.768139e-06	-7.375593e-09	-2.701144e+01	-4.381621e+02
5.600000e-07	-3.680425e-06	-7.286195e-09	-2.638267e+01	-4.333560e+02
5.700000e-07	-3.591597e-06	-7.200014e-09	-2.574592e+01	-4.284004e+02
5.800000e-07	-3.501481e-06	-7.120528e-09	-2.509993e+01	-4.232961e+02
5.900000e-07	-3.410346e-06	-7.030805e-09	-2.444664e+01	-4.180402e+02
6.000000e-07	-3.318406e-06	-6.929870e-09	-2.378758e+01	-4.126262e+02
6.100000e-07	-3.225531e-06	-6.831627e-09	-2.312182e+01	-4.070444e+02
6.200000e-07	-3.131708e-06	-6.743236e-09	-2.244926e+01	-4.012836e+02
6.300000e-07	-3.037055e-06	-6.646716e-09	-2.177075e+01	-3.953319e+02
6.400000e-07	-2.941635e-06	-6.538216e-09	-2.108674e+01	-3.891787e+02
6.500000e-07	-2.845362e-06	-6.430700e-09	-2.039663e+01	-3.828145e+02
6.600000e-07	-2.748027e-06	-6.324746e-09	-1.969889e+01	-3.762305e+02
6.700000e-07	-2.649604e-06	-6.208030e-09	-1.899335e+01	-3.694179e+02
6.800000e-07	-2.550334e-06	-6.078915e-09	-1.828175e+01	-3.623670e+02
6.900000e-07	-2.450398e-06	-5.951157e-09	-1.756537e+01	-3.550660e+02
7.000000e-07	-2.349793e-06	-5.830501e-09	-1.684420e+01	-3.475014e+02
7.100000e-07	-2.248496e-06	-5.703270e-09	-1.611806e+01	-3.396582e+02
7.200000e-07	-2.146496e-06	-5.561042e-09	-1.538689e+01	-3.315210e+02
7.300000e-07	-2.043846e-06	-5.417048e-09	-1.465106e+01	-3.230748e+02
7.400000e-07	-1.940665e-06	-5.276409e-09	-1.391141e+01	-3.143058e+02
7.500000e-07	-1.837047e-06	-5.126309e-09	-1.316864e+01	-3.052012e+02
7.600000e-07	-1.732963e-06	-4.959291e-09	-1.242253e+01	-2.957486e+02
7.700000e-07	-1.628336e-06	-4.789496e-09	-1.167253e+01	-2.859347e+02
7.800000e-07	-1.523149e-06	-4.622365e-09	-1.091850e+01	-2.757437e+02
7.900000e-07	-1.417393e-06	-4.446912e-09	-1.016040e+01	-2.651563e+02
8.000000e-07	-1.311128e-06	-4.256444e-09	-9.398659e+00	-2.541489e+02
8.100000e-07	-1.204419e-06	-4.061350e-09	-8.633728e+00	-2.426935e+02
8.200000e-07	-1.097344e-06	-3.865501e-09	-7.866173e+00	-2.307581e+02
8.300000e-07	-9.900206e-07	-3.657484e-09	-7.096840e+00	-2.183081e+02
8.400000e-07	-8.825361e-07	-3.434790e-09	-6.326350e+00	-2.053071e+02
8.500000e-07	-7.749594e-07	-3.203049e-09	-5.555200e+00	-1.917182e+02
8.600000e-07	-6.672531e-07	-2.965144e-09	-4.783121e+00	-1.775043e+02
8.700000e-07	-5.593741e-07	-2.716109e-09	-4.009803e+00	-1.626299e+02
8.800000e-07	-4.513554e-07	-2.450932e-09	-3.235485e+00	-1.470617e+02
8.900000e-07	-3.432475e-07	-2.172318e-09	-2.460527e+00	-1.307714e+02
9.000000e-07	-2.350949e-07	-1.887108e-09	-1.685248e+00	-1.137383e+02
9.100000e-07	-1.268812e-07	-1.591976e-09	-9.095323e-01	-9.595409e+01
9.200000e-07	-1.862070e-08	-1.277481e-09	-1.334802e-01	-7.742782e+01
9.300000e-07	8.962249e-08	-9.478582e-10	6.424477e-01	-5.819093e+01
9.400000e-07	1.978243e-07	-6.126734e-10	1.418079e+00	-3.830159e+01
9.500000e-07	3.059445e-07	-2.705287e-10	2.193125e+00	-1.784716e+01
9.600000e-07	4.139978e-07	8.254527e-11	2.967692e+00	3.056046e+00
9.700000e-07	5.219803e-07	4.429560e-10	3.741751e+00	2.426612e+01
9.800000e-07	6.298537e-07	8.026566e-10	4.515028e+00	4.562195e+01
9.900000e-07	7.376534e-07	1.156714e-09	5.287777e+00	6.695212e+01
1.000000e-06	8.453683e-07	1.510210e-09	6.059918e+00	8.808518e+01
1.010000e-06	9.529350e-07	1.862871e-09	6.830996e+00	1.088601e+02
1.020000e-06	1.060297e-06	2.203850e-09	7.600604e+00	1.291357e+02
1.030000e-06	1.167377e-06	2.529783e-09	8.368200e+00	1.487968e+02
1.040000e-06	1.274073e-06	2.846440e-09	9.133035e+00	1.677587e+02
1.050000e-06	1.380338e-06	3.156000e-09	9.894783e+00	1.859672e+02
1.060000e-06	1.486077e-06	3.449697e-09	1.065276e+01	2.033956e+02
1.070000e-06	1.591281e-06	3.723353e-09	1.140690e+01	2.200401e+02
1.080000e-06	1.696019e-06	3.985208e-09	1.215770e+01	2.359133e+02
1.090000e-06	1.800306e-06	4.241163e-09	1.290527e+01	2.510379e+02
1.100000e-06	1.904174e-06	4.484862e-09	1.364983e+01	2.654408e+02
1.110000e-06	2.007478e-06	4.712470e-09	1.439036e+01	2.791492e+02
1.120000e-06	2.110183e-06	4.931216e-09	1.512658e+01	2.921882e+02
1.130000e-06	2.212322e-06	5.142816e-09	1.585876e+01	3.045802e+02
1.140000e-06	2.313823e-06	5.342241e-09	1.658635e+01	3.163455e+02
1.150000e-06	2.414656e-06	5.523645e-09	1.730916e+01	3.275043e+02
1.160000e-06	2.514839e-06	5.693811e-09	1.802731e+01	3.380781e+02
1.170000e-06	2.614340e-06	5.861897e-09	1.874057e+01	3.480909e+02
1.180000e-06	2.712919e-06	6.023764e-09	1.944722e+01	3.575701e+02
1.190000e-06	2.810442e-06	6.173988e-09	2.014631e+01	3.665457e+02
1.200000e-06	2.907013e-06	6.315228e-09	2.083856e+01	3.750498e+02
1.210000e-06	3.002710e-06	6.454076e-09	2.152455e+01	3.831147e+02
1.220000e-06	3.097546e-06	6.585526e-09	2.220437e+01	3.907719e+02
1.230000e-06	3.191559e-06	6.701971e-09	2.287829e+01	3.980506e+02
1.240000e-06	3.284708e-06	6.810807e-09	2.354602e+01	4.049774e+02
1.250000e-06	3.377047e-06	6.921550e-09	2.420794e+01	4.115757e+02
1.260000e-06	3.468536e-06	7.030140e-09	2.486377e+01	4.178666e+02
1.270000e-06	3.558913e-06	7.128865e-09	2.551162e+01	4.238689e+02
1.280000e-06	3.648087e-06	7.220149e-09	2.615086e+01	4.295996e+02
1.290000e-06	3.736169e-06	7.313826e-09	2.678227e+01	4.350748e+02
1.300000e-06	3.823282e-06	7.406709e-09	2.740672e+01	4.403092e+02
1.310000e-06	3.909434e-06	7.489792e-09	2.802429e+01	4.453167e+02
1.320000e-06	3.994601e-06	7.566521e-09	2.863480e+01	4.501102e+02
1.330000e-06	4.078845e-06	7.645220e-09	2.923870e+01	4.547019e+02
1.340000e-06	4.162038e-06	7.721549e-09	2.983505e+01	4.591036e+02
1.350000e-06	4.243974e-06	7.787924e-09	3.042240e+01	4.633272e+02
1.360000e-06	4.324683e-06	7.848908e-09	3.100095e+01	4.673848e+02
1.370000e-06	4.404119e-06	7.915370e-09	3.157038e+01	4.712892e+02
1.380000e-06	4.482322e-06	7.984249e-09	3.213097e+01	4.750534e+02
1.390000e-06	4.559375e-06	8.046609e-09	3.268331e+01	4.786895e+02
1.400000e-06	4.635174e-06	8.103875e-09	3.322667e+01	4.822081e+02
1.410000e-06	4.709550e-06	8.161387e-09	3.375982e+01	4.856167e+02
1.420000e-06	4.782379e-06	8.218757e-09	3.428189e+01	4.889193e+02
1.430000e-06	4.853766e-06	8.269657e-09	3.479362e+01	4.921159e+02
1.440000e-06	4.923821e-06	8.316510e-09	3.529580e+01	4.952038e+02
1.450000e-06	4.992561e-06	8.367046e-09	3.578855e+01	4.981786e+02
1.460000e-06	5.060015e-06	8.419672e-09	3.627209e+01	5.010367e+02
1.470000e-06	5.125927e-06	8.467037e-09	3.674457e+01	5.037769e+02
1.480000e-06	5.190171e-06	8.508270e-09	3.720510e+01	5.064020e+02
1.490000e-06	5.252998e-06	8.550074e-09	3.765547e+01	5.089188e+02
1.500000e-06	5.314475e-06	8.593049e-09	3.809615e+01	5.113371e+02
1.510000e-06	5.374622e-06	8.631083e-09	3.852731e+01	5.136679e+02
1.520000e-06	5.433270e-06	8.665549e-09	3.894772e+01	5.159204e+02
1.530000e-06	5.490151e-06	8.701578e-09	3.935546e+01	5.181004e+02
1.540000e-06	5.545370e-06	8.740675e-09	3.975130e+01	5.202085e+02
1.550000e-06	5.598966e-06	8.776330e-09	4.013549e+01	5.222403e+02
1.560000e-06	5.650705e-06	8.807008e-09	4.050637e+01	5.241882e+02
1.570000e-06	5.700356e-06	8.838176e-09	4.086229e+01	5.260441e+02
1.580000e-06	5.748141e-06	8.869539e-09	4.120483e+01	5.278018e+02
1.590000e-06	5.794371e-06	8.897226e-09	4.153623e+01	5.294599e+02
1.600000e-06	5.839074e-06	8.922268e-09	4.185668e+01	5.310223e+02
1.610000e-06	5.882190e-06	8.948340e-09	4.216575e+01	5.324980e+02
1.620000e-06	5.923498e-06	8.975381e-09	4.246186e+01	5.338983e+02
1.630000e-06	5.963097e-06	8.999446e-09	4.274572e+01	5.352340e+02
1.640000e-06	6.001182e-06	9.020043e-09	4.301873e+01	5.365128e+02
1.650000e-06	6.037696e-06	9.039478e-09	4.328048e+01	5.377369e+02
1.660000e-06	6.072540e-06	9.059609e-09	4.353025e+01	5.389031e+02
1.670000e-06	6.105512e-06	9.079454e-09	4.376660e+01	5.400046e+02
1.680000e-06	6.136735e-06	9.095749e-09	4.399042e+01	5.410339e+02
1.690000e-06	6.166454e-06	9.109949e-09	4.420346e+01	5.419860e+02
1.700000e-06	6.194690e-06	9.124339e-09	4.440586e+01	5.428613e+02
1.710000e-06	6.221142e-06	9.138838e-09	4.459548e+01	5.436661e+02
1.720000e-06	6.245583e-06	9.150925e-09	4.477069e+01	5.444113e+02
1.730000e-06	6.268293e-06	9.162304e-09	4.493348e+01	5.451096e+02
1.740000e-06	6.289492e-06	9.174364e-09	4.508544e+01	5.457707e+02
1.750000e-06	6.309137e-06	9.184433e-09	4.522626e+01	5.463983e+02
1.760000e-06	6.326923e-06	9.191626e-09	4.535376e+01	5.469877e+02
1.770000e-06	6.342758e-06	9.198441e-09	4.546727e+01	5.475265e+02
1.780000e-06	6.356812e-06	9.207902e-09	4.556802e+01	5.479979e+02
1.790000e-06	6.369002e-06	9.216400e-09	4.565540e+01	5.483853e+02
1.800000e-06	6.379085e-06	9.221066e-09	4.572768e+01	5.486783e+02
1.810000e-06	6.387141e-06	9.224633e-09	4.578543e+01	5.488762e+02
1.820000e-06	6.393490e-06	9.226635e-09	4.583094e+01	5.489893e+02
1.830000e-06	6.398204e-06	9.225335e-09	4.586473e+01	5.490373e+02
1.840000e-06	6.401130e-06	9.222188e-09	4.588571e+01	5.490436e+02
1.850000e-06	6.402092e-06	9.220655e-09	4.589260e+01	5.490286e+02
1.860000e-06	6.401230e-06	9.224886e-09	4.588642e+01	5.490033e+02
1.870000e-06	6.398738e-06	9.229308e-09	4.586856e+01	5.489647e+02
1.880000e-06	6.394654e-06	9.226339e-09	4.583928e+01	5.488957e+02
1.890000e-06	6.388758e-06	9.221118e-09	4.579702e+01	5.487686e+02
1.900000e-06	6.380981e-06	9.217201e-09	4.574127e+01	5.485530e+02
1.910000e-06	6.371616e-06	9.209271e-09	4.567414e+01	5.482239e+02
1.920000e-06	6.360677e-06	9.190252e-09	4.559572e+01	5.477705e+02
1.930000e-06	6.347883e-06	9.183418e-09	4.550401e+01	5.472002e+02
1.940000e-06	6.332993e-06	9.218092e-09	4.539727e+01	5.465392e+02
1.950000e-06	6.315770e-06	9.234192e-09	4.527381e+01	5.458264e+02
1.960000e-06	6.296004e-06	9.208851e-09	4.513212e+01	5.451043e+02
1.970000e-06	6.273917e-06	9.141437e-09	4.497379e+01	5.444083e+02
1.980000e-06	6.250397e-06	9.076537e-09	4.480519e+01	5.437569e+02
1.990000e-06	6.226186e-06	9.134518e-09	4.463164e+01	5.431460e+02
2.000000e-06	6.200746e-06	9.143622e-09	4.444928e+01	5.425486e+02
2.010000e-06	6.173616e-06	9.069682e-09	4.425480e+01	5.419209e+02
2.020000e-06	6.145197e-06	9.102696e-09	4.405108e+01	5.412119e+02
2.030000e-06	6.114992e-06	9.108857e-09	4.383456e+01	5.403755e+02
2.040000e-06	6.082494e-06	9.085901e-09	4.360160e+01	5.393809e+02
2.050000e-06	6.048396e-06	9.088958e-09	4.335717e+01	5.382195e+02
2.060000e-06	6.012892e-06	8.992627e-09	4.310267e+01	5.369057e+02
2.070000e-06	5.975622e-06	8.966563e-09	4.283551e+01	5.354722e+02
2.080000e-06	5.936586e-06	9.013436e-09	4.255568e+01	5.339608e+02
2.090000e-06	5.895754e-06	8.965176e-09	4.226298e+01	5.324118e+02
2.100000e-06	5.853382e-06	8.936897e-09	4.195924e+01	5.308534e+02
2.110000e-06	5.809482e-06	8.896503e-09	4.164455e+01	5.292961e+02
2.120000e-06	5.763689e-06	8.882930e-09	4.131629e+01	5.277305e+02
2.130000e-06	5.716404e-06	8.896412e-09	4.097733e+01	5.261316e+02
2.140000e-06	5.667651e-06	8.806228e-09	4.062785e+01	5.244656e+02
2.150000e-06	5.617084e-06	8.775847e-09	4.026537e+01	5.226990e+02
2.160000e-06	5.564614e-06	8.796652e-09	3.988925e+01	5.208066e+02
2.170000e-06	5.510116e-06	8.773252e-09	3.949859e+01	5.187763e+02
2.180000e-06	5.453908e-06	8.702992e-09	3.909566e+01	5.166098e+02
2.190000e-06	5.396119e-06	8.633303e-09	3.868141e+01	5.143202e+02
2.200000e-06	5.336803e-06	8.648893e-09	3.825621e+01	5.119256e+02
2.210000e-06	5.276013e-06	8.601976e-09	3.782044e+01	5.094436e+02
2.220000e-06	5.213558e-06	8.529272e-09	3.737274e+01	5.068850e+02
2.230000e-06	5.149461e-06	8.495389e-09	3.691327e+01	5.042520e+02
2.240000e-06	5.083743e-06	8.454097e-09	3.644218e+01	5.015379e+02
2.250000e-06	5.016658e-06	8.429630e-09	3.596129e+01	4.987303e+02
2.260000e-06	4.948307e-06	8.345792e-09	3.547132e+01	4.958156e+02
2.270000e-06	4.878343e-06	8.282289e-09	3.496979e+01	4.927833e+02
2.280000e-06	4.806780e-06	8.247677e-09	3.445681e+01	4.896292e+02
2.290000e-06	4.733852e-06	8.203077e-09	3.393403e+01	4.863558e+02
2.300000e-06	4.659672e-06	8.153167e-09	3.340228e+01	4.829711e+02
2.310000e-06	4.584148e-06	8.071877e-09	3.286090e+01	4.794851e+02
2.320000e-06	4.507110e-06	8.031123e-09	3.230866e+01	4.759060e+02
2.330000e-06	4.428617e-06	7.974835e-09	3.174599e+01	4.722370e+02
2.340000e-06	4.348829e-06	7.894227e-09	3.117404e+01	4.684748e+02
2.350000e-06	4.267876e-06	7.811476e-09	3.059374e+01	4.646101e+02
2.360000e-06	4.185772e-06	7.751228e-09	3.000519e+01	4.606294e+02
2.370000e-06	4.102636e-06	7.713101e-09	2.940924e+01	4.565184e+02
2.380000e-06	4.018528e-06	7.627410e-09	2.880632e+01	4.522648e+02
2.390000e-06	3.933223e-06	7.544844e-09	2.819482e+01	4.478605e+02
2.400000e-06	3.846669e-06	7.473303e-09	2.757437e+01	4.433022e+02
2.410000e-06	3.759029e-06	7.407176e-09	2.694614e+01	4.385905e+02
2.420000e-06	3.670423e-06	7.318567e-09	2.631097e+01	4.337280e+02
2.430000e-06	3.580844e-06	7.217240e-09	2.566884e+01	4.287167e+02
2.440000e-06	3.490345e-06	7.139188e-09	2.502010e+01	4.235559e+02
2.450000e-06	3.399040e-06	7.059538e-09	2.436559e+01	4.182416e+02
2.460000e-06	3.306886e-06	6.969683e-09	2.370500e+01	4.127659e+02
2.470000e-06	3.213607e-06	6.861747e-09	2.303634e+01	4.071182e+02
2.480000e-06	3.119154e-06	6.767741e-09	2.235926e+01	4.012870e+02
2.490000e-06	3.023834e-06	6.677285e-09	2.167598e+01	3.952609e+02
2.500000e-06	2.927703e-06	6.570970e-09	2.098688e+01	3.890295e+02
2.510000e-06	2.830698e-06	6.452850e-09	2.029151e+01	3.825837e+02
2.520000e-06	2.732809e-06	6.339577e-09	1.958980e+01	3.759150e+02
2.530000e-06	2.634203e-06	6.234414e-09	1.888296e+01	3.690142e+02
2.540000e-06	2.535019e-06	6.113710e-09	1.817197e+01	3.618709e+02
2.550000e-06	2.435149e-06	5.983297e-09	1.745606e+01	3.544726e+02
2.560000e-06	2.334455e-06	5.855126e-09	1.673425e+01	3.468053e+02
2.570000e-06	2.232917e-06	5.731302e-09	1.600639e+01	3.388535e+02
2.580000e-06	2.130626e-06	5.591804e-09	1.527313e+01	3.306020e+02
2.590000e-06	2.027630e-06	5.436595e-09	1.453481e+01	3.220363e+02
2.600000e-06	1.924040e-06	5.284301e-09	1.379224e+01	3.131427e+02
2.610000e-06	1.819884e-06	5.137452e-09	1.304561e+01	3.039090e+02
2.620000e-06	1.715145e-06	4.977735e-09	1.229480e+01	2.943225e+02
2.630000e-06	1.609954e-06	4.801400e-09	1.154075e+01	2.843690e+02
2.640000e-06	1.504441e-06	4.627800e-09	1.078440e+01	2.740318e+02
2.650000e-06	1.398571e-06	4.459207e-09	1.002548e+01	2.632899e+02
2.660000e-06	1.292292e-06	4.274785e-09	9.263634e+00	2.521178e+02
2.670000e-06	1.185670e-06	4.066358e-09	8.499329e+00	2.404862e+02
2.680000e-06	1.078761e-06	3.856315e-09	7.732966e+00	2.283619e+02
2.690000e-06	9.715958e-07	3.650231e-09	6.964764e+00	2.157095e+02
2.700000e-06	8.643161e-07	3.433103e-09	6.195743e+00	2.024923e+02
2.710000e-06	7.569734e-07	3.196023e-09	5.426270e+00	1.886732e+02
2.720000e-06	6.494833e-07	2.951703e-09	4.655741e+00	1.742156e+02
2.730000e-06	5.418345e-07	2.705362e-09	3.884073e+00	1.590847e+02
2.740000e-06	4.340666e-07	2.441568e-09	3.111552e+00	1.432486e+02
2.750000e-06	3.262358e-07	2.154203e-09	2.338581e+00	1.266814e+02
2.760000e-06	2.184144e-07	1.855723e-09	1.565676e+00	1.093667e+02
2.770000e-06	1.106087e-07	1.557858e-09	7.928845e-01	9.130201e+01
2.780000e-06	2.793063e-09	1.249157e-09	2.002172e-02	7.250411e+01
2.790000e-06	-1.049864e-07	9.205953e-10	-7.525821e-01	5.301410e+01
2.800000e-06	-2.127704e-07	5.799684e-10	-1.525218e+00	3.290092e+01
2.810000e-06	-3.205657e-07	2.363425e-10	-2.297936e+00	1.226299e+01
2.820000e-06	-4.282824e-07	-1.136606e-10	-3.070089e+00	-8.773225e+00
2.830000e-06	-5.359027e-07	-4.763675e-10	-3.841552e+00	-3.005771e+01
2.840000e-06	-6.433986e-07	-8.429058e-10	-4.612123e+00	-5.142434e+01
2.850000e-06	-7.507984e-07	-1.200365e-09	-5.382005e+00	-7.270044e+01
2.860000e-06	-8.580463e-07	-1.550182e-09	-6.150798e+00	-9.371731e+01
2.870000e-06	-9.650532e-07	-1.901610e-09	-6.917864e+00	-1.143203e+02
2.880000e-06	-1.071870e-06	-2.247538e-09	-7.683567e+00	-1.343775e+02
2.890000e-06	-1.178479e-06	-2.572361e-09	-8.447784e+00	-1.537848e+02
2.900000e-06	-1.284765e-06	-2.880700e-09	-9.209676e+00	-1.724690e+02
2.910000e-06	-1.390673e-06	-3.185121e-09	-9.968867e+00	-1.903868e+02
2.920000e-06	-1.496274e-06	-3.480618e-09	-1.072585e+01	-2.075208e+02
2.930000e-06	-1.601562e-06	-3.756480e-09	-1.148060e+01	-2.238740e+02
2.940000e-06	-1.706391e-06	-4.018289e-09	-1.223205e+01	-2.394636e+02
2.950000e-06	-1.810726e-06	-4.273909e-09	-1.297996e+01	-2.543144e+02
2.960000e-06	-1.914615e-06	-4.518517e-09	-1.372468e+01	-2.684539e+02
2.970000e-06	-2.017971e-06	-4.743935e-09	-1.446557e+01	-2.819086e+02
2.980000e-06	-2.120621e-06	-4.953424e-09	-1.520141e+01	-2.947026e+02
2.990000e-06	-2.222412e-06	-5.158926e-09	-1.593109e+01	-3.068573e+02
3.000000e-06	-2.323338e-06	-5.359123e-09	-1.665456e+01	-3.183928e+02
3.010000e-06	-2.423548e-06	-5.544212e-09	-1.737290e+01	-3.293297e+02
3.020000e-06	-2.523088e-06	-5.715913e-09	-1.808644e+01	-3.396903e+02
3.030000e-06	-2.621924e-06	-5.883088e-09	-1.879493e+01	-3.494997e+02
3.040000e-06	-2.720030e-06	-6.046050e-09	-1.949820e+01	-3.587865e+02
3.050000e-06	-2.817350e-06	-6.195053e-09	-2.019583e+01	-3.675816e+02
3.060000e-06	-2.913950e-06	-6.332601e-09	-2.088829e+01	-3.759173e+02
3.070000e-06	-3.009867e-06	-6.468483e-09	-2.157585e+01	-3.838259e+02
3.080000e-06	-3.104960e-06	-6.600071e-09	-2.225752e+01	-3.913379e+02
3.090000e-06	-3.199013e-06	-6.720214e-09	-2.293173e+01	-3.984818e+02
3.100000e-06	-3.291918e-06	-6.831585e-09	-2.359770e+01	-4.052829e+02
3.110000e-06	-3.383786e-06	-6.942252e-09	-2.425625e+01	-4.117638e+02
3.120000e-06	-3.474690e-06	-7.052722e-09	-2.490788e+01	-4.179444e+02
3.130000e-06	-3.564593e-06	-7.154593e-09	-2.555234e+01	-4.238430e+02
3.140000e-06	-3.653488e-06	-7.245774e-09	-2.618958e+01	-4.294762e+02
3.150000e-06	-3.741489e-06	-7.337151e-09	-2.682040e+01	-4.348595e+02
3.160000e-06	-3.828561e-06	-7.429462e-09	-2.744456e+01	-4.400074e+02
3.170000e-06	-3.914439e-06	-7.513802e-09	-2.806017e+01	-4.449332e+02
3.180000e-06	-3.999060e-06	-7.588817e-09	-2.866677e+01	-4.496498e+02
3.190000e-06	-4.082607e-06	-7.663447e-09	-2.926566e+01	-4.541690e+02
3.200000e-06	-4.165155e-06	-7.740448e-09	-2.985740e+01	-4.585025e+02
3.210000e-06	-4.246579e-06	-7.812370e-09	-3.044108e+01	-4.626625e+02
3.220000e-06	-4.326910e-06	-7.876784e-09	-3.101692e+01	-4.666613e+02
3.230000e-06	-4.406184e-06	-7.941421e-09	-3.158518e+01	-4.705117e+02
3.240000e-06	-4.484041e-06	-8.008061e-09	-3.214329e+01	-4.742266e+02
3.250000e-06	-4.560334e-06	-8.068815e-09	-3.269019e+01	-4.778176e+02
3.260000e-06	-4.635242e-06	-8.124253e-09	-3.322716e+01	-4.812944e+02
3.270000e-06	-4.708796e-06	-8.179469e-09	-3.375442e+01	-4.846631e+02
3.280000e-06	-4.781134e-06	-8.236423e-09	-3.427296e+01	-4.879262e+02
3.290000e-06	-4.852274e-06	-8.291668e-09	-3.478293e+01	-4.910826e+02
3.300000e-06	-4.921892e-06	-8.343098e-09	-3.528197e+01	-4.941287e+02
3.310000e-06	-4.989943e-06	-8.392795e-09	-3.576979e+01	-4.970602e+02
3.320000e-06	-5.056626e-06	-8.441283e-09	-3.624779e+01	-4.998741e+02
3.330000e-06	-5.121955e-06	-8.485179e-09	-3.671610e+01	-5.025707e+02
3.340000e-06	-5.185925e-06	-8.523864e-09	-3.717466e+01	-5.051543e+02
3.350000e-06	-5.248318e-06	-8.564224e-09	-3.762192e+01	-5.076330e+02
3.360000e-06	-5.308920e-06	-8.608814e-09	-3.805633e+01	-5.100173e+02
3.370000e-06	-5.368007e-06	-8.650484e-09	-3.847989e+01	-5.123179e+02
3.380000e-06	-5.425755e-06	-8.686247e-09	-3.889385e+01	-5.145429e+02
3.390000e-06	-5.482009e-06	-8.722080e-09	-3.929710e+01	-5.166963e+02
3.400000e-06	-5.536534e-06	-8.759652e-09	-3.968796e+01	-5.187765e+02
3.410000e-06	-5.589080e-06	-8.793594e-09	-4.006463e+01	-5.207780e+02
3.420000e-06	-5.639730e-06	-8.821165e-09	-4.042771e+01	-5.226924e+02
3.430000e-06	-5.688495e-06	-8.848284e-09	-4.077727e+01	-5.245121e+02
3.440000e-06	-5.735350e-06	-8.878062e-09	-4.111315e+01	-5.262324e+02
3.450000e-06	-5.780656e-06	-8.907802e-09	-4.143791e+01	-5.278540e+02
3.460000e-06	-5.824546e-06	-8.932976e-09	-4.175254e+01	-5.293828e+02
3.470000e-06	-5.867034e-06	-8.955826e-09	-4.205711e+01	-5.308289e+02
3.480000e-06	-5.908138e-06	-8.981707e-09	-4.235176e+01	-5.322039e+02
3.490000e-06	-5.947672e-06	-9.005058e-09	-4.263515e+01	-5.335178e+02
3.500000e-06	-5.985376e-06	-9.022871e-09	-4.290543e+01	-5.347762e+02
3.510000e-06	-6.021289e-06	-9.040254e-09	-4.316286e+01	-5.359793e+02
3.520000e-06	-6.055614e-06	-9.058538e-09	-4.340891e+01	-5.371222e+02
3.530000e-06	-6.088362e-06	-9.074928e-09	-4.364366e+01	-5.381976e+02
3.540000e-06	-6.119388e-06	-9.089893e-09	-4.386607e+01	-5.391983e+02
3.550000e-06	-6.148527e-06	-9.105505e-09	-4.407495e+01	-5.401214e+02
3.560000e-06	-6.176007e-06	-9.122060e-09	-4.427194e+01	-5.409693e+02
3.570000e-06	-6.201890e-06	-9.138621e-09	-4.445748e+01	-5.417504e+02
3.580000e-06	-6.226061e-06	-9.151837e-09	-4.463074e+01	-5.424767e+02
3.590000e-06	-6.248420e-06	-9.162433e-09	-4.479102e+01	-5.431603e+02
3.600000e-06	-6.268898e-06	-9.172431e-09	-4.493782e+01	-5.438089e+02
3.610000e-06	-6.287702e-06	-9.181767e-09	-4.507261e+01	-5.444233e+02
3.620000e-06	-6.304909e-06	-9.190060e-09	-4.519596e+01	-5.449956e+02
3.630000e-06	-6.320388e-06	-9.197622e-09	-4.530691e+01	-5.455113e+02
3.640000e-06	-6.333802e-06	-9.205983e-09	-4.540307e+01	-5.459530e+02
3.650000e-06	-6.345124e-06	-9.213166e-09	-4.548423e+01	-5.463059e+02
3.660000e-06	-6.354603e-06	-9.217708e-09	-4.555218e+01	-5.465628e+02
3.670000e-06	-6.362355e-06	-9.221483e-09	-4.560775e+01	-5.467272e+02
3.680000e-06	-6.368228e-06	-9.223941e-09	-4.564985e+01	-5.468134e+02
3.690000e-06	-6.372218e-06	-9.225009e-09	-4.567845e+01	-5.468431e+02
3.700000e-06	-6.374535e-06	-9.226192e-09	-4.569506e+01	-5.468395e+02
3.710000e-06	-6.375181e-06	-9.227532e-09	-4.569970e+01	-5.468201e+02
