# Temperatura_=_20.0
# Concentracion g/m^3_=_9000.0
# C_Vs_to_Am_M_A/Vsm_=_59384043850.047264
# pendiente_HvsI_1/m_=_3716.3
# ordenada_HvsI_A/m_=_1297.0
# frecuencia_Hz_=_269365.17154557427

Tiempo_(s)	Campo_(V.s)	Magnetizacion_(V.s)	Campo_(kA/m)	Magnetizacion_(A/m)
0.000000e+00	-6.351180e-06	-9.214995e-09	-4.569943e+01	-5.454163e+02
1.000000e-08	-6.349382e-06	-9.210831e-09	-4.568649e+01	-5.453502e+02
2.000000e-08	-6.345690e-06	-9.208445e-09	-4.565993e+01	-5.452745e+02
3.000000e-08	-6.340439e-06	-9.206381e-09	-4.562215e+01	-5.451682e+02
4.000000e-08	-6.333630e-06	-9.203290e-09	-4.557315e+01	-5.450006e+02
5.000000e-08	-6.325197e-06	-9.199058e-09	-4.551247e+01	-5.447401e+02
6.000000e-08	-6.314814e-06	-9.192645e-09	-4.543776e+01	-5.443641e+02
7.000000e-08	-6.302463e-06	-9.200000e-09	-4.534889e+01	-5.438667e+02
8.000000e-08	-6.288173e-06	-9.186604e-09	-4.524607e+01	-5.432618e+02
9.000000e-08	-6.271490e-06	-9.111011e-09	-4.512603e+01	-5.425809e+02
1.000000e-07	-6.252556e-06	-9.085928e-09	-4.498979e+01	-5.418651e+02
1.100000e-07	-6.231843e-06	-9.106747e-09	-4.484075e+01	-5.411538e+02
1.200000e-07	-6.209524e-06	-9.145061e-09	-4.468015e+01	-5.404741e+02
1.300000e-07	-6.185971e-06	-9.228933e-09	-4.451068e+01	-5.398320e+02
1.400000e-07	-6.161195e-06	-9.082443e-09	-4.433240e+01	-5.392096e+02
1.500000e-07	-6.134602e-06	-9.004389e-09	-4.414106e+01	-5.385686e+02
1.600000e-07	-6.106432e-06	-9.159940e-09	-4.393836e+01	-5.378596e+02
1.700000e-07	-6.076838e-06	-9.054549e-09	-4.372542e+01	-5.370337e+02
1.800000e-07	-6.045494e-06	-8.972734e-09	-4.349989e+01	-5.360549e+02
1.900000e-07	-6.012716e-06	-9.011104e-09	-4.326404e+01	-5.349085e+02
2.000000e-07	-5.978354e-06	-8.943610e-09	-4.301679e+01	-5.336040e+02
2.100000e-07	-5.942143e-06	-9.043298e-09	-4.275624e+01	-5.321714e+02
2.200000e-07	-5.904314e-06	-9.033260e-09	-4.248404e+01	-5.306530e+02
2.300000e-07	-5.864861e-06	-8.832813e-09	-4.220016e+01	-5.290912e+02
2.400000e-07	-5.823544e-06	-8.854280e-09	-4.190287e+01	-5.275179e+02
2.500000e-07	-5.780326e-06	-8.884292e-09	-4.159190e+01	-5.259469e+02
2.600000e-07	-5.735441e-06	-8.864495e-09	-4.126893e+01	-5.243710e+02
2.700000e-07	-5.689061e-06	-8.812218e-09	-4.093520e+01	-5.227660e+02
2.800000e-07	-5.640977e-06	-8.740476e-09	-4.058922e+01	-5.210976e+02
2.900000e-07	-5.590738e-06	-8.801778e-09	-4.022772e+01	-5.193313e+02
3.000000e-07	-5.538436e-06	-8.775303e-09	-3.985139e+01	-5.174408e+02
3.100000e-07	-5.484435e-06	-8.639319e-09	-3.946284e+01	-5.154140e+02
3.200000e-07	-5.428947e-06	-8.581891e-09	-3.906357e+01	-5.132537e+02
3.300000e-07	-5.371879e-06	-8.629782e-09	-3.865295e+01	-5.109746e+02
3.400000e-07	-5.313082e-06	-8.626632e-09	-3.822988e+01	-5.085973e+02
3.500000e-07	-5.252698e-06	-8.504012e-09	-3.779539e+01	-5.061405e+02
3.600000e-07	-5.190827e-06	-8.468793e-09	-3.735020e+01	-5.036158e+02
3.700000e-07	-5.127529e-06	-8.469980e-09	-3.689474e+01	-5.010246e+02
3.800000e-07	-5.062763e-06	-8.405430e-09	-3.642873e+01	-4.983584e+02
3.900000e-07	-4.996350e-06	-8.337073e-09	-3.595085e+01	-4.956025e+02
4.000000e-07	-4.928324e-06	-8.268199e-09	-3.546138e+01	-4.927411e+02
4.100000e-07	-4.858910e-06	-8.257490e-09	-3.496191e+01	-4.897617e+02
4.200000e-07	-4.788293e-06	-8.220596e-09	-3.445379e+01	-4.866591e+02
4.300000e-07	-4.716457e-06	-8.135597e-09	-3.393691e+01	-4.834352e+02
4.400000e-07	-4.643142e-06	-8.069669e-09	-3.340937e+01	-4.800978e+02
4.500000e-07	-4.568175e-06	-8.023651e-09	-3.286995e+01	-4.766564e+02
4.600000e-07	-4.491706e-06	-7.978820e-09	-3.231973e+01	-4.731186e+02
4.700000e-07	-4.413989e-06	-7.892877e-09	-3.176052e+01	-4.694868e+02
4.800000e-07	-4.334953e-06	-7.828643e-09	-3.119182e+01	-4.657572e+02
4.900000e-07	-4.254427e-06	-7.780276e-09	-3.061241e+01	-4.619203e+02
5.000000e-07	-4.172593e-06	-7.719339e-09	-3.002357e+01	-4.579642e+02
5.100000e-07	-4.089734e-06	-7.637361e-09	-2.942737e+01	-4.538769e+02
5.200000e-07	-4.005937e-06	-7.549447e-09	-2.882441e+01	-4.496498e+02
5.300000e-07	-3.921167e-06	-7.491493e-09	-2.821446e+01	-4.452788e+02
5.400000e-07	-3.835469e-06	-7.425501e-09	-2.759782e+01	-4.407638e+02
5.500000e-07	-3.748909e-06	-7.333889e-09	-2.697499e+01	-4.361078e+02
5.600000e-07	-3.661421e-06	-7.242448e-09	-2.634548e+01	-4.313133e+02
5.700000e-07	-3.572953e-06	-7.175846e-09	-2.570891e+01	-4.263808e+02
5.800000e-07	-3.483375e-06	-7.098021e-09	-2.506436e+01	-4.213068e+02
5.900000e-07	-3.392643e-06	-6.990820e-09	-2.441150e+01	-4.160837e+02
6.000000e-07	-3.300922e-06	-6.889959e-09	-2.375153e+01	-4.107009e+02
6.100000e-07	-3.208251e-06	-6.812110e-09	-2.308472e+01	-4.051464e+02
6.200000e-07	-3.114693e-06	-6.725640e-09	-2.241153e+01	-3.994086e+02
6.300000e-07	-3.020347e-06	-6.609732e-09	-2.173267e+01	-3.934773e+02
6.400000e-07	-2.925132e-06	-6.498203e-09	-2.104756e+01	-3.873442e+02
6.500000e-07	-2.829090e-06	-6.407532e-09	-2.035650e+01	-3.810018e+02
6.600000e-07	-2.732202e-06	-6.304417e-09	-1.965935e+01	-3.744420e+02
6.700000e-07	-2.634299e-06	-6.173589e-09	-1.895490e+01	-3.676551e+02
6.800000e-07	-2.535396e-06	-6.046956e-09	-1.824325e+01	-3.606287e+02
6.900000e-07	-2.435668e-06	-5.935444e-09	-1.752566e+01	-3.533482e+02
7.000000e-07	-2.335263e-06	-5.813860e-09	-1.680320e+01	-3.457979e+02
7.100000e-07	-2.234262e-06	-5.669234e-09	-1.607646e+01	-3.379624e+02
7.200000e-07	-2.132672e-06	-5.524091e-09	-1.534548e+01	-3.298282e+02
7.300000e-07	-2.030476e-06	-5.391708e-09	-1.461014e+01	-3.213841e+02
7.400000e-07	-1.927617e-06	-5.252033e-09	-1.387002e+01	-3.126211e+02
7.500000e-07	-1.824180e-06	-5.090449e-09	-1.312575e+01	-3.035312e+02
7.600000e-07	-1.720286e-06	-4.924475e-09	-1.237818e+01	-2.941047e+02
7.700000e-07	-1.615936e-06	-4.767835e-09	-1.162735e+01	-2.843288e+02
7.800000e-07	-1.511190e-06	-4.603771e-09	-1.087365e+01	-2.741856e+02
7.900000e-07	-1.406049e-06	-4.419716e-09	-1.011712e+01	-2.636521e+02
8.000000e-07	-1.300474e-06	-4.227882e-09	-9.357460e+00	-2.527002e+02
8.100000e-07	-1.194436e-06	-4.041158e-09	-8.594475e+00	-2.412988e+02
8.200000e-07	-1.088007e-06	-3.845336e-09	-7.828675e+00	-2.294146e+02
8.300000e-07	-9.812100e-07	-3.628812e-09	-7.060221e+00	-2.170139e+02
8.400000e-07	-8.740546e-07	-3.405262e-09	-6.289193e+00	-2.040633e+02
8.500000e-07	-7.666957e-07	-3.183293e-09	-5.516700e+00	-1.905286e+02
8.600000e-07	-6.591982e-07	-2.952074e-09	-4.743210e+00	-1.763755e+02
8.700000e-07	-5.515618e-07	-2.700256e-09	-3.968721e+00	-1.615682e+02
8.800000e-07	-4.438200e-07	-2.434288e-09	-3.193473e+00	-1.460716e+02
8.900000e-07	-3.359945e-07	-2.160251e-09	-2.417623e+00	-1.298529e+02
9.000000e-07	-2.280976e-07	-1.875517e-09	-1.641259e+00	-1.128871e+02
9.100000e-07	-1.201952e-07	-1.574192e-09	-8.648554e-01	-9.516248e+01
9.200000e-07	-1.226210e-08	-1.258412e-09	-8.823101e-02	-7.668754e+01
9.300000e-07	9.576787e-08	-9.379675e-10	6.890904e-01	-5.749677e+01
9.400000e-07	2.038052e-07	-6.099250e-10	1.466464e+00	-3.765461e+01
9.500000e-07	3.117791e-07	-2.666841e-10	2.243383e+00	-1.725647e+01
9.600000e-07	4.196936e-07	8.853867e-11	3.019873e+00	3.573728e+00
9.700000e-07	5.274826e-07	4.431582e-10	3.795461e+00	2.468923e+01
9.800000e-07	6.351283e-07	7.983806e-10	4.570017e+00	4.592862e+01
9.900000e-07	7.426337e-07	1.157497e-09	5.343564e+00	6.712533e+01
1.000000e-06	8.499241e-07	1.515233e-09	6.115564e+00	8.811724e+01
1.010000e-06	9.569886e-07	1.860888e-09	6.885938e+00	1.087551e+02
1.020000e-06	1.063809e-06	2.194190e-09	7.654558e+00	1.289090e+02
1.030000e-06	1.170251e-06	2.522358e-09	8.420453e+00	1.484727e+02
1.040000e-06	1.276252e-06	2.841595e-09	9.183173e+00	1.673652e+02
1.050000e-06	1.381814e-06	3.147141e-09	9.942736e+00	1.855302e+02
1.060000e-06	1.486925e-06	3.437018e-09	1.069905e+01	2.029347e+02
1.070000e-06	1.591678e-06	3.716183e-09	1.145280e+01	2.195652e+02
1.080000e-06	1.696071e-06	3.983276e-09	1.220395e+01	2.354245e+02
1.090000e-06	1.800048e-06	4.234229e-09	1.295211e+01	2.505272e+02
1.100000e-06	1.903522e-06	4.470413e-09	1.369665e+01	2.648960e+02
1.110000e-06	2.006376e-06	4.698499e-09	1.443673e+01	2.785582e+02
1.120000e-06	2.108631e-06	4.921364e-09	1.517250e+01	2.915425e+02
1.130000e-06	2.210281e-06	5.130259e-09	1.590390e+01	3.038775e+02
1.140000e-06	2.311311e-06	5.326532e-09	1.663086e+01	3.155902e+02
1.150000e-06	2.411779e-06	5.510889e-09	1.735377e+01	3.267059e+02
1.160000e-06	2.511662e-06	5.686017e-09	1.807247e+01	3.372493e+02
1.170000e-06	2.610727e-06	5.851904e-09	1.878529e+01	3.472447e+02
1.180000e-06	2.708725e-06	6.008774e-09	1.949043e+01	3.567179e+02
1.190000e-06	2.805718e-06	6.159546e-09	2.018833e+01	3.656959e+02
1.200000e-06	2.901867e-06	6.303623e-09	2.088016e+01	3.742075e+02
1.210000e-06	2.997183e-06	6.442336e-09	2.156600e+01	3.822826e+02
1.220000e-06	3.091645e-06	6.571844e-09	2.224569e+01	3.899506e+02
1.230000e-06	3.185262e-06	6.688881e-09	2.291931e+01	3.972400e+02
1.240000e-06	3.278054e-06	6.801514e-09	2.358699e+01	4.041765e+02
1.250000e-06	3.370107e-06	6.912775e-09	2.424935e+01	4.107831e+02
1.260000e-06	3.461245e-06	7.019217e-09	2.490512e+01	4.170802e+02
1.270000e-06	3.551077e-06	7.118813e-09	2.555150e+01	4.230858e+02
1.280000e-06	3.639698e-06	7.214023e-09	2.618917e+01	4.288170e+02
1.290000e-06	3.727370e-06	7.309408e-09	2.682000e+01	4.342904e+02
1.300000e-06	3.814094e-06	7.398621e-09	2.744402e+01	4.395224e+02
1.310000e-06	3.899801e-06	7.480256e-09	2.806072e+01	4.445296e+02
1.320000e-06	3.984528e-06	7.558006e-09	2.867036e+01	4.493280e+02
1.330000e-06	4.068387e-06	7.636871e-09	2.927377e+01	4.539325e+02
1.340000e-06	4.151198e-06	7.712541e-09	2.986963e+01	4.583561e+02
1.350000e-06	4.232767e-06	7.781723e-09	3.045655e+01	4.626099e+02
1.360000e-06	4.313119e-06	7.848148e-09	3.103471e+01	4.667033e+02
1.370000e-06	4.392264e-06	7.916408e-09	3.160420e+01	4.706444e+02
1.380000e-06	4.470191e-06	7.981887e-09	3.216492e+01	4.744405e+02
1.390000e-06	4.546926e-06	8.041768e-09	3.271706e+01	4.780991e+02
1.400000e-06	4.622409e-06	8.099552e-09	3.326019e+01	4.816270e+02
1.410000e-06	4.696326e-06	8.157400e-09	3.379206e+01	4.850309e+02
1.420000e-06	4.768703e-06	8.213724e-09	3.431284e+01	4.883157e+02
1.430000e-06	4.839836e-06	8.267487e-09	3.482467e+01	4.914849e+02
1.440000e-06	4.909638e-06	8.318618e-09	3.532693e+01	4.945395e+02
1.450000e-06	4.978081e-06	8.369020e-09	3.581940e+01	4.974792e+02
1.460000e-06	5.045180e-06	8.417794e-09	3.630221e+01	5.003034e+02
1.470000e-06	5.110644e-06	8.462015e-09	3.677325e+01	5.030126e+02
1.480000e-06	5.174517e-06	8.502426e-09	3.723284e+01	5.056099e+02
1.490000e-06	5.237031e-06	8.541209e-09	3.768265e+01	5.081017e+02
1.500000e-06	5.298192e-06	8.582351e-09	3.812273e+01	5.104974e+02
1.510000e-06	5.358099e-06	8.621145e-09	3.855379e+01	5.128081e+02
1.520000e-06	5.416443e-06	8.658348e-09	3.897360e+01	5.150435e+02
1.530000e-06	5.472980e-06	8.695803e-09	3.938041e+01	5.172102e+02
1.540000e-06	5.527938e-06	8.733975e-09	3.977586e+01	5.193095e+02
1.550000e-06	5.581265e-06	8.769085e-09	4.015956e+01	5.213367e+02
1.560000e-06	5.632659e-06	8.798606e-09	4.052937e+01	5.232825e+02
1.570000e-06	5.681985e-06	8.827202e-09	4.088429e+01	5.251360e+02
1.580000e-06	5.729479e-06	8.856490e-09	4.122603e+01	5.268877e+02
1.590000e-06	5.775395e-06	8.883810e-09	4.155641e+01	5.285329e+02
1.600000e-06	5.819888e-06	8.910062e-09	4.187656e+01	5.300739e+02
1.610000e-06	5.862779e-06	8.936222e-09	4.218518e+01	5.315198e+02
1.620000e-06	5.903762e-06	8.961788e-09	4.248007e+01	5.328846e+02
1.630000e-06	5.943041e-06	8.984885e-09	4.276270e+01	5.341834e+02
1.640000e-06	5.980788e-06	9.003678e-09	4.303430e+01	5.354284e+02
1.650000e-06	6.017048e-06	9.022146e-09	4.329521e+01	5.366256e+02
1.660000e-06	6.051625e-06	9.040736e-09	4.354401e+01	5.377739e+02
1.670000e-06	6.084332e-06	9.059034e-09	4.377935e+01	5.388655e+02
1.680000e-06	6.115402e-06	9.076372e-09	4.400291e+01	5.398898e+02
1.690000e-06	6.144924e-06	9.093292e-09	4.421533e+01	5.408375e+02
1.700000e-06	6.172986e-06	9.109280e-09	4.441725e+01	5.417043e+02
1.710000e-06	6.199256e-06	9.121232e-09	4.460627e+01	5.424940e+02
1.720000e-06	6.223520e-06	9.130487e-09	4.478086e+01	5.432172e+02
1.730000e-06	6.246101e-06	9.138954e-09	4.494334e+01	5.438890e+02
1.740000e-06	6.267118e-06	9.147612e-09	4.509457e+01	5.445241e+02
1.750000e-06	6.286571e-06	9.156559e-09	4.523454e+01	5.451313e+02
1.760000e-06	6.304180e-06	9.164798e-09	4.536124e+01	5.457101e+02
1.770000e-06	6.319884e-06	9.175146e-09	4.547424e+01	5.462496e+02
1.780000e-06	6.333791e-06	9.186728e-09	4.557431e+01	5.467312e+02
1.790000e-06	6.345809e-06	9.193317e-09	4.566078e+01	5.471334e+02
1.800000e-06	6.355749e-06	9.193811e-09	4.573231e+01	5.474391e+02
1.810000e-06	6.363698e-06	9.193165e-09	4.578950e+01	5.476410e+02
1.820000e-06	6.369918e-06	9.193473e-09	4.583426e+01	5.477450e+02
1.830000e-06	6.374472e-06	9.194385e-09	4.586703e+01	5.477694e+02
1.840000e-06	6.377246e-06	9.194160e-09	4.588698e+01	5.477404e+02
1.850000e-06	6.378026e-06	9.193067e-09	4.589260e+01	5.476844e+02
1.860000e-06	6.377000e-06	9.196839e-09	4.588522e+01	5.476199e+02
1.870000e-06	6.374372e-06	9.201221e-09	4.586631e+01	5.475515e+02
1.880000e-06	6.370171e-06	9.196746e-09	4.583608e+01	5.474672e+02
1.890000e-06	6.364187e-06	9.189630e-09	4.579302e+01	5.473416e+02
1.900000e-06	6.356356e-06	9.185796e-09	4.573667e+01	5.471423e+02
1.910000e-06	6.346940e-06	9.178016e-09	4.566892e+01	5.468401e+02
1.920000e-06	6.335905e-06	9.149210e-09	4.558952e+01	5.464180e+02
1.930000e-06	6.323048e-06	9.136609e-09	4.549701e+01	5.458773e+02
1.940000e-06	6.308123e-06	9.225938e-09	4.538962e+01	5.452393e+02
1.950000e-06	6.290820e-06	9.239669e-09	4.526511e+01	5.445400e+02
1.960000e-06	6.270975e-06	9.193772e-09	4.512232e+01	5.438214e+02
1.970000e-06	6.248833e-06	9.073454e-09	4.496300e+01	5.431195e+02
1.980000e-06	6.225330e-06	8.964121e-09	4.479388e+01	5.424543e+02
1.990000e-06	6.201256e-06	9.179074e-09	4.462066e+01	5.418226e+02
2.000000e-06	6.175862e-06	9.123831e-09	4.443794e+01	5.411983e+02
2.010000e-06	6.148649e-06	8.970753e-09	4.424214e+01	5.405376e+02
2.020000e-06	6.120297e-06	9.150901e-09	4.403813e+01	5.397898e+02
2.030000e-06	6.090081e-06	9.073786e-09	4.382071e+01	5.389095e+02
2.040000e-06	6.057429e-06	9.037388e-09	4.358577e+01	5.378680e+02
2.050000e-06	6.023397e-06	9.109874e-09	4.334089e+01	5.366597e+02
2.060000e-06	5.987971e-06	8.844427e-09	4.308599e+01	5.353025e+02
2.070000e-06	5.950798e-06	8.909460e-09	4.281851e+01	5.338322e+02
2.080000e-06	5.911871e-06	9.093858e-09	4.253841e+01	5.322926e+02
2.090000e-06	5.871007e-06	8.905651e-09	4.224438e+01	5.307234e+02
2.100000e-06	5.828752e-06	8.889048e-09	4.194034e+01	5.291502e+02
2.110000e-06	5.785085e-06	8.828536e-09	4.162613e+01	5.275790e+02
2.120000e-06	5.739429e-06	8.847940e-09	4.129762e+01	5.259955e+02
2.130000e-06	5.692315e-06	8.891042e-09	4.095861e+01	5.243707e+02
2.140000e-06	5.643730e-06	8.660640e-09	4.060903e+01	5.226691e+02
2.150000e-06	5.593295e-06	8.756095e-09	4.024613e+01	5.208583e+02
2.160000e-06	5.540981e-06	8.839363e-09	3.986970e+01	5.189170e+02
2.170000e-06	5.486582e-06	8.722335e-09	3.947828e+01	5.168388e+02
2.180000e-06	5.430508e-06	8.617053e-09	3.907480e+01	5.146315e+02
2.190000e-06	5.372836e-06	8.534802e-09	3.865983e+01	5.123129e+02
2.200000e-06	5.313620e-06	8.662214e-09	3.823375e+01	5.099036e+02
2.210000e-06	5.253050e-06	8.539058e-09	3.779792e+01	5.074202e+02
2.220000e-06	5.190774e-06	8.423814e-09	3.734982e+01	5.048708e+02
2.230000e-06	5.126777e-06	8.490845e-09	3.688933e+01	5.022526e+02
2.240000e-06	5.061225e-06	8.424641e-09	3.641766e+01	4.995544e+02
2.250000e-06	4.994332e-06	8.397032e-09	3.593634e+01	4.967605e+02
2.260000e-06	4.926185e-06	8.244406e-09	3.544599e+01	4.938556e+02
2.270000e-06	4.856383e-06	8.232547e-09	3.494373e+01	4.908300e+02
2.280000e-06	4.784934e-06	8.252263e-09	3.442963e+01	4.876810e+02
2.290000e-06	4.712142e-06	8.142031e-09	3.390586e+01	4.844132e+02
2.300000e-06	4.638141e-06	8.103888e-09	3.337339e+01	4.810355e+02
2.310000e-06	4.562813e-06	8.017006e-09	3.283137e+01	4.775570e+02
2.320000e-06	4.486034e-06	8.016290e-09	3.227891e+01	4.739838e+02
2.330000e-06	4.407811e-06	7.922890e-09	3.171607e+01	4.703158e+02
2.340000e-06	4.328221e-06	7.817560e-09	3.114338e+01	4.665470e+02
2.350000e-06	4.247453e-06	7.782036e-09	3.056222e+01	4.626666e+02
2.360000e-06	4.165566e-06	7.730726e-09	2.997301e+01	4.586623e+02
2.370000e-06	4.082665e-06	7.689494e-09	2.937650e+01	4.545231e+02
2.380000e-06	3.998789e-06	7.557103e-09	2.877298e+01	4.502420e+02
2.390000e-06	3.913828e-06	7.495972e-09	2.816165e+01	4.458166e+02
2.400000e-06	3.827574e-06	7.451626e-09	2.754101e+01	4.412481e+02
2.410000e-06	3.740148e-06	7.368220e-09	2.691195e+01	4.365396e+02
2.420000e-06	3.651813e-06	7.259333e-09	2.627634e+01	4.316932e+02
2.430000e-06	3.562566e-06	7.172274e-09	2.563417e+01	4.267080e+02
2.440000e-06	3.472405e-06	7.133445e-09	2.498542e+01	4.215790e+02
2.450000e-06	3.381283e-06	7.032291e-09	2.432977e+01	4.162971e+02
2.460000e-06	3.289288e-06	6.914459e-09	2.366782e+01	4.108511e+02
2.470000e-06	3.196437e-06	6.816248e-09	2.299972e+01	4.052288e+02
2.480000e-06	3.102487e-06	6.752820e-09	2.232370e+01	3.994193e+02
2.490000e-06	3.007481e-06	6.649827e-09	2.164010e+01	3.934130e+02
2.500000e-06	2.911647e-06	6.515193e-09	2.095053e+01	3.872020e+02
2.510000e-06	2.814926e-06	6.415263e-09	2.025459e+01	3.807788e+02
2.520000e-06	2.717351e-06	6.326918e-09	1.955249e+01	3.741349e+02
2.530000e-06	2.619167e-06	6.212188e-09	1.884602e+01	3.672595e+02
2.540000e-06	2.520300e-06	6.063909e-09	1.813462e+01	3.601393e+02
2.550000e-06	2.420654e-06	5.946716e-09	1.741763e+01	3.527593e+02
2.560000e-06	2.320319e-06	5.842463e-09	1.669568e+01	3.451035e+02
2.570000e-06	2.219307e-06	5.709594e-09	1.596885e+01	3.371572e+02
2.580000e-06	2.117590e-06	5.549534e-09	1.523696e+01	3.289076e+02
2.590000e-06	2.015054e-06	5.403797e-09	1.449916e+01	3.203447e+02
2.600000e-06	1.911737e-06	5.276088e-09	1.375576e+01	3.114598e+02
2.610000e-06	1.807863e-06	5.118835e-09	1.300834e+01	3.022447e+02
2.620000e-06	1.703537e-06	4.937117e-09	1.225767e+01	2.926886e+02
2.630000e-06	1.598748e-06	4.768916e-09	1.150367e+01	2.827771e+02
2.640000e-06	1.493507e-06	4.618448e-09	1.074641e+01	2.724903e+02
2.650000e-06	1.387923e-06	4.446320e-09	9.986693e+00	2.618031e+02
2.660000e-06	1.282046e-06	4.243554e-09	9.224862e+00	2.506862e+02
2.670000e-06	1.175863e-06	4.042497e-09	8.460835e+00	2.391074e+02
2.680000e-06	1.069391e-06	3.853821e-09	7.694718e+00	2.270332e+02
2.690000e-06	9.626667e-07	3.644038e-09	6.926795e+00	2.144300e+02
2.700000e-06	8.557781e-07	3.407907e-09	6.157686e+00	2.012640e+02
2.710000e-06	7.487543e-07	3.172665e-09	5.387604e+00	1.875013e+02
2.720000e-06	6.415539e-07	2.946832e-09	4.616252e+00	1.731068e+02
2.730000e-06	5.341957e-07	2.702493e-09	3.843764e+00	1.580449e+02
2.740000e-06	4.267348e-07	2.426086e-09	3.070537e+00	1.422807e+02
2.750000e-06	3.191993e-07	2.141392e-09	2.296774e+00	1.257840e+02
2.760000e-06	2.116229e-07	1.858920e-09	1.522717e+00	1.085338e+02
2.770000e-06	1.040307e-07	1.561269e-09	7.485451e-01	9.052525e+01
2.780000e-06	-3.588228e-09	1.237180e-09	-2.581882e-02	7.177602e+01
2.790000e-06	-1.111559e-07	9.054780e-10	-7.998134e-01	5.233149e+01
2.800000e-06	-2.187033e-07	5.761816e-10	-1.573663e+00	3.226777e+01
2.810000e-06	-3.262489e-07	2.350533e-10	-2.347499e+00	1.169145e+01
2.820000e-06	-4.336755e-07	-1.246289e-10	-3.120479e+00	-9.264185e+00
2.830000e-06	-5.409954e-07	-4.852675e-10	-3.892691e+00	-3.044581e+01
2.840000e-06	-6.482421e-07	-8.368940e-10	-4.664377e+00	-5.168894e+01
2.850000e-06	-7.553608e-07	-1.188957e-09	-5.435140e+00	-7.282759e+01
2.860000e-06	-8.622610e-07	-1.546911e-09	-6.204333e+00	-9.370356e+01
2.870000e-06	-9.689173e-07	-1.899196e-09	-6.971770e+00	-1.141742e+02
2.880000e-06	-1.075335e-06	-2.232963e-09	-7.737494e+00	-1.341182e+02
2.890000e-06	-1.181497e-06	-2.553880e-09	-8.501371e+00	-1.534386e+02
2.900000e-06	-1.287343e-06	-2.872358e-09	-9.262977e+00	-1.720638e+02
2.910000e-06	-1.392826e-06	-3.179089e-09	-1.002198e+01	-1.899466e+02
2.920000e-06	-1.498025e-06	-3.462558e-09	-1.077893e+01	-2.070618e+02
2.930000e-06	-1.602898e-06	-3.733063e-09	-1.153353e+01	-2.234023e+02
2.940000e-06	-1.707295e-06	-4.001791e-09	-1.228471e+01	-2.389759e+02
2.950000e-06	-1.811206e-06	-4.260487e-09	-1.303239e+01	-2.538006e+02
2.960000e-06	-1.914610e-06	-4.498651e-09	-1.377643e+01	-2.679014e+02
2.970000e-06	-2.017434e-06	-4.722872e-09	-1.451629e+01	-2.813062e+02
2.980000e-06	-2.119469e-06	-4.939549e-09	-1.525047e+01	-2.940441e+02
2.990000e-06	-2.220623e-06	-5.145284e-09	-1.597832e+01	-3.061429e+02
3.000000e-06	-2.321077e-06	-5.335196e-09	-1.670113e+01	-3.176291e+02
3.010000e-06	-2.420923e-06	-5.512630e-09	-1.741957e+01	-3.285276e+02
3.020000e-06	-2.520086e-06	-5.689372e-09	-1.813308e+01	-3.388628e+02
3.030000e-06	-2.618496e-06	-5.862023e-09	-1.884119e+01	-3.486596e+02
3.040000e-06	-2.716129e-06	-6.022019e-09	-1.954370e+01	-3.579440e+02
3.050000e-06	-2.812943e-06	-6.169846e-09	-2.024031e+01	-3.667439e+02
3.060000e-06	-2.909061e-06	-6.312866e-09	-2.093193e+01	-3.750886e+02
3.070000e-06	-3.004586e-06	-6.449680e-09	-2.161927e+01	-3.830079e+02
3.080000e-06	-3.099288e-06	-6.572281e-09	-2.230069e+01	-3.905310e+02
3.090000e-06	-3.192839e-06	-6.686418e-09	-2.297383e+01	-3.976854e+02
3.100000e-06	-3.285266e-06	-6.803494e-09	-2.363888e+01	-4.044959e+02
3.110000e-06	-3.376758e-06	-6.920514e-09	-2.429721e+01	-4.109845e+02
3.120000e-06	-3.467301e-06	-7.028897e-09	-2.494870e+01	-4.171705e+02
3.130000e-06	-3.556767e-06	-7.129278e-09	-2.559244e+01	-4.230715e+02
3.140000e-06	-3.645272e-06	-7.225273e-09	-2.622928e+01	-4.287044e+02
3.150000e-06	-3.733026e-06	-7.317707e-09	-2.686070e+01	-4.340855e+02
3.160000e-06	-3.819780e-06	-7.400519e-09	-2.748493e+01	-4.392316e+02
3.170000e-06	-3.905168e-06	-7.476989e-09	-2.809934e+01	-4.441589e+02
3.180000e-06	-3.989279e-06	-7.555711e-09	-2.870456e+01	-4.488832e+02
3.190000e-06	-4.072387e-06	-7.637162e-09	-2.930255e+01	-4.534187e+02
3.200000e-06	-4.154516e-06	-7.716106e-09	-2.989350e+01	-4.577777e+02
3.210000e-06	-4.235590e-06	-7.788698e-09	-3.047686e+01	-4.619706e+02
3.220000e-06	-4.315644e-06	-7.858146e-09	-3.105289e+01	-4.660063e+02
3.230000e-06	-4.394506e-06	-7.924024e-09	-3.162033e+01	-4.698924e+02
3.240000e-06	-4.471888e-06	-7.983519e-09	-3.217713e+01	-4.736364e+02
3.250000e-06	-4.547817e-06	-8.037288e-09	-3.272347e+01	-4.772454e+02
3.260000e-06	-4.622355e-06	-8.092875e-09	-3.325980e+01	-4.807264e+02
3.270000e-06	-4.695565e-06	-8.151924e-09	-3.378658e+01	-4.840854e+02
3.280000e-06	-4.767585e-06	-8.208987e-09	-3.430479e+01	-4.873268e+02
3.290000e-06	-4.838297e-06	-8.264727e-09	-3.481360e+01	-4.904532e+02
3.300000e-06	-4.907408e-06	-8.318495e-09	-3.531088e+01	-4.934651e+02
3.310000e-06	-4.975062e-06	-8.368222e-09	-3.579768e+01	-4.963619e+02
3.320000e-06	-5.041398e-06	-8.411587e-09	-3.627500e+01	-4.991430e+02
3.330000e-06	-5.106358e-06	-8.450911e-09	-3.674241e+01	-5.018099e+02
3.340000e-06	-5.170042e-06	-8.491367e-09	-3.720064e+01	-5.043670e+02
3.350000e-06	-5.232168e-06	-8.533213e-09	-3.764766e+01	-5.068218e+02
3.360000e-06	-5.292519e-06	-8.576499e-09	-3.808191e+01	-5.091846e+02
3.370000e-06	-5.351384e-06	-8.618056e-09	-3.850547e+01	-5.114663e+02
3.380000e-06	-5.408850e-06	-8.657029e-09	-3.891897e+01	-5.136757e+02
3.390000e-06	-5.464821e-06	-8.695785e-09	-3.932170e+01	-5.158176e+02
3.400000e-06	-5.519017e-06	-8.731621e-09	-3.971167e+01	-5.178909e+02
3.410000e-06	-5.571245e-06	-8.763405e-09	-4.008747e+01	-5.198891e+02
3.420000e-06	-5.621674e-06	-8.791411e-09	-4.045032e+01	-5.218019e+02
3.430000e-06	-5.670213e-06	-8.820416e-09	-4.079958e+01	-5.236183e+02
3.440000e-06	-5.716823e-06	-8.851211e-09	-4.113497e+01	-5.253305e+02
3.450000e-06	-5.761885e-06	-8.879888e-09	-4.145921e+01	-5.269362e+02
3.460000e-06	-5.805590e-06	-8.907258e-09	-4.177368e+01	-5.284405e+02
3.470000e-06	-5.847888e-06	-8.931134e-09	-4.207803e+01	-5.298545e+02
3.480000e-06	-5.888709e-06	-8.953931e-09	-4.237176e+01	-5.311931e+02
3.490000e-06	-5.928010e-06	-8.975145e-09	-4.265454e+01	-5.324708e+02
3.500000e-06	-5.965527e-06	-8.995453e-09	-4.292449e+01	-5.336978e+02
3.510000e-06	-6.001215e-06	-9.016795e-09	-4.318128e+01	-5.348775e+02
3.520000e-06	-6.035287e-06	-9.036376e-09	-4.342645e+01	-5.360059e+02
3.530000e-06	-6.067782e-06	-9.052863e-09	-4.366026e+01	-5.370738e+02
3.540000e-06	-6.098565e-06	-9.068137e-09	-4.388176e+01	-5.380706e+02
3.550000e-06	-6.127469e-06	-9.083478e-09	-4.408973e+01	-5.389883e+02
3.560000e-06	-6.154722e-06	-9.098263e-09	-4.428583e+01	-5.398256e+02
3.570000e-06	-6.180344e-06	-9.112767e-09	-4.447019e+01	-5.405890e+02
3.580000e-06	-6.204264e-06	-9.127756e-09	-4.464231e+01	-5.412913e+02
3.590000e-06	-6.226398e-06	-9.143507e-09	-4.480157e+01	-5.419482e+02
3.600000e-06	-6.246712e-06	-9.157245e-09	-4.494773e+01	-5.425725e+02
3.610000e-06	-6.265405e-06	-9.166550e-09	-4.508224e+01	-5.431699e+02
3.620000e-06	-6.282465e-06	-9.173687e-09	-4.520500e+01	-5.437360e+02
3.630000e-06	-6.297762e-06	-9.181278e-09	-4.531506e+01	-5.442565e+02
3.640000e-06	-6.310987e-06	-9.189544e-09	-4.541022e+01	-5.447110e+02
3.650000e-06	-6.322133e-06	-9.196453e-09	-4.549042e+01	-5.450789e+02
3.660000e-06	-6.331510e-06	-9.200587e-09	-4.555790e+01	-5.453461e+02
3.670000e-06	-6.339199e-06	-9.205710e-09	-4.561322e+01	-5.455101e+02
3.680000e-06	-6.344965e-06	-9.209666e-09	-4.565471e+01	-5.455818e+02
3.690000e-06	-6.348858e-06	-9.208562e-09	-4.568272e+01	-5.455832e+02
3.700000e-06	-6.351106e-06	-9.209506e-09	-4.569890e+01	-5.455415e+02
3.710000e-06	-6.351667e-06	-9.213688e-09	-4.570293e+01	-5.454811e+02
