# Temperatura_=_20.0
# Concentracion g/m^3_=_9000.0
# C_Vs_to_Am_M_A/Vsm_=_59384043850.047264
# pendiente_HvsI_1/m_=_3716.3
# ordenada_HvsI_A/m_=_1297.0
# frecuencia_Hz_=_269369.01755510666

Tiempo_(s)	Campo_(V.s)	Magnetizacion_(V.s)	Campo_(kA/m)	Magnetizacion_(A/m)
0.000000e+00	-6.375807e-06	-9.222013e-09	-4.569543e+01	-5.461453e+02
1.000000e-08	-6.374220e-06	-9.215340e-09	-4.568406e+01	-5.460805e+02
2.000000e-08	-6.370684e-06	-9.212188e-09	-4.565871e+01	-5.460142e+02
3.000000e-08	-6.365494e-06	-9.209764e-09	-4.562151e+01	-5.459206e+02
4.000000e-08	-6.358740e-06	-9.206235e-09	-4.557311e+01	-5.457638e+02
5.000000e-08	-6.350414e-06	-9.203734e-09	-4.551343e+01	-5.455076e+02
6.000000e-08	-6.340150e-06	-9.199737e-09	-4.543987e+01	-5.451274e+02
7.000000e-08	-6.327883e-06	-9.205928e-09	-4.535196e+01	-5.446185e+02
8.000000e-08	-6.313792e-06	-9.196955e-09	-4.525097e+01	-5.439982e+02
9.000000e-08	-6.297393e-06	-9.112858e-09	-4.513344e+01	-5.433027e+02
1.000000e-07	-6.278595e-06	-9.074113e-09	-4.499871e+01	-5.425767e+02
1.100000e-07	-6.257937e-06	-9.099640e-09	-4.485066e+01	-5.418613e+02
1.200000e-07	-6.235666e-06	-9.119560e-09	-4.469104e+01	-5.411818e+02
1.300000e-07	-6.212098e-06	-9.221037e-09	-4.452212e+01	-5.405398e+02
1.400000e-07	-6.187277e-06	-9.126894e-09	-4.434423e+01	-5.399124e+02
1.500000e-07	-6.160618e-06	-8.998015e-09	-4.415317e+01	-5.392576e+02
1.600000e-07	-6.132361e-06	-9.163600e-09	-4.395065e+01	-5.385255e+02
1.700000e-07	-6.102760e-06	-9.092049e-09	-4.373850e+01	-5.376709e+02
1.800000e-07	-6.071399e-06	-8.952636e-09	-4.351373e+01	-5.366653e+02
1.900000e-07	-6.038474e-06	-9.014944e-09	-4.327776e+01	-5.355029e+02
2.000000e-07	-6.003987e-06	-8.935567e-09	-4.303059e+01	-5.342009e+02
2.100000e-07	-5.967751e-06	-8.995952e-09	-4.277089e+01	-5.327933e+02
2.200000e-07	-5.929878e-06	-9.049291e-09	-4.249946e+01	-5.313197e+02
2.300000e-07	-5.890341e-06	-8.875114e-09	-4.221610e+01	-5.298142e+02
2.400000e-07	-5.848964e-06	-8.859419e-09	-4.191954e+01	-5.282961e+02
2.500000e-07	-5.805715e-06	-8.869330e-09	-4.160958e+01	-5.267654e+02
2.600000e-07	-5.760766e-06	-8.846407e-09	-4.128743e+01	-5.252044e+02
2.700000e-07	-5.714218e-06	-8.826734e-09	-4.095382e+01	-5.235844e+02
2.800000e-07	-5.665907e-06	-8.733485e-09	-4.060757e+01	-5.218746e+02
2.900000e-07	-5.615447e-06	-8.765269e-09	-4.024593e+01	-5.200511e+02
3.000000e-07	-5.562957e-06	-8.789621e-09	-3.986973e+01	-5.181029e+02
3.100000e-07	-5.508805e-06	-8.680984e-09	-3.948162e+01	-5.160335e+02
3.200000e-07	-5.453176e-06	-8.583889e-09	-3.908293e+01	-5.138573e+02
3.300000e-07	-5.395954e-06	-8.582304e-09	-3.867282e+01	-5.115938e+02
3.400000e-07	-5.336959e-06	-8.612823e-09	-3.825000e+01	-5.092598e+02
3.500000e-07	-5.276455e-06	-8.524660e-09	-3.781637e+01	-5.068637e+02
3.600000e-07	-5.214522e-06	-8.467493e-09	-3.737250e+01	-5.044032e+02
3.700000e-07	-5.151059e-06	-8.457324e-09	-3.691766e+01	-5.018657e+02
3.800000e-07	-5.086026e-06	-8.410832e-09	-3.645157e+01	-4.992333e+02
3.900000e-07	-5.019304e-06	-8.362013e-09	-3.597337e+01	-4.964884e+02
4.000000e-07	-4.951063e-06	-8.265318e-09	-3.548429e+01	-4.936185e+02
4.100000e-07	-4.881469e-06	-8.228061e-09	-3.498551e+01	-4.906198e+02
4.200000e-07	-4.810601e-06	-8.219811e-09	-3.447759e+01	-4.874967e+02
4.300000e-07	-4.738493e-06	-8.162650e-09	-3.396079e+01	-4.842590e+02
4.400000e-07	-4.664916e-06	-8.084753e-09	-3.343347e+01	-4.809179e+02
4.500000e-07	-4.589660e-06	-8.019777e-09	-3.289411e+01	-4.774812e+02
4.600000e-07	-4.512913e-06	-7.985046e-09	-3.234406e+01	-4.739507e+02
4.700000e-07	-4.434952e-06	-7.913279e-09	-3.178532e+01	-4.703220e+02
4.800000e-07	-4.355645e-06	-7.832954e-09	-3.121692e+01	-4.665862e+02
4.900000e-07	-4.274822e-06	-7.770442e-09	-3.063766e+01	-4.627334e+02
5.000000e-07	-4.192691e-06	-7.720080e-09	-3.004903e+01	-4.587559e+02
5.100000e-07	-4.109547e-06	-7.657800e-09	-2.945314e+01	-4.546505e+02
5.200000e-07	-4.025536e-06	-7.563643e-09	-2.885103e+01	-4.504182e+02
5.300000e-07	-3.940664e-06	-7.488818e-09	-2.824275e+01	-4.460623e+02
5.400000e-07	-3.854834e-06	-7.429638e-09	-2.762761e+01	-4.415850e+02
5.500000e-07	-3.768020e-06	-7.356659e-09	-2.700541e+01	-4.369842e+02
5.600000e-07	-3.680217e-06	-7.265999e-09	-2.637613e+01	-4.322519e+02
5.700000e-07	-3.591409e-06	-7.180623e-09	-2.573964e+01	-4.273741e+02
5.800000e-07	-3.501485e-06	-7.106037e-09	-2.509515e+01	-4.223339e+02
5.900000e-07	-3.410433e-06	-7.015093e-09	-2.444259e+01	-4.171145e+02
6.000000e-07	-3.318419e-06	-6.908954e-09	-2.378312e+01	-4.117035e+02
6.100000e-07	-3.225510e-06	-6.809092e-09	-2.311724e+01	-4.060951e+02
6.200000e-07	-3.131688e-06	-6.724666e-09	-2.244481e+01	-4.002901e+02
6.300000e-07	-3.036972e-06	-6.633219e-09	-2.176599e+01	-3.942934e+02
6.400000e-07	-2.941434e-06	-6.521077e-09	-2.108127e+01	-3.881101e+02
6.500000e-07	-2.845074e-06	-6.410736e-09	-2.039066e+01	-3.817406e+02
6.600000e-07	-2.747800e-06	-6.308137e-09	-1.969349e+01	-3.751779e+02
6.700000e-07	-2.649493e-06	-6.193862e-09	-1.898892e+01	-3.684060e+02
6.800000e-07	-2.550211e-06	-6.062866e-09	-1.827737e+01	-3.614020e+02
6.900000e-07	-2.450161e-06	-5.935365e-09	-1.756031e+01	-3.541401e+02
7.000000e-07	-2.349433e-06	-5.818813e-09	-1.683839e+01	-3.465959e+02
7.100000e-07	-2.248067e-06	-5.690229e-09	-1.611190e+01	-3.387508e+02
7.200000e-07	-2.146115e-06	-5.544113e-09	-1.538121e+01	-3.305938e+02
7.300000e-07	-2.043548e-06	-5.397489e-09	-1.464611e+01	-3.221209e+02
7.400000e-07	-1.940316e-06	-5.257707e-09	-1.390625e+01	-3.133312e+02
7.500000e-07	-1.836498e-06	-5.108989e-09	-1.316219e+01	-3.042223e+02
7.600000e-07	-1.732217e-06	-4.942320e-09	-1.241481e+01	-2.947860e+02
7.700000e-07	-1.627523e-06	-4.774926e-09	-1.166446e+01	-2.850050e+02
7.800000e-07	-1.522312e-06	-4.610884e-09	-1.091042e+01	-2.748527e+02
7.900000e-07	-1.416638e-06	-4.434982e-09	-1.015305e+01	-2.642958e+02
8.000000e-07	-1.310581e-06	-4.240401e-09	-9.392941e+00	-2.532984e+02
8.100000e-07	-1.204060e-06	-4.042181e-09	-8.629502e+00	-2.418265e+02
8.200000e-07	-1.097099e-06	-3.845081e-09	-7.862910e+00	-2.298512e+02
8.300000e-07	-9.897856e-07	-3.637853e-09	-7.093797e+00	-2.173490e+02
8.400000e-07	-8.823041e-07	-3.415739e-09	-6.323477e+00	-2.042998e+02
8.500000e-07	-7.746855e-07	-3.184774e-09	-5.552174e+00	-1.906830e+02
8.600000e-07	-6.669067e-07	-2.948819e-09	-4.779722e+00	-1.764727e+02
8.700000e-07	-5.590069e-07	-2.701098e-09	-4.006404e+00	-1.616352e+02
8.800000e-07	-4.509832e-07	-2.434605e-09	-3.232198e+00	-1.461293e+02
8.900000e-07	-3.428642e-07	-2.153528e-09	-2.457309e+00	-1.299103e+02
9.000000e-07	-2.347122e-07	-1.868650e-09	-1.682183e+00	-1.129388e+02
9.100000e-07	-1.265480e-07	-1.574682e-09	-9.069696e-01	-9.518988e+01
9.200000e-07	-1.833670e-08	-1.261742e-09	-1.314192e-01	-7.666386e+01
9.300000e-07	8.990755e-08	-9.325088e-10	6.443677e-01	-5.739385e+01
9.400000e-07	1.981434e-07	-5.993792e-10	1.420094e+00	-3.744950e+01
9.500000e-07	3.063413e-07	-2.588213e-10	2.195549e+00	-1.693595e+01
9.600000e-07	4.144393e-07	9.643724e-11	2.970288e+00	4.011883e+00
9.700000e-07	5.224153e-07	4.581784e-10	3.744152e+00	2.523821e+01
9.800000e-07	6.303048e-07	8.176366e-10	4.517396e+00	4.657682e+01
9.900000e-07	7.381060e-07	1.172809e-09	5.290008e+00	6.786108e+01
1.000000e-06	8.457682e-07	1.528881e-09	6.061624e+00	8.893240e+01
1.010000e-06	9.532455e-07	1.880695e-09	6.831913e+00	1.096463e+02
1.020000e-06	1.060564e-06	2.216237e-09	7.601068e+00	1.298760e+02
1.030000e-06	1.167612e-06	2.537679e-09	8.368276e+00	1.495151e+02
1.040000e-06	1.274251e-06	2.854688e-09	9.132562e+00	1.684783e+02
1.050000e-06	1.380477e-06	3.165363e-09	9.893881e+00	1.867023e+02
1.060000e-06	1.486268e-06	3.458269e-09	1.065209e+01	2.041465e+02
1.070000e-06	1.591627e-06	3.732331e-09	1.140719e+01	2.207919e+02
1.080000e-06	1.696506e-06	3.997428e-09	1.215887e+01	2.366400e+02
1.090000e-06	1.800900e-06	4.254312e-09	1.290706e+01	2.517097e+02
1.100000e-06	1.904809e-06	4.493541e-09	1.365177e+01	2.660318e+02
1.110000e-06	2.008145e-06	4.714789e-09	1.439238e+01	2.796440e+02
1.120000e-06	2.110877e-06	4.930354e-09	1.512866e+01	2.925843e+02
1.130000e-06	2.213027e-06	5.139676e-09	1.586077e+01	3.048868e+02
1.140000e-06	2.314603e-06	5.336296e-09	1.658877e+01	3.165788e+02
1.150000e-06	2.415461e-06	5.516646e-09	1.731162e+01	3.276812e+02
1.160000e-06	2.515625e-06	5.691225e-09	1.802950e+01	3.382107e+02
1.170000e-06	2.615137e-06	5.863115e-09	1.874270e+01	3.481838e+02
1.180000e-06	2.713740e-06	6.024136e-09	1.944938e+01	3.576204e+02
1.190000e-06	2.811345e-06	6.171390e-09	2.014892e+01	3.665473e+02
1.200000e-06	2.908024e-06	6.310274e-09	2.084182e+01	3.749978e+02
1.210000e-06	3.003823e-06	6.446813e-09	2.152841e+01	3.830101e+02
1.220000e-06	3.098708e-06	6.574110e-09	2.220845e+01	3.906241e+02
1.230000e-06	3.192734e-06	6.688984e-09	2.288233e+01	3.978763e+02
1.240000e-06	3.285909e-06	6.801678e-09	2.355012e+01	4.047967e+02
1.250000e-06	3.378156e-06	6.916461e-09	2.421126e+01	4.114068e+02
1.260000e-06	3.469567e-06	7.024169e-09	2.486640e+01	4.177204e+02
1.270000e-06	3.560023e-06	7.121471e-09	2.551470e+01	4.237457e+02
1.280000e-06	3.649310e-06	7.212758e-09	2.615461e+01	4.294893e+02
1.290000e-06	3.737422e-06	7.306531e-09	2.678612e+01	4.349600e+02
1.300000e-06	3.824492e-06	7.396424e-09	2.741015e+01	4.401712e+02
1.310000e-06	3.910630e-06	7.477225e-09	2.802750e+01	4.451411e+02
1.320000e-06	3.995769e-06	7.554849e-09	2.863769e+01	4.498919e+02
1.330000e-06	4.079870e-06	7.635047e-09	2.924044e+01	4.544463e+02
1.340000e-06	4.162970e-06	7.711488e-09	2.983602e+01	4.588251e+02
1.350000e-06	4.244998e-06	7.778155e-09	3.042391e+01	4.630443e+02
1.360000e-06	4.325821e-06	7.840681e-09	3.100317e+01	4.671147e+02
1.370000e-06	4.405429e-06	7.906924e-09	3.157372e+01	4.710422e+02
1.380000e-06	4.483814e-06	7.973972e-09	3.213551e+01	4.748301e+02
1.390000e-06	4.560935e-06	8.036086e-09	3.268824e+01	4.784809e+02
1.400000e-06	4.636749e-06	8.095796e-09	3.323159e+01	4.819985e+02
1.410000e-06	4.711112e-06	8.155701e-09	3.376455e+01	4.853886e+02
1.420000e-06	4.783876e-06	8.212665e-09	3.428606e+01	4.886579e+02
1.430000e-06	4.855184e-06	8.263788e-09	3.479712e+01	4.918131e+02
1.440000e-06	4.925205e-06	8.311092e-09	3.529896e+01	4.948587e+02
1.450000e-06	4.993952e-06	8.358807e-09	3.579167e+01	4.977969e+02
1.460000e-06	5.061402e-06	8.408558e-09	3.627508e+01	5.006270e+02
1.470000e-06	5.127334e-06	8.456264e-09	3.674762e+01	5.033480e+02
1.480000e-06	5.191634e-06	8.501356e-09	3.720846e+01	5.059599e+02
1.490000e-06	5.254465e-06	8.545935e-09	3.765877e+01	5.084663e+02
1.500000e-06	5.315953e-06	8.588641e-09	3.809945e+01	5.108746e+02
1.510000e-06	5.376096e-06	8.626110e-09	3.853050e+01	5.131958e+02
1.520000e-06	5.434742e-06	8.661288e-09	3.895081e+01	5.154414e+02
1.530000e-06	5.491637e-06	8.696347e-09	3.935858e+01	5.176205e+02
1.540000e-06	5.546839e-06	8.732801e-09	3.975421e+01	5.197365e+02
1.550000e-06	5.600462e-06	8.768093e-09	4.013853e+01	5.217856e+02
1.560000e-06	5.652288e-06	8.800636e-09	4.050997e+01	5.237575e+02
1.570000e-06	5.702001e-06	8.833931e-09	4.086626e+01	5.256381e+02
1.580000e-06	5.749756e-06	8.866386e-09	4.120852e+01	5.274142e+02
1.590000e-06	5.795886e-06	8.894009e-09	4.153914e+01	5.290779e+02
1.600000e-06	5.840505e-06	8.919041e-09	4.185892e+01	5.306304e+02
1.610000e-06	5.883590e-06	8.943072e-09	4.216771e+01	5.320821e+02
1.620000e-06	5.924866e-06	8.965699e-09	4.246353e+01	5.334507e+02
1.630000e-06	5.964450e-06	8.985760e-09	4.274723e+01	5.347565e+02
1.640000e-06	6.002524e-06	9.003869e-09	4.302011e+01	5.360165e+02
1.650000e-06	6.039044e-06	9.024114e-09	4.328185e+01	5.372398e+02
1.660000e-06	6.073941e-06	9.045337e-09	4.353196e+01	5.384249e+02
1.670000e-06	6.106942e-06	9.065348e-09	4.376847e+01	5.395610e+02
1.680000e-06	6.138191e-06	9.082852e-09	4.399243e+01	5.406315e+02
1.690000e-06	6.167889e-06	9.099170e-09	4.420528e+01	5.416209e+02
1.700000e-06	6.196036e-06	9.114951e-09	4.440701e+01	5.425197e+02
1.710000e-06	6.222405e-06	9.127932e-09	4.459599e+01	5.433289e+02
1.720000e-06	6.246862e-06	9.137767e-09	4.477128e+01	5.440598e+02
1.730000e-06	6.269622e-06	9.147375e-09	4.493440e+01	5.447310e+02
1.740000e-06	6.290788e-06	9.157920e-09	4.508610e+01	5.453616e+02
1.750000e-06	6.310396e-06	9.167265e-09	4.522663e+01	5.459650e+02
1.760000e-06	6.328215e-06	9.174996e-09	4.535434e+01	5.465431e+02
1.770000e-06	6.344088e-06	9.184345e-09	4.546810e+01	5.470850e+02
1.780000e-06	6.358114e-06	9.195207e-09	4.556862e+01	5.475696e+02
1.790000e-06	6.370310e-06	9.202780e-09	4.565603e+01	5.479720e+02
1.800000e-06	6.380416e-06	9.205199e-09	4.572846e+01	5.482714e+02
1.810000e-06	6.388490e-06	9.205489e-09	4.578633e+01	5.484592e+02
1.820000e-06	6.394824e-06	9.207487e-09	4.583173e+01	5.485425e+02
1.830000e-06	6.399471e-06	9.207984e-09	4.586503e+01	5.485433e+02
1.840000e-06	6.402373e-06	9.205952e-09	4.588583e+01	5.484929e+02
1.850000e-06	6.403318e-06	9.202302e-09	4.589260e+01	5.484223e+02
1.860000e-06	6.402416e-06	9.203475e-09	4.588613e+01	5.483530e+02
1.870000e-06	6.399883e-06	9.208920e-09	4.586799e+01	5.482894e+02
1.880000e-06	6.395809e-06	9.205999e-09	4.583878e+01	5.482163e+02
1.890000e-06	6.389872e-06	9.201571e-09	4.579623e+01	5.481032e+02
1.900000e-06	6.382024e-06	9.200051e-09	4.573999e+01	5.479127e+02
1.910000e-06	6.372656e-06	9.193960e-09	4.567285e+01	5.476117e+02
1.920000e-06	6.361731e-06	9.167784e-09	4.559455e+01	5.471823e+02
1.930000e-06	6.349040e-06	9.141736e-09	4.550359e+01	5.466281e+02
1.940000e-06	6.334279e-06	9.233329e-09	4.539780e+01	5.459744e+02
1.950000e-06	6.317079e-06	9.254726e-09	4.527452e+01	5.452618e+02
1.960000e-06	6.297274e-06	9.205232e-09	4.513258e+01	5.445354e+02
1.970000e-06	6.275093e-06	9.114529e-09	4.497361e+01	5.438313e+02
1.980000e-06	6.251508e-06	8.970939e-09	4.480458e+01	5.431667e+02
1.990000e-06	6.227397e-06	9.171461e-09	4.463177e+01	5.425338e+02
2.000000e-06	6.201998e-06	9.181166e-09	4.444974e+01	5.419015e+02
2.010000e-06	6.174718e-06	8.964474e-09	4.425422e+01	5.412234e+02
2.020000e-06	6.146295e-06	9.138953e-09	4.405052e+01	5.404496e+02
2.030000e-06	6.116113e-06	9.118751e-09	4.383421e+01	5.395403e+02
2.040000e-06	6.083508e-06	9.016078e-09	4.360052e+01	5.384750e+02
2.050000e-06	6.049410e-06	9.139371e-09	4.335614e+01	5.372569e+02
2.060000e-06	6.013917e-06	8.919248e-09	4.310176e+01	5.359105e+02
2.070000e-06	5.976689e-06	8.886773e-09	4.283495e+01	5.344732e+02
2.080000e-06	5.937682e-06	9.086411e-09	4.255539e+01	5.329840e+02
2.090000e-06	5.896755e-06	8.938945e-09	4.226206e+01	5.314723e+02
2.100000e-06	5.854356e-06	8.939602e-09	4.195819e+01	5.299502e+02
2.110000e-06	5.810522e-06	8.877237e-09	4.164403e+01	5.284107e+02
2.120000e-06	5.764714e-06	8.841929e-09	4.131572e+01	5.268310e+02
2.130000e-06	5.717428e-06	8.959379e-09	4.097682e+01	5.251804e+02
2.140000e-06	5.668620e-06	8.721786e-09	4.062702e+01	5.234299e+02
2.150000e-06	5.617965e-06	8.724809e-09	4.026398e+01	5.215599e+02
2.160000e-06	5.565500e-06	8.834485e-09	3.988796e+01	5.195648e+02
2.170000e-06	5.510939e-06	8.765310e-09	3.949691e+01	5.174530e+02
2.180000e-06	5.454726e-06	8.704216e-09	3.909404e+01	5.152415e+02
2.190000e-06	5.396958e-06	8.555691e-09	3.868002e+01	5.129496e+02
2.200000e-06	5.337589e-06	8.655542e-09	3.825452e+01	5.105916e+02
2.210000e-06	5.276784e-06	8.603636e-09	3.781873e+01	5.081720e+02
2.220000e-06	5.214306e-06	8.462474e-09	3.737095e+01	5.056842e+02
2.230000e-06	5.150206e-06	8.495989e-09	3.691154e+01	5.031130e+02
2.240000e-06	5.084529e-06	8.428645e-09	3.644083e+01	5.004401e+02
2.250000e-06	5.017453e-06	8.459007e-09	3.596010e+01	4.976490e+02
2.260000e-06	4.949130e-06	8.318764e-09	3.547043e+01	4.947305e+02
2.270000e-06	4.879158e-06	8.231931e-09	3.496894e+01	4.916840e+02
2.280000e-06	4.807509e-06	8.257224e-09	3.445543e+01	4.885163e+02
2.290000e-06	4.734524e-06	8.176967e-09	3.393235e+01	4.852384e+02
2.300000e-06	4.660385e-06	8.150297e-09	3.340099e+01	4.818605e+02
2.310000e-06	4.584812e-06	8.033980e-09	3.285936e+01	4.783885e+02
2.320000e-06	4.507675e-06	8.028302e-09	3.230652e+01	4.748217e+02
2.330000e-06	4.429096e-06	7.973087e-09	3.174335e+01	4.711538e+02
2.340000e-06	4.349205e-06	7.862287e-09	3.117076e+01	4.673749e+02
2.350000e-06	4.268216e-06	7.797407e-09	3.059032e+01	4.634757e+02
2.360000e-06	4.186119e-06	7.719042e-09	3.000193e+01	4.594501e+02
2.370000e-06	4.103031e-06	7.713513e-09	2.940644e+01	4.552965e+02
2.380000e-06	4.018920e-06	7.602922e-09	2.880361e+01	4.510172e+02
2.390000e-06	3.933592e-06	7.519711e-09	2.819207e+01	4.466154e+02
2.400000e-06	3.846977e-06	7.457581e-09	2.757130e+01	4.420920e+02
2.410000e-06	3.759257e-06	7.389212e-09	2.694261e+01	4.374429e+02
2.420000e-06	3.670647e-06	7.305741e-09	2.630754e+01	4.326577e+02
2.430000e-06	3.581060e-06	7.183235e-09	2.566547e+01	4.277208e+02
2.440000e-06	3.490572e-06	7.126150e-09	2.501694e+01	4.226148e+02
2.450000e-06	3.399187e-06	7.048604e-09	2.436199e+01	4.173244e+02
2.460000e-06	3.306903e-06	6.957140e-09	2.370058e+01	4.118395e+02
2.470000e-06	3.213666e-06	6.836498e-09	2.303235e+01	4.061567e+02
2.480000e-06	3.119255e-06	6.740438e-09	2.235571e+01	4.002788e+02
2.490000e-06	3.023881e-06	6.664245e-09	2.167217e+01	3.942114e+02
2.500000e-06	2.927703e-06	6.550756e-09	2.098285e+01	3.879583e+02
2.510000e-06	2.830647e-06	6.429530e-09	2.028726e+01	3.815174e+02
2.520000e-06	2.732757e-06	6.316103e-09	1.958568e+01	3.748782e+02
2.530000e-06	2.634175e-06	6.222945e-09	1.887914e+01	3.680220e+02
2.540000e-06	2.534916e-06	6.096028e-09	1.816775e+01	3.609241e+02
2.550000e-06	2.434898e-06	5.953862e-09	1.745092e+01	3.535586e+02
2.560000e-06	2.334082e-06	5.826544e-09	1.672837e+01	3.459030e+02
2.570000e-06	2.232474e-06	5.713886e-09	1.600015e+01	3.379416e+02
2.580000e-06	2.130194e-06	5.577949e-09	1.526711e+01	3.296661e+02
2.590000e-06	2.027259e-06	5.415587e-09	1.452938e+01	3.210742e+02
2.600000e-06	1.923650e-06	5.267765e-09	1.378681e+01	3.121650e+02
2.610000e-06	1.819495e-06	5.124901e-09	1.304033e+01	3.029345e+02
2.620000e-06	1.714827e-06	4.961036e-09	1.229017e+01	2.933712e+02
2.630000e-06	1.609641e-06	4.774539e-09	1.153630e+01	2.834542e+02
2.640000e-06	1.504055e-06	4.602617e-09	1.077956e+01	2.731540e+02
2.650000e-06	1.398141e-06	4.441689e-09	1.002048e+01	2.624358e+02
2.660000e-06	1.291923e-06	4.259980e-09	9.259215e+00	2.512640e+02
2.670000e-06	1.185417e-06	4.050156e-09	8.495890e+00	2.396061e+02
2.680000e-06	1.078597e-06	3.842047e-09	7.730306e+00	2.274354e+02
2.690000e-06	9.715114e-07	3.640058e-09	6.962825e+00	2.147301e+02
2.700000e-06	8.642415e-07	3.419413e-09	6.194022e+00	2.014704e+02
2.710000e-06	7.568254e-07	3.176722e-09	5.424170e+00	1.876341e+02
2.720000e-06	6.492491e-07	2.931643e-09	4.653171e+00	1.731928e+02
2.730000e-06	5.415127e-07	2.691081e-09	3.881023e+00	1.581095e+02
2.740000e-06	4.336428e-07	2.430312e-09	3.107919e+00	1.423411e+02
2.750000e-06	3.257191e-07	2.140762e-09	2.334430e+00	1.258437e+02
2.760000e-06	2.178041e-07	1.843699e-09	1.561003e+00	1.085821e+02
2.770000e-06	1.098775e-07	1.551208e-09	7.874927e-01	9.053984e+01
2.780000e-06	1.931293e-09	1.242911e-09	1.384158e-02	7.172874e+01
2.790000e-06	-1.059696e-07	9.087661e-10	-7.594844e-01	5.219542e+01
2.800000e-06	-2.138406e-07	5.637816e-10	-1.532596e+00	3.202326e+01
2.810000e-06	-3.217050e-07	2.229166e-10	-2.305661e+00	1.132942e+01
2.820000e-06	-4.294698e-07	-1.240750e-10	-3.078011e+00	-9.742181e+00
2.830000e-06	-5.371368e-07	-4.897123e-10	-3.849661e+00	-3.103060e+01
2.840000e-06	-6.447015e-07	-8.582321e-10	-4.620578e+00	-5.236836e+01
2.850000e-06	-7.521479e-07	-1.212349e-09	-5.390646e+00	-7.359099e+01
2.860000e-06	-8.594270e-07	-1.559225e-09	-6.159516e+00	-9.454459e+01
2.870000e-06	-9.664355e-07	-1.911520e-09	-6.926446e+00	-1.150910e+02
2.880000e-06	-1.073201e-06	-2.256925e-09	-7.691637e+00	-1.351109e+02
2.890000e-06	-1.179705e-06	-2.578532e-09	-8.454948e+00	-1.545056e+02
2.900000e-06	-1.285912e-06	-2.886600e-09	-9.216138e+00	-1.731981e+02
2.910000e-06	-1.391866e-06	-3.194137e-09	-9.975508e+00	-1.911336e+02
2.920000e-06	-1.497551e-06	-3.492926e-09	-1.073295e+01	-2.082795e+02
2.930000e-06	-1.602835e-06	-3.767900e-09	-1.148753e+01	-2.246250e+02
2.940000e-06	-1.707631e-06	-4.026052e-09	-1.223860e+01	-2.401785e+02
2.950000e-06	-1.811943e-06	-4.280718e-09	-1.298620e+01	-2.549640e+02
2.960000e-06	-1.915759e-06	-4.525294e-09	-1.373025e+01	-2.690157e+02
2.970000e-06	-2.019023e-06	-4.749585e-09	-1.447035e+01	-2.823718e+02
2.980000e-06	-2.121645e-06	-4.958040e-09	-1.520583e+01	-2.950696e+02
2.990000e-06	-2.223515e-06	-5.163696e-09	-1.593594e+01	-3.071406e+02
3.000000e-06	-2.324558e-06	-5.364335e-09	-1.666011e+01	-3.186097e+02
3.010000e-06	-2.424859e-06	-5.546852e-09	-1.737897e+01	-3.294957e+02
3.020000e-06	-2.524401e-06	-5.713770e-09	-1.809239e+01	-3.398147e+02
3.030000e-06	-2.623154e-06	-5.879834e-09	-1.880015e+01	-3.495843e+02
3.040000e-06	-2.721234e-06	-6.045000e-09	-1.950309e+01	-3.588266e+02
3.050000e-06	-2.818602e-06	-6.194257e-09	-2.020093e+01	-3.675708e+02
3.060000e-06	-2.915191e-06	-6.329411e-09	-2.089318e+01	-3.758526e+02
3.070000e-06	-3.010993e-06	-6.465564e-09	-2.157979e+01	-3.837113e+02
3.080000e-06	-3.105986e-06	-6.598532e-09	-2.226061e+01	-3.911858e+02
3.090000e-06	-3.200097e-06	-6.716701e-09	-2.293511e+01	-3.983108e+02
3.100000e-06	-3.293136e-06	-6.825013e-09	-2.360192e+01	-4.051131e+02
3.110000e-06	-3.385027e-06	-6.936800e-09	-2.426050e+01	-4.116111e+02
3.120000e-06	-3.475926e-06	-7.050365e-09	-2.491197e+01	-4.178160e+02
3.130000e-06	-3.565905e-06	-7.152362e-09	-2.555685e+01	-4.237351e+02
3.140000e-06	-3.654897e-06	-7.244507e-09	-2.619466e+01	-4.293754e+02
3.150000e-06	-3.742975e-06	-7.338850e-09	-2.682592e+01	-4.347473e+02
3.160000e-06	-3.830091e-06	-7.431117e-09	-2.745027e+01	-4.398659e+02
3.170000e-06	-3.916024e-06	-7.511295e-09	-2.806615e+01	-4.447512e+02
3.180000e-06	-4.000689e-06	-7.582077e-09	-2.867295e+01	-4.494260e+02
3.190000e-06	-4.084197e-06	-7.655828e-09	-2.927146e+01	-4.539126e+02
3.200000e-06	-4.166696e-06	-7.733956e-09	-2.986272e+01	-4.582302e+02
3.210000e-06	-4.248145e-06	-7.805813e-09	-3.044647e+01	-4.623929e+02
3.220000e-06	-4.328482e-06	-7.871553e-09	-3.102225e+01	-4.664095e+02
3.230000e-06	-4.407662e-06	-7.939106e-09	-3.158973e+01	-4.702847e+02
3.240000e-06	-4.485463e-06	-8.008268e-09	-3.214733e+01	-4.740211e+02
3.250000e-06	-4.561750e-06	-8.067441e-09	-3.269408e+01	-4.776217e+02
3.260000e-06	-4.636608e-06	-8.118413e-09	-3.323059e+01	-4.810910e+02
3.270000e-06	-4.710153e-06	-8.171881e-09	-3.375768e+01	-4.844353e+02
3.280000e-06	-4.782479e-06	-8.228986e-09	-3.427604e+01	-4.876614e+02
3.290000e-06	-4.853538e-06	-8.283518e-09	-3.478532e+01	-4.907753e+02
3.300000e-06	-4.923105e-06	-8.331073e-09	-3.528391e+01	-4.937809e+02
3.310000e-06	-4.991135e-06	-8.378934e-09	-3.577148e+01	-4.966789e+02
3.320000e-06	-5.057796e-06	-8.428765e-09	-3.624924e+01	-4.994686e+02
3.330000e-06	-5.123105e-06	-8.474103e-09	-3.671731e+01	-5.021488e+02
3.340000e-06	-5.187022e-06	-8.510558e-09	-3.717540e+01	-5.047208e+02
3.350000e-06	-5.249431e-06	-8.547679e-09	-3.762269e+01	-5.071895e+02
3.360000e-06	-5.310119e-06	-8.591947e-09	-3.805764e+01	-5.095641e+02
3.370000e-06	-5.369272e-06	-8.632939e-09	-3.848159e+01	-5.118559e+02
3.380000e-06	-5.426998e-06	-8.668068e-09	-3.889531e+01	-5.140760e+02
3.390000e-06	-5.483208e-06	-8.704598e-09	-3.929817e+01	-5.162317e+02
3.400000e-06	-5.537781e-06	-8.745153e-09	-3.968929e+01	-5.183238e+02
3.410000e-06	-5.590417e-06	-8.782156e-09	-4.006653e+01	-5.203457e+02
3.420000e-06	-5.641150e-06	-8.810311e-09	-4.043014e+01	-5.222854e+02
3.430000e-06	-5.689974e-06	-8.836257e-09	-4.078006e+01	-5.241284e+02
3.440000e-06	-5.736892e-06	-8.864632e-09	-4.111633e+01	-5.258631e+02
3.450000e-06	-5.782245e-06	-8.893590e-09	-4.144137e+01	-5.274848e+02
3.460000e-06	-5.826177e-06	-8.918704e-09	-4.175623e+01	-5.289980e+02
3.470000e-06	-5.868674e-06	-8.942315e-09	-4.206080e+01	-5.304165e+02
3.480000e-06	-5.909656e-06	-8.969026e-09	-4.235452e+01	-5.317595e+02
3.490000e-06	-5.949099e-06	-8.992631e-09	-4.263721e+01	-5.330468e+02
3.500000e-06	-5.986812e-06	-9.011856e-09	-4.290750e+01	-5.342928e+02
3.510000e-06	-6.022712e-06	-9.030550e-09	-4.316479e+01	-5.355028e+02
3.520000e-06	-6.057021e-06	-9.050019e-09	-4.341069e+01	-5.366715e+02
3.530000e-06	-6.089778e-06	-9.068066e-09	-4.364546e+01	-5.377852e+02
3.540000e-06	-6.120835e-06	-9.084640e-09	-4.386805e+01	-5.388273e+02
3.550000e-06	-6.150008e-06	-9.099557e-09	-4.407713e+01	-5.397835e+02
3.560000e-06	-6.177448e-06	-9.113900e-09	-4.427379e+01	-5.406483e+02
3.570000e-06	-6.203287e-06	-9.127452e-09	-4.445898e+01	-5.414266e+02
3.580000e-06	-6.227515e-06	-9.139066e-09	-4.463262e+01	-5.421331e+02
3.590000e-06	-6.249911e-06	-9.151263e-09	-4.479313e+01	-5.427872e+02
3.600000e-06	-6.270384e-06	-9.165394e-09	-4.493986e+01	-5.434069e+02
3.610000e-06	-6.289232e-06	-9.177523e-09	-4.507494e+01	-5.440015e+02
3.620000e-06	-6.306444e-06	-9.186136e-09	-4.519830e+01	-5.445683e+02
3.630000e-06	-6.321795e-06	-9.193663e-09	-4.530833e+01	-5.450919e+02
3.640000e-06	-6.335040e-06	-9.200811e-09	-4.540325e+01	-5.455488e+02
3.650000e-06	-6.346251e-06	-9.205576e-09	-4.548360e+01	-5.459147e+02
3.660000e-06	-6.355719e-06	-9.208467e-09	-4.555146e+01	-5.461728e+02
3.670000e-06	-6.363487e-06	-9.211978e-09	-4.560713e+01	-5.463199e+02
3.680000e-06	-6.369291e-06	-9.215750e-09	-4.564873e+01	-5.463693e+02
3.690000e-06	-6.373205e-06	-9.218402e-09	-4.567678e+01	-5.463473e+02
3.700000e-06	-6.375472e-06	-9.219909e-09	-4.569303e+01	-5.462863e+02
3.710000e-06	-6.376116e-06	-9.221852e-09	-4.569764e+01	-5.462148e+02
