# Temperatura_=_20.0
# Concentracion g/m^3_=_9000.0
# C_Vs_to_Am_M_A/Vsm_=_59384043850.047264
# pendiente_HvsI_1/m_=_3716.3
# ordenada_HvsI_A/m_=_1297.0
# frecuencia_Hz_=_269363.8381611963

Tiempo_(s)	Campo_(V.s)	Magnetizacion_(V.s)	Campo_(kA/m)	Magnetizacion_(A/m)
0.000000e+00	-6.372055e-06	-9.242209e-09	-4.569442e+01	-5.474618e+02
1.000000e-08	-6.370104e-06	-9.237581e-09	-4.568043e+01	-5.474042e+02
2.000000e-08	-6.366353e-06	-9.233600e-09	-4.565354e+01	-5.473348e+02
3.000000e-08	-6.360954e-06	-9.229259e-09	-4.561481e+01	-5.472290e+02
4.000000e-08	-6.353918e-06	-9.225466e-09	-4.556436e+01	-5.470543e+02
5.000000e-08	-6.345269e-06	-9.222899e-09	-4.550234e+01	-5.467792e+02
6.000000e-08	-6.334778e-06	-9.222143e-09	-4.542710e+01	-5.463833e+02
7.000000e-08	-6.322280e-06	-9.223887e-09	-4.533748e+01	-5.458645e+02
8.000000e-08	-6.307674e-06	-9.186910e-09	-4.523274e+01	-5.452413e+02
9.000000e-08	-6.290772e-06	-9.136357e-09	-4.511154e+01	-5.445490e+02
1.000000e-07	-6.271718e-06	-9.135300e-09	-4.497490e+01	-5.438312e+02
1.100000e-07	-6.250841e-06	-9.142070e-09	-4.482519e+01	-5.431277e+02
1.200000e-07	-6.228353e-06	-9.183843e-09	-4.466393e+01	-5.424634e+02
1.300000e-07	-6.204632e-06	-9.197327e-09	-4.449382e+01	-5.418407e+02
1.400000e-07	-6.179600e-06	-9.080471e-09	-4.431431e+01	-5.412373e+02
1.500000e-07	-6.152775e-06	-9.113243e-09	-4.412195e+01	-5.406109e+02
1.600000e-07	-6.124400e-06	-9.147918e-09	-4.391847e+01	-5.399091e+02
1.700000e-07	-6.094525e-06	-9.039917e-09	-4.370424e+01	-5.390819e+02
1.800000e-07	-6.062965e-06	-9.045176e-09	-4.347792e+01	-5.380941e+02
1.900000e-07	-6.029961e-06	-9.010866e-09	-4.324125e+01	-5.369334e+02
2.000000e-07	-5.995314e-06	-8.987956e-09	-4.299279e+01	-5.356125e+02
2.100000e-07	-5.958824e-06	-9.061618e-09	-4.273111e+01	-5.341650e+02
2.200000e-07	-5.920662e-06	-8.977692e-09	-4.245746e+01	-5.326359e+02
2.300000e-07	-5.880822e-06	-8.880038e-09	-4.217176e+01	-5.310698e+02
2.400000e-07	-5.839105e-06	-8.906342e-09	-4.187261e+01	-5.295000e+02
2.500000e-07	-5.795576e-06	-8.892829e-09	-4.156045e+01	-5.279403e+02
2.600000e-07	-5.750451e-06	-8.873922e-09	-4.123686e+01	-5.263832e+02
2.700000e-07	-5.703761e-06	-8.801234e-09	-4.090204e+01	-5.248032e+02
2.800000e-07	-5.655279e-06	-8.781802e-09	-4.055438e+01	-5.231643e+02
2.900000e-07	-5.604708e-06	-8.819270e-09	-4.019173e+01	-5.214296e+02
3.000000e-07	-5.552137e-06	-8.738993e-09	-3.981474e+01	-5.195706e+02
3.100000e-07	-5.497823e-06	-8.661580e-09	-3.942525e+01	-5.175719e+02
3.200000e-07	-5.441988e-06	-8.645158e-09	-3.902485e+01	-5.154336e+02
3.300000e-07	-5.384506e-06	-8.654749e-09	-3.861264e+01	-5.131680e+02
3.400000e-07	-5.325275e-06	-8.599932e-09	-3.818790e+01	-5.107940e+02
3.500000e-07	-5.264512e-06	-8.520283e-09	-3.775216e+01	-5.083304e+02
3.600000e-07	-5.202317e-06	-8.503048e-09	-3.730616e+01	-5.057900e+02
3.700000e-07	-5.138695e-06	-8.471041e-09	-3.684992e+01	-5.031767e+02
3.800000e-07	-5.073519e-06	-8.419313e-09	-3.638254e+01	-5.004856e+02
3.900000e-07	-5.006651e-06	-8.358304e-09	-3.590302e+01	-4.977053e+02
4.000000e-07	-4.938246e-06	-8.306435e-09	-3.541248e+01	-4.948228e+02
4.100000e-07	-4.868520e-06	-8.284013e-09	-3.491248e+01	-4.918272e+02
4.200000e-07	-4.797585e-06	-8.221360e-09	-3.440379e+01	-4.887131e+02
4.300000e-07	-4.725419e-06	-8.148762e-09	-3.388629e+01	-4.854807e+02
4.400000e-07	-4.651728e-06	-8.096186e-09	-3.335785e+01	-4.821353e+02
4.500000e-07	-4.576381e-06	-8.049530e-09	-3.281753e+01	-4.786837e+02
4.600000e-07	-4.499564e-06	-7.992396e-09	-3.226666e+01	-4.751312e+02
4.700000e-07	-4.421471e-06	-7.914584e-09	-3.170666e+01	-4.714796e+02
4.800000e-07	-4.342012e-06	-7.860167e-09	-3.113685e+01	-4.677255e+02
4.900000e-07	-4.261067e-06	-7.801153e-09	-3.055639e+01	-4.638614e+02
5.000000e-07	-4.178902e-06	-7.729464e-09	-2.996718e+01	-4.598777e+02
5.100000e-07	-4.095749e-06	-7.648613e-09	-2.937088e+01	-4.557648e+02
5.200000e-07	-4.011678e-06	-7.576616e-09	-2.876801e+01	-4.515156e+02
5.300000e-07	-3.926710e-06	-7.517564e-09	-2.815869e+01	-4.471258e+02
5.400000e-07	-3.840769e-06	-7.439226e-09	-2.754240e+01	-4.425942e+02
5.500000e-07	-3.753825e-06	-7.353118e-09	-2.691892e+01	-4.379209e+02
5.600000e-07	-3.665893e-06	-7.271003e-09	-2.628836e+01	-4.331053e+02
5.700000e-07	-3.576962e-06	-7.198971e-09	-2.565063e+01	-4.281445e+02
5.800000e-07	-3.486954e-06	-7.108663e-09	-2.500518e+01	-4.230326e+02
5.900000e-07	-3.395857e-06	-7.006306e-09	-2.435191e+01	-4.177605e+02
6.000000e-07	-3.303765e-06	-6.917144e-09	-2.369151e+01	-4.123172e+02
6.100000e-07	-3.210720e-06	-6.833516e-09	-2.302428e+01	-4.066914e+02
6.200000e-07	-3.116788e-06	-6.736225e-09	-2.235069e+01	-4.008731e+02
6.300000e-07	-3.022078e-06	-6.623249e-09	-2.167152e+01	-3.948544e+02
6.400000e-07	-2.926506e-06	-6.521196e-09	-2.098616e+01	-3.886292e+02
6.500000e-07	-2.830050e-06	-6.423666e-09	-2.029447e+01	-3.821924e+02
6.600000e-07	-2.732673e-06	-6.309936e-09	-1.959618e+01	-3.755386e+02
6.700000e-07	-2.634275e-06	-6.181937e-09	-1.889056e+01	-3.686606e+02
6.800000e-07	-2.534949e-06	-6.062162e-09	-1.817828e+01	-3.615486e+02
6.900000e-07	-2.434854e-06	-5.947534e-09	-1.746050e+01	-3.541898e+02
7.000000e-07	-2.334097e-06	-5.818501e-09	-1.673796e+01	-3.465695e+02
7.100000e-07	-2.232662e-06	-5.678242e-09	-1.601056e+01	-3.386720e+02
7.200000e-07	-2.130613e-06	-5.541092e-09	-1.527876e+01	-3.304819e+02
7.300000e-07	-2.028008e-06	-5.406673e-09	-1.454298e+01	-3.219845e+02
7.400000e-07	-1.924750e-06	-5.256777e-09	-1.380250e+01	-3.131661e+02
7.500000e-07	-1.820873e-06	-5.092573e-09	-1.305760e+01	-3.040133e+02
7.600000e-07	-1.716482e-06	-4.929983e-09	-1.230900e+01	-2.945117e+02
7.700000e-07	-1.611640e-06	-4.771540e-09	-1.155717e+01	-2.846450e+02
7.800000e-07	-1.506467e-06	-4.600833e-09	-1.080298e+01	-2.743940e+02
7.900000e-07	-1.400956e-06	-4.416921e-09	-1.004635e+01	-2.637365e+02
8.000000e-07	-1.295033e-06	-4.230687e-09	-9.286765e+00	-2.526476e+02
8.100000e-07	-1.188634e-06	-4.040325e-09	-8.523769e+00	-2.411003e+02
8.200000e-07	-1.081745e-06	-3.835103e-09	-7.757265e+00	-2.290660e+02
8.300000e-07	-9.745411e-07	-3.614894e-09	-6.988498e+00	-2.165151e+02
8.400000e-07	-8.670911e-07	-3.393454e-09	-6.217967e+00	-2.034161e+02
8.500000e-07	-7.593445e-07	-3.169277e-09	-5.445309e+00	-1.897359e+02
8.600000e-07	-6.513555e-07	-2.930425e-09	-4.670913e+00	-1.754388e+02
8.700000e-07	-5.432504e-07	-2.674910e-09	-3.895684e+00	-1.604874e+02
8.800000e-07	-4.350752e-07	-2.410303e-09	-3.119952e+00	-1.448441e+02
8.900000e-07	-3.268012e-07	-2.136941e-09	-2.343512e+00	-1.284752e+02
9.000000e-07	-2.184955e-07	-1.848169e-09	-1.566846e+00	-1.113552e+02
9.100000e-07	-1.101716e-07	-1.543741e-09	-7.900475e-01	-9.347386e+01
9.200000e-07	-1.819816e-09	-1.229934e-09	-1.305002e-02	-7.484215e+01
9.300000e-07	1.065110e-07	-9.090054e-10	7.637970e-01	-5.549779e+01
9.400000e-07	2.147809e-07	-5.747036e-10	1.540208e+00	-3.550858e+01
9.500000e-07	3.230227e-07	-2.259220e-10	2.316417e+00	-1.497286e+01
9.600000e-07	4.312632e-07	1.303062e-10	3.092616e+00	5.983197e+00
9.700000e-07	5.394427e-07	4.864372e-10	3.868379e+00	2.721130e+01
9.800000e-07	6.475580e-07	8.451862e-10	4.643681e+00	4.854904e+01
9.900000e-07	7.554790e-07	1.205373e-09	5.417589e+00	6.982917e+01
1.000000e-06	8.630911e-07	1.559027e-09	6.189282e+00	9.088899e+01
1.010000e-06	9.705058e-07	1.902677e-09	6.959560e+00	1.115789e+02
1.020000e-06	1.077684e-06	2.237880e-09	7.728141e+00	1.317689e+02
1.030000e-06	1.184471e-06	2.568238e-09	8.493918e+00	1.513535e+02
1.040000e-06	1.290798e-06	2.887514e-09	9.256398e+00	1.702532e+02
1.050000e-06	1.396678e-06	3.191201e-09	1.001567e+01	1.884144e+02
1.060000e-06	1.502161e-06	3.481132e-09	1.077209e+01	2.058075e+02
1.070000e-06	1.607319e-06	3.759525e-09	1.152619e+01	2.224228e+02
1.080000e-06	1.712179e-06	4.023994e-09	1.227815e+01	2.382662e+02
1.090000e-06	1.816613e-06	4.273004e-09	1.302705e+01	2.533548e+02
1.100000e-06	1.920436e-06	4.510290e-09	1.377157e+01	2.677119e+02
1.110000e-06	2.023581e-06	4.738732e-09	1.451123e+01	2.813639e+02
1.120000e-06	2.126124e-06	4.958948e-09	1.524657e+01	2.943377e+02
1.130000e-06	2.228093e-06	5.166472e-09	1.597780e+01	3.066590e+02
1.140000e-06	2.329422e-06	5.362635e-09	1.670444e+01	3.183525e+02
1.150000e-06	2.430139e-06	5.548478e-09	1.742668e+01	3.294424e+02
1.160000e-06	2.530237e-06	5.722816e-09	1.814450e+01	3.399535e+02
1.170000e-06	2.629502e-06	5.886120e-09	1.885633e+01	3.499121e+02
1.180000e-06	2.727793e-06	6.042686e-09	1.956118e+01	3.593465e+02
1.190000e-06	2.825154e-06	6.192937e-09	2.025936e+01	3.682868e+02
1.200000e-06	2.921632e-06	6.336081e-09	2.095122e+01	3.767640e+02
1.210000e-06	3.017243e-06	6.473518e-09	2.163685e+01	3.848090e+02
1.220000e-06	3.111963e-06	6.601957e-09	2.231609e+01	3.924510e+02
1.230000e-06	3.205805e-06	6.720463e-09	2.298904e+01	3.997164e+02
1.240000e-06	3.298843e-06	6.833456e-09	2.365622e+01	4.066290e+02
1.250000e-06	3.391055e-06	6.944663e-09	2.431747e+01	4.132096e+02
1.260000e-06	3.482307e-06	7.050132e-09	2.497185e+01	4.194776e+02
1.270000e-06	3.572435e-06	7.147917e-09	2.561817e+01	4.254512e+02
1.280000e-06	3.661423e-06	7.240418e-09	2.625631e+01	4.311490e+02
1.290000e-06	3.749339e-06	7.332824e-09	2.688676e+01	4.365901e+02
1.300000e-06	3.836216e-06	7.421387e-09	2.750975e+01	4.417934e+02
1.310000e-06	3.922077e-06	7.502546e-09	2.812547e+01	4.467773e+02
1.320000e-06	4.006985e-06	7.581488e-09	2.873435e+01	4.515584e+02
1.330000e-06	4.091029e-06	7.661157e-09	2.933704e+01	4.561505e+02
1.340000e-06	4.174030e-06	7.735884e-09	2.993224e+01	4.605646e+02
1.350000e-06	4.255752e-06	7.802524e-09	3.051828e+01	4.648093e+02
1.360000e-06	4.336197e-06	7.866446e-09	3.109515e+01	4.688917e+02
1.370000e-06	4.415438e-06	7.933164e-09	3.166339e+01	4.728186e+02
1.380000e-06	4.493488e-06	7.998528e-09	3.222310e+01	4.765976e+02
1.390000e-06	4.570344e-06	8.060320e-09	3.277423e+01	4.802377e+02
1.400000e-06	4.645865e-06	8.121959e-09	3.331580e+01	4.837485e+02
1.410000e-06	4.719839e-06	8.181806e-09	3.384627e+01	4.871395e+02
1.420000e-06	4.792318e-06	8.236677e-09	3.436602e+01	4.904181e+02
1.430000e-06	4.863442e-06	8.287519e-09	3.487606e+01	4.935890e+02
1.440000e-06	4.933254e-06	8.338614e-09	3.537669e+01	4.966533e+02
1.450000e-06	5.001804e-06	8.389906e-09	3.586827e+01	4.996094e+02
1.460000e-06	5.069036e-06	8.438280e-09	3.635039e+01	5.024544e+02
1.470000e-06	5.134658e-06	8.483421e-09	3.682097e+01	5.051858e+02
1.480000e-06	5.198668e-06	8.527764e-09	3.727999e+01	5.078042e+02
1.490000e-06	5.261291e-06	8.572914e-09	3.772906e+01	5.103136e+02
1.500000e-06	5.322542e-06	8.617124e-09	3.816829e+01	5.127220e+02
1.510000e-06	5.382460e-06	8.657570e-09	3.859798e+01	5.150392e+02
1.520000e-06	5.440821e-06	8.696574e-09	3.901648e+01	5.172744e+02
1.530000e-06	5.497387e-06	8.733335e-09	3.942212e+01	5.194344e+02
1.540000e-06	5.552302e-06	8.767923e-09	3.981592e+01	5.215207e+02
1.550000e-06	5.605595e-06	8.800463e-09	4.019809e+01	5.235301e+02
1.560000e-06	5.656980e-06	8.830875e-09	4.056658e+01	5.254552e+02
1.570000e-06	5.706301e-06	8.861913e-09	4.092025e+01	5.272878e+02
1.580000e-06	5.753785e-06	8.892721e-09	4.126077e+01	5.290219e+02
1.590000e-06	5.799671e-06	8.921304e-09	4.158982e+01	5.306566e+02
1.600000e-06	5.844071e-06	8.949367e-09	4.190822e+01	5.321971e+02
1.610000e-06	5.886888e-06	8.976166e-09	4.221526e+01	5.336544e+02
1.620000e-06	5.927931e-06	8.999479e-09	4.250958e+01	5.350423e+02
1.630000e-06	5.967260e-06	9.019702e-09	4.279161e+01	5.363736e+02
1.640000e-06	6.005020e-06	9.038241e-09	4.306239e+01	5.376562e+02
1.650000e-06	6.041258e-06	9.057253e-09	4.332226e+01	5.388908e+02
1.660000e-06	6.075784e-06	9.078056e-09	4.356985e+01	5.400702e+02
1.670000e-06	6.108467e-06	9.099614e-09	4.380422e+01	5.411823e+02
1.680000e-06	6.139501e-06	9.119208e-09	4.402676e+01	5.422134e+02
1.690000e-06	6.168988e-06	9.136450e-09	4.423822e+01	5.431541e+02
1.700000e-06	6.196863e-06	9.149884e-09	4.443811e+01	5.440021e+02
1.710000e-06	6.222902e-06	9.158790e-09	4.462484e+01	5.447648e+02
1.720000e-06	6.247094e-06	9.165837e-09	4.479832e+01	5.454575e+02
1.730000e-06	6.269608e-06	9.173673e-09	4.495977e+01	5.460994e+02
1.740000e-06	6.290523e-06	9.182529e-09	4.510975e+01	5.467077e+02
1.750000e-06	6.309855e-06	9.192990e-09	4.524839e+01	5.472923e+02
1.760000e-06	6.327412e-06	9.205672e-09	4.537429e+01	5.478522e+02
1.770000e-06	6.343087e-06	9.218428e-09	4.548669e+01	5.483749e+02
1.780000e-06	6.356916e-06	9.228000e-09	4.558586e+01	5.488400e+02
1.790000e-06	6.368783e-06	9.233202e-09	4.567096e+01	5.492256e+02
1.800000e-06	6.378515e-06	9.233770e-09	4.574075e+01	5.495144e+02
1.810000e-06	6.386274e-06	9.231358e-09	4.579639e+01	5.497009e+02
1.820000e-06	6.392313e-06	9.229831e-09	4.583969e+01	5.497927e+02
1.830000e-06	6.396664e-06	9.231355e-09	4.587089e+01	5.498104e+02
1.840000e-06	6.399141e-06	9.234246e-09	4.588866e+01	5.497808e+02
1.850000e-06	6.399691e-06	9.236707e-09	4.589260e+01	5.497298e+02
1.860000e-06	6.398513e-06	9.241676e-09	4.588416e+01	5.496736e+02
1.870000e-06	6.395772e-06	9.243879e-09	4.586450e+01	5.496134e+02
1.880000e-06	6.391419e-06	9.238822e-09	4.583328e+01	5.495336e+02
1.890000e-06	6.385178e-06	9.230115e-09	4.578853e+01	5.494058e+02
1.900000e-06	6.377145e-06	9.223307e-09	4.573092e+01	5.491965e+02
1.910000e-06	6.367589e-06	9.214384e-09	4.566240e+01	5.488773e+02
1.920000e-06	6.356377e-06	9.192129e-09	4.558199e+01	5.484342e+02
1.930000e-06	6.343294e-06	9.213611e-09	4.548817e+01	5.478728e+02
1.940000e-06	6.328095e-06	9.259358e-09	4.537918e+01	5.472187e+02
1.950000e-06	6.310482e-06	9.245929e-09	4.525288e+01	5.465115e+02
1.960000e-06	6.290287e-06	9.214563e-09	4.510806e+01	5.457947e+02
1.970000e-06	6.267865e-06	9.100573e-09	4.494727e+01	5.451038e+02
1.980000e-06	6.244270e-06	9.100145e-09	4.477807e+01	5.444560e+02
1.990000e-06	6.220046e-06	9.209804e-09	4.460435e+01	5.438442e+02
2.000000e-06	6.194402e-06	9.080986e-09	4.442046e+01	5.432377e+02
2.010000e-06	6.167068e-06	9.106736e-09	4.422445e+01	5.425891e+02
2.020000e-06	6.138503e-06	9.190629e-09	4.401960e+01	5.418453e+02
2.030000e-06	6.107909e-06	9.072420e-09	4.380022e+01	5.409607e+02
2.040000e-06	6.075076e-06	9.146309e-09	4.356476e+01	5.399079e+02
2.050000e-06	6.040855e-06	9.093923e-09	4.331936e+01	5.386842e+02
2.060000e-06	6.005134e-06	8.914938e-09	4.306321e+01	5.373107e+02
2.070000e-06	5.967615e-06	9.064880e-09	4.279416e+01	5.358268e+02
2.080000e-06	5.928319e-06	9.070167e-09	4.251236e+01	5.342788e+02
2.090000e-06	5.887223e-06	8.944899e-09	4.221766e+01	5.327082e+02
2.100000e-06	5.844667e-06	8.947872e-09	4.191249e+01	5.311415e+02
2.110000e-06	5.800554e-06	8.882628e-09	4.159615e+01	5.295845e+02
2.120000e-06	5.754597e-06	8.949561e-09	4.126659e+01	5.280223e+02
2.130000e-06	5.707158e-06	8.869867e-09	4.092640e+01	5.264244e+02
2.140000e-06	5.658129e-06	8.759456e-09	4.057481e+01	5.247535e+02
2.150000e-06	5.607249e-06	8.881717e-09	4.020995e+01	5.229747e+02
2.160000e-06	5.554391e-06	8.830332e-09	3.983090e+01	5.210639e+02
2.170000e-06	5.499534e-06	8.756365e-09	3.943752e+01	5.190119e+02
2.180000e-06	5.443066e-06	8.667814e-09	3.903258e+01	5.168237e+02
2.190000e-06	5.385028e-06	8.650351e-09	3.861638e+01	5.145149e+02
2.200000e-06	5.325524e-06	8.704250e-09	3.818968e+01	5.121051e+02
2.210000e-06	5.264543e-06	8.556442e-09	3.775238e+01	5.096114e+02
2.220000e-06	5.201867e-06	8.539761e-09	3.730292e+01	5.070435e+02
2.230000e-06	5.137575e-06	8.533838e-09	3.684189e+01	5.044018e+02
2.240000e-06	5.071691e-06	8.476191e-09	3.636942e+01	5.016785e+02
2.250000e-06	5.004450e-06	8.425226e-09	3.588724e+01	4.988612e+02
2.260000e-06	4.935846e-06	8.300612e-09	3.539527e+01	4.959371e+02
2.270000e-06	4.865604e-06	8.325040e-09	3.489156e+01	4.928971e+02
2.280000e-06	4.793831e-06	8.274811e-09	3.437688e+01	4.897381e+02
2.290000e-06	4.720742e-06	8.200754e-09	3.385275e+01	4.864624e+02
2.300000e-06	4.646400e-06	8.150767e-09	3.331964e+01	4.830761e+02
2.310000e-06	4.570631e-06	8.083948e-09	3.277630e+01	4.795860e+02
2.320000e-06	4.493377e-06	8.067719e-09	3.222230e+01	4.759962e+02
2.330000e-06	4.414673e-06	7.950594e-09	3.165791e+01	4.723065e+02
2.340000e-06	4.334682e-06	7.885346e-09	3.108429e+01	4.685120e+02
2.350000e-06	4.253582e-06	7.831913e-09	3.050272e+01	4.646040e+02
2.360000e-06	4.171398e-06	7.783485e-09	2.991337e+01	4.605726e+02
2.370000e-06	4.088183e-06	7.714133e-09	2.931663e+01	4.564091e+02
2.380000e-06	4.003936e-06	7.603093e-09	2.871249e+01	4.521072e+02
2.390000e-06	3.918488e-06	7.559986e-09	2.809973e+01	4.476641e+02
2.400000e-06	3.831710e-06	7.489037e-09	2.747745e+01	4.430791e+02
2.410000e-06	3.743890e-06	7.404929e-09	2.684768e+01	4.383523e+02
2.420000e-06	3.655202e-06	7.297701e-09	2.621169e+01	4.334826e+02
2.430000e-06	3.565586e-06	7.227169e-09	2.556905e+01	4.284658e+02
2.440000e-06	3.475071e-06	7.161222e-09	2.491996e+01	4.232948e+02
2.450000e-06	3.383622e-06	7.049989e-09	2.426418e+01	4.179596e+02
2.460000e-06	3.291257e-06	6.947577e-09	2.360182e+01	4.124489e+02
2.470000e-06	3.197895e-06	6.858382e-09	2.293231e+01	4.067518e+02
2.480000e-06	3.103385e-06	6.785108e-09	2.225457e+01	4.008589e+02
2.490000e-06	3.007901e-06	6.667038e-09	2.156985e+01	3.947631e+02
2.500000e-06	2.911618e-06	6.547326e-09	2.087940e+01	3.884589e+02
2.510000e-06	2.814490e-06	6.445530e-09	2.018289e+01	3.819412e+02
2.520000e-06	2.716543e-06	6.342578e-09	1.948051e+01	3.752042e+02
2.530000e-06	2.617963e-06	6.216502e-09	1.877358e+01	3.682395e+02
2.540000e-06	2.518680e-06	6.079103e-09	1.806162e+01	3.610363e+02
2.550000e-06	2.418622e-06	5.967957e-09	1.734410e+01	3.535810e+02
2.560000e-06	2.317795e-06	5.850516e-09	1.662106e+01	3.458584e+02
2.570000e-06	2.216251e-06	5.710654e-09	1.589288e+01	3.378527e+02
2.580000e-06	2.113955e-06	5.557204e-09	1.515931e+01	3.295488e+02
2.590000e-06	2.010813e-06	5.419566e-09	1.441967e+01	3.209324e+02
2.600000e-06	1.907028e-06	5.280083e-09	1.367542e+01	3.119900e+02
2.610000e-06	1.802761e-06	5.116523e-09	1.292772e+01	3.027079e+02
2.620000e-06	1.698056e-06	4.942210e-09	1.217687e+01	2.930712e+02
2.630000e-06	1.592904e-06	4.776769e-09	1.142282e+01	2.830626e+02
2.640000e-06	1.487316e-06	4.612510e-09	1.066564e+01	2.726617e+02
2.650000e-06	1.381375e-06	4.429688e-09	9.905929e+00	2.618452e+02
2.660000e-06	1.275156e-06	4.234681e-09	9.144229e+00	2.505875e+02
2.670000e-06	1.168638e-06	4.039868e-09	8.380382e+00	2.388607e+02
2.680000e-06	1.061830e-06	3.843387e-09	7.614450e+00	2.266360e+02
2.690000e-06	9.547577e-07	3.625490e-09	6.846630e+00	2.138831e+02
2.700000e-06	8.474787e-07	3.391321e-09	6.077325e+00	2.005699e+02
2.710000e-06	7.400591e-07	3.156279e-09	5.307012e+00	1.866625e+02
2.720000e-06	6.324829e-07	2.919743e-09	4.535576e+00	1.721242e+02
2.730000e-06	5.247670e-07	2.663961e-09	3.763138e+00	1.569175e+02
2.740000e-06	4.169660e-07	2.391378e-09	2.990090e+00	1.410055e+02
2.750000e-06	3.090945e-07	2.114303e-09	2.216537e+00	1.243570e+02
2.760000e-06	2.011967e-07	1.827225e-09	1.442794e+00	1.069515e+02
2.770000e-06	9.329044e-08	1.519916e-09	6.689918e-01	8.878588e+01
2.780000e-06	-1.465821e-08	1.194064e-09	-1.051150e-01	6.988071e+01
2.790000e-06	-1.226213e-07	8.653398e-10	-8.793254e-01	5.028470e+01
2.800000e-06	-2.304977e-07	5.305505e-10	-1.652914e+00	3.007721e+01
2.810000e-06	-3.382959e-07	1.810680e-10	-2.425942e+00	9.367511e+00
2.820000e-06	-4.460323e-07	-1.783745e-10	-3.198527e+00	-1.170912e+01
2.830000e-06	-5.536460e-07	-5.353063e-10	-3.970231e+00	-3.299807e+01
2.840000e-06	-6.611430e-07	-8.894718e-10	-4.741099e+00	-5.433398e+01
2.850000e-06	-7.685164e-07	-1.248029e-09	-5.511081e+00	-7.555025e+01
2.860000e-06	-8.756782e-07	-1.605539e-09	-6.279545e+00	-9.648817e+01
2.870000e-06	-9.825754e-07	-1.952050e-09	-7.046113e+00	-1.170048e+02
2.880000e-06	-1.089259e-06	-2.286158e-09	-7.811145e+00	-1.369791e+02
2.890000e-06	-1.195738e-06	-2.613404e-09	-8.574716e+00	-1.563149e+02
2.900000e-06	-1.301938e-06	-2.934381e-09	-9.336283e+00	-1.749428e+02
2.910000e-06	-1.407793e-06	-3.239729e-09	-1.009538e+01	-1.928186e+02
2.920000e-06	-1.513292e-06	-3.526097e-09	-1.085191e+01	-2.099204e+02
2.930000e-06	-1.618341e-06	-3.801469e-09	-1.160523e+01	-2.262450e+02
2.940000e-06	-1.722966e-06	-4.068025e-09	-1.235550e+01	-2.418032e+02
2.950000e-06	-1.827196e-06	-4.320378e-09	-1.310294e+01	-2.566147e+02
2.960000e-06	-1.930933e-06	-4.557616e-09	-1.384685e+01	-2.707045e+02
2.970000e-06	-2.034033e-06	-4.784405e-09	-1.458618e+01	-2.840993e+02
2.980000e-06	-2.136356e-06	-5.002771e-09	-1.531995e+01	-2.968257e+02
2.990000e-06	-2.237881e-06	-5.210396e-09	-1.604799e+01	-3.089089e+02
3.000000e-06	-2.338655e-06	-5.404979e-09	-1.677065e+01	-3.203734e+02
3.010000e-06	-2.438777e-06	-5.587698e-09	-1.748863e+01	-3.312436e+02
3.020000e-06	-2.538217e-06	-5.761302e-09	-1.820172e+01	-3.415446e+02
3.030000e-06	-2.636881e-06	-5.926709e-09	-1.890925e+01	-3.513034e+02
3.040000e-06	-2.734781e-06	-6.082762e-09	-1.961130e+01	-3.605491e+02
3.050000e-06	-2.831904e-06	-6.229172e-09	-2.030777e+01	-3.693123e+02
3.060000e-06	-2.928338e-06	-6.371357e-09	-2.099930e+01	-3.776241e+02
3.070000e-06	-3.024099e-06	-6.508824e-09	-2.168601e+01	-3.855149e+02
3.080000e-06	-3.118979e-06	-6.635761e-09	-2.236641e+01	-3.930129e+02
3.090000e-06	-3.212782e-06	-6.755438e-09	-2.303907e+01	-4.001437e+02
3.100000e-06	-3.305522e-06	-6.871785e-09	-2.370412e+01	-4.069297e+02
3.110000e-06	-3.397276e-06	-6.983162e-09	-2.436209e+01	-4.133911e+02
3.120000e-06	-3.487964e-06	-7.087828e-09	-2.501242e+01	-4.195467e+02
3.130000e-06	-3.577602e-06	-7.186602e-09	-2.565522e+01	-4.254150e+02
3.140000e-06	-3.666275e-06	-7.282750e-09	-2.629110e+01	-4.310145e+02
3.150000e-06	-3.754095e-06	-7.374048e-09	-2.692086e+01	-4.363644e+02
3.160000e-06	-3.840944e-06	-7.457923e-09	-2.754366e+01	-4.414836e+02
3.170000e-06	-3.926572e-06	-7.537564e-09	-2.815771e+01	-4.463899e+02
3.180000e-06	-4.011004e-06	-7.617879e-09	-2.876317e+01	-4.510988e+02
3.190000e-06	-4.094330e-06	-7.698894e-09	-2.936071e+01	-4.556233e+02
3.200000e-06	-4.176650e-06	-7.777054e-09	-2.995103e+01	-4.599732e+02
3.210000e-06	-4.257944e-06	-7.850438e-09	-3.053399e+01	-4.641565e+02
3.220000e-06	-4.338145e-06	-7.920215e-09	-3.110912e+01	-4.681799e+02
3.230000e-06	-4.417111e-06	-7.984298e-09	-3.167539e+01	-4.720506e+02
3.240000e-06	-4.494592e-06	-8.039823e-09	-3.223101e+01	-4.757767e+02
3.250000e-06	-4.570637e-06	-8.091333e-09	-3.277634e+01	-4.793674e+02
3.260000e-06	-4.645316e-06	-8.147673e-09	-3.331186e+01	-4.828325e+02
3.270000e-06	-4.718617e-06	-8.208099e-09	-3.383751e+01	-4.861807e+02
3.280000e-06	-4.790678e-06	-8.267574e-09	-3.435426e+01	-4.894188e+02
3.290000e-06	-4.861449e-06	-8.325752e-09	-3.486177e+01	-4.925500e+02
3.300000e-06	-4.930653e-06	-8.379488e-09	-3.535803e+01	-4.955743e+02
3.310000e-06	-4.998328e-06	-8.427328e-09	-3.584333e+01	-4.984894e+02
3.320000e-06	-5.064725e-06	-8.468710e-09	-3.631947e+01	-5.012921e+02
3.330000e-06	-5.129789e-06	-8.505782e-09	-3.678605e+01	-5.039811e+02
3.340000e-06	-5.193437e-06	-8.542874e-09	-3.724247e+01	-5.065582e+02
3.350000e-06	-5.255523e-06	-8.584730e-09	-3.768770e+01	-5.090289e+02
3.360000e-06	-5.315876e-06	-8.630079e-09	-3.812049e+01	-5.114021e+02
3.370000e-06	-5.374652e-06	-8.672601e-09	-3.854198e+01	-5.136878e+02
3.380000e-06	-5.432028e-06	-8.710187e-09	-3.895343e+01	-5.158945e+02
3.390000e-06	-5.487963e-06	-8.747439e-09	-3.935454e+01	-5.180272e+02
3.400000e-06	-5.542201e-06	-8.782843e-09	-3.974348e+01	-5.200855e+02
3.410000e-06	-5.594478e-06	-8.812488e-09	-4.011837e+01	-5.220644e+02
3.420000e-06	-5.644891e-06	-8.836462e-09	-4.047988e+01	-5.239560e+02
3.430000e-06	-5.693450e-06	-8.863503e-09	-4.082810e+01	-5.257524e+02
3.440000e-06	-5.740132e-06	-8.895535e-09	-4.116286e+01	-5.274493e+02
3.450000e-06	-5.785217e-06	-8.926628e-09	-4.148617e+01	-5.290479e+02
3.460000e-06	-5.828877e-06	-8.953823e-09	-4.179926e+01	-5.305559e+02
3.470000e-06	-5.871123e-06	-8.978068e-09	-4.210221e+01	-5.319857e+02
3.480000e-06	-5.911894e-06	-9.001728e-09	-4.239458e+01	-5.333513e+02
3.490000e-06	-5.951136e-06	-9.021523e-09	-4.267598e+01	-5.346640e+02
3.500000e-06	-5.988644e-06	-9.040308e-09	-4.294496e+01	-5.359292e+02
3.510000e-06	-6.024381e-06	-9.059972e-09	-4.320123e+01	-5.371445e+02
3.520000e-06	-6.058502e-06	-9.079623e-09	-4.344591e+01	-5.383005e+02
3.530000e-06	-6.091018e-06	-9.097068e-09	-4.367909e+01	-5.393839e+02
3.540000e-06	-6.121766e-06	-9.113082e-09	-4.389959e+01	-5.403822e+02
3.550000e-06	-6.150622e-06	-9.128401e-09	-4.410651e+01	-5.412881e+02
3.560000e-06	-6.177800e-06	-9.142156e-09	-4.430141e+01	-5.421030e+02
3.570000e-06	-6.203343e-06	-9.154705e-09	-4.448458e+01	-5.428376e+02
3.580000e-06	-6.227211e-06	-9.167419e-09	-4.465573e+01	-5.435092e+02
3.590000e-06	-6.249304e-06	-9.180931e-09	-4.481416e+01	-5.441369e+02
3.600000e-06	-6.269551e-06	-9.193806e-09	-4.495936e+01	-5.447360e+02
3.610000e-06	-6.288129e-06	-9.202272e-09	-4.509258e+01	-5.453123e+02
3.620000e-06	-6.305096e-06	-9.209356e-09	-4.521425e+01	-5.458604e+02
3.630000e-06	-6.320267e-06	-9.217420e-09	-4.532305e+01	-5.463644e+02
3.640000e-06	-6.333316e-06	-9.224113e-09	-4.541662e+01	-5.468024e+02
3.650000e-06	-6.344338e-06	-9.228930e-09	-4.549566e+01	-5.471534e+02
3.660000e-06	-6.353592e-06	-9.232464e-09	-4.556202e+01	-5.474040e+02
3.670000e-06	-6.361087e-06	-9.236931e-09	-4.561577e+01	-5.475536e+02
3.680000e-06	-6.366641e-06	-9.240478e-09	-4.565560e+01	-5.476149e+02
3.690000e-06	-6.370329e-06	-9.242774e-09	-4.568205e+01	-5.476118e+02
3.700000e-06	-6.372394e-06	-9.244471e-09	-4.569686e+01	-5.475718e+02
3.710000e-06	-6.372775e-06	-9.244479e-09	-4.569958e+01	-5.475179e+02
