# Temperatura_=_20.0
# Concentracion g/m^3_=_9000.0
# C_Vs_to_Am_M_A/Vsm_=_59384043850.047264
# pendiente_HvsI_1/m_=_3716.3
# ordenada_HvsI_A/m_=_1297.0
# frecuencia_Hz_=_269362.88680059835

Tiempo_(s)	Campo_(V.s)	Magnetizacion_(V.s)	Campo_(kA/m)	Magnetizacion_(A/m)
0.000000e+00	-6.370884e-06	-9.268742e-09	-4.570115e+01	-5.482762e+02
1.000000e-08	-6.369097e-06	-9.266278e-09	-4.568833e+01	-5.482053e+02
2.000000e-08	-6.365383e-06	-9.261024e-09	-4.566168e+01	-5.481087e+02
3.000000e-08	-6.360028e-06	-9.254429e-09	-4.562327e+01	-5.479683e+02
4.000000e-08	-6.353133e-06	-9.246848e-09	-4.557381e+01	-5.477595e+02
5.000000e-08	-6.344626e-06	-9.240986e-09	-4.551279e+01	-5.474580e+02
6.000000e-08	-6.334206e-06	-9.236739e-09	-4.543804e+01	-5.470477e+02
7.000000e-08	-6.321813e-06	-9.238350e-09	-4.534914e+01	-5.465275e+02
8.000000e-08	-6.307427e-06	-9.222221e-09	-4.524594e+01	-5.459131e+02
9.000000e-08	-6.290715e-06	-9.172551e-09	-4.512606e+01	-5.452350e+02
1.000000e-07	-6.271770e-06	-9.150370e-09	-4.499016e+01	-5.445313e+02
1.100000e-07	-6.251009e-06	-9.158265e-09	-4.484123e+01	-5.438376e+02
1.200000e-07	-6.228622e-06	-9.185343e-09	-4.468064e+01	-5.431770e+02
1.300000e-07	-6.204949e-06	-9.217926e-09	-4.451082e+01	-5.425526e+02
1.400000e-07	-6.180088e-06	-9.140566e-09	-4.433248e+01	-5.419444e+02
1.500000e-07	-6.153441e-06	-9.102724e-09	-4.414133e+01	-5.413131e+02
1.600000e-07	-6.125115e-06	-9.155833e-09	-4.393814e+01	-5.406083e+02
1.700000e-07	-6.095282e-06	-9.100287e-09	-4.372413e+01	-5.397806e+02
1.800000e-07	-6.063772e-06	-9.048992e-09	-4.349810e+01	-5.387931e+02
1.900000e-07	-6.030832e-06	-9.036502e-09	-4.326180e+01	-5.376299e+02
2.000000e-07	-5.996270e-06	-9.004953e-09	-4.301388e+01	-5.363001e+02
2.100000e-07	-5.959893e-06	-9.054329e-09	-4.275293e+01	-5.348340e+02
2.200000e-07	-5.921864e-06	-9.024619e-09	-4.248013e+01	-5.332754e+02
2.300000e-07	-5.882196e-06	-8.909230e-09	-4.219558e+01	-5.316699e+02
2.400000e-07	-5.840698e-06	-8.906123e-09	-4.189789e+01	-5.300539e+02
2.500000e-07	-5.797380e-06	-8.914407e-09	-4.158715e+01	-5.284455e+02
2.600000e-07	-5.752408e-06	-8.890424e-09	-4.126455e+01	-5.268417e+02
2.700000e-07	-5.705822e-06	-8.832309e-09	-4.093037e+01	-5.252208e+02
2.800000e-07	-5.657485e-06	-8.792660e-09	-4.058362e+01	-5.235489e+02
2.900000e-07	-5.607028e-06	-8.819142e-09	-4.022167e+01	-5.217898e+02
3.000000e-07	-5.554504e-06	-8.772432e-09	-3.984490e+01	-5.199138e+02
3.100000e-07	-5.500315e-06	-8.684497e-09	-3.945617e+01	-5.179047e+02
3.200000e-07	-5.444661e-06	-8.649695e-09	-3.905694e+01	-5.157611e+02
3.300000e-07	-5.387329e-06	-8.651521e-09	-3.864568e+01	-5.134951e+02
3.400000e-07	-5.328216e-06	-8.623204e-09	-3.822164e+01	-5.111259e+02
3.500000e-07	-5.267593e-06	-8.544013e-09	-3.778676e+01	-5.086729e+02
3.600000e-07	-5.205511e-06	-8.507016e-09	-3.734141e+01	-5.061499e+02
3.700000e-07	-5.141976e-06	-8.484437e-09	-3.688565e+01	-5.035603e+02
3.800000e-07	-5.076898e-06	-8.432538e-09	-3.641882e+01	-5.008979e+02
3.900000e-07	-5.010175e-06	-8.374905e-09	-3.594018e+01	-4.981486e+02
4.000000e-07	-4.941936e-06	-8.317665e-09	-3.545067e+01	-4.952956e+02
4.100000e-07	-4.872364e-06	-8.290731e-09	-3.495160e+01	-4.923244e+02
4.200000e-07	-4.801571e-06	-8.242299e-09	-3.444378e+01	-4.892260e+02
4.300000e-07	-4.729462e-06	-8.169370e-09	-3.392651e+01	-4.859991e+02
4.400000e-07	-4.655790e-06	-8.111392e-09	-3.339802e+01	-4.826486e+02
4.500000e-07	-4.580445e-06	-8.064516e-09	-3.285754e+01	-4.791829e+02
4.600000e-07	-4.503666e-06	-8.013636e-09	-3.230677e+01	-4.756102e+02
4.700000e-07	-4.425613e-06	-7.938078e-09	-3.174687e+01	-4.719357e+02
4.800000e-07	-4.346168e-06	-7.872972e-09	-3.117697e+01	-4.681596e+02
4.900000e-07	-4.265281e-06	-7.813867e-09	-3.059673e+01	-4.642773e+02
5.000000e-07	-4.183178e-06	-7.744985e-09	-3.000778e+01	-4.602810e+02
5.100000e-07	-4.100058e-06	-7.667667e-09	-2.941152e+01	-4.561621e+02
5.200000e-07	-4.016009e-06	-7.594063e-09	-2.880860e+01	-4.519134e+02
5.300000e-07	-3.931125e-06	-7.536087e-09	-2.819968e+01	-4.475300e+02
5.400000e-07	-3.845326e-06	-7.464948e-09	-2.758421e+01	-4.430094e+02
5.500000e-07	-3.758514e-06	-7.374559e-09	-2.696147e+01	-4.383503e+02
5.600000e-07	-3.670674e-06	-7.284818e-09	-2.633136e+01	-4.335508e+02
5.700000e-07	-3.581808e-06	-7.208302e-09	-2.569388e+01	-4.286069e+02
5.800000e-07	-3.491915e-06	-7.124139e-09	-2.504904e+01	-4.235115e+02
5.900000e-07	-3.400948e-06	-7.025608e-09	-2.439650e+01	-4.182550e+02
6.000000e-07	-3.308924e-06	-6.934083e-09	-2.373636e+01	-4.128267e+02
6.100000e-07	-3.215936e-06	-6.851108e-09	-2.306932e+01	-4.072157e+02
6.200000e-07	-3.122068e-06	-6.757472e-09	-2.239596e+01	-4.014129e+02
6.300000e-07	-3.027333e-06	-6.643700e-09	-2.171639e+01	-3.954112e+02
6.400000e-07	-2.931745e-06	-6.534332e-09	-2.103069e+01	-3.892051e+02
6.500000e-07	-2.835334e-06	-6.435726e-09	-2.033909e+01	-3.827894e+02
6.600000e-07	-2.738024e-06	-6.326649e-09	-1.964105e+01	-3.761577e+02
6.700000e-07	-2.639784e-06	-6.203409e-09	-1.893633e+01	-3.693008e+02
6.800000e-07	-2.540624e-06	-6.080953e-09	-1.822501e+01	-3.622065e+02
6.900000e-07	-2.440585e-06	-5.964175e-09	-1.750739e+01	-3.548603e+02
7.000000e-07	-2.339779e-06	-5.834560e-09	-1.678426e+01	-3.472465e+02
7.100000e-07	-2.238355e-06	-5.689121e-09	-1.605670e+01	-3.393503e+02
7.200000e-07	-2.136349e-06	-5.545390e-09	-1.532497e+01	-3.311586e+02
7.300000e-07	-2.033771e-06	-5.410532e-09	-1.458913e+01	-3.226608e+02
7.400000e-07	-1.930617e-06	-5.268280e-09	-1.384916e+01	-3.138477e+02
7.500000e-07	-1.826848e-06	-5.109797e-09	-1.310478e+01	-3.047097e+02
7.600000e-07	-1.722532e-06	-4.947190e-09	-1.235648e+01	-2.952346e+02
7.700000e-07	-1.617752e-06	-4.786081e-09	-1.160484e+01	-2.854057e+02
7.800000e-07	-1.512573e-06	-4.614322e-09	-1.085035e+01	-2.752010e+02
7.900000e-07	-1.407007e-06	-4.427026e-09	-1.009308e+01	-2.645939e+02
8.000000e-07	-1.301077e-06	-4.236157e-09	-9.333195e+00	-2.535542e+02
8.100000e-07	-1.194745e-06	-4.048736e-09	-8.570431e+00	-2.420510e+02
8.200000e-07	-1.087994e-06	-3.851381e-09	-7.804660e+00	-2.300541e+02
8.300000e-07	-9.808922e-07	-3.635393e-09	-7.036370e+00	-2.175352e+02
8.400000e-07	-8.735063e-07	-3.411991e-09	-6.266045e+00	-2.044671e+02
8.500000e-07	-7.658896e-07	-3.184785e-09	-5.494063e+00	-1.908225e+02
8.600000e-07	-6.580777e-07	-2.945788e-09	-4.720680e+00	-1.765715e+02
8.700000e-07	-5.500928e-07	-2.688831e-09	-3.946057e+00	-1.616806e+02
8.800000e-07	-4.419644e-07	-2.422223e-09	-3.170405e+00	-1.461127e+02
8.900000e-07	-3.337188e-07	-2.151035e-09	-2.393911e+00	-1.298309e+02
9.000000e-07	-2.254313e-07	-1.868677e-09	-1.617118e+00	-1.128036e+02
9.100000e-07	-1.171631e-07	-1.568389e-09	-8.404627e-01	-9.501214e+01
9.200000e-07	-8.845768e-09	-1.253555e-09	-6.345458e-02	-7.645974e+01
9.300000e-07	9.953054e-08	-9.311452e-10	7.139762e-01	-5.717819e+01
9.400000e-07	2.078208e-07	-5.976911e-10	1.490790e+00	-3.723256e+01
9.500000e-07	3.159746e-07	-2.501381e-10	2.266625e+00	-1.672184e+01
9.600000e-07	4.240957e-07	1.061388e-10	3.042225e+00	4.224600e+00
9.700000e-07	5.321753e-07	4.616771e-10	3.817527e+00	2.545428e+01
9.800000e-07	6.401106e-07	8.185007e-10	4.591794e+00	4.680127e+01
9.900000e-07	7.478859e-07	1.177405e-09	5.364914e+00	6.809680e+01
1.000000e-06	8.554467e-07	1.531431e-09	6.136495e+00	8.917906e+01
1.010000e-06	9.626950e-07	1.876481e-09	6.905834e+00	1.099012e+02
1.020000e-06	1.069687e-06	2.213415e-09	7.673337e+00	1.301365e+02
1.030000e-06	1.176384e-06	2.544635e-09	8.438716e+00	1.497814e+02
1.040000e-06	1.282675e-06	2.865574e-09	9.201188e+00	1.687561e+02
1.050000e-06	1.388558e-06	3.172460e-09	9.960735e+00	1.870034e+02
1.060000e-06	1.494068e-06	3.465273e-09	1.071760e+01	2.044874e+02
1.070000e-06	1.599246e-06	3.744395e-09	1.147209e+01	2.211913e+02
1.080000e-06	1.704053e-06	4.009309e-09	1.222392e+01	2.371147e+02
1.090000e-06	1.808424e-06	4.259519e-09	1.297262e+01	2.522708e+02
1.100000e-06	1.912272e-06	4.498119e-09	1.371757e+01	2.666832e+02
1.110000e-06	2.015510e-06	4.727507e-09	1.445814e+01	2.803821e+02
1.120000e-06	2.118103e-06	4.948709e-09	1.519408e+01	2.934007e+02
1.130000e-06	2.220077e-06	5.157463e-09	1.592559e+01	3.057713e+02
1.140000e-06	2.321473e-06	5.354541e-09	1.665295e+01	3.175234e+02
1.150000e-06	2.422259e-06	5.540648e-09	1.737593e+01	3.286825e+02
1.160000e-06	2.522351e-06	5.715025e-09	1.809393e+01	3.392704e+02
1.170000e-06	2.621608e-06	5.881135e-09	1.880595e+01	3.493073e+02
1.180000e-06	2.719942e-06	6.039829e-09	1.951134e+01	3.588142e+02
1.190000e-06	2.817354e-06	6.192147e-09	2.021012e+01	3.678151e+02
1.200000e-06	2.913893e-06	6.333970e-09	2.090264e+01	3.763388e+02
1.210000e-06	3.009576e-06	6.468421e-09	2.158901e+01	3.844181e+02
1.220000e-06	3.104353e-06	6.596851e-09	2.226888e+01	3.920887e+02
1.230000e-06	3.198215e-06	6.716987e-09	2.294220e+01	3.993860e+02
1.240000e-06	3.291254e-06	6.832458e-09	2.360961e+01	4.063424e+02
1.250000e-06	3.383516e-06	6.945673e-09	2.427144e+01	4.129842e+02
1.260000e-06	3.474770e-06	7.053706e-09	2.492605e+01	4.193309e+02
1.270000e-06	3.564860e-06	7.154595e-09	2.557230e+01	4.253956e+02
1.280000e-06	3.653915e-06	7.249156e-09	2.621114e+01	4.311867e+02
1.290000e-06	3.741995e-06	7.340217e-09	2.684297e+01	4.367112e+02
1.300000e-06	3.829000e-06	7.426966e-09	2.746710e+01	4.419775e+02
1.310000e-06	3.914920e-06	7.509001e-09	2.808344e+01	4.469977e+02
1.320000e-06	3.999880e-06	7.588195e-09	2.869289e+01	4.517884e+02
1.330000e-06	4.083943e-06	7.666208e-09	2.929592e+01	4.563699e+02
1.340000e-06	4.166910e-06	7.741831e-09	2.989108e+01	4.607642e+02
1.350000e-06	4.248675e-06	7.812540e-09	3.047761e+01	4.649924e+02
1.360000e-06	4.329291e-06	7.879704e-09	3.105591e+01	4.690722e+02
1.370000e-06	4.408663e-06	7.944775e-09	3.162528e+01	4.730165e+02
1.380000e-06	4.486845e-06	8.008806e-09	3.218611e+01	4.768325e+02
1.390000e-06	4.563795e-06	8.070161e-09	3.273811e+01	4.805232e+02
1.400000e-06	4.639335e-06	8.129901e-09	3.327998e+01	4.840880e+02
1.410000e-06	4.713388e-06	8.189315e-09	3.381120e+01	4.875254e+02
1.420000e-06	4.785969e-06	8.246931e-09	3.433185e+01	4.908340e+02
1.430000e-06	4.857155e-06	8.301816e-09	3.484250e+01	4.940143e+02
1.440000e-06	4.927040e-06	8.353047e-09	3.534382e+01	4.970682e+02
1.450000e-06	4.995653e-06	8.403726e-09	3.583602e+01	4.999999e+02
1.460000e-06	5.062888e-06	8.452347e-09	3.631832e+01	5.028146e+02
1.470000e-06	5.128574e-06	8.498120e-09	3.678952e+01	5.055190e+02
1.480000e-06	5.192689e-06	8.541458e-09	3.724944e+01	5.081201e+02
1.490000e-06	5.255393e-06	8.583707e-09	3.769924e+01	5.106257e+02
1.500000e-06	5.316711e-06	8.625897e-09	3.813910e+01	5.130434e+02
1.510000e-06	5.376642e-06	8.665952e-09	3.856901e+01	5.153805e+02
1.520000e-06	5.435020e-06	8.705107e-09	3.898778e+01	5.176428e+02
1.530000e-06	5.491697e-06	8.741350e-09	3.939435e+01	5.198336e+02
1.540000e-06	5.546727e-06	8.776499e-09	3.978911e+01	5.219527e+02
1.550000e-06	5.600071e-06	8.811335e-09	4.017177e+01	5.239963e+02
1.560000e-06	5.651544e-06	8.845037e-09	4.054101e+01	5.259573e+02
1.570000e-06	5.701033e-06	8.878471e-09	4.089601e+01	5.278268e+02
1.580000e-06	5.748659e-06	8.909179e-09	4.123765e+01	5.295968e+02
1.590000e-06	5.794659e-06	8.935094e-09	4.156763e+01	5.312619e+02
1.600000e-06	5.839221e-06	8.960210e-09	4.188729e+01	5.328220e+02
1.610000e-06	5.882122e-06	8.984427e-09	4.219504e+01	5.342827e+02
1.620000e-06	5.923171e-06	9.006807e-09	4.248951e+01	5.356547e+02
1.630000e-06	5.962565e-06	9.029289e-09	4.277210e+01	5.369516e+02
1.640000e-06	6.000423e-06	9.050326e-09	4.304367e+01	5.381870e+02
1.650000e-06	6.036756e-06	9.069560e-09	4.330430e+01	5.393713e+02
1.660000e-06	6.071391e-06	9.088940e-09	4.355275e+01	5.405096e+02
1.670000e-06	6.104150e-06	9.108010e-09	4.378775e+01	5.416010e+02
1.680000e-06	6.135215e-06	9.125650e-09	4.401059e+01	5.426399e+02
1.690000e-06	6.164780e-06	9.140397e-09	4.422267e+01	5.436187e+02
1.700000e-06	6.192805e-06	9.153368e-09	4.442371e+01	5.445305e+02
1.710000e-06	6.219009e-06	9.166562e-09	4.461168e+01	5.453720e+02
1.720000e-06	6.243306e-06	9.178749e-09	4.478598e+01	5.461447e+02
1.730000e-06	6.265895e-06	9.189672e-09	4.494801e+01	5.468539e+02
1.740000e-06	6.286852e-06	9.198958e-09	4.509835e+01	5.475067e+02
1.750000e-06	6.306258e-06	9.208425e-09	4.523756e+01	5.481087e+02
1.760000e-06	6.323927e-06	9.215970e-09	4.536431e+01	5.486615e+02
1.770000e-06	6.339696e-06	9.223468e-09	4.547742e+01	5.491607e+02
1.780000e-06	6.353652e-06	9.232266e-09	4.557754e+01	5.495973e+02
1.790000e-06	6.365686e-06	9.238119e-09	4.566386e+01	5.499602e+02
1.800000e-06	6.375564e-06	9.240720e-09	4.573472e+01	5.502404e+02
1.810000e-06	6.383458e-06	9.241781e-09	4.579135e+01	5.504345e+02
1.820000e-06	6.389656e-06	9.243150e-09	4.583581e+01	5.505474e+02
1.830000e-06	6.394195e-06	9.244332e-09	4.586837e+01	5.505922e+02
1.840000e-06	6.396878e-06	9.243509e-09	4.588762e+01	5.505867e+02
1.850000e-06	6.397573e-06	9.240566e-09	4.589260e+01	5.505486e+02
1.860000e-06	6.396522e-06	9.241022e-09	4.588506e+01	5.504894e+02
1.870000e-06	6.393900e-06	9.243267e-09	4.586625e+01	5.504100e+02
1.880000e-06	6.389665e-06	9.241071e-09	4.583587e+01	5.502994e+02
1.890000e-06	6.383567e-06	9.236509e-09	4.579213e+01	5.501362e+02
1.900000e-06	6.375654e-06	9.232876e-09	4.573536e+01	5.498949e+02
1.910000e-06	6.366207e-06	9.226453e-09	4.566760e+01	5.495535e+02
1.920000e-06	6.355134e-06	9.206446e-09	4.558817e+01	5.491010e+02
1.930000e-06	6.342178e-06	9.201977e-09	4.549522e+01	5.485425e+02
1.940000e-06	6.327151e-06	9.249696e-09	4.538743e+01	5.478999e+02
1.950000e-06	6.309769e-06	9.256003e-09	4.526274e+01	5.472073e+02
1.960000e-06	6.289776e-06	9.219695e-09	4.511933e+01	5.465034e+02
1.970000e-06	6.267482e-06	9.133523e-09	4.495940e+01	5.458202e+02
1.980000e-06	6.243949e-06	9.080209e-09	4.479059e+01	5.451738e+02
1.990000e-06	6.219791e-06	9.184070e-09	4.461729e+01	5.445587e+02
2.000000e-06	6.194241e-06	9.150945e-09	4.443401e+01	5.439470e+02
2.010000e-06	6.166967e-06	9.083702e-09	4.423836e+01	5.432941e+02
2.020000e-06	6.138478e-06	9.154397e-09	4.403400e+01	5.425483e+02
2.030000e-06	6.108129e-06	9.113160e-09	4.381629e+01	5.416638e+02
2.040000e-06	6.075485e-06	9.107674e-09	4.358212e+01	5.406107e+02
2.050000e-06	6.041343e-06	9.103811e-09	4.333720e+01	5.393825e+02
2.060000e-06	6.005761e-06	8.945346e-09	4.308196e+01	5.379967e+02
2.070000e-06	5.968392e-06	8.998313e-09	4.281389e+01	5.364902e+02
2.080000e-06	5.929228e-06	9.078575e-09	4.253296e+01	5.349087e+02
2.090000e-06	5.888273e-06	8.959622e-09	4.223916e+01	5.332957e+02
2.100000e-06	5.845855e-06	8.933148e-09	4.193488e+01	5.316812e+02
2.110000e-06	5.801906e-06	8.899430e-09	4.161962e+01	5.300758e+02
2.120000e-06	5.756039e-06	8.912910e-09	4.129059e+01	5.284688e+02
2.130000e-06	5.708695e-06	8.894967e-09	4.095098e+01	5.268328e+02
2.140000e-06	5.659818e-06	8.760432e-09	4.060036e+01	5.251320e+02
2.150000e-06	5.609038e-06	8.824184e-09	4.023609e+01	5.233317e+02
2.160000e-06	5.556301e-06	8.846569e-09	3.985778e+01	5.214067e+02
2.170000e-06	5.501625e-06	8.759942e-09	3.946557e+01	5.193462e+02
2.180000e-06	5.445348e-06	8.690961e-09	3.906188e+01	5.171546e+02
2.190000e-06	5.387443e-06	8.642719e-09	3.864649e+01	5.148472e+02
2.200000e-06	5.328009e-06	8.692204e-09	3.822015e+01	5.124442e+02
2.210000e-06	5.267132e-06	8.591506e-09	3.778345e+01	5.099637e+02
2.220000e-06	5.204590e-06	8.514471e-09	3.733481e+01	5.074156e+02
2.230000e-06	5.140436e-06	8.531365e-09	3.687460e+01	5.047997e+02
2.240000e-06	5.074718e-06	8.472017e-09	3.640318e+01	5.021063e+02
2.250000e-06	5.007652e-06	8.431362e-09	3.592209e+01	4.993199e+02
2.260000e-06	4.939235e-06	8.325037e-09	3.543130e+01	4.964238e+02
2.270000e-06	4.869093e-06	8.307794e-09	3.492814e+01	4.934053e+02
2.280000e-06	4.797381e-06	8.292237e-09	3.441372e+01	4.902582e+02
2.290000e-06	4.724400e-06	8.201472e-09	3.389020e+01	4.869839e+02
2.300000e-06	4.650216e-06	8.151775e-09	3.335804e+01	4.835889e+02
2.310000e-06	4.574613e-06	8.079442e-09	3.281571e+01	4.800820e+02
2.320000e-06	4.497460e-06	8.055830e-09	3.226225e+01	4.764705e+02
2.330000e-06	4.418901e-06	7.967405e-09	3.169872e+01	4.727579e+02
2.340000e-06	4.339074e-06	7.877081e-09	3.112608e+01	4.689425e+02
2.350000e-06	4.258085e-06	7.832807e-09	3.054512e+01	4.650182e+02
2.360000e-06	4.175995e-06	7.776490e-09	2.995625e+01	4.609767e+02
2.370000e-06	4.092947e-06	7.715686e-09	2.936050e+01	4.568096e+02
2.380000e-06	4.008863e-06	7.604474e-09	2.875733e+01	4.525106e+02
2.390000e-06	3.923539e-06	7.546476e-09	2.814527e+01	4.480757e+02
2.400000e-06	3.836955e-06	7.492226e-09	2.752417e+01	4.435031e+02
2.410000e-06	3.749236e-06	7.404921e-09	2.689491e+01	4.387914e+02
2.420000e-06	3.660574e-06	7.303201e-09	2.625890e+01	4.339381e+02
2.430000e-06	3.571037e-06	7.221151e-09	2.561661e+01	4.289381e+02
2.440000e-06	3.480606e-06	7.162783e-09	2.496792e+01	4.237833e+02
2.450000e-06	3.389255e-06	7.058842e-09	2.431262e+01	4.184635e+02
2.460000e-06	3.296957e-06	6.949874e-09	2.365052e+01	4.129676e+02
2.470000e-06	3.203627e-06	6.860028e-09	2.298102e+01	4.072854e+02
2.480000e-06	3.109198e-06	6.787357e-09	2.230364e+01	4.014085e+02
2.490000e-06	3.013855e-06	6.678487e-09	2.161970e+01	3.953305e+02
2.500000e-06	2.917671e-06	6.550847e-09	2.092973e+01	3.890462e+02
2.510000e-06	2.820594e-06	6.448729e-09	2.023336e+01	3.825502e+02
2.520000e-06	2.722739e-06	6.349384e-09	1.953141e+01	3.758350e+02
2.530000e-06	2.624252e-06	6.227828e-09	1.882491e+01	3.688904e+02
2.540000e-06	2.525061e-06	6.087835e-09	1.811337e+01	3.617032e+02
2.550000e-06	2.425037e-06	5.974492e-09	1.739586e+01	3.542582e+02
2.560000e-06	2.324234e-06	5.865730e-09	1.667275e+01	3.465400e+02
2.570000e-06	2.222744e-06	5.729282e-09	1.594472e+01	3.385341e+02
2.580000e-06	2.120571e-06	5.572691e-09	1.521178e+01	3.302285e+02
2.590000e-06	2.017612e-06	5.428712e-09	1.447322e+01	3.216133e+02
2.600000e-06	1.913957e-06	5.293128e-09	1.372965e+01	3.126794e+02
2.610000e-06	1.809761e-06	5.132406e-09	1.298221e+01	3.034163e+02
2.620000e-06	1.705053e-06	4.956746e-09	1.223109e+01	2.938105e+02
2.630000e-06	1.599942e-06	4.792162e-09	1.147709e+01	2.838433e+02
2.640000e-06	1.494479e-06	4.635400e-09	1.072055e+01	2.734909e+02
2.650000e-06	1.388671e-06	4.457151e-09	9.961546e+00	2.627249e+02
2.660000e-06	1.282527e-06	4.256678e-09	9.200128e+00	2.515148e+02
2.670000e-06	1.176058e-06	4.059102e-09	8.436380e+00	2.398297e+02
2.680000e-06	1.069331e-06	3.866696e-09	7.670781e+00	2.276400e+02
2.690000e-06	9.624024e-07	3.654206e-09	6.903735e+00	2.149181e+02
2.700000e-06	8.552671e-07	3.420511e-09	6.135206e+00	2.016369e+02
2.710000e-06	7.479486e-07	3.185937e-09	5.365364e+00	1.877683e+02
2.720000e-06	6.404669e-07	2.953699e-09	4.594350e+00	1.732812e+02
2.730000e-06	5.328107e-07	2.702000e-09	3.822085e+00	1.581406e+02
2.740000e-06	4.250115e-07	2.424911e-09	3.048794e+00	1.423090e+02
2.750000e-06	3.171703e-07	2.142597e-09	2.275202e+00	1.257506e+02
2.760000e-06	2.092967e-07	1.860307e-09	1.501377e+00	1.084376e+02
2.770000e-06	1.013240e-07	1.561103e-09	7.268414e-01	9.035884e+01
2.780000e-06	-6.589968e-09	1.237290e-09	-4.727274e-02	7.152731e+01
2.790000e-06	-1.144255e-07	9.049804e-10	-8.208243e-01	5.198702e+01
2.800000e-06	-2.223132e-07	5.722166e-10	-1.594751e+00	3.181589e+01
2.810000e-06	-3.301574e-07	2.275812e-10	-2.368364e+00	1.112494e+01
2.820000e-06	-4.378475e-07	-1.332438e-10	-3.140872e+00	-9.946768e+00
2.830000e-06	-5.453700e-07	-4.956013e-10	-3.912179e+00	-3.124050e+01
2.840000e-06	-6.527628e-07	-8.501232e-10	-4.682554e+00	-5.258804e+01
2.850000e-06	-7.600394e-07	-1.206435e-09	-5.452097e+00	-7.382214e+01
2.860000e-06	-8.671478e-07	-1.567218e-09	-6.220432e+00	-9.478580e+01
2.870000e-06	-9.740890e-07	-1.919320e-09	-6.987568e+00	-1.153392e+02
2.880000e-06	-1.080778e-06	-2.253024e-09	-7.752897e+00	-1.353643e+02
2.890000e-06	-1.187195e-06	-2.573939e-09	-8.516269e+00	-1.547662e+02
2.900000e-06	-1.293359e-06	-2.892019e-09	-9.277834e+00	-1.734738e+02
2.910000e-06	-1.399210e-06	-3.199055e-09	-1.003715e+01	-1.914383e+02
2.920000e-06	-1.504725e-06	-3.487451e-09	-1.079405e+01	-2.086311e+02
2.930000e-06	-1.609862e-06	-3.765011e-09	-1.154825e+01	-2.250418e+02
2.940000e-06	-1.714596e-06	-4.038110e-09	-1.229955e+01	-2.406754e+02
2.950000e-06	-1.818890e-06	-4.297651e-09	-1.304770e+01	-2.555497e+02
2.960000e-06	-1.922634e-06	-4.534287e-09	-1.379190e+01	-2.696910e+02
2.970000e-06	-2.025733e-06	-4.756105e-09	-1.453147e+01	-2.831311e+02
2.980000e-06	-2.128054e-06	-4.971332e-09	-1.526547e+01	-2.959032e+02
2.990000e-06	-2.229582e-06	-5.178524e-09	-1.599377e+01	-3.080389e+02
3.000000e-06	-2.330447e-06	-5.373679e-09	-1.671732e+01	-3.195661e+02
3.010000e-06	-2.430621e-06	-5.559073e-09	-1.743591e+01	-3.305088e+02
3.020000e-06	-2.530047e-06	-5.739475e-09	-1.814914e+01	-3.408880e+02
3.030000e-06	-2.628731e-06	-5.911509e-09	-1.885704e+01	-3.507238e+02
3.040000e-06	-2.726646e-06	-6.068591e-09	-1.955943e+01	-3.600381e+02
3.050000e-06	-2.823841e-06	-6.212570e-09	-2.025665e+01	-3.688568e+02
3.060000e-06	-2.920358e-06	-6.353042e-09	-2.094901e+01	-3.772100e+02
3.070000e-06	-3.016119e-06	-6.490763e-09	-2.163594e+01	-3.851320e+02
3.080000e-06	-3.110978e-06	-6.617873e-09	-2.231641e+01	-3.926588e+02
3.090000e-06	-3.204798e-06	-6.737015e-09	-2.298943e+01	-3.998250e+02
3.100000e-06	-3.297604e-06	-6.855286e-09	-2.365516e+01	-4.066609e+02
3.110000e-06	-3.389467e-06	-6.969632e-09	-2.431414e+01	-4.131904e+02
3.120000e-06	-3.480295e-06	-7.075439e-09	-2.496569e+01	-4.194304e+02
3.130000e-06	-3.570056e-06	-7.173747e-09	-2.560958e+01	-4.253918e+02
3.140000e-06	-3.658880e-06	-7.271647e-09	-2.624675e+01	-4.310824e+02
3.150000e-06	-3.746846e-06	-7.367867e-09	-2.687777e+01	-4.365091e+02
3.160000e-06	-3.833795e-06	-7.455631e-09	-2.750149e+01	-4.416817e+02
3.170000e-06	-3.919532e-06	-7.535963e-09	-2.811652e+01	-4.466139e+02
3.180000e-06	-4.004131e-06	-7.614055e-09	-2.872339e+01	-4.513239e+02
3.190000e-06	-4.087588e-06	-7.692963e-09	-2.932206e+01	-4.558329e+02
3.200000e-06	-4.169925e-06	-7.769101e-09	-2.991271e+01	-4.601627e+02
3.210000e-06	-4.251250e-06	-7.839981e-09	-3.049608e+01	-4.643337e+02
3.220000e-06	-4.331513e-06	-7.909935e-09	-3.107185e+01	-4.683617e+02
3.230000e-06	-4.410502e-06	-7.978249e-09	-3.163847e+01	-4.722576e+02
3.240000e-06	-4.488019e-06	-8.040459e-09	-3.219453e+01	-4.760268e+02
3.250000e-06	-4.564145e-06	-8.095185e-09	-3.274062e+01	-4.796706e+02
3.260000e-06	-4.638946e-06	-8.149654e-09	-3.327720e+01	-4.831881e+02
3.270000e-06	-4.712389e-06	-8.208582e-09	-3.380403e+01	-4.865775e+02
3.280000e-06	-4.784554e-06	-8.267789e-09	-3.432171e+01	-4.898381e+02
3.290000e-06	-4.855367e-06	-8.323783e-09	-3.482968e+01	-4.929708e+02
3.300000e-06	-4.924665e-06	-8.374542e-09	-3.532678e+01	-4.959786e+02
3.310000e-06	-4.992511e-06	-8.421988e-09	-3.581347e+01	-4.988660e+02
3.320000e-06	-5.058970e-06	-8.465350e-09	-3.629022e+01	-5.016388e+02
3.330000e-06	-5.124087e-06	-8.503292e-09	-3.675732e+01	-5.043038e+02
3.340000e-06	-5.187878e-06	-8.540706e-09	-3.721493e+01	-5.068684e+02
3.350000e-06	-5.250102e-06	-8.583306e-09	-3.766129e+01	-5.093404e+02
3.360000e-06	-5.310619e-06	-8.630203e-09	-3.809540e+01	-5.117273e+02
3.370000e-06	-5.369575e-06	-8.673639e-09	-3.851832e+01	-5.140360e+02
3.380000e-06	-5.427059e-06	-8.710701e-09	-3.893067e+01	-5.162715e+02
3.390000e-06	-5.483044e-06	-8.745888e-09	-3.933228e+01	-5.184359e+02
3.400000e-06	-5.537347e-06	-8.779502e-09	-3.972182e+01	-5.205276e+02
3.410000e-06	-5.589739e-06	-8.810072e-09	-4.009765e+01	-5.225414e+02
3.420000e-06	-5.640244e-06	-8.838763e-09	-4.045995e+01	-5.244694e+02
3.430000e-06	-5.688881e-06	-8.868578e-09	-4.080884e+01	-5.263027e+02
3.440000e-06	-5.735643e-06	-8.899811e-09	-4.114429e+01	-5.280339e+02
3.450000e-06	-5.780821e-06	-8.930631e-09	-4.146836e+01	-5.296596e+02
3.460000e-06	-5.824618e-06	-8.957950e-09	-4.178255e+01	-5.311817e+02
3.470000e-06	-5.866991e-06	-8.981585e-09	-4.208651e+01	-5.326079e+02
3.480000e-06	-5.907946e-06	-9.003490e-09	-4.238029e+01	-5.339503e+02
3.490000e-06	-5.947305e-06	-9.022965e-09	-4.266263e+01	-5.352229e+02
3.500000e-06	-5.984819e-06	-9.042432e-09	-4.293173e+01	-5.364385e+02
3.510000e-06	-6.020592e-06	-9.062767e-09	-4.318835e+01	-5.376055e+02
3.520000e-06	-6.054739e-06	-9.081171e-09	-4.343330e+01	-5.387268e+02
3.530000e-06	-6.087307e-06	-9.097774e-09	-4.366693e+01	-5.397996e+02
3.540000e-06	-6.118212e-06	-9.116200e-09	-4.388862e+01	-5.408171e+02
3.550000e-06	-6.147248e-06	-9.135072e-09	-4.409691e+01	-5.417717e+02
3.560000e-06	-6.174507e-06	-9.151222e-09	-4.429245e+01	-5.426575e+02
3.570000e-06	-6.200154e-06	-9.165998e-09	-4.447643e+01	-5.434731e+02
3.580000e-06	-6.224168e-06	-9.178774e-09	-4.464869e+01	-5.442214e+02
3.590000e-06	-6.246370e-06	-9.190046e-09	-4.480796e+01	-5.449088e+02
3.600000e-06	-6.266748e-06	-9.202528e-09	-4.495413e+01	-5.455424e+02
3.610000e-06	-6.285482e-06	-9.213868e-09	-4.508853e+01	-5.461263e+02
3.620000e-06	-6.302531e-06	-9.224561e-09	-4.521082e+01	-5.466600e+02
3.630000e-06	-6.317740e-06	-9.234414e-09	-4.531992e+01	-5.471372e+02
3.640000e-06	-6.330890e-06	-9.242671e-09	-4.541426e+01	-5.475477e+02
3.650000e-06	-6.341980e-06	-9.247418e-09	-4.549381e+01	-5.478807e+02
3.660000e-06	-6.351307e-06	-9.250115e-09	-4.556071e+01	-5.481288e+02
3.670000e-06	-6.358974e-06	-9.253120e-09	-4.561571e+01	-5.482916e+02
3.680000e-06	-6.364762e-06	-9.254287e-09	-4.565723e+01	-5.483773e+02
3.690000e-06	-6.368646e-06	-9.255530e-09	-4.568509e+01	-5.484013e+02
3.700000e-06	-6.370851e-06	-9.259235e-09	-4.570091e+01	-5.483820e+02
3.710000e-06	-6.371401e-06	-9.264733e-09	-4.570485e+01	-5.483353e+02
