# Temperatura_=_20.0
# Concentracion g/m^3_=_9000.0
# C_Vs_to_Am_M_A/Vsm_=_59384043850.047264
# pendiente_HvsI_1/m_=_3716.3
# ordenada_HvsI_A/m_=_1297.0
# frecuencia_Hz_=_269364.2074164896

Tiempo_(s)	Campo_(V.s)	Magnetizacion_(V.s)	Campo_(kA/m)	Magnetizacion_(A/m)
0.000000e+00	-6.348543e-06	-9.231410e-09	-4.570136e+01	-5.465931e+02
1.000000e-08	-6.346878e-06	-9.228435e-09	-4.568937e+01	-5.465328e+02
2.000000e-08	-6.343332e-06	-9.223983e-09	-4.566385e+01	-5.464605e+02
3.000000e-08	-6.338106e-06	-9.218757e-09	-4.562623e+01	-5.463595e+02
4.000000e-08	-6.331372e-06	-9.215091e-09	-4.557775e+01	-5.462015e+02
5.000000e-08	-6.323132e-06	-9.212385e-09	-4.551843e+01	-5.459540e+02
6.000000e-08	-6.313013e-06	-9.207699e-09	-4.544559e+01	-5.455906e+02
7.000000e-08	-6.300868e-06	-9.207845e-09	-4.535816e+01	-5.451001e+02
8.000000e-08	-6.286751e-06	-9.197629e-09	-4.525654e+01	-5.444918e+02
9.000000e-08	-6.270269e-06	-9.145222e-09	-4.513789e+01	-5.437953e+02
1.000000e-07	-6.251513e-06	-9.105680e-09	-4.500287e+01	-5.430541e+02
1.100000e-07	-6.230989e-06	-9.114276e-09	-4.485513e+01	-5.423141e+02
1.200000e-07	-6.208837e-06	-9.147389e-09	-4.469566e+01	-5.416113e+02
1.300000e-07	-6.185343e-06	-9.197589e-09	-4.452653e+01	-5.409606e+02
1.400000e-07	-6.160619e-06	-9.133941e-09	-4.434855e+01	-5.403505e+02
1.500000e-07	-6.134183e-06	-9.047230e-09	-4.415824e+01	-5.397443e+02
1.600000e-07	-6.106101e-06	-9.111873e-09	-4.395609e+01	-5.390883e+02
1.700000e-07	-6.076580e-06	-9.099862e-09	-4.374358e+01	-5.383247e+02
1.800000e-07	-6.045441e-06	-9.017074e-09	-4.351941e+01	-5.374063e+02
1.900000e-07	-6.012794e-06	-9.008375e-09	-4.328440e+01	-5.363079e+02
2.000000e-07	-5.978513e-06	-8.981671e-09	-4.303762e+01	-5.350320e+02
2.100000e-07	-5.942409e-06	-9.021078e-09	-4.277772e+01	-5.336073e+02
2.200000e-07	-5.904694e-06	-9.027448e-09	-4.250621e+01	-5.320804e+02
2.300000e-07	-5.865392e-06	-8.899751e-09	-4.222329e+01	-5.305023e+02
2.400000e-07	-5.824201e-06	-8.866735e-09	-4.192677e+01	-5.289152e+02
2.500000e-07	-5.781137e-06	-8.895019e-09	-4.161676e+01	-5.273413e+02
2.600000e-07	-5.736412e-06	-8.878045e-09	-4.129480e+01	-5.257784e+02
2.700000e-07	-5.690096e-06	-8.830804e-09	-4.096139e+01	-5.242013e+02
2.800000e-07	-5.642098e-06	-8.774693e-09	-4.061586e+01	-5.225702e+02
2.900000e-07	-5.591977e-06	-8.792113e-09	-4.025506e+01	-5.208422e+02
3.000000e-07	-5.539787e-06	-8.779822e-09	-3.987936e+01	-5.189826e+02
3.100000e-07	-5.485931e-06	-8.681099e-09	-3.949166e+01	-5.169734e+02
3.200000e-07	-5.430597e-06	-8.620094e-09	-3.909333e+01	-5.148159e+02
3.300000e-07	-5.373687e-06	-8.629871e-09	-3.868365e+01	-5.125279e+02
3.400000e-07	-5.314968e-06	-8.626807e-09	-3.826095e+01	-5.101363e+02
3.500000e-07	-5.254649e-06	-8.544293e-09	-3.782673e+01	-5.076680e+02
3.600000e-07	-5.192905e-06	-8.491111e-09	-3.738225e+01	-5.051410e+02
3.700000e-07	-5.129753e-06	-8.477598e-09	-3.692764e+01	-5.025596e+02
3.800000e-07	-5.065091e-06	-8.426563e-09	-3.646216e+01	-4.999144e+02
3.900000e-07	-4.998772e-06	-8.364481e-09	-3.598474e+01	-4.971857e+02
4.000000e-07	-4.930894e-06	-8.306153e-09	-3.549611e+01	-4.943508e+02
4.100000e-07	-4.861678e-06	-8.276854e-09	-3.499784e+01	-4.913907e+02
4.200000e-07	-4.791234e-06	-8.240649e-09	-3.449074e+01	-4.882960e+02
4.300000e-07	-4.719563e-06	-8.169142e-09	-3.397480e+01	-4.850682e+02
4.400000e-07	-4.646452e-06	-8.101506e-09	-3.344849e+01	-4.817180e+02
4.500000e-07	-4.571603e-06	-8.048915e-09	-3.290968e+01	-4.782607e+02
4.600000e-07	-4.495206e-06	-8.000618e-09	-3.235971e+01	-4.747101e+02
4.700000e-07	-4.417589e-06	-7.931488e-09	-3.180097e+01	-4.710733e+02
4.800000e-07	-4.338641e-06	-7.863617e-09	-3.123264e+01	-4.673486e+02
4.900000e-07	-4.258233e-06	-7.809006e-09	-3.065382e+01	-4.635253e+02
5.000000e-07	-4.176554e-06	-7.745159e-09	-3.006583e+01	-4.595876e+02
5.100000e-07	-4.093804e-06	-7.668020e-09	-2.947013e+01	-4.555187e+02
5.200000e-07	-4.010106e-06	-7.584012e-09	-2.886761e+01	-4.513057e+02
5.300000e-07	-3.925558e-06	-7.516855e-09	-2.825898e+01	-4.469419e+02
5.400000e-07	-3.840096e-06	-7.453046e-09	-2.764376e+01	-4.424275e+02
5.500000e-07	-3.753643e-06	-7.370969e-09	-2.702141e+01	-4.377673e+02
5.600000e-07	-3.666251e-06	-7.283208e-09	-2.639230e+01	-4.329666e+02
5.700000e-07	-3.577891e-06	-7.207258e-09	-2.575622e+01	-4.280282e+02
5.800000e-07	-3.488449e-06	-7.127538e-09	-2.511235e+01	-4.229488e+02
5.900000e-07	-3.397860e-06	-7.024941e-09	-2.446023e+01	-4.177195e+02
6.000000e-07	-3.306248e-06	-6.922814e-09	-2.380074e+01	-4.123263e+02
6.100000e-07	-3.213722e-06	-6.838130e-09	-2.313467e+01	-4.067538e+02
6.200000e-07	-3.120280e-06	-6.752169e-09	-2.246201e+01	-4.009883e+02
6.300000e-07	-3.026001e-06	-6.645253e-09	-2.178332e+01	-3.950200e+02
6.400000e-07	-2.930930e-06	-6.536214e-09	-2.109893e+01	-3.888440e+02
6.500000e-07	-2.835030e-06	-6.439598e-09	-2.040858e+01	-3.824584e+02
6.600000e-07	-2.738163e-06	-6.333928e-09	-1.971126e+01	-3.758619e+02
6.700000e-07	-2.640276e-06	-6.208256e-09	-1.900660e+01	-3.690505e+02
6.800000e-07	-2.541527e-06	-6.080662e-09	-1.829573e+01	-3.620151e+02
6.900000e-07	-2.441989e-06	-5.963662e-09	-1.757918e+01	-3.547408e+02
7.000000e-07	-2.341676e-06	-5.842923e-09	-1.685706e+01	-3.472079e+02
7.100000e-07	-2.240697e-06	-5.704976e-09	-1.613014e+01	-3.393949e+02
7.200000e-07	-2.139107e-06	-5.561114e-09	-1.539883e+01	-3.312817e+02
7.300000e-07	-2.036938e-06	-5.423687e-09	-1.466334e+01	-3.228519e+02
7.400000e-07	-1.934163e-06	-5.282170e-09	-1.392349e+01	-3.140942e+02
7.500000e-07	-1.830828e-06	-5.124268e-09	-1.317961e+01	-3.050011e+02
7.600000e-07	-1.726995e-06	-4.960289e-09	-1.243214e+01	-2.955666e+02
7.700000e-07	-1.622604e-06	-4.800795e-09	-1.168067e+01	-2.857821e+02
7.800000e-07	-1.517788e-06	-4.634028e-09	-1.092612e+01	-2.756338e+02
7.900000e-07	-1.412599e-06	-4.449376e-09	-1.016890e+01	-2.651003e+02
8.000000e-07	-1.306992e-06	-4.256261e-09	-9.408667e+00	-2.541531e+02
8.100000e-07	-1.200966e-06	-4.067101e-09	-8.645410e+00	-2.427580e+02
8.200000e-07	-1.094558e-06	-3.873108e-09	-7.879414e+00	-2.308783e+02
8.300000e-07	-9.878605e-07	-3.662725e-09	-7.111328e+00	-2.184776e+02
8.400000e-07	-8.809202e-07	-3.441138e-09	-6.341495e+00	-2.055223e+02
8.500000e-07	-7.737909e-07	-3.215780e-09	-5.570301e+00	-1.919814e+02
8.600000e-07	-6.664489e-07	-2.980544e-09	-4.797577e+00	-1.778258e+02
8.700000e-07	-5.589310e-07	-2.726867e-09	-4.023586e+00	-1.630269e+02
8.800000e-07	-4.512668e-07	-2.458299e-09	-3.248542e+00	-1.475552e+02
8.900000e-07	-3.434275e-07	-2.183072e-09	-2.472237e+00	-1.313808e+02
9.000000e-07	-2.355378e-07	-1.901132e-09	-1.695570e+00	-1.144771e+02
9.100000e-07	-1.277053e-07	-1.605538e-09	-9.193146e-01	-9.682654e+01
9.200000e-07	-1.984384e-08	-1.293867e-09	-1.428502e-01	-7.842816e+01
9.300000e-07	8.804541e-08	-9.733329e-10	6.338139e-01	-5.930589e+01
9.400000e-07	1.958667e-07	-6.449359e-10	1.409989e+00	-3.951493e+01
9.500000e-07	3.036747e-07	-3.011058e-10	2.186068e+00	-1.914480e+01
9.600000e-07	4.114405e-07	5.552360e-11	2.961844e+00	1.681809e+00
9.700000e-07	5.190843e-07	4.125201e-10	3.736741e+00	2.281491e+01
9.800000e-07	6.265691e-07	7.652494e-10	4.510493e+00	4.408666e+01
9.900000e-07	7.338471e-07	1.119796e-09	5.282757e+00	6.532292e+01
1.000000e-06	8.409197e-07	1.475429e-09	6.053542e+00	8.635506e+01
1.010000e-06	9.478390e-07	1.822397e-09	6.823224e+00	1.070300e+02
1.020000e-06	1.054539e-06	2.156863e-09	7.591327e+00	1.272174e+02
1.030000e-06	1.160926e-06	2.485112e-09	8.357175e+00	1.468135e+02
1.040000e-06	1.267012e-06	2.806835e-09	9.120859e+00	1.657413e+02
1.050000e-06	1.372731e-06	3.113595e-09	9.881900e+00	1.839488e+02
1.060000e-06	1.478080e-06	3.402708e-09	1.064028e+01	2.014055e+02
1.070000e-06	1.583034e-06	3.679516e-09	1.139581e+01	2.180985e+02
1.080000e-06	1.687474e-06	3.946662e-09	1.214765e+01	2.340286e+02
1.090000e-06	1.791367e-06	4.200773e-09	1.289555e+01	2.492075e+02
1.100000e-06	1.894723e-06	4.440725e-09	1.363957e+01	2.636544e+02
1.110000e-06	1.997562e-06	4.670663e-09	1.437988e+01	2.773941e+02
1.120000e-06	2.099874e-06	4.894159e-09	1.511640e+01	2.904545e+02
1.130000e-06	2.201601e-06	5.105269e-09	1.584870e+01	3.028646e+02
1.140000e-06	2.302720e-06	5.301765e-09	1.657663e+01	3.146526e+02
1.150000e-06	2.403208e-06	5.486144e-09	1.730001e+01	3.258453e+02
1.160000e-06	2.502997e-06	5.662075e-09	1.801836e+01	3.364671e+02
1.170000e-06	2.602002e-06	5.830533e-09	1.873108e+01	3.465412e+02
1.180000e-06	2.700146e-06	5.989433e-09	1.943758e+01	3.560903e+02
1.190000e-06	2.797352e-06	6.141581e-09	2.013734e+01	3.651385e+02
1.200000e-06	2.893541e-06	6.287592e-09	2.082978e+01	3.737119e+02
1.210000e-06	2.988876e-06	6.425634e-09	2.151607e+01	3.818390e+02
1.220000e-06	3.083433e-06	6.554154e-09	2.219676e+01	3.895506e+02
1.230000e-06	3.177102e-06	6.674681e-09	2.287105e+01	3.968776e+02
1.240000e-06	3.269932e-06	6.790935e-09	2.353931e+01	4.038499e+02
1.250000e-06	3.361903e-06	6.903494e-09	2.420139e+01	4.104943e+02
1.260000e-06	3.452923e-06	7.008786e-09	2.485662e+01	4.168335e+02
1.270000e-06	3.542911e-06	7.107144e-09	2.550441e+01	4.228860e+02
1.280000e-06	3.631795e-06	7.201963e-09	2.614427e+01	4.286669e+02
1.290000e-06	3.719552e-06	7.296545e-09	2.677600e+01	4.341894e+02
1.300000e-06	3.806282e-06	7.387772e-09	2.740034e+01	4.394661e+02
1.310000e-06	3.892110e-06	7.471691e-09	2.801820e+01	4.445106e+02
1.320000e-06	3.976991e-06	7.551161e-09	2.862923e+01	4.493375e+02
1.330000e-06	4.060861e-06	7.629354e-09	2.923299e+01	4.539622e+02
1.340000e-06	4.143682e-06	7.704274e-09	2.982919e+01	4.584000e+02
1.350000e-06	4.225347e-06	7.773035e-09	3.041707e+01	4.626650e+02
1.360000e-06	4.305772e-06	7.838050e-09	3.099603e+01	4.667691e+02
1.370000e-06	4.384942e-06	7.904344e-09	3.156595e+01	4.707218e+02
1.380000e-06	4.462876e-06	7.969974e-09	3.212698e+01	4.745308e+02
1.390000e-06	4.539591e-06	8.032616e-09	3.267923e+01	4.782024e+02
1.400000e-06	4.615039e-06	8.093191e-09	3.322236e+01	4.817427e+02
1.410000e-06	4.689035e-06	8.151856e-09	3.375503e+01	4.851578e+02
1.420000e-06	4.761475e-06	8.207481e-09	3.427651e+01	4.884541e+02
1.430000e-06	4.832561e-06	8.261215e-09	3.478824e+01	4.916375e+02
1.440000e-06	4.902381e-06	8.313052e-09	3.529085e+01	4.947125e+02
1.450000e-06	4.970881e-06	8.362190e-09	3.578396e+01	4.976818e+02
1.460000e-06	5.038030e-06	8.410051e-09	3.626735e+01	5.005458e+02
1.470000e-06	5.103619e-06	8.458052e-09	3.673950e+01	5.033036e+02
1.480000e-06	5.167628e-06	8.504533e-09	3.720028e+01	5.059544e+02
1.490000e-06	5.230244e-06	8.548741e-09	3.765105e+01	5.084985e+02
1.500000e-06	5.291526e-06	8.590735e-09	3.809219e+01	5.109390e+02
1.510000e-06	5.351485e-06	8.630230e-09	3.852382e+01	5.132823e+02
1.520000e-06	5.409913e-06	8.667988e-09	3.894443e+01	5.155368e+02
1.530000e-06	5.466564e-06	8.702222e-09	3.935224e+01	5.177113e+02
1.540000e-06	5.521530e-06	8.736570e-09	3.974793e+01	5.198129e+02
1.550000e-06	5.574903e-06	8.771672e-09	4.013214e+01	5.218447e+02
1.560000e-06	5.626479e-06	8.805078e-09	4.050343e+01	5.238048e+02
1.570000e-06	5.676019e-06	8.836524e-09	4.086005e+01	5.256868e+02
1.580000e-06	5.723679e-06	8.867425e-09	4.120314e+01	5.274822e+02
1.590000e-06	5.769710e-06	8.896900e-09	4.153451e+01	5.291823e+02
1.600000e-06	5.814204e-06	8.925240e-09	4.185481e+01	5.307824e+02
1.610000e-06	5.857116e-06	8.950457e-09	4.216372e+01	5.322830e+02
1.620000e-06	5.898245e-06	8.972675e-09	4.245979e+01	5.336906e+02
1.630000e-06	5.937668e-06	8.995233e-09	4.274358e+01	5.350161e+02
1.640000e-06	5.975557e-06	9.016210e-09	4.301634e+01	5.362719e+02
1.650000e-06	6.011884e-06	9.034417e-09	4.327785e+01	5.374686e+02
1.660000e-06	6.046492e-06	9.052582e-09	4.352698e+01	5.386119e+02
1.670000e-06	6.079259e-06	9.072797e-09	4.376286e+01	5.397016e+02
1.680000e-06	6.110381e-06	9.091290e-09	4.398690e+01	5.407324e+02
1.690000e-06	6.140039e-06	9.106315e-09	4.420040e+01	5.416967e+02
1.700000e-06	6.168156e-06	9.119076e-09	4.440281e+01	5.425882e+02
1.710000e-06	6.194486e-06	9.131795e-09	4.459235e+01	5.434052e+02
1.720000e-06	6.218884e-06	9.143320e-09	4.476798e+01	5.441521e+02
1.730000e-06	6.241541e-06	9.152843e-09	4.493108e+01	5.448390e+02
1.740000e-06	6.262649e-06	9.162348e-09	4.508304e+01	5.454783e+02
1.750000e-06	6.282185e-06	9.173218e-09	4.522367e+01	5.460809e+02
1.760000e-06	6.299912e-06	9.182824e-09	4.535128e+01	5.466514e+02
1.770000e-06	6.315763e-06	9.191357e-09	4.546539e+01	5.471860e+02
1.780000e-06	6.329816e-06	9.200693e-09	4.556655e+01	5.476724e+02
1.790000e-06	6.341923e-06	9.207958e-09	4.565371e+01	5.480931e+02
1.800000e-06	6.351948e-06	9.210697e-09	4.572587e+01	5.484308e+02
1.810000e-06	6.360050e-06	9.210451e-09	4.578419e+01	5.486743e+02
1.820000e-06	6.366445e-06	9.211071e-09	4.583023e+01	5.488231e+02
1.830000e-06	6.371169e-06	9.214334e-09	4.586423e+01	5.488883e+02
1.840000e-06	6.374098e-06	9.217088e-09	4.588532e+01	5.488909e+02
1.850000e-06	6.375109e-06	9.216547e-09	4.589260e+01	5.488550e+02
1.860000e-06	6.374309e-06	9.217257e-09	4.588684e+01	5.488008e+02
1.870000e-06	6.371859e-06	9.220262e-09	4.586921e+01	5.487367e+02
1.880000e-06	6.367806e-06	9.217974e-09	4.584003e+01	5.486561e+02
1.890000e-06	6.361968e-06	9.210866e-09	4.579800e+01	5.485372e+02
1.900000e-06	6.354309e-06	9.204511e-09	4.574286e+01	5.483492e+02
1.910000e-06	6.345016e-06	9.198055e-09	4.567597e+01	5.480605e+02
1.920000e-06	6.334123e-06	9.180445e-09	4.559756e+01	5.476494e+02
1.930000e-06	6.321419e-06	9.167439e-09	4.550610e+01	5.471122e+02
1.940000e-06	6.306618e-06	9.218515e-09	4.539955e+01	5.464663e+02
1.950000e-06	6.289481e-06	9.248194e-09	4.527619e+01	5.457473e+02
1.960000e-06	6.269821e-06	9.214676e-09	4.513466e+01	5.450012e+02
1.970000e-06	6.247834e-06	9.124977e-09	4.497638e+01	5.442716e+02
1.980000e-06	6.224432e-06	9.031213e-09	4.480792e+01	5.435877e+02
1.990000e-06	6.200379e-06	9.132443e-09	4.463477e+01	5.429549e+02
2.000000e-06	6.175065e-06	9.162395e-09	4.445254e+01	5.423515e+02
2.010000e-06	6.148012e-06	9.048044e-09	4.425779e+01	5.417332e+02
2.020000e-06	6.119724e-06	9.115509e-09	4.405416e+01	5.410431e+02
2.030000e-06	6.089664e-06	9.135465e-09	4.383777e+01	5.402258e+02
2.040000e-06	6.057271e-06	9.093117e-09	4.360458e+01	5.392412e+02
2.050000e-06	6.023366e-06	9.115011e-09	4.336051e+01	5.380742e+02
2.060000e-06	5.988137e-06	8.967394e-09	4.310690e+01	5.367377e+02
2.070000e-06	5.951170e-06	8.944144e-09	4.284078e+01	5.352684e+02
2.080000e-06	5.912386e-06	9.071516e-09	4.256159e+01	5.337163e+02
2.090000e-06	5.871696e-06	8.978035e-09	4.226867e+01	5.321305e+02
2.100000e-06	5.829526e-06	8.913147e-09	4.196510e+01	5.305469e+02
2.110000e-06	5.785968e-06	8.891236e-09	4.165154e+01	5.289785e+02
2.120000e-06	5.740502e-06	8.887905e-09	4.132424e+01	5.274140e+02
2.130000e-06	5.693453e-06	8.913875e-09	4.098555e+01	5.258215e+02
2.140000e-06	5.644882e-06	8.768434e-09	4.063590e+01	5.241587e+02
2.150000e-06	5.594498e-06	8.771436e-09	4.027320e+01	5.223844e+02
2.160000e-06	5.542254e-06	8.848360e-09	3.989711e+01	5.204696e+02
2.170000e-06	5.487984e-06	8.764705e-09	3.950644e+01	5.184034e+02
2.180000e-06	5.432028e-06	8.671034e-09	3.910363e+01	5.161939e+02
2.190000e-06	5.374455e-06	8.604777e-09	3.868918e+01	5.138635e+02
2.200000e-06	5.315327e-06	8.658843e-09	3.826353e+01	5.114401e+02
2.210000e-06	5.254839e-06	8.602777e-09	3.782810e+01	5.089481e+02
2.220000e-06	5.192693e-06	8.491477e-09	3.738072e+01	5.064008e+02
2.230000e-06	5.128850e-06	8.511212e-09	3.692114e+01	5.037970e+02
2.240000e-06	5.063434e-06	8.466926e-09	3.645022e+01	5.011229e+02
2.250000e-06	4.996669e-06	8.417525e-09	3.596960e+01	4.983567e+02
2.260000e-06	4.928630e-06	8.313472e-09	3.547981e+01	4.954764e+02
2.270000e-06	4.858980e-06	8.261774e-09	3.497842e+01	4.924662e+02
2.280000e-06	4.787703e-06	8.270587e-09	3.446532e+01	4.893206e+02
2.290000e-06	4.715080e-06	8.193806e-09	3.394252e+01	4.860450e+02
2.300000e-06	4.641251e-06	8.143511e-09	3.341105e+01	4.826526e+02
2.310000e-06	4.566064e-06	8.068794e-09	3.286980e+01	4.791588e+02
2.320000e-06	4.489373e-06	8.028885e-09	3.231772e+01	4.755752e+02
2.330000e-06	4.411190e-06	7.962484e-09	3.175491e+01	4.719060e+02
2.340000e-06	4.331660e-06	7.860830e-09	3.118239e+01	4.681457e+02
2.350000e-06	4.250992e-06	7.812462e-09	3.060169e+01	4.642813e+02
2.360000e-06	4.169206e-06	7.762405e-09	3.001293e+01	4.602960e+02
2.370000e-06	4.086426e-06	7.716550e-09	2.941702e+01	4.561740e+02
2.380000e-06	4.002697e-06	7.610204e-09	2.881428e+01	4.519046e+02
2.390000e-06	3.917831e-06	7.526210e-09	2.820336e+01	4.474838e+02
2.400000e-06	3.831695e-06	7.474388e-09	2.758328e+01	4.429139e+02
2.410000e-06	3.744383e-06	7.395287e-09	2.695475e+01	4.382002e+02
2.420000e-06	3.656137e-06	7.296053e-09	2.631949e+01	4.333476e+02
2.430000e-06	3.566977e-06	7.205875e-09	2.567765e+01	4.283568e+02
2.440000e-06	3.476879e-06	7.154522e-09	2.502906e+01	4.232223e+02
2.450000e-06	3.385912e-06	7.065783e-09	2.437422e+01	4.179331e+02
2.460000e-06	3.294075e-06	6.949346e-09	2.371311e+01	4.124742e+02
2.470000e-06	3.201246e-06	6.844271e-09	2.304486e+01	4.068306e+02
2.480000e-06	3.107324e-06	6.767026e-09	2.236874e+01	4.009897e+02
2.490000e-06	3.012473e-06	6.669529e-09	2.168594e+01	3.949437e+02
2.500000e-06	2.916803e-06	6.543633e-09	2.099723e+01	3.886889e+02
2.510000e-06	2.820192e-06	6.439095e-09	2.030176e+01	3.822242e+02
2.520000e-06	2.722673e-06	6.346181e-09	1.959975e+01	3.755476e+02
2.530000e-06	2.624428e-06	6.235605e-09	1.889252e+01	3.686534e+02
2.540000e-06	2.525599e-06	6.093657e-09	1.818107e+01	3.615302e+02
2.550000e-06	2.426096e-06	5.966896e-09	1.746478e+01	3.541612e+02
2.560000e-06	2.325790e-06	5.855784e-09	1.674270e+01	3.465255e+02
2.570000e-06	2.224757e-06	5.728528e-09	1.601540e+01	3.386020e+02
2.580000e-06	2.123048e-06	5.577111e-09	1.528322e+01	3.303715e+02
2.590000e-06	2.020603e-06	5.428673e-09	1.454575e+01	3.218196e+02
2.600000e-06	1.917441e-06	5.295382e-09	1.380311e+01	3.129366e+02
2.610000e-06	1.813662e-06	5.142821e-09	1.305604e+01	3.037160e+02
2.620000e-06	1.709388e-06	4.966959e-09	1.230540e+01	2.941512e+02
2.630000e-06	1.604698e-06	4.794361e-09	1.155176e+01	2.842321e+02
2.640000e-06	1.499617e-06	4.637316e-09	1.079532e+01	2.739420e+02
2.650000e-06	1.394190e-06	4.468640e-09	1.003638e+01	2.632569e+02
2.660000e-06	1.288438e-06	4.272451e-09	9.275101e+00	2.521457e+02
2.670000e-06	1.182324e-06	4.068572e-09	8.511213e+00	2.405730e+02
2.680000e-06	1.075895e-06	3.873262e-09	7.745061e+00	2.285018e+02
2.690000e-06	9.692832e-07	3.666360e-09	6.977595e+00	2.158968e+02
2.700000e-06	8.625218e-07	3.435460e-09	6.209050e+00	2.027251e+02
2.710000e-06	7.555810e-07	3.201116e-09	5.439213e+00	1.889568e+02
2.720000e-06	6.484990e-07	2.972844e-09	4.668360e+00	1.745632e+02
2.730000e-06	5.412847e-07	2.729549e-09	3.896555e+00	1.595152e+02
2.740000e-06	4.339467e-07	2.456125e-09	3.123859e+00	1.437832e+02
2.750000e-06	3.266264e-07	2.170935e-09	2.351290e+00	1.273379e+02
2.760000e-06	2.193190e-07	1.885856e-09	1.578815e+00	1.101553e+02
2.770000e-06	1.119159e-07	1.588800e-09	8.056510e-01	9.222298e+01
2.780000e-06	4.459543e-09	1.269173e-09	3.210299e-02	7.354855e+01
2.790000e-06	-1.029871e-07	9.393875e-10	-7.413752e-01	5.416701e+01
2.800000e-06	-2.103832e-07	6.110880e-10	-1.514489e+00	3.414629e+01
2.810000e-06	-3.177307e-07	2.720629e-10	-2.287253e+00	1.358874e+01
2.820000e-06	-4.249864e-07	-8.689976e-11	-3.059357e+00	-7.371803e+00
2.830000e-06	-5.321082e-07	-4.509409e-10	-3.830496e+00	-2.857739e+01
2.840000e-06	-6.391428e-07	-8.058779e-10	-4.601008e+00	-4.985641e+01
2.850000e-06	-7.461025e-07	-1.160146e-09	-5.370980e+00	-7.103547e+01
2.860000e-06	-8.529502e-07	-1.518513e-09	-6.140147e+00	-9.195072e+01
2.870000e-06	-9.595587e-07	-1.870256e-09	-6.907591e+00	-1.124570e+02
2.880000e-06	-1.065888e-06	-2.204698e-09	-7.673026e+00	-1.324336e+02
2.890000e-06	-1.172044e-06	-2.527786e-09	-8.437216e+00	-1.517869e+02
2.900000e-06	-1.277910e-06	-2.847058e-09	-9.199312e+00	-1.704496e+02
2.910000e-06	-1.383377e-06	-3.153289e-09	-9.958540e+00	-1.883783e+02
2.920000e-06	-1.488509e-06	-3.439469e-09	-1.071535e+01	-2.055496e+02
2.930000e-06	-1.593334e-06	-3.712023e-09	-1.146996e+01	-2.219560e+02
2.940000e-06	-1.697756e-06	-3.981092e-09	-1.222166e+01	-2.376028e+02
2.950000e-06	-1.801664e-06	-4.240852e-09	-1.296967e+01	-2.525048e+02
2.960000e-06	-1.905008e-06	-4.482182e-09	-1.371361e+01	-2.666836e+02
2.970000e-06	-2.007706e-06	-4.708955e-09	-1.445291e+01	-2.801654e+02
2.980000e-06	-2.109739e-06	-4.925032e-09	-1.518741e+01	-2.929788e+02
2.990000e-06	-2.211121e-06	-5.130678e-09	-1.591724e+01	-3.051526e+02
3.000000e-06	-2.311796e-06	-5.323621e-09	-1.664196e+01	-3.167146e+02
3.010000e-06	-2.411662e-06	-5.506260e-09	-1.736087e+01	-3.276906e+02
3.020000e-06	-2.510790e-06	-5.684602e-09	-1.807446e+01	-3.381046e+02
3.030000e-06	-2.609238e-06	-5.856433e-09	-1.878317e+01	-3.479793e+02
3.040000e-06	-2.706978e-06	-6.017322e-09	-1.948677e+01	-3.573380e+02
3.050000e-06	-2.804021e-06	-6.164972e-09	-2.018535e+01	-3.662051e+02
3.060000e-06	-2.900329e-06	-6.305318e-09	-2.087864e+01	-3.746079e+02
3.070000e-06	-2.995842e-06	-6.442161e-09	-2.156621e+01	-3.825758e+02
3.080000e-06	-3.090455e-06	-6.569590e-09	-2.224731e+01	-3.901397e+02
3.090000e-06	-3.184098e-06	-6.688058e-09	-2.292142e+01	-3.973306e+02
3.100000e-06	-3.276700e-06	-6.805463e-09	-2.358803e+01	-4.041772e+02
3.110000e-06	-3.368252e-06	-6.921881e-09	-2.424709e+01	-4.107049e+02
3.120000e-06	-3.458829e-06	-7.029855e-09	-2.489913e+01	-4.169349e+02
3.130000e-06	-3.548388e-06	-7.128091e-09	-2.554384e+01	-4.228841e+02
3.140000e-06	-3.637003e-06	-7.223595e-09	-2.618175e+01	-4.285669e+02
3.150000e-06	-3.724715e-06	-7.316378e-09	-2.681317e+01	-4.339959e+02
3.160000e-06	-3.811365e-06	-7.403247e-09	-2.743694e+01	-4.391841e+02
3.170000e-06	-3.896867e-06	-7.484575e-09	-2.805244e+01	-4.441455e+02
3.180000e-06	-3.981181e-06	-7.564577e-09	-2.865939e+01	-4.488950e+02
3.190000e-06	-4.064405e-06	-7.645569e-09	-2.925850e+01	-4.534481e+02
3.200000e-06	-4.146631e-06	-7.722575e-09	-2.985042e+01	-4.578197e+02
3.210000e-06	-4.227808e-06	-7.792576e-09	-3.043479e+01	-4.620233e+02
3.220000e-06	-4.307834e-06	-7.858699e-09	-3.101088e+01	-4.660699e+02
3.230000e-06	-4.386632e-06	-7.924710e-09	-3.157812e+01	-4.699681e+02
3.240000e-06	-4.464103e-06	-7.987463e-09	-3.213581e+01	-4.737251e+02
3.250000e-06	-4.540158e-06	-8.044225e-09	-3.268331e+01	-4.773470e+02
3.260000e-06	-4.614839e-06	-8.101256e-09	-3.322092e+01	-4.808398e+02
3.270000e-06	-4.688209e-06	-8.161010e-09	-3.374908e+01	-4.842098e+02
3.280000e-06	-4.760272e-06	-8.219795e-09	-3.426785e+01	-4.874634e+02
3.290000e-06	-4.830975e-06	-8.273616e-09	-3.477682e+01	-4.906059e+02
3.300000e-06	-4.900187e-06	-8.322987e-09	-3.527505e+01	-4.936413e+02
3.310000e-06	-4.967921e-06	-8.372048e-09	-3.576265e+01	-4.965714e+02
3.320000e-06	-5.034325e-06	-8.417900e-09	-3.624068e+01	-4.993959e+02
3.330000e-06	-5.099384e-06	-8.457969e-09	-3.670902e+01	-5.021139e+02
3.340000e-06	-5.163049e-06	-8.496419e-09	-3.716732e+01	-5.047247e+02
3.350000e-06	-5.225170e-06	-8.539024e-09	-3.761452e+01	-5.072297e+02
3.360000e-06	-5.285603e-06	-8.585293e-09	-3.804956e+01	-5.096331e+02
3.370000e-06	-5.344505e-06	-8.627048e-09	-3.847358e+01	-5.119423e+02
3.380000e-06	-5.402051e-06	-8.664810e-09	-3.888783e+01	-5.141660e+02
3.390000e-06	-5.458047e-06	-8.702966e-09	-3.929093e+01	-5.163127e+02
3.400000e-06	-5.512257e-06	-8.739245e-09	-3.968117e+01	-5.183882e+02
3.410000e-06	-5.564583e-06	-8.770771e-09	-4.005786e+01	-5.203938e+02
3.420000e-06	-5.615057e-06	-8.797783e-09	-4.042120e+01	-5.223258e+02
3.430000e-06	-5.663704e-06	-8.826983e-09	-4.077140e+01	-5.241767e+02
3.440000e-06	-5.710498e-06	-8.857656e-09	-4.110826e+01	-5.259374e+02
3.450000e-06	-5.755719e-06	-8.887813e-09	-4.143379e+01	-5.276005e+02
3.460000e-06	-5.799581e-06	-8.916720e-09	-4.174954e+01	-5.291632e+02
3.470000e-06	-5.842011e-06	-8.943195e-09	-4.205498e+01	-5.306280e+02
3.480000e-06	-5.882941e-06	-8.968338e-09	-4.234962e+01	-5.320036e+02
3.490000e-06	-5.922265e-06	-8.988984e-09	-4.263270e+01	-5.333018e+02
3.500000e-06	-5.959847e-06	-9.007610e-09	-4.290325e+01	-5.345346e+02
3.510000e-06	-5.995729e-06	-9.026754e-09	-4.316155e+01	-5.357112e+02
3.520000e-06	-6.029995e-06	-9.046065e-09	-4.340822e+01	-5.368349e+02
3.530000e-06	-6.062645e-06	-9.063606e-09	-4.364326e+01	-5.379036e+02
3.540000e-06	-6.093580e-06	-9.081033e-09	-4.386595e+01	-5.389106e+02
3.550000e-06	-6.122646e-06	-9.099238e-09	-4.407519e+01	-5.398484e+02
3.560000e-06	-6.150002e-06	-9.115879e-09	-4.427212e+01	-5.407121e+02
3.570000e-06	-6.175760e-06	-9.130234e-09	-4.445755e+01	-5.415021e+02
3.580000e-06	-6.199887e-06	-9.141794e-09	-4.463123e+01	-5.422254e+02
3.590000e-06	-6.222223e-06	-9.154699e-09	-4.479202e+01	-5.428932e+02
3.600000e-06	-6.242683e-06	-9.168463e-09	-4.493931e+01	-5.435179e+02
3.610000e-06	-6.261487e-06	-9.178836e-09	-4.507467e+01	-5.441086e+02
3.620000e-06	-6.278673e-06	-9.187299e-09	-4.519838e+01	-5.446668e+02
3.630000e-06	-6.294098e-06	-9.196416e-09	-4.530942e+01	-5.451853e+02
3.640000e-06	-6.307443e-06	-9.204664e-09	-4.540549e+01	-5.456495e+02
3.650000e-06	-6.318729e-06	-9.210015e-09	-4.548674e+01	-5.460411e+02
3.660000e-06	-6.328240e-06	-9.213092e-09	-4.555520e+01	-5.463445e+02
3.670000e-06	-6.336045e-06	-9.218381e-09	-4.561139e+01	-5.465521e+02
3.680000e-06	-6.342003e-06	-9.224220e-09	-4.565428e+01	-5.466679e+02
3.690000e-06	-6.346052e-06	-9.226049e-09	-4.568342e+01	-5.467071e+02
3.700000e-06	-6.348368e-06	-9.226531e-09	-4.570010e+01	-5.466927e+02
3.710000e-06	-6.348997e-06	-9.228940e-09	-4.570463e+01	-5.466483e+02
