# Temperatura_=_20.0
# Concentracion g/m^3_=_9000.0
# C_Vs_to_Am_M_A/Vsm_=_59384043850.047264
# pendiente_HvsI_1/m_=_3716.3
# ordenada_HvsI_A/m_=_1297.0
# frecuencia_Hz_=_269367.0922484454

Tiempo_(s)	Campo_(V.s)	Magnetizacion_(V.s)	Campo_(kA/m)	Magnetizacion_(A/m)
0.000000e+00	-6.366428e-06	-9.198137e-09	-4.569884e+01	-5.446243e+02
1.000000e-08	-6.364882e-06	-9.193283e-09	-4.568774e+01	-5.445740e+02
2.000000e-08	-6.361458e-06	-9.189997e-09	-4.566316e+01	-5.445194e+02
3.000000e-08	-6.356409e-06	-9.184950e-09	-4.562692e+01	-5.444346e+02
4.000000e-08	-6.349833e-06	-9.178013e-09	-4.557972e+01	-5.442840e+02
5.000000e-08	-6.341723e-06	-9.174399e-09	-4.552150e+01	-5.440326e+02
6.000000e-08	-6.331709e-06	-9.174071e-09	-4.544962e+01	-5.436572e+02
7.000000e-08	-6.319664e-06	-9.181575e-09	-4.536316e+01	-5.431543e+02
8.000000e-08	-6.305685e-06	-9.183814e-09	-4.526282e+01	-5.425429e+02
9.000000e-08	-6.289400e-06	-9.107833e-09	-4.514592e+01	-5.418605e+02
1.000000e-07	-6.270829e-06	-9.046579e-09	-4.501261e+01	-5.411529e+02
1.100000e-07	-6.250385e-06	-9.065782e-09	-4.486587e+01	-5.404621e+02
1.200000e-07	-6.228233e-06	-9.085217e-09	-4.470686e+01	-5.398136e+02
1.300000e-07	-6.204756e-06	-9.185632e-09	-4.453834e+01	-5.392083e+02
1.400000e-07	-6.180116e-06	-9.141671e-09	-4.436147e+01	-5.386214e+02
1.500000e-07	-6.153757e-06	-8.958312e-09	-4.417226e+01	-5.380074e+02
1.600000e-07	-6.125753e-06	-9.099115e-09	-4.397125e+01	-5.373115e+02
1.700000e-07	-6.096349e-06	-9.111477e-09	-4.376018e+01	-5.364833e+02
1.800000e-07	-6.065200e-06	-8.931902e-09	-4.353659e+01	-5.354893e+02
1.900000e-07	-6.032499e-06	-8.974218e-09	-4.330186e+01	-5.343208e+02
2.000000e-07	-5.998224e-06	-8.912985e-09	-4.305583e+01	-5.329954e+02
2.100000e-07	-5.962167e-06	-8.933299e-09	-4.279701e+01	-5.315509e+02
2.200000e-07	-5.924487e-06	-9.030549e-09	-4.252654e+01	-5.300352e+02
2.300000e-07	-5.885156e-06	-8.872611e-09	-4.224422e+01	-5.284928e+02
2.400000e-07	-5.843997e-06	-8.808406e-09	-4.194877e+01	-5.269541e+02
2.500000e-07	-5.800984e-06	-8.861212e-09	-4.164002e+01	-5.254285e+02
2.600000e-07	-5.756275e-06	-8.837097e-09	-4.131910e+01	-5.239033e+02
2.700000e-07	-5.709992e-06	-8.803716e-09	-4.098687e+01	-5.223489e+02
2.800000e-07	-5.662040e-06	-8.709983e-09	-4.064267e+01	-5.207278e+02
2.900000e-07	-5.612003e-06	-8.724235e-09	-4.028350e+01	-5.190047e+02
3.000000e-07	-5.559883e-06	-8.779079e-09	-3.990938e+01	-5.171553e+02
3.100000e-07	-5.506038e-06	-8.679231e-09	-3.952287e+01	-5.151702e+02
3.200000e-07	-5.450690e-06	-8.572019e-09	-3.912558e+01	-5.130555e+02
3.300000e-07	-5.393746e-06	-8.567080e-09	-3.871683e+01	-5.108276e+02
3.400000e-07	-5.335013e-06	-8.606633e-09	-3.829524e+01	-5.085068e+02
3.500000e-07	-5.274691e-06	-8.515085e-09	-3.786224e+01	-5.061101e+02
3.600000e-07	-5.212927e-06	-8.434125e-09	-3.741890e+01	-5.036460e+02
3.700000e-07	-5.149729e-06	-8.440031e-09	-3.696526e+01	-5.011126e+02
3.800000e-07	-5.084985e-06	-8.404814e-09	-3.650052e+01	-4.984993e+02
3.900000e-07	-5.018487e-06	-8.351768e-09	-3.602318e+01	-4.957908e+02
4.000000e-07	-4.950431e-06	-8.270370e-09	-3.553467e+01	-4.929719e+02
4.100000e-07	-4.881061e-06	-8.228810e-09	-3.503673e+01	-4.900321e+02
4.200000e-07	-4.810453e-06	-8.217978e-09	-3.452990e+01	-4.869677e+02
4.300000e-07	-4.738599e-06	-8.150882e-09	-3.401412e+01	-4.837815e+02
4.400000e-07	-4.665260e-06	-8.068671e-09	-3.348769e+01	-4.804804e+02
4.500000e-07	-4.590305e-06	-8.014569e-09	-3.294965e+01	-4.770723e+02
4.600000e-07	-4.513906e-06	-7.983590e-09	-3.240125e+01	-4.735624e+02
4.700000e-07	-4.436235e-06	-7.916606e-09	-3.184372e+01	-4.699515e+02
4.800000e-07	-4.357223e-06	-7.830297e-09	-3.127657e+01	-4.662358e+02
4.900000e-07	-4.276751e-06	-7.772976e-09	-3.069893e+01	-4.624085e+02
5.000000e-07	-4.194960e-06	-7.721375e-09	-3.011183e+01	-4.584616e+02
5.100000e-07	-4.112120e-06	-7.653334e-09	-2.951719e+01	-4.543886e+02
5.200000e-07	-4.028364e-06	-7.560220e-09	-2.891599e+01	-4.501854e+02
5.300000e-07	-3.943664e-06	-7.488057e-09	-2.830800e+01	-4.458504e+02
5.400000e-07	-3.858001e-06	-7.433014e-09	-2.769310e+01	-4.413829e+02
5.500000e-07	-3.771411e-06	-7.350600e-09	-2.707155e+01	-4.367817e+02
5.600000e-07	-3.683895e-06	-7.255202e-09	-2.644336e+01	-4.320426e+02
5.700000e-07	-3.595334e-06	-7.176437e-09	-2.580766e+01	-4.271582e+02
5.800000e-07	-3.505583e-06	-7.111205e-09	-2.516341e+01	-4.221183e+02
5.900000e-07	-3.414720e-06	-7.018639e-09	-2.451119e+01	-4.169114e+02
6.000000e-07	-3.322907e-06	-6.910344e-09	-2.385215e+01	-4.115269e+02
6.100000e-07	-3.230183e-06	-6.817813e-09	-2.318656e+01	-4.059570e+02
6.200000e-07	-3.136557e-06	-6.732907e-09	-2.251451e+01	-4.001972e+02
6.300000e-07	-3.042125e-06	-6.629854e-09	-2.183667e+01	-3.942458e+02
6.400000e-07	-2.946946e-06	-6.510707e-09	-2.115346e+01	-3.881023e+02
6.500000e-07	-2.850902e-06	-6.410679e-09	-2.046405e+01	-3.817643e+02
6.600000e-07	-2.753815e-06	-6.318088e-09	-1.976715e+01	-3.752253e+02
6.700000e-07	-2.655703e-06	-6.203225e-09	-1.906290e+01	-3.684741e+02
6.800000e-07	-2.556683e-06	-6.069532e-09	-1.835212e+01	-3.614940e+02
6.900000e-07	-2.456926e-06	-5.945218e-09	-1.763605e+01	-3.542656e+02
7.000000e-07	-2.356472e-06	-5.829729e-09	-1.691498e+01	-3.467686e+02
7.100000e-07	-2.255319e-06	-5.694516e-09	-1.618889e+01	-3.389851e+02
7.200000e-07	-2.153587e-06	-5.543651e-09	-1.545866e+01	-3.309008e+02
7.300000e-07	-2.051257e-06	-5.402219e-09	-1.472412e+01	-3.225057e+02
7.400000e-07	-1.948301e-06	-5.270234e-09	-1.398509e+01	-3.137927e+02
7.500000e-07	-1.844744e-06	-5.121247e-09	-1.324175e+01	-3.047550e+02
7.600000e-07	-1.740698e-06	-4.954066e-09	-1.249490e+01	-2.953831e+02
7.700000e-07	-1.636227e-06	-4.788906e-09	-1.174500e+01	-2.856628e+02
7.800000e-07	-1.531298e-06	-4.625679e-09	-1.099180e+01	-2.755738e+02
7.900000e-07	-1.425867e-06	-4.447522e-09	-1.023501e+01	-2.650906e+02
8.000000e-07	-1.319944e-06	-4.252307e-09	-9.474686e+00	-2.541836e+02
8.100000e-07	-1.213527e-06	-4.058228e-09	-8.710815e+00	-2.428221e+02
8.200000e-07	-1.106698e-06	-3.866572e-09	-7.943982e+00	-2.309755e+02
8.300000e-07	-9.995789e-07	-3.660165e-09	-7.175074e+00	-2.186145e+02
8.400000e-07	-8.922429e-07	-3.437231e-09	-6.404606e+00	-2.057107e+02
8.500000e-07	-7.847265e-07	-3.209212e-09	-5.632843e+00	-1.922345e+02
8.600000e-07	-6.770152e-07	-2.977579e-09	-4.859680e+00	-1.781536e+02
8.700000e-07	-5.692051e-07	-2.731718e-09	-4.085809e+00	-1.634322e+02
8.800000e-07	-4.613168e-07	-2.465601e-09	-3.311376e+00	-1.480313e+02
8.900000e-07	-3.533180e-07	-2.187550e-09	-2.536151e+00	-1.319128e+02
9.000000e-07	-2.452362e-07	-1.903866e-09	-1.760329e+00	-1.150448e+02
9.100000e-07	-1.371467e-07	-1.608431e-09	-9.844525e-01	-9.740944e+01
9.200000e-07	-2.905610e-08	-1.295653e-09	-2.085675e-01	-7.901046e+01
9.300000e-07	7.907057e-08	-9.721173e-10	5.675762e-01	-5.987978e+01
9.400000e-07	1.871977e-07	-6.463193e-10	1.343723e+00	-4.008146e+01
9.500000e-07	2.953391e-07	-3.087465e-10	2.119972e+00	-1.971200e+01
9.600000e-07	4.034366e-07	4.684973e-11	2.895907e+00	1.102978e+00
9.700000e-07	5.114245e-07	4.081366e-10	3.671055e+00	2.221543e+01
9.800000e-07	6.193194e-07	7.655132e-10	4.445534e+00	4.346359e+01
9.900000e-07	7.271094e-07	1.120327e-09	5.219262e+00	6.468159e+01
1.000000e-06	8.347149e-07	1.475344e-09	5.991665e+00	8.570864e+01
1.010000e-06	9.420828e-07	1.823637e-09	6.762361e+00	1.063967e+02
1.020000e-06	1.049247e-06	2.156173e-09	7.531595e+00	1.266160e+02
1.030000e-06	1.156166e-06	2.479198e-09	8.299072e+00	1.462591e+02
1.040000e-06	1.262703e-06	2.799981e-09	9.063808e+00	1.652417e+02
1.050000e-06	1.368718e-06	3.110708e-09	9.824787e+00	1.835034e+02
1.060000e-06	1.474238e-06	3.403141e-09	1.058222e+01	2.010059e+02
1.070000e-06	1.579350e-06	3.679690e-09	1.133673e+01	2.177309e+02
1.080000e-06	1.684018e-06	3.947254e-09	1.208805e+01	2.336774e+02
1.090000e-06	1.788221e-06	4.203344e-09	1.283602e+01	2.488577e+02
1.100000e-06	1.891920e-06	4.443273e-09	1.358039e+01	2.632942e+02
1.110000e-06	1.995094e-06	4.670508e-09	1.432097e+01	2.770152e+02
1.120000e-06	2.097728e-06	4.890356e-09	1.505769e+01	2.900518e+02
1.130000e-06	2.199789e-06	5.100549e-09	1.579030e+01	3.024351e+02
1.140000e-06	2.301241e-06	5.296576e-09	1.651853e+01	3.141948e+02
1.150000e-06	2.402017e-06	5.477846e-09	1.724191e+01	3.253585e+02
1.160000e-06	2.502156e-06	5.651948e-09	1.796072e+01	3.359524e+02
1.170000e-06	2.601657e-06	5.823309e-09	1.867494e+01	3.460016e+02
1.180000e-06	2.700318e-06	5.985186e-09	1.938314e+01	3.555314e+02
1.190000e-06	2.797903e-06	6.135869e-09	2.008362e+01	3.645681e+02
1.200000e-06	2.894402e-06	6.279228e-09	2.077630e+01	3.731383e+02
1.210000e-06	2.990046e-06	6.418172e-09	2.146284e+01	3.812691e+02
1.220000e-06	3.084889e-06	6.547381e-09	2.214363e+01	3.889868e+02
1.230000e-06	3.178854e-06	6.664915e-09	2.281812e+01	3.963167e+02
1.240000e-06	3.271954e-06	6.778864e-09	2.348640e+01	4.032818e+02
1.250000e-06	3.364262e-06	6.891904e-09	2.414900e+01	4.099038e+02
1.260000e-06	3.455797e-06	6.998505e-09	2.480604e+01	4.162030e+02
1.270000e-06	3.546324e-06	7.095289e-09	2.545586e+01	4.221996e+02
1.280000e-06	3.635546e-06	7.188377e-09	2.609630e+01	4.279138e+02
1.290000e-06	3.723563e-06	7.283038e-09	2.672810e+01	4.333663e+02
1.300000e-06	3.810619e-06	7.373739e-09	2.735300e+01	4.385774e+02
1.310000e-06	3.896713e-06	7.455306e-09	2.797098e+01	4.435666e+02
1.320000e-06	3.981829e-06	7.532162e-09	2.858195e+01	4.483511e+02
1.330000e-06	4.065975e-06	7.609939e-09	2.918597e+01	4.529449e+02
1.340000e-06	4.149119e-06	7.685341e-09	2.978278e+01	4.573592e+02
1.350000e-06	4.231097e-06	7.753137e-09	3.037123e+01	4.616025e+02
1.360000e-06	4.311799e-06	7.817400e-09	3.095051e+01	4.656822e+02
1.370000e-06	4.391262e-06	7.885334e-09	3.152090e+01	4.696059e+02
1.380000e-06	4.469504e-06	7.952857e-09	3.208254e+01	4.733827e+02
1.390000e-06	4.546569e-06	8.013516e-09	3.263571e+01	4.770231e+02
1.400000e-06	4.622384e-06	8.070589e-09	3.317992e+01	4.805385e+02
1.410000e-06	4.696746e-06	8.127188e-09	3.371370e+01	4.839393e+02
1.420000e-06	4.769573e-06	8.182717e-09	3.423645e+01	4.872331e+02
1.430000e-06	4.841012e-06	8.234958e-09	3.474925e+01	4.904233e+02
1.440000e-06	4.911100e-06	8.284650e-09	3.525235e+01	4.935082e+02
1.450000e-06	4.979805e-06	8.337146e-09	3.574552e+01	4.964829e+02
1.460000e-06	5.047256e-06	8.390586e-09	3.622969e+01	4.993410e+02
1.470000e-06	5.113178e-06	8.438876e-09	3.670289e+01	5.020782e+02
1.480000e-06	5.177478e-06	8.481579e-09	3.716444e+01	5.046944e+02
1.490000e-06	5.240387e-06	8.523886e-09	3.761600e+01	5.071958e+02
1.500000e-06	5.301899e-06	8.565834e-09	3.805754e+01	5.095940e+02
1.510000e-06	5.362084e-06	8.603516e-09	3.848956e+01	5.119037e+02
1.520000e-06	5.420795e-06	8.639277e-09	3.891099e+01	5.141390e+02
1.530000e-06	5.477747e-06	8.676585e-09	3.931979e+01	5.163096e+02
1.540000e-06	5.533028e-06	8.714870e-09	3.971661e+01	5.184175e+02
1.550000e-06	5.586732e-06	8.749176e-09	4.010210e+01	5.204567e+02
1.560000e-06	5.638647e-06	8.779761e-09	4.047476e+01	5.224150e+02
1.570000e-06	5.688512e-06	8.811855e-09	4.083269e+01	5.242775e+02
1.580000e-06	5.736433e-06	8.843374e-09	4.117667e+01	5.260320e+02
1.590000e-06	5.782716e-06	8.870655e-09	4.150890e+01	5.276732e+02
1.600000e-06	5.827462e-06	8.896983e-09	4.183008e+01	5.292055e+02
1.610000e-06	5.870623e-06	8.923707e-09	4.213990e+01	5.306420e+02
1.620000e-06	5.911887e-06	8.948871e-09	4.243610e+01	5.320017e+02
1.630000e-06	5.951459e-06	8.968387e-09	4.272015e+01	5.333038e+02
1.640000e-06	5.989597e-06	8.985703e-09	4.299390e+01	5.345629e+02
1.650000e-06	6.026168e-06	9.005762e-09	4.325642e+01	5.357838e+02
1.660000e-06	6.061123e-06	9.026472e-09	4.350733e+01	5.369611e+02
1.670000e-06	6.094183e-06	9.045872e-09	4.374464e+01	5.380812e+02
1.680000e-06	6.125498e-06	9.063731e-09	4.396942e+01	5.391270e+02
1.690000e-06	6.155341e-06	9.081686e-09	4.418363e+01	5.400841e+02
1.700000e-06	6.183645e-06	9.097188e-09	4.438680e+01	5.409467e+02
1.710000e-06	6.210200e-06	9.108104e-09	4.457742e+01	5.417201e+02
1.720000e-06	6.234799e-06	9.115676e-09	4.475399e+01	5.424199e+02
1.730000e-06	6.257602e-06	9.123486e-09	4.491767e+01	5.430677e+02
1.740000e-06	6.278830e-06	9.132312e-09	4.507005e+01	5.436845e+02
1.750000e-06	6.298581e-06	9.141217e-09	4.521182e+01	5.442831e+02
1.760000e-06	6.316584e-06	9.150762e-09	4.534105e+01	5.448641e+02
1.770000e-06	6.332680e-06	9.163157e-09	4.545659e+01	5.454145e+02
1.780000e-06	6.346946e-06	9.176316e-09	4.555900e+01	5.459110e+02
1.790000e-06	6.359306e-06	9.183361e-09	4.564772e+01	5.463271e+02
1.800000e-06	6.369572e-06	9.183462e-09	4.572140e+01	5.466416e+02
1.810000e-06	6.377795e-06	9.181919e-09	4.578043e+01	5.468453e+02
1.820000e-06	6.384292e-06	9.180166e-09	4.582707e+01	5.469455e+02
1.830000e-06	6.389157e-06	9.178828e-09	4.586199e+01	5.469641e+02
1.840000e-06	6.392280e-06	9.178824e-09	4.588440e+01	5.469317e+02
1.850000e-06	6.393422e-06	9.179858e-09	4.589260e+01	5.468788e+02
1.860000e-06	6.392727e-06	9.184362e-09	4.588761e+01	5.468256e+02
1.870000e-06	6.390392e-06	9.190679e-09	4.587085e+01	5.467755e+02
1.880000e-06	6.386476e-06	9.187658e-09	4.584274e+01	5.467130e+02
1.890000e-06	6.380783e-06	9.180408e-09	4.580188e+01	5.466077e+02
1.900000e-06	6.373189e-06	9.174940e-09	4.574737e+01	5.464228e+02
1.910000e-06	6.363994e-06	9.166600e-09	4.568137e+01	5.461265e+02
1.920000e-06	6.353240e-06	9.144603e-09	4.560417e+01	5.457023e+02
1.930000e-06	6.340690e-06	9.110842e-09	4.551408e+01	5.451551e+02
1.940000e-06	6.326100e-06	9.189895e-09	4.540936e+01	5.445118e+02
1.950000e-06	6.309146e-06	9.243207e-09	4.528766e+01	5.438143e+02
1.960000e-06	6.289630e-06	9.199168e-09	4.514757e+01	5.431085e+02
1.970000e-06	6.267734e-06	9.123462e-09	4.499040e+01	5.424316e+02
1.980000e-06	6.244291e-06	8.950353e-09	4.482212e+01	5.418003e+02
1.990000e-06	6.220218e-06	9.094851e-09	4.464933e+01	5.412060e+02
2.000000e-06	6.195062e-06	9.215857e-09	4.446876e+01	5.406148e+02
2.010000e-06	6.168096e-06	8.948316e-09	4.427519e+01	5.399764e+02
2.020000e-06	6.139831e-06	9.045639e-09	4.407230e+01	5.392359e+02
2.030000e-06	6.109891e-06	9.138431e-09	4.385739e+01	5.383479e+02
2.040000e-06	6.077487e-06	8.992361e-09	4.362479e+01	5.372879e+02
2.050000e-06	6.043508e-06	9.111256e-09	4.338088e+01	5.360570e+02
2.060000e-06	6.008285e-06	8.956667e-09	4.312805e+01	5.346815e+02
2.070000e-06	5.971381e-06	8.808168e-09	4.286315e+01	5.332043e+02
2.080000e-06	5.932709e-06	9.038427e-09	4.258556e+01	5.316737e+02
2.090000e-06	5.892089e-06	8.942189e-09	4.229399e+01	5.301300e+02
2.100000e-06	5.849894e-06	8.855143e-09	4.199110e+01	5.285961e+02
2.110000e-06	5.806288e-06	8.866334e-09	4.167810e+01	5.270730e+02
2.120000e-06	5.760751e-06	8.813857e-09	4.135122e+01	5.255407e+02
2.130000e-06	5.713676e-06	8.925530e-09	4.101332e+01	5.239656e+02
2.140000e-06	5.665136e-06	8.732925e-09	4.066489e+01	5.223097e+02
2.150000e-06	5.614763e-06	8.650540e-09	4.030331e+01	5.205411e+02
2.160000e-06	5.562560e-06	8.811123e-09	3.992860e+01	5.186408e+02
2.170000e-06	5.508311e-06	8.749689e-09	3.953919e+01	5.166055e+02
2.180000e-06	5.452358e-06	8.663910e-09	3.913755e+01	5.144458e+02
2.190000e-06	5.394853e-06	8.544396e-09	3.872478e+01	5.121805e+02
2.200000e-06	5.335769e-06	8.624897e-09	3.830067e+01	5.098295e+02
2.210000e-06	5.275262e-06	8.623566e-09	3.786634e+01	5.074068e+02
2.220000e-06	5.213065e-06	8.433100e-09	3.741989e+01	5.049173e+02
2.230000e-06	5.149189e-06	8.453213e-09	3.696137e+01	5.023553e+02
2.240000e-06	5.083709e-06	8.420643e-09	3.649135e+01	4.997080e+02
2.250000e-06	5.016808e-06	8.410938e-09	3.601113e+01	4.969595e+02
2.260000e-06	4.948725e-06	8.305849e-09	3.552243e+01	4.940959e+02
2.270000e-06	4.879009e-06	8.203098e-09	3.502200e+01	4.911092e+02
2.280000e-06	4.807581e-06	8.257851e-09	3.450928e+01	4.879983e+02
2.290000e-06	4.734819e-06	8.181279e-09	3.398699e+01	4.847679e+02
2.300000e-06	4.660891e-06	8.116808e-09	3.345632e+01	4.814256e+02
2.310000e-06	4.585661e-06	8.018981e-09	3.291632e+01	4.779787e+02
2.320000e-06	4.508894e-06	7.994386e-09	3.236528e+01	4.744308e+02
2.330000e-06	4.430600e-06	7.966258e-09	3.180328e+01	4.707811e+02
2.340000e-06	4.350953e-06	7.840235e-09	3.123156e+01	4.670243e+02
2.350000e-06	4.270160e-06	7.784953e-09	3.065162e+01	4.631528e+02
2.360000e-06	4.188242e-06	7.728816e-09	3.006360e+01	4.591591e+02
2.370000e-06	4.105358e-06	7.706232e-09	2.946866e+01	4.550374e+02
2.380000e-06	4.021536e-06	7.591771e-09	2.886697e+01	4.507846e+02
2.390000e-06	3.936556e-06	7.486686e-09	2.825698e+01	4.463997e+02
2.400000e-06	3.850294e-06	7.454272e-09	2.763778e+01	4.418822e+02
2.410000e-06	3.762823e-06	7.386979e-09	2.700991e+01	4.372297e+02
2.420000e-06	3.674418e-06	7.293733e-09	2.637533e+01	4.324369e+02
2.430000e-06	3.585097e-06	7.174955e-09	2.573417e+01	4.274953e+02
2.440000e-06	3.494870e-06	7.124221e-09	2.508652e+01	4.223939e+02
2.450000e-06	3.403775e-06	7.053268e-09	2.443263e+01	4.171213e+02
2.460000e-06	3.311760e-06	6.937576e-09	2.377214e+01	4.116678e+02
2.470000e-06	3.218742e-06	6.824871e-09	2.310444e+01	4.060268e+02
2.480000e-06	3.124553e-06	6.743662e-09	2.242834e+01	4.001951e+02
2.490000e-06	3.029379e-06	6.669968e-09	2.174517e+01	3.941716e+02
2.500000e-06	2.933406e-06	6.541787e-09	2.105627e+01	3.879553e+02
2.510000e-06	2.836540e-06	6.418623e-09	2.036096e+01	3.815427e+02
2.520000e-06	2.738810e-06	6.323323e-09	1.965944e+01	3.749256e+02
2.530000e-06	2.640406e-06	6.227612e-09	1.895309e+01	3.680905e+02
2.540000e-06	2.541409e-06	6.090866e-09	1.824248e+01	3.610194e+02
2.550000e-06	2.441722e-06	5.951423e-09	1.752691e+01	3.536924e+02
2.560000e-06	2.341258e-06	5.841086e-09	1.680577e+01	3.460897e+02
2.570000e-06	2.239957e-06	5.726821e-09	1.607863e+01	3.381946e+02
2.580000e-06	2.137904e-06	5.577080e-09	1.534609e+01	3.299945e+02
2.590000e-06	2.035129e-06	5.414778e-09	1.460835e+01	3.214807e+02
2.600000e-06	1.931628e-06	5.280598e-09	1.386541e+01	3.126466e+02
2.610000e-06	1.827555e-06	5.142417e-09	1.311837e+01	3.034847e+02
2.620000e-06	1.723011e-06	4.972585e-09	1.236794e+01	2.939839e+02
2.630000e-06	1.618013e-06	4.789419e-09	1.161426e+01	2.841278e+02
2.640000e-06	1.512635e-06	4.626411e-09	1.085784e+01	2.738940e+02
2.650000e-06	1.406897e-06	4.465762e-09	1.009884e+01	2.632552e+02
2.660000e-06	1.300766e-06	4.275060e-09	9.337025e+00	2.521812e+02
2.670000e-06	1.194306e-06	4.066178e-09	8.572841e+00	2.406411e+02
2.680000e-06	1.087612e-06	3.867707e-09	7.806983e+00	2.286048e+02
2.690000e-06	9.807163e-07	3.670255e-09	7.039677e+00	2.160434e+02
2.700000e-06	8.735965e-07	3.445861e-09	6.270760e+00	2.029283e+02
2.710000e-06	7.663262e-07	3.204636e-09	5.500764e+00	1.892291e+02
2.720000e-06	6.589438e-07	2.968831e-09	4.729963e+00	1.749122e+02
2.730000e-06	5.514120e-07	2.731874e-09	3.958089e+00	1.599403e+02
2.740000e-06	4.437549e-07	2.466341e-09	3.185315e+00	1.442744e+02
2.750000e-06	3.360184e-07	2.176748e-09	2.411973e+00	1.278778e+02
2.760000e-06	2.282486e-07	1.888774e-09	1.638390e+00	1.107229e+02
2.770000e-06	1.204618e-07	1.599133e-09	8.646865e-01	9.279916e+01
2.780000e-06	1.267266e-08	1.285198e-09	9.096559e-02	7.412016e+01
2.790000e-06	-9.506522e-08	9.489221e-10	-6.823873e-01	5.472961e+01
2.800000e-06	-2.027666e-07	6.127668e-10	-1.455478e+00	3.470392e+01
2.810000e-06	-3.104246e-07	2.781202e-10	-2.228258e+00	1.415108e+01
2.820000e-06	-4.180182e-07	-7.351176e-11	-3.000575e+00	-6.793964e+00
2.830000e-06	-5.255513e-07	-4.394124e-10	-3.772458e+00	-2.797691e+01
2.840000e-06	-6.329851e-07	-7.991964e-10	-4.543628e+00	-4.923333e+01
2.850000e-06	-7.403179e-07	-1.149127e-09	-5.314074e+00	-7.039825e+01
2.860000e-06	-8.474812e-07	-1.501496e-09	-6.083302e+00	-9.131484e+01
2.870000e-06	-9.544531e-07	-1.857592e-09	-6.851157e+00	-1.118414e+02
2.880000e-06	-1.061161e-06	-2.199376e-09	-7.617119e+00	-1.318562e+02
2.890000e-06	-1.167585e-06	-2.519596e-09	-8.381039e+00	-1.512604e+02
2.900000e-06	-1.273799e-06	-2.832799e-09	-9.143453e+00	-1.699788e+02
2.910000e-06	-1.379677e-06	-3.142922e-09	-9.903456e+00	-1.879593e+02
2.920000e-06	-1.485185e-06	-3.437525e-09	-1.066080e+01	-2.051716e+02
2.930000e-06	-1.590339e-06	-3.709939e-09	-1.141561e+01	-2.216042e+02
2.940000e-06	-1.695043e-06	-3.972977e-09	-1.216718e+01	-2.372616e+02
2.950000e-06	-1.799258e-06	-4.233246e-09	-1.291524e+01	-2.521602e+02
2.960000e-06	-1.903023e-06	-4.478049e-09	-1.366008e+01	-2.663250e+02
2.970000e-06	-2.006270e-06	-4.702473e-09	-1.440120e+01	-2.797859e+02
2.980000e-06	-2.108802e-06	-4.915968e-09	-1.513719e+01	-2.925741e+02
2.990000e-06	-2.210453e-06	-5.125948e-09	-1.586685e+01	-3.047204e+02
3.000000e-06	-2.311269e-06	-5.325149e-09	-1.659051e+01	-3.162537e+02
3.010000e-06	-2.411411e-06	-5.507067e-09	-1.730934e+01	-3.272009e+02
3.020000e-06	-2.510867e-06	-5.679372e-09	-1.802325e+01	-3.375878e+02
3.030000e-06	-2.609616e-06	-5.849863e-09	-1.873208e+01	-3.474395e+02
3.040000e-06	-2.707649e-06	-6.013743e-09	-1.943577e+01	-3.567815e+02
3.050000e-06	-2.804900e-06	-6.160698e-09	-2.013384e+01	-3.656403e+02
3.060000e-06	-2.901402e-06	-6.298751e-09	-2.082655e+01	-3.740428e+02
3.070000e-06	-2.997214e-06	-6.438505e-09	-2.151429e+01	-3.820158e+02
3.080000e-06	-3.092276e-06	-6.571540e-09	-2.219665e+01	-3.895855e+02
3.090000e-06	-3.186366e-06	-6.689370e-09	-2.287204e+01	-3.967762e+02
3.100000e-06	-3.279273e-06	-6.801136e-09	-2.353894e+01	-4.036104e+02
3.110000e-06	-3.371128e-06	-6.915745e-09	-2.419828e+01	-4.101092e+02
3.120000e-06	-3.462070e-06	-7.024299e-09	-2.485107e+01	-4.162928e+02
3.130000e-06	-3.552028e-06	-7.121609e-09	-2.549680e+01	-4.221814e+02
3.140000e-06	-3.640961e-06	-7.213658e-09	-2.613517e+01	-4.277952e+02
3.150000e-06	-3.728945e-06	-7.307204e-09	-2.676673e+01	-4.331550e+02
3.160000e-06	-3.816018e-06	-7.398059e-09	-2.739175e+01	-4.382809e+02
3.170000e-06	-3.901912e-06	-7.478640e-09	-2.800830e+01	-4.431917e+02
3.180000e-06	-3.986503e-06	-7.553386e-09	-2.861551e+01	-4.479034e+02
3.190000e-06	-4.070003e-06	-7.631412e-09	-2.921488e+01	-4.524290e+02
3.200000e-06	-4.152521e-06	-7.708815e-09	-2.980720e+01	-4.567785e+02
3.210000e-06	-4.233979e-06	-7.778323e-09	-3.039191e+01	-4.609598e+02
3.220000e-06	-4.314366e-06	-7.842988e-09	-3.096894e+01	-4.649803e+02
3.230000e-06	-4.393649e-06	-7.910289e-09	-3.153803e+01	-4.688479e+02
3.240000e-06	-4.471497e-06	-7.976628e-09	-3.209684e+01	-4.725725e+02
3.250000e-06	-4.547728e-06	-8.034636e-09	-3.264403e+01	-4.761649e+02
3.260000e-06	-4.622569e-06	-8.088800e-09	-3.318125e+01	-4.796364e+02
3.270000e-06	-4.696133e-06	-8.148400e-09	-3.370929e+01	-4.829967e+02
3.280000e-06	-4.768408e-06	-8.208594e-09	-3.422809e+01	-4.862517e+02
3.290000e-06	-4.839415e-06	-8.261974e-09	-3.473779e+01	-4.894030e+02
3.300000e-06	-4.908949e-06	-8.309180e-09	-3.523691e+01	-4.924475e+02
3.310000e-06	-4.976998e-06	-8.355922e-09	-3.572537e+01	-4.953795e+02
3.320000e-06	-5.043716e-06	-8.402816e-09	-3.620428e+01	-4.981928e+02
3.330000e-06	-5.109070e-06	-8.445233e-09	-3.667340e+01	-5.008845e+02
3.340000e-06	-5.173046e-06	-8.483421e-09	-3.713262e+01	-5.034568e+02
3.350000e-06	-5.235439e-06	-8.524628e-09	-3.758049e+01	-5.059181e+02
3.360000e-06	-5.296094e-06	-8.571565e-09	-3.801588e+01	-5.082816e+02
3.370000e-06	-5.355246e-06	-8.612578e-09	-3.844047e+01	-5.105621e+02
3.380000e-06	-5.413010e-06	-8.648518e-09	-3.885511e+01	-5.127726e+02
3.390000e-06	-5.469307e-06	-8.684603e-09	-3.925921e+01	-5.149200e+02
3.400000e-06	-5.523961e-06	-8.722005e-09	-3.965152e+01	-5.170035e+02
3.410000e-06	-5.576727e-06	-8.755132e-09	-4.003029e+01	-5.190143e+02
3.420000e-06	-5.627609e-06	-8.780213e-09	-4.039552e+01	-5.209386e+02
3.430000e-06	-5.676650e-06	-8.806635e-09	-4.074754e+01	-5.227619e+02
3.440000e-06	-5.723741e-06	-8.837563e-09	-4.108557e+01	-5.244743e+02
3.450000e-06	-5.769201e-06	-8.869396e-09	-4.141188e+01	-5.260739e+02
3.460000e-06	-5.813288e-06	-8.896558e-09	-4.172835e+01	-5.275685e+02
3.470000e-06	-5.855907e-06	-8.919210e-09	-4.203426e+01	-5.289740e+02
3.480000e-06	-5.897041e-06	-8.943400e-09	-4.232953e+01	-5.303102e+02
3.490000e-06	-5.936664e-06	-8.965063e-09	-4.261395e+01	-5.315952e+02
3.500000e-06	-5.974496e-06	-8.981840e-09	-4.288551e+01	-5.328402e+02
3.510000e-06	-6.010468e-06	-8.998648e-09	-4.314372e+01	-5.340461e+02
3.520000e-06	-6.044825e-06	-9.018984e-09	-4.339034e+01	-5.352041e+02
3.530000e-06	-6.077593e-06	-9.040331e-09	-4.362555e+01	-5.362985e+02
3.540000e-06	-6.108709e-06	-9.058001e-09	-4.384890e+01	-5.373126e+02
3.550000e-06	-6.137958e-06	-9.074207e-09	-4.405885e+01	-5.382346e+02
3.560000e-06	-6.165516e-06	-9.089650e-09	-4.425667e+01	-5.390627e+02
3.570000e-06	-6.191468e-06	-9.102259e-09	-4.444295e+01	-5.398064e+02
3.580000e-06	-6.215724e-06	-9.111160e-09	-4.461707e+01	-5.404843e+02
3.590000e-06	-6.238202e-06	-9.120806e-09	-4.477842e+01	-5.411186e+02
3.600000e-06	-6.258794e-06	-9.135155e-09	-4.492623e+01	-5.417278e+02
3.610000e-06	-6.277777e-06	-9.148631e-09	-4.506249e+01	-5.423208e+02
3.620000e-06	-6.295152e-06	-9.157691e-09	-4.518721e+01	-5.428927e+02
3.630000e-06	-6.310735e-06	-9.165342e-09	-4.529906e+01	-5.434262e+02
3.640000e-06	-6.324266e-06	-9.173692e-09	-4.539619e+01	-5.438958e+02
3.650000e-06	-6.335742e-06	-9.180154e-09	-4.547857e+01	-5.442759e+02
3.660000e-06	-6.345438e-06	-9.182044e-09	-4.554817e+01	-5.445493e+02
3.670000e-06	-6.353431e-06	-9.184988e-09	-4.560554e+01	-5.447127e+02
3.680000e-06	-6.359509e-06	-9.191727e-09	-4.564917e+01	-5.447793e+02
3.690000e-06	-6.363622e-06	-9.195545e-09	-4.567869e+01	-5.447752e+02
3.700000e-06	-6.366033e-06	-9.196934e-09	-4.569600e+01	-5.447321e+02
3.710000e-06	-6.366760e-06	-9.198415e-09	-4.570122e+01	-5.446777e+02
