# Temperatura_=_20.0
# Concentracion g/m^3_=_9000.0
# C_Vs_to_Am_M_A/Vsm_=_59384043850.047264
# pendiente_HvsI_1/m_=_3716.3
# ordenada_HvsI_A/m_=_1297.0
# frecuencia_Hz_=_175662.65764693645

Tiempo_(s)	Campo_(V.s)	Magnetizacion_(V.s)	Campo_(kA/m)	Magnetizacion_(A/m)
0.000000e+00	-3.680340e-06	-7.053257e-09	-2.354027e+01	-4.204374e+02
1.000000e-08	-3.680241e-06	-7.049572e-09	-2.353964e+01	-4.204162e+02
2.000000e-08	-3.679911e-06	-7.049078e-09	-2.353752e+01	-4.203829e+02
3.000000e-08	-3.679287e-06	-7.053407e-09	-2.353353e+01	-4.203432e+02
4.000000e-08	-3.678270e-06	-7.064055e-09	-2.352703e+01	-4.203012e+02
5.000000e-08	-3.676645e-06	-7.078274e-09	-2.351664e+01	-4.202587e+02
6.000000e-08	-3.674335e-06	-7.075071e-09	-2.350186e+01	-4.202153e+02
7.000000e-08	-3.671418e-06	-7.039042e-09	-2.348320e+01	-4.201678e+02
8.000000e-08	-3.667873e-06	-6.988318e-09	-2.346052e+01	-4.201105e+02
9.000000e-08	-3.663801e-06	-6.963159e-09	-2.343448e+01	-4.200360e+02
1.000000e-07	-3.659339e-06	-7.050246e-09	-2.340594e+01	-4.199354e+02
1.100000e-07	-3.654631e-06	-7.142325e-09	-2.337583e+01	-4.198000e+02
1.200000e-07	-3.649678e-06	-7.064534e-09	-2.334415e+01	-4.196214e+02
1.300000e-07	-3.644318e-06	-6.947487e-09	-2.330987e+01	-4.193935e+02
1.400000e-07	-3.638513e-06	-7.037829e-09	-2.327274e+01	-4.191124e+02
1.500000e-07	-3.632307e-06	-7.155168e-09	-2.323304e+01	-4.187774e+02
1.600000e-07	-3.625678e-06	-6.957992e-09	-2.319064e+01	-4.183912e+02
1.700000e-07	-3.618552e-06	-6.828924e-09	-2.314506e+01	-4.179596e+02
1.800000e-07	-3.610958e-06	-7.003677e-09	-2.309649e+01	-4.174909e+02
1.900000e-07	-3.602972e-06	-7.056360e-09	-2.304541e+01	-4.169950e+02
2.000000e-07	-3.594607e-06	-6.964366e-09	-2.299190e+01	-4.164825e+02
2.100000e-07	-3.585956e-06	-6.957724e-09	-2.293657e+01	-4.159634e+02
2.200000e-07	-3.577024e-06	-6.965641e-09	-2.287944e+01	-4.154460e+02
2.300000e-07	-3.567623e-06	-6.902413e-09	-2.281931e+01	-4.149356e+02
2.400000e-07	-3.557507e-06	-7.003317e-09	-2.275460e+01	-4.144347e+02
2.500000e-07	-3.546604e-06	-7.035349e-09	-2.268486e+01	-4.139416e+02
2.600000e-07	-3.535170e-06	-6.836886e-09	-2.261173e+01	-4.134514e+02
2.700000e-07	-3.523301e-06	-6.888728e-09	-2.253581e+01	-4.129560e+02
2.800000e-07	-3.510879e-06	-7.074711e-09	-2.245636e+01	-4.124452e+02
2.900000e-07	-3.498029e-06	-6.947854e-09	-2.237417e+01	-4.119078e+02
3.000000e-07	-3.484754e-06	-6.748752e-09	-2.228926e+01	-4.113324e+02
3.100000e-07	-3.471002e-06	-6.861662e-09	-2.220130e+01	-4.107091e+02
3.200000e-07	-3.456885e-06	-6.979621e-09	-2.211100e+01	-4.100303e+02
3.300000e-07	-3.442321e-06	-6.875074e-09	-2.201785e+01	-4.092914e+02
3.400000e-07	-3.427272e-06	-6.763771e-09	-2.192159e+01	-4.084910e+02
3.500000e-07	-3.411620e-06	-6.823583e-09	-2.182148e+01	-4.076314e+02
3.600000e-07	-3.395255e-06	-6.908224e-09	-2.171680e+01	-4.067178e+02
3.700000e-07	-3.378293e-06	-6.825189e-09	-2.160831e+01	-4.057575e+02
3.800000e-07	-3.360949e-06	-6.712946e-09	-2.149737e+01	-4.047596e+02
3.900000e-07	-3.343303e-06	-6.777072e-09	-2.138451e+01	-4.037330e+02
4.000000e-07	-3.325311e-06	-6.830504e-09	-2.126943e+01	-4.026861e+02
4.100000e-07	-3.306975e-06	-6.740264e-09	-2.115214e+01	-4.016255e+02
4.200000e-07	-3.288248e-06	-6.688387e-09	-2.103236e+01	-4.005558e+02
4.300000e-07	-3.269092e-06	-6.706593e-09	-2.090984e+01	-3.994784e+02
4.400000e-07	-3.249543e-06	-6.706627e-09	-2.078480e+01	-3.983923e+02
4.500000e-07	-3.229644e-06	-6.676208e-09	-2.065752e+01	-3.972943e+02
4.600000e-07	-3.209446e-06	-6.631884e-09	-2.052833e+01	-3.961789e+02
4.700000e-07	-3.189042e-06	-6.617616e-09	-2.039782e+01	-3.950400e+02
4.800000e-07	-3.168384e-06	-6.644577e-09	-2.026568e+01	-3.938711e+02
4.900000e-07	-3.147403e-06	-6.615818e-09	-2.013149e+01	-3.926666e+02
5.000000e-07	-3.126018e-06	-6.544805e-09	-1.999470e+01	-3.914219e+02
5.100000e-07	-3.104220e-06	-6.528483e-09	-1.985528e+01	-3.901344e+02
5.200000e-07	-3.082104e-06	-6.540945e-09	-1.971382e+01	-3.888035e+02
5.300000e-07	-3.059663e-06	-6.509589e-09	-1.957028e+01	-3.874307e+02
5.400000e-07	-3.036813e-06	-6.462798e-09	-1.942413e+01	-3.860187e+02
5.500000e-07	-3.013602e-06	-6.447622e-09	-1.927567e+01	-3.845715e+02
5.600000e-07	-2.990079e-06	-6.453484e-09	-1.912521e+01	-3.830935e+02
5.700000e-07	-2.966190e-06	-6.427790e-09	-1.897240e+01	-3.815887e+02
5.800000e-07	-2.942006e-06	-6.369135e-09	-1.881772e+01	-3.800602e+02
5.900000e-07	-2.917614e-06	-6.340234e-09	-1.866171e+01	-3.785096e+02
6.000000e-07	-2.892946e-06	-6.352637e-09	-1.850393e+01	-3.769368e+02
6.100000e-07	-2.867921e-06	-6.326146e-09	-1.834386e+01	-3.753402e+02
6.200000e-07	-2.842447e-06	-6.265507e-09	-1.818092e+01	-3.737166e+02
6.300000e-07	-2.816439e-06	-6.244743e-09	-1.801457e+01	-3.720617e+02
6.400000e-07	-2.789850e-06	-6.249406e-09	-1.784450e+01	-3.703707e+02
6.500000e-07	-2.762739e-06	-6.212922e-09	-1.767109e+01	-3.686391e+02
6.600000e-07	-2.735171e-06	-6.149620e-09	-1.749476e+01	-3.668630e+02
6.700000e-07	-2.707233e-06	-6.122740e-09	-1.731606e+01	-3.650397e+02
6.800000e-07	-2.679055e-06	-6.120341e-09	-1.713583e+01	-3.631681e+02
6.900000e-07	-2.650670e-06	-6.088215e-09	-1.695427e+01	-3.612488e+02
7.000000e-07	-2.622084e-06	-6.029191e-09	-1.677143e+01	-3.592838e+02
7.100000e-07	-2.593263e-06	-6.000088e-09	-1.658708e+01	-3.572765e+02
7.200000e-07	-2.564111e-06	-5.993439e-09	-1.640062e+01	-3.552308e+02
7.300000e-07	-2.534562e-06	-5.958098e-09	-1.621162e+01	-3.531508e+02
7.400000e-07	-2.504718e-06	-5.895635e-09	-1.602073e+01	-3.510401e+02
7.500000e-07	-2.474656e-06	-5.857717e-09	-1.582845e+01	-3.489013e+02
7.600000e-07	-2.444376e-06	-5.840387e-09	-1.563477e+01	-3.467356e+02
7.700000e-07	-2.413826e-06	-5.803150e-09	-1.543937e+01	-3.445423e+02
7.800000e-07	-2.382934e-06	-5.747069e-09	-1.524177e+01	-3.423193e+02
7.900000e-07	-2.351714e-06	-5.711202e-09	-1.504209e+01	-3.400627e+02
8.000000e-07	-2.320287e-06	-5.694657e-09	-1.484107e+01	-3.377676e+02
8.100000e-07	-2.288663e-06	-5.658430e-09	-1.463879e+01	-3.354285e+02
8.200000e-07	-2.256766e-06	-5.598344e-09	-1.443477e+01	-3.330400e+02
8.300000e-07	-2.224626e-06	-5.551707e-09	-1.422920e+01	-3.305972e+02
8.400000e-07	-2.192331e-06	-5.526731e-09	-1.402264e+01	-3.280961e+02
8.500000e-07	-2.159922e-06	-5.490177e-09	-1.381534e+01	-3.255344e+02
8.600000e-07	-2.127359e-06	-5.434467e-09	-1.360706e+01	-3.229114e+02
8.700000e-07	-2.094528e-06	-5.388732e-09	-1.339707e+01	-3.202278e+02
8.800000e-07	-2.061467e-06	-5.360917e-09	-1.318560e+01	-3.174860e+02
8.900000e-07	-2.028101e-06	-5.321243e-09	-1.297218e+01	-3.146894e+02
9.000000e-07	-1.994355e-06	-5.259603e-09	-1.275634e+01	-3.118418e+02
9.100000e-07	-1.960252e-06	-5.201849e-09	-1.253821e+01	-3.089471e+02
9.200000e-07	-1.925663e-06	-5.163210e-09	-1.231697e+01	-3.060088e+02
9.300000e-07	-1.890695e-06	-5.119440e-09	-1.209330e+01	-3.030293e+02
9.400000e-07	-1.855385e-06	-5.058001e-09	-1.186745e+01	-3.000098e+02
9.500000e-07	-1.819764e-06	-5.000830e-09	-1.163961e+01	-2.969500e+02
9.600000e-07	-1.783946e-06	-4.961907e-09	-1.141051e+01	-2.938483e+02
9.700000e-07	-1.747936e-06	-4.919311e-09	-1.118019e+01	-2.907017e+02
9.800000e-07	-1.711775e-06	-4.857504e-09	-1.094889e+01	-2.875063e+02
9.900000e-07	-1.675500e-06	-4.796078e-09	-1.071687e+01	-2.842578e+02
1.000000e-06	-1.639093e-06	-4.750980e-09	-1.048400e+01	-2.809516e+02
1.010000e-06	-1.602556e-06	-4.699196e-09	-1.025030e+01	-2.775837e+02
1.020000e-06	-1.565861e-06	-4.628721e-09	-1.001559e+01	-2.741505e+02
1.030000e-06	-1.529007e-06	-4.560515e-09	-9.779869e+00	-2.706495e+02
1.040000e-06	-1.491999e-06	-4.510135e-09	-9.543157e+00	-2.670792e+02
1.050000e-06	-1.454787e-06	-4.460307e-09	-9.305139e+00	-2.634390e+02
1.060000e-06	-1.417369e-06	-4.393672e-09	-9.065808e+00	-2.597291e+02
1.070000e-06	-1.379784e-06	-4.326514e-09	-8.825405e+00	-2.559503e+02
1.080000e-06	-1.342057e-06	-4.270892e-09	-8.584096e+00	-2.521033e+02
1.090000e-06	-1.304152e-06	-4.211558e-09	-8.341644e+00	-2.481889e+02
1.100000e-06	-1.266073e-06	-4.136998e-09	-8.098081e+00	-2.442070e+02
1.110000e-06	-1.227856e-06	-4.061709e-09	-7.853642e+00	-2.401569e+02
1.120000e-06	-1.189496e-06	-3.997591e-09	-7.608283e+00	-2.360366e+02
1.130000e-06	-1.151002e-06	-3.933788e-09	-7.362062e+00	-2.318433e+02
1.140000e-06	-1.112370e-06	-3.857463e-09	-7.114967e+00	-2.275730e+02
1.150000e-06	-1.073593e-06	-3.779008e-09	-6.866937e+00	-2.232208e+02
1.160000e-06	-1.034702e-06	-3.708570e-09	-6.618186e+00	-2.187814e+02
1.170000e-06	-9.956989e-07	-3.638120e-09	-6.368710e+00	-2.142491e+02
1.180000e-06	-9.565616e-07	-3.558162e-09	-6.118380e+00	-2.096185e+02
1.190000e-06	-9.172880e-07	-3.477333e-09	-5.867177e+00	-2.048845e+02
1.200000e-06	-8.778756e-07	-3.402994e-09	-5.615087e+00	-2.000427e+02
1.210000e-06	-8.383878e-07	-3.327022e-09	-5.362514e+00	-1.950895e+02
1.220000e-06	-7.988211e-07	-3.238809e-09	-5.109437e+00	-1.900224e+02
1.230000e-06	-7.591537e-07	-3.146208e-09	-4.855715e+00	-1.848395e+02
1.240000e-06	-7.193978e-07	-3.061225e-09	-4.601427e+00	-1.795399e+02
1.250000e-06	-6.794915e-07	-2.976209e-09	-4.346178e+00	-1.741229e+02
1.260000e-06	-6.394845e-07	-2.880367e-09	-4.090284e+00	-1.685884e+02
1.270000e-06	-5.994660e-07	-2.778454e-09	-3.834317e+00	-1.629359e+02
1.280000e-06	-5.594088e-07	-2.682333e-09	-3.578103e+00	-1.571647e+02
1.290000e-06	-5.192548e-07	-2.587768e-09	-3.321269e+00	-1.512738e+02
1.300000e-06	-4.790546e-07	-2.484756e-09	-3.064139e+00	-1.452612e+02
1.310000e-06	-4.388369e-07	-2.376879e-09	-2.806898e+00	-1.391245e+02
1.320000e-06	-3.985902e-07	-2.273291e-09	-2.549471e+00	-1.328606e+02
1.330000e-06	-3.583313e-07	-2.171121e-09	-2.291966e+00	-1.264660e+02
1.340000e-06	-3.180608e-07	-2.062080e-09	-2.034387e+00	-1.199373e+02
1.350000e-06	-2.777844e-07	-1.947523e-09	-1.776771e+00	-1.132710e+02
1.360000e-06	-2.374631e-07	-1.832668e-09	-1.518867e+00	-1.064643e+02
1.370000e-06	-1.970987e-07	-1.716271e-09	-1.260687e+00	-9.951521e+01
1.380000e-06	-1.567193e-07	-1.595360e-09	-1.002411e+00	-9.242313e+01
1.390000e-06	-1.163214e-07	-1.471781e-09	-7.440177e-01	-8.518880e+01
1.400000e-06	-7.593371e-08	-1.351817e-09	-4.856888e-01	-7.781460e+01
1.410000e-06	-3.553186e-08	-1.229450e-09	-2.272696e-01	-7.030464e+01
1.420000e-06	4.876481e-09	-1.098850e-09	3.119105e-02	-6.266469e+01
1.430000e-06	4.525812e-08	-9.649084e-10	2.894810e-01	-5.490208e+01
1.440000e-06	8.564216e-08	-8.353872e-10	5.477862e-01	-4.702551e+01
1.450000e-06	1.260164e-07	-7.044418e-10	8.060290e-01	-3.904482e+01
1.460000e-06	1.663569e-07	-5.620917e-10	1.064055e+00	-3.097072e+01
1.470000e-06	2.066895e-07	-4.167505e-10	1.322032e+00	-2.281456e+01
1.480000e-06	2.470250e-07	-2.790898e-10	1.580027e+00	-1.458807e+01
1.490000e-06	2.873538e-07	-1.462629e-10	1.837979e+00	-6.303236e+00
1.500000e-06	3.276642e-07	-8.300806e-12	2.095813e+00	2.027875e+00
1.510000e-06	3.679930e-07	1.336069e-10	2.353764e+00	1.039313e+01
1.520000e-06	4.083149e-07	2.737232e-10	2.611673e+00	1.878036e+01
1.530000e-06	4.485911e-07	4.125526e-10	2.869288e+00	2.717729e+01
1.540000e-06	4.888198e-07	5.581925e-10	3.126599e+00	3.557153e+01
1.550000e-06	5.289985e-07	7.077546e-10	3.383591e+00	4.395046e+01
1.560000e-06	5.691611e-07	8.499075e-10	3.640480e+00	5.230127e+01
1.570000e-06	6.092651e-07	9.840716e-10	3.896994e+00	6.061093e+01
1.580000e-06	6.492811e-07	1.118563e-09	4.152945e+00	6.886629e+01
1.590000e-06	6.892419e-07	1.256956e-09	4.408544e+00	7.705423e+01
1.600000e-06	7.291054e-07	1.393852e-09	4.663520e+00	8.516188e+01
1.610000e-06	7.687750e-07	1.527111e-09	4.917255e+00	9.317686e+01
1.620000e-06	8.083152e-07	1.662899e-09	5.170163e+00	1.010876e+02
1.630000e-06	8.478081e-07	1.801297e-09	5.422768e+00	1.088837e+02
1.640000e-06	8.871807e-07	1.933660e-09	5.674604e+00	1.165559e+02
1.650000e-06	9.264135e-07	2.056612e-09	5.925546e+00	1.240968e+02
1.660000e-06	9.654714e-07	2.175649e-09	6.175369e+00	1.315005e+02
1.670000e-06	1.004350e-06	2.294336e-09	6.424047e+00	1.387630e+02
1.680000e-06	1.043131e-06	2.409567e-09	6.672097e+00	1.458818e+02
1.690000e-06	1.081849e-06	2.521120e-09	6.919748e+00	1.528563e+02
1.700000e-06	1.120520e-06	2.634484e-09	7.167097e+00	1.596866e+02
1.710000e-06	1.159080e-06	2.752942e-09	7.413730e+00	1.663743e+02
1.720000e-06	1.197473e-06	2.866952e-09	7.659303e+00	1.729214e+02
1.730000e-06	1.235719e-06	2.974181e-09	7.903932e+00	1.793301e+02
1.740000e-06	1.273890e-06	3.078336e-09	8.148082e+00	1.856028e+02
1.750000e-06	1.311976e-06	3.180669e-09	8.391689e+00	1.917415e+02
1.760000e-06	1.349899e-06	3.281225e-09	8.634250e+00	1.977481e+02
1.770000e-06	1.387616e-06	3.377520e-09	8.875499e+00	2.036238e+02
1.780000e-06	1.425095e-06	3.472385e-09	9.115221e+00	2.093697e+02
1.790000e-06	1.462399e-06	3.568548e-09	9.353826e+00	2.149865e+02
1.800000e-06	1.499526e-06	3.663557e-09	9.591303e+00	2.204749e+02
1.810000e-06	1.536422e-06	3.751615e-09	9.827295e+00	2.258360e+02
1.820000e-06	1.573110e-06	3.835304e-09	1.006196e+01	2.310708e+02
1.830000e-06	1.609642e-06	3.921812e-09	1.029563e+01	2.361812e+02
1.840000e-06	1.646114e-06	4.009125e-09	1.052891e+01	2.411696e+02
1.850000e-06	1.682522e-06	4.090286e-09	1.076178e+01	2.460388e+02
1.860000e-06	1.718846e-06	4.167476e-09	1.099412e+01	2.507925e+02
1.870000e-06	1.755085e-06	4.246912e-09	1.122591e+01	2.554343e+02
1.880000e-06	1.791174e-06	4.327118e-09	1.145675e+01	2.599683e+02
1.890000e-06	1.827057e-06	4.402905e-09	1.168626e+01	2.643984e+02
1.900000e-06	1.862691e-06	4.474355e-09	1.191418e+01	2.687283e+02
1.910000e-06	1.898069e-06	4.546808e-09	1.214047e+01	2.729611e+02
1.920000e-06	1.933019e-06	4.620457e-09	1.236402e+01	2.770994e+02
1.930000e-06	1.967436e-06	4.690589e-09	1.258416e+01	2.811450e+02
1.940000e-06	2.001432e-06	4.755821e-09	1.280160e+01	2.850991e+02
1.950000e-06	2.035065e-06	4.820499e-09	1.301672e+01	2.889626e+02
1.960000e-06	2.068337e-06	4.885832e-09	1.322954e+01	2.927360e+02
1.970000e-06	2.101306e-06	4.949418e-09	1.344042e+01	2.964198e+02
1.980000e-06	2.134060e-06	5.009587e-09	1.364992e+01	3.000146e+02
1.990000e-06	2.166624e-06	5.068181e-09	1.385821e+01	3.035218e+02
2.000000e-06	2.199042e-06	5.125739e-09	1.406556e+01	3.069429e+02
2.010000e-06	2.231332e-06	5.181882e-09	1.427209e+01	3.102806e+02
2.020000e-06	2.263487e-06	5.237714e-09	1.447776e+01	3.135381e+02
2.030000e-06	2.295410e-06	5.292554e-09	1.468195e+01	3.167190e+02
2.040000e-06	2.327061e-06	5.348362e-09	1.488440e+01	3.198277e+02
2.050000e-06	2.358423e-06	5.404562e-09	1.508499e+01	3.228682e+02
2.060000e-06	2.389399e-06	5.458028e-09	1.528312e+01	3.258448e+02
2.070000e-06	2.420002e-06	5.508167e-09	1.547887e+01	3.287609e+02
2.080000e-06	2.450367e-06	5.556522e-09	1.567309e+01	3.316196e+02
2.090000e-06	2.480501e-06	5.605008e-09	1.586584e+01	3.344228e+02
2.100000e-06	2.510353e-06	5.652387e-09	1.605678e+01	3.371717e+02
2.110000e-06	2.539968e-06	5.698865e-09	1.624620e+01	3.398664e+02
2.120000e-06	2.569334e-06	5.745689e-09	1.643403e+01	3.425063e+02
2.130000e-06	2.598335e-06	5.792410e-09	1.661953e+01	3.450903e+02
2.140000e-06	2.626994e-06	5.838918e-09	1.680283e+01	3.476168e+02
2.150000e-06	2.655504e-06	5.882076e-09	1.698519e+01	3.500846e+02
2.160000e-06	2.683903e-06	5.922759e-09	1.716684e+01	3.524923e+02
2.170000e-06	2.712119e-06	5.962330e-09	1.734731e+01	3.548393e+02
2.180000e-06	2.740084e-06	5.999769e-09	1.752618e+01	3.571256e+02
2.190000e-06	2.767691e-06	6.035893e-09	1.770277e+01	3.593519e+02
2.200000e-06	2.794813e-06	6.073525e-09	1.787624e+01	3.615195e+02
2.210000e-06	2.821261e-06	6.111368e-09	1.804541e+01	3.636303e+02
2.220000e-06	2.847009e-06	6.147587e-09	1.821010e+01	3.656865e+02
2.230000e-06	2.872204e-06	6.183185e-09	1.837125e+01	3.676904e+02
2.240000e-06	2.897010e-06	6.219219e-09	1.852992e+01	3.696443e+02
2.250000e-06	2.921560e-06	6.255416e-09	1.868694e+01	3.715502e+02
2.260000e-06	2.945889e-06	6.287839e-09	1.884256e+01	3.734097e+02
2.270000e-06	2.970039e-06	6.315871e-09	1.899703e+01	3.752239e+02
2.280000e-06	2.993930e-06	6.342096e-09	1.914984e+01	3.769936e+02
2.290000e-06	3.017470e-06	6.371115e-09	1.930040e+01	3.787192e+02
2.300000e-06	3.040613e-06	6.402889e-09	1.944843e+01	3.804007e+02
2.310000e-06	3.063377e-06	6.433397e-09	1.959404e+01	3.820382e+02
2.320000e-06	3.085808e-06	6.460527e-09	1.973751e+01	3.836320e+02
2.330000e-06	3.107837e-06	6.487585e-09	1.987842e+01	3.851826e+02
2.340000e-06	3.129489e-06	6.515006e-09	2.001690e+01	3.866905e+02
2.350000e-06	3.150752e-06	6.538920e-09	2.015290e+01	3.881571e+02
2.360000e-06	3.171635e-06	6.561976e-09	2.028648e+01	3.895834e+02
2.370000e-06	3.192257e-06	6.586696e-09	2.041838e+01	3.909712e+02
2.380000e-06	3.212644e-06	6.611555e-09	2.054878e+01	3.923219e+02
2.390000e-06	3.232817e-06	6.633341e-09	2.067781e+01	3.936368e+02
2.400000e-06	3.252683e-06	6.652816e-09	2.080488e+01	3.949172e+02
2.410000e-06	3.272111e-06	6.675684e-09	2.092915e+01	3.961636e+02
2.420000e-06	3.291085e-06	6.701989e-09	2.105051e+01	3.973765e+02
2.430000e-06	3.309601e-06	6.724267e-09	2.116894e+01	3.985557e+02
2.440000e-06	3.327644e-06	6.742727e-09	2.128435e+01	3.997009e+02
2.450000e-06	3.345360e-06	6.760085e-09	2.139766e+01	4.008115e+02
2.460000e-06	3.362816e-06	6.776665e-09	2.150932e+01	4.018871e+02
2.470000e-06	3.379951e-06	6.790551e-09	2.161891e+01	4.029275e+02
2.480000e-06	3.396731e-06	6.802961e-09	2.172624e+01	4.039329e+02
2.490000e-06	3.412993e-06	6.819171e-09	2.183026e+01	4.049039e+02
2.500000e-06	3.428635e-06	6.837455e-09	2.193031e+01	4.058417e+02
2.510000e-06	3.443744e-06	6.855073e-09	2.202695e+01	4.067480e+02
2.520000e-06	3.458483e-06	6.869728e-09	2.212122e+01	4.076245e+02
2.530000e-06	3.472796e-06	6.884823e-09	2.221277e+01	4.084733e+02
2.540000e-06	3.486617e-06	6.902355e-09	2.230118e+01	4.092959e+02
2.550000e-06	3.500038e-06	6.916215e-09	2.238702e+01	4.100938e+02
2.560000e-06	3.513033e-06	6.928537e-09	2.247014e+01	4.108677e+02
2.570000e-06	3.525615e-06	6.942419e-09	2.255062e+01	4.116174e+02
2.580000e-06	3.537795e-06	6.955063e-09	2.262852e+01	4.123422e+02
2.590000e-06	3.549490e-06	6.966006e-09	2.270332e+01	4.130407e+02
2.600000e-06	3.560614e-06	6.974528e-09	2.277447e+01	4.137109e+02
2.610000e-06	3.571089e-06	6.982401e-09	2.284147e+01	4.143508e+02
2.620000e-06	3.580785e-06	6.991782e-09	2.290349e+01	4.149585e+02
2.630000e-06	3.589825e-06	7.001399e-09	2.296131e+01	4.155326e+02
2.640000e-06	3.598523e-06	7.009855e-09	2.301695e+01	4.160726e+02
2.650000e-06	3.606971e-06	7.017538e-09	2.307098e+01	4.165789e+02
2.660000e-06	3.615112e-06	7.026557e-09	2.312306e+01	4.170528e+02
2.670000e-06	3.622914e-06	7.034280e-09	2.317296e+01	4.174966e+02
2.680000e-06	3.630322e-06	7.040456e-09	2.322034e+01	4.179134e+02
2.690000e-06	3.637232e-06	7.045315e-09	2.326454e+01	4.183064e+02
2.700000e-06	3.643643e-06	7.047569e-09	2.330555e+01	4.186788e+02
2.710000e-06	3.649613e-06	7.051666e-09	2.334373e+01	4.190334e+02
2.720000e-06	3.655191e-06	7.059247e-09	2.337941e+01	4.193718e+02
2.730000e-06	3.660396e-06	7.068742e-09	2.341270e+01	4.196946e+02
2.740000e-06	3.665240e-06	7.075509e-09	2.344369e+01	4.200009e+02
2.750000e-06	3.669734e-06	7.079340e-09	2.347243e+01	4.202886e+02
2.760000e-06	3.673944e-06	7.082319e-09	2.349936e+01	4.205544e+02
2.770000e-06	3.677805e-06	7.085027e-09	2.352405e+01	4.207946e+02
2.780000e-06	3.681110e-06	7.084934e-09	2.354519e+01	4.210053e+02
2.790000e-06	3.683794e-06	7.082041e-09	2.356236e+01	4.211831e+02
2.800000e-06	3.685820e-06	7.079546e-09	2.357532e+01	4.213257e+02
2.810000e-06	3.687206e-06	7.080198e-09	2.358419e+01	4.214322e+02
2.820000e-06	3.688083e-06	7.080565e-09	2.358980e+01	4.215036e+02
2.830000e-06	3.688606e-06	7.079809e-09	2.359314e+01	4.215427e+02
2.840000e-06	3.688865e-06	7.083863e-09	2.359480e+01	4.215541e+02
2.850000e-06	3.688771e-06	7.091844e-09	2.359420e+01	4.215435e+02
2.860000e-06	3.688318e-06	7.097329e-09	2.359130e+01	4.215170e+02
2.870000e-06	3.687484e-06	7.092387e-09	2.358597e+01	4.214807e+02
2.880000e-06	3.686164e-06	7.074865e-09	2.357752e+01	4.214397e+02
2.890000e-06	3.684436e-06	7.056855e-09	2.356647e+01	4.213974e+02
2.900000e-06	3.682360e-06	7.065071e-09	2.355319e+01	4.213547e+02
2.910000e-06	3.679855e-06	7.096433e-09	2.353717e+01	4.213102e+02
2.920000e-06	3.676969e-06	7.149344e-09	2.351871e+01	4.212598e+02
2.930000e-06	3.673755e-06	7.180072e-09	2.349815e+01	4.211970e+02
2.940000e-06	3.670027e-06	7.067847e-09	2.347430e+01	4.211137e+02
2.950000e-06	3.665863e-06	6.947252e-09	2.344767e+01	4.210011e+02
2.960000e-06	3.661476e-06	7.039228e-09	2.341961e+01	4.208503e+02
2.970000e-06	3.656711e-06	7.144058e-09	2.338913e+01	4.206539e+02
2.980000e-06	3.651334e-06	7.045444e-09	2.335474e+01	4.204062e+02
2.990000e-06	3.645242e-06	6.965062e-09	2.331577e+01	4.201048e+02
3.000000e-06	3.638473e-06	7.194243e-09	2.327248e+01	4.197501e+02
3.010000e-06	3.631263e-06	7.287986e-09	2.322636e+01	4.193460e+02
3.020000e-06	3.623696e-06	7.058910e-09	2.317796e+01	4.188994e+02
3.030000e-06	3.615785e-06	7.048198e-09	2.312736e+01	4.184192e+02
3.040000e-06	3.607576e-06	7.142188e-09	2.307485e+01	4.179158e+02
3.050000e-06	3.598996e-06	7.064775e-09	2.301997e+01	4.173998e+02
3.060000e-06	3.589937e-06	7.025491e-09	2.296203e+01	4.168804e+02
3.070000e-06	3.580427e-06	7.097420e-09	2.290121e+01	4.163651e+02
3.080000e-06	3.570518e-06	6.928864e-09	2.283782e+01	4.158582e+02
3.090000e-06	3.560094e-06	6.858985e-09	2.277115e+01	4.153605e+02
3.100000e-06	3.549169e-06	7.117232e-09	2.270127e+01	4.148692e+02
3.110000e-06	3.537902e-06	7.043355e-09	2.262920e+01	4.143781e+02
3.120000e-06	3.526241e-06	6.832235e-09	2.255462e+01	4.138782e+02
3.130000e-06	3.514100e-06	7.061390e-09	2.247696e+01	4.133588e+02
3.140000e-06	3.501354e-06	7.227717e-09	2.239544e+01	4.128083e+02
3.150000e-06	3.487899e-06	6.968753e-09	2.230937e+01	4.122160e+02
3.160000e-06	3.473918e-06	6.862088e-09	2.221995e+01	4.115727e+02
3.170000e-06	3.459432e-06	7.003161e-09	2.212729e+01	4.108716e+02
3.180000e-06	3.444402e-06	7.035369e-09	2.203116e+01	4.101096e+02
3.190000e-06	3.429004e-06	6.915588e-09	2.193267e+01	4.092865e+02
3.200000e-06	3.413291e-06	6.816705e-09	2.183216e+01	4.084059e+02
3.210000e-06	3.397157e-06	6.908803e-09	2.172897e+01	4.074738e+02
3.220000e-06	3.380624e-06	7.012841e-09	2.162322e+01	4.064983e+02
3.230000e-06	3.363693e-06	6.842890e-09	2.151493e+01	4.054885e+02
3.240000e-06	3.346378e-06	6.744950e-09	2.140418e+01	4.044534e+02
3.250000e-06	3.328686e-06	6.894300e-09	2.129101e+01	4.034007e+02
3.260000e-06	3.310594e-06	6.890387e-09	2.117529e+01	4.023363e+02
3.270000e-06	3.292142e-06	6.767601e-09	2.105727e+01	4.012636e+02
3.280000e-06	3.273293e-06	6.757582e-09	2.093671e+01	4.001832e+02
3.290000e-06	3.254130e-06	6.786267e-09	2.081414e+01	3.990931e+02
3.300000e-06	3.234771e-06	6.787285e-09	2.069031e+01	3.979892e+02
3.310000e-06	3.215201e-06	6.723746e-09	2.056514e+01	3.968657e+02
3.320000e-06	3.195335e-06	6.653259e-09	2.043807e+01	3.957163e+02
3.330000e-06	3.175177e-06	6.687833e-09	2.030913e+01	3.945346e+02
3.340000e-06	3.154571e-06	6.708219e-09	2.017733e+01	3.933154e+02
3.350000e-06	3.133206e-06	6.642341e-09	2.004068e+01	3.920548e+02
3.360000e-06	3.111126e-06	6.593373e-09	1.989945e+01	3.907510e+02
3.370000e-06	3.088556e-06	6.595152e-09	1.975509e+01	3.894041e+02
3.380000e-06	3.065576e-06	6.606781e-09	1.960811e+01	3.880162e+02
3.390000e-06	3.042232e-06	6.562935e-09	1.945879e+01	3.865905e+02
3.400000e-06	3.018650e-06	6.489515e-09	1.930795e+01	3.851312e+02
3.410000e-06	2.994857e-06	6.484753e-09	1.915577e+01	3.836427e+02
3.420000e-06	2.970755e-06	6.502602e-09	1.900161e+01	3.821287e+02
3.430000e-06	2.946370e-06	6.458359e-09	1.884564e+01	3.805917e+02
3.440000e-06	2.921675e-06	6.383362e-09	1.868768e+01	3.790328e+02
3.450000e-06	2.896568e-06	6.375735e-09	1.852709e+01	3.774514e+02
3.460000e-06	2.871115e-06	6.397589e-09	1.836428e+01	3.758451e+02
3.470000e-06	2.845367e-06	6.344459e-09	1.819960e+01	3.742102e+02
3.480000e-06	2.819240e-06	6.269690e-09	1.803248e+01	3.725424e+02
3.490000e-06	2.792681e-06	6.263465e-09	1.786261e+01	3.708366e+02
3.500000e-06	2.765789e-06	6.266654e-09	1.769060e+01	3.690887e+02
3.510000e-06	2.738593e-06	6.216570e-09	1.751665e+01	3.672951e+02
3.520000e-06	2.711181e-06	6.149265e-09	1.734131e+01	3.654537e+02
3.530000e-06	2.683620e-06	6.132192e-09	1.716502e+01	3.635640e+02
3.540000e-06	2.655799e-06	6.137157e-09	1.698708e+01	3.616272e+02
3.550000e-06	2.627732e-06	6.086822e-09	1.680756e+01	3.596459e+02
3.560000e-06	2.599327e-06	6.024681e-09	1.662587e+01	3.576237e+02
3.570000e-06	2.570527e-06	6.006021e-09	1.644166e+01	3.555646e+02
3.580000e-06	2.541232e-06	5.998223e-09	1.625428e+01	3.534727e+02
3.590000e-06	2.511343e-06	5.946487e-09	1.606310e+01	3.513512e+02
3.600000e-06	2.480972e-06	5.881148e-09	1.586884e+01	3.492023e+02
3.610000e-06	2.450192e-06	5.853820e-09	1.567197e+01	3.470263e+02
3.620000e-06	2.419097e-06	5.841942e-09	1.547308e+01	3.448222e+02
3.630000e-06	2.387746e-06	5.796803e-09	1.527255e+01	3.425871e+02
3.640000e-06	2.356227e-06	5.736667e-09	1.507095e+01	3.403166e+02
3.650000e-06	2.324558e-06	5.703356e-09	1.486838e+01	3.380057e+02
3.660000e-06	2.292626e-06	5.684210e-09	1.466414e+01	3.356487e+02
3.670000e-06	2.260410e-06	5.635596e-09	1.445808e+01	3.332403e+02
3.680000e-06	2.227921e-06	5.568931e-09	1.425027e+01	3.307760e+02
3.690000e-06	2.195192e-06	5.526978e-09	1.404093e+01	3.282523e+02
3.700000e-06	2.162317e-06	5.500867e-09	1.383066e+01	3.256676e+02
3.710000e-06	2.129182e-06	5.456642e-09	1.361872e+01	3.230216e+02
3.720000e-06	2.095776e-06	5.395342e-09	1.340505e+01	3.203159e+02
3.730000e-06	2.062194e-06	5.351376e-09	1.319025e+01	3.175531e+02
3.740000e-06	2.028409e-06	5.318537e-09	1.297416e+01	3.147368e+02
3.750000e-06	1.994351e-06	5.265663e-09	1.275631e+01	3.118711e+02
3.760000e-06	1.959957e-06	5.200433e-09	1.253632e+01	3.089596e+02
3.770000e-06	1.925258e-06	5.152255e-09	1.231437e+01	3.060056e+02
3.780000e-06	1.890322e-06	5.117373e-09	1.209092e+01	3.030110e+02
3.790000e-06	1.855228e-06	5.065658e-09	1.186645e+01	2.999765e+02
3.800000e-06	1.819998e-06	4.999133e-09	1.164111e+01	2.969012e+02
3.810000e-06	1.784605e-06	4.946709e-09	1.141473e+01	2.937830e+02
3.820000e-06	1.749095e-06	4.904187e-09	1.118760e+01	2.906186e+02
3.830000e-06	1.713530e-06	4.846903e-09	1.096012e+01	2.874038e+02
3.840000e-06	1.677879e-06	4.777966e-09	1.073209e+01	2.841342e+02
3.850000e-06	1.642114e-06	4.722972e-09	1.050332e+01	2.808053e+02
3.860000e-06	1.606147e-06	4.678635e-09	1.027327e+01	2.774132e+02
3.870000e-06	1.569879e-06	4.620724e-09	1.004129e+01	2.739548e+02
3.880000e-06	1.533336e-06	4.551089e-09	9.807559e+00	2.704279e+02
3.890000e-06	1.496497e-06	4.489622e-09	9.571925e+00	2.668314e+02
3.900000e-06	1.459391e-06	4.435755e-09	9.334590e+00	2.631649e+02
3.910000e-06	1.422018e-06	4.370616e-09	9.095542e+00	2.594291e+02
3.920000e-06	1.384194e-06	4.295200e-09	8.853613e+00	2.556245e+02
3.930000e-06	1.345988e-06	4.227940e-09	8.609237e+00	2.517522e+02
3.940000e-06	1.307561e-06	4.169832e-09	8.363451e+00	2.478125e+02
3.950000e-06	1.268975e-06	4.103814e-09	8.116648e+00	2.438051e+02
3.960000e-06	1.230205e-06	4.027497e-09	7.868666e+00	2.397289e+02
3.970000e-06	1.191240e-06	3.955768e-09	7.619437e+00	2.355817e+02
3.980000e-06	1.152133e-06	3.890411e-09	7.369301e+00	2.313600e+02
3.990000e-06	1.112876e-06	3.815810e-09	7.118199e+00	2.270595e+02
4.000000e-06	1.073514e-06	3.731393e-09	6.866434e+00	2.226752e+02
4.010000e-06	1.034100e-06	3.651221e-09	6.614330e+00	2.182016e+02
4.020000e-06	9.946425e-07	3.578984e-09	6.361953e+00	2.136331e+02
4.030000e-06	9.551282e-07	3.500315e-09	6.109211e+00	2.089643e+02
4.040000e-06	9.155634e-07	3.413053e-09	5.856146e+00	2.041903e+02
4.050000e-06	8.759508e-07	3.329313e-09	5.602775e+00	1.993070e+02
4.060000e-06	8.362966e-07	3.250864e-09	5.349138e+00	1.943113e+02
4.070000e-06	7.965996e-07	3.166567e-09	5.095227e+00	1.892009e+02
4.080000e-06	7.568364e-07	3.074753e-09	4.840893e+00	1.839743e+02
4.090000e-06	7.169949e-07	2.984424e-09	4.586058e+00	1.786307e+02
4.100000e-06	6.771522e-07	2.893750e-09	4.331215e+00	1.731697e+02
4.110000e-06	6.372442e-07	2.795879e-09	4.075955e+00	1.675909e+02
4.120000e-06	5.972835e-07	2.691065e-09	3.820357e+00	1.618940e+02
4.130000e-06	5.572489e-07	2.591727e-09	3.564287e+00	1.560781e+02
4.140000e-06	5.170609e-07	2.499439e-09	3.307236e+00	1.501417e+02
4.150000e-06	4.768310e-07	2.402967e-09	3.049917e+00	1.440829e+02
4.160000e-06	4.365606e-07	2.297196e-09	2.792338e+00	1.378988e+02
4.170000e-06	3.962347e-07	2.189360e-09	2.534405e+00	1.315863e+02
4.180000e-06	3.558229e-07	2.083703e-09	2.275922e+00	1.251418e+02
4.190000e-06	3.153171e-07	1.971589e-09	2.016838e+00	1.185619e+02
4.200000e-06	2.748150e-07	1.852073e-09	1.757778e+00	1.118431e+02
4.210000e-06	2.343458e-07	1.735352e-09	1.498927e+00	1.049832e+02
4.220000e-06	1.938157e-07	1.624329e-09	1.239688e+00	9.798047e+01
4.230000e-06	1.531815e-07	1.508195e-09	9.797831e-01	9.083484e+01
4.240000e-06	1.125272e-07	1.382833e-09	7.197489e-01	8.354766e+01
4.250000e-06	7.187309e-08	1.257558e-09	4.597162e-01	7.612195e+01
4.260000e-06	3.117902e-08	1.132845e-09	1.994279e-01	6.856245e+01
4.270000e-06	-9.508921e-09	1.000627e-09	-6.082116e-02	6.087553e+01
4.280000e-06	-5.020717e-08	8.645044e-10	-3.211362e-01	5.306907e+01
4.290000e-06	-9.093183e-08	7.319211e-10	-5.816201e-01	4.515221e+01
4.300000e-06	-1.316406e-07	6.026570e-10	-8.420021e-01	3.713517e+01
4.310000e-06	-1.722789e-07	4.672048e-10	-1.101934e+00	2.902891e+01
4.320000e-06	-2.128011e-07	3.251441e-10	-1.361123e+00	2.084496e+01
4.330000e-06	-2.533059e-07	1.878242e-10	-1.620200e+00	1.259515e+01
4.340000e-06	-2.937748e-07	5.370009e-11	-1.879049e+00	4.291511e+00
4.350000e-06	-3.341885e-07	-8.426642e-11	-2.137543e+00	-4.053859e+00
4.360000e-06	-3.746060e-07	-2.291636e-10	-2.396063e+00	-1.242882e+01
4.370000e-06	-4.149821e-07	-3.738418e-10	-2.654317e+00	-2.082116e+01
4.380000e-06	-4.553355e-07	-5.114959e-10	-2.912426e+00	-2.921857e+01
4.390000e-06	-4.955728e-07	-6.501977e-10	-3.169793e+00	-3.760859e+01
4.400000e-06	-5.356947e-07	-7.934984e-10	-3.426422e+00	-4.597852e+01
4.410000e-06	-5.757202e-07	-9.332404e-10	-3.682434e+00	-5.431546e+01
4.420000e-06	-6.156294e-07	-1.068789e-09	-3.937702e+00	-6.260633e+01
4.430000e-06	-6.554778e-07	-1.205941e-09	-4.192581e+00	-7.083797e+01
4.440000e-06	-6.952552e-07	-1.346425e-09	-4.447006e+00	-7.899732e+01
4.450000e-06	-7.349749e-07	-1.484230e-09	-4.701062e+00	-8.707166e+01
4.460000e-06	-7.746265e-07	-1.615704e-09	-4.954682e+00	-9.504890e+01
4.470000e-06	-8.142325e-07	-1.746024e-09	-5.208011e+00	-1.029178e+02
4.480000e-06	-8.538267e-07	-1.877177e-09	-5.461264e+00	-1.106685e+02
4.490000e-06	-8.933824e-07	-2.004157e-09	-5.714272e+00	-1.182923e+02
4.500000e-06	-9.329064e-07	-2.127368e-09	-5.967076e+00	-1.257823e+02
4.510000e-06	-9.724202e-07	-2.252054e-09	-6.219815e+00	-1.331335e+02
4.520000e-06	-1.011888e-06	-2.380193e-09	-6.472262e+00	-1.403423e+02
4.530000e-06	-1.051307e-06	-2.506585e-09	-6.724391e+00	-1.474071e+02
4.540000e-06	-1.090684e-06	-2.622960e-09	-6.976256e+00	-1.543274e+02
4.550000e-06	-1.130001e-06	-2.732692e-09	-7.227737e+00	-1.611041e+02
4.560000e-06	-1.169166e-06	-2.842884e-09	-7.478245e+00	-1.677388e+02
4.570000e-06	-1.208099e-06	-2.951591e-09	-7.727271e+00	-1.742338e+02
4.580000e-06	-1.246889e-06	-3.055418e-09	-7.975377e+00	-1.805912e+02
4.590000e-06	-1.285571e-06	-3.157468e-09	-8.222794e+00	-1.868135e+02
4.600000e-06	-1.324041e-06	-3.264320e-09	-8.468860e+00	-1.929025e+02
4.610000e-06	-1.362218e-06	-3.373294e-09	-8.713047e+00	-1.988599e+02
4.620000e-06	-1.400059e-06	-3.475284e-09	-8.955085e+00	-2.046868e+02
4.630000e-06	-1.437593e-06	-3.569823e-09	-9.195163e+00	-2.103843e+02
4.640000e-06	-1.474783e-06	-3.664871e-09	-9.433040e+00	-2.159529e+02
4.650000e-06	-1.511539e-06	-3.759763e-09	-9.668141e+00	-2.213935e+02
4.660000e-06	-1.548007e-06	-3.845793e-09	-9.901397e+00	-2.267070e+02
4.670000e-06	-1.584208e-06	-3.925517e-09	-1.013294e+01	-2.318950e+02
4.680000e-06	-1.620115e-06	-4.008750e-09	-1.036261e+01	-2.369594e+02
4.690000e-06	-1.655908e-06	-4.094853e-09	-1.059156e+01	-2.419027e+02
4.700000e-06	-1.691610e-06	-4.175599e-09	-1.081991e+01	-2.467282e+02
4.710000e-06	-1.727192e-06	-4.252418e-09	-1.104750e+01	-2.514395e+02
4.720000e-06	-1.762686e-06	-4.333015e-09	-1.127453e+01	-2.560404e+02
4.730000e-06	-1.798096e-06	-4.414698e-09	-1.150102e+01	-2.605350e+02
4.740000e-06	-1.833411e-06	-4.488832e-09	-1.172690e+01	-2.649272e+02
4.750000e-06	-1.868566e-06	-4.556498e-09	-1.195176e+01	-2.692204e+02
4.760000e-06	-1.903470e-06	-4.625973e-09	-1.217502e+01	-2.734175e+02
4.770000e-06	-1.938135e-06	-4.696817e-09	-1.239674e+01	-2.775209e+02
4.780000e-06	-1.972564e-06	-4.761639e-09	-1.261695e+01	-2.815321e+02
4.790000e-06	-2.006727e-06	-4.822272e-09	-1.283547e+01	-2.854522e+02
4.800000e-06	-2.040656e-06	-4.886419e-09	-1.305249e+01	-2.892819e+02
4.810000e-06	-2.074318e-06	-4.951860e-09	-1.326780e+01	-2.930217e+02
4.820000e-06	-2.107700e-06	-5.013119e-09	-1.348132e+01	-2.966720e+02
4.830000e-06	-2.140870e-06	-5.070094e-09	-1.369348e+01	-3.002338e+02
4.840000e-06	-2.173868e-06	-5.127896e-09	-1.390454e+01	-3.037085e+02
4.850000e-06	-2.206615e-06	-5.185321e-09	-1.411400e+01	-3.070981e+02
4.860000e-06	-2.239073e-06	-5.237338e-09	-1.432161e+01	-3.104053e+02
4.870000e-06	-2.271246e-06	-5.285780e-09	-1.452740e+01	-3.136336e+02
4.880000e-06	-2.303110e-06	-5.336208e-09	-1.473120e+01	-3.167870e+02
4.890000e-06	-2.334785e-06	-5.389351e-09	-1.493380e+01	-3.198696e+02
4.900000e-06	-2.366283e-06	-5.442208e-09	-1.513527e+01	-3.228857e+02
4.910000e-06	-2.397568e-06	-5.492439e-09	-1.533537e+01	-3.258393e+02
4.920000e-06	-2.428621e-06	-5.540413e-09	-1.553400e+01	-3.287336e+02
4.930000e-06	-2.459304e-06	-5.588207e-09	-1.573025e+01	-3.315714e+02
4.940000e-06	-2.489631e-06	-5.631976e-09	-1.592423e+01	-3.343542e+02
4.950000e-06	-2.519546e-06	-5.671990e-09	-1.611558e+01	-3.370828e+02
4.960000e-06	-2.548925e-06	-5.712256e-09	-1.630349e+01	-3.397571e+02
4.970000e-06	-2.577809e-06	-5.754218e-09	-1.648824e+01	-3.423762e+02
4.980000e-06	-2.606230e-06	-5.795736e-09	-1.667003e+01	-3.449388e+02
4.990000e-06	-2.634234e-06	-5.834759e-09	-1.684914e+01	-3.474435e+02
5.000000e-06	-2.661947e-06	-5.873326e-09	-1.702640e+01	-3.498889e+02
5.010000e-06	-2.689455e-06	-5.914524e-09	-1.720235e+01	-3.522739e+02
5.020000e-06	-2.716814e-06	-5.954813e-09	-1.737734e+01	-3.545982e+02
5.030000e-06	-2.744041e-06	-5.991880e-09	-1.755150e+01	-3.568619e+02
5.040000e-06	-2.770970e-06	-6.027592e-09	-1.772374e+01	-3.590660e+02
5.050000e-06	-2.797488e-06	-6.063189e-09	-1.789335e+01	-3.612121e+02
5.060000e-06	-2.823662e-06	-6.097317e-09	-1.806077e+01	-3.633022e+02
5.070000e-06	-2.849524e-06	-6.128307e-09	-1.822619e+01	-3.653385e+02
5.080000e-06	-2.875047e-06	-6.158784e-09	-1.838944e+01	-3.673234e+02
5.090000e-06	-2.900177e-06	-6.189344e-09	-1.855017e+01	-3.692591e+02
5.100000e-06	-2.924911e-06	-6.221265e-09	-1.870838e+01	-3.711475e+02
5.110000e-06	-2.949330e-06	-6.255741e-09	-1.886457e+01	-3.729899e+02
5.120000e-06	-2.973441e-06	-6.289765e-09	-1.901879e+01	-3.747875e+02
5.130000e-06	-2.997231e-06	-6.319586e-09	-1.917095e+01	-3.765406e+02
5.140000e-06	-3.020780e-06	-6.345583e-09	-1.932158e+01	-3.782496e+02
5.150000e-06	-3.044131e-06	-6.369965e-09	-1.947094e+01	-3.799147e+02
5.160000e-06	-3.067159e-06	-6.394626e-09	-1.961823e+01	-3.815358e+02
5.170000e-06	-3.089742e-06	-6.418005e-09	-1.976268e+01	-3.831134e+02
5.180000e-06	-3.111896e-06	-6.440185e-09	-1.990437e+01	-3.846479e+02
5.190000e-06	-3.133496e-06	-6.464864e-09	-2.004253e+01	-3.861402e+02
5.200000e-06	-3.154456e-06	-6.492849e-09	-2.017660e+01	-3.875915e+02
5.210000e-06	-3.174868e-06	-6.519159e-09	-2.030716e+01	-3.890033e+02
5.220000e-06	-3.194839e-06	-6.540716e-09	-2.043490e+01	-3.903770e+02
5.230000e-06	-3.214504e-06	-6.561439e-09	-2.056068e+01	-3.917141e+02
5.240000e-06	-3.233962e-06	-6.582309e-09	-2.068514e+01	-3.930161e+02
5.250000e-06	-3.253171e-06	-6.602620e-09	-2.080800e+01	-3.942837e+02
5.260000e-06	-3.272036e-06	-6.619540e-09	-2.092867e+01	-3.955175e+02
5.270000e-06	-3.290464e-06	-6.636735e-09	-2.104654e+01	-3.967178e+02
5.280000e-06	-3.308483e-06	-6.657282e-09	-2.116179e+01	-3.978843e+02
5.290000e-06	-3.326209e-06	-6.678389e-09	-2.127517e+01	-3.990166e+02
5.300000e-06	-3.343645e-06	-6.698460e-09	-2.138669e+01	-4.001142e+02
5.310000e-06	-3.360705e-06	-6.716927e-09	-2.149581e+01	-4.011766e+02
5.320000e-06	-3.377313e-06	-6.735213e-09	-2.160204e+01	-4.022039e+02
5.330000e-06	-3.393515e-06	-6.752575e-09	-2.170567e+01	-4.031963e+02
5.340000e-06	-3.409380e-06	-6.765164e-09	-2.180715e+01	-4.041548e+02
5.350000e-06	-3.424979e-06	-6.776949e-09	-2.190693e+01	-4.050806e+02
5.360000e-06	-3.440281e-06	-6.793464e-09	-2.200480e+01	-4.059755e+02
5.370000e-06	-3.455157e-06	-6.811761e-09	-2.209995e+01	-4.068414e+02
5.380000e-06	-3.469442e-06	-6.828198e-09	-2.219132e+01	-4.076802e+02
5.390000e-06	-3.482973e-06	-6.842117e-09	-2.227786e+01	-4.084935e+02
5.400000e-06	-3.495777e-06	-6.857549e-09	-2.235976e+01	-4.092824e+02
5.410000e-06	-3.508053e-06	-6.871432e-09	-2.243828e+01	-4.100472e+02
5.420000e-06	-3.519928e-06	-6.880418e-09	-2.251424e+01	-4.107878e+02
5.430000e-06	-3.531410e-06	-6.889217e-09	-2.258768e+01	-4.115030e+02
5.440000e-06	-3.542407e-06	-6.902140e-09	-2.265802e+01	-4.121911e+02
5.450000e-06	-3.552946e-06	-6.916759e-09	-2.272543e+01	-4.128502e+02
5.460000e-06	-3.563143e-06	-6.928916e-09	-2.279065e+01	-4.134783e+02
5.470000e-06	-3.572950e-06	-6.939472e-09	-2.285338e+01	-4.140735e+02
5.480000e-06	-3.582343e-06	-6.950132e-09	-2.291346e+01	-4.146349e+02
5.490000e-06	-3.591283e-06	-6.958662e-09	-2.297064e+01	-4.151622e+02
5.500000e-06	-3.599758e-06	-6.962512e-09	-2.302485e+01	-4.156562e+02
5.510000e-06	-3.607885e-06	-6.965089e-09	-2.307683e+01	-4.161185e+02
5.520000e-06	-3.615651e-06	-6.973656e-09	-2.312650e+01	-4.165518e+02
5.530000e-06	-3.623137e-06	-6.987302e-09	-2.317439e+01	-4.169593e+02
5.540000e-06	-3.630369e-06	-6.998690e-09	-2.322065e+01	-4.173443e+02
5.550000e-06	-3.637166e-06	-7.007184e-09	-2.326412e+01	-4.177098e+02
5.560000e-06	-3.643331e-06	-7.013610e-09	-2.330355e+01	-4.180582e+02
5.570000e-06	-3.648802e-06	-7.018505e-09	-2.333855e+01	-4.183908e+02
5.580000e-06	-3.653679e-06	-7.019937e-09	-2.336974e+01	-4.187076e+02
5.590000e-06	-3.658005e-06	-7.021066e-09	-2.339741e+01	-4.190073e+02
5.600000e-06	-3.661914e-06	-7.024317e-09	-2.342241e+01	-4.192872e+02
5.610000e-06	-3.665545e-06	-7.029440e-09	-2.344564e+01	-4.195439e+02
5.620000e-06	-3.668838e-06	-7.037203e-09	-2.346670e+01	-4.197735e+02
5.630000e-06	-3.671736e-06	-7.043825e-09	-2.348524e+01	-4.199723e+02
5.640000e-06	-3.674235e-06	-7.048774e-09	-2.350122e+01	-4.201371e+02
5.650000e-06	-3.676298e-06	-7.050877e-09	-2.351442e+01	-4.202661e+02
5.660000e-06	-3.677911e-06	-7.051557e-09	-2.352474e+01	-4.203593e+02
5.670000e-06	-3.679172e-06	-7.052173e-09	-2.353280e+01	-4.204182e+02
5.680000e-06	-3.679962e-06	-7.052986e-09	-2.353785e+01	-4.204464e+02
5.690000e-06	-3.680259e-06	-7.054527e-09	-2.353975e+01	-4.204488e+02
