# Temperatura_=_20.0
# Concentracion g/m^3_=_9000.0
# C_Vs_to_Am_M_A/Vsm_=_59384043850.047264
# pendiente_HvsI_1/m_=_3716.3
# ordenada_HvsI_A/m_=_1297.0
# frecuencia_Hz_=_175662.609538837

Tiempo_(s)	Campo_(V.s)	Magnetizacion_(V.s)	Campo_(kA/m)	Magnetizacion_(A/m)
0.000000e+00	-3.687942e-06	-7.088576e-09	-2.353473e+01	-4.211687e+02
1.000000e-08	-3.687815e-06	-7.087737e-09	-2.353393e+01	-4.211592e+02
2.000000e-08	-3.687412e-06	-7.084363e-09	-2.353136e+01	-4.211256e+02
3.000000e-08	-3.686775e-06	-7.085196e-09	-2.352729e+01	-4.210725e+02
4.000000e-08	-3.685833e-06	-7.096093e-09	-2.352128e+01	-4.210050e+02
5.000000e-08	-3.684464e-06	-7.109845e-09	-2.351254e+01	-4.209280e+02
6.000000e-08	-3.682516e-06	-7.109515e-09	-2.350011e+01	-4.208458e+02
7.000000e-08	-3.679839e-06	-7.095113e-09	-2.348303e+01	-4.207615e+02
8.000000e-08	-3.676396e-06	-7.052871e-09	-2.346105e+01	-4.206766e+02
9.000000e-08	-3.672358e-06	-6.955902e-09	-2.343529e+01	-4.205906e+02
1.000000e-07	-3.667923e-06	-6.943120e-09	-2.340698e+01	-4.205008e+02
1.100000e-07	-3.663293e-06	-7.136455e-09	-2.337744e+01	-4.204028e+02
1.200000e-07	-3.658498e-06	-7.262536e-09	-2.334684e+01	-4.202901e+02
1.300000e-07	-3.653315e-06	-7.041429e-09	-2.331376e+01	-4.201552e+02
1.400000e-07	-3.647631e-06	-6.907413e-09	-2.327749e+01	-4.199902e+02
1.500000e-07	-3.641444e-06	-7.119396e-09	-2.323801e+01	-4.197871e+02
1.600000e-07	-3.634849e-06	-7.161404e-09	-2.319592e+01	-4.195389e+02
1.700000e-07	-3.627781e-06	-6.891243e-09	-2.315081e+01	-4.192400e+02
1.800000e-07	-3.620147e-06	-6.835165e-09	-2.310210e+01	-4.188868e+02
1.900000e-07	-3.612186e-06	-7.051137e-09	-2.305130e+01	-4.184780e+02
2.000000e-07	-3.603970e-06	-7.037491e-09	-2.299887e+01	-4.180145e+02
2.100000e-07	-3.595456e-06	-7.015602e-09	-2.294454e+01	-4.174994e+02
2.200000e-07	-3.586642e-06	-7.006845e-09	-2.288829e+01	-4.169373e+02
2.300000e-07	-3.577340e-06	-6.840153e-09	-2.282893e+01	-4.163342e+02
2.400000e-07	-3.567314e-06	-6.892000e-09	-2.276495e+01	-4.156962e+02
2.500000e-07	-3.556438e-06	-7.103058e-09	-2.269554e+01	-4.150293e+02
2.600000e-07	-3.544953e-06	-6.963530e-09	-2.262225e+01	-4.143386e+02
2.700000e-07	-3.533090e-06	-6.729941e-09	-2.254654e+01	-4.136279e+02
2.800000e-07	-3.520772e-06	-6.951132e-09	-2.246793e+01	-4.128994e+02
2.900000e-07	-3.508021e-06	-7.111067e-09	-2.238657e+01	-4.121537e+02
3.000000e-07	-3.494880e-06	-6.822342e-09	-2.230270e+01	-4.113898e+02
3.100000e-07	-3.481269e-06	-6.668570e-09	-2.221584e+01	-4.106057e+02
3.200000e-07	-3.467189e-06	-6.895216e-09	-2.212599e+01	-4.097986e+02
3.300000e-07	-3.452656e-06	-6.986625e-09	-2.203325e+01	-4.089657e+02
3.400000e-07	-3.437673e-06	-6.806454e-09	-2.193764e+01	-4.081047e+02
3.500000e-07	-3.422174e-06	-6.707072e-09	-2.183873e+01	-4.072139e+02
3.600000e-07	-3.405945e-06	-6.848091e-09	-2.173516e+01	-4.062929e+02
3.700000e-07	-3.388979e-06	-6.892421e-09	-2.162689e+01	-4.053424e+02
3.800000e-07	-3.371553e-06	-6.724332e-09	-2.151569e+01	-4.043644e+02
3.900000e-07	-3.353840e-06	-6.670315e-09	-2.140265e+01	-4.033614e+02
4.000000e-07	-3.335786e-06	-6.781147e-09	-2.128744e+01	-4.023364e+02
4.100000e-07	-3.317449e-06	-6.786396e-09	-2.117042e+01	-4.012922e+02
4.200000e-07	-3.298819e-06	-6.688141e-09	-2.105153e+01	-4.002311e+02
4.300000e-07	-3.279756e-06	-6.651320e-09	-2.092988e+01	-3.991542e+02
4.400000e-07	-3.260241e-06	-6.670984e-09	-2.080534e+01	-3.980612e+02
4.500000e-07	-3.240281e-06	-6.688469e-09	-2.067797e+01	-3.969507e+02
4.600000e-07	-3.219985e-06	-6.635544e-09	-2.054845e+01	-3.958196e+02
4.700000e-07	-3.199540e-06	-6.573278e-09	-2.041798e+01	-3.946642e+02
4.800000e-07	-3.178916e-06	-6.600874e-09	-2.028637e+01	-3.934802e+02
4.900000e-07	-3.157960e-06	-6.628310e-09	-2.015264e+01	-3.922631e+02
5.000000e-07	-3.136641e-06	-6.548341e-09	-2.001659e+01	-3.910094e+02
5.100000e-07	-3.114936e-06	-6.485781e-09	-1.987808e+01	-3.897164e+02
5.200000e-07	-3.092809e-06	-6.509699e-09	-1.973687e+01	-3.883829e+02
5.300000e-07	-3.070355e-06	-6.518865e-09	-1.959358e+01	-3.870095e+02
5.400000e-07	-3.047649e-06	-6.458613e-09	-1.944868e+01	-3.855981e+02
5.500000e-07	-3.024578e-06	-6.411630e-09	-1.930146e+01	-3.841517e+02
5.600000e-07	-3.001081e-06	-6.425431e-09	-1.915150e+01	-3.826744e+02
5.700000e-07	-2.977129e-06	-6.434681e-09	-1.899865e+01	-3.811702e+02
5.800000e-07	-2.952828e-06	-6.371204e-09	-1.884358e+01	-3.796425e+02
5.900000e-07	-2.928380e-06	-6.306633e-09	-1.868756e+01	-3.780941e+02
6.000000e-07	-2.903755e-06	-6.319603e-09	-1.853042e+01	-3.765257e+02
6.100000e-07	-2.878776e-06	-6.330267e-09	-1.837101e+01	-3.749368e+02
6.200000e-07	-2.853417e-06	-6.265581e-09	-1.820918e+01	-3.733246e+02
6.300000e-07	-2.827662e-06	-6.205938e-09	-1.804483e+01	-3.716852e+02
6.400000e-07	-2.801288e-06	-6.216804e-09	-1.787652e+01	-3.700132e+02
6.500000e-07	-2.774217e-06	-6.218187e-09	-1.770377e+01	-3.683029e+02
6.600000e-07	-2.746580e-06	-6.152383e-09	-1.752740e+01	-3.665486e+02
6.700000e-07	-2.718567e-06	-6.092007e-09	-1.734864e+01	-3.647458e+02
6.800000e-07	-2.690311e-06	-6.096263e-09	-1.716832e+01	-3.628909e+02
6.900000e-07	-2.661856e-06	-6.093889e-09	-1.698673e+01	-3.609825e+02
7.000000e-07	-2.633240e-06	-6.027966e-09	-1.680412e+01	-3.590211e+02
7.100000e-07	-2.604445e-06	-5.964699e-09	-1.662036e+01	-3.570090e+02
7.200000e-07	-2.575391e-06	-5.963771e-09	-1.643495e+01	-3.549503e+02
7.300000e-07	-2.545949e-06	-5.957449e-09	-1.624706e+01	-3.528497e+02
7.400000e-07	-2.516073e-06	-5.893227e-09	-1.605641e+01	-3.507126e+02
7.500000e-07	-2.485885e-06	-5.831333e-09	-1.586376e+01	-3.485439e+02
7.600000e-07	-2.455551e-06	-5.821642e-09	-1.567019e+01	-3.463473e+02
7.700000e-07	-2.425049e-06	-5.806743e-09	-1.547554e+01	-3.441251e+02
7.800000e-07	-2.394254e-06	-5.741995e-09	-1.527902e+01	-3.418775e+02
7.900000e-07	-2.363128e-06	-5.677668e-09	-1.508039e+01	-3.396031e+02
8.000000e-07	-2.331723e-06	-5.661700e-09	-1.487998e+01	-3.372985e+02
8.100000e-07	-2.300093e-06	-5.646990e-09	-1.467813e+01	-3.349589e+02
8.200000e-07	-2.268220e-06	-5.587239e-09	-1.447473e+01	-3.325790e+02
8.300000e-07	-2.236076e-06	-5.523706e-09	-1.426960e+01	-3.301532e+02
8.400000e-07	-2.203746e-06	-5.501985e-09	-1.406329e+01	-3.276768e+02
8.500000e-07	-2.171299e-06	-5.483843e-09	-1.385622e+01	-3.251461e+02
8.600000e-07	-2.138630e-06	-5.424359e-09	-1.364774e+01	-3.225591e+02
8.700000e-07	-2.105740e-06	-5.358207e-09	-1.343786e+01	-3.199155e+02
8.800000e-07	-2.072618e-06	-5.327790e-09	-1.322649e+01	-3.172167e+02
8.900000e-07	-2.039165e-06	-5.303922e-09	-1.301300e+01	-3.144655e+02
9.000000e-07	-2.005370e-06	-5.243977e-09	-1.279734e+01	-3.116654e+02
9.100000e-07	-1.971225e-06	-5.174889e-09	-1.257944e+01	-3.088202e+02
9.200000e-07	-1.936695e-06	-5.136246e-09	-1.235909e+01	-3.059332e+02
9.300000e-07	-1.901716e-06	-5.108398e-09	-1.213587e+01	-3.030067e+02
9.400000e-07	-1.866391e-06	-5.049917e-09	-1.191044e+01	-3.000412e+02
9.500000e-07	-1.830778e-06	-4.979887e-09	-1.168318e+01	-2.970357e+02
9.600000e-07	-1.794838e-06	-4.938936e-09	-1.145382e+01	-2.939875e+02
9.700000e-07	-1.758692e-06	-4.909980e-09	-1.122316e+01	-2.908921e+02
9.800000e-07	-1.722417e-06	-4.851103e-09	-1.099167e+01	-2.877441e+02
9.900000e-07	-1.686019e-06	-4.778884e-09	-1.075939e+01	-2.845376e+02
1.000000e-06	-1.649508e-06	-4.730987e-09	-1.052640e+01	-2.812671e+02
1.010000e-06	-1.612920e-06	-4.691588e-09	-1.029291e+01	-2.779277e+02
1.020000e-06	-1.576227e-06	-4.625891e-09	-1.005875e+01	-2.745158e+02
1.030000e-06	-1.539386e-06	-4.550221e-09	-9.823646e+00	-2.710297e+02
1.040000e-06	-1.502346e-06	-4.499091e-09	-9.587278e+00	-2.674692e+02
1.050000e-06	-1.465113e-06	-4.458639e-09	-9.349671e+00	-2.638357e+02
1.060000e-06	-1.427611e-06	-4.394734e-09	-9.110349e+00	-2.601318e+02
1.070000e-06	-1.389898e-06	-4.317746e-09	-8.869682e+00	-2.563606e+02
1.080000e-06	-1.352088e-06	-4.259979e-09	-8.628399e+00	-2.525250e+02
1.090000e-06	-1.314123e-06	-4.210079e-09	-8.386124e+00	-2.486273e+02
1.100000e-06	-1.275990e-06	-4.137859e-09	-8.142775e+00	-2.446682e+02
1.110000e-06	-1.237695e-06	-4.055653e-09	-7.898395e+00	-2.406468e+02
1.120000e-06	-1.199274e-06	-3.991866e-09	-7.653212e+00	-2.365601e+02
1.130000e-06	-1.160680e-06	-3.935743e-09	-7.406922e+00	-2.324033e+02
1.140000e-06	-1.121909e-06	-3.861923e-09	-7.159503e+00	-2.281697e+02
1.150000e-06	-1.083112e-06	-3.778432e-09	-6.911919e+00	-2.238520e+02
1.160000e-06	-1.044273e-06	-3.710117e-09	-6.664064e+00	-2.194422e+02
1.170000e-06	-1.005292e-06	-3.647519e-09	-6.415305e+00	-2.149325e+02
1.180000e-06	-9.661800e-07	-3.567511e-09	-6.165713e+00	-2.103164e+02
1.190000e-06	-9.269696e-07	-3.478528e-09	-5.915490e+00	-2.055887e+02
1.200000e-06	-8.876679e-07	-3.401594e-09	-5.664685e+00	-2.007461e+02
1.210000e-06	-8.481949e-07	-3.328662e-09	-5.412786e+00	-1.957875e+02
1.220000e-06	-8.085308e-07	-3.240179e-09	-5.159669e+00	-1.907133e+02
1.230000e-06	-7.687351e-07	-3.144712e-09	-4.905711e+00	-1.855255e+02
1.240000e-06	-7.288728e-07	-3.060045e-09	-4.651328e+00	-1.802271e+02
1.250000e-06	-6.889422e-07	-2.980872e-09	-4.396510e+00	-1.748209e+02
1.260000e-06	-6.488778e-07	-2.886900e-09	-4.140837e+00	-1.693096e+02
1.270000e-06	-6.087352e-07	-2.780814e-09	-3.884666e+00	-1.636945e+02
1.280000e-06	-5.685666e-07	-2.685131e-09	-3.628329e+00	-1.579752e+02
1.290000e-06	-5.283450e-07	-2.596082e-09	-3.371653e+00	-1.521494e+02
1.300000e-06	-4.880857e-07	-2.494047e-09	-3.114737e+00	-1.462131e+02
1.310000e-06	-4.477897e-07	-2.381920e-09	-2.857586e+00	-1.401603e+02
1.320000e-06	-4.074506e-07	-2.279070e-09	-2.600161e+00	-1.339838e+02
1.330000e-06	-3.670653e-07	-2.183688e-09	-2.342441e+00	-1.276757e+02
1.340000e-06	-3.266560e-07	-2.076737e-09	-2.084567e+00	-1.212283e+02
1.350000e-06	-2.862663e-07	-1.958807e-09	-1.826819e+00	-1.146344e+02
1.360000e-06	-2.458794e-07	-1.845190e-09	-1.569088e+00	-1.078886e+02
1.370000e-06	-2.054737e-07	-1.735652e-09	-1.311238e+00	-1.009870e+02
1.380000e-06	-1.650237e-07	-1.614440e-09	-1.053104e+00	-9.392844e+01
1.390000e-06	-1.245341e-07	-1.484761e-09	-7.947188e-01	-8.671409e+01
1.400000e-06	-8.404738e-08	-1.362569e-09	-5.363514e-01	-7.934758e+01
1.410000e-06	-4.356755e-08	-1.244336e-09	-2.780279e-01	-7.183485e+01
1.420000e-06	-3.092059e-09	-1.115322e-09	-1.973209e-02	-6.418374e+01
1.430000e-06	3.738566e-08	-9.776876e-10	2.385780e-01	-5.640365e+01
1.440000e-06	7.786365e-08	-8.454598e-10	4.968897e-01	-4.850505e+01
1.450000e-06	1.183390e-07	-7.167507e-10	7.551845e-01	-4.049912e+01
1.460000e-06	1.587986e-07	-5.774507e-10	1.013379e+00	-3.239742e+01
1.470000e-06	1.992479e-07	-4.330251e-10	1.271508e+00	-2.421169e+01
1.480000e-06	2.397040e-07	-2.951051e-10	1.529680e+00	-1.595370e+01
1.490000e-06	2.801346e-07	-1.618363e-10	1.787689e+00	-7.635297e+00
1.500000e-06	3.205664e-07	-2.262892e-11	2.045706e+00	7.316085e-01
1.510000e-06	3.609954e-07	1.232653e-10	2.303705e+00	9.134902e+00
1.520000e-06	4.013770e-07	2.648939e-10	2.561402e+00	1.756218e+01
1.530000e-06	4.417061e-07	4.024797e-10	2.818763e+00	2.600070e+01
1.540000e-06	4.820100e-07	5.451135e-10	3.075964e+00	3.443735e+01
1.550000e-06	5.223118e-07	6.921937e-10	3.333152e+00	4.285871e+01
1.560000e-06	5.626012e-07	8.346196e-10	3.590260e+00	5.125122e+01
1.570000e-06	6.028191e-07	9.693716e-10	3.846912e+00	5.960130e+01
1.580000e-06	6.429237e-07	1.103690e-09	4.102841e+00	6.789567e+01
1.590000e-06	6.829872e-07	1.243875e-09	4.358508e+00	7.612150e+01
1.600000e-06	7.230346e-07	1.383593e-09	4.614072e+00	8.426668e+01
1.610000e-06	7.629513e-07	1.519032e-09	4.868801e+00	9.232001e+01
1.620000e-06	8.026745e-07	1.654504e-09	5.122297e+00	1.002713e+02
1.630000e-06	8.422630e-07	1.792459e-09	5.374932e+00	1.081114e+02
1.640000e-06	8.817770e-07	1.925962e-09	5.627092e+00	1.158323e+02
1.650000e-06	9.211931e-07	2.048854e-09	5.878627e+00	1.234270e+02
1.660000e-06	9.604549e-07	2.166636e-09	6.129178e+00	1.308895e+02
1.670000e-06	9.995568e-07	2.287103e-09	6.378708e+00	1.382148e+02
1.680000e-06	1.038468e-06	2.407433e-09	6.627021e+00	1.453987e+02
1.690000e-06	1.077213e-06	2.524638e-09	6.874276e+00	1.524377e+02
1.700000e-06	1.115910e-06	2.641874e-09	7.121217e+00	1.593294e+02
1.710000e-06	1.154562e-06	2.760534e-09	7.367879e+00	1.660722e+02
1.720000e-06	1.193061e-06	2.875934e-09	7.613562e+00	1.726653e+02
1.730000e-06	1.231419e-06	2.984013e-09	7.858346e+00	1.791092e+02
1.740000e-06	1.269716e-06	3.086738e-09	8.102741e+00	1.854052e+02
1.750000e-06	1.307894e-06	3.187447e-09	8.346370e+00	1.915556e+02
1.760000e-06	1.345807e-06	3.287388e-09	8.588316e+00	1.975638e+02
1.770000e-06	1.383513e-06	3.384709e-09	8.828938e+00	2.034336e+02
1.780000e-06	1.421117e-06	3.480458e-09	9.068907e+00	2.091697e+02
1.790000e-06	1.458485e-06	3.578093e-09	9.307374e+00	2.147766e+02
1.800000e-06	1.495607e-06	3.676441e-09	9.544269e+00	2.202591e+02
1.810000e-06	1.532566e-06	3.767198e-09	9.780125e+00	2.256214e+02
1.820000e-06	1.569322e-06	3.849187e-09	1.001468e+01	2.308671e+02
1.830000e-06	1.605923e-06	3.932066e-09	1.024826e+01	2.359990e+02
1.840000e-06	1.642485e-06	4.019849e-09	1.048158e+01	2.410191e+02
1.850000e-06	1.679010e-06	4.102718e-09	1.071466e+01	2.459284e+02
1.860000e-06	1.715454e-06	4.177977e-09	1.094723e+01	2.507275e+02
1.870000e-06	1.751812e-06	4.255322e-09	1.117925e+01	2.554164e+02
1.880000e-06	1.788067e-06	4.336289e-09	1.141061e+01	2.599952e+02
1.890000e-06	1.824182e-06	4.414694e-09	1.164108e+01	2.644641e+02
1.900000e-06	1.859968e-06	4.487297e-09	1.186946e+01	2.688240e+02
1.910000e-06	1.895406e-06	4.559250e-09	1.209560e+01	2.730769e+02
1.920000e-06	1.930553e-06	4.632180e-09	1.231989e+01	2.772253e+02
1.930000e-06	1.965276e-06	4.701652e-09	1.254148e+01	2.812730e+02
1.940000e-06	1.999503e-06	4.767454e-09	1.275990e+01	2.852247e+02
1.950000e-06	2.033319e-06	4.832540e-09	1.297570e+01	2.890856e+02
1.960000e-06	2.066707e-06	4.898290e-09	1.318877e+01	2.928612e+02
1.970000e-06	2.099722e-06	4.962542e-09	1.339945e+01	2.965567e+02
1.980000e-06	2.132518e-06	5.023650e-09	1.360874e+01	3.001768e+02
1.990000e-06	2.165132e-06	5.082807e-09	1.381687e+01	3.037254e+02
2.000000e-06	2.197646e-06	5.140752e-09	1.402436e+01	3.072051e+02
2.010000e-06	2.230064e-06	5.199087e-09	1.423123e+01	3.106170e+02
2.020000e-06	2.262363e-06	5.257647e-09	1.443735e+01	3.139613e+02
2.030000e-06	2.294502e-06	5.314780e-09	1.464245e+01	3.172368e+02
2.040000e-06	2.326363e-06	5.372120e-09	1.484577e+01	3.204415e+02
2.050000e-06	2.357792e-06	5.428985e-09	1.504634e+01	3.235733e+02
2.060000e-06	2.388845e-06	5.483510e-09	1.524450e+01	3.266298e+02
2.070000e-06	2.419590e-06	5.535281e-09	1.544070e+01	3.296095e+02
2.080000e-06	2.450056e-06	5.584760e-09	1.563512e+01	3.325113e+02
2.090000e-06	2.480356e-06	5.635459e-09	1.582848e+01	3.353356e+02
2.100000e-06	2.510452e-06	5.683706e-09	1.602054e+01	3.380838e+02
2.110000e-06	2.540255e-06	5.727661e-09	1.621073e+01	3.407585e+02
2.120000e-06	2.569650e-06	5.772283e-09	1.639831e+01	3.433634e+02
2.130000e-06	2.598653e-06	5.816901e-09	1.658340e+01	3.459026e+02
2.140000e-06	2.627452e-06	5.859440e-09	1.676718e+01	3.483805e+02
2.150000e-06	2.656082e-06	5.899467e-09	1.694988e+01	3.508015e+02
2.160000e-06	2.684565e-06	5.940139e-09	1.713165e+01	3.531692e+02
2.170000e-06	2.712927e-06	5.980828e-09	1.731264e+01	3.554864e+02
2.180000e-06	2.741045e-06	6.019215e-09	1.749208e+01	3.577550e+02
2.190000e-06	2.768747e-06	6.055373e-09	1.766886e+01	3.599755e+02
2.200000e-06	2.795910e-06	6.092546e-09	1.784220e+01	3.621476e+02
2.210000e-06	2.822505e-06	6.132231e-09	1.801192e+01	3.642701e+02
2.220000e-06	2.848466e-06	6.170354e-09	1.817759e+01	3.663414e+02
2.230000e-06	2.873828e-06	6.205694e-09	1.833944e+01	3.683598e+02
2.240000e-06	2.898785e-06	6.240410e-09	1.849870e+01	3.703239e+02
2.250000e-06	2.923497e-06	6.274585e-09	1.865640e+01	3.722327e+02
2.260000e-06	2.947967e-06	6.305359e-09	1.881256e+01	3.740863e+02
2.270000e-06	2.972200e-06	6.333021e-09	1.896720e+01	3.758856e+02
2.280000e-06	2.996231e-06	6.360454e-09	1.912056e+01	3.776324e+02
2.290000e-06	3.019852e-06	6.390284e-09	1.927129e+01	3.793295e+02
2.300000e-06	3.042967e-06	6.420536e-09	1.941880e+01	3.809799e+02
2.310000e-06	3.065767e-06	6.450851e-09	1.956430e+01	3.825872e+02
2.320000e-06	3.088312e-06	6.480357e-09	1.970818e+01	3.841547e+02
2.330000e-06	3.110500e-06	6.507339e-09	1.984977e+01	3.856853e+02
2.340000e-06	3.132334e-06	6.531343e-09	1.998910e+01	3.871813e+02
2.350000e-06	3.153780e-06	6.553578e-09	2.012596e+01	3.886440e+02
2.360000e-06	3.174818e-06	6.577296e-09	2.026022e+01	3.900738e+02
2.370000e-06	3.195549e-06	6.601428e-09	2.039251e+01	3.914704e+02
2.380000e-06	3.216056e-06	6.626652e-09	2.052338e+01	3.928326e+02
2.390000e-06	3.236392e-06	6.651188e-09	2.065315e+01	3.941588e+02
2.400000e-06	3.256486e-06	6.674519e-09	2.078138e+01	3.954473e+02
2.410000e-06	3.276192e-06	6.698260e-09	2.090714e+01	3.966963e+02
2.420000e-06	3.295330e-06	6.720669e-09	2.102927e+01	3.979046e+02
2.430000e-06	3.313860e-06	6.739891e-09	2.114752e+01	3.990717e+02
2.440000e-06	3.332003e-06	6.757103e-09	2.126330e+01	4.001977e+02
2.450000e-06	3.349865e-06	6.774722e-09	2.137728e+01	4.012836e+02
2.460000e-06	3.367489e-06	6.790426e-09	2.148975e+01	4.023313e+02
2.470000e-06	3.384855e-06	6.804812e-09	2.160057e+01	4.033430e+02
2.480000e-06	3.401855e-06	6.820389e-09	2.170906e+01	4.043218e+02
2.490000e-06	3.418282e-06	6.838587e-09	2.181389e+01	4.052706e+02
2.500000e-06	3.434074e-06	6.855274e-09	2.191467e+01	4.061923e+02
2.510000e-06	3.449344e-06	6.869371e-09	2.201212e+01	4.070895e+02
2.520000e-06	3.464128e-06	6.883151e-09	2.210646e+01	4.079643e+02
2.530000e-06	3.478508e-06	6.898200e-09	2.219822e+01	4.088180e+02
2.540000e-06	3.492498e-06	6.914239e-09	2.228750e+01	4.096511e+02
2.550000e-06	3.505994e-06	6.929982e-09	2.237363e+01	4.104634e+02
2.560000e-06	3.519036e-06	6.946124e-09	2.245686e+01	4.112537e+02
2.570000e-06	3.531724e-06	6.960236e-09	2.253782e+01	4.120206e+02
2.580000e-06	3.544006e-06	6.970682e-09	2.261621e+01	4.127618e+02
2.590000e-06	3.555831e-06	6.979008e-09	2.269166e+01	4.134752e+02
2.600000e-06	3.567052e-06	6.988334e-09	2.276327e+01	4.141584e+02
2.610000e-06	3.577505e-06	6.998560e-09	2.282998e+01	4.148093e+02
2.620000e-06	3.587249e-06	7.009027e-09	2.289216e+01	4.154263e+02
2.630000e-06	3.596463e-06	7.020979e-09	2.295096e+01	4.160082e+02
2.640000e-06	3.605278e-06	7.033857e-09	2.300721e+01	4.165546e+02
2.650000e-06	3.613794e-06	7.042773e-09	2.306156e+01	4.170660e+02
2.660000e-06	3.622026e-06	7.047921e-09	2.311409e+01	4.175432e+02
2.670000e-06	3.629908e-06	7.053334e-09	2.316439e+01	4.179882e+02
2.680000e-06	3.637331e-06	7.060338e-09	2.321176e+01	4.184033e+02
2.690000e-06	3.644295e-06	7.068497e-09	2.325620e+01	4.187910e+02
2.700000e-06	3.650880e-06	7.074567e-09	2.329823e+01	4.191542e+02
2.710000e-06	3.657069e-06	7.079004e-09	2.333772e+01	4.194956e+02
2.720000e-06	3.662755e-06	7.085239e-09	2.337400e+01	4.198176e+02
2.730000e-06	3.667927e-06	7.092292e-09	2.340701e+01	4.201219e+02
2.740000e-06	3.672747e-06	7.097635e-09	2.343777e+01	4.204096e+02
2.750000e-06	3.677354e-06	7.099650e-09	2.346717e+01	4.206806e+02
2.760000e-06	3.681731e-06	7.102169e-09	2.349510e+01	4.209344e+02
2.770000e-06	3.685822e-06	7.105188e-09	2.352120e+01	4.211691e+02
2.780000e-06	3.689344e-06	7.106265e-09	2.354368e+01	4.213826e+02
2.790000e-06	3.692101e-06	7.106386e-09	2.356128e+01	4.215722e+02
2.800000e-06	3.694102e-06	7.105796e-09	2.357404e+01	4.217350e+02
2.810000e-06	3.695437e-06	7.106936e-09	2.358257e+01	4.218686e+02
2.820000e-06	3.696354e-06	7.108843e-09	2.358842e+01	4.219711e+02
2.830000e-06	3.696961e-06	7.109084e-09	2.359229e+01	4.220418e+02
2.840000e-06	3.697300e-06	7.110135e-09	2.359445e+01	4.220810e+02
2.850000e-06	3.697354e-06	7.112899e-09	2.359480e+01	4.220904e+02
2.860000e-06	3.696952e-06	7.116697e-09	2.359223e+01	4.220730e+02
2.870000e-06	3.696050e-06	7.118896e-09	2.358648e+01	4.220328e+02
2.880000e-06	3.694771e-06	7.108594e-09	2.357831e+01	4.219746e+02
2.890000e-06	3.693160e-06	7.090830e-09	2.356804e+01	4.219036e+02
2.900000e-06	3.691181e-06	7.091644e-09	2.355540e+01	4.218246e+02
2.910000e-06	3.688788e-06	7.093907e-09	2.354014e+01	4.217415e+02
2.920000e-06	3.685984e-06	7.122982e-09	2.352224e+01	4.216570e+02
2.930000e-06	3.682810e-06	7.245480e-09	2.350198e+01	4.215719e+02
2.940000e-06	3.679287e-06	7.250444e-09	2.347950e+01	4.214851e+02
2.950000e-06	3.675222e-06	7.009199e-09	2.345356e+01	4.213934e+02
2.960000e-06	3.670644e-06	6.859766e-09	2.342435e+01	4.212915e+02
2.970000e-06	3.665945e-06	7.103671e-09	2.339436e+01	4.211728e+02
2.980000e-06	3.660834e-06	7.224547e-09	2.336175e+01	4.210294e+02
2.990000e-06	3.654762e-06	7.003845e-09	2.332300e+01	4.208533e+02
3.000000e-06	3.647897e-06	7.035594e-09	2.327919e+01	4.206368e+02
3.010000e-06	3.640669e-06	7.316496e-09	2.323306e+01	4.203733e+02
3.020000e-06	3.633132e-06	7.289256e-09	2.318496e+01	4.200577e+02
3.030000e-06	3.625237e-06	7.040574e-09	2.313458e+01	4.196872e+02
3.040000e-06	3.617099e-06	7.109111e-09	2.308265e+01	4.192611e+02
3.050000e-06	3.608716e-06	7.100558e-09	2.302915e+01	4.187811e+02
3.060000e-06	3.599837e-06	7.021762e-09	2.297249e+01	4.182508e+02
3.070000e-06	3.590410e-06	7.198553e-09	2.291233e+01	4.176753e+02
3.080000e-06	3.580605e-06	7.110654e-09	2.284976e+01	4.170606e+02
3.090000e-06	3.570415e-06	6.798968e-09	2.278473e+01	4.164129e+02
3.100000e-06	3.559660e-06	6.998707e-09	2.271610e+01	4.157381e+02
3.110000e-06	3.548382e-06	7.272419e-09	2.264413e+01	4.150408e+02
3.120000e-06	3.536752e-06	6.957800e-09	2.256991e+01	4.143245e+02
3.130000e-06	3.524774e-06	6.837922e-09	2.249347e+01	4.135907e+02
3.140000e-06	3.512130e-06	7.197582e-09	2.241278e+01	4.128394e+02
3.150000e-06	3.498616e-06	7.194343e-09	2.232655e+01	4.120695e+02
3.160000e-06	3.484501e-06	6.823870e-09	2.223647e+01	4.112785e+02
3.170000e-06	3.469970e-06	6.791671e-09	2.214374e+01	4.104637e+02
3.180000e-06	3.454962e-06	7.007844e-09	2.204796e+01	4.096223e+02
3.190000e-06	3.439576e-06	7.034588e-09	2.194978e+01	4.087520e+02
3.200000e-06	3.423999e-06	6.803008e-09	2.185038e+01	4.078518e+02
3.210000e-06	3.408069e-06	6.751793e-09	2.174871e+01	4.069215e+02
3.220000e-06	3.391616e-06	6.992428e-09	2.164372e+01	4.059622e+02
3.230000e-06	3.374689e-06	6.983742e-09	2.153570e+01	4.049761e+02
3.240000e-06	3.357467e-06	6.717779e-09	2.142580e+01	4.039659e+02
3.250000e-06	3.339926e-06	6.738468e-09	2.131386e+01	4.029346e+02
3.260000e-06	3.321991e-06	6.890900e-09	2.119941e+01	4.018850e+02
3.270000e-06	3.303591e-06	6.829789e-09	2.108199e+01	4.008189e+02
3.280000e-06	3.284776e-06	6.716096e-09	2.096192e+01	3.997371e+02
3.290000e-06	3.265652e-06	6.700057e-09	2.083988e+01	3.986389e+02
3.300000e-06	3.246284e-06	6.774717e-09	2.071628e+01	3.975223e+02
3.310000e-06	3.226763e-06	6.770886e-09	2.059170e+01	3.963841e+02
3.320000e-06	3.206988e-06	6.637212e-09	2.046551e+01	3.952203e+02
3.330000e-06	3.186736e-06	6.599925e-09	2.033627e+01	3.940263e+02
3.340000e-06	3.165894e-06	6.692058e-09	2.020327e+01	3.927982e+02
3.350000e-06	3.144451e-06	6.677246e-09	2.006643e+01	3.915324e+02
3.360000e-06	3.122370e-06	6.567362e-09	1.992552e+01	3.902269e+02
3.370000e-06	3.099736e-06	6.525005e-09	1.978108e+01	3.888809e+02
3.380000e-06	3.076708e-06	6.575449e-09	1.963412e+01	3.874953e+02
3.390000e-06	3.053417e-06	6.577908e-09	1.948549e+01	3.860726e+02
3.400000e-06	3.029938e-06	6.477816e-09	1.933566e+01	3.846161e+02
3.410000e-06	3.006215e-06	6.424174e-09	1.918427e+01	3.831300e+02
3.420000e-06	2.982170e-06	6.476938e-09	1.903083e+01	3.816181e+02
3.430000e-06	2.957759e-06	6.479122e-09	1.887505e+01	3.800838e+02
3.440000e-06	2.932945e-06	6.376003e-09	1.871669e+01	3.785291e+02
3.450000e-06	2.907799e-06	6.318240e-09	1.855623e+01	3.769545e+02
3.460000e-06	2.882303e-06	6.366397e-09	1.839352e+01	3.753587e+02
3.470000e-06	2.856411e-06	6.366977e-09	1.822829e+01	3.737385e+02
3.480000e-06	2.830206e-06	6.264762e-09	1.806106e+01	3.720895e+02
3.490000e-06	2.803662e-06	6.211997e-09	1.789167e+01	3.704062e+02
3.500000e-06	2.776720e-06	6.245779e-09	1.771974e+01	3.686828e+02
3.510000e-06	2.749500e-06	6.235321e-09	1.754604e+01	3.669138e+02
3.520000e-06	2.722119e-06	6.140302e-09	1.737130e+01	3.650950e+02
3.530000e-06	2.694610e-06	6.085460e-09	1.719575e+01	3.632234e+02
3.540000e-06	2.666923e-06	6.116779e-09	1.701906e+01	3.612984e+02
3.550000e-06	2.638919e-06	6.109804e-09	1.684036e+01	3.593208e+02
3.560000e-06	2.610516e-06	6.018458e-09	1.665910e+01	3.572937e+02
3.570000e-06	2.581586e-06	5.963251e-09	1.647449e+01	3.552214e+02
3.580000e-06	2.552075e-06	5.979067e-09	1.628616e+01	3.531088e+02
3.590000e-06	2.522090e-06	5.960454e-09	1.609481e+01	3.509614e+02
3.600000e-06	2.491667e-06	5.870906e-09	1.590067e+01	3.487836e+02
3.610000e-06	2.460816e-06	5.814935e-09	1.570379e+01	3.465789e+02
3.620000e-06	2.429645e-06	5.827881e-09	1.550487e+01	3.443488e+02
3.630000e-06	2.398297e-06	5.813342e-09	1.530482e+01	3.420932e+02
3.640000e-06	2.366845e-06	5.730659e-09	1.510411e+01	3.398098e+02
3.650000e-06	2.335216e-06	5.669233e-09	1.490226e+01	3.374948e+02
3.660000e-06	2.303309e-06	5.666876e-09	1.469865e+01	3.351432e+02
3.670000e-06	2.271048e-06	5.642667e-09	1.449277e+01	3.327495e+02
3.680000e-06	2.238521e-06	5.560753e-09	1.428520e+01	3.303084e+02
3.690000e-06	2.205791e-06	5.499800e-09	1.407633e+01	3.278154e+02
3.700000e-06	2.172822e-06	5.496549e-09	1.386594e+01	3.252672e+02
3.710000e-06	2.139604e-06	5.475683e-09	1.365396e+01	3.226625e+02
3.720000e-06	2.106162e-06	5.399495e-09	1.344055e+01	3.200015e+02
3.730000e-06	2.072578e-06	5.332675e-09	1.322623e+01	3.172860e+02
3.740000e-06	2.038796e-06	5.313059e-09	1.301065e+01	3.145191e+02
3.750000e-06	2.004700e-06	5.281323e-09	1.279306e+01	3.117045e+02
3.760000e-06	1.970299e-06	5.203775e-09	1.257353e+01	3.088460e+02
3.770000e-06	1.935644e-06	5.136186e-09	1.235238e+01	3.059465e+02
3.780000e-06	1.900705e-06	5.114828e-09	1.212942e+01	3.030078e+02
3.790000e-06	1.865558e-06	5.083997e-09	1.190513e+01	3.000301e+02
3.800000e-06	1.830302e-06	5.006599e-09	1.168014e+01	2.970116e+02
3.810000e-06	1.794969e-06	4.932910e-09	1.145466e+01	2.939492e+02
3.820000e-06	1.759542e-06	4.901840e-09	1.122858e+01	2.908380e+02
3.830000e-06	1.723978e-06	4.865922e-09	1.100163e+01	2.876724e+02
3.840000e-06	1.688300e-06	4.788687e-09	1.077395e+01	2.844465e+02
3.850000e-06	1.652527e-06	4.715460e-09	1.054566e+01	2.811549e+02
3.860000e-06	1.616569e-06	4.681214e-09	1.031619e+01	2.777932e+02
3.870000e-06	1.580347e-06	4.639968e-09	1.008504e+01	2.743583e+02
3.880000e-06	1.543801e-06	4.558849e-09	9.851821e+00	2.708489e+02
3.890000e-06	1.506892e-06	4.479044e-09	9.616285e+00	2.672654e+02
3.900000e-06	1.469622e-06	4.433315e-09	9.378448e+00	2.636096e+02
3.910000e-06	1.432005e-06	4.385594e-09	9.138391e+00	2.598843e+02
3.920000e-06	1.394058e-06	4.303460e-09	8.896230e+00	2.560927e+02
3.930000e-06	1.355817e-06	4.221042e-09	8.652195e+00	2.522375e+02
3.940000e-06	1.317317e-06	4.169819e-09	8.406505e+00	2.483207e+02
3.950000e-06	1.278540e-06	4.118801e-09	8.159049e+00	2.443423e+02
3.960000e-06	1.239534e-06	4.037063e-09	7.910130e+00	2.403009e+02
3.970000e-06	1.200417e-06	3.951668e-09	7.660506e+00	2.361929e+02
3.980000e-06	1.161276e-06	3.891597e-09	7.410727e+00	2.320129e+02
3.990000e-06	1.122072e-06	3.832280e-09	7.160545e+00	2.277540e+02
4.000000e-06	1.082785e-06	3.743547e-09	6.909834e+00	2.234083e+02
4.010000e-06	1.043435e-06	3.650831e-09	6.658716e+00	2.189681e+02
4.020000e-06	1.004012e-06	3.583687e-09	6.407141e+00	2.144258e+02
4.030000e-06	9.645579e-07	3.521133e-09	6.155361e+00	2.097753e+02
4.040000e-06	9.250376e-07	3.432565e-09	5.903161e+00	2.050120e+02
4.050000e-06	8.854474e-07	3.337130e-09	5.650515e+00	2.001332e+02
4.060000e-06	8.457919e-07	3.262631e-09	5.397451e+00	1.951383e+02
4.070000e-06	8.060389e-07	3.188294e-09	5.143767e+00	1.900284e+02
4.080000e-06	7.662403e-07	3.089536e-09	4.889790e+00	1.848058e+02
4.090000e-06	7.263914e-07	2.986563e-09	4.635493e+00	1.794734e+02
4.100000e-06	6.864475e-07	2.900118e-09	4.380590e+00	1.740342e+02
4.110000e-06	6.463915e-07	2.815426e-09	4.124971e+00	1.684904e+02
4.120000e-06	6.062817e-07	2.712351e-09	3.869008e+00	1.628428e+02
4.130000e-06	5.661556e-07	2.604492e-09	3.612943e+00	1.570906e+02
4.140000e-06	5.259616e-07	2.512883e-09	3.356443e+00	1.512308e+02
4.150000e-06	4.856474e-07	2.425892e-09	3.099176e+00	1.452588e+02
4.160000e-06	4.452623e-07	2.320552e-09	2.841457e+00	1.391682e+02
4.170000e-06	4.048831e-07	2.205075e-09	2.583776e+00	1.329514e+02
4.180000e-06	3.643891e-07	2.100895e-09	2.325362e+00	1.266006e+02
4.190000e-06	3.237568e-07	1.999028e-09	2.066066e+00	1.201082e+02
4.200000e-06	2.831011e-07	1.882044e-09	1.806620e+00	1.134674e+02
4.210000e-06	2.424558e-07	1.757704e-09	1.547240e+00	1.066732e+02
4.220000e-06	2.017571e-07	1.645556e-09	1.287520e+00	9.972259e+01
4.230000e-06	1.610145e-07	1.536741e-09	1.027520e+00	9.261512e+01
4.240000e-06	1.202913e-07	1.412780e-09	7.676432e-01	8.535273e+01
4.250000e-06	7.951076e-08	1.281411e-09	5.074008e-01	7.793981e+01
4.260000e-06	3.869788e-08	1.156512e-09	2.469519e-01	7.038293e+01
4.270000e-06	-2.100613e-09	1.031348e-09	-1.340514e-02	6.269047e+01
4.280000e-06	-4.291350e-08	8.932314e-10	-2.738540e-01	5.487220e+01
4.290000e-06	-8.367337e-08	7.501761e-10	-5.339647e-01	4.693886e+01
4.300000e-06	-1.243497e-07	6.176006e-10	-7.935420e-01	3.890176e+01
4.310000e-06	-1.650580e-07	4.892835e-10	-1.053324e+00	3.077256e+01
4.320000e-06	-2.057765e-07	3.511089e-10	-1.313170e+00	2.256300e+01
4.330000e-06	-2.464495e-07	2.084801e-10	-1.572726e+00	1.428488e+01
4.340000e-06	-2.871248e-07	7.291876e-11	-1.832297e+00	5.950047e+00
4.350000e-06	-3.277571e-07	-6.233996e-11	-2.091594e+00	-2.429523e+00
4.360000e-06	-3.682669e-07	-2.097578e-10	-2.350109e+00	-1.084164e+01
4.370000e-06	-4.086651e-07	-3.624011e-10	-2.607911e+00	-1.927380e+01
4.380000e-06	-4.490379e-07	-5.062651e-10	-2.865552e+00	-2.771314e+01
4.390000e-06	-4.893962e-07	-6.435931e-10	-3.123099e+00	-3.614645e+01
4.400000e-06	-5.296722e-07	-7.852179e-10	-3.380122e+00	-4.456023e+01
4.410000e-06	-5.697635e-07	-9.285207e-10	-3.635966e+00	-5.294091e+01
4.420000e-06	-6.097649e-07	-1.064877e-09	-3.891237e+00	-6.127497e+01
4.430000e-06	-6.497659e-07	-1.197750e-09	-4.146504e+00	-6.954925e+01
4.440000e-06	-6.896705e-07	-1.336555e-09	-4.401158e+00	-7.775112e+01
4.450000e-06	-7.294864e-07	-1.480681e-09	-4.655244e+00	-8.586873e+01
4.460000e-06	-7.692352e-07	-1.617323e-09	-4.908902e+00	-9.389119e+01
4.470000e-06	-8.089333e-07	-1.747739e-09	-5.162237e+00	-1.018086e+02
4.480000e-06	-8.485932e-07	-1.881680e-09	-5.415328e+00	-1.096123e+02
4.490000e-06	-8.882165e-07	-2.015694e-09	-5.668186e+00	-1.172944e+02
4.500000e-06	-9.277757e-07	-2.139991e-09	-5.920634e+00	-1.248484e+02
4.510000e-06	-9.672417e-07	-2.258426e-09	-6.172488e+00	-1.322686e+02
4.520000e-06	-1.006651e-06	-2.382240e-09	-6.423982e+00	-1.395500e+02
4.530000e-06	-1.046014e-06	-2.510457e-09	-6.675174e+00	-1.466889e+02
4.540000e-06	-1.085325e-06	-2.630149e-09	-6.926039e+00	-1.536821e+02
4.550000e-06	-1.124566e-06	-2.739678e-09	-7.176456e+00	-1.605274e+02
4.560000e-06	-1.163732e-06	-2.851148e-09	-7.426399e+00	-1.672234e+02
4.570000e-06	-1.202848e-06	-2.965020e-09	-7.676020e+00	-1.737698e+02
4.580000e-06	-1.241827e-06	-3.072703e-09	-7.924764e+00	-1.801673e+02
4.590000e-06	-1.280647e-06	-3.172030e-09	-8.172497e+00	-1.864174e+02
4.600000e-06	-1.319323e-06	-3.272964e-09	-8.419307e+00	-1.925230e+02
4.610000e-06	-1.357795e-06	-3.378117e-09	-8.664818e+00	-1.984875e+02
4.620000e-06	-1.395945e-06	-3.480552e-09	-8.908271e+00	-2.043150e+02
4.630000e-06	-1.433712e-06	-3.576065e-09	-9.149285e+00	-2.100101e+02
4.640000e-06	-1.471163e-06	-3.671552e-09	-9.388283e+00	-2.155777e+02
4.650000e-06	-1.508270e-06	-3.767660e-09	-9.625081e+00	-2.210222e+02
4.660000e-06	-1.545086e-06	-3.856584e-09	-9.860024e+00	-2.263477e+02
4.670000e-06	-1.581604e-06	-3.937029e-09	-1.009307e+01	-2.315575e+02
4.680000e-06	-1.617782e-06	-4.018201e-09	-1.032393e+01	-2.366543e+02
4.690000e-06	-1.653701e-06	-4.104224e-09	-1.055315e+01	-2.416397e+02
4.700000e-06	-1.689422e-06	-4.187218e-09	-1.078111e+01	-2.465145e+02
4.710000e-06	-1.725004e-06	-4.266263e-09	-1.100818e+01	-2.512791e+02
4.720000e-06	-1.760499e-06	-4.348110e-09	-1.123469e+01	-2.559336e+02
4.730000e-06	-1.795940e-06	-4.432768e-09	-1.146086e+01	-2.604779e+02
4.740000e-06	-1.831319e-06	-4.508266e-09	-1.168663e+01	-2.649126e+02
4.750000e-06	-1.866590e-06	-4.574129e-09	-1.191171e+01	-2.692389e+02
4.760000e-06	-1.901686e-06	-4.640605e-09	-1.213568e+01	-2.734587e+02
4.770000e-06	-1.936536e-06	-4.711156e-09	-1.235808e+01	-2.775752e+02
4.780000e-06	-1.971099e-06	-4.777555e-09	-1.257864e+01	-2.815924e+02
4.790000e-06	-2.005356e-06	-4.839239e-09	-1.279725e+01	-2.855151e+02
4.800000e-06	-2.039301e-06	-4.904558e-09	-1.301388e+01	-2.893487e+02
4.810000e-06	-2.072998e-06	-4.972226e-09	-1.322891e+01	-2.930987e+02
4.820000e-06	-2.106476e-06	-5.034568e-09	-1.344255e+01	-2.967701e+02
4.830000e-06	-2.139762e-06	-5.089983e-09	-1.365497e+01	-3.003676e+02
4.840000e-06	-2.172862e-06	-5.146696e-09	-1.386620e+01	-3.038944e+02
4.850000e-06	-2.205734e-06	-5.205771e-09	-1.407597e+01	-3.073528e+02
4.860000e-06	-2.238279e-06	-5.260037e-09	-1.428366e+01	-3.107436e+02
4.870000e-06	-2.270438e-06	-5.310232e-09	-1.448888e+01	-3.140666e+02
4.880000e-06	-2.302282e-06	-5.363907e-09	-1.469209e+01	-3.173201e+02
4.890000e-06	-2.333930e-06	-5.420651e-09	-1.489406e+01	-3.205023e+02
4.900000e-06	-2.365461e-06	-5.471736e-09	-1.509527e+01	-3.236108e+02
4.910000e-06	-2.396850e-06	-5.516906e-09	-1.529558e+01	-3.266434e+02
4.920000e-06	-2.427995e-06	-5.564010e-09	-1.549434e+01	-3.295988e+02
4.930000e-06	-2.458832e-06	-5.615724e-09	-1.569113e+01	-3.324763e+02
4.940000e-06	-2.489393e-06	-5.662460e-09	-1.588615e+01	-3.352765e+02
4.950000e-06	-2.519567e-06	-5.702392e-09	-1.607871e+01	-3.380014e+02
4.960000e-06	-2.549223e-06	-5.745102e-09	-1.626796e+01	-3.406539e+02
4.970000e-06	-2.578291e-06	-5.790635e-09	-1.645346e+01	-3.432377e+02
4.980000e-06	-2.606852e-06	-5.832498e-09	-1.663572e+01	-3.457573e+02
4.990000e-06	-2.635006e-06	-5.868254e-09	-1.681538e+01	-3.482170e+02
5.000000e-06	-2.662826e-06	-5.904748e-09	-1.699292e+01	-3.506209e+02
5.010000e-06	-2.690411e-06	-5.946687e-09	-1.716895e+01	-3.529726e+02
5.020000e-06	-2.717813e-06	-5.987758e-09	-1.734382e+01	-3.552744e+02
5.030000e-06	-2.745067e-06	-6.024842e-09	-1.751774e+01	-3.575279e+02
5.040000e-06	-2.772065e-06	-6.061639e-09	-1.769003e+01	-3.597334e+02
5.050000e-06	-2.798710e-06	-6.099537e-09	-1.786007e+01	-3.618901e+02
5.060000e-06	-2.825018e-06	-6.134497e-09	-1.802795e+01	-3.639968e+02
5.070000e-06	-2.850999e-06	-6.164571e-09	-1.819375e+01	-3.660517e+02
5.080000e-06	-2.876651e-06	-6.194943e-09	-1.835745e+01	-3.680533e+02
5.090000e-06	-2.901963e-06	-6.227186e-09	-1.851898e+01	-3.700001e+02
5.100000e-06	-2.926915e-06	-6.258390e-09	-1.867822e+01	-3.718916e+02
5.110000e-06	-2.951477e-06	-6.288714e-09	-1.883496e+01	-3.737281e+02
5.120000e-06	-2.975688e-06	-6.318268e-09	-1.898946e+01	-3.755107e+02
5.130000e-06	-2.999571e-06	-6.348638e-09	-1.914187e+01	-3.772416e+02
5.140000e-06	-3.023137e-06	-6.378064e-09	-1.929226e+01	-3.789237e+02
5.150000e-06	-3.046486e-06	-6.403895e-09	-1.944126e+01	-3.805603e+02
5.160000e-06	-3.069594e-06	-6.427752e-09	-1.958873e+01	-3.821548e+02
5.170000e-06	-3.092340e-06	-6.449998e-09	-1.973388e+01	-3.837105e+02
5.180000e-06	-3.114727e-06	-6.472546e-09	-1.987674e+01	-3.852301e+02
5.190000e-06	-3.136644e-06	-6.495907e-09	-2.001661e+01	-3.867155e+02
5.200000e-06	-3.157916e-06	-6.522018e-09	-2.015236e+01	-3.881679e+02
5.210000e-06	-3.178548e-06	-6.549692e-09	-2.028402e+01	-3.895874e+02
5.220000e-06	-3.198612e-06	-6.575656e-09	-2.041206e+01	-3.909734e+02
5.230000e-06	-3.218289e-06	-6.598536e-09	-2.053763e+01	-3.923245e+02
5.240000e-06	-3.237742e-06	-6.617942e-09	-2.066177e+01	-3.936391e+02
5.250000e-06	-3.257034e-06	-6.635998e-09	-2.078488e+01	-3.949153e+02
5.260000e-06	-3.276053e-06	-6.653383e-09	-2.090625e+01	-3.961517e+02
5.270000e-06	-3.294624e-06	-6.670238e-09	-2.102476e+01	-3.973472e+02
5.280000e-06	-3.312761e-06	-6.687881e-09	-2.114051e+01	-3.985013e+02
5.290000e-06	-3.330508e-06	-6.708313e-09	-2.125376e+01	-3.996147e+02
5.300000e-06	-3.347936e-06	-6.731221e-09	-2.136497e+01	-4.006884e+02
5.310000e-06	-3.365056e-06	-6.752319e-09	-2.147423e+01	-4.017245e+02
5.320000e-06	-3.381760e-06	-6.769827e-09	-2.158082e+01	-4.027256e+02
5.330000e-06	-3.398007e-06	-6.785378e-09	-2.168451e+01	-4.036947e+02
5.340000e-06	-3.413849e-06	-6.798616e-09	-2.178560e+01	-4.046347e+02
5.350000e-06	-3.429451e-06	-6.810859e-09	-2.188517e+01	-4.055484e+02
5.360000e-06	-3.444819e-06	-6.823758e-09	-2.198324e+01	-4.064385e+02
5.370000e-06	-3.459848e-06	-6.839908e-09	-2.207915e+01	-4.073065e+02
5.380000e-06	-3.474465e-06	-6.857806e-09	-2.217242e+01	-4.081538e+02
5.390000e-06	-3.488340e-06	-6.873303e-09	-2.226097e+01	-4.089804e+02
5.400000e-06	-3.501389e-06	-6.886218e-09	-2.234424e+01	-4.097859e+02
5.410000e-06	-3.513814e-06	-6.898156e-09	-2.242353e+01	-4.105691e+02
5.420000e-06	-3.525698e-06	-6.910540e-09	-2.249937e+01	-4.113282e+02
5.430000e-06	-3.537213e-06	-6.921873e-09	-2.257285e+01	-4.120610e+02
5.440000e-06	-3.548399e-06	-6.932056e-09	-2.264424e+01	-4.127651e+02
5.450000e-06	-3.559133e-06	-6.943734e-09	-2.271273e+01	-4.134384e+02
5.460000e-06	-3.569351e-06	-6.956751e-09	-2.277794e+01	-4.140789e+02
5.470000e-06	-3.579153e-06	-6.968340e-09	-2.284050e+01	-4.146849e+02
5.480000e-06	-3.588616e-06	-6.976302e-09	-2.290088e+01	-4.152558e+02
5.490000e-06	-3.597748e-06	-6.983061e-09	-2.295916e+01	-4.157911e+02
5.500000e-06	-3.606445e-06	-6.991125e-09	-2.301466e+01	-4.162917e+02
5.510000e-06	-3.614600e-06	-6.998432e-09	-2.306670e+01	-4.167586e+02
5.520000e-06	-3.622326e-06	-7.005418e-09	-2.311600e+01	-4.171940e+02
5.530000e-06	-3.629795e-06	-7.013877e-09	-2.316367e+01	-4.176001e+02
5.540000e-06	-3.637017e-06	-7.023059e-09	-2.320976e+01	-4.179799e+02
5.550000e-06	-3.643925e-06	-7.030313e-09	-2.325384e+01	-4.183360e+02
5.560000e-06	-3.650316e-06	-7.035331e-09	-2.329462e+01	-4.186711e+02
5.570000e-06	-3.655978e-06	-7.041170e-09	-2.333075e+01	-4.189874e+02
5.580000e-06	-3.660934e-06	-7.048012e-09	-2.336238e+01	-4.192864e+02
5.590000e-06	-3.665247e-06	-7.052936e-09	-2.338991e+01	-4.195689e+02
5.600000e-06	-3.669068e-06	-7.055749e-09	-2.341429e+01	-4.198346e+02
5.610000e-06	-3.672608e-06	-7.061158e-09	-2.343688e+01	-4.200826e+02
5.620000e-06	-3.675932e-06	-7.068100e-09	-2.345810e+01	-4.203110e+02
5.630000e-06	-3.678938e-06	-7.071691e-09	-2.347728e+01	-4.205173e+02
5.640000e-06	-3.681504e-06	-7.073786e-09	-2.349365e+01	-4.206987e+02
5.650000e-06	-3.683564e-06	-7.076995e-09	-2.350680e+01	-4.208526e+02
5.660000e-06	-3.685254e-06	-7.081227e-09	-2.351758e+01	-4.209767e+02
5.670000e-06	-3.686633e-06	-7.084045e-09	-2.352638e+01	-4.210693e+02
5.680000e-06	-3.687554e-06	-7.084679e-09	-2.353226e+01	-4.211300e+02
5.690000e-06	-3.687904e-06	-7.086270e-09	-2.353450e+01	-4.211597e+02
