# Temperatura_=_20.0
# Concentracion g/m^3_=_9000.0
# C_Vs_to_Am_M_A/Vsm_=_59384043850.047264
# pendiente_HvsI_1/m_=_3716.3
# ordenada_HvsI_A/m_=_1297.0
# frecuencia_Hz_=_175666.87521201713

Tiempo_(s)	Campo_(V.s)	Magnetizacion_(V.s)	Campo_(kA/m)	Magnetizacion_(A/m)
0.000000e+00	-3.686097e-06	-6.946384e-09	-2.353981e+01	-4.164727e+02
1.000000e-08	-3.685815e-06	-6.946283e-09	-2.353801e+01	-4.164806e+02
2.000000e-08	-3.685337e-06	-6.946620e-09	-2.353496e+01	-4.164696e+02
3.000000e-08	-3.684607e-06	-6.950559e-09	-2.353030e+01	-4.164378e+02
4.000000e-08	-3.683524e-06	-6.959632e-09	-2.352338e+01	-4.163831e+02
5.000000e-08	-3.681832e-06	-6.963553e-09	-2.351257e+01	-4.163028e+02
6.000000e-08	-3.679310e-06	-6.945655e-09	-2.349647e+01	-4.161942e+02
7.000000e-08	-3.676097e-06	-6.909710e-09	-2.347595e+01	-4.160541e+02
8.000000e-08	-3.672312e-06	-6.876752e-09	-2.345177e+01	-4.158793e+02
9.000000e-08	-3.668058e-06	-6.891555e-09	-2.342461e+01	-4.156668e+02
1.000000e-07	-3.663521e-06	-6.953154e-09	-2.339564e+01	-4.154138e+02
1.100000e-07	-3.658719e-06	-6.965957e-09	-2.336497e+01	-4.151182e+02
1.200000e-07	-3.653594e-06	-6.902647e-09	-2.333224e+01	-4.147788e+02
1.300000e-07	-3.648059e-06	-6.880164e-09	-2.329689e+01	-4.143954e+02
1.400000e-07	-3.642049e-06	-6.967994e-09	-2.325851e+01	-4.139689e+02
1.500000e-07	-3.635602e-06	-6.959461e-09	-2.321734e+01	-4.135020e+02
1.600000e-07	-3.628748e-06	-6.847005e-09	-2.317357e+01	-4.129981e+02
1.700000e-07	-3.621424e-06	-6.847519e-09	-2.312680e+01	-4.124622e+02
1.800000e-07	-3.613591e-06	-6.919753e-09	-2.307678e+01	-4.118998e+02
1.900000e-07	-3.605393e-06	-6.923681e-09	-2.302442e+01	-4.113169e+02
2.000000e-07	-3.596976e-06	-6.874843e-09	-2.297068e+01	-4.107190e+02
2.100000e-07	-3.588301e-06	-6.882125e-09	-2.291527e+01	-4.101113e+02
2.200000e-07	-3.579162e-06	-6.850026e-09	-2.285691e+01	-4.094975e+02
2.300000e-07	-3.569317e-06	-6.849171e-09	-2.279404e+01	-4.088797e+02
2.400000e-07	-3.558759e-06	-6.911906e-09	-2.272661e+01	-4.082581e+02
2.500000e-07	-3.547514e-06	-6.862025e-09	-2.265481e+01	-4.076309e+02
2.600000e-07	-3.535746e-06	-6.801391e-09	-2.257965e+01	-4.069945e+02
2.700000e-07	-3.523623e-06	-6.871143e-09	-2.250223e+01	-4.063436e+02
2.800000e-07	-3.511076e-06	-6.904693e-09	-2.242211e+01	-4.056723e+02
2.900000e-07	-3.498071e-06	-6.789388e-09	-2.233905e+01	-4.049741e+02
3.000000e-07	-3.484619e-06	-6.727214e-09	-2.225315e+01	-4.042432e+02
3.100000e-07	-3.470754e-06	-6.794955e-09	-2.216461e+01	-4.034745e+02
3.200000e-07	-3.456420e-06	-6.819137e-09	-2.207307e+01	-4.026650e+02
3.300000e-07	-3.441628e-06	-6.743258e-09	-2.197860e+01	-4.018133e+02
3.400000e-07	-3.426263e-06	-6.705470e-09	-2.188048e+01	-4.009205e+02
3.500000e-07	-3.410282e-06	-6.746812e-09	-2.177843e+01	-3.999895e+02
3.600000e-07	-3.393691e-06	-6.761078e-09	-2.167247e+01	-3.990249e+02
3.700000e-07	-3.376543e-06	-6.681452e-09	-2.156296e+01	-3.980325e+02
3.800000e-07	-3.359070e-06	-6.645339e-09	-2.145138e+01	-3.970184e+02
3.900000e-07	-3.341301e-06	-6.691528e-09	-2.133791e+01	-3.959881e+02
4.000000e-07	-3.323188e-06	-6.686973e-09	-2.122224e+01	-3.949465e+02
4.100000e-07	-3.304683e-06	-6.626733e-09	-2.110406e+01	-3.938962e+02
4.200000e-07	-3.285747e-06	-6.605825e-09	-2.098313e+01	-3.928382e+02
4.300000e-07	-3.266392e-06	-6.611149e-09	-2.085953e+01	-3.917712e+02
4.400000e-07	-3.246625e-06	-6.591008e-09	-2.073330e+01	-3.906918e+02
4.500000e-07	-3.226531e-06	-6.559816e-09	-2.060497e+01	-3.895951e+02
4.600000e-07	-3.206212e-06	-6.534452e-09	-2.047521e+01	-3.884753e+02
4.700000e-07	-3.185623e-06	-6.529620e-09	-2.034373e+01	-3.873261e+02
4.800000e-07	-3.164757e-06	-6.527790e-09	-2.021048e+01	-3.861420e+02
4.900000e-07	-3.143572e-06	-6.490822e-09	-2.007519e+01	-3.849184e+02
5.000000e-07	-3.121986e-06	-6.443790e-09	-1.993734e+01	-3.836526e+02
5.100000e-07	-3.100025e-06	-6.435761e-09	-1.979709e+01	-3.823438e+02
5.200000e-07	-3.077719e-06	-6.429835e-09	-1.965464e+01	-3.809931e+02
5.300000e-07	-3.055090e-06	-6.395587e-09	-1.951013e+01	-3.796032e+02
5.400000e-07	-3.032133e-06	-6.360996e-09	-1.936352e+01	-3.781782e+02
5.500000e-07	-3.008823e-06	-6.352271e-09	-1.921466e+01	-3.767226e+02
5.600000e-07	-2.985098e-06	-6.344332e-09	-1.906316e+01	-3.752409e+02
5.700000e-07	-2.961039e-06	-6.308725e-09	-1.890951e+01	-3.737364e+02
5.800000e-07	-2.936755e-06	-6.266089e-09	-1.875443e+01	-3.722114e+02
5.900000e-07	-2.912248e-06	-6.253552e-09	-1.859793e+01	-3.706661e+02
6.000000e-07	-2.887436e-06	-6.247194e-09	-1.843947e+01	-3.690991e+02
6.100000e-07	-2.862214e-06	-6.206628e-09	-1.827840e+01	-3.675070e+02
6.200000e-07	-2.836517e-06	-6.163241e-09	-1.811430e+01	-3.658854e+02
6.300000e-07	-2.810238e-06	-6.150893e-09	-1.794648e+01	-3.642291e+02
6.400000e-07	-2.783386e-06	-6.137834e-09	-1.777500e+01	-3.625329e+02
6.500000e-07	-2.755988e-06	-6.095615e-09	-1.760003e+01	-3.607925e+02
6.600000e-07	-2.728123e-06	-6.051761e-09	-1.742208e+01	-3.590048e+02
6.700000e-07	-2.699998e-06	-6.030735e-09	-1.724248e+01	-3.571687e+02
6.800000e-07	-2.671720e-06	-6.013822e-09	-1.706189e+01	-3.552848e+02
6.900000e-07	-2.643276e-06	-5.975429e-09	-1.688024e+01	-3.533558e+02
7.000000e-07	-2.614592e-06	-5.932464e-09	-1.669706e+01	-3.513858e+02
7.100000e-07	-2.585634e-06	-5.909290e-09	-1.651214e+01	-3.493798e+02
7.200000e-07	-2.556373e-06	-5.888639e-09	-1.632527e+01	-3.473431e+02
7.300000e-07	-2.526811e-06	-5.844569e-09	-1.613649e+01	-3.452801e+02
7.400000e-07	-2.496911e-06	-5.793049e-09	-1.594554e+01	-3.431940e+02
7.500000e-07	-2.466687e-06	-5.760092e-09	-1.575253e+01	-3.410863e+02
7.600000e-07	-2.436253e-06	-5.734899e-09	-1.555817e+01	-3.389559e+02
7.700000e-07	-2.405525e-06	-5.696543e-09	-1.536194e+01	-3.367998e+02
7.800000e-07	-2.374456e-06	-5.652429e-09	-1.516353e+01	-3.346129e+02
7.900000e-07	-2.343135e-06	-5.621918e-09	-1.496351e+01	-3.323885e+02
8.000000e-07	-2.311653e-06	-5.595746e-09	-1.476246e+01	-3.301196e+02
8.100000e-07	-2.279953e-06	-5.550409e-09	-1.456002e+01	-3.277988e+02
8.200000e-07	-2.247980e-06	-5.496146e-09	-1.435584e+01	-3.254200e+02
8.300000e-07	-2.215790e-06	-5.456717e-09	-1.415027e+01	-3.229786e+02
8.400000e-07	-2.183426e-06	-5.426484e-09	-1.394359e+01	-3.204722e+02
8.500000e-07	-2.150897e-06	-5.384535e-09	-1.373586e+01	-3.179005e+02
8.600000e-07	-2.118167e-06	-5.333046e-09	-1.352684e+01	-3.152658e+02
8.700000e-07	-2.085199e-06	-5.291748e-09	-1.331631e+01	-3.125720e+02
8.800000e-07	-2.051894e-06	-5.257088e-09	-1.310361e+01	-3.098244e+02
8.900000e-07	-2.018203e-06	-5.209557e-09	-1.288846e+01	-3.070288e+02
9.000000e-07	-1.984110e-06	-5.150716e-09	-1.267074e+01	-3.041908e+02
9.100000e-07	-1.949577e-06	-5.099433e-09	-1.245021e+01	-3.013147e+02
9.200000e-07	-1.914627e-06	-5.058401e-09	-1.222701e+01	-2.984034e+02
9.300000e-07	-1.879334e-06	-5.009986e-09	-1.200163e+01	-2.954575e+02
9.400000e-07	-1.843792e-06	-4.952422e-09	-1.177466e+01	-2.924757e+02
9.500000e-07	-1.808041e-06	-4.902438e-09	-1.154634e+01	-2.894545e+02
9.600000e-07	-1.772022e-06	-4.861093e-09	-1.131632e+01	-2.863889e+02
9.700000e-07	-1.735802e-06	-4.811774e-09	-1.108502e+01	-2.832731e+02
9.800000e-07	-1.699502e-06	-4.752931e-09	-1.085320e+01	-2.801010e+02
9.900000e-07	-1.663097e-06	-4.698498e-09	-1.062071e+01	-2.768671e+02
1.000000e-06	-1.626583e-06	-4.649667e-09	-1.038753e+01	-2.735668e+02
1.010000e-06	-1.589972e-06	-4.592947e-09	-1.015373e+01	-2.701975e+02
1.020000e-06	-1.553199e-06	-4.525964e-09	-9.918895e+00	-2.667578e+02
1.030000e-06	-1.516240e-06	-4.463856e-09	-9.682868e+00	-2.632484e+02
1.040000e-06	-1.479119e-06	-4.410634e-09	-9.445815e+00	-2.596712e+02
1.050000e-06	-1.441804e-06	-4.355485e-09	-9.207513e+00	-2.560287e+02
1.060000e-06	-1.404224e-06	-4.291957e-09	-8.967526e+00	-2.523240e+02
1.070000e-06	-1.366370e-06	-4.229018e-09	-8.725786e+00	-2.485591e+02
1.080000e-06	-1.328367e-06	-4.170756e-09	-8.483095e+00	-2.447354e+02
1.090000e-06	-1.290295e-06	-4.105960e-09	-8.239960e+00	-2.408525e+02
1.100000e-06	-1.252089e-06	-4.032250e-09	-7.995972e+00	-2.369080e+02
1.110000e-06	-1.213705e-06	-3.961615e-09	-7.750850e+00	-2.328979e+02
1.120000e-06	-1.175196e-06	-3.897503e-09	-7.504925e+00	-2.288164e+02
1.130000e-06	-1.136612e-06	-3.831321e-09	-7.258525e+00	-2.246568e+02
1.140000e-06	-1.097937e-06	-3.758781e-09	-7.011543e+00	-2.204117e+02
1.150000e-06	-1.059079e-06	-3.684188e-09	-6.763392e+00	-2.160737e+02
1.160000e-06	-1.020038e-06	-3.610795e-09	-6.514069e+00	-2.116364e+02
1.170000e-06	-9.808767e-07	-3.536730e-09	-6.263984e+00	-2.070946e+02
1.180000e-06	-9.416004e-07	-3.457779e-09	-6.013161e+00	-2.024446e+02
1.190000e-06	-9.022182e-07	-3.376492e-09	-5.761662e+00	-1.976845e+02
1.200000e-06	-8.627027e-07	-3.298415e-09	-5.509312e+00	-1.928140e+02
1.210000e-06	-8.230755e-07	-3.218335e-09	-5.256248e+00	-1.878341e+02
1.220000e-06	-7.833993e-07	-3.131077e-09	-5.002871e+00	-1.827466e+02
1.230000e-06	-7.436506e-07	-3.040228e-09	-4.749032e+00	-1.775532e+02
1.240000e-06	-7.037999e-07	-2.950724e-09	-4.494541e+00	-1.722555e+02
1.250000e-06	-6.638743e-07	-2.860392e-09	-4.239572e+00	-1.668540e+02
1.260000e-06	-6.238929e-07	-2.766118e-09	-3.984246e+00	-1.613478e+02
1.270000e-06	-5.837941e-07	-2.669785e-09	-3.728171e+00	-1.557347e+02
1.280000e-06	-5.435660e-07	-2.577153e-09	-3.471270e+00	-1.500107e+02
1.290000e-06	-5.033180e-07	-2.483788e-09	-3.214242e+00	-1.441708e+02
1.300000e-06	-4.630603e-07	-2.383346e-09	-2.957152e+00	-1.382089e+02
1.310000e-06	-4.227964e-07	-2.278611e-09	-2.700023e+00	-1.321187e+02
1.320000e-06	-3.825237e-07	-2.173866e-09	-2.442837e+00	-1.258942e+02
1.330000e-06	-3.422235e-07	-2.066995e-09	-2.185476e+00	-1.195302e+02
1.340000e-06	-3.018779e-07	-1.955274e-09	-1.927825e+00	-1.130227e+02
1.350000e-06	-2.614748e-07	-1.840424e-09	-1.669806e+00	-1.063692e+02
1.360000e-06	-2.210536e-07	-1.726898e-09	-1.411672e+00	-9.956938e+01
1.370000e-06	-1.806028e-07	-1.614036e-09	-1.153349e+00	-9.262428e+01
1.380000e-06	-1.401623e-07	-1.496954e-09	-8.950913e-01	-8.553682e+01
1.390000e-06	-9.975172e-08	-1.376460e-09	-6.370252e-01	-7.831127e+01
1.400000e-06	-5.934308e-08	-1.252760e-09	-3.789713e-01	-7.095298e+01
1.410000e-06	-1.896285e-08	-1.125552e-09	-1.210988e-01	-6.346809e+01
1.420000e-06	2.143160e-08	-9.937322e-10	1.368645e-01	-5.586330e+01
1.430000e-06	6.181373e-08	-8.600218e-10	3.947491e-01	-4.814569e+01
1.440000e-06	1.021720e-07	-7.276998e-10	6.524812e-01	-4.032267e+01
1.450000e-06	1.425645e-07	-5.949753e-10	9.104320e-01	-3.240206e+01
1.460000e-06	1.829449e-07	-4.603025e-10	1.168305e+00	-2.439222e+01
1.470000e-06	2.233306e-07	-3.258449e-10	1.426213e+00	-1.630225e+01
1.480000e-06	2.637421e-07	-1.914393e-10	1.684285e+00	-8.142223e+00
1.490000e-06	3.040904e-07	-5.449688e-11	1.941954e+00	7.668381e-02
1.500000e-06	3.443622e-07	8.639237e-11	2.199134e+00	8.342104e+00
1.510000e-06	3.846295e-07	2.299783e-10	2.456285e+00	1.664052e+01
1.520000e-06	4.248972e-07	3.726353e-10	2.713439e+00	2.495745e+01
1.530000e-06	4.651460e-07	5.137793e-10	2.970472e+00	3.327770e+01
1.540000e-06	5.054043e-07	6.540898e-10	3.227566e+00	4.158578e+01
1.550000e-06	5.455871e-07	7.933143e-10	3.484178e+00	4.986634e+01
1.560000e-06	5.856977e-07	9.317943e-10	3.740328e+00	5.810458e+01
1.570000e-06	6.257814e-07	1.069933e-09	3.996307e+00	6.628666e+01
1.580000e-06	6.658102e-07	1.206948e-09	4.251935e+00	7.439999e+01
1.590000e-06	7.058089e-07	1.342861e-09	4.507371e+00	8.243338e+01
1.600000e-06	7.457156e-07	1.478650e-09	4.762220e+00	9.037713e+01
1.610000e-06	7.854809e-07	1.613401e-09	5.016165e+00	9.822287e+01
1.620000e-06	8.251260e-07	1.746284e-09	5.269343e+00	1.059634e+02
1.630000e-06	8.646851e-07	1.876307e-09	5.521972e+00	1.135925e+02
1.640000e-06	9.041267e-07	2.001320e-09	5.773850e+00	1.211044e+02
1.650000e-06	9.433646e-07	2.123044e-09	6.024427e+00	1.284939e+02
1.660000e-06	9.824302e-07	2.244250e-09	6.273904e+00	1.357561e+02
1.670000e-06	1.021390e-06	2.363441e-09	6.522706e+00	1.428859e+02
1.680000e-06	1.060228e-06	2.480696e-09	6.770727e+00	1.498789e+02
1.690000e-06	1.098932e-06	2.596381e-09	7.017895e+00	1.567308e+02
1.700000e-06	1.137524e-06	2.711556e-09	7.264350e+00	1.634382e+02
1.710000e-06	1.176063e-06	2.824578e-09	7.510462e+00	1.699984e+02
1.720000e-06	1.214461e-06	2.933781e-09	7.755678e+00	1.764101e+02
1.730000e-06	1.252689e-06	3.039481e-09	7.999805e+00	1.826733e+02
1.740000e-06	1.290921e-06	3.141940e-09	8.243959e+00	1.887896e+02
1.750000e-06	1.329050e-06	3.242328e-09	8.487456e+00	1.947620e+02
1.760000e-06	1.366901e-06	3.340981e-09	8.729175e+00	2.005949e+02
1.770000e-06	1.404551e-06	3.437288e-09	8.969612e+00	2.062936e+02
1.780000e-06	1.442004e-06	3.531230e-09	9.208793e+00	2.118636e+02
1.790000e-06	1.479303e-06	3.623152e-09	9.446990e+00	2.173110e+02
1.800000e-06	1.516444e-06	3.713305e-09	9.684174e+00	2.226409e+02
1.810000e-06	1.553325e-06	3.799745e-09	9.919702e+00	2.278577e+02
1.820000e-06	1.590027e-06	3.882603e-09	1.015408e+01	2.329647e+02
1.830000e-06	1.626676e-06	3.966127e-09	1.038813e+01	2.379637e+02
1.840000e-06	1.663224e-06	4.049137e-09	1.062152e+01	2.428553e+02
1.850000e-06	1.699625e-06	4.129857e-09	1.085399e+01	2.476389e+02
1.860000e-06	1.735960e-06	4.209299e-09	1.108602e+01	2.523132e+02
1.870000e-06	1.772189e-06	4.288117e-09	1.131739e+01	2.568768e+02
1.880000e-06	1.808224e-06	4.362890e-09	1.154751e+01	2.613281e+02
1.890000e-06	1.844080e-06	4.433717e-09	1.177649e+01	2.656665e+02
1.900000e-06	1.879681e-06	4.503348e-09	1.200385e+01	2.698925e+02
1.910000e-06	1.914921e-06	4.573904e-09	1.222889e+01	2.740077e+02
1.920000e-06	1.949783e-06	4.644328e-09	1.245152e+01	2.780152e+02
1.930000e-06	1.984165e-06	4.710578e-09	1.267109e+01	2.819194e+02
1.940000e-06	2.018088e-06	4.774565e-09	1.288773e+01	2.857258e+02
1.950000e-06	2.051593e-06	4.837207e-09	1.310169e+01	2.894404e+02
1.960000e-06	2.084775e-06	4.898315e-09	1.331360e+01	2.930693e+02
1.970000e-06	2.117747e-06	4.956271e-09	1.352416e+01	2.966185e+02
1.980000e-06	2.150514e-06	5.012372e-09	1.373341e+01	3.000931e+02
1.990000e-06	2.183091e-06	5.071872e-09	1.394145e+01	3.034971e+02
2.000000e-06	2.215479e-06	5.132720e-09	1.414829e+01	3.068333e+02
2.010000e-06	2.247717e-06	5.190469e-09	1.435416e+01	3.101030e+02
2.020000e-06	2.279786e-06	5.244677e-09	1.455896e+01	3.133065e+02
2.030000e-06	2.311570e-06	5.298091e-09	1.476193e+01	3.164429e+02
2.040000e-06	2.342995e-06	5.351069e-09	1.496261e+01	3.195110e+02
2.050000e-06	2.374118e-06	5.400350e-09	1.516137e+01	3.225091e+02
2.060000e-06	2.404990e-06	5.448379e-09	1.535853e+01	3.254360e+02
2.070000e-06	2.435606e-06	5.500189e-09	1.555404e+01	3.282908e+02
2.080000e-06	2.465951e-06	5.553333e-09	1.574783e+01	3.310734e+02
2.090000e-06	2.495995e-06	5.603396e-09	1.593969e+01	3.337846e+02
2.100000e-06	2.525754e-06	5.648731e-09	1.612974e+01	3.364260e+02
2.110000e-06	2.555323e-06	5.692872e-09	1.631857e+01	3.390000e+02
2.120000e-06	2.584638e-06	5.737323e-09	1.650577e+01	3.415093e+02
2.130000e-06	2.613609e-06	5.777191e-09	1.669079e+01	3.439568e+02
2.140000e-06	2.642322e-06	5.814309e-09	1.687415e+01	3.463454e+02
2.150000e-06	2.670830e-06	5.854640e-09	1.705620e+01	3.486777e+02
2.160000e-06	2.699101e-06	5.898805e-09	1.723675e+01	3.509555e+02
2.170000e-06	2.727173e-06	5.939336e-09	1.741602e+01	3.531804e+02
2.180000e-06	2.755009e-06	5.974111e-09	1.759378e+01	3.553533e+02
2.190000e-06	2.782450e-06	6.011180e-09	1.776902e+01	3.574745e+02
2.200000e-06	2.809359e-06	6.050946e-09	1.794087e+01	3.595443e+02
2.210000e-06	2.835716e-06	6.086533e-09	1.810919e+01	3.615629e+02
2.220000e-06	2.861453e-06	6.118140e-09	1.827354e+01	3.635305e+02
2.230000e-06	2.886652e-06	6.151530e-09	1.843447e+01	3.654478e+02
2.240000e-06	2.911535e-06	6.187440e-09	1.859337e+01	3.673160e+02
2.250000e-06	2.936124e-06	6.220676e-09	1.875040e+01	3.691365e+02
2.260000e-06	2.960437e-06	6.249891e-09	1.890566e+01	3.709113e+02
2.270000e-06	2.984489e-06	6.278752e-09	1.905927e+01	3.726428e+02
2.280000e-06	3.008216e-06	6.308400e-09	1.921079e+01	3.743331e+02
2.290000e-06	3.031600e-06	6.338222e-09	1.936012e+01	3.759845e+02
2.300000e-06	3.054622e-06	6.365196e-09	1.950714e+01	3.775988e+02
2.310000e-06	3.077251e-06	6.392192e-09	1.965166e+01	3.791775e+02
2.320000e-06	3.099556e-06	6.421521e-09	1.979410e+01	3.807213e+02
2.330000e-06	3.121526e-06	6.450002e-09	1.993440e+01	3.822305e+02
2.340000e-06	3.143129e-06	6.474108e-09	2.007236e+01	3.837050e+02
2.350000e-06	3.164292e-06	6.497247e-09	2.020751e+01	3.851442e+02
2.360000e-06	3.185078e-06	6.523216e-09	2.034025e+01	3.865473e+02
2.370000e-06	3.205606e-06	6.549303e-09	2.047134e+01	3.879137e+02
2.380000e-06	3.225937e-06	6.572934e-09	2.060118e+01	3.892429e+02
2.390000e-06	3.246031e-06	6.595332e-09	2.072950e+01	3.905349e+02
2.400000e-06	3.265754e-06	6.619328e-09	2.085546e+01	3.917901e+02
2.410000e-06	3.285086e-06	6.643233e-09	2.097891e+01	3.930092e+02
2.420000e-06	3.303984e-06	6.663224e-09	2.109959e+01	3.941934e+02
2.430000e-06	3.322411e-06	6.680605e-09	2.121727e+01	3.953440e+02
2.440000e-06	3.340428e-06	6.698980e-09	2.133233e+01	3.964624e+02
2.450000e-06	3.358047e-06	6.717746e-09	2.144485e+01	3.975499e+02
2.460000e-06	3.375392e-06	6.735115e-09	2.155561e+01	3.986074e+02
2.470000e-06	3.392469e-06	6.749428e-09	2.166467e+01	3.996354e+02
2.480000e-06	3.408956e-06	6.766042e-09	2.176996e+01	4.006340e+02
2.490000e-06	3.424818e-06	6.784667e-09	2.187126e+01	4.016028e+02
2.500000e-06	3.440212e-06	6.799299e-09	2.196956e+01	4.025410e+02
2.510000e-06	3.455162e-06	6.812278e-09	2.206504e+01	4.034477e+02
2.520000e-06	3.469706e-06	6.826119e-09	2.215791e+01	4.043222e+02
2.530000e-06	3.483883e-06	6.841020e-09	2.224845e+01	4.051637e+02
2.540000e-06	3.497684e-06	6.856208e-09	2.233658e+01	4.059720e+02
2.550000e-06	3.511024e-06	6.870783e-09	2.242177e+01	4.067474e+02
2.560000e-06	3.523887e-06	6.886315e-09	2.250392e+01	4.074907e+02
2.570000e-06	3.536356e-06	6.901022e-09	2.258355e+01	4.082032e+02
2.580000e-06	3.548380e-06	6.911406e-09	2.266033e+01	4.088867e+02
2.590000e-06	3.559827e-06	6.919260e-09	2.273344e+01	4.095429e+02
2.600000e-06	3.570658e-06	6.925485e-09	2.280260e+01	4.101737e+02
2.610000e-06	3.580789e-06	6.931867e-09	2.286730e+01	4.107808e+02
2.620000e-06	3.590219e-06	6.941552e-09	2.292752e+01	4.113652e+02
2.630000e-06	3.599184e-06	6.952211e-09	2.298478e+01	4.119276e+02
2.640000e-06	3.607776e-06	6.961590e-09	2.303964e+01	4.124677e+02
2.650000e-06	3.616068e-06	6.971792e-09	2.309260e+01	4.129848e+02
2.660000e-06	3.624071e-06	6.981437e-09	2.314371e+01	4.134774e+02
2.670000e-06	3.631701e-06	6.988902e-09	2.319243e+01	4.139440e+02
2.680000e-06	3.638904e-06	6.994104e-09	2.323843e+01	4.143826e+02
2.690000e-06	3.645653e-06	6.997232e-09	2.328153e+01	4.147915e+02
2.700000e-06	3.651950e-06	7.000985e-09	2.332174e+01	4.151691e+02
2.710000e-06	3.657820e-06	7.007456e-09	2.335923e+01	4.155145e+02
2.720000e-06	3.663288e-06	7.015595e-09	2.339415e+01	4.158273e+02
2.730000e-06	3.668345e-06	7.024523e-09	2.342644e+01	4.161079e+02
2.740000e-06	3.673042e-06	7.030910e-09	2.345644e+01	4.163574e+02
2.750000e-06	3.677427e-06	7.033566e-09	2.348445e+01	4.165772e+02
2.760000e-06	3.681495e-06	7.035320e-09	2.351042e+01	4.167693e+02
2.770000e-06	3.685078e-06	7.036163e-09	2.353330e+01	4.169361e+02
2.780000e-06	3.688028e-06	7.035667e-09	2.355214e+01	4.170797e+02
2.790000e-06	3.690353e-06	7.033273e-09	2.356699e+01	4.172023e+02
2.800000e-06	3.692112e-06	7.031213e-09	2.357822e+01	4.173058e+02
2.810000e-06	3.693375e-06	7.033519e-09	2.358629e+01	4.173915e+02
2.820000e-06	3.694163e-06	7.036973e-09	2.359132e+01	4.174603e+02
2.830000e-06	3.694570e-06	7.039157e-09	2.359392e+01	4.175129e+02
2.840000e-06	3.694708e-06	7.043284e-09	2.359480e+01	4.175490e+02
2.850000e-06	3.694485e-06	7.051186e-09	2.359338e+01	4.175680e+02
2.860000e-06	3.693849e-06	7.058555e-09	2.358932e+01	4.175691e+02
2.870000e-06	3.692779e-06	7.052170e-09	2.358248e+01	4.175505e+02
2.880000e-06	3.691302e-06	7.029579e-09	2.357305e+01	4.175105e+02
2.890000e-06	3.689454e-06	7.016793e-09	2.356125e+01	4.174465e+02
2.900000e-06	3.687206e-06	7.034066e-09	2.354689e+01	4.173560e+02
2.910000e-06	3.684605e-06	7.066811e-09	2.353028e+01	4.172360e+02
2.920000e-06	3.681598e-06	7.096414e-09	2.351108e+01	4.170833e+02
2.930000e-06	3.678110e-06	7.070796e-09	2.348880e+01	4.168948e+02
2.940000e-06	3.674194e-06	6.987645e-09	2.346380e+01	4.166674e+02
2.950000e-06	3.669911e-06	6.962907e-09	2.343645e+01	4.163988e+02
2.960000e-06	3.665315e-06	7.014795e-09	2.340710e+01	4.160869e+02
2.970000e-06	3.660263e-06	7.028017e-09	2.337483e+01	4.157310e+02
2.980000e-06	3.654520e-06	6.941690e-09	2.333815e+01	4.153313e+02
2.990000e-06	3.648090e-06	6.964330e-09	2.329709e+01	4.148893e+02
3.000000e-06	3.641067e-06	7.076768e-09	2.325225e+01	4.144081e+02
3.010000e-06	3.633602e-06	7.041329e-09	2.320457e+01	4.138917e+02
3.020000e-06	3.625851e-06	6.963397e-09	2.315507e+01	4.133452e+02
3.030000e-06	3.617884e-06	6.978806e-09	2.310420e+01	4.127744e+02
3.040000e-06	3.609528e-06	6.997837e-09	2.305083e+01	4.121853e+02
3.050000e-06	3.600701e-06	6.935678e-09	2.299446e+01	4.115833e+02
3.060000e-06	3.591528e-06	6.944246e-09	2.293588e+01	4.109730e+02
3.070000e-06	3.581946e-06	6.917939e-09	2.287469e+01	4.103576e+02
3.080000e-06	3.571909e-06	6.797259e-09	2.281059e+01	4.097385e+02
3.090000e-06	3.561463e-06	6.847463e-09	2.274388e+01	4.091152e+02
3.100000e-06	3.550580e-06	6.945871e-09	2.267438e+01	4.084851e+02
3.110000e-06	3.539225e-06	6.850963e-09	2.260187e+01	4.078439e+02
3.120000e-06	3.527419e-06	6.818625e-09	2.252648e+01	4.071862e+02
3.130000e-06	3.515057e-06	6.958554e-09	2.244753e+01	4.065056e+02
3.140000e-06	3.502052e-06	6.952934e-09	2.236448e+01	4.057959e+02
3.150000e-06	3.488429e-06	6.806043e-09	2.227748e+01	4.050513e+02
3.160000e-06	3.474219e-06	6.781251e-09	2.218674e+01	4.042677e+02
3.170000e-06	3.459508e-06	6.850065e-09	2.209279e+01	4.034424e+02
3.180000e-06	3.444336e-06	6.837220e-09	2.199590e+01	4.025751e+02
3.190000e-06	3.428761e-06	6.750376e-09	2.189643e+01	4.016676e+02
3.200000e-06	3.412846e-06	6.720846e-09	2.179480e+01	4.007234e+02
3.210000e-06	3.396536e-06	6.798614e-09	2.169064e+01	3.997478e+02
3.220000e-06	3.379825e-06	6.783406e-09	2.158392e+01	3.987465e+02
3.230000e-06	3.362718e-06	6.660461e-09	2.147468e+01	3.977258e+02
3.240000e-06	3.345244e-06	6.658569e-09	2.136309e+01	3.966909e+02
3.250000e-06	3.327409e-06	6.725014e-09	2.124919e+01	3.956458e+02
3.260000e-06	3.309135e-06	6.679084e-09	2.113249e+01	3.945927e+02
3.270000e-06	3.290450e-06	6.616316e-09	2.101317e+01	3.935317e+02
3.280000e-06	3.271460e-06	6.622527e-09	2.089189e+01	3.924605e+02
3.290000e-06	3.252198e-06	6.627879e-09	2.076888e+01	3.913753e+02
3.300000e-06	3.232699e-06	6.596977e-09	2.064436e+01	3.902707e+02
3.310000e-06	3.212998e-06	6.542326e-09	2.051855e+01	3.891406e+02
3.320000e-06	3.193004e-06	6.517236e-09	2.039086e+01	3.879790e+02
3.330000e-06	3.172598e-06	6.534311e-09	2.026055e+01	3.867806e+02
3.340000e-06	3.151546e-06	6.529388e-09	2.012611e+01	3.855415e+02
3.350000e-06	3.129792e-06	6.477495e-09	1.998719e+01	3.842596e+02
3.360000e-06	3.107437e-06	6.445879e-09	1.984442e+01	3.829349e+02
3.370000e-06	3.084650e-06	6.449831e-09	1.969890e+01	3.815691e+02
3.380000e-06	3.061559e-06	6.433836e-09	1.955144e+01	3.801656e+02
3.390000e-06	3.038154e-06	6.378258e-09	1.940197e+01	3.787287e+02
3.400000e-06	3.014498e-06	6.339318e-09	1.925091e+01	3.772628e+02
3.410000e-06	2.990580e-06	6.342579e-09	1.909817e+01	3.757723e+02
3.420000e-06	2.966309e-06	6.336107e-09	1.894317e+01	3.742600e+02
3.430000e-06	2.941635e-06	6.282023e-09	1.878560e+01	3.727275e+02
3.440000e-06	2.916622e-06	6.239617e-09	1.862586e+01	3.711744e+02
3.450000e-06	2.891289e-06	6.243517e-09	1.846408e+01	3.695985e+02
3.460000e-06	2.865619e-06	6.229808e-09	1.830015e+01	3.679960e+02
3.470000e-06	2.839630e-06	6.175744e-09	1.813418e+01	3.663620e+02
3.480000e-06	2.813241e-06	6.137371e-09	1.796566e+01	3.646914e+02
3.490000e-06	2.786478e-06	6.132803e-09	1.779475e+01	3.629791e+02
3.500000e-06	2.759444e-06	6.111644e-09	1.762211e+01	3.612213e+02
3.510000e-06	2.732148e-06	6.058401e-09	1.744779e+01	3.594155e+02
3.520000e-06	2.704625e-06	6.016529e-09	1.727202e+01	3.575613e+02
3.530000e-06	2.676883e-06	6.005174e-09	1.709486e+01	3.556602e+02
3.540000e-06	2.648883e-06	5.983081e-09	1.691605e+01	3.537153e+02
3.550000e-06	2.620561e-06	5.933935e-09	1.673518e+01	3.517313e+02
3.560000e-06	2.591839e-06	5.893562e-09	1.655176e+01	3.497132e+02
3.570000e-06	2.562618e-06	5.876942e-09	1.636515e+01	3.476662e+02
3.580000e-06	2.532884e-06	5.849382e-09	1.617527e+01	3.455943e+02
3.590000e-06	2.502666e-06	5.796766e-09	1.598229e+01	3.435001e+02
3.600000e-06	2.472041e-06	5.751674e-09	1.578672e+01	3.413842e+02
3.610000e-06	2.441094e-06	5.730454e-09	1.558909e+01	3.392447e+02
3.620000e-06	2.409889e-06	5.705380e-09	1.538981e+01	3.370778e+02
3.630000e-06	2.378493e-06	5.655922e-09	1.518931e+01	3.348777e+02
3.640000e-06	2.346883e-06	5.606038e-09	1.498744e+01	3.326375e+02
3.650000e-06	2.315036e-06	5.576910e-09	1.478407e+01	3.303500e+02
3.660000e-06	2.282946e-06	5.546082e-09	1.457914e+01	3.280082e+02
3.670000e-06	2.250621e-06	5.493825e-09	1.437271e+01	3.256064e+02
3.680000e-06	2.218022e-06	5.440837e-09	1.416452e+01	3.231408e+02
3.690000e-06	2.185189e-06	5.407765e-09	1.395485e+01	3.206099e+02
3.700000e-06	2.152084e-06	5.375276e-09	1.374344e+01	3.180142e+02
3.710000e-06	2.118713e-06	5.322616e-09	1.353033e+01	3.153568e+02
3.720000e-06	2.085156e-06	5.266267e-09	1.331603e+01	3.126422e+02
3.730000e-06	2.051334e-06	5.225371e-09	1.310004e+01	3.098760e+02
3.740000e-06	2.017311e-06	5.185054e-09	1.288276e+01	3.070640e+02
3.750000e-06	1.983042e-06	5.129717e-09	1.266392e+01	3.042113e+02
3.760000e-06	1.948496e-06	5.072767e-09	1.244331e+01	3.013218e+02
3.770000e-06	1.913785e-06	5.030637e-09	1.222164e+01	2.983977e+02
3.780000e-06	1.878868e-06	4.988284e-09	1.199865e+01	2.954387e+02
3.790000e-06	1.843756e-06	4.929555e-09	1.177443e+01	2.924426e+02
3.800000e-06	1.808472e-06	4.867857e-09	1.154910e+01	2.894054e+02
3.810000e-06	1.773041e-06	4.818929e-09	1.132283e+01	2.863218e+02
3.820000e-06	1.737512e-06	4.772574e-09	1.109594e+01	2.831856e+02
3.830000e-06	1.701883e-06	4.711827e-09	1.086841e+01	2.799910e+02
3.840000e-06	1.666119e-06	4.648376e-09	1.064001e+01	2.767327e+02
3.850000e-06	1.630170e-06	4.596599e-09	1.041044e+01	2.734068e+02
3.860000e-06	1.593977e-06	4.545524e-09	1.017931e+01	2.700112e+02
3.870000e-06	1.557549e-06	4.481046e-09	9.946677e+00	2.665453e+02
3.880000e-06	1.520871e-06	4.413020e-09	9.712448e+00	2.630102e+02
3.890000e-06	1.483827e-06	4.354174e-09	9.475880e+00	2.594082e+02
3.900000e-06	1.446427e-06	4.296918e-09	9.237040e+00	2.557421e+02
3.910000e-06	1.408671e-06	4.229616e-09	8.995922e+00	2.520147e+02
3.920000e-06	1.370592e-06	4.158807e-09	8.752750e+00	2.482278e+02
3.930000e-06	1.332329e-06	4.096668e-09	8.508396e+00	2.443820e+02
3.940000e-06	1.293879e-06	4.037105e-09	8.262849e+00	2.404764e+02
3.950000e-06	1.255201e-06	3.967449e-09	8.015845e+00	2.365080e+02
3.960000e-06	1.216274e-06	3.891950e-09	7.767254e+00	2.324719e+02
3.970000e-06	1.177173e-06	3.821677e-09	7.517554e+00	2.283620e+02
3.980000e-06	1.137956e-06	3.752672e-09	7.267108e+00	2.241713e+02
3.990000e-06	1.098601e-06	3.676778e-09	7.015786e+00	2.198922e+02
4.000000e-06	1.059157e-06	3.597196e-09	6.763891e+00	2.155177e+02
4.010000e-06	1.019676e-06	3.523534e-09	6.511759e+00	2.110418e+02
4.020000e-06	9.801637e-07	3.450979e-09	6.259430e+00	2.064598e+02
4.030000e-06	9.405795e-07	3.370113e-09	6.006641e+00	2.017687e+02
4.040000e-06	9.009384e-07	3.283695e-09	5.753489e+00	1.969672e+02
4.050000e-06	8.612506e-07	3.200689e-09	5.500039e+00	1.920556e+02
4.060000e-06	8.214816e-07	3.120255e-09	5.246069e+00	1.870352e+02
4.070000e-06	7.816371e-07	3.032981e-09	4.991618e+00	1.819077e+02
4.080000e-06	7.417568e-07	2.943407e-09	4.736938e+00	1.766752e+02
4.090000e-06	7.018503e-07	2.857179e-09	4.482091e+00	1.713386e+02
4.100000e-06	6.619150e-07	2.768551e-09	4.227060e+00	1.658981e+02
4.110000e-06	6.218458e-07	2.671106e-09	3.971174e+00	1.603522e+02
4.120000e-06	5.816875e-07	2.570610e-09	3.714718e+00	1.546981e+02
4.130000e-06	5.415387e-07	2.475691e-09	3.458324e+00	1.489313e+02
4.140000e-06	5.012882e-07	2.382341e-09	3.201280e+00	1.430464e+02
4.150000e-06	4.609644e-07	2.283419e-09	2.943768e+00	1.370372e+02
4.160000e-06	4.205825e-07	2.179242e-09	2.685885e+00	1.308974e+02
4.170000e-06	3.801458e-07	2.074957e-09	2.427651e+00	1.246212e+02
4.180000e-06	3.397298e-07	1.970860e-09	2.169551e+00	1.182038e+02
4.190000e-06	2.991941e-07	1.859692e-09	1.910686e+00	1.116418e+02
4.200000e-06	2.586232e-07	1.743535e-09	1.651595e+00	1.049335e+02
4.210000e-06	2.180679e-07	1.628678e-09	1.392605e+00	9.807897e+01
4.220000e-06	1.774635e-07	1.515252e-09	1.133301e+00	9.108012e+01
4.230000e-06	1.368421e-07	1.397460e-09	8.738884e-01	8.394037e+01
4.240000e-06	9.621611e-08	1.274052e-09	6.144464e-01	7.666441e+01
4.250000e-06	5.561192e-08	1.151694e-09	3.551437e-01	6.925794e+01
4.260000e-06	1.496936e-08	1.026995e-09	9.559596e-02	6.172733e+01
4.270000e-06	-2.568735e-08	8.962763e-10	-1.640421e-01	5.407944e+01
4.280000e-06	-6.637483e-08	7.639549e-10	-4.238768e-01	4.632146e+01
4.290000e-06	-1.070837e-07	6.328659e-10	-6.838479e-01	3.846096e+01
4.300000e-06	-1.477918e-07	5.005878e-10	-9.438145e-01	3.050592e+01
4.310000e-06	-1.884731e-07	3.629671e-10	-1.203609e+00	2.246496e+01
4.320000e-06	-2.290736e-07	2.227776e-10	-1.462889e+00	1.434754e+01
4.330000e-06	-2.696455e-07	8.624760e-11	-1.721985e+00	6.164108e+00
4.340000e-06	-3.101302e-07	-4.712078e-11	-1.980524e+00	-2.073703e+00
4.350000e-06	-3.505320e-07	-1.843475e-10	-2.238535e+00	-1.035309e+01
4.360000e-06	-3.909332e-07	-3.271759e-10	-2.496541e+00	-1.866014e+01
4.370000e-06	-4.313217e-07	-4.697324e-10	-2.754467e+00	-2.698006e+01
4.380000e-06	-4.716851e-07	-6.090553e-10	-3.012231e+00	-3.529752e+01
4.390000e-06	-5.119317e-07	-7.476155e-10	-3.269250e+00	-4.359701e+01
4.400000e-06	-5.520372e-07	-8.872784e-10	-3.525369e+00	-5.186334e+01
4.410000e-06	-5.920837e-07	-1.023988e-09	-3.781110e+00	-6.008203e+01
4.420000e-06	-6.320930e-07	-1.158477e-09	-4.036613e+00	-6.823968e+01
4.430000e-06	-6.719970e-07	-1.294752e-09	-4.291445e+00	-7.632421e+01
4.440000e-06	-7.118128e-07	-1.433501e-09	-4.545713e+00	-8.432500e+01
4.450000e-06	-7.516161e-07	-1.569089e-09	-4.799901e+00	-9.223286e+01
4.460000e-06	-7.913496e-07	-1.699046e-09	-5.053643e+00	-1.000399e+02
4.470000e-06	-8.309608e-07	-1.828795e-09	-5.306604e+00	-1.077393e+02
4.480000e-06	-8.705313e-07	-1.957761e-09	-5.559306e+00	-1.153250e+02
4.490000e-06	-9.100959e-07	-2.082101e-09	-5.811970e+00	-1.227916e+02
4.500000e-06	-9.496052e-07	-2.204664e-09	-6.064281e+00	-1.301339e+02
4.510000e-06	-9.890497e-07	-2.329938e-09	-6.316177e+00	-1.373469e+02
4.520000e-06	-1.028430e-06	-2.455990e-09	-6.567662e+00	-1.444259e+02
4.530000e-06	-1.067776e-06	-2.576118e-09	-6.818929e+00	-1.513664e+02
4.540000e-06	-1.107073e-06	-2.688905e-09	-7.069887e+00	-1.581644e+02
4.550000e-06	-1.146247e-06	-2.798747e-09	-7.320055e+00	-1.648168e+02
4.560000e-06	-1.185352e-06	-2.906316e-09	-7.569783e+00	-1.713213e+02
4.570000e-06	-1.224402e-06	-3.010688e-09	-7.819165e+00	-1.776772e+02
4.580000e-06	-1.263285e-06	-3.113446e-09	-8.067476e+00	-1.838850e+02
4.590000e-06	-1.301919e-06	-3.216912e-09	-8.314197e+00	-1.899469e+02
4.600000e-06	-1.340257e-06	-3.319196e-09	-8.559026e+00	-1.958664e+02
4.610000e-06	-1.378335e-06	-3.418899e-09	-8.802196e+00	-2.016482e+02
4.620000e-06	-1.416113e-06	-3.516143e-09	-9.043450e+00	-2.072979e+02
4.630000e-06	-1.453615e-06	-3.611007e-09	-9.282939e+00	-2.128212e+02
4.640000e-06	-1.490927e-06	-3.703352e-09	-9.521218e+00	-2.182239e+02
4.650000e-06	-1.527876e-06	-3.790792e-09	-9.757180e+00	-2.235109e+02
4.660000e-06	-1.564402e-06	-3.873576e-09	-9.990437e+00	-2.286862e+02
4.670000e-06	-1.600633e-06	-3.955105e-09	-1.022181e+01	-2.337525e+02
4.680000e-06	-1.636645e-06	-4.036783e-09	-1.045179e+01	-2.387111e+02
4.690000e-06	-1.672478e-06	-4.117585e-09	-1.068063e+01	-2.435623e+02
4.700000e-06	-1.708127e-06	-4.195494e-09	-1.090828e+01	-2.483051e+02
4.710000e-06	-1.743662e-06	-4.276101e-09	-1.113521e+01	-2.529380e+02
4.720000e-06	-1.779160e-06	-4.358085e-09	-1.136191e+01	-2.574595e+02
4.730000e-06	-1.814598e-06	-4.434098e-09	-1.158822e+01	-2.618685e+02
4.740000e-06	-1.849962e-06	-4.503418e-09	-1.181405e+01	-2.661646e+02
4.750000e-06	-1.885193e-06	-4.568624e-09	-1.203904e+01	-2.703487e+02
4.760000e-06	-1.920208e-06	-4.634780e-09	-1.226265e+01	-2.744230e+02
4.770000e-06	-1.954937e-06	-4.699969e-09	-1.248444e+01	-2.783912e+02
4.780000e-06	-1.989322e-06	-4.762855e-09	-1.270402e+01	-2.822580e+02
4.790000e-06	-2.023397e-06	-4.826561e-09	-1.292163e+01	-2.860291e+02
4.800000e-06	-2.057192e-06	-4.890711e-09	-1.313745e+01	-2.897108e+02
4.810000e-06	-2.090759e-06	-4.951849e-09	-1.335181e+01	-2.933091e+02
4.820000e-06	-2.124168e-06	-5.006663e-09	-1.356517e+01	-2.968298e+02
4.830000e-06	-2.157391e-06	-5.058676e-09	-1.377733e+01	-3.002775e+02
4.840000e-06	-2.190358e-06	-5.112540e-09	-1.398786e+01	-3.036558e+02
4.850000e-06	-2.223053e-06	-5.166334e-09	-1.419665e+01	-3.069669e+02
4.860000e-06	-2.255434e-06	-5.218045e-09	-1.440344e+01	-3.102117e+02
4.870000e-06	-2.287483e-06	-5.270033e-09	-1.460811e+01	-3.133901e+02
4.880000e-06	-2.319301e-06	-5.322533e-09	-1.481130e+01	-3.165010e+02
4.890000e-06	-2.350962e-06	-5.373464e-09	-1.501349e+01	-3.195430e+02
4.900000e-06	-2.382459e-06	-5.420078e-09	-1.521464e+01	-3.225145e+02
4.910000e-06	-2.413728e-06	-5.465706e-09	-1.541432e+01	-3.254143e+02
4.920000e-06	-2.444795e-06	-5.513337e-09	-1.561272e+01	-3.282420e+02
4.930000e-06	-2.475588e-06	-5.559994e-09	-1.580937e+01	-3.309976e+02
4.940000e-06	-2.505891e-06	-5.602642e-09	-1.600289e+01	-3.336824e+02
4.950000e-06	-2.535654e-06	-5.642559e-09	-1.619296e+01	-3.362982e+02
4.960000e-06	-2.564910e-06	-5.683571e-09	-1.637979e+01	-3.388475e+02
4.970000e-06	-2.593631e-06	-5.723911e-09	-1.656321e+01	-3.413332e+02
4.980000e-06	-2.621899e-06	-5.761718e-09	-1.674373e+01	-3.437583e+02
4.990000e-06	-2.649843e-06	-5.797480e-09	-1.692218e+01	-3.461254e+02
5.000000e-06	-2.677523e-06	-5.834822e-09	-1.709895e+01	-3.484370e+02
5.010000e-06	-2.705046e-06	-5.873840e-09	-1.727471e+01	-3.506948e+02
5.020000e-06	-2.732455e-06	-5.910981e-09	-1.744975e+01	-3.529001e+02
5.030000e-06	-2.759623e-06	-5.945837e-09	-1.762325e+01	-3.550535e+02
5.040000e-06	-2.786498e-06	-5.979075e-09	-1.779487e+01	-3.571554e+02
5.050000e-06	-2.813022e-06	-6.011367e-09	-1.796426e+01	-3.592059e+02
5.060000e-06	-2.839081e-06	-6.042725e-09	-1.813068e+01	-3.612053e+02
5.070000e-06	-2.864789e-06	-6.071138e-09	-1.829485e+01	-3.631539e+02
5.080000e-06	-2.890284e-06	-6.100802e-09	-1.845766e+01	-3.650526e+02
5.090000e-06	-2.915399e-06	-6.132507e-09	-1.861805e+01	-3.669026e+02
5.100000e-06	-2.940083e-06	-6.163934e-09	-1.877569e+01	-3.687057e+02
5.110000e-06	-2.964433e-06	-6.193512e-09	-1.893119e+01	-3.704639e+02
5.120000e-06	-2.988401e-06	-6.221109e-09	-1.908425e+01	-3.721796e+02
5.130000e-06	-3.012107e-06	-6.249689e-09	-1.923564e+01	-3.738550e+02
5.140000e-06	-3.035622e-06	-6.276887e-09	-1.938581e+01	-3.754923e+02
5.150000e-06	-3.058892e-06	-6.300958e-09	-1.953441e+01	-3.770931e+02
5.160000e-06	-3.081876e-06	-6.324160e-09	-1.968119e+01	-3.786585e+02
5.170000e-06	-3.104517e-06	-6.347388e-09	-1.982578e+01	-3.801894e+02
5.180000e-06	-3.126625e-06	-6.369904e-09	-1.996696e+01	-3.816856e+02
5.190000e-06	-3.148017e-06	-6.392871e-09	-2.010357e+01	-3.831468e+02
5.200000e-06	-3.168716e-06	-6.418640e-09	-2.023576e+01	-3.845725e+02
5.210000e-06	-3.188872e-06	-6.444976e-09	-2.036448e+01	-3.859618e+02
5.220000e-06	-3.208718e-06	-6.469939e-09	-2.049122e+01	-3.873143e+02
5.230000e-06	-3.228326e-06	-6.491337e-09	-2.061644e+01	-3.886295e+02
5.240000e-06	-3.247714e-06	-6.510019e-09	-2.074025e+01	-3.899076e+02
5.250000e-06	-3.266831e-06	-6.529162e-09	-2.086233e+01	-3.911491e+02
5.260000e-06	-3.285551e-06	-6.547233e-09	-2.098188e+01	-3.923549e+02
5.270000e-06	-3.303887e-06	-6.564779e-09	-2.109898e+01	-3.935262e+02
5.280000e-06	-3.321878e-06	-6.584227e-09	-2.121387e+01	-3.946645e+02
5.290000e-06	-3.339497e-06	-6.605843e-09	-2.132639e+01	-3.957712e+02
5.300000e-06	-3.356711e-06	-6.625724e-09	-2.143631e+01	-3.968473e+02
5.310000e-06	-3.373499e-06	-6.642164e-09	-2.154353e+01	-3.978937e+02
5.320000e-06	-3.389888e-06	-6.657122e-09	-2.164819e+01	-3.989106e+02
5.330000e-06	-3.405923e-06	-6.671895e-09	-2.175059e+01	-3.998981e+02
5.340000e-06	-3.421639e-06	-6.687610e-09	-2.185095e+01	-4.008554e+02
5.350000e-06	-3.437053e-06	-6.704682e-09	-2.194939e+01	-4.017819e+02
5.360000e-06	-3.452142e-06	-6.721787e-09	-2.204575e+01	-4.026765e+02
5.370000e-06	-3.466766e-06	-6.738751e-09	-2.213914e+01	-4.035386e+02
5.380000e-06	-3.480741e-06	-6.752867e-09	-2.222839e+01	-4.043677e+02
5.390000e-06	-3.493984e-06	-6.762454e-09	-2.231296e+01	-4.051635e+02
5.400000e-06	-3.506600e-06	-6.771606e-09	-2.239352e+01	-4.059267e+02
5.410000e-06	-3.518730e-06	-6.782971e-09	-2.247099e+01	-4.066583e+02
5.420000e-06	-3.530434e-06	-6.794104e-09	-2.254573e+01	-4.073596e+02
5.430000e-06	-3.541795e-06	-6.803374e-09	-2.261828e+01	-4.080325e+02
5.440000e-06	-3.552788e-06	-6.814077e-09	-2.268849e+01	-4.086790e+02
5.450000e-06	-3.563257e-06	-6.826381e-09	-2.275534e+01	-4.093007e+02
5.460000e-06	-3.573210e-06	-6.837022e-09	-2.281890e+01	-4.098991e+02
5.470000e-06	-3.582843e-06	-6.845110e-09	-2.288042e+01	-4.104752e+02
5.480000e-06	-3.592133e-06	-6.851685e-09	-2.293975e+01	-4.110292e+02
5.490000e-06	-3.600968e-06	-6.858907e-09	-2.299617e+01	-4.115608e+02
5.500000e-06	-3.609332e-06	-6.867178e-09	-2.304958e+01	-4.120688e+02
5.510000e-06	-3.617255e-06	-6.876060e-09	-2.310018e+01	-4.125519e+02
5.520000e-06	-3.624873e-06	-6.885737e-09	-2.314883e+01	-4.130082e+02
5.530000e-06	-3.632251e-06	-6.896443e-09	-2.319595e+01	-4.134358e+02
5.540000e-06	-3.639297e-06	-6.906927e-09	-2.324094e+01	-4.138330e+02
5.550000e-06	-3.645903e-06	-6.913652e-09	-2.328313e+01	-4.141985e+02
5.560000e-06	-3.651911e-06	-6.916473e-09	-2.332150e+01	-4.145317e+02
5.570000e-06	-3.657177e-06	-6.918992e-09	-2.335512e+01	-4.148323e+02
5.580000e-06	-3.661763e-06	-6.921501e-09	-2.338441e+01	-4.151010e+02
5.590000e-06	-3.665816e-06	-6.921940e-09	-2.341029e+01	-4.153391e+02
5.600000e-06	-3.669498e-06	-6.922992e-09	-2.343381e+01	-4.155482e+02
5.610000e-06	-3.672926e-06	-6.927338e-09	-2.345570e+01	-4.157305e+02
5.620000e-06	-3.676068e-06	-6.933637e-09	-2.347577e+01	-4.158883e+02
5.630000e-06	-3.678802e-06	-6.938839e-09	-2.349322e+01	-4.160238e+02
5.640000e-06	-3.681123e-06	-6.940266e-09	-2.350804e+01	-4.161390e+02
5.650000e-06	-3.683033e-06	-6.940533e-09	-2.352025e+01	-4.162355e+02
5.660000e-06	-3.684501e-06	-6.942790e-09	-2.352962e+01	-4.163148e+02
5.670000e-06	-3.685588e-06	-6.944280e-09	-2.353656e+01	-4.163775e+02
5.680000e-06	-3.686179e-06	-6.944335e-09	-2.354033e+01	-4.164238e+02
5.690000e-06	-3.686250e-06	-6.945324e-09	-2.354078e+01	-4.164536e+02
