# Temperatura_=_20.0
# Concentracion g/m^3_=_9000.0
# C_Vs_to_Am_M_A/Vsm_=_59384043850.047264
# pendiente_HvsI_1/m_=_3716.3
# ordenada_HvsI_A/m_=_1297.0
# frecuencia_Hz_=_175666.60429848725

Tiempo_(s)	Campo_(V.s)	Magnetizacion_(V.s)	Campo_(kA/m)	Magnetizacion_(A/m)
0.000000e+00	-3.675341e-06	-7.022215e-09	-2.353061e+01	-4.170179e+02
1.000000e-08	-3.675154e-06	-7.019905e-09	-2.352942e+01	-4.169936e+02
2.000000e-08	-3.674647e-06	-7.020907e-09	-2.352616e+01	-4.169576e+02
3.000000e-08	-3.673811e-06	-7.028170e-09	-2.352081e+01	-4.169150e+02
4.000000e-08	-3.672676e-06	-7.040414e-09	-2.351355e+01	-4.168693e+02
5.000000e-08	-3.671070e-06	-7.045264e-09	-2.350326e+01	-4.168220e+02
6.000000e-08	-3.668765e-06	-7.025224e-09	-2.348851e+01	-4.167712e+02
7.000000e-08	-3.665697e-06	-6.980200e-09	-2.346887e+01	-4.167125e+02
8.000000e-08	-3.661907e-06	-6.931344e-09	-2.344460e+01	-4.166386e+02
9.000000e-08	-3.657638e-06	-6.936709e-09	-2.341727e+01	-4.165406e+02
1.000000e-07	-3.653117e-06	-7.063266e-09	-2.338832e+01	-4.164085e+02
1.100000e-07	-3.648394e-06	-7.123820e-09	-2.335809e+01	-4.162328e+02
1.200000e-07	-3.643379e-06	-6.972389e-09	-2.332598e+01	-4.160057e+02
1.300000e-07	-3.637925e-06	-6.863153e-09	-2.329106e+01	-4.157221e+02
1.400000e-07	-3.631936e-06	-7.031377e-09	-2.325272e+01	-4.153809e+02
1.500000e-07	-3.625513e-06	-7.120799e-09	-2.321160e+01	-4.149851e+02
1.600000e-07	-3.618678e-06	-6.852175e-09	-2.316784e+01	-4.145419e+02
1.700000e-07	-3.611283e-06	-6.768659e-09	-2.312049e+01	-4.140621e+02
1.800000e-07	-3.603460e-06	-7.007732e-09	-2.307040e+01	-4.135593e+02
1.900000e-07	-3.595371e-06	-7.026701e-09	-2.301862e+01	-4.130480e+02
2.000000e-07	-3.586962e-06	-6.900306e-09	-2.296478e+01	-4.125423e+02
2.100000e-07	-3.578219e-06	-6.886790e-09	-2.290880e+01	-4.120544e+02
2.200000e-07	-3.569171e-06	-6.872167e-09	-2.285088e+01	-4.115925e+02
2.300000e-07	-3.559538e-06	-6.853503e-09	-2.278920e+01	-4.111601e+02
2.400000e-07	-3.549069e-06	-6.983316e-09	-2.272218e+01	-4.107555e+02
2.500000e-07	-3.538001e-06	-6.958308e-09	-2.265132e+01	-4.103714e+02
2.600000e-07	-3.526460e-06	-6.731452e-09	-2.257743e+01	-4.099957e+02
2.700000e-07	-3.514406e-06	-6.856667e-09	-2.250026e+01	-4.096127e+02
2.800000e-07	-3.501951e-06	-7.051013e-09	-2.242052e+01	-4.092046e+02
2.900000e-07	-3.489060e-06	-6.833125e-09	-2.233799e+01	-4.087533e+02
3.000000e-07	-3.475647e-06	-6.629026e-09	-2.225211e+01	-4.082423e+02
3.100000e-07	-3.461770e-06	-6.832606e-09	-2.216326e+01	-4.076586e+02
3.200000e-07	-3.447558e-06	-6.963314e-09	-2.207227e+01	-4.069937e+02
3.300000e-07	-3.433005e-06	-6.773961e-09	-2.197910e+01	-4.062446e+02
3.400000e-07	-3.417875e-06	-6.655636e-09	-2.188224e+01	-4.054138e+02
3.500000e-07	-3.401946e-06	-6.792441e-09	-2.178026e+01	-4.045090e+02
3.600000e-07	-3.385299e-06	-6.864154e-09	-2.167368e+01	-4.035421e+02
3.700000e-07	-3.368121e-06	-6.708253e-09	-2.156370e+01	-4.025274e+02
3.800000e-07	-3.350638e-06	-6.628527e-09	-2.145177e+01	-4.014805e+02
3.900000e-07	-3.332840e-06	-6.734994e-09	-2.133782e+01	-4.004158e+02
4.000000e-07	-3.314706e-06	-6.756632e-09	-2.122172e+01	-3.993456e+02
4.100000e-07	-3.296274e-06	-6.651845e-09	-2.110371e+01	-3.982785e+02
4.200000e-07	-3.277456e-06	-6.616586e-09	-2.098323e+01	-3.972186e+02
4.300000e-07	-3.258227e-06	-6.636095e-09	-2.086013e+01	-3.961654e+02
4.400000e-07	-3.238518e-06	-6.645191e-09	-2.073394e+01	-3.951143e+02
4.500000e-07	-3.218449e-06	-6.613024e-09	-2.060545e+01	-3.940574e+02
4.600000e-07	-3.198182e-06	-6.552415e-09	-2.047570e+01	-3.929844e+02
4.700000e-07	-3.177684e-06	-6.548371e-09	-2.034447e+01	-3.918845e+02
4.800000e-07	-3.156850e-06	-6.585999e-09	-2.021108e+01	-3.907475e+02
4.900000e-07	-3.135706e-06	-6.537328e-09	-2.007571e+01	-3.895652e+02
5.000000e-07	-3.114243e-06	-6.462258e-09	-1.993830e+01	-3.883323e+02
5.100000e-07	-3.092357e-06	-6.467188e-09	-1.979818e+01	-3.870467e+02
5.200000e-07	-3.070094e-06	-6.486771e-09	-1.965564e+01	-3.857100e+02
5.300000e-07	-3.047499e-06	-6.441822e-09	-1.951098e+01	-3.843265e+02
5.400000e-07	-3.024562e-06	-6.389631e-09	-1.936413e+01	-3.829029e+02
5.500000e-07	-3.001259e-06	-6.387418e-09	-1.921494e+01	-3.814466e+02
5.600000e-07	-2.977556e-06	-6.399187e-09	-1.906318e+01	-3.799653e+02
5.700000e-07	-2.953541e-06	-6.358136e-09	-1.890943e+01	-3.784652e+02
5.800000e-07	-2.929320e-06	-6.296104e-09	-1.875437e+01	-3.769507e+02
5.900000e-07	-2.904863e-06	-6.287642e-09	-1.859778e+01	-3.754232e+02
6.000000e-07	-2.880081e-06	-6.298085e-09	-1.843912e+01	-3.738815e+02
6.100000e-07	-2.854958e-06	-6.253380e-09	-1.827828e+01	-3.723216e+02
6.200000e-07	-2.829528e-06	-6.190903e-09	-1.811547e+01	-3.707375e+02
6.300000e-07	-2.803605e-06	-6.182514e-09	-1.794950e+01	-3.691220e+02
6.400000e-07	-2.777055e-06	-6.186558e-09	-1.777952e+01	-3.674677e+02
6.500000e-07	-2.749867e-06	-6.142848e-09	-1.760546e+01	-3.657677e+02
6.600000e-07	-2.722127e-06	-6.082127e-09	-1.742786e+01	-3.640169e+02
6.700000e-07	-2.694078e-06	-6.068475e-09	-1.724828e+01	-3.622124e+02
6.800000e-07	-2.665784e-06	-6.067316e-09	-1.706713e+01	-3.603537e+02
6.900000e-07	-2.637241e-06	-6.022265e-09	-1.688439e+01	-3.584428e+02
7.000000e-07	-2.608501e-06	-5.958387e-09	-1.670039e+01	-3.564836e+02
7.100000e-07	-2.579617e-06	-5.938553e-09	-1.651546e+01	-3.544816e+02
7.200000e-07	-2.550455e-06	-5.933559e-09	-1.632876e+01	-3.524425e+02
7.300000e-07	-2.520893e-06	-5.889084e-09	-1.613950e+01	-3.503719e+02
7.400000e-07	-2.490948e-06	-5.828596e-09	-1.594778e+01	-3.482741e+02
7.500000e-07	-2.460730e-06	-5.805437e-09	-1.575432e+01	-3.461517e+02
7.600000e-07	-2.430349e-06	-5.795203e-09	-1.555981e+01	-3.440048e+02
7.700000e-07	-2.399767e-06	-5.748676e-09	-1.536401e+01	-3.418315e+02
7.800000e-07	-2.368844e-06	-5.685410e-09	-1.516603e+01	-3.396276e+02
7.900000e-07	-2.337592e-06	-5.652938e-09	-1.496595e+01	-3.373877e+02
8.000000e-07	-2.306141e-06	-5.637495e-09	-1.476459e+01	-3.351052e+02
8.100000e-07	-2.274442e-06	-5.591827e-09	-1.456164e+01	-3.327736e+02
8.200000e-07	-2.242411e-06	-5.529525e-09	-1.435657e+01	-3.303871e+02
8.300000e-07	-2.210179e-06	-5.493869e-09	-1.415021e+01	-3.279413e+02
8.400000e-07	-2.177803e-06	-5.479420e-09	-1.394293e+01	-3.254336e+02
8.500000e-07	-2.145269e-06	-5.437909e-09	-1.373464e+01	-3.228635e+02
8.600000e-07	-2.112606e-06	-5.376529e-09	-1.352552e+01	-3.202325e+02
8.700000e-07	-2.079717e-06	-5.333707e-09	-1.331496e+01	-3.175437e+02
8.800000e-07	-2.046614e-06	-5.306364e-09	-1.310302e+01	-3.148013e+02
8.900000e-07	-2.013266e-06	-5.257932e-09	-1.288952e+01	-3.120101e+02
9.000000e-07	-1.979568e-06	-5.191673e-09	-1.267378e+01	-3.091747e+02
9.100000e-07	-1.945454e-06	-5.142608e-09	-1.245536e+01	-3.062988e+02
9.200000e-07	-1.910918e-06	-5.112486e-09	-1.223425e+01	-3.033848e+02
9.300000e-07	-1.875939e-06	-5.065972e-09	-1.201031e+01	-3.004333e+02
9.400000e-07	-1.840615e-06	-5.000054e-09	-1.178415e+01	-2.974434e+02
9.500000e-07	-1.805024e-06	-4.946669e-09	-1.155629e+01	-2.944125e+02
9.600000e-07	-1.769162e-06	-4.910223e-09	-1.132669e+01	-2.913365e+02
9.700000e-07	-1.733080e-06	-4.861495e-09	-1.109569e+01	-2.882107e+02
9.800000e-07	-1.696788e-06	-4.794573e-09	-1.086334e+01	-2.850301e+02
9.900000e-07	-1.660364e-06	-4.738460e-09	-1.063014e+01	-2.817899e+02
1.000000e-06	-1.623859e-06	-4.696256e-09	-1.039642e+01	-2.784858e+02
1.010000e-06	-1.587210e-06	-4.641623e-09	-1.016178e+01	-2.751148e+02
1.020000e-06	-1.550441e-06	-4.569990e-09	-9.926380e+00	-2.716748e+02
1.030000e-06	-1.513604e-06	-4.508002e-09	-9.690533e+00	-2.681648e+02
1.040000e-06	-1.476632e-06	-4.463053e-09	-9.453829e+00	-2.645851e+02
1.050000e-06	-1.439400e-06	-4.409400e-09	-9.215460e+00	-2.609362e+02
1.060000e-06	-1.401922e-06	-4.337462e-09	-8.975518e+00	-2.572191e+02
1.070000e-06	-1.364371e-06	-4.270676e-09	-8.735102e+00	-2.534347e+02
1.080000e-06	-1.326723e-06	-4.217956e-09	-8.494070e+00	-2.495831e+02
1.090000e-06	-1.288826e-06	-4.155238e-09	-8.251441e+00	-2.456641e+02
1.100000e-06	-1.250660e-06	-4.076359e-09	-8.007092e+00	-2.416761e+02
1.110000e-06	-1.212380e-06	-4.003286e-09	-7.762013e+00	-2.376169e+02
1.120000e-06	-1.173987e-06	-3.943237e-09	-7.516209e+00	-2.334832e+02
1.130000e-06	-1.135408e-06	-3.878759e-09	-7.269216e+00	-2.292711e+02
1.140000e-06	-1.096707e-06	-3.799697e-09	-7.021440e+00	-2.249763e+02
1.150000e-06	-1.057952e-06	-3.723483e-09	-6.773319e+00	-2.205944e+02
1.160000e-06	-1.019144e-06	-3.656896e-09	-6.524858e+00	-2.161211e+02
1.170000e-06	-9.802454e-07	-3.586072e-09	-6.275818e+00	-2.115524e+02
1.180000e-06	-9.411576e-07	-3.503602e-09	-6.025567e+00	-2.068851e+02
1.190000e-06	-9.019143e-07	-3.421624e-09	-5.774320e+00	-2.021163e+02
1.200000e-06	-8.625974e-07	-3.347126e-09	-5.522601e+00	-1.972438e+02
1.210000e-06	-8.232040e-07	-3.267368e-09	-5.270393e+00	-1.922656e+02
1.220000e-06	-7.837070e-07	-3.173475e-09	-5.017522e+00	-1.871803e+02
1.230000e-06	-7.440682e-07	-3.079885e-09	-4.763743e+00	-1.819864e+02
1.240000e-06	-7.043818e-07	-2.996997e-09	-4.509659e+00	-1.766822e+02
1.250000e-06	-6.646014e-07	-2.911404e-09	-4.254973e+00	-1.712661e+02
1.260000e-06	-6.246295e-07	-2.813549e-09	-3.999061e+00	-1.657358e+02
1.270000e-06	-5.846066e-07	-2.715787e-09	-3.742823e+00	-1.600890e+02
1.280000e-06	-5.445875e-07	-2.627202e-09	-3.486609e+00	-1.543228e+02
1.290000e-06	-5.045059e-07	-2.534572e-09	-3.229995e+00	-1.484341e+02
1.300000e-06	-4.643638e-07	-2.427970e-09	-2.972993e+00	-1.424199e+02
1.310000e-06	-4.241291e-07	-2.318493e-09	-2.715398e+00	-1.362771e+02
1.320000e-06	-3.838363e-07	-2.216177e-09	-2.457432e+00	-1.300027e+02
1.330000e-06	-3.435381e-07	-2.112129e-09	-2.199432e+00	-1.235942e+02
1.340000e-06	-3.031880e-07	-2.001382e-09	-1.941098e+00	-1.170494e+02
1.350000e-06	-2.627725e-07	-1.890290e-09	-1.682346e+00	-1.103670e+02
1.360000e-06	-2.223850e-07	-1.781727e-09	-1.423774e+00	-1.035461e+02
1.370000e-06	-1.820092e-07	-1.666490e-09	-1.165276e+00	-9.658671e+01
1.380000e-06	-1.415509e-07	-1.542393e-09	-9.062501e-01	-8.948955e+01
1.390000e-06	-1.010589e-07	-1.418228e-09	-6.470086e-01	-8.225630e+01
1.400000e-06	-6.057880e-08	-1.296524e-09	-3.878432e-01	-7.488959e+01
1.410000e-06	-2.011607e-08	-1.170203e-09	-1.287889e-01	-6.739306e+01
1.420000e-06	2.032049e-08	-1.037216e-09	1.300977e-01	-5.977145e+01
1.430000e-06	6.075195e-08	-9.049454e-10	3.889518e-01	-5.203064e+01
1.440000e-06	1.011662e-07	-7.766703e-10	6.476954e-01	-4.417774e+01
1.450000e-06	1.415643e-07	-6.454375e-10	9.063360e-01	-3.622105e+01
1.460000e-06	1.819634e-07	-5.061251e-10	1.164983e+00	-2.817009e+01
1.470000e-06	2.223597e-07	-3.662746e-10	1.423612e+00	-2.003550e+01
1.480000e-06	2.627325e-07	-2.297200e-10	1.682090e+00	-1.182893e+01
1.490000e-06	3.031042e-07	-9.330871e-11	1.940562e+00	-3.562899e+00
1.500000e-06	3.434919e-07	4.769303e-11	2.199136e+00	4.749394e+00
1.510000e-06	3.838861e-07	1.903065e-10	2.457751e+00	1.309430e+01
1.520000e-06	4.242569e-07	3.294650e-10	2.716217e+00	2.145790e+01
1.530000e-06	4.645524e-07	4.693040e-10	2.974201e+00	2.982623e+01
1.540000e-06	5.047745e-07	6.140776e-10	3.231714e+00	3.818545e+01
1.550000e-06	5.449251e-07	7.597804e-10	3.488770e+00	4.652195e+01
1.560000e-06	5.850249e-07	8.993539e-10	3.745501e+00	5.482249e+01
1.570000e-06	6.250597e-07	1.033688e-09	4.001815e+00	6.307424e+01
1.580000e-06	6.649476e-07	1.169133e-09	4.257189e+00	7.126485e+01
1.590000e-06	7.047427e-07	1.307451e-09	4.511969e+00	7.938245e+01
1.600000e-06	7.444200e-07	1.443684e-09	4.765995e+00	8.741572e+01
1.610000e-06	7.840053e-07	1.576966e-09	5.019432e+00	9.535392e+01
1.620000e-06	8.235515e-07	1.712876e-09	5.272618e+00	1.031870e+02
1.630000e-06	8.629268e-07	1.848595e-09	5.524710e+00	1.109057e+02
1.640000e-06	9.021168e-07	1.976216e-09	5.775616e+00	1.185017e+02
1.650000e-06	9.411595e-07	2.096478e-09	6.025579e+00	1.259677e+02
1.660000e-06	9.801224e-07	2.215540e-09	6.275030e+00	1.332976e+02
1.670000e-06	1.019002e-06	2.334659e-09	6.523949e+00	1.404867e+02
1.680000e-06	1.057719e-06	2.448713e-09	6.771825e+00	1.475317e+02
1.690000e-06	1.096353e-06	2.560962e-09	7.019170e+00	1.544305e+02
1.700000e-06	1.134893e-06	2.677828e-09	7.265917e+00	1.611825e+02
1.710000e-06	1.173326e-06	2.795784e-09	7.511978e+00	1.677883e+02
1.720000e-06	1.211722e-06	2.907741e-09	7.757798e+00	1.742495e+02
1.730000e-06	1.249987e-06	3.012915e-09	8.002786e+00	1.805682e+02
1.740000e-06	1.288039e-06	3.117010e-09	8.246401e+00	1.867472e+02
1.750000e-06	1.325843e-06	3.220325e-09	8.488438e+00	1.927895e+02
1.760000e-06	1.363498e-06	3.317790e-09	8.729514e+00	1.986980e+02
1.770000e-06	1.400997e-06	3.408980e-09	8.969591e+00	2.044754e+02
1.780000e-06	1.438285e-06	3.500713e-09	9.208324e+00	2.101242e+02
1.790000e-06	1.475407e-06	3.595902e-09	9.445985e+00	2.156465e+02
1.800000e-06	1.512379e-06	3.687819e-09	9.682696e+00	2.210444e+02
1.810000e-06	1.549185e-06	3.771729e-09	9.918336e+00	2.263195e+02
1.820000e-06	1.585825e-06	3.854716e-09	1.015291e+01	2.314738e+02
1.830000e-06	1.622388e-06	3.943297e-09	1.038700e+01	2.365092e+02
1.840000e-06	1.658915e-06	4.027828e-09	1.062086e+01	2.414283e+02
1.850000e-06	1.695355e-06	4.103138e-09	1.085416e+01	2.462335e+02
1.860000e-06	1.731666e-06	4.176805e-09	1.108664e+01	2.509280e+02
1.870000e-06	1.767799e-06	4.255748e-09	1.131797e+01	2.555149e+02
1.880000e-06	1.803704e-06	4.336089e-09	1.154784e+01	2.599978e+02
1.890000e-06	1.839392e-06	4.410219e-09	1.177632e+01	2.643799e+02
1.900000e-06	1.874799e-06	4.482444e-09	1.200301e+01	2.686642e+02
1.910000e-06	1.909783e-06	4.556567e-09	1.222699e+01	2.728534e+02
1.920000e-06	1.944314e-06	4.628145e-09	1.244807e+01	2.769494e+02
1.930000e-06	1.978406e-06	4.693718e-09	1.266634e+01	2.809537e+02
1.940000e-06	2.012112e-06	4.756469e-09	1.288213e+01	2.848670e+02
1.950000e-06	2.045515e-06	4.820080e-09	1.309599e+01	2.886897e+02
1.960000e-06	2.078624e-06	4.883369e-09	1.330796e+01	2.924219e+02
1.970000e-06	2.111522e-06	4.943949e-09	1.351858e+01	2.960637e+02
1.980000e-06	2.144251e-06	5.005145e-09	1.372812e+01	2.996156e+02
1.990000e-06	2.176823e-06	5.066136e-09	1.393666e+01	3.030787e+02
2.000000e-06	2.209273e-06	5.124227e-09	1.414441e+01	3.064548e+02
2.010000e-06	2.241535e-06	5.180640e-09	1.435096e+01	3.097465e+02
2.020000e-06	2.273528e-06	5.238120e-09	1.455579e+01	3.129573e+02
2.030000e-06	2.305219e-06	5.295795e-09	1.475869e+01	3.160913e+02
2.040000e-06	2.336637e-06	5.350138e-09	1.495984e+01	3.191529e+02
2.050000e-06	2.367734e-06	5.400425e-09	1.515893e+01	3.221466e+02
2.060000e-06	2.398511e-06	5.447880e-09	1.535597e+01	3.250767e+02
2.070000e-06	2.429040e-06	5.495823e-09	1.555143e+01	3.279463e+02
2.080000e-06	2.459325e-06	5.543488e-09	1.574532e+01	3.307580e+02
2.090000e-06	2.489369e-06	5.591114e-09	1.593767e+01	3.335130e+02
2.100000e-06	2.519162e-06	5.640056e-09	1.612842e+01	3.362114e+02
2.110000e-06	2.548714e-06	5.690414e-09	1.631761e+01	3.388521e+02
2.120000e-06	2.577957e-06	5.738534e-09	1.650483e+01	3.414335e+02
2.130000e-06	2.606884e-06	5.780252e-09	1.669004e+01	3.439533e+02
2.140000e-06	2.635595e-06	5.817832e-09	1.687385e+01	3.464096e+02
2.150000e-06	2.664127e-06	5.857361e-09	1.705652e+01	3.488006e+02
2.160000e-06	2.692470e-06	5.898558e-09	1.723798e+01	3.511257e+02
2.170000e-06	2.720585e-06	5.935516e-09	1.741798e+01	3.533854e+02
2.180000e-06	2.748357e-06	5.970367e-09	1.759578e+01	3.555813e+02
2.190000e-06	2.775582e-06	6.007823e-09	1.777009e+01	3.577163e+02
2.200000e-06	2.802207e-06	6.047448e-09	1.794055e+01	3.597943e+02
2.210000e-06	2.828320e-06	6.082661e-09	1.810773e+01	3.618199e+02
2.220000e-06	2.853932e-06	6.115175e-09	1.827171e+01	3.637975e+02
2.230000e-06	2.879071e-06	6.150711e-09	1.843266e+01	3.657317e+02
2.240000e-06	2.903889e-06	6.186610e-09	1.859155e+01	3.676259e+02
2.250000e-06	2.928466e-06	6.217665e-09	1.874890e+01	3.694825e+02
2.260000e-06	2.952793e-06	6.245802e-09	1.890464e+01	3.713027e+02
2.270000e-06	2.976874e-06	6.273307e-09	1.905882e+01	3.730863e+02
2.280000e-06	3.000611e-06	6.300500e-09	1.921079e+01	3.748320e+02
2.290000e-06	3.023891e-06	6.330411e-09	1.935984e+01	3.765377e+02
2.300000e-06	3.046772e-06	6.362618e-09	1.950633e+01	3.782008e+02
2.310000e-06	3.069337e-06	6.396203e-09	1.965079e+01	3.798187e+02
2.320000e-06	3.091625e-06	6.426924e-09	1.979349e+01	3.813898e+02
2.330000e-06	3.113582e-06	6.452723e-09	1.993407e+01	3.829128e+02
2.340000e-06	3.135090e-06	6.474505e-09	2.007177e+01	3.843881e+02
2.350000e-06	3.156194e-06	6.497033e-09	2.020688e+01	3.858171e+02
2.360000e-06	3.177024e-06	6.521106e-09	2.034024e+01	3.872021e+02
2.370000e-06	3.197594e-06	6.543715e-09	2.047193e+01	3.885466e+02
2.380000e-06	3.217914e-06	6.566330e-09	2.060203e+01	3.898541e+02
2.390000e-06	3.238003e-06	6.589223e-09	2.073064e+01	3.911284e+02
2.400000e-06	3.257762e-06	6.612762e-09	2.085714e+01	3.923724e+02
2.410000e-06	3.277059e-06	6.635110e-09	2.098069e+01	3.935882e+02
2.420000e-06	3.295849e-06	6.655606e-09	2.110099e+01	3.947769e+02
2.430000e-06	3.314124e-06	6.675575e-09	2.121800e+01	3.959381e+02
2.440000e-06	3.332025e-06	6.694500e-09	2.133260e+01	3.970704e+02
2.450000e-06	3.349694e-06	6.711191e-09	2.144572e+01	3.981715e+02
2.460000e-06	3.367038e-06	6.725983e-09	2.155676e+01	3.992388e+02
2.470000e-06	3.383971e-06	6.740325e-09	2.166517e+01	4.002697e+02
2.480000e-06	3.400472e-06	6.756172e-09	2.177082e+01	4.012623e+02
2.490000e-06	3.416419e-06	6.771457e-09	2.187291e+01	4.022154e+02
2.500000e-06	3.431790e-06	6.785890e-09	2.197133e+01	4.031294e+02
2.510000e-06	3.446724e-06	6.802351e-09	2.206694e+01	4.040059e+02
2.520000e-06	3.461248e-06	6.818692e-09	2.215993e+01	4.048476e+02
2.530000e-06	3.475340e-06	6.834077e-09	2.225015e+01	4.056582e+02
2.540000e-06	3.488957e-06	6.850090e-09	2.233732e+01	4.064417e+02
2.550000e-06	3.502109e-06	6.865666e-09	2.242152e+01	4.072020e+02
2.560000e-06	3.514862e-06	6.876710e-09	2.250318e+01	4.079424e+02
2.570000e-06	3.527233e-06	6.885793e-09	2.258238e+01	4.086650e+02
2.580000e-06	3.539115e-06	6.895910e-09	2.265845e+01	4.093704e+02
2.590000e-06	3.550449e-06	6.906952e-09	2.273102e+01	4.100577e+02
2.600000e-06	3.561215e-06	6.916231e-09	2.279994e+01	4.107246e+02
2.610000e-06	3.571281e-06	6.925276e-09	2.286439e+01	4.113676e+02
2.620000e-06	3.580707e-06	6.936484e-09	2.292473e+01	4.119826e+02
2.630000e-06	3.589676e-06	6.946838e-09	2.298215e+01	4.125654e+02
2.640000e-06	3.598319e-06	6.955163e-09	2.303749e+01	4.131125e+02
2.650000e-06	3.606711e-06	6.961863e-09	2.309122e+01	4.136214e+02
2.660000e-06	3.614744e-06	6.968631e-09	2.314265e+01	4.140914e+02
2.670000e-06	3.622285e-06	6.974978e-09	2.319093e+01	4.145230e+02
2.680000e-06	3.629377e-06	6.980204e-09	2.323633e+01	4.149186e+02
2.690000e-06	3.636094e-06	6.984680e-09	2.327934e+01	4.152819e+02
2.700000e-06	3.642403e-06	6.990057e-09	2.331973e+01	4.156173e+02
2.710000e-06	3.648211e-06	6.996649e-09	2.335691e+01	4.159294e+02
2.720000e-06	3.653570e-06	7.003090e-09	2.339123e+01	4.162223e+02
2.730000e-06	3.658626e-06	7.008679e-09	2.342360e+01	4.164988e+02
2.740000e-06	3.663386e-06	7.014568e-09	2.345407e+01	4.167607e+02
2.750000e-06	3.667810e-06	7.018297e-09	2.348240e+01	4.170077e+02
2.760000e-06	3.671875e-06	7.018711e-09	2.350842e+01	4.172381e+02
2.770000e-06	3.675465e-06	7.018169e-09	2.353141e+01	4.174488e+02
2.780000e-06	3.678497e-06	7.017082e-09	2.355082e+01	4.176359e+02
2.790000e-06	3.680947e-06	7.015537e-09	2.356650e+01	4.177958e+02
2.800000e-06	3.682745e-06	7.013577e-09	2.357801e+01	4.179252e+02
2.810000e-06	3.683942e-06	7.013190e-09	2.358567e+01	4.180222e+02
2.820000e-06	3.684732e-06	7.014908e-09	2.359073e+01	4.180869e+02
2.830000e-06	3.685224e-06	7.018502e-09	2.359388e+01	4.181212e+02
2.840000e-06	3.685367e-06	7.023750e-09	2.359480e+01	4.181288e+02
2.850000e-06	3.685113e-06	7.028199e-09	2.359317e+01	4.181149e+02
2.860000e-06	3.684451e-06	7.028748e-09	2.358893e+01	4.180855e+02
2.870000e-06	3.683369e-06	7.020137e-09	2.358201e+01	4.180464e+02
2.880000e-06	3.681913e-06	6.999568e-09	2.357269e+01	4.180023e+02
2.890000e-06	3.680081e-06	6.989461e-09	2.356096e+01	4.179560e+02
2.900000e-06	3.677830e-06	7.012459e-09	2.354654e+01	4.179077e+02
2.910000e-06	3.675197e-06	7.054961e-09	2.352969e+01	4.178546e+02
2.920000e-06	3.672189e-06	7.108015e-09	2.351043e+01	4.177911e+02
2.930000e-06	3.668770e-06	7.097544e-09	2.348854e+01	4.177093e+02
2.940000e-06	3.664849e-06	6.933157e-09	2.346344e+01	4.175997e+02
2.950000e-06	3.660421e-06	6.848370e-09	2.343509e+01	4.174522e+02
2.960000e-06	3.655722e-06	7.027763e-09	2.340500e+01	4.172580e+02
2.970000e-06	3.650668e-06	7.117085e-09	2.337264e+01	4.170100e+02
2.980000e-06	3.644869e-06	6.942490e-09	2.333552e+01	4.167047e+02
2.990000e-06	3.638355e-06	6.905536e-09	2.329381e+01	4.163424e+02
3.000000e-06	3.631415e-06	7.181868e-09	2.324938e+01	4.159277e+02
3.010000e-06	3.624112e-06	7.194731e-09	2.320263e+01	4.154693e+02
3.020000e-06	3.616415e-06	6.908338e-09	2.315335e+01	4.149792e+02
3.030000e-06	3.608431e-06	6.959088e-09	2.310223e+01	4.144714e+02
3.040000e-06	3.600172e-06	7.074932e-09	2.304935e+01	4.139606e+02
3.050000e-06	3.591435e-06	6.987895e-09	2.299342e+01	4.134603e+02
3.060000e-06	3.582181e-06	6.988112e-09	2.293417e+01	4.129814e+02
3.070000e-06	3.572566e-06	7.015755e-09	2.287262e+01	4.125304e+02
3.080000e-06	3.562632e-06	6.815811e-09	2.280902e+01	4.121089e+02
3.090000e-06	3.552190e-06	6.838573e-09	2.274216e+01	4.117131e+02
3.100000e-06	3.541131e-06	7.128533e-09	2.267136e+01	4.113337e+02
3.110000e-06	3.529625e-06	6.954017e-09	2.259770e+01	4.109573e+02
3.120000e-06	3.517766e-06	6.756464e-09	2.252177e+01	4.105670e+02
3.130000e-06	3.505358e-06	7.074775e-09	2.244233e+01	4.101447e+02
3.140000e-06	3.492231e-06	7.191936e-09	2.235829e+01	4.096727e+02
3.150000e-06	3.478523e-06	6.842573e-09	2.227053e+01	4.091357e+02
3.160000e-06	3.464339e-06	6.768658e-09	2.217971e+01	4.085223e+02
3.170000e-06	3.449629e-06	6.998545e-09	2.208554e+01	4.078258e+02
3.180000e-06	3.434477e-06	7.014034e-09	2.198853e+01	4.070454e+02
3.190000e-06	3.419014e-06	6.801699e-09	2.188953e+01	4.061857e+02
3.200000e-06	3.403190e-06	6.734303e-09	2.178822e+01	4.052560e+02
3.210000e-06	3.386951e-06	6.923015e-09	2.168425e+01	4.042693e+02
3.220000e-06	3.370302e-06	6.959843e-09	2.157766e+01	4.032407e+02
3.230000e-06	3.353271e-06	6.720267e-09	2.146862e+01	4.021855e+02
3.240000e-06	3.335904e-06	6.697297e-09	2.135743e+01	4.011175e+02
3.250000e-06	3.318135e-06	6.875561e-09	2.124367e+01	4.000476e+02
3.260000e-06	3.299892e-06	6.820404e-09	2.112687e+01	3.989829e+02
3.270000e-06	3.281248e-06	6.688622e-09	2.100751e+01	3.979257e+02
3.280000e-06	3.262325e-06	6.694127e-09	2.088636e+01	3.968741e+02
3.290000e-06	3.243137e-06	6.739230e-09	2.076351e+01	3.958219e+02
3.300000e-06	3.223781e-06	6.736673e-09	2.063959e+01	3.947601e+02
3.310000e-06	3.204235e-06	6.647113e-09	2.051445e+01	3.936783e+02
3.320000e-06	3.184283e-06	6.586866e-09	2.038671e+01	3.925655e+02
3.330000e-06	3.163820e-06	6.656545e-09	2.025570e+01	3.914123e+02
3.340000e-06	3.142793e-06	6.666184e-09	2.012108e+01	3.902114e+02
3.350000e-06	3.121106e-06	6.574431e-09	1.998223e+01	3.889588e+02
3.360000e-06	3.098732e-06	6.528400e-09	1.983899e+01	3.876537e+02
3.370000e-06	3.075949e-06	6.556007e-09	1.969313e+01	3.862987e+02
3.380000e-06	3.052936e-06	6.563867e-09	1.954579e+01	3.848993e+02
3.390000e-06	3.029670e-06	6.488648e-09	1.939683e+01	3.834624e+02
3.400000e-06	3.006151e-06	6.420814e-09	1.924626e+01	3.819959e+02
3.410000e-06	2.982242e-06	6.453277e-09	1.909319e+01	3.805069e+02
3.420000e-06	2.957949e-06	6.468752e-09	1.893765e+01	3.790010e+02
3.430000e-06	2.933325e-06	6.392012e-09	1.878001e+01	3.774815e+02
3.440000e-06	2.908385e-06	6.326306e-09	1.862033e+01	3.759490e+02
3.450000e-06	2.883159e-06	6.347493e-09	1.845883e+01	3.744010e+02
3.460000e-06	2.857535e-06	6.364373e-09	1.829478e+01	3.728328e+02
3.470000e-06	2.831516e-06	6.288531e-09	1.812819e+01	3.712378e+02
3.480000e-06	2.805192e-06	6.223305e-09	1.795966e+01	3.696085e+02
3.490000e-06	2.778510e-06	6.238426e-09	1.778883e+01	3.679378e+02
3.500000e-06	2.751495e-06	6.240219e-09	1.761588e+01	3.662192e+02
3.510000e-06	2.724286e-06	6.167257e-09	1.744168e+01	3.644484e+02
3.520000e-06	2.696897e-06	6.101705e-09	1.726632e+01	3.626235e+02
3.530000e-06	2.669321e-06	6.106417e-09	1.708978e+01	3.607448e+02
3.540000e-06	2.641476e-06	6.111962e-09	1.691150e+01	3.588152e+02
3.550000e-06	2.613269e-06	6.043811e-09	1.673092e+01	3.568392e+02
3.560000e-06	2.584590e-06	5.982708e-09	1.654730e+01	3.548226e+02
3.570000e-06	2.555361e-06	5.981869e-09	1.636017e+01	3.527710e+02
3.580000e-06	2.525636e-06	5.971060e-09	1.616986e+01	3.506898e+02
3.590000e-06	2.495440e-06	5.898868e-09	1.597654e+01	3.485826e+02
3.600000e-06	2.464874e-06	5.831269e-09	1.578084e+01	3.464510e+02
3.610000e-06	2.434032e-06	5.823654e-09	1.558339e+01	3.442945e+02
3.620000e-06	2.402911e-06	5.815147e-09	1.538414e+01	3.421103e+02
3.630000e-06	2.371550e-06	5.755675e-09	1.518336e+01	3.398936e+02
3.640000e-06	2.340030e-06	5.694976e-09	1.498156e+01	3.376384e+02
3.650000e-06	2.308392e-06	5.676735e-09	1.477900e+01	3.353382e+02
3.660000e-06	2.276548e-06	5.656842e-09	1.457513e+01	3.329866e+02
3.670000e-06	2.244346e-06	5.590895e-09	1.436896e+01	3.305783e+02
3.680000e-06	2.211803e-06	5.520762e-09	1.416061e+01	3.281094e+02
3.690000e-06	2.179050e-06	5.494220e-09	1.395091e+01	3.255783e+02
3.700000e-06	2.146049e-06	5.472939e-09	1.373963e+01	3.229850e+02
3.710000e-06	2.112800e-06	5.417748e-09	1.352676e+01	3.203318e+02
3.720000e-06	2.079406e-06	5.354185e-09	1.331297e+01	3.176223e+02
3.730000e-06	2.045832e-06	5.321984e-09	1.309802e+01	3.148610e+02
3.740000e-06	2.012013e-06	5.294165e-09	1.288149e+01	3.120527e+02
3.750000e-06	1.977871e-06	5.235128e-09	1.266291e+01	3.092017e+02
3.760000e-06	1.943408e-06	5.166386e-09	1.244227e+01	3.063113e+02
3.770000e-06	1.908744e-06	5.124685e-09	1.222034e+01	3.033832e+02
3.780000e-06	1.873872e-06	5.091955e-09	1.199708e+01	3.004175e+02
3.790000e-06	1.838812e-06	5.030958e-09	1.177262e+01	2.974126e+02
3.800000e-06	1.803636e-06	4.958308e-09	1.154741e+01	2.943652e+02
3.810000e-06	1.768316e-06	4.910751e-09	1.132128e+01	2.912711e+02
3.820000e-06	1.732882e-06	4.875418e-09	1.109442e+01	2.881253e+02
3.830000e-06	1.697342e-06	4.816827e-09	1.086688e+01	2.849229e+02
3.840000e-06	1.661691e-06	4.746494e-09	1.063863e+01	2.816591e+02
3.850000e-06	1.625904e-06	4.697231e-09	1.040951e+01	2.783302e+02
3.860000e-06	1.589841e-06	4.656827e-09	1.017863e+01	2.749334e+02
3.870000e-06	1.553454e-06	4.591436e-09	9.945669e+00	2.714672e+02
3.880000e-06	1.516766e-06	4.511866e-09	9.710782e+00	2.679310e+02
3.890000e-06	1.479737e-06	4.449672e-09	9.473711e+00	2.643252e+02
3.900000e-06	1.442384e-06	4.398940e-09	9.234566e+00	2.606505e+02
3.910000e-06	1.404714e-06	4.332486e-09	8.993391e+00	2.569081e+02
3.920000e-06	1.366741e-06	4.255813e-09	8.750278e+00	2.530984e+02
3.930000e-06	1.328505e-06	4.193561e-09	8.505479e+00	2.492217e+02
3.940000e-06	1.290081e-06	4.140624e-09	8.259474e+00	2.452770e+02
3.950000e-06	1.251466e-06	4.071510e-09	8.012250e+00	2.412626e+02
3.960000e-06	1.212645e-06	3.988439e-09	7.763709e+00	2.371758e+02
3.970000e-06	1.173670e-06	3.916491e-09	7.514178e+00	2.330131e+02
3.980000e-06	1.134551e-06	3.854329e-09	7.263727e+00	2.287705e+02
3.990000e-06	1.095332e-06	3.777963e-09	7.012636e+00	2.244435e+02
4.000000e-06	1.056023e-06	3.689359e-09	6.760966e+00	2.200278e+02
4.010000e-06	1.016673e-06	3.611617e-09	6.509041e+00	2.155191e+02
4.020000e-06	9.773142e-07	3.544304e-09	6.257052e+00	2.109138e+02
4.030000e-06	9.379081e-07	3.464920e-09	6.004763e+00	2.062087e+02
4.040000e-06	8.984533e-07	3.374515e-09	5.752161e+00	2.014012e+02
4.050000e-06	8.589886e-07	3.294293e-09	5.499497e+00	1.964892e+02
4.060000e-06	8.195008e-07	3.221663e-09	5.246684e+00	1.914710e+02
4.070000e-06	7.799014e-07	3.134930e-09	4.993158e+00	1.863450e+02
4.080000e-06	7.401679e-07	3.036453e-09	4.738771e+00	1.811099e+02
4.090000e-06	7.003338e-07	2.943767e-09	4.483742e+00	1.757639e+02
4.100000e-06	6.604012e-07	2.855740e-09	4.228082e+00	1.703052e+02
4.110000e-06	6.204390e-07	2.758299e-09	3.972232e+00	1.647315e+02
4.120000e-06	5.804610e-07	2.652586e-09	3.716281e+00	1.590402e+02
4.130000e-06	5.404377e-07	2.555667e-09	3.460041e+00	1.532284e+02
4.140000e-06	5.004006e-07	2.467928e-09	3.203711e+00	1.472931e+02
4.150000e-06	4.602526e-07	2.370540e-09	2.946672e+00	1.412310e+02
4.160000e-06	4.199948e-07	2.259506e-09	2.688930e+00	1.350391e+02
4.170000e-06	3.796333e-07	2.148548e-09	2.430523e+00	1.287146e+02
4.180000e-06	3.391908e-07	2.040019e-09	2.171599e+00	1.222552e+02
4.190000e-06	2.987801e-07	1.923602e-09	1.912877e+00	1.156589e+02
4.200000e-06	2.583481e-07	1.801042e-09	1.654020e+00	1.089246e+02
4.210000e-06	2.178590e-07	1.686715e-09	1.394797e+00	1.020517e+02
4.220000e-06	1.773508e-07	1.579135e-09	1.135452e+00	9.504042e+01
4.230000e-06	1.368496e-07	1.463560e-09	8.761514e-01	8.789194e+01
4.240000e-06	9.631402e-08	1.338505e-09	6.166306e-01	8.060825e+01
4.250000e-06	5.575998e-08	1.212754e-09	3.569917e-01	7.319233e+01
4.260000e-06	1.518838e-08	1.085505e-09	9.724048e-02	6.564824e+01
4.270000e-06	-2.541799e-08	9.521455e-10	-1.627334e-01	5.798114e+01
4.280000e-06	-6.599788e-08	8.162168e-10	-4.225378e-01	5.019736e+01
4.290000e-06	-1.066101e-07	6.844664e-10	-6.825489e-01	4.230446e+01
4.300000e-06	-1.472984e-07	5.549372e-10	-9.430476e-01	3.431120e+01
4.310000e-06	-1.879473e-07	4.172435e-10	-1.203294e+00	2.622753e+01
4.320000e-06	-2.284980e-07	2.732650e-10	-1.462911e+00	1.806449e+01
4.330000e-06	-2.690119e-07	1.367736e-10	-1.722293e+00	9.834080e+00
4.340000e-06	-3.094534e-07	5.543315e-12	-1.981211e+00	1.549089e+00
4.350000e-06	-3.497836e-07	-1.309641e-10	-2.239417e+00	-6.777090e+00
4.360000e-06	-3.900453e-07	-2.745942e-10	-2.497184e+00	-1.513068e+01
4.370000e-06	-4.302776e-07	-4.180700e-10	-2.754763e+00	-2.349773e+01
4.380000e-06	-4.704394e-07	-5.589507e-10	-3.011891e+00	-3.186430e+01
4.390000e-06	-5.105218e-07	-7.039834e-10	-3.268510e+00	-4.021661e+01
4.400000e-06	-5.505607e-07	-8.489741e-10	-3.524851e+00	-4.854120e+01
4.410000e-06	-5.905061e-07	-9.846049e-10	-3.780593e+00	-5.682496e+01
4.420000e-06	-6.303219e-07	-1.115103e-09	-4.035505e+00	-6.505524e+01
4.430000e-06	-6.701068e-07	-1.250795e-09	-4.290220e+00	-7.321987e+01
4.440000e-06	-7.098793e-07	-1.391151e-09	-4.544855e+00	-8.130718e+01
4.450000e-06	-7.495664e-07	-1.526163e-09	-4.798944e+00	-8.930606e+01
4.460000e-06	-7.891435e-07	-1.656380e-09	-5.052328e+00	-9.720603e+01
4.470000e-06	-8.286457e-07	-1.790033e-09	-5.305232e+00	-1.049973e+02
4.480000e-06	-8.681472e-07	-1.924550e-09	-5.558133e+00	-1.126710e+02
4.490000e-06	-9.076006e-07	-2.051187e-09	-5.810725e+00	-1.202190e+02
4.500000e-06	-9.469780e-07	-2.171227e-09	-6.062831e+00	-1.276347e+02
4.510000e-06	-9.863293e-07	-2.295065e-09	-6.314769e+00	-1.349123e+02
4.520000e-06	-1.025639e-06	-2.421177e-09	-6.566441e+00	-1.420477e+02
4.530000e-06	-1.064864e-06	-2.540258e-09	-6.817570e+00	-1.490380e+02
4.540000e-06	-1.104039e-06	-2.651185e-09	-7.068380e+00	-1.558819e+02
4.550000e-06	-1.143164e-06	-2.762354e-09	-7.318868e+00	-1.625790e+02
4.560000e-06	-1.182164e-06	-2.875419e-09	-7.568559e+00	-1.691304e+02
4.570000e-06	-1.221025e-06	-2.984187e-09	-7.817357e+00	-1.755378e+02
4.580000e-06	-1.259723e-06	-3.085650e-09	-8.065117e+00	-1.818039e+02
4.590000e-06	-1.298238e-06	-3.186352e-09	-8.311699e+00	-1.879313e+02
4.600000e-06	-1.336566e-06	-3.290821e-09	-8.557090e+00	-1.939232e+02
4.610000e-06	-1.374635e-06	-3.392935e-09	-8.800814e+00	-1.997822e+02
4.620000e-06	-1.412392e-06	-3.489834e-09	-9.042547e+00	-2.055112e+02
4.630000e-06	-1.449796e-06	-3.585435e-09	-9.282016e+00	-2.111123e+02
4.640000e-06	-1.486874e-06	-3.682495e-09	-9.519400e+00	-2.165878e+02
4.650000e-06	-1.523783e-06	-3.774549e-09	-9.755708e+00	-2.219394e+02
4.660000e-06	-1.560389e-06	-3.857645e-09	-9.990064e+00	-2.271690e+02
4.670000e-06	-1.596586e-06	-3.938961e-09	-1.022181e+01	-2.322785e+02
4.680000e-06	-1.632556e-06	-4.023293e-09	-1.045210e+01	-2.372701e+02
4.690000e-06	-1.668327e-06	-4.106695e-09	-1.068112e+01	-2.421462e+02
4.700000e-06	-1.703910e-06	-4.185687e-09	-1.090893e+01	-2.469095e+02
4.710000e-06	-1.739373e-06	-4.264443e-09	-1.113597e+01	-2.515633e+02
4.720000e-06	-1.774746e-06	-4.346650e-09	-1.136245e+01	-2.561109e+02
4.730000e-06	-1.810047e-06	-4.426234e-09	-1.158845e+01	-2.605556e+02
4.740000e-06	-1.845264e-06	-4.496879e-09	-1.181392e+01	-2.649007e+02
4.750000e-06	-1.880325e-06	-4.565173e-09	-1.203839e+01	-2.691492e+02
4.760000e-06	-1.915126e-06	-4.636117e-09	-1.226120e+01	-2.733033e+02
4.770000e-06	-1.949695e-06	-4.704758e-09	-1.248252e+01	-2.773648e+02
4.780000e-06	-1.984035e-06	-4.766129e-09	-1.270237e+01	-2.813350e+02
4.790000e-06	-2.018042e-06	-4.826635e-09	-1.292010e+01	-2.852143e+02
4.800000e-06	-2.051794e-06	-4.893228e-09	-1.313618e+01	-2.890031e+02
4.810000e-06	-2.085330e-06	-4.960382e-09	-1.335089e+01	-2.927014e+02
4.820000e-06	-2.118593e-06	-5.020286e-09	-1.356385e+01	-2.963094e+02
4.830000e-06	-2.151647e-06	-5.075127e-09	-1.377548e+01	-2.998279e+02
4.840000e-06	-2.184496e-06	-5.132701e-09	-1.398579e+01	-3.032581e+02
4.850000e-06	-2.217013e-06	-5.189787e-09	-1.419397e+01	-3.066023e+02
4.860000e-06	-2.249208e-06	-5.238963e-09	-1.440009e+01	-3.098632e+02
4.870000e-06	-2.281168e-06	-5.283709e-09	-1.460470e+01	-3.130447e+02
4.880000e-06	-2.312872e-06	-5.334896e-09	-1.480769e+01	-3.161511e+02
4.890000e-06	-2.344343e-06	-5.392305e-09	-1.500917e+01	-3.191868e+02
4.900000e-06	-2.375655e-06	-5.446991e-09	-1.520964e+01	-3.221562e+02
4.910000e-06	-2.406826e-06	-5.496290e-09	-1.540921e+01	-3.250633e+02
4.920000e-06	-2.437784e-06	-5.545746e-09	-1.560741e+01	-3.279110e+02
4.930000e-06	-2.468347e-06	-5.592262e-09	-1.580308e+01	-3.307014e+02
4.940000e-06	-2.498424e-06	-5.632164e-09	-1.599564e+01	-3.334353e+02
4.950000e-06	-2.528084e-06	-5.668448e-09	-1.618553e+01	-3.361123e+02
4.960000e-06	-2.557304e-06	-5.706788e-09	-1.637261e+01	-3.387310e+02
4.970000e-06	-2.585976e-06	-5.750161e-09	-1.655617e+01	-3.412896e+02
4.980000e-06	-2.614166e-06	-5.793663e-09	-1.673666e+01	-3.437859e+02
4.990000e-06	-2.641953e-06	-5.836194e-09	-1.691456e+01	-3.462178e+02
5.000000e-06	-2.669487e-06	-5.878631e-09	-1.709084e+01	-3.485842e+02
5.010000e-06	-2.696894e-06	-5.919698e-09	-1.726631e+01	-3.508847e+02
5.020000e-06	-2.724170e-06	-5.956420e-09	-1.744093e+01	-3.531202e+02
5.030000e-06	-2.751233e-06	-5.987529e-09	-1.761420e+01	-3.552929e+02
5.040000e-06	-2.777922e-06	-6.017487e-09	-1.778507e+01	-3.574061e+02
5.050000e-06	-2.804216e-06	-6.050480e-09	-1.795341e+01	-3.594639e+02
5.060000e-06	-2.830141e-06	-6.085024e-09	-1.811939e+01	-3.614710e+02
5.070000e-06	-2.855689e-06	-6.118163e-09	-1.828296e+01	-3.634320e+02
5.080000e-06	-2.880961e-06	-6.150863e-09	-1.844476e+01	-3.653508e+02
5.090000e-06	-2.905957e-06	-6.183557e-09	-1.860478e+01	-3.672307e+02
5.100000e-06	-2.930519e-06	-6.214667e-09	-1.876204e+01	-3.690737e+02
5.110000e-06	-2.954659e-06	-6.242961e-09	-1.891659e+01	-3.708803e+02
5.120000e-06	-2.978476e-06	-6.269527e-09	-1.906907e+01	-3.726499e+02
5.130000e-06	-3.002071e-06	-6.297154e-09	-1.922014e+01	-3.743810e+02
5.140000e-06	-3.025487e-06	-6.325024e-09	-1.937006e+01	-3.760710e+02
5.150000e-06	-3.048748e-06	-6.350261e-09	-1.951898e+01	-3.777174e+02
5.160000e-06	-3.071739e-06	-6.374489e-09	-1.966617e+01	-3.793180e+02
5.170000e-06	-3.094246e-06	-6.399882e-09	-1.981027e+01	-3.808712e+02
5.180000e-06	-3.116236e-06	-6.422582e-09	-1.995106e+01	-3.823763e+02
5.190000e-06	-3.137678e-06	-6.443386e-09	-2.008834e+01	-3.838340e+02
5.200000e-06	-3.158517e-06	-6.466271e-09	-2.022175e+01	-3.852462e+02
5.210000e-06	-3.178778e-06	-6.491181e-09	-2.035147e+01	-3.866156e+02
5.220000e-06	-3.198615e-06	-6.515734e-09	-2.047847e+01	-3.879458e+02
5.230000e-06	-3.218202e-06	-6.539217e-09	-2.060387e+01	-3.892405e+02
5.240000e-06	-3.237519e-06	-6.560889e-09	-2.072754e+01	-3.905032e+02
5.250000e-06	-3.256522e-06	-6.579014e-09	-2.084920e+01	-3.917365e+02
5.260000e-06	-3.275163e-06	-6.595158e-09	-2.096855e+01	-3.929421e+02
5.270000e-06	-3.293354e-06	-6.611806e-09	-2.108502e+01	-3.941207e+02
5.280000e-06	-3.311180e-06	-6.629551e-09	-2.119914e+01	-3.952713e+02
5.290000e-06	-3.328748e-06	-6.650520e-09	-2.131162e+01	-3.963922e+02
5.300000e-06	-3.345944e-06	-6.673880e-09	-2.142171e+01	-3.974810e+02
5.310000e-06	-3.362799e-06	-6.696019e-09	-2.152962e+01	-3.985349e+02
5.320000e-06	-3.379308e-06	-6.714633e-09	-2.163532e+01	-3.995517e+02
5.330000e-06	-3.395391e-06	-6.728784e-09	-2.173829e+01	-4.005295e+02
5.340000e-06	-3.411089e-06	-6.741700e-09	-2.183879e+01	-4.014680e+02
5.350000e-06	-3.426485e-06	-6.754985e-09	-2.193736e+01	-4.023677e+02
5.360000e-06	-3.441580e-06	-6.768086e-09	-2.203400e+01	-4.032308e+02
5.370000e-06	-3.456240e-06	-6.782302e-09	-2.212786e+01	-4.040604e+02
5.380000e-06	-3.470327e-06	-6.797549e-09	-2.221805e+01	-4.048604e+02
5.390000e-06	-3.483742e-06	-6.813059e-09	-2.230394e+01	-4.056348e+02
5.400000e-06	-3.496484e-06	-6.828898e-09	-2.238551e+01	-4.063873e+02
5.410000e-06	-3.508580e-06	-6.842847e-09	-2.246296e+01	-4.071209e+02
5.420000e-06	-3.520205e-06	-6.853060e-09	-2.253739e+01	-4.078371e+02
5.430000e-06	-3.531491e-06	-6.862465e-09	-2.260964e+01	-4.085360e+02
5.440000e-06	-3.542355e-06	-6.872381e-09	-2.267920e+01	-4.092160e+02
5.450000e-06	-3.552790e-06	-6.882244e-09	-2.274600e+01	-4.098745e+02
5.460000e-06	-3.562784e-06	-6.892600e-09	-2.280998e+01	-4.105075e+02
5.470000e-06	-3.572348e-06	-6.904500e-09	-2.287122e+01	-4.111109e+02
5.480000e-06	-3.581548e-06	-6.915831e-09	-2.293012e+01	-4.116807e+02
5.490000e-06	-3.590293e-06	-6.925034e-09	-2.298611e+01	-4.122138e+02
5.500000e-06	-3.598567e-06	-6.932785e-09	-2.303908e+01	-4.127081e+02
5.510000e-06	-3.606468e-06	-6.940322e-09	-2.308967e+01	-4.131635e+02
5.520000e-06	-3.614050e-06	-6.949733e-09	-2.313821e+01	-4.135813e+02
5.530000e-06	-3.621369e-06	-6.958544e-09	-2.318507e+01	-4.139644e+02
5.540000e-06	-3.628415e-06	-6.966411e-09	-2.323017e+01	-4.143168e+02
5.550000e-06	-3.634987e-06	-6.973672e-09	-2.327225e+01	-4.146430e+02
5.560000e-06	-3.640946e-06	-6.978815e-09	-2.331040e+01	-4.149474e+02
5.570000e-06	-3.646258e-06	-6.981465e-09	-2.334441e+01	-4.152339e+02
5.580000e-06	-3.650898e-06	-6.982846e-09	-2.337412e+01	-4.155050e+02
5.590000e-06	-3.655023e-06	-6.986301e-09	-2.340053e+01	-4.157614e+02
5.600000e-06	-3.658791e-06	-6.991297e-09	-2.342465e+01	-4.160025e+02
5.610000e-06	-3.662188e-06	-6.996967e-09	-2.344640e+01	-4.162259e+02
5.620000e-06	-3.665252e-06	-7.003126e-09	-2.346602e+01	-4.164283e+02
5.630000e-06	-3.667979e-06	-7.009476e-09	-2.348348e+01	-4.166057e+02
5.640000e-06	-3.670280e-06	-7.015391e-09	-2.349821e+01	-4.167544e+02
5.650000e-06	-3.672106e-06	-7.018683e-09	-2.350990e+01	-4.168719e+02
5.660000e-06	-3.673552e-06	-7.020172e-09	-2.351916e+01	-4.169567e+02
5.670000e-06	-3.674681e-06	-7.021446e-09	-2.352638e+01	-4.170097e+02
5.680000e-06	-3.675280e-06	-7.022787e-09	-2.353022e+01	-4.170335e+02
5.690000e-06	-3.675383e-06	-7.023528e-09	-2.353088e+01	-4.170324e+02
