# Temperatura_=_20.0
# Concentracion g/m^3_=_9000.0
# C_Vs_to_Am_M_A/Vsm_=_59384043850.047264
# pendiente_HvsI_1/m_=_3716.3
# ordenada_HvsI_A/m_=_1297.0
# frecuencia_Hz_=_175667.20775682174

Tiempo_(s)	Campo_(V.s)	Magnetizacion_(V.s)	Campo_(kA/m)	Magnetizacion_(A/m)
0.000000e+00	-3.689309e-06	-7.003057e-09	-2.353836e+01	-4.176268e+02
1.000000e-08	-3.689052e-06	-6.998359e-09	-2.353672e+01	-4.175675e+02
2.000000e-08	-3.688539e-06	-6.995207e-09	-2.353345e+01	-4.174808e+02
3.000000e-08	-3.687841e-06	-6.999356e-09	-2.352900e+01	-4.173719e+02
4.000000e-08	-3.686715e-06	-7.009537e-09	-2.352181e+01	-4.172472e+02
5.000000e-08	-3.684940e-06	-7.017786e-09	-2.351049e+01	-4.171126e+02
6.000000e-08	-3.682395e-06	-7.010801e-09	-2.349425e+01	-4.169732e+02
7.000000e-08	-3.679126e-06	-6.984235e-09	-2.347339e+01	-4.168326e+02
8.000000e-08	-3.675321e-06	-6.924812e-09	-2.344911e+01	-4.166921e+02
9.000000e-08	-3.671081e-06	-6.869292e-09	-2.342206e+01	-4.165503e+02
1.000000e-07	-3.666530e-06	-6.959070e-09	-2.339303e+01	-4.164036e+02
1.100000e-07	-3.661774e-06	-7.119686e-09	-2.336269e+01	-4.162457e+02
1.200000e-07	-3.656740e-06	-7.046743e-09	-2.333057e+01	-4.160691e+02
1.300000e-07	-3.651182e-06	-6.844608e-09	-2.329511e+01	-4.158649e+02
1.400000e-07	-3.645076e-06	-6.923373e-09	-2.325615e+01	-4.156248e+02
1.500000e-07	-3.638641e-06	-7.124118e-09	-2.321509e+01	-4.153408e+02
1.600000e-07	-3.631821e-06	-6.931796e-09	-2.317158e+01	-4.150072e+02
1.700000e-07	-3.624425e-06	-6.736028e-09	-2.312440e+01	-4.146202e+02
1.800000e-07	-3.616583e-06	-6.907463e-09	-2.307436e+01	-4.141790e+02
1.900000e-07	-3.608456e-06	-6.988726e-09	-2.302251e+01	-4.136852e+02
2.000000e-07	-3.600046e-06	-6.917824e-09	-2.296885e+01	-4.131428e+02
2.100000e-07	-3.591325e-06	-6.909719e-09	-2.291321e+01	-4.125577e+02
2.200000e-07	-3.582176e-06	-6.890341e-09	-2.285484e+01	-4.119364e+02
2.300000e-07	-3.572399e-06	-6.784443e-09	-2.279246e+01	-4.112860e+02
2.400000e-07	-3.561798e-06	-6.952359e-09	-2.272482e+01	-4.106125e+02
2.500000e-07	-3.550509e-06	-7.030159e-09	-2.265280e+01	-4.099209e+02
2.600000e-07	-3.538740e-06	-6.751840e-09	-2.257771e+01	-4.092142e+02
2.700000e-07	-3.526538e-06	-6.762729e-09	-2.249986e+01	-4.084934e+02
2.800000e-07	-3.513931e-06	-7.024706e-09	-2.241943e+01	-4.077577e+02
2.900000e-07	-3.500858e-06	-6.920290e-09	-2.233601e+01	-4.070046e+02
3.000000e-07	-3.487329e-06	-6.635321e-09	-2.224970e+01	-4.062310e+02
3.100000e-07	-3.473385e-06	-6.741693e-09	-2.216073e+01	-4.054330e+02
3.200000e-07	-3.459005e-06	-6.938875e-09	-2.206899e+01	-4.046076e+02
3.300000e-07	-3.444209e-06	-6.856163e-09	-2.197459e+01	-4.037522e+02
3.400000e-07	-3.428900e-06	-6.669276e-09	-2.187691e+01	-4.028660e+02
3.500000e-07	-3.412896e-06	-6.718694e-09	-2.177480e+01	-4.019494e+02
3.600000e-07	-3.396165e-06	-6.846501e-09	-2.166806e+01	-4.010044e+02
3.700000e-07	-3.378959e-06	-6.753327e-09	-2.155828e+01	-4.000339e+02
3.800000e-07	-3.361455e-06	-6.600612e-09	-2.144660e+01	-3.990415e+02
3.900000e-07	-3.343586e-06	-6.683009e-09	-2.133260e+01	-3.980305e+02
4.000000e-07	-3.325383e-06	-6.760720e-09	-2.121645e+01	-3.970038e+02
4.100000e-07	-3.306874e-06	-6.673623e-09	-2.109836e+01	-3.959628e+02
4.200000e-07	-3.288024e-06	-6.613093e-09	-2.097810e+01	-3.949074e+02
4.300000e-07	-3.268734e-06	-6.610494e-09	-2.085503e+01	-3.938359e+02
4.400000e-07	-3.248972e-06	-6.625634e-09	-2.072894e+01	-3.927449e+02
4.500000e-07	-3.228840e-06	-6.611244e-09	-2.060050e+01	-3.916297e+02
4.600000e-07	-3.208496e-06	-6.542012e-09	-2.047070e+01	-3.904853e+02
4.700000e-07	-3.187949e-06	-6.511468e-09	-2.033961e+01	-3.893063e+02
4.800000e-07	-3.167069e-06	-6.569377e-09	-2.020639e+01	-3.880886e+02
4.900000e-07	-3.145810e-06	-6.544571e-09	-2.007075e+01	-3.868290e+02
5.000000e-07	-3.124187e-06	-6.454426e-09	-1.993280e+01	-3.855264e+02
5.100000e-07	-3.102193e-06	-6.437542e-09	-1.979247e+01	-3.841816e+02
5.200000e-07	-3.079854e-06	-6.467327e-09	-1.964995e+01	-3.827973e+02
5.300000e-07	-3.057237e-06	-6.435242e-09	-1.950565e+01	-3.813778e+02
5.400000e-07	-3.034285e-06	-6.371327e-09	-1.935921e+01	-3.799282e+02
5.500000e-07	-3.010954e-06	-6.351301e-09	-1.921035e+01	-3.784542e+02
5.600000e-07	-2.987212e-06	-6.373444e-09	-1.905888e+01	-3.769604e+02
5.700000e-07	-2.963114e-06	-6.352581e-09	-1.890513e+01	-3.754505e+02
5.800000e-07	-2.938800e-06	-6.275683e-09	-1.875000e+01	-3.739264e+02
5.900000e-07	-2.914237e-06	-6.246592e-09	-1.859328e+01	-3.723875e+02
6.000000e-07	-2.889390e-06	-6.271450e-09	-1.843475e+01	-3.708312e+02
6.100000e-07	-2.864194e-06	-6.243165e-09	-1.827400e+01	-3.692531e+02
6.200000e-07	-2.838511e-06	-6.169595e-09	-1.811014e+01	-3.676470e+02
6.300000e-07	-2.812276e-06	-6.148255e-09	-1.794276e+01	-3.660063e+02
6.400000e-07	-2.785459e-06	-6.164246e-09	-1.777166e+01	-3.643245e+02
6.500000e-07	-2.758048e-06	-6.136976e-09	-1.759677e+01	-3.625960e+02
6.600000e-07	-2.730215e-06	-6.068413e-09	-1.741920e+01	-3.608167e+02
6.700000e-07	-2.702120e-06	-6.034269e-09	-1.723995e+01	-3.589848e+02
6.800000e-07	-2.673807e-06	-6.038238e-09	-1.705930e+01	-3.571006e+02
6.900000e-07	-2.645318e-06	-6.008757e-09	-1.687754e+01	-3.551667e+02
7.000000e-07	-2.616625e-06	-5.936310e-09	-1.669447e+01	-3.531873e+02
7.100000e-07	-2.587653e-06	-5.898460e-09	-1.650963e+01	-3.511682e+02
7.200000e-07	-2.558382e-06	-5.903334e-09	-1.632287e+01	-3.491150e+02
7.300000e-07	-2.528766e-06	-5.876427e-09	-1.613392e+01	-3.470332e+02
7.400000e-07	-2.498763e-06	-5.806878e-09	-1.594249e+01	-3.449270e+02
7.500000e-07	-2.468464e-06	-5.764293e-09	-1.574919e+01	-3.427988e+02
7.600000e-07	-2.437972e-06	-5.755782e-09	-1.555464e+01	-3.406487e+02
7.700000e-07	-2.407239e-06	-5.722846e-09	-1.535856e+01	-3.384746e+02
7.800000e-07	-2.376164e-06	-5.654918e-09	-1.516029e+01	-3.362724e+02
7.900000e-07	-2.344816e-06	-5.610497e-09	-1.496029e+01	-3.340364e+02
8.000000e-07	-2.313300e-06	-5.601046e-09	-1.475921e+01	-3.317601e+02
8.100000e-07	-2.281529e-06	-5.573467e-09	-1.455651e+01	-3.294367e+02
8.200000e-07	-2.249478e-06	-5.509593e-09	-1.435202e+01	-3.270601e+02
8.300000e-07	-2.217275e-06	-5.460269e-09	-1.414656e+01	-3.246256e+02
8.400000e-07	-2.184925e-06	-5.442735e-09	-1.394016e+01	-3.221302e+02
8.500000e-07	-2.152328e-06	-5.410075e-09	-1.373219e+01	-3.195728e+02
8.600000e-07	-2.119480e-06	-5.345469e-09	-1.352261e+01	-3.169546e+02
8.700000e-07	-2.086439e-06	-5.290787e-09	-1.331180e+01	-3.142781e+02
8.800000e-07	-2.053157e-06	-5.263843e-09	-1.309946e+01	-3.115473e+02
8.900000e-07	-2.019448e-06	-5.226893e-09	-1.288439e+01	-3.087667e+02
9.000000e-07	-1.985254e-06	-5.162153e-09	-1.266623e+01	-3.059405e+02
9.100000e-07	-1.950687e-06	-5.102876e-09	-1.244568e+01	-3.030726e+02
9.200000e-07	-1.915760e-06	-5.070930e-09	-1.222284e+01	-3.001653e+02
9.300000e-07	-1.880501e-06	-5.033017e-09	-1.199789e+01	-2.972197e+02
9.400000e-07	-1.844958e-06	-4.967674e-09	-1.177112e+01	-2.942349e+02
9.500000e-07	-1.809126e-06	-4.904722e-09	-1.154250e+01	-2.912088e+02
9.600000e-07	-1.773099e-06	-4.867412e-09	-1.131265e+01	-2.881381e+02
9.700000e-07	-1.736959e-06	-4.826125e-09	-1.108207e+01	-2.850186e+02
9.800000e-07	-1.700704e-06	-4.759630e-09	-1.085075e+01	-2.818460e+02
9.900000e-07	-1.664322e-06	-4.694374e-09	-1.061863e+01	-2.786161e+02
1.000000e-06	-1.627782e-06	-4.651325e-09	-1.038550e+01	-2.753256e+02
1.010000e-06	-1.591106e-06	-4.606108e-09	-1.015150e+01	-2.719717e+02
1.020000e-06	-1.554367e-06	-4.538339e-09	-9.917099e+00	-2.685531e+02
1.030000e-06	-1.517485e-06	-4.467928e-09	-9.681789e+00	-2.650690e+02
1.040000e-06	-1.480327e-06	-4.417247e-09	-9.444712e+00	-2.615194e+02
1.050000e-06	-1.442944e-06	-4.368028e-09	-9.206204e+00	-2.579047e+02
1.060000e-06	-1.405386e-06	-4.299340e-09	-8.966578e+00	-2.542250e+02
1.070000e-06	-1.367609e-06	-4.229806e-09	-8.725557e+00	-2.504802e+02
1.080000e-06	-1.329598e-06	-4.175547e-09	-8.483042e+00	-2.466691e+02
1.090000e-06	-1.291422e-06	-4.121871e-09	-8.239473e+00	-2.427896e+02
1.100000e-06	-1.253145e-06	-4.052227e-09	-7.995257e+00	-2.388387e+02
1.110000e-06	-1.214753e-06	-3.976100e-09	-7.750313e+00	-2.348124e+02
1.120000e-06	-1.176235e-06	-3.912154e-09	-7.504564e+00	-2.307060e+02
1.130000e-06	-1.137625e-06	-3.849853e-09	-7.258223e+00	-2.265146e+02
1.140000e-06	-1.098925e-06	-3.772721e-09	-7.011310e+00	-2.222333e+02
1.150000e-06	-1.060102e-06	-3.690243e-09	-6.763613e+00	-2.178578e+02
1.160000e-06	-1.021173e-06	-3.619564e-09	-6.515243e+00	-2.133845e+02
1.170000e-06	-9.820582e-07	-3.553259e-09	-6.265683e+00	-2.088108e+02
1.180000e-06	-9.428018e-07	-3.473047e-09	-6.015221e+00	-2.041351e+02
1.190000e-06	-9.034225e-07	-3.386937e-09	-5.763975e+00	-1.993566e+02
1.200000e-06	-8.638277e-07	-3.309337e-09	-5.511354e+00	-1.944752e+02
1.210000e-06	-8.240898e-07	-3.234285e-09	-5.257820e+00	-1.894911e+02
1.220000e-06	-7.843067e-07	-3.146165e-09	-5.003998e+00	-1.844043e+02
1.230000e-06	-7.445445e-07	-3.051219e-09	-4.750309e+00	-1.792145e+02
1.240000e-06	-7.047267e-07	-2.965351e-09	-4.496266e+00	-1.739203e+02
1.250000e-06	-6.647728e-07	-2.882992e-09	-4.241353e+00	-1.685197e+02
1.260000e-06	-6.247451e-07	-2.789619e-09	-3.985970e+00	-1.630093e+02
1.270000e-06	-5.846355e-07	-2.689823e-09	-3.730065e+00	-1.573850e+02
1.280000e-06	-5.444515e-07	-2.595189e-09	-3.473684e+00	-1.516419e+02
1.290000e-06	-5.042585e-07	-2.503357e-09	-3.217247e+00	-1.457747e+02
1.300000e-06	-4.640057e-07	-2.401879e-09	-2.960428e+00	-1.397783e+02
1.310000e-06	-4.236892e-07	-2.292713e-09	-2.703203e+00	-1.336477e+02
1.320000e-06	-3.833714e-07	-2.187351e-09	-2.445969e+00	-1.273790e+02
1.330000e-06	-3.430651e-07	-2.083670e-09	-2.188809e+00	-1.209692e+02
1.340000e-06	-3.027558e-07	-1.973759e-09	-1.931629e+00	-1.144166e+02
1.350000e-06	-2.624293e-07	-1.860563e-09	-1.674340e+00	-1.077210e+02
1.360000e-06	-2.220805e-07	-1.750583e-09	-1.416908e+00	-1.008832e+02
1.370000e-06	-1.817110e-07	-1.638028e-09	-1.159344e+00	-9.390525e+01
1.380000e-06	-1.413123e-07	-1.516402e-09	-9.015943e-01	-8.679025e+01
1.390000e-06	-1.009097e-07	-1.388607e-09	-6.438197e-01	-7.954193e+01
1.400000e-06	-6.051166e-08	-1.262174e-09	-3.860737e-01	-7.216467e+01
1.410000e-06	-2.011121e-08	-1.136911e-09	-1.283126e-01	-6.466331e+01
1.420000e-06	2.025557e-08	-1.007418e-09	1.292336e-01	-5.704318e+01
1.430000e-06	6.062986e-08	-8.739843e-10	3.868279e-01	-4.931011e+01
1.440000e-06	1.010324e-07	-7.431510e-10	6.446024e-01	-4.147060e+01
1.450000e-06	1.414059e-07	-6.120884e-10	9.021914e-01	-3.353198e+01
1.460000e-06	1.817616e-07	-4.738313e-10	1.159667e+00	-2.550259e+01
1.470000e-06	2.221325e-07	-3.320456e-10	1.417240e+00	-1.739196e+01
1.480000e-06	2.625035e-07	-1.940451e-10	1.674813e+00	-9.210891e+00
1.490000e-06	3.029006e-07	-5.957871e-11	1.932553e+00	-9.714597e-01
1.500000e-06	3.432848e-07	7.845461e-11	2.190210e+00	7.313082e+00
1.510000e-06	3.836053e-07	2.197981e-10	2.447461e+00	1.562852e+01
1.520000e-06	4.238893e-07	3.599335e-10	2.704479e+00	2.395996e+01
1.530000e-06	4.641490e-07	5.003941e-10	2.961342e+00	3.229223e+01
1.540000e-06	5.043608e-07	6.447516e-10	3.217900e+00	4.061021e+01
1.550000e-06	5.445656e-07	7.892015e-10	3.474413e+00	4.889921e+01
1.560000e-06	5.847866e-07	9.284311e-10	3.731029e+00	5.714534e+01
1.570000e-06	6.249602e-07	1.062237e-09	3.987343e+00	6.533566e+01
1.580000e-06	6.650716e-07	1.195626e-09	4.243260e+00	7.345835e+01
1.590000e-06	7.051128e-07	1.332655e-09	4.498729e+00	8.150276e+01
1.600000e-06	7.450626e-07	1.469757e-09	4.753615e+00	8.945932e+01
1.610000e-06	7.848667e-07	1.602579e-09	5.007571e+00	9.731947e+01
1.620000e-06	8.245430e-07	1.734759e-09	5.260712e+00	1.050755e+02
1.630000e-06	8.641554e-07	1.866587e-09	5.513445e+00	1.127203e+02
1.640000e-06	9.036451e-07	1.992811e-09	5.765396e+00	1.202474e+02
1.650000e-06	9.429391e-07	2.114862e-09	6.016097e+00	1.276511e+02
1.660000e-06	9.820915e-07	2.234901e-09	6.265896e+00	1.349259e+02
1.670000e-06	1.021155e-06	2.352511e-09	6.515127e+00	1.420672e+02
1.680000e-06	1.060111e-06	2.466746e-09	6.763671e+00	1.490711e+02
1.690000e-06	1.098909e-06	2.579262e-09	7.011207e+00	1.559346e+02
1.700000e-06	1.137521e-06	2.693943e-09	7.257560e+00	1.626559e+02
1.710000e-06	1.175995e-06	2.809573e-09	7.503031e+00	1.692340e+02
1.720000e-06	1.214396e-06	2.920062e-09	7.748037e+00	1.756694e+02
1.730000e-06	1.252707e-06	3.025128e-09	7.992463e+00	1.819635e+02
1.740000e-06	1.290909e-06	3.127393e-09	8.236201e+00	1.881185e+02
1.750000e-06	1.328993e-06	3.226700e-09	8.479181e+00	1.941374e+02
1.760000e-06	1.366893e-06	3.322430e-09	8.720987e+00	2.000235e+02
1.770000e-06	1.404623e-06	3.416762e-09	8.961710e+00	2.057800e+02
1.780000e-06	1.442178e-06	3.513905e-09	9.201321e+00	2.114101e+02
1.790000e-06	1.479476e-06	3.612654e-09	9.439289e+00	2.169162e+02
1.800000e-06	1.516560e-06	3.706902e-09	9.675887e+00	2.223004e+02
1.810000e-06	1.553512e-06	3.792024e-09	9.911645e+00	2.275640e+02
1.820000e-06	1.590326e-06	3.872996e-09	1.014652e+01	2.327078e+02
1.830000e-06	1.626996e-06	3.957293e-09	1.038048e+01	2.377325e+02
1.840000e-06	1.663534e-06	4.041621e-09	1.061360e+01	2.426384e+02
1.850000e-06	1.699957e-06	4.119879e-09	1.084599e+01	2.474262e+02
1.860000e-06	1.736296e-06	4.196835e-09	1.107784e+01	2.520974e+02
1.870000e-06	1.772530e-06	4.277576e-09	1.130902e+01	2.566538e+02
1.880000e-06	1.808617e-06	4.356098e-09	1.153926e+01	2.610983e+02
1.890000e-06	1.844576e-06	4.427986e-09	1.176868e+01	2.654347e+02
1.900000e-06	1.880320e-06	4.497335e-09	1.199673e+01	2.696674e+02
1.910000e-06	1.915630e-06	4.568576e-09	1.222201e+01	2.738013e+02
1.920000e-06	1.950507e-06	4.638614e-09	1.244453e+01	2.778414e+02
1.930000e-06	1.985003e-06	4.703786e-09	1.266463e+01	2.817925e+02
1.940000e-06	2.019112e-06	4.767165e-09	1.288225e+01	2.856589e+02
1.950000e-06	2.052873e-06	4.830704e-09	1.309764e+01	2.894440e+02
1.960000e-06	2.086153e-06	4.893635e-09	1.330998e+01	2.931502e+02
1.970000e-06	2.119005e-06	4.955969e-09	1.351958e+01	2.967788e+02
1.980000e-06	2.151647e-06	5.017394e-09	1.372784e+01	3.003301e+02
1.990000e-06	2.184147e-06	5.077979e-09	1.393519e+01	3.038037e+02
2.000000e-06	2.216526e-06	5.136204e-09	1.414178e+01	3.071987e+02
2.010000e-06	2.248787e-06	5.192492e-09	1.434761e+01	3.105142e+02
2.020000e-06	2.280911e-06	5.247313e-09	1.455256e+01	3.137495e+02
2.030000e-06	2.312778e-06	5.300936e-09	1.475588e+01	3.169048e+02
2.040000e-06	2.344342e-06	5.355582e-09	1.495727e+01	3.199808e+02
2.050000e-06	2.375637e-06	5.409187e-09	1.515693e+01	3.229793e+02
2.060000e-06	2.406603e-06	5.460027e-09	1.535450e+01	3.259030e+02
2.070000e-06	2.437278e-06	5.509030e-09	1.555021e+01	3.287552e+02
2.080000e-06	2.467697e-06	5.557438e-09	1.574429e+01	3.315397e+02
2.090000e-06	2.497820e-06	5.604694e-09	1.593648e+01	3.342603e+02
2.100000e-06	2.527702e-06	5.651050e-09	1.612713e+01	3.369205e+02
2.110000e-06	2.557330e-06	5.698314e-09	1.631616e+01	3.395231e+02
2.120000e-06	2.586631e-06	5.745978e-09	1.650311e+01	3.420702e+02
2.130000e-06	2.615560e-06	5.790942e-09	1.668768e+01	3.445628e+02
2.140000e-06	2.644163e-06	5.831894e-09	1.687017e+01	3.470011e+02
2.150000e-06	2.672606e-06	5.872485e-09	1.705164e+01	3.493845e+02
2.160000e-06	2.700939e-06	5.914172e-09	1.723241e+01	3.517121e+02
2.170000e-06	2.729115e-06	5.952054e-09	1.741218e+01	3.539827e+02
2.180000e-06	2.757040e-06	5.986938e-09	1.759034e+01	3.561957e+02
2.190000e-06	2.784607e-06	6.024447e-09	1.776622e+01	3.583507e+02
2.200000e-06	2.811629e-06	6.063673e-09	1.793863e+01	3.604484e+02
2.210000e-06	2.837963e-06	6.100176e-09	1.810665e+01	3.624904e+02
2.220000e-06	2.863691e-06	6.133860e-09	1.827079e+01	3.644791e+02
2.230000e-06	2.888881e-06	6.168974e-09	1.843150e+01	3.664176e+02
2.240000e-06	2.913634e-06	6.204989e-09	1.858944e+01	3.683093e+02
2.250000e-06	2.938186e-06	6.238516e-09	1.874608e+01	3.701578e+02
2.260000e-06	2.962571e-06	6.269901e-09	1.890166e+01	3.719661e+02
2.270000e-06	2.986716e-06	6.300022e-09	1.905571e+01	3.737365e+02
2.280000e-06	3.010552e-06	6.328824e-09	1.920779e+01	3.754705e+02
2.290000e-06	3.033932e-06	6.358390e-09	1.935696e+01	3.771684e+02
2.300000e-06	3.056841e-06	6.389600e-09	1.950312e+01	3.788292e+02
2.310000e-06	3.079401e-06	6.421003e-09	1.964706e+01	3.804514e+02
2.320000e-06	3.101709e-06	6.449048e-09	1.978938e+01	3.820328e+02
2.330000e-06	3.123712e-06	6.473787e-09	1.992977e+01	3.835708e+02
2.340000e-06	3.145301e-06	6.496867e-09	2.006750e+01	3.850632e+02
2.350000e-06	3.166508e-06	6.520905e-09	2.020281e+01	3.865087e+02
2.360000e-06	3.187355e-06	6.546245e-09	2.033582e+01	3.879063e+02
2.370000e-06	3.207894e-06	6.571615e-09	2.046686e+01	3.892568e+02
2.380000e-06	3.228249e-06	6.596565e-09	2.059673e+01	3.905615e+02
2.390000e-06	3.248404e-06	6.617901e-09	2.072532e+01	3.918231e+02
2.400000e-06	3.268208e-06	6.637532e-09	2.085167e+01	3.930447e+02
2.410000e-06	3.287492e-06	6.658441e-09	2.097471e+01	3.942300e+02
2.420000e-06	3.306311e-06	6.679408e-09	2.109477e+01	3.953825e+02
2.430000e-06	3.324699e-06	6.699573e-09	2.121209e+01	3.965054e+02
2.440000e-06	3.342653e-06	6.718887e-09	2.132664e+01	3.976008e+02
2.450000e-06	3.360362e-06	6.737924e-09	2.143963e+01	3.986704e+02
2.460000e-06	3.377816e-06	6.754703e-09	2.155099e+01	3.997146e+02
2.470000e-06	3.394820e-06	6.768939e-09	2.165948e+01	4.007330e+02
2.480000e-06	3.411413e-06	6.782979e-09	2.176534e+01	4.017246e+02
2.490000e-06	3.427559e-06	6.797771e-09	2.186836e+01	4.026881e+02
2.500000e-06	3.443161e-06	6.813633e-09	2.196790e+01	4.036221e+02
2.510000e-06	3.458189e-06	6.829651e-09	2.206378e+01	4.045259e+02
2.520000e-06	3.472712e-06	6.844968e-09	2.215644e+01	4.053989e+02
2.530000e-06	3.486789e-06	6.860437e-09	2.224625e+01	4.062416e+02
2.540000e-06	3.500459e-06	6.877346e-09	2.233347e+01	4.070551e+02
2.550000e-06	3.513687e-06	6.893494e-09	2.241787e+01	4.078409e+02
2.560000e-06	3.526440e-06	6.907323e-09	2.249923e+01	4.086012e+02
2.570000e-06	3.538856e-06	6.919880e-09	2.257845e+01	4.093376e+02
2.580000e-06	3.550899e-06	6.931325e-09	2.265529e+01	4.100517e+02
2.590000e-06	3.562426e-06	6.939446e-09	2.272883e+01	4.107442e+02
2.600000e-06	3.573354e-06	6.945429e-09	2.279855e+01	4.114149e+02
2.610000e-06	3.583573e-06	6.954848e-09	2.286375e+01	4.120625e+02
2.620000e-06	3.593093e-06	6.966405e-09	2.292449e+01	4.126849e+02
2.630000e-06	3.602083e-06	6.976003e-09	2.298185e+01	4.132791e+02
2.640000e-06	3.610689e-06	6.985370e-09	2.303675e+01	4.138421e+02
2.650000e-06	3.619046e-06	6.995853e-09	2.309008e+01	4.143706e+02
2.660000e-06	3.627141e-06	7.004795e-09	2.314172e+01	4.148622e+02
2.670000e-06	3.634846e-06	7.010117e-09	2.319088e+01	4.153154e+02
2.680000e-06	3.642032e-06	7.014150e-09	2.323673e+01	4.157298e+02
2.690000e-06	3.648746e-06	7.018935e-09	2.327956e+01	4.161065e+02
2.700000e-06	3.655083e-06	7.025141e-09	2.331999e+01	4.164480e+02
2.710000e-06	3.661008e-06	7.032084e-09	2.335780e+01	4.167576e+02
2.720000e-06	3.666510e-06	7.039613e-09	2.339290e+01	4.170393e+02
2.730000e-06	3.671573e-06	7.047038e-09	2.342520e+01	4.172972e+02
2.740000e-06	3.676260e-06	7.052346e-09	2.345511e+01	4.175349e+02
2.750000e-06	3.680695e-06	7.054824e-09	2.348340e+01	4.177550e+02
2.760000e-06	3.684811e-06	7.055337e-09	2.350967e+01	4.179587e+02
2.770000e-06	3.688449e-06	7.055793e-09	2.353287e+01	4.181459e+02
2.780000e-06	3.691511e-06	7.055278e-09	2.355241e+01	4.183148e+02
2.790000e-06	3.693945e-06	7.053395e-09	2.356794e+01	4.184625e+02
2.800000e-06	3.695692e-06	7.053158e-09	2.357909e+01	4.185853e+02
2.810000e-06	3.696820e-06	7.054007e-09	2.358628e+01	4.186795e+02
2.820000e-06	3.697542e-06	7.053272e-09	2.359089e+01	4.187418e+02
2.830000e-06	3.697999e-06	7.054380e-09	2.359380e+01	4.187701e+02
2.840000e-06	3.698155e-06	7.057458e-09	2.359480e+01	4.187636e+02
2.850000e-06	3.697899e-06	7.061645e-09	2.359317e+01	4.187237e+02
2.860000e-06	3.697291e-06	7.064219e-09	2.358929e+01	4.186534e+02
2.870000e-06	3.696307e-06	7.059363e-09	2.358301e+01	4.185576e+02
2.880000e-06	3.694894e-06	7.042367e-09	2.357399e+01	4.184419e+02
2.890000e-06	3.693097e-06	7.031424e-09	2.356253e+01	4.183127e+02
2.900000e-06	3.690853e-06	7.043379e-09	2.354821e+01	4.181757e+02
2.910000e-06	3.688225e-06	7.062560e-09	2.353145e+01	4.180354e+02
2.920000e-06	3.685251e-06	7.120789e-09	2.351247e+01	4.178947e+02
2.930000e-06	3.681841e-06	7.183795e-09	2.349072e+01	4.177539e+02
2.940000e-06	3.678007e-06	7.054166e-09	2.346625e+01	4.176108e+02
2.950000e-06	3.673728e-06	6.854232e-09	2.343896e+01	4.174606e+02
2.960000e-06	3.669115e-06	6.957231e-09	2.340952e+01	4.172965e+02
2.970000e-06	3.664218e-06	7.149385e-09	2.337828e+01	4.171105e+02
2.980000e-06	3.658644e-06	7.063182e-09	2.334272e+01	4.168937e+02
2.990000e-06	3.652163e-06	6.912162e-09	2.330137e+01	4.166378e+02
3.000000e-06	3.645120e-06	7.158562e-09	2.325643e+01	4.163357e+02
3.010000e-06	3.637793e-06	7.296932e-09	2.320968e+01	4.159823e+02
3.020000e-06	3.630088e-06	7.032872e-09	2.316052e+01	4.155748e+02
3.030000e-06	3.621979e-06	6.997114e-09	2.310879e+01	4.151135e+02
3.040000e-06	3.613687e-06	7.080139e-09	2.305588e+01	4.146008e+02
3.050000e-06	3.605057e-06	7.002359e-09	2.300082e+01	4.140415e+02
3.060000e-06	3.595853e-06	6.987377e-09	2.294210e+01	4.134419e+02
3.070000e-06	3.586220e-06	7.106026e-09	2.288064e+01	4.128088e+02
3.080000e-06	3.576215e-06	6.848415e-09	2.281680e+01	4.121489e+02
3.090000e-06	3.565706e-06	6.733296e-09	2.274975e+01	4.114681e+02
3.100000e-06	3.554662e-06	7.094413e-09	2.267929e+01	4.107705e+02
3.110000e-06	3.543214e-06	7.022663e-09	2.260625e+01	4.100584e+02
3.120000e-06	3.531373e-06	6.697430e-09	2.253071e+01	4.093320e+02
3.130000e-06	3.519014e-06	6.925555e-09	2.245185e+01	4.085901e+02
3.140000e-06	3.505904e-06	7.168560e-09	2.236821e+01	4.078296e+02
3.150000e-06	3.492115e-06	6.872582e-09	2.228023e+01	4.070472e+02
3.160000e-06	3.477961e-06	6.688357e-09	2.218993e+01	4.062391e+02
3.170000e-06	3.463289e-06	6.844070e-09	2.209632e+01	4.054026e+02
3.180000e-06	3.448015e-06	6.962521e-09	2.199887e+01	4.045356e+02
3.190000e-06	3.432401e-06	6.822956e-09	2.189925e+01	4.036377e+02
3.200000e-06	3.416528e-06	6.650450e-09	2.179798e+01	4.027101e+02
3.210000e-06	3.400236e-06	6.775316e-09	2.169403e+01	4.017550e+02
3.220000e-06	3.383468e-06	6.955641e-09	2.158705e+01	4.007758e+02
3.230000e-06	3.366336e-06	6.729202e-09	2.147774e+01	3.997759e+02
3.240000e-06	3.348901e-06	6.588537e-09	2.136650e+01	3.987587e+02
3.250000e-06	3.331159e-06	6.777553e-09	2.125331e+01	3.977264e+02
3.260000e-06	3.312984e-06	6.790996e-09	2.113735e+01	3.966800e+02
3.270000e-06	3.294343e-06	6.654125e-09	2.101841e+01	3.956188e+02
3.280000e-06	3.275339e-06	6.617568e-09	2.089717e+01	3.945403e+02
3.290000e-06	3.256037e-06	6.651486e-09	2.077402e+01	3.934407e+02
3.300000e-06	3.236525e-06	6.693286e-09	2.064953e+01	3.923151e+02
3.310000e-06	3.216868e-06	6.621486e-09	2.052411e+01	3.911581e+02
3.320000e-06	3.196924e-06	6.503511e-09	2.039687e+01	3.899650e+02
3.330000e-06	3.176519e-06	6.565494e-09	2.026668e+01	3.887317e+02
3.340000e-06	3.155449e-06	6.611568e-09	2.013225e+01	3.874559e+02
3.350000e-06	3.133667e-06	6.525390e-09	1.999328e+01	3.861372e+02
3.360000e-06	3.111316e-06	6.449563e-09	1.985068e+01	3.847771e+02
3.370000e-06	3.088437e-06	6.463782e-09	1.970470e+01	3.833789e+02
3.380000e-06	3.065186e-06	6.503598e-09	1.955636e+01	3.819474e+02
3.390000e-06	3.041686e-06	6.446077e-09	1.940643e+01	3.804879e+02
3.400000e-06	3.017934e-06	6.345227e-09	1.925489e+01	3.790058e+02
3.410000e-06	2.993967e-06	6.359288e-09	1.910197e+01	3.775056e+02
3.420000e-06	2.969659e-06	6.400077e-09	1.894688e+01	3.759902e+02
3.430000e-06	2.944969e-06	6.340741e-09	1.878936e+01	3.744605e+02
3.440000e-06	2.919961e-06	6.251045e-09	1.862980e+01	3.729154e+02
3.450000e-06	2.894617e-06	6.255560e-09	1.846810e+01	3.713515e+02
3.460000e-06	2.868928e-06	6.297741e-09	1.830420e+01	3.697635e+02
3.470000e-06	2.842905e-06	6.236114e-09	1.813817e+01	3.681451e+02
3.480000e-06	2.816464e-06	6.148884e-09	1.796948e+01	3.664897e+02
3.490000e-06	2.789642e-06	6.149330e-09	1.779835e+01	3.647909e+02
3.500000e-06	2.762556e-06	6.168800e-09	1.762553e+01	3.630436e+02
3.510000e-06	2.735249e-06	6.117180e-09	1.745131e+01	3.612445e+02
3.520000e-06	2.707758e-06	6.030186e-09	1.727591e+01	3.593927e+02
3.530000e-06	2.680057e-06	6.013627e-09	1.709918e+01	3.574893e+02
3.540000e-06	2.652078e-06	6.037718e-09	1.692067e+01	3.555377e+02
3.550000e-06	2.623734e-06	5.987129e-09	1.673983e+01	3.535427e+02
3.560000e-06	2.594986e-06	5.907294e-09	1.655641e+01	3.515099e+02
3.570000e-06	2.565786e-06	5.889222e-09	1.637011e+01	3.494453e+02
3.580000e-06	2.536048e-06	5.899768e-09	1.618038e+01	3.473539e+02
3.590000e-06	2.505770e-06	5.851463e-09	1.598720e+01	3.452392e+02
3.600000e-06	2.475034e-06	5.768492e-09	1.579110e+01	3.431027e+02
3.610000e-06	2.443936e-06	5.742641e-09	1.559269e+01	3.409439e+02
3.620000e-06	2.412586e-06	5.751456e-09	1.539267e+01	3.387597e+02
3.630000e-06	2.381086e-06	5.704631e-09	1.519170e+01	3.365455e+02
3.640000e-06	2.349482e-06	5.624498e-09	1.499006e+01	3.342951e+02
3.650000e-06	2.317670e-06	5.587296e-09	1.478710e+01	3.320018e+02
3.660000e-06	2.285603e-06	5.585627e-09	1.458250e+01	3.296590e+02
3.670000e-06	2.253238e-06	5.539005e-09	1.437601e+01	3.272610e+02
3.680000e-06	2.220601e-06	5.461283e-09	1.416778e+01	3.248038e+02
3.690000e-06	2.187692e-06	5.422331e-09	1.395782e+01	3.222851e+02
3.700000e-06	2.154499e-06	5.410428e-09	1.374604e+01	3.197046e+02
3.710000e-06	2.121166e-06	5.364436e-09	1.353337e+01	3.170640e+02
3.720000e-06	2.087646e-06	5.285401e-09	1.331951e+01	3.143665e+02
3.730000e-06	2.053870e-06	5.237019e-09	1.310401e+01	3.116164e+02
3.740000e-06	2.019856e-06	5.218863e-09	1.288699e+01	3.088181e+02
3.750000e-06	1.985599e-06	5.175706e-09	1.266843e+01	3.059758e+02
3.760000e-06	1.951080e-06	5.103337e-09	1.244819e+01	3.030928e+02
3.770000e-06	1.916233e-06	5.051872e-09	1.222586e+01	3.001710e+02
3.780000e-06	1.881128e-06	5.024336e-09	1.200189e+01	2.972107e+02
3.790000e-06	1.845898e-06	4.974509e-09	1.177711e+01	2.942107e+02
3.800000e-06	1.810599e-06	4.895630e-09	1.155190e+01	2.911683e+02
3.810000e-06	1.775176e-06	4.836216e-09	1.132590e+01	2.880796e+02
3.820000e-06	1.739597e-06	4.804749e-09	1.109890e+01	2.849406e+02
3.830000e-06	1.703886e-06	4.758044e-09	1.087105e+01	2.817469e+02
3.840000e-06	1.668009e-06	4.684517e-09	1.064216e+01	2.784945e+02
3.850000e-06	1.631964e-06	4.624256e-09	1.041219e+01	2.751804e+02
3.860000e-06	1.595753e-06	4.586182e-09	1.018115e+01	2.718023e+02
3.870000e-06	1.559318e-06	4.532430e-09	9.948687e+00	2.683590e+02
3.880000e-06	1.522551e-06	4.452542e-09	9.714111e+00	2.648502e+02
3.890000e-06	1.485509e-06	4.381598e-09	9.477778e+00	2.612760e+02
3.900000e-06	1.448206e-06	4.334959e-09	9.239779e+00	2.576368e+02
3.910000e-06	1.410471e-06	4.279801e-09	8.999025e+00	2.539327e+02
3.920000e-06	1.372380e-06	4.200419e-09	8.755999e+00	2.501631e+02
3.930000e-06	1.334059e-06	4.126525e-09	8.511506e+00	2.463265e+02
3.940000e-06	1.295494e-06	4.074439e-09	8.265454e+00	2.424206e+02
3.950000e-06	1.256667e-06	4.016661e-09	8.017727e+00	2.384418e+02
3.960000e-06	1.217613e-06	3.934322e-09	7.768556e+00	2.343859e+02
3.970000e-06	1.178402e-06	3.852027e-09	7.518390e+00	2.302481e+02
3.980000e-06	1.139087e-06	3.787739e-09	7.267549e+00	2.260234e+02
3.990000e-06	1.099697e-06	3.719880e-09	7.016238e+00	2.217072e+02
4.000000e-06	1.060244e-06	3.633676e-09	6.764521e+00	2.172953e+02
4.010000e-06	1.020742e-06	3.549330e-09	6.512494e+00	2.127845e+02
4.020000e-06	9.811766e-07	3.481844e-09	6.260058e+00	2.081726e+02
4.030000e-06	9.415686e-07	3.410347e-09	6.007354e+00	2.034583e+02
4.040000e-06	9.019195e-07	3.319547e-09	5.754386e+00	1.986411e+02
4.050000e-06	8.622437e-07	3.226635e-09	5.501248e+00	1.937210e+02
4.060000e-06	8.225343e-07	3.149042e-09	5.247896e+00	1.886983e+02
4.070000e-06	7.827179e-07	3.073909e-09	4.993861e+00	1.835729e+02
4.080000e-06	7.428339e-07	2.983338e-09	4.739395e+00	1.783440e+02
4.090000e-06	7.029018e-07	2.886912e-09	4.484622e+00	1.730101e+02
4.100000e-06	6.628661e-07	2.797185e-09	4.229188e+00	1.675686e+02
4.110000e-06	6.227945e-07	2.705118e-09	3.973525e+00	1.620160e+02
4.120000e-06	5.826657e-07	2.600959e-09	3.717497e+00	1.563476e+02
4.130000e-06	5.423852e-07	2.495052e-09	3.460502e+00	1.505585e+02
4.140000e-06	5.020635e-07	2.400872e-09	3.203243e+00	1.446434e+02
4.150000e-06	4.616993e-07	2.308714e-09	2.945713e+00	1.385970e+02
4.160000e-06	4.212487e-07	2.204509e-09	2.687632e+00	1.324149e+02
4.170000e-06	3.807578e-07	2.094017e-09	2.429294e+00	1.260935e+02
4.180000e-06	3.402327e-07	1.987505e-09	2.170737e+00	1.196302e+02
4.190000e-06	2.996915e-07	1.879342e-09	1.912078e+00	1.130238e+02
4.200000e-06	2.590096e-07	1.759874e-09	1.652521e+00	1.062746e+02
4.210000e-06	2.182798e-07	1.637843e-09	1.392659e+00	9.938386e+01
4.220000e-06	1.775804e-07	1.525173e-09	1.132990e+00	9.235403e+01
4.230000e-06	1.368429e-07	1.412248e-09	8.730790e-01	8.518846e+01
4.240000e-06	9.616788e-08	1.288633e-09	6.135659e-01	7.789114e+01
4.250000e-06	5.548852e-08	1.158830e-09	3.540253e-01	7.046664e+01
4.260000e-06	1.473385e-08	1.033669e-09	9.400423e-02	6.291999e+01
4.270000e-06	-2.602195e-08	9.106874e-10	-1.660241e-01	5.525668e+01
4.280000e-06	-6.682152e-08	7.791082e-10	-4.263316e-01	4.748279e+01
4.290000e-06	-1.075933e-07	6.419822e-10	-6.864621e-01	3.960510e+01
4.300000e-06	-1.483352e-07	5.095169e-10	-9.464016e-01	3.163129e+01
4.310000e-06	-1.891314e-07	3.770276e-10	-1.206687e+00	2.357015e+01
4.320000e-06	-2.298454e-07	2.373582e-10	-1.466449e+00	1.543166e+01
4.330000e-06	-2.704404e-07	9.599013e-11	-1.725452e+00	7.227120e+00
4.340000e-06	-3.110063e-07	-3.901260e-11	-1.984268e+00	-1.030944e+00
4.350000e-06	-3.515136e-07	-1.714198e-10	-2.242711e+00	-9.328886e+00
4.360000e-06	-3.919787e-07	-3.121185e-10	-2.500884e+00	-1.765220e+01
4.370000e-06	-4.324396e-07	-4.587573e-10	-2.759032e+00	-2.598585e+01
4.380000e-06	-4.728544e-07	-5.998571e-10	-3.016884e+00	-3.431461e+01
4.390000e-06	-5.131704e-07	-7.363438e-10	-3.274106e+00	-4.262352e+01
4.400000e-06	-5.533615e-07	-8.744405e-10	-3.530532e+00	-5.089813e+01
4.410000e-06	-5.934810e-07	-1.014415e-09	-3.786501e+00	-5.912489e+01
4.420000e-06	-6.335130e-07	-1.151702e-09	-4.041911e+00	-6.729128e+01
4.430000e-06	-6.734774e-07	-1.284935e-09	-4.296890e+00	-7.538591e+01
4.440000e-06	-7.133446e-07	-1.420904e-09	-4.551249e+00	-8.339855e+01
4.450000e-06	-7.531099e-07	-1.557317e-09	-4.804957e+00	-9.132002e+01
4.460000e-06	-7.928227e-07	-1.688202e-09	-5.058331e+00	-9.914208e+01
4.470000e-06	-8.324751e-07	-1.814526e-09	-5.311320e+00	-1.068573e+02
4.480000e-06	-8.720923e-07	-1.941629e-09	-5.564084e+00	-1.144588e+02
4.490000e-06	-9.117091e-07	-2.068601e-09	-5.816845e+00	-1.219404e+02
4.500000e-06	-9.513219e-07	-2.192802e-09	-6.069581e+00	-1.292964e+02
4.510000e-06	-9.908771e-07	-2.315343e-09	-6.321949e+00	-1.365218e+02
4.520000e-06	-1.030309e-06	-2.440350e-09	-6.573533e+00	-1.436121e+02
4.530000e-06	-1.069680e-06	-2.564286e-09	-6.824721e+00	-1.505638e+02
4.540000e-06	-1.108995e-06	-2.678841e-09	-7.075561e+00	-1.573742e+02
4.550000e-06	-1.148209e-06	-2.787105e-09	-7.325748e+00	-1.640419e+02
4.560000e-06	-1.187330e-06	-2.896391e-09	-7.575350e+00	-1.705665e+02
4.570000e-06	-1.226323e-06	-3.005621e-09	-7.824133e+00	-1.769488e+02
4.580000e-06	-1.265149e-06	-3.108928e-09	-8.071846e+00	-1.831906e+02
4.590000e-06	-1.303790e-06	-3.208423e-09	-8.318384e+00	-1.892943e+02
4.600000e-06	-1.342170e-06	-3.311343e-09	-8.563251e+00	-1.952631e+02
4.610000e-06	-1.380291e-06	-3.416044e-09	-8.806470e+00	-2.011003e+02
4.620000e-06	-1.418214e-06	-3.515405e-09	-9.048425e+00	-2.068092e+02
4.630000e-06	-1.455832e-06	-3.610094e-09	-9.288436e+00	-2.123926e+02
4.640000e-06	-1.493051e-06	-3.703640e-09	-9.525897e+00	-2.178529e+02
4.650000e-06	-1.529962e-06	-3.794293e-09	-9.761392e+00	-2.231919e+02
4.660000e-06	-1.566634e-06	-3.877669e-09	-9.995365e+00	-2.284106e+02
4.670000e-06	-1.602985e-06	-3.956836e-09	-1.022729e+01	-2.335098e+02
4.680000e-06	-1.639075e-06	-4.037383e-09	-1.045755e+01	-2.384899e+02
4.690000e-06	-1.674907e-06	-4.119104e-09	-1.068616e+01	-2.433515e+02
4.700000e-06	-1.710527e-06	-4.199589e-09	-1.091343e+01	-2.480956e+02
4.710000e-06	-1.746089e-06	-4.279782e-09	-1.114032e+01	-2.527235e+02
4.720000e-06	-1.781594e-06	-4.361106e-09	-1.136684e+01	-2.572377e+02
4.730000e-06	-1.817040e-06	-4.439000e-09	-1.159299e+01	-2.616413e+02
4.740000e-06	-1.852360e-06	-4.508590e-09	-1.181834e+01	-2.659384e+02
4.750000e-06	-1.887540e-06	-4.574201e-09	-1.204280e+01	-2.701335e+02
4.760000e-06	-1.922497e-06	-4.641627e-09	-1.226583e+01	-2.742317e+02
4.770000e-06	-1.957167e-06	-4.707420e-09	-1.248703e+01	-2.782380e+02
4.780000e-06	-1.991573e-06	-4.769974e-09	-1.270655e+01	-2.821570e+02
4.790000e-06	-2.025630e-06	-4.833243e-09	-1.292384e+01	-2.859927e+02
4.800000e-06	-2.059453e-06	-4.898485e-09	-1.313963e+01	-2.897481e+02
4.810000e-06	-2.093135e-06	-4.961197e-09	-1.335453e+01	-2.934252e+02
4.820000e-06	-2.126651e-06	-5.018597e-09	-1.356836e+01	-2.970250e+02
4.830000e-06	-2.159977e-06	-5.074684e-09	-1.378099e+01	-3.005473e+02
4.840000e-06	-2.192981e-06	-5.133619e-09	-1.399156e+01	-3.039916e+02
4.850000e-06	-2.225632e-06	-5.190605e-09	-1.419988e+01	-3.073570e+02
4.860000e-06	-2.258004e-06	-5.240816e-09	-1.440641e+01	-3.106426e+02
4.870000e-06	-2.290153e-06	-5.287357e-09	-1.461153e+01	-3.138480e+02
4.880000e-06	-2.322022e-06	-5.336562e-09	-1.481486e+01	-3.169735e+02
4.890000e-06	-2.353603e-06	-5.388973e-09	-1.501635e+01	-3.200203e+02
4.900000e-06	-2.385020e-06	-5.439053e-09	-1.521679e+01	-3.229905e+02
4.910000e-06	-2.416279e-06	-5.486459e-09	-1.541623e+01	-3.258870e+02
4.920000e-06	-2.447269e-06	-5.534858e-09	-1.561395e+01	-3.287135e+02
4.930000e-06	-2.477884e-06	-5.582901e-09	-1.580928e+01	-3.314737e+02
4.940000e-06	-2.508073e-06	-5.625905e-09	-1.600189e+01	-3.341714e+02
4.950000e-06	-2.537798e-06	-5.664952e-09	-1.619154e+01	-3.368098e+02
4.960000e-06	-2.567034e-06	-5.703568e-09	-1.637807e+01	-3.393915e+02
4.970000e-06	-2.595813e-06	-5.743722e-09	-1.656169e+01	-3.419182e+02
4.980000e-06	-2.624188e-06	-5.782941e-09	-1.674273e+01	-3.443906e+02
4.990000e-06	-2.652155e-06	-5.820496e-09	-1.692116e+01	-3.468085e+02
5.000000e-06	-2.679833e-06	-5.859053e-09	-1.709775e+01	-3.491712e+02
5.010000e-06	-2.707347e-06	-5.899370e-09	-1.727329e+01	-3.514776e+02
5.020000e-06	-2.734702e-06	-5.940280e-09	-1.744782e+01	-3.537268e+02
5.030000e-06	-2.761856e-06	-5.978413e-09	-1.762107e+01	-3.559181e+02
5.040000e-06	-2.788682e-06	-6.012215e-09	-1.779222e+01	-3.580517e+02
5.050000e-06	-2.815098e-06	-6.044119e-09	-1.796076e+01	-3.601284e+02
5.060000e-06	-2.841145e-06	-6.074762e-09	-1.812694e+01	-3.621502e+02
5.070000e-06	-2.866875e-06	-6.102728e-09	-1.829111e+01	-3.641198e+02
5.080000e-06	-2.892326e-06	-6.130910e-09	-1.845349e+01	-3.660404e+02
5.090000e-06	-2.917418e-06	-6.162076e-09	-1.861358e+01	-3.679156e+02
5.100000e-06	-2.942088e-06	-6.195333e-09	-1.877098e+01	-3.697488e+02
5.110000e-06	-2.966382e-06	-6.227013e-09	-1.892598e+01	-3.715428e+02
5.120000e-06	-2.990417e-06	-6.256666e-09	-1.907932e+01	-3.732995e+02
5.130000e-06	-3.014216e-06	-6.286140e-09	-1.923117e+01	-3.750201e+02
5.140000e-06	-3.037789e-06	-6.313850e-09	-1.938156e+01	-3.767043e+02
5.150000e-06	-3.061079e-06	-6.338553e-09	-1.953016e+01	-3.783510e+02
5.160000e-06	-3.084015e-06	-6.361380e-09	-1.967649e+01	-3.799583e+02
5.170000e-06	-3.106588e-06	-6.384918e-09	-1.982051e+01	-3.815238e+02
5.180000e-06	-3.128650e-06	-6.408567e-09	-1.996127e+01	-3.830450e+02
5.190000e-06	-3.149976e-06	-6.431244e-09	-2.009733e+01	-3.845201e+02
5.200000e-06	-3.170589e-06	-6.455888e-09	-2.022885e+01	-3.859477e+02
5.210000e-06	-3.190767e-06	-6.482299e-09	-2.035759e+01	-3.873277e+02
5.220000e-06	-3.210596e-06	-6.508436e-09	-2.048410e+01	-3.886609e+02
5.230000e-06	-3.230200e-06	-6.531288e-09	-2.060917e+01	-3.899492e+02
5.240000e-06	-3.249644e-06	-6.549541e-09	-2.073323e+01	-3.911955e+02
5.250000e-06	-3.268788e-06	-6.566600e-09	-2.085538e+01	-3.924032e+02
5.260000e-06	-3.287518e-06	-6.583736e-09	-2.097488e+01	-3.935759e+02
5.270000e-06	-3.305851e-06	-6.600935e-09	-2.109184e+01	-3.947170e+02
5.280000e-06	-3.323805e-06	-6.618223e-09	-2.120639e+01	-3.958295e+02
5.290000e-06	-3.341409e-06	-6.639315e-09	-2.131870e+01	-3.969152e+02
5.300000e-06	-3.358737e-06	-6.662342e-09	-2.142926e+01	-3.979754e+02
5.310000e-06	-3.375724e-06	-6.681256e-09	-2.153764e+01	-3.990101e+02
5.320000e-06	-3.392199e-06	-6.697800e-09	-2.164275e+01	-4.000187e+02
5.330000e-06	-3.408212e-06	-6.713757e-09	-2.174492e+01	-4.010000e+02
5.340000e-06	-3.423962e-06	-6.729056e-09	-2.184541e+01	-4.019527e+02
5.350000e-06	-3.439495e-06	-6.744014e-09	-2.194451e+01	-4.028756e+02
5.360000e-06	-3.454691e-06	-6.759102e-09	-2.204146e+01	-4.037679e+02
5.370000e-06	-3.469375e-06	-6.774829e-09	-2.213515e+01	-4.046296e+02
5.380000e-06	-3.483461e-06	-6.789980e-09	-2.222502e+01	-4.054613e+02
5.390000e-06	-3.496779e-06	-6.802764e-09	-2.230999e+01	-4.062643e+02
5.400000e-06	-3.509342e-06	-6.814146e-09	-2.239014e+01	-4.070404e+02
5.410000e-06	-3.521478e-06	-6.826340e-09	-2.246758e+01	-4.077916e+02
5.420000e-06	-3.533270e-06	-6.839917e-09	-2.254281e+01	-4.085197e+02
5.430000e-06	-3.544592e-06	-6.852994e-09	-2.261505e+01	-4.092257e+02
5.440000e-06	-3.555504e-06	-6.865535e-09	-2.268467e+01	-4.099102e+02
5.450000e-06	-3.566011e-06	-6.878702e-09	-2.275170e+01	-4.105726e+02
5.460000e-06	-3.576039e-06	-6.889722e-09	-2.281568e+01	-4.112111e+02
5.470000e-06	-3.585638e-06	-6.897178e-09	-2.287692e+01	-4.118234e+02
5.480000e-06	-3.594857e-06	-6.901522e-09	-2.293574e+01	-4.124064e+02
5.490000e-06	-3.603750e-06	-6.906763e-09	-2.299248e+01	-4.129569e+02
5.500000e-06	-3.612241e-06	-6.913674e-09	-2.304665e+01	-4.134719e+02
5.510000e-06	-3.620240e-06	-6.923060e-09	-2.309769e+01	-4.139494e+02
5.520000e-06	-3.627866e-06	-6.936386e-09	-2.314635e+01	-4.143880e+02
5.530000e-06	-3.635260e-06	-6.949304e-09	-2.319352e+01	-4.147882e+02
5.540000e-06	-3.642373e-06	-6.958427e-09	-2.323890e+01	-4.151515e+02
5.550000e-06	-3.648984e-06	-6.963508e-09	-2.328109e+01	-4.154807e+02
5.560000e-06	-3.654913e-06	-6.964955e-09	-2.331891e+01	-4.157795e+02
5.570000e-06	-3.660137e-06	-6.964811e-09	-2.335224e+01	-4.160519e+02
5.580000e-06	-3.664728e-06	-6.965323e-09	-2.338153e+01	-4.163020e+02
5.590000e-06	-3.668762e-06	-6.968299e-09	-2.340727e+01	-4.165329e+02
5.600000e-06	-3.672417e-06	-6.976064e-09	-2.343059e+01	-4.167469e+02
5.610000e-06	-3.675832e-06	-6.984364e-09	-2.345238e+01	-4.169446e+02
5.620000e-06	-3.678975e-06	-6.990441e-09	-2.347243e+01	-4.171253e+02
5.630000e-06	-3.681738e-06	-6.994548e-09	-2.349006e+01	-4.172868e+02
5.640000e-06	-3.683987e-06	-6.997040e-09	-2.350441e+01	-4.174257e+02
5.650000e-06	-3.685809e-06	-6.998268e-09	-2.351603e+01	-4.175383e+02
5.660000e-06	-3.687373e-06	-7.000074e-09	-2.352601e+01	-4.176210e+02
5.670000e-06	-3.688493e-06	-7.002197e-09	-2.353316e+01	-4.176708e+02
5.680000e-06	-3.689114e-06	-7.004758e-09	-2.353712e+01	-4.176861e+02
5.690000e-06	-3.689340e-06	-7.005883e-09	-2.353856e+01	-4.176670e+02
