# Temperatura_=_20.0
# Concentracion g/m^3_=_9000.0
# C_Vs_to_Am_M_A/Vsm_=_59384043850.047264
# pendiente_HvsI_1/m_=_3716.3
# ordenada_HvsI_A/m_=_1297.0
# frecuencia_Hz_=_175658.61345490048

Tiempo_(s)	Campo_(V.s)	Magnetizacion_(V.s)	Campo_(kA/m)	Magnetizacion_(A/m)
0.000000e+00	-3.679343e-06	-7.058214e-09	-2.353413e+01	-4.190255e+02
1.000000e-08	-3.679045e-06	-7.054983e-09	-2.353223e+01	-4.189496e+02
2.000000e-08	-3.678456e-06	-7.055165e-09	-2.352846e+01	-4.188592e+02
3.000000e-08	-3.677578e-06	-7.062551e-09	-2.352284e+01	-4.187646e+02
4.000000e-08	-3.676342e-06	-7.075332e-09	-2.351494e+01	-4.186748e+02
5.000000e-08	-3.674542e-06	-7.080801e-09	-2.350342e+01	-4.185964e+02
6.000000e-08	-3.671961e-06	-7.066144e-09	-2.348692e+01	-4.185325e+02
7.000000e-08	-3.668617e-06	-7.015965e-09	-2.346553e+01	-4.184821e+02
8.000000e-08	-3.664702e-06	-6.949232e-09	-2.344049e+01	-4.184397e+02
9.000000e-08	-3.660406e-06	-6.977669e-09	-2.341301e+01	-4.183960e+02
1.000000e-07	-3.655859e-06	-7.108649e-09	-2.338392e+01	-4.183384e+02
1.100000e-07	-3.651054e-06	-7.146428e-09	-2.335319e+01	-4.182527e+02
1.200000e-07	-3.645867e-06	-6.973966e-09	-2.332001e+01	-4.181242e+02
1.300000e-07	-3.640240e-06	-6.945849e-09	-2.328402e+01	-4.179402e+02
1.400000e-07	-3.634135e-06	-7.105536e-09	-2.324497e+01	-4.176905e+02
1.500000e-07	-3.627605e-06	-7.072061e-09	-2.320320e+01	-4.173700e+02
1.600000e-07	-3.620662e-06	-6.869117e-09	-2.315879e+01	-4.169781e+02
1.700000e-07	-3.613257e-06	-6.853986e-09	-2.311142e+01	-4.165199e+02
1.800000e-07	-3.605438e-06	-7.034053e-09	-2.306142e+01	-4.160054e+02
1.900000e-07	-3.597268e-06	-6.991965e-09	-2.300916e+01	-4.154482e+02
2.000000e-07	-3.588751e-06	-6.952953e-09	-2.295468e+01	-4.148643e+02
2.100000e-07	-3.579971e-06	-6.950386e-09	-2.289852e+01	-4.142702e+02
2.200000e-07	-3.570742e-06	-6.864463e-09	-2.283949e+01	-4.136808e+02
2.300000e-07	-3.560797e-06	-6.918128e-09	-2.277588e+01	-4.131077e+02
2.400000e-07	-3.550165e-06	-7.022972e-09	-2.270787e+01	-4.125580e+02
2.500000e-07	-3.538948e-06	-6.908741e-09	-2.263613e+01	-4.120332e+02
2.600000e-07	-3.527139e-06	-6.781462e-09	-2.256059e+01	-4.115291e+02
2.700000e-07	-3.514841e-06	-6.950040e-09	-2.248193e+01	-4.110364e+02
2.800000e-07	-3.502218e-06	-7.022811e-09	-2.240119e+01	-4.105415e+02
2.900000e-07	-3.489161e-06	-6.793172e-09	-2.231767e+01	-4.100282e+02
3.000000e-07	-3.475627e-06	-6.711865e-09	-2.223111e+01	-4.094799e+02
3.100000e-07	-3.461641e-06	-6.893988e-09	-2.214165e+01	-4.088807e+02
3.200000e-07	-3.447200e-06	-6.918786e-09	-2.204928e+01	-4.082179e+02
3.300000e-07	-3.432418e-06	-6.764949e-09	-2.195473e+01	-4.074831e+02
3.400000e-07	-3.417166e-06	-6.718524e-09	-2.185717e+01	-4.066729e+02
3.500000e-07	-3.401169e-06	-6.837781e-09	-2.175485e+01	-4.057892e+02
3.600000e-07	-3.384468e-06	-6.838996e-09	-2.164803e+01	-4.048388e+02
3.700000e-07	-3.367233e-06	-6.704800e-09	-2.153779e+01	-4.038321e+02
3.800000e-07	-3.349664e-06	-6.683735e-09	-2.142541e+01	-4.027822e+02
3.900000e-07	-3.331822e-06	-6.764898e-09	-2.131129e+01	-4.017028e+02
4.000000e-07	-3.313631e-06	-6.752334e-09	-2.119493e+01	-4.006066e+02
4.100000e-07	-3.295058e-06	-6.671478e-09	-2.107614e+01	-3.995039e+02
4.200000e-07	-3.276094e-06	-6.648144e-09	-2.095483e+01	-3.984016e+02
4.300000e-07	-3.256697e-06	-6.662872e-09	-2.083077e+01	-3.973022e+02
4.400000e-07	-3.236910e-06	-6.662629e-09	-2.070420e+01	-3.962044e+02
4.500000e-07	-3.216793e-06	-6.612537e-09	-2.057553e+01	-3.951028e+02
4.600000e-07	-3.196376e-06	-6.568135e-09	-2.044494e+01	-3.939894e+02
4.700000e-07	-3.175724e-06	-6.584572e-09	-2.031284e+01	-3.928549e+02
4.800000e-07	-3.154903e-06	-6.596718e-09	-2.017967e+01	-3.916895e+02
4.900000e-07	-3.133797e-06	-6.534944e-09	-2.004466e+01	-3.904847e+02
5.000000e-07	-3.112212e-06	-6.486466e-09	-1.990660e+01	-3.892345e+02
5.100000e-07	-3.090200e-06	-6.498380e-09	-1.976581e+01	-3.879355e+02
5.200000e-07	-3.067838e-06	-6.496557e-09	-1.962277e+01	-3.865878e+02
5.300000e-07	-3.045131e-06	-6.447272e-09	-1.947753e+01	-3.851944e+02
5.400000e-07	-3.022074e-06	-6.408320e-09	-1.933005e+01	-3.837605e+02
5.500000e-07	-2.998629e-06	-6.409134e-09	-1.918009e+01	-3.822930e+02
5.600000e-07	-2.974830e-06	-6.405182e-09	-1.902786e+01	-3.807989e+02
5.700000e-07	-2.950709e-06	-6.354755e-09	-1.887358e+01	-3.792844e+02
5.800000e-07	-2.926341e-06	-6.306689e-09	-1.871771e+01	-3.777538e+02
5.900000e-07	-2.901779e-06	-6.309136e-09	-1.856061e+01	-3.762091e+02
6.000000e-07	-2.876927e-06	-6.309689e-09	-1.840165e+01	-3.746493e+02
6.100000e-07	-2.851759e-06	-6.257979e-09	-1.824067e+01	-3.730708e+02
6.200000e-07	-2.826199e-06	-6.211529e-09	-1.807718e+01	-3.714678e+02
6.300000e-07	-2.800053e-06	-6.209394e-09	-1.790994e+01	-3.698329e+02
6.400000e-07	-2.773258e-06	-6.198327e-09	-1.773855e+01	-3.681586e+02
6.500000e-07	-2.745892e-06	-6.141339e-09	-1.756351e+01	-3.664379e+02
6.600000e-07	-2.718047e-06	-6.092570e-09	-1.738541e+01	-3.646653e+02
6.700000e-07	-2.689901e-06	-6.087829e-09	-1.720538e+01	-3.628377e+02
6.800000e-07	-2.661569e-06	-6.077899e-09	-1.702416e+01	-3.609545e+02
6.900000e-07	-2.633038e-06	-6.024594e-09	-1.684167e+01	-3.590178e+02
7.000000e-07	-2.604358e-06	-5.973972e-09	-1.665822e+01	-3.570320e+02
7.100000e-07	-2.575470e-06	-5.961078e-09	-1.647345e+01	-3.550032e+02
7.200000e-07	-2.546285e-06	-5.942252e-09	-1.628677e+01	-3.529378e+02
7.300000e-07	-2.516705e-06	-5.886840e-09	-1.609757e+01	-3.508423e+02
7.400000e-07	-2.486722e-06	-5.833190e-09	-1.590579e+01	-3.487219e+02
7.500000e-07	-2.456484e-06	-5.815831e-09	-1.571238e+01	-3.465798e+02
7.600000e-07	-2.426043e-06	-5.794645e-09	-1.551767e+01	-3.444167e+02
7.700000e-07	-2.395368e-06	-5.742251e-09	-1.532146e+01	-3.422311e+02
7.800000e-07	-2.364463e-06	-5.688614e-09	-1.512379e+01	-3.400188e+02
7.900000e-07	-2.333222e-06	-5.666354e-09	-1.492396e+01	-3.377742e+02
8.000000e-07	-2.301643e-06	-5.644561e-09	-1.472197e+01	-3.354904e+02
8.100000e-07	-2.269873e-06	-5.593060e-09	-1.451876e+01	-3.331606e+02
8.200000e-07	-2.237875e-06	-5.534906e-09	-1.431409e+01	-3.307785e+02
8.300000e-07	-2.205611e-06	-5.504398e-09	-1.410772e+01	-3.283395e+02
8.400000e-07	-2.173204e-06	-5.480837e-09	-1.390044e+01	-3.258407e+02
8.500000e-07	-2.140630e-06	-5.432344e-09	-1.369209e+01	-3.232818e+02
8.600000e-07	-2.107826e-06	-5.375268e-09	-1.348226e+01	-3.206642e+02
8.700000e-07	-2.074813e-06	-5.339220e-09	-1.327110e+01	-3.179912e+02
8.800000e-07	-2.041631e-06	-5.309839e-09	-1.305886e+01	-3.152671e+02
8.900000e-07	-2.008180e-06	-5.258422e-09	-1.284489e+01	-3.124968e+02
9.000000e-07	-1.974223e-06	-5.197315e-09	-1.262769e+01	-3.096844e+02
9.100000e-07	-1.939869e-06	-5.153451e-09	-1.240796e+01	-3.068331e+02
9.200000e-07	-1.905165e-06	-5.118945e-09	-1.218598e+01	-3.039442e+02
9.300000e-07	-1.869981e-06	-5.065485e-09	-1.196093e+01	-3.010171e+02
9.400000e-07	-1.834518e-06	-5.002792e-09	-1.173410e+01	-2.980492e+02
9.500000e-07	-1.798844e-06	-4.956109e-09	-1.150592e+01	-2.950362e+02
9.600000e-07	-1.762863e-06	-4.919026e-09	-1.127578e+01	-2.919727e+02
9.700000e-07	-1.726617e-06	-4.865231e-09	-1.104394e+01	-2.888523e+02
9.800000e-07	-1.690228e-06	-4.799956e-09	-1.081118e+01	-2.856692e+02
9.900000e-07	-1.653793e-06	-4.747316e-09	-1.057814e+01	-2.824182e+02
1.000000e-06	-1.617286e-06	-4.703688e-09	-1.034462e+01	-2.790952e+02
1.010000e-06	-1.580658e-06	-4.644212e-09	-1.011034e+01	-2.756981e+02
1.020000e-06	-1.543928e-06	-4.574036e-09	-9.875408e+00	-2.722264e+02
1.030000e-06	-1.507081e-06	-4.515984e-09	-9.639721e+00	-2.686812e+02
1.040000e-06	-1.470015e-06	-4.470397e-09	-9.402636e+00	-2.650646e+02
1.050000e-06	-1.432735e-06	-4.412851e-09	-9.164183e+00	-2.613797e+02
1.060000e-06	-1.395289e-06	-4.340517e-09	-8.924670e+00	-2.576293e+02
1.070000e-06	-1.357630e-06	-4.276955e-09	-8.683793e+00	-2.538158e+02
1.080000e-06	-1.319758e-06	-4.222667e-09	-8.441552e+00	-2.499404e+02
1.090000e-06	-1.281724e-06	-4.156405e-09	-8.198272e+00	-2.460029e+02
1.100000e-06	-1.243483e-06	-4.078883e-09	-7.953674e+00	-2.420012e+02
1.110000e-06	-1.205104e-06	-4.010585e-09	-7.708194e+00	-2.379319e+02
1.120000e-06	-1.166648e-06	-3.952037e-09	-7.462212e+00	-2.337900e+02
1.130000e-06	-1.128059e-06	-3.883790e-09	-7.215388e+00	-2.295696e+02
1.140000e-06	-1.089362e-06	-3.804285e-09	-6.967874e+00	-2.252643e+02
1.150000e-06	-1.050623e-06	-3.729909e-09	-6.720086e+00	-2.208679e+02
1.160000e-06	-1.011727e-06	-3.662399e-09	-6.471295e+00	-2.163747e+02
1.170000e-06	-9.726362e-07	-3.588473e-09	-6.221260e+00	-2.117801e+02
1.180000e-06	-9.334588e-07	-3.504677e-09	-5.970670e+00	-2.070805e+02
1.190000e-06	-8.942520e-07	-3.425561e-09	-5.719892e+00	-2.022737e+02
1.200000e-06	-8.550082e-07	-3.351919e-09	-5.468877e+00	-1.973589e+02
1.210000e-06	-8.155977e-07	-3.269906e-09	-5.216797e+00	-1.923358e+02
1.220000e-06	-7.759714e-07	-3.177701e-09	-4.963335e+00	-1.872049e+02
1.230000e-06	-7.362460e-07	-3.088887e-09	-4.709241e+00	-1.819669e+02
1.240000e-06	-6.964420e-07	-3.006446e-09	-4.454643e+00	-1.766220e+02
1.250000e-06	-6.565224e-07	-2.916882e-09	-4.199305e+00	-1.711701e+02
1.260000e-06	-6.165345e-07	-2.817028e-09	-3.943531e+00	-1.656100e+02
1.270000e-06	-5.764526e-07	-2.719849e-09	-3.687156e+00	-1.599397e+02
1.280000e-06	-5.363507e-07	-2.628236e-09	-3.430653e+00	-1.541563e+02
1.290000e-06	-4.962139e-07	-2.531470e-09	-3.173926e+00	-1.482560e+02
1.300000e-06	-4.559826e-07	-2.424488e-09	-2.916595e+00	-1.422345e+02
1.310000e-06	-4.157294e-07	-2.317402e-09	-2.659124e+00	-1.360872e+02
1.320000e-06	-3.754242e-07	-2.214594e-09	-2.401321e+00	-1.298094e+02
1.330000e-06	-3.350549e-07	-2.107751e-09	-2.143107e+00	-1.233970e+02
1.340000e-06	-2.947190e-07	-1.996112e-09	-1.885107e+00	-1.168462e+02
1.350000e-06	-2.543969e-07	-1.884406e-09	-1.627196e+00	-1.101542e+02
1.360000e-06	-2.140232e-07	-1.773386e-09	-1.368954e+00	-1.033191e+02
1.370000e-06	-1.736514e-07	-1.655911e-09	-1.110724e+00	-9.633990e+01
1.380000e-06	-1.332585e-07	-1.532800e-09	-8.523597e-01	-8.921696e+01
1.390000e-06	-9.283664e-08	-1.411736e-09	-5.938097e-01	-8.195162e+01
1.400000e-06	-5.242646e-08	-1.290348e-09	-3.353347e-01	-7.454646e+01
1.410000e-06	-1.199496e-08	-1.162553e-09	-7.672323e-02	-6.700530e+01
1.420000e-06	2.842867e-08	-1.030358e-09	1.818379e-01	-5.933324e+01
1.430000e-06	6.882824e-08	-9.006352e-10	4.402452e-01	-5.153677e+01
1.440000e-06	1.092493e-07	-7.710504e-10	6.987899e-01	-4.362375e+01
1.450000e-06	1.497029e-07	-6.337308e-10	9.575427e-01	-3.560352e+01
1.460000e-06	1.901140e-07	-4.928579e-10	1.216024e+00	-2.748680e+01
1.470000e-06	2.304853e-07	-3.543629e-10	1.474250e+00	-1.928571e+01
1.480000e-06	2.708874e-07	-2.188785e-10	1.732674e+00	-1.101354e+01
1.490000e-06	3.112624e-07	-8.100794e-11	1.990923e+00	-2.684581e+00
1.500000e-06	3.516004e-07	6.088045e-11	2.248937e+00	5.686193e+00
1.510000e-06	3.919118e-07	1.999375e-10	2.506780e+00	1.408343e+01
1.520000e-06	4.321724e-07	3.383430e-10	2.764298e+00	2.249178e+01
1.530000e-06	4.724208e-07	4.806688e-10	3.021739e+00	3.089620e+01
1.540000e-06	5.126509e-07	6.262579e-10	3.279062e+00	3.928226e+01
1.550000e-06	5.528181e-07	7.696524e-10	3.535983e+00	4.763638e+01
1.560000e-06	5.929325e-07	9.083322e-10	3.792566e+00	5.594593e+01
1.570000e-06	6.329422e-07	1.045566e-09	4.048480e+00	6.419931e+01
1.580000e-06	6.727914e-07	1.182067e-09	4.303366e+00	7.238586e+01
1.590000e-06	7.125314e-07	1.316107e-09	4.557555e+00	8.049577e+01
1.600000e-06	7.521145e-07	1.446954e-09	4.810740e+00	8.851996e+01
1.610000e-06	7.915161e-07	1.581215e-09	5.062764e+00	9.644985e+01
1.620000e-06	8.309030e-07	1.719657e-09	5.314694e+00	1.042773e+02
1.630000e-06	8.702561e-07	1.851659e-09	5.566407e+00	1.119946e+02
1.640000e-06	9.094671e-07	1.977324e-09	5.817212e+00	1.195942e+02
1.650000e-06	9.485887e-07	2.102038e-09	6.067445e+00	1.270693e+02
1.660000e-06	9.875763e-07	2.225980e-09	6.316821e+00	1.344134e+02
1.670000e-06	1.026422e-06	2.342370e-09	6.565291e+00	1.416209e+02
1.680000e-06	1.065179e-06	2.453345e-09	6.813191e+00	1.486873e+02
1.690000e-06	1.103860e-06	2.568055e-09	7.060606e+00	1.556092e+02
1.700000e-06	1.142422e-06	2.686362e-09	7.307259e+00	1.623844e+02
1.710000e-06	1.180871e-06	2.799991e-09	7.553186e+00	1.690121e+02
1.720000e-06	1.219244e-06	2.907714e-09	7.798634e+00	1.754929e+02
1.730000e-06	1.257529e-06	3.014067e-09	8.043513e+00	1.818285e+02
1.740000e-06	1.295654e-06	3.118859e-09	8.287377e+00	1.880212e+02
1.750000e-06	1.333565e-06	3.218496e-09	8.529864e+00	1.940741e+02
1.760000e-06	1.371338e-06	3.314870e-09	8.771468e+00	1.999906e+02
1.770000e-06	1.408893e-06	3.412620e-09	9.011682e+00	2.057739e+02
1.780000e-06	1.446153e-06	3.510980e-09	9.250006e+00	2.114269e+02
1.790000e-06	1.483222e-06	3.606234e-09	9.487112e+00	2.169521e+02
1.800000e-06	1.520151e-06	3.694231e-09	9.723323e+00	2.223515e+02
1.810000e-06	1.556952e-06	3.779032e-09	9.958709e+00	2.276266e+02
1.820000e-06	1.593637e-06	3.864250e-09	1.019336e+01	2.327788e+02
1.830000e-06	1.630207e-06	3.948815e-09	1.042727e+01	2.378094e+02
1.840000e-06	1.666684e-06	4.029801e-09	1.066059e+01	2.427199e+02
1.850000e-06	1.703115e-06	4.109582e-09	1.089361e+01	2.475123e+02
1.860000e-06	1.739472e-06	4.190473e-09	1.112616e+01	2.521892e+02
1.870000e-06	1.775683e-06	4.270602e-09	1.135778e+01	2.567542e+02
1.880000e-06	1.811703e-06	4.346093e-09	1.158817e+01	2.612112e+02
1.890000e-06	1.847457e-06	4.418395e-09	1.181687e+01	2.655649e+02
1.900000e-06	1.882911e-06	4.491271e-09	1.204364e+01	2.698202e+02
1.910000e-06	1.917941e-06	4.563424e-09	1.226770e+01	2.739820e+02
1.920000e-06	1.952533e-06	4.632122e-09	1.248896e+01	2.780549e+02
1.930000e-06	1.986727e-06	4.697065e-09	1.270768e+01	2.820426e+02
1.940000e-06	2.020524e-06	4.761859e-09	1.292385e+01	2.859482e+02
1.950000e-06	2.053939e-06	4.827921e-09	1.313758e+01	2.897736e+02
1.960000e-06	2.087008e-06	4.891700e-09	1.334910e+01	2.935196e+02
1.970000e-06	2.119859e-06	4.951557e-09	1.355923e+01	2.971863e+02
1.980000e-06	2.152519e-06	5.012136e-09	1.376813e+01	3.007730e+02
1.990000e-06	2.185045e-06	5.072672e-09	1.397617e+01	3.042789e+02
2.000000e-06	2.217472e-06	5.131021e-09	1.418358e+01	3.077030e+02
2.010000e-06	2.249718e-06	5.186565e-09	1.438984e+01	3.110451e+02
2.020000e-06	2.281678e-06	5.241329e-09	1.459427e+01	3.143053e+02
2.030000e-06	2.313361e-06	5.298580e-09	1.479692e+01	3.174848e+02
2.040000e-06	2.344742e-06	5.355264e-09	1.499764e+01	3.205856e+02
2.050000e-06	2.375787e-06	5.409179e-09	1.519621e+01	3.236106e+02
2.060000e-06	2.406553e-06	5.460902e-09	1.539300e+01	3.265629e+02
2.070000e-06	2.437036e-06	5.510876e-09	1.558798e+01	3.294463e+02
2.080000e-06	2.467255e-06	5.559643e-09	1.578127e+01	3.322640e+02
2.090000e-06	2.497289e-06	5.605291e-09	1.597338e+01	3.350189e+02
2.100000e-06	2.527099e-06	5.648944e-09	1.616405e+01	3.377132e+02
2.110000e-06	2.556531e-06	5.696402e-09	1.635231e+01	3.403479e+02
2.120000e-06	2.585661e-06	5.745363e-09	1.653863e+01	3.429234e+02
2.130000e-06	2.614536e-06	5.789486e-09	1.672332e+01	3.454390e+02
2.140000e-06	2.643168e-06	5.829420e-09	1.690646e+01	3.478936e+02
2.150000e-06	2.671648e-06	5.868627e-09	1.708863e+01	3.502858e+02
2.160000e-06	2.699980e-06	5.907085e-09	1.726985e+01	3.526146e+02
2.170000e-06	2.728081e-06	5.942879e-09	1.744959e+01	3.548794e+02
2.180000e-06	2.755782e-06	5.977445e-09	1.762677e+01	3.570806e+02
2.190000e-06	2.782978e-06	6.015561e-09	1.780072e+01	3.592195e+02
2.200000e-06	2.809611e-06	6.056985e-09	1.797108e+01	3.612988e+02
2.210000e-06	2.835631e-06	6.094460e-09	1.813751e+01	3.633219e+02
2.220000e-06	2.861096e-06	6.127859e-09	1.830039e+01	3.652930e+02
2.230000e-06	2.886149e-06	6.162987e-09	1.846064e+01	3.672167e+02
2.240000e-06	2.910932e-06	6.198357e-09	1.861915e+01	3.690973e+02
2.250000e-06	2.935467e-06	6.228415e-09	1.877609e+01	3.709387e+02
2.260000e-06	2.959710e-06	6.254831e-09	1.893115e+01	3.727437e+02
2.270000e-06	2.983604e-06	6.283551e-09	1.908399e+01	3.745143e+02
2.280000e-06	3.007140e-06	6.314856e-09	1.923453e+01	3.762509e+02
2.290000e-06	3.030384e-06	6.345758e-09	1.938320e+01	3.779530e+02
2.300000e-06	3.053301e-06	6.374749e-09	1.952979e+01	3.796192e+02
2.310000e-06	3.075853e-06	6.402104e-09	1.967404e+01	3.812475e+02
2.320000e-06	3.098083e-06	6.430590e-09	1.981623e+01	3.828359e+02
2.330000e-06	3.119947e-06	6.458484e-09	1.995607e+01	3.843825e+02
2.340000e-06	3.141428e-06	6.482434e-09	2.009347e+01	3.858862e+02
2.350000e-06	3.162534e-06	6.507067e-09	2.022848e+01	3.873468e+02
2.360000e-06	3.183317e-06	6.534945e-09	2.036141e+01	3.887649e+02
2.370000e-06	3.203893e-06	6.561653e-09	2.049302e+01	3.901423e+02
2.380000e-06	3.224307e-06	6.584479e-09	2.062359e+01	3.914813e+02
2.390000e-06	3.244452e-06	6.605792e-09	2.075245e+01	3.927843e+02
2.400000e-06	3.264107e-06	6.626780e-09	2.087816e+01	3.940541e+02
2.410000e-06	3.283224e-06	6.649012e-09	2.100044e+01	3.952927e+02
2.420000e-06	3.301905e-06	6.671029e-09	2.111993e+01	3.965015e+02
2.430000e-06	3.320178e-06	6.691818e-09	2.123681e+01	3.976811e+02
2.440000e-06	3.338062e-06	6.712676e-09	2.135120e+01	3.988308e+02
2.450000e-06	3.355617e-06	6.731234e-09	2.146349e+01	3.999495e+02
2.460000e-06	3.372899e-06	6.746819e-09	2.157403e+01	4.010353e+02
2.470000e-06	3.389833e-06	6.760680e-09	2.168234e+01	4.020861e+02
2.480000e-06	3.406229e-06	6.776340e-09	2.178721e+01	4.031003e+02
2.490000e-06	3.422057e-06	6.793052e-09	2.188846e+01	4.040769e+02
2.500000e-06	3.437354e-06	6.808236e-09	2.198630e+01	4.050156e+02
2.510000e-06	3.452167e-06	6.823261e-09	2.208105e+01	4.059177e+02
2.520000e-06	3.466580e-06	6.839662e-09	2.217324e+01	4.067852e+02
2.530000e-06	3.480636e-06	6.855245e-09	2.226315e+01	4.076212e+02
2.540000e-06	3.494265e-06	6.869927e-09	2.235032e+01	4.084290e+02
2.550000e-06	3.507425e-06	6.883600e-09	2.243450e+01	4.092123e+02
2.560000e-06	3.520194e-06	6.896431e-09	2.251617e+01	4.099738e+02
2.570000e-06	3.532574e-06	6.907462e-09	2.259535e+01	4.107157e+02
2.580000e-06	3.544489e-06	6.917236e-09	2.267157e+01	4.114386e+02
2.590000e-06	3.555788e-06	6.928683e-09	2.274384e+01	4.121414e+02
2.600000e-06	3.566337e-06	6.938176e-09	2.281131e+01	4.128219e+02
2.610000e-06	3.576155e-06	6.947696e-09	2.287411e+01	4.134765e+02
2.620000e-06	3.585447e-06	6.957337e-09	2.293354e+01	4.141010e+02
2.630000e-06	3.594362e-06	6.966171e-09	2.299057e+01	4.146910e+02
2.640000e-06	3.602961e-06	6.975426e-09	2.304557e+01	4.152429e+02
2.650000e-06	3.611258e-06	6.985401e-09	2.309864e+01	4.157541e+02
2.660000e-06	3.619176e-06	6.994373e-09	2.314929e+01	4.162237e+02
2.670000e-06	3.626700e-06	7.001795e-09	2.319741e+01	4.166527e+02
2.680000e-06	3.633819e-06	7.008489e-09	2.324295e+01	4.170440e+02
2.690000e-06	3.640507e-06	7.013703e-09	2.328572e+01	4.174020e+02
2.700000e-06	3.646759e-06	7.016833e-09	2.332571e+01	4.177320e+02
2.710000e-06	3.652539e-06	7.018542e-09	2.336269e+01	4.180399e+02
2.720000e-06	3.657853e-06	7.023074e-09	2.339668e+01	4.183306e+02
2.730000e-06	3.662827e-06	7.030743e-09	2.342849e+01	4.186081e+02
2.740000e-06	3.667512e-06	7.039250e-09	2.345846e+01	4.188743e+02
2.750000e-06	3.671899e-06	7.045707e-09	2.348652e+01	4.191288e+02
2.760000e-06	3.675959e-06	7.049191e-09	2.351249e+01	4.193690e+02
2.770000e-06	3.679554e-06	7.050181e-09	2.353548e+01	4.195904e+02
2.780000e-06	3.682544e-06	7.048406e-09	2.355461e+01	4.197871e+02
2.790000e-06	3.684828e-06	7.044571e-09	2.356922e+01	4.199529e+02
2.800000e-06	3.686427e-06	7.041368e-09	2.357944e+01	4.200821e+02
2.810000e-06	3.687556e-06	7.040335e-09	2.358667e+01	4.201706e+02
2.820000e-06	3.688343e-06	7.040745e-09	2.359170e+01	4.202166e+02
2.830000e-06	3.688782e-06	7.044048e-09	2.359451e+01	4.202214e+02
2.840000e-06	3.688828e-06	7.049501e-09	2.359480e+01	4.201892e+02
2.850000e-06	3.688487e-06	7.053749e-09	2.359262e+01	4.201272e+02
2.860000e-06	3.687766e-06	7.054877e-09	2.358801e+01	4.200445e+02
2.870000e-06	3.686589e-06	7.045560e-09	2.358048e+01	4.199512e+02
2.880000e-06	3.685020e-06	7.025526e-09	2.357044e+01	4.198573e+02
2.890000e-06	3.683105e-06	7.018716e-09	2.355819e+01	4.197710e+02
2.900000e-06	3.680758e-06	7.033400e-09	2.354319e+01	4.196977e+02
2.910000e-06	3.677978e-06	7.082099e-09	2.352540e+01	4.196390e+02
2.920000e-06	3.674824e-06	7.157826e-09	2.350523e+01	4.195923e+02
2.930000e-06	3.671327e-06	7.105985e-09	2.348286e+01	4.195506e+02
2.940000e-06	3.667440e-06	6.941578e-09	2.345800e+01	4.195031e+02
2.950000e-06	3.663180e-06	6.883760e-09	2.343075e+01	4.194366e+02
2.960000e-06	3.658591e-06	7.064511e-09	2.340140e+01	4.193363e+02
2.970000e-06	3.653411e-06	7.088029e-09	2.336826e+01	4.191882e+02
2.980000e-06	3.647472e-06	6.936934e-09	2.333028e+01	4.189803e+02
2.990000e-06	3.640871e-06	7.031759e-09	2.328805e+01	4.187043e+02
3.000000e-06	3.633798e-06	7.224041e-09	2.324281e+01	4.183565e+02
3.010000e-06	3.626380e-06	7.174972e-09	2.319537e+01	4.179388e+02
3.020000e-06	3.618645e-06	6.980092e-09	2.314589e+01	4.174579e+02
3.030000e-06	3.610661e-06	7.059034e-09	2.309483e+01	4.169255e+02
3.040000e-06	3.602381e-06	7.073296e-09	2.304186e+01	4.163562e+02
3.050000e-06	3.593603e-06	7.006608e-09	2.298571e+01	4.157664e+02
3.060000e-06	3.584333e-06	7.089819e-09	2.292642e+01	4.151723e+02
3.070000e-06	3.574677e-06	7.007749e-09	2.286466e+01	4.145877e+02
3.080000e-06	3.564576e-06	6.828447e-09	2.280005e+01	4.140226e+02
3.090000e-06	3.553991e-06	6.968370e-09	2.273235e+01	4.134822e+02
3.100000e-06	3.542908e-06	7.112834e-09	2.266145e+01	4.129658e+02
3.110000e-06	3.531394e-06	6.908622e-09	2.258781e+01	4.124672e+02
3.120000e-06	3.519505e-06	6.891728e-09	2.251176e+01	4.119752e+02
3.130000e-06	3.506967e-06	7.173997e-09	2.243157e+01	4.114753e+02
3.140000e-06	3.493582e-06	7.148829e-09	2.234595e+01	4.109506e+02
3.150000e-06	3.479612e-06	6.877909e-09	2.225660e+01	4.103847e+02
3.160000e-06	3.465241e-06	6.893159e-09	2.216467e+01	4.097628e+02
3.170000e-06	3.450372e-06	7.047630e-09	2.206957e+01	4.090736e+02
3.180000e-06	3.435128e-06	7.016101e-09	2.197206e+01	4.083105e+02
3.190000e-06	3.419616e-06	6.831769e-09	2.187285e+01	4.074721e+02
3.200000e-06	3.403705e-06	6.837009e-09	2.177107e+01	4.065621e+02
3.210000e-06	3.387298e-06	7.000486e-09	2.166613e+01	4.055891e+02
3.220000e-06	3.370422e-06	6.946848e-09	2.155818e+01	4.045644e+02
3.230000e-06	3.353255e-06	6.755360e-09	2.144838e+01	4.035017e+02
3.240000e-06	3.335782e-06	6.802320e-09	2.133662e+01	4.024144e+02
3.250000e-06	3.317887e-06	6.907865e-09	2.122216e+01	4.013146e+02
3.260000e-06	3.299589e-06	6.831662e-09	2.110512e+01	4.002113e+02
3.270000e-06	3.280950e-06	6.747645e-09	2.098589e+01	3.991098e+02
3.280000e-06	3.261965e-06	6.756949e-09	2.086447e+01	3.980112e+02
3.290000e-06	3.242706e-06	6.796166e-09	2.074128e+01	3.969126e+02
3.300000e-06	3.223266e-06	6.759983e-09	2.061693e+01	3.958075e+02
3.310000e-06	3.203589e-06	6.662681e-09	2.049108e+01	3.946872e+02
3.320000e-06	3.183583e-06	6.643511e-09	2.036311e+01	3.935420e+02
3.330000e-06	3.163000e-06	6.706055e-09	2.023146e+01	3.923625e+02
3.340000e-06	3.141775e-06	6.688680e-09	2.009569e+01	3.911412e+02
3.350000e-06	3.119976e-06	6.610655e-09	1.995626e+01	3.898727e+02
3.360000e-06	3.097552e-06	6.584143e-09	1.981283e+01	3.885551e+02
3.370000e-06	3.074625e-06	6.606749e-09	1.966618e+01	3.871896e+02
3.380000e-06	3.051398e-06	6.587509e-09	1.951762e+01	3.857801e+02
3.390000e-06	3.027982e-06	6.507651e-09	1.936784e+01	3.843326e+02
3.400000e-06	3.004370e-06	6.465618e-09	1.921681e+01	3.828541e+02
3.410000e-06	2.980479e-06	6.496695e-09	1.906400e+01	3.813516e+02
3.420000e-06	2.956222e-06	6.493744e-09	1.890884e+01	3.798305e+02
3.430000e-06	2.931563e-06	6.417626e-09	1.875112e+01	3.782944e+02
3.440000e-06	2.906513e-06	6.371994e-09	1.859089e+01	3.767441e+02
3.450000e-06	2.881127e-06	6.396598e-09	1.842852e+01	3.751777e+02
3.460000e-06	2.855422e-06	6.384181e-09	1.826409e+01	3.735906e+02
3.470000e-06	2.829362e-06	6.306111e-09	1.809741e+01	3.719764e+02
3.480000e-06	2.802917e-06	6.260961e-09	1.792826e+01	3.703275e+02
3.490000e-06	2.776116e-06	6.275758e-09	1.775683e+01	3.686363e+02
3.500000e-06	2.749041e-06	6.259664e-09	1.758365e+01	3.668965e+02
3.510000e-06	2.721779e-06	6.186899e-09	1.740928e+01	3.651034e+02
3.520000e-06	2.694346e-06	6.137016e-09	1.723381e+01	3.632546e+02
3.530000e-06	2.666721e-06	6.143035e-09	1.705711e+01	3.613508e+02
3.540000e-06	2.638868e-06	6.127616e-09	1.687896e+01	3.593950e+02
3.550000e-06	2.610666e-06	6.059156e-09	1.669857e+01	3.573921e+02
3.560000e-06	2.581989e-06	6.012192e-09	1.651514e+01	3.553486e+02
3.570000e-06	2.552716e-06	6.009651e-09	1.632790e+01	3.532711e+02
3.580000e-06	2.522896e-06	5.986509e-09	1.613716e+01	3.511656e+02
3.590000e-06	2.492651e-06	5.917046e-09	1.594371e+01	3.490366e+02
3.600000e-06	2.461960e-06	5.865165e-09	1.574740e+01	3.468865e+02
3.610000e-06	2.430883e-06	5.855138e-09	1.554862e+01	3.447151e+02
3.620000e-06	2.399606e-06	5.833313e-09	1.534857e+01	3.425199e+02
3.630000e-06	2.368182e-06	5.768967e-09	1.514757e+01	3.402961e+02
3.640000e-06	2.336582e-06	5.714769e-09	1.494545e+01	3.380374e+02
3.650000e-06	2.304784e-06	5.696752e-09	1.474206e+01	3.357370e+02
3.660000e-06	2.272748e-06	5.671833e-09	1.453715e+01	3.333880e+02
3.670000e-06	2.240491e-06	5.608788e-09	1.433082e+01	3.309849e+02
3.680000e-06	2.207984e-06	5.551337e-09	1.412290e+01	3.285235e+02
3.690000e-06	2.175177e-06	5.527749e-09	1.391306e+01	3.260020e+02
3.700000e-06	2.142083e-06	5.498152e-09	1.370137e+01	3.234206e+02
3.710000e-06	2.108738e-06	5.434515e-09	1.348809e+01	3.207816e+02
3.720000e-06	2.075250e-06	5.372586e-09	1.327390e+01	3.180887e+02
3.730000e-06	2.041599e-06	5.340030e-09	1.305865e+01	3.153466e+02
3.740000e-06	2.007592e-06	5.305439e-09	1.284114e+01	3.125599e+02
3.750000e-06	1.973233e-06	5.244625e-09	1.262136e+01	3.097325e+02
3.760000e-06	1.938675e-06	5.185074e-09	1.240032e+01	3.068668e+02
3.770000e-06	1.903977e-06	5.151095e-09	1.217838e+01	3.039636e+02
3.780000e-06	1.869044e-06	5.113809e-09	1.195494e+01	3.010214e+02
3.790000e-06	1.833851e-06	5.049176e-09	1.172984e+01	2.980371e+02
3.800000e-06	1.798520e-06	4.982221e-09	1.150385e+01	2.950057e+02
3.810000e-06	1.763143e-06	4.939752e-09	1.127757e+01	2.919214e+02
3.820000e-06	1.727704e-06	4.897155e-09	1.105089e+01	2.887780e+02
3.830000e-06	1.692155e-06	4.831563e-09	1.082351e+01	2.855698e+02
3.840000e-06	1.656467e-06	4.764233e-09	1.059524e+01	2.822920e+02
3.850000e-06	1.620619e-06	4.719515e-09	1.036594e+01	2.789413e+02
3.860000e-06	1.584531e-06	4.674127e-09	1.013512e+01	2.755160e+02
3.870000e-06	1.548140e-06	4.605039e-09	9.902344e+00	2.720164e+02
3.880000e-06	1.511488e-06	4.530676e-09	9.667911e+00	2.684439e+02
3.890000e-06	1.474504e-06	4.474191e-09	9.431352e+00	2.648012e+02
3.900000e-06	1.437156e-06	4.419161e-09	9.192461e+00	2.610912e+02
3.910000e-06	1.399384e-06	4.346528e-09	8.950864e+00	2.573167e+02
3.920000e-06	1.361256e-06	4.272204e-09	8.706982e+00	2.534798e+02
3.930000e-06	1.322967e-06	4.213875e-09	8.462078e+00	2.495810e+02
3.940000e-06	1.284486e-06	4.157314e-09	8.215940e+00	2.456196e+02
3.950000e-06	1.245724e-06	4.083873e-09	7.968005e+00	2.415929e+02
3.960000e-06	1.206711e-06	4.005994e-09	7.718470e+00	2.374969e+02
3.970000e-06	1.167565e-06	3.939705e-09	7.468079e+00	2.333261e+02
3.980000e-06	1.128355e-06	3.873167e-09	7.217281e+00	2.290744e+02
3.990000e-06	1.089097e-06	3.790843e-09	6.966174e+00	2.247355e+02
4.000000e-06	1.049807e-06	3.705003e-09	6.714866e+00	2.203033e+02
4.010000e-06	1.010469e-06	3.630881e-09	6.463252e+00	2.157724e+02
4.020000e-06	9.710721e-07	3.558006e-09	6.211255e+00	2.111385e+02
4.030000e-06	9.316336e-07	3.473024e-09	5.958995e+00	2.063988e+02
4.040000e-06	8.921302e-07	3.386051e-09	5.706320e+00	2.015514e+02
4.050000e-06	8.525614e-07	3.308082e-09	5.453227e+00	1.965958e+02
4.060000e-06	8.129629e-07	3.229910e-09	5.199944e+00	1.915320e+02
4.070000e-06	7.733273e-07	3.139456e-09	4.946423e+00	1.863607e+02
4.080000e-06	7.335429e-07	3.045213e-09	4.691951e+00	1.810824e+02
4.090000e-06	6.936039e-07	2.954982e-09	4.436489e+00	1.756973e+02
4.100000e-06	6.536336e-07	2.862481e-09	4.180828e+00	1.702048e+02
4.110000e-06	6.136114e-07	2.760894e-09	3.924834e+00	1.646035e+02
4.120000e-06	5.734802e-07	2.658560e-09	3.668144e+00	1.588911e+02
4.130000e-06	5.332930e-07	2.565717e-09	3.411095e+00	1.530642e+02
4.140000e-06	4.930541e-07	2.475685e-09	3.153716e+00	1.471188e+02
4.150000e-06	4.527957e-07	2.376787e-09	2.896211e+00	1.410504e+02
4.160000e-06	4.124566e-07	2.271024e-09	2.638191e+00	1.348546e+02
4.170000e-06	3.720469e-07	2.166386e-09	2.379719e+00	1.285266e+02
4.180000e-06	3.315910e-07	2.058316e-09	2.120951e+00	1.220625e+02
4.190000e-06	2.910427e-07	1.938086e-09	1.861593e+00	1.154589e+02
4.200000e-06	2.505178e-07	1.814210e-09	1.602383e+00	1.087132e+02
4.210000e-06	2.099683e-07	1.699150e-09	1.343017e+00	1.018240e+02
4.220000e-06	1.693883e-07	1.588172e-09	1.083456e+00	9.479064e+01
4.230000e-06	1.288289e-07	1.468771e-09	8.240267e-01	8.761390e+01
4.240000e-06	8.821386e-08	1.343556e-09	5.642411e-01	8.029560e+01
4.250000e-06	4.755409e-08	1.221826e-09	3.041696e-01	7.283875e+01
4.260000e-06	6.872712e-09	1.095649e-09	4.395984e-02	6.524767e+01
4.270000e-06	-3.379457e-08	9.584515e-10	-2.161598e-01	5.752796e+01
4.280000e-06	-7.444326e-08	8.189887e-10	-4.761604e-01	4.968662e+01
4.290000e-06	-1.151340e-07	6.853973e-10	-7.364299e-01	4.173206e+01
4.300000e-06	-1.557671e-07	5.533727e-10	-9.963308e-01	3.367414e+01
4.310000e-06	-1.963103e-07	4.139807e-10	-1.255657e+00	2.552413e+01
4.320000e-06	-2.368270e-07	2.717319e-10	-1.514813e+00	1.729460e+01
4.330000e-06	-2.773173e-07	1.342139e-10	-1.773801e+00	8.999250e+00
4.340000e-06	-3.177886e-07	-2.458860e-12	-2.032667e+00	6.526600e-01
4.350000e-06	-3.582372e-07	-1.457991e-10	-2.291388e+00	-7.730012e+00
4.360000e-06	-3.986584e-07	-2.930566e-10	-2.549934e+00	-1.613337e+01
4.370000e-06	-4.390085e-07	-4.353334e-10	-2.808024e+00	-2.454215e+01
4.380000e-06	-4.792099e-07	-5.732748e-10	-3.065164e+00	-3.294150e+01
4.390000e-06	-5.192880e-07	-7.134304e-10	-3.321515e+00	-4.131729e+01
4.400000e-06	-5.593213e-07	-8.568546e-10	-3.577579e+00	-4.965629e+01
4.410000e-06	-5.993133e-07	-9.953757e-10	-3.833379e+00	-5.794625e+01
4.420000e-06	-6.392132e-07	-1.130991e-09	-4.088591e+00	-6.617593e+01
4.430000e-06	-6.789959e-07	-1.270076e-09	-4.343052e+00	-7.433502e+01
4.440000e-06	-7.187095e-07	-1.409800e-09	-4.597072e+00	-8.241398e+01
4.450000e-06	-7.584103e-07	-1.544667e-09	-4.851010e+00	-9.040395e+01
4.460000e-06	-7.980866e-07	-1.676558e-09	-5.104790e+00	-9.829653e+01
4.470000e-06	-8.377037e-07	-1.808260e-09	-5.358193e+00	-1.060837e+02
4.480000e-06	-8.772311e-07	-1.938560e-09	-5.611021e+00	-1.137579e+02
4.490000e-06	-9.167038e-07	-2.064545e-09	-5.863500e+00	-1.213118e+02
4.500000e-06	-9.561389e-07	-2.187187e-09	-6.115738e+00	-1.287386e+02
4.510000e-06	-9.955090e-07	-2.311168e-09	-6.367561e+00	-1.360323e+02
4.520000e-06	-1.034840e-06	-2.437395e-09	-6.619135e+00	-1.431875e+02
4.530000e-06	-1.074134e-06	-2.560213e-09	-6.870467e+00	-1.502002e+02
4.540000e-06	-1.113347e-06	-2.673561e-09	-7.121289e+00	-1.570674e+02
4.550000e-06	-1.152459e-06	-2.783497e-09	-7.371458e+00	-1.637875e+02
4.560000e-06	-1.191470e-06	-2.895011e-09	-7.620984e+00	-1.703602e+02
4.570000e-06	-1.230302e-06	-3.002798e-09	-7.869365e+00	-1.767865e+02
4.580000e-06	-1.268943e-06	-3.103787e-09	-8.116522e+00	-1.830683e+02
4.590000e-06	-1.307452e-06	-3.205922e-09	-8.362835e+00	-1.892083e+02
4.600000e-06	-1.345726e-06	-3.312532e-09	-8.607647e+00	-1.952099e+02
4.610000e-06	-1.383759e-06	-3.417028e-09	-8.850917e+00	-2.010762e+02
4.620000e-06	-1.421511e-06	-3.516243e-09	-9.092393e+00	-2.068105e+02
4.630000e-06	-1.458900e-06	-3.612961e-09	-9.331544e+00	-2.124155e+02
4.640000e-06	-1.495968e-06	-3.708461e-09	-9.568637e+00	-2.178935e+02
4.650000e-06	-1.532798e-06	-3.798292e-09	-9.804214e+00	-2.232463e+02
4.660000e-06	-1.569345e-06	-3.880710e-09	-1.003798e+01	-2.284753e+02
4.670000e-06	-1.605541e-06	-3.960241e-09	-1.026950e+01	-2.335819e+02
4.680000e-06	-1.641476e-06	-4.042175e-09	-1.049935e+01	-2.385674e+02
4.690000e-06	-1.677193e-06	-4.125764e-09	-1.072781e+01	-2.434335e+02
4.700000e-06	-1.712755e-06	-4.207257e-09	-1.095527e+01	-2.481824e+02
4.710000e-06	-1.748239e-06	-4.288133e-09	-1.118224e+01	-2.528171e+02
4.720000e-06	-1.783657e-06	-4.370499e-09	-1.140878e+01	-2.573413e+02
4.730000e-06	-1.818975e-06	-4.448407e-09	-1.163468e+01	-2.617591e+02
4.740000e-06	-1.854164e-06	-4.516986e-09	-1.185976e+01	-2.660755e+02
4.750000e-06	-1.889158e-06	-4.582725e-09	-1.208359e+01	-2.702954e+02
4.760000e-06	-1.923925e-06	-4.651001e-09	-1.230597e+01	-2.744235e+02
4.770000e-06	-1.958408e-06	-4.718297e-09	-1.252654e+01	-2.784642e+02
4.780000e-06	-1.992590e-06	-4.782077e-09	-1.274518e+01	-2.824210e+02
4.790000e-06	-2.026541e-06	-4.845973e-09	-1.296234e+01	-2.862965e+02
4.800000e-06	-2.060271e-06	-4.912688e-09	-1.317808e+01	-2.900922e+02
4.810000e-06	-2.093767e-06	-4.978118e-09	-1.339234e+01	-2.938087e+02
4.820000e-06	-2.127045e-06	-5.037684e-09	-1.360519e+01	-2.974457e+02
4.830000e-06	-2.160095e-06	-5.094729e-09	-1.381659e+01	-3.010023e+02
4.840000e-06	-2.192840e-06	-5.152599e-09	-1.402603e+01	-3.044778e+02
4.850000e-06	-2.225362e-06	-5.207068e-09	-1.423405e+01	-3.078714e+02
4.860000e-06	-2.257610e-06	-5.255041e-09	-1.444032e+01	-3.111828e+02
4.870000e-06	-2.289503e-06	-5.301863e-09	-1.464432e+01	-3.144128e+02
4.880000e-06	-2.321186e-06	-5.354597e-09	-1.484697e+01	-3.175626e+02
4.890000e-06	-2.352724e-06	-5.411547e-09	-1.504869e+01	-3.206348e+02
4.900000e-06	-2.384095e-06	-5.466263e-09	-1.524935e+01	-3.236323e+02
4.910000e-06	-2.415272e-06	-5.515278e-09	-1.544877e+01	-3.265585e+02
4.920000e-06	-2.446219e-06	-5.563497e-09	-1.564672e+01	-3.294171e+02
4.930000e-06	-2.476787e-06	-5.610784e-09	-1.584224e+01	-3.322111e+02
4.940000e-06	-2.506927e-06	-5.652766e-09	-1.603503e+01	-3.349432e+02
4.950000e-06	-2.536622e-06	-5.691835e-09	-1.622496e+01	-3.376152e+02
4.960000e-06	-2.565758e-06	-5.732751e-09	-1.641132e+01	-3.402280e+02
4.970000e-06	-2.594370e-06	-5.776665e-09	-1.659433e+01	-3.427812e+02
4.980000e-06	-2.622541e-06	-5.818163e-09	-1.677452e+01	-3.452743e+02
4.990000e-06	-2.650389e-06	-5.857064e-09	-1.695265e+01	-3.477058e+02
5.000000e-06	-2.678025e-06	-5.898587e-09	-1.712942e+01	-3.500745e+02
5.010000e-06	-2.705501e-06	-5.942044e-09	-1.730516e+01	-3.523795e+02
5.020000e-06	-2.732780e-06	-5.979533e-09	-1.747965e+01	-3.546205e+02
5.030000e-06	-2.759839e-06	-6.010671e-09	-1.765272e+01	-3.567983e+02
5.040000e-06	-2.786615e-06	-6.043711e-09	-1.782399e+01	-3.589147e+02
5.050000e-06	-2.812937e-06	-6.080061e-09	-1.799235e+01	-3.609726e+02
5.060000e-06	-2.838804e-06	-6.112448e-09	-1.815781e+01	-3.629759e+02
5.070000e-06	-2.864323e-06	-6.141396e-09	-1.832103e+01	-3.649288e+02
5.080000e-06	-2.889573e-06	-6.172713e-09	-1.848254e+01	-3.668360e+02
5.090000e-06	-2.914516e-06	-6.206812e-09	-1.864208e+01	-3.687017e+02
5.100000e-06	-2.939099e-06	-6.239462e-09	-1.879932e+01	-3.705293e+02
5.110000e-06	-2.963255e-06	-6.268254e-09	-1.895383e+01	-3.723214e+02
5.120000e-06	-2.987055e-06	-6.297374e-09	-1.910606e+01	-3.740794e+02
5.130000e-06	-3.010667e-06	-6.326742e-09	-1.925709e+01	-3.758034e+02
5.140000e-06	-3.034085e-06	-6.354229e-09	-1.940688e+01	-3.774924e+02
5.150000e-06	-3.057276e-06	-6.378174e-09	-1.955521e+01	-3.791448e+02
5.160000e-06	-3.080149e-06	-6.400260e-09	-1.970152e+01	-3.807586e+02
5.170000e-06	-3.102499e-06	-6.423647e-09	-1.984448e+01	-3.823316e+02
5.180000e-06	-3.124268e-06	-6.448438e-09	-1.998372e+01	-3.838624e+02
5.190000e-06	-3.145494e-06	-6.474567e-09	-2.011948e+01	-3.853500e+02
5.200000e-06	-3.166146e-06	-6.501547e-09	-2.025158e+01	-3.867948e+02
5.210000e-06	-3.186292e-06	-6.527156e-09	-2.038044e+01	-3.881976e+02
5.220000e-06	-3.206095e-06	-6.550765e-09	-2.050710e+01	-3.895604e+02
5.230000e-06	-3.225655e-06	-6.571768e-09	-2.063221e+01	-3.908857e+02
5.240000e-06	-3.244960e-06	-6.590683e-09	-2.075570e+01	-3.921762e+02
5.250000e-06	-3.263975e-06	-6.608919e-09	-2.087732e+01	-3.934342e+02
5.260000e-06	-3.282577e-06	-6.627320e-09	-2.099630e+01	-3.946617e+02
5.270000e-06	-3.300695e-06	-6.646967e-09	-2.111219e+01	-3.958597e+02
5.280000e-06	-3.318422e-06	-6.667955e-09	-2.122558e+01	-3.970284e+02
5.290000e-06	-3.335889e-06	-6.690432e-09	-2.133730e+01	-3.981669e+02
5.300000e-06	-3.353086e-06	-6.711418e-09	-2.144730e+01	-3.992736e+02
5.310000e-06	-3.369884e-06	-6.730600e-09	-2.155474e+01	-4.003466e+02
5.320000e-06	-3.386176e-06	-6.747491e-09	-2.165895e+01	-4.013841e+02
5.330000e-06	-3.402085e-06	-6.762635e-09	-2.176071e+01	-4.023844e+02
5.340000e-06	-3.417754e-06	-6.777501e-09	-2.186093e+01	-4.033469e+02
5.350000e-06	-3.433141e-06	-6.792089e-09	-2.195935e+01	-4.042719e+02
5.360000e-06	-3.448201e-06	-6.807956e-09	-2.205568e+01	-4.051609e+02
5.370000e-06	-3.462694e-06	-6.825596e-09	-2.214838e+01	-4.060163e+02
5.380000e-06	-3.476539e-06	-6.842362e-09	-2.223694e+01	-4.068415e+02
5.390000e-06	-3.489737e-06	-6.857541e-09	-2.232136e+01	-4.076399e+02
5.400000e-06	-3.502254e-06	-6.871583e-09	-2.240142e+01	-4.084149e+02
5.410000e-06	-3.514253e-06	-6.883531e-09	-2.247817e+01	-4.091691e+02
5.420000e-06	-3.525882e-06	-6.894821e-09	-2.255255e+01	-4.099040e+02
5.430000e-06	-3.537204e-06	-6.908015e-09	-2.262497e+01	-4.106197e+02
5.440000e-06	-3.548094e-06	-6.921847e-09	-2.269463e+01	-4.113147e+02
5.450000e-06	-3.558407e-06	-6.932319e-09	-2.276059e+01	-4.119861e+02
5.460000e-06	-3.568240e-06	-6.940464e-09	-2.282349e+01	-4.126300e+02
5.470000e-06	-3.577750e-06	-6.949999e-09	-2.288432e+01	-4.132423e+02
5.480000e-06	-3.586854e-06	-6.960631e-09	-2.294254e+01	-4.138186e+02
5.490000e-06	-3.595482e-06	-6.968808e-09	-2.299773e+01	-4.143556e+02
5.500000e-06	-3.603670e-06	-6.973950e-09	-2.305010e+01	-4.148513e+02
5.510000e-06	-3.611493e-06	-6.981119e-09	-2.310015e+01	-4.153056e+02
5.520000e-06	-3.619026e-06	-6.993419e-09	-2.314833e+01	-4.157202e+02
5.530000e-06	-3.626299e-06	-7.004853e-09	-2.319485e+01	-4.160986e+02
5.540000e-06	-3.633274e-06	-7.012554e-09	-2.323946e+01	-4.164456e+02
5.550000e-06	-3.639763e-06	-7.020107e-09	-2.328097e+01	-4.167669e+02
5.560000e-06	-3.645615e-06	-7.028145e-09	-2.331840e+01	-4.170680e+02
5.570000e-06	-3.650786e-06	-7.033279e-09	-2.335148e+01	-4.173536e+02
5.580000e-06	-3.655340e-06	-7.033498e-09	-2.338060e+01	-4.176269e+02
5.590000e-06	-3.659380e-06	-7.035155e-09	-2.340645e+01	-4.178890e+02
5.600000e-06	-3.663028e-06	-7.038959e-09	-2.342978e+01	-4.181387e+02
5.610000e-06	-3.666375e-06	-7.041205e-09	-2.345119e+01	-4.183726e+02
5.620000e-06	-3.669434e-06	-7.044506e-09	-2.347075e+01	-4.185857e+02
5.630000e-06	-3.672095e-06	-7.052673e-09	-2.348777e+01	-4.187717e+02
5.640000e-06	-3.674241e-06	-7.062374e-09	-2.350150e+01	-4.189245e+02
5.650000e-06	-3.675988e-06	-7.068053e-09	-2.351267e+01	-4.190390e+02
5.660000e-06	-3.677444e-06	-7.070609e-09	-2.352198e+01	-4.191117e+02
5.670000e-06	-3.678579e-06	-7.071149e-09	-2.352924e+01	-4.191421e+02
5.680000e-06	-3.679225e-06	-7.069768e-09	-2.353338e+01	-4.191326e+02
5.690000e-06	-3.679397e-06	-7.064249e-09	-2.353448e+01	-4.190884e+02
