# Temperatura_=_20.0
# Concentracion g/m^3_=_9000.0
# C_Vs_to_Am_M_A/Vsm_=_59384043850.047264
# pendiente_HvsI_1/m_=_3716.3
# ordenada_HvsI_A/m_=_1297.0
# frecuencia_Hz_=_175666.49445064535

Tiempo_(s)	Campo_(V.s)	Magnetizacion_(V.s)	Campo_(kA/m)	Magnetizacion_(A/m)
0.000000e+00	-3.694921e-06	-7.059643e-09	-2.353637e+01	-4.212090e+02
1.000000e-08	-3.694775e-06	-7.060614e-09	-2.353543e+01	-4.211575e+02
2.000000e-08	-3.694327e-06	-7.057885e-09	-2.353258e+01	-4.210883e+02
3.000000e-08	-3.693657e-06	-7.056192e-09	-2.352831e+01	-4.210074e+02
4.000000e-08	-3.692648e-06	-7.062753e-09	-2.352189e+01	-4.209202e+02
5.000000e-08	-3.691108e-06	-7.073127e-09	-2.351208e+01	-4.208305e+02
6.000000e-08	-3.689040e-06	-7.068977e-09	-2.349890e+01	-4.207405e+02
7.000000e-08	-3.686315e-06	-7.044126e-09	-2.348155e+01	-4.206500e+02
8.000000e-08	-3.682833e-06	-7.004181e-09	-2.345937e+01	-4.205565e+02
9.000000e-08	-3.678812e-06	-6.956972e-09	-2.343376e+01	-4.204551e+02
1.000000e-07	-3.674421e-06	-7.008756e-09	-2.340578e+01	-4.203393e+02
1.100000e-07	-3.669752e-06	-7.125241e-09	-2.337604e+01	-4.202012e+02
1.200000e-07	-3.664847e-06	-7.112858e-09	-2.334480e+01	-4.200324e+02
1.300000e-07	-3.659602e-06	-6.960833e-09	-2.331139e+01	-4.198247e+02
1.400000e-07	-3.653812e-06	-6.975172e-09	-2.327450e+01	-4.195710e+02
1.500000e-07	-3.647492e-06	-7.141659e-09	-2.323425e+01	-4.192659e+02
1.600000e-07	-3.640743e-06	-7.035131e-09	-2.319126e+01	-4.189061e+02
1.700000e-07	-3.633527e-06	-6.878483e-09	-2.314529e+01	-4.184907e+02
1.800000e-07	-3.625882e-06	-6.968860e-09	-2.309660e+01	-4.180209e+02
1.900000e-07	-3.617862e-06	-7.054073e-09	-2.304551e+01	-4.175004e+02
2.000000e-07	-3.609557e-06	-6.989021e-09	-2.299260e+01	-4.169341e+02
2.100000e-07	-3.600991e-06	-6.991700e-09	-2.293804e+01	-4.163282e+02
2.200000e-07	-3.592058e-06	-6.997122e-09	-2.288114e+01	-4.156891e+02
2.300000e-07	-3.582608e-06	-6.885525e-09	-2.282094e+01	-4.150228e+02
2.400000e-07	-3.572435e-06	-6.976157e-09	-2.275614e+01	-4.143346e+02
2.500000e-07	-3.561454e-06	-7.082247e-09	-2.268619e+01	-4.136286e+02
2.600000e-07	-3.549928e-06	-6.900979e-09	-2.261277e+01	-4.129072e+02
2.700000e-07	-3.538035e-06	-6.843476e-09	-2.253701e+01	-4.121714e+02
2.800000e-07	-3.525695e-06	-7.041119e-09	-2.245841e+01	-4.114211e+02
2.900000e-07	-3.512913e-06	-7.012070e-09	-2.237699e+01	-4.106548e+02
3.000000e-07	-3.499690e-06	-6.793880e-09	-2.229276e+01	-4.098707e+02
3.100000e-07	-3.485952e-06	-6.807335e-09	-2.220525e+01	-4.090668e+02
3.200000e-07	-3.471710e-06	-6.947747e-09	-2.211453e+01	-4.082411e+02
3.300000e-07	-3.457126e-06	-6.917911e-09	-2.202163e+01	-4.073925e+02
3.400000e-07	-3.442143e-06	-6.795802e-09	-2.192619e+01	-4.065202e+02
3.500000e-07	-3.426537e-06	-6.787431e-09	-2.182678e+01	-4.056246e+02
3.600000e-07	-3.410160e-06	-6.875856e-09	-2.172246e+01	-4.047064e+02
3.700000e-07	-3.393160e-06	-6.849173e-09	-2.161417e+01	-4.037667e+02
3.800000e-07	-3.375755e-06	-6.724250e-09	-2.150330e+01	-4.028069e+02
3.900000e-07	-3.358047e-06	-6.735197e-09	-2.139050e+01	-4.018281e+02
4.000000e-07	-3.340051e-06	-6.802874e-09	-2.127587e+01	-4.008307e+02
4.100000e-07	-3.321744e-06	-6.764554e-09	-2.115926e+01	-3.998145e+02
4.200000e-07	-3.303074e-06	-6.702481e-09	-2.104033e+01	-3.987784e+02
4.300000e-07	-3.283927e-06	-6.693370e-09	-2.091837e+01	-3.977205e+02
4.400000e-07	-3.264286e-06	-6.699873e-09	-2.079325e+01	-3.966381e+02
4.500000e-07	-3.244234e-06	-6.690576e-09	-2.066552e+01	-3.955283e+02
4.600000e-07	-3.223904e-06	-6.639360e-09	-2.053603e+01	-3.943877e+02
4.700000e-07	-3.203396e-06	-6.602438e-09	-2.040539e+01	-3.932135e+02
4.800000e-07	-3.182653e-06	-6.626185e-09	-2.027326e+01	-3.920032e+02
4.900000e-07	-3.161614e-06	-6.621239e-09	-2.013924e+01	-3.907555e+02
5.000000e-07	-3.140213e-06	-6.556265e-09	-2.000292e+01	-3.894697e+02
5.100000e-07	-3.118396e-06	-6.523324e-09	-1.986395e+01	-3.881464e+02
5.200000e-07	-3.096206e-06	-6.535765e-09	-1.972260e+01	-3.867868e+02
5.300000e-07	-3.073668e-06	-6.520557e-09	-1.957903e+01	-3.853930e+02
5.400000e-07	-3.050795e-06	-6.469819e-09	-1.943333e+01	-3.839675e+02
5.500000e-07	-3.027582e-06	-6.436828e-09	-1.928547e+01	-3.825125e+02
5.600000e-07	-3.003947e-06	-6.438654e-09	-1.913491e+01	-3.810301e+02
5.700000e-07	-2.979894e-06	-6.428406e-09	-1.898170e+01	-3.795216e+02
5.800000e-07	-2.955589e-06	-6.376170e-09	-1.882688e+01	-3.779874e+02
5.900000e-07	-2.931065e-06	-6.336407e-09	-1.867066e+01	-3.764269e+02
6.000000e-07	-2.906273e-06	-6.343759e-09	-1.851274e+01	-3.748387e+02
6.100000e-07	-2.881131e-06	-6.331027e-09	-1.835259e+01	-3.732203e+02
6.200000e-07	-2.855608e-06	-6.270362e-09	-1.819001e+01	-3.715690e+02
6.300000e-07	-2.829707e-06	-6.230728e-09	-1.802502e+01	-3.698818e+02
6.400000e-07	-2.803234e-06	-6.233836e-09	-1.785639e+01	-3.681557e+02
6.500000e-07	-2.776133e-06	-6.214324e-09	-1.768376e+01	-3.663885e+02
6.600000e-07	-2.748476e-06	-6.156496e-09	-1.750758e+01	-3.645786e+02
6.700000e-07	-2.720371e-06	-6.115703e-09	-1.732856e+01	-3.627253e+02
6.800000e-07	-2.692047e-06	-6.111129e-09	-1.714813e+01	-3.608292e+02
6.900000e-07	-2.663560e-06	-6.090100e-09	-1.696668e+01	-3.588915e+02
7.000000e-07	-2.634910e-06	-6.031996e-09	-1.678418e+01	-3.569145e+02
7.100000e-07	-2.606080e-06	-5.988031e-09	-1.660053e+01	-3.549008e+02
7.200000e-07	-2.576948e-06	-5.980717e-09	-1.641496e+01	-3.528531e+02
7.300000e-07	-2.547417e-06	-5.959864e-09	-1.622685e+01	-3.507741e+02
7.400000e-07	-2.517521e-06	-5.900579e-09	-1.603642e+01	-3.486657e+02
7.500000e-07	-2.487326e-06	-5.848558e-09	-1.584408e+01	-3.465291e+02
7.600000e-07	-2.456896e-06	-5.828361e-09	-1.565024e+01	-3.443645e+02
7.700000e-07	-2.426239e-06	-5.800513e-09	-1.545496e+01	-3.421709e+02
7.800000e-07	-2.395321e-06	-5.744981e-09	-1.525801e+01	-3.399463e+02
7.900000e-07	-2.364105e-06	-5.696208e-09	-1.505917e+01	-3.376878e+02
8.000000e-07	-2.332588e-06	-5.675418e-09	-1.485841e+01	-3.353916e+02
8.100000e-07	-2.300764e-06	-5.647880e-09	-1.465569e+01	-3.330537e+02
8.200000e-07	-2.268651e-06	-5.589264e-09	-1.445114e+01	-3.306699e+02
8.300000e-07	-2.236375e-06	-5.532342e-09	-1.424554e+01	-3.282360e+02
8.400000e-07	-2.203998e-06	-5.503510e-09	-1.403930e+01	-3.257487e+02
8.500000e-07	-2.171464e-06	-5.476291e-09	-1.383206e+01	-3.232051e+02
8.600000e-07	-2.138731e-06	-5.422966e-09	-1.362356e+01	-3.206033e+02
8.700000e-07	-2.105797e-06	-5.367382e-09	-1.341377e+01	-3.179424e+02
8.800000e-07	-2.072636e-06	-5.331481e-09	-1.320253e+01	-3.152224e+02
8.900000e-07	-2.039114e-06	-5.295149e-09	-1.298900e+01	-3.124441e+02
9.000000e-07	-2.005202e-06	-5.234838e-09	-1.277298e+01	-3.096090e+02
9.100000e-07	-1.970920e-06	-5.170460e-09	-1.255461e+01	-3.067192e+02
9.200000e-07	-1.936178e-06	-5.129350e-09	-1.233331e+01	-3.037769e+02
9.300000e-07	-1.901032e-06	-5.094883e-09	-1.210943e+01	-3.007845e+02
9.400000e-07	-1.865581e-06	-5.038617e-09	-1.188361e+01	-2.977441e+02
9.500000e-07	-1.829836e-06	-4.975517e-09	-1.165592e+01	-2.946573e+02
9.600000e-07	-1.793884e-06	-4.929171e-09	-1.142691e+01	-2.915253e+02
9.700000e-07	-1.757696e-06	-4.886848e-09	-1.119639e+01	-2.883484e+02
9.800000e-07	-1.721310e-06	-4.826217e-09	-1.096462e+01	-2.851263e+02
9.900000e-07	-1.684869e-06	-4.758407e-09	-1.073249e+01	-2.818580e+02
1.000000e-06	-1.648339e-06	-4.708064e-09	-1.049979e+01	-2.785417e+02
1.010000e-06	-1.611654e-06	-4.662449e-09	-1.026611e+01	-2.751748e+02
1.020000e-06	-1.574770e-06	-4.599396e-09	-1.003117e+01	-2.717546e+02
1.030000e-06	-1.537731e-06	-4.528491e-09	-9.795228e+00	-2.682777e+02
1.040000e-06	-1.500602e-06	-4.473426e-09	-9.558722e+00	-2.647407e+02
1.050000e-06	-1.463300e-06	-4.427011e-09	-9.321111e+00	-2.611401e+02
1.060000e-06	-1.425759e-06	-4.364702e-09	-9.081976e+00	-2.574726e+02
1.070000e-06	-1.387984e-06	-4.295288e-09	-8.841351e+00	-2.537349e+02
1.080000e-06	-1.349984e-06	-4.236615e-09	-8.599294e+00	-2.499244e+02
1.090000e-06	-1.311837e-06	-4.181132e-09	-8.356301e+00	-2.460384e+02
1.100000e-06	-1.273575e-06	-4.110531e-09	-8.112574e+00	-2.420747e+02
1.110000e-06	-1.235166e-06	-4.030662e-09	-7.867912e+00	-2.380315e+02
1.120000e-06	-1.196611e-06	-3.962754e-09	-7.622319e+00	-2.339070e+02
1.130000e-06	-1.157954e-06	-3.901645e-09	-7.376081e+00	-2.296993e+02
1.140000e-06	-1.119185e-06	-3.831460e-09	-7.129124e+00	-2.254068e+02
1.150000e-06	-1.080263e-06	-3.754223e-09	-6.881190e+00	-2.210272e+02
1.160000e-06	-1.041234e-06	-3.681917e-09	-6.632583e+00	-2.165583e+02
1.170000e-06	-1.002093e-06	-3.613358e-09	-6.383255e+00	-2.119975e+02
1.180000e-06	-9.627948e-07	-3.533944e-09	-6.132930e+00	-2.073417e+02
1.190000e-06	-9.233864e-07	-3.446190e-09	-5.881901e+00	-2.025875e+02
1.200000e-06	-8.838781e-07	-3.364929e-09	-5.630237e+00	-1.977315e+02
1.210000e-06	-8.442309e-07	-3.289518e-09	-5.377687e+00	-1.927701e+02
1.220000e-06	-8.044384e-07	-3.207894e-09	-5.124212e+00	-1.876998e+02
1.230000e-06	-7.645448e-07	-3.118977e-09	-4.870092e+00	-1.825173e+02
1.240000e-06	-7.245886e-07	-3.032683e-09	-4.615575e+00	-1.772197e+02
1.250000e-06	-6.845391e-07	-2.947244e-09	-4.360462e+00	-1.718047e+02
1.260000e-06	-6.443533e-07	-2.852318e-09	-4.104481e+00	-1.662703e+02
1.270000e-06	-6.041175e-07	-2.748725e-09	-3.848182e+00	-1.606150e+02
1.280000e-06	-5.638930e-07	-2.647176e-09	-3.591956e+00	-1.548378e+02
1.290000e-06	-5.236446e-07	-2.550897e-09	-3.335577e+00	-1.489378e+02
1.300000e-06	-4.833179e-07	-2.452032e-09	-3.078699e+00	-1.429142e+02
1.310000e-06	-4.429318e-07	-2.347277e-09	-2.821442e+00	-1.367663e+02
1.320000e-06	-4.025078e-07	-2.241648e-09	-2.563944e+00	-1.304929e+02
1.330000e-06	-3.620590e-07	-2.136218e-09	-2.306288e+00	-1.240927e+02
1.340000e-06	-3.216039e-07	-2.028072e-09	-2.048593e+00	-1.175638e+02
1.350000e-06	-2.811274e-07	-1.915598e-09	-1.790760e+00	-1.109043e+02
1.360000e-06	-2.406323e-07	-1.800958e-09	-1.532810e+00	-1.041120e+02
1.370000e-06	-2.001101e-07	-1.686074e-09	-1.274686e+00	-9.718488e+01
1.380000e-06	-1.595785e-07	-1.566634e-09	-1.016503e+00	-9.012145e+01
1.390000e-06	-1.190634e-07	-1.441710e-09	-7.584248e-01	-8.292093e+01
1.400000e-06	-7.856681e-08	-1.316507e-09	-5.004646e-01	-7.558367e+01
1.410000e-06	-3.805434e-08	-1.192893e-09	-2.424033e-01	-6.811148e+01
1.420000e-06	2.460728e-09	-1.065016e-09	1.567465e-02	-6.050783e+01
1.430000e-06	4.295674e-08	-9.301856e-10	2.736312e-01	-5.277796e+01
1.440000e-06	8.346195e-08	-7.948494e-10	5.316463e-01	-4.492893e+01
1.450000e-06	1.239863e-07	-6.633430e-10	7.897832e-01	-3.696949e+01
1.460000e-06	1.644848e-07	-5.291052e-10	1.047756e+00	-2.890991e+01
1.470000e-06	2.049393e-07	-3.881256e-10	1.305448e+00	-2.076167e+01
1.480000e-06	2.453944e-07	-2.461253e-10	1.563144e+00	-1.253712e+01
1.490000e-06	2.858412e-07	-1.070631e-10	1.820787e+00	-4.249183e+00
1.500000e-06	3.262553e-07	3.303440e-11	2.078221e+00	4.088982e+00
1.510000e-06	3.666510e-07	1.786408e-10	2.335539e+00	1.246421e+01
1.520000e-06	4.070579e-07	3.246733e-10	2.592928e+00	2.086349e+01
1.530000e-06	4.474359e-07	4.657403e-10	2.850133e+00	2.927404e+01
1.540000e-06	4.877559e-07	6.048979e-10	3.106968e+00	3.768328e+01
1.550000e-06	5.280715e-07	7.468432e-10	3.363775e+00	4.607878e+01
1.560000e-06	5.683547e-07	8.895827e-10	3.620376e+00	5.444809e+01
1.570000e-06	6.085831e-07	1.029316e-09	3.876628e+00	6.277870e+01
1.580000e-06	6.487228e-07	1.166522e-09	4.132315e+00	7.105791e+01
1.590000e-06	6.887736e-07	1.307122e-09	4.387436e+00	7.927287e+01
1.600000e-06	7.287379e-07	1.450493e-09	4.642005e+00	8.741064e+01
1.610000e-06	7.685953e-07	1.589583e-09	4.895894e+00	9.545842e+01
1.620000e-06	8.083284e-07	1.723288e-09	5.148991e+00	1.034038e+02
1.630000e-06	8.479479e-07	1.856027e-09	5.401363e+00	1.112352e+02
1.640000e-06	8.875532e-07	1.986020e-09	5.653647e+00	1.189421e+02
1.650000e-06	9.270517e-07	2.110942e-09	5.905249e+00	1.265156e+02
1.660000e-06	9.663998e-07	2.233607e-09	6.155894e+00	1.339485e+02
1.670000e-06	1.005624e-06	2.356440e-09	6.405748e+00	1.412358e+02
1.680000e-06	1.044677e-06	2.477505e-09	6.654516e+00	1.483745e+02
1.690000e-06	1.083597e-06	2.591634e-09	6.902432e+00	1.553636e+02
1.700000e-06	1.122388e-06	2.703706e-09	7.149530e+00	1.622040e+02
1.710000e-06	1.161106e-06	2.818830e-09	7.396154e+00	1.688981e+02
1.720000e-06	1.199680e-06	2.929121e-09	7.641870e+00	1.754490e+02
1.730000e-06	1.238089e-06	3.033895e-09	7.886532e+00	1.818605e+02
1.740000e-06	1.276413e-06	3.137449e-09	8.130654e+00	1.881364e+02
1.750000e-06	1.314616e-06	3.241432e-09	8.374004e+00	1.942800e+02
1.760000e-06	1.352601e-06	3.344265e-09	8.615968e+00	2.002941e+02
1.770000e-06	1.390383e-06	3.441663e-09	8.856634e+00	2.061804e+02
1.780000e-06	1.428017e-06	3.537978e-09	9.096361e+00	2.119398e+02
1.790000e-06	1.465417e-06	3.635017e-09	9.334594e+00	2.175725e+02
1.800000e-06	1.502613e-06	3.729367e-09	9.571531e+00	2.230784e+02
1.810000e-06	1.539657e-06	3.815453e-09	9.807498e+00	2.284571e+02
1.820000e-06	1.576556e-06	3.896935e-09	1.004254e+01	2.337085e+02
1.830000e-06	1.613328e-06	3.981281e-09	1.027677e+01	2.388330e+02
1.840000e-06	1.649990e-06	4.065402e-09	1.051031e+01	2.438321e+02
1.850000e-06	1.686549e-06	4.145591e-09	1.074319e+01	2.487081e+02
1.860000e-06	1.723022e-06	4.224508e-09	1.097552e+01	2.534644e+02
1.870000e-06	1.759414e-06	4.306326e-09	1.120734e+01	2.581050e+02
1.880000e-06	1.795670e-06	4.386978e-09	1.143828e+01	2.626347e+02
1.890000e-06	1.831709e-06	4.460599e-09	1.166784e+01	2.670585e+02
1.900000e-06	1.867499e-06	4.530274e-09	1.189583e+01	2.713813e+02
1.910000e-06	1.903007e-06	4.601853e-09	1.212201e+01	2.756073e+02
1.920000e-06	1.938195e-06	4.673901e-09	1.234615e+01	2.797400e+02
1.930000e-06	1.972898e-06	4.742409e-09	1.256721e+01	2.837821e+02
1.940000e-06	2.007074e-06	4.808889e-09	1.278491e+01	2.877350e+02
1.950000e-06	2.040849e-06	4.876030e-09	1.300006e+01	2.915993e+02
1.960000e-06	2.074218e-06	4.940788e-09	1.321261e+01	2.953750e+02
1.970000e-06	2.107309e-06	5.001384e-09	1.342340e+01	2.990617e+02
1.980000e-06	2.140186e-06	5.061686e-09	1.363283e+01	3.026589e+02
1.990000e-06	2.172876e-06	5.123944e-09	1.384105e+01	3.061667e+02
2.000000e-06	2.205426e-06	5.184684e-09	1.404839e+01	3.095857e+02
2.010000e-06	2.237834e-06	5.242613e-09	1.425483e+01	3.129176e+02
2.020000e-06	2.270121e-06	5.299522e-09	1.446050e+01	3.161649e+02
2.030000e-06	2.302188e-06	5.354397e-09	1.466477e+01	3.193312e+02
2.040000e-06	2.333985e-06	5.408804e-09	1.486731e+01	3.224206e+02
2.050000e-06	2.365518e-06	5.460658e-09	1.506817e+01	3.254375e+02
2.060000e-06	2.396716e-06	5.510443e-09	1.526690e+01	3.283866e+02
2.070000e-06	2.427505e-06	5.562349e-09	1.546302e+01	3.312717e+02
2.080000e-06	2.457989e-06	5.614984e-09	1.565720e+01	3.340963e+02
2.090000e-06	2.488285e-06	5.664908e-09	1.585019e+01	3.368623e+02
2.100000e-06	2.518334e-06	5.711738e-09	1.604160e+01	3.395709e+02
2.110000e-06	2.548103e-06	5.759061e-09	1.623122e+01	3.422219e+02
2.120000e-06	2.577549e-06	5.806708e-09	1.641879e+01	3.448142e+02
2.130000e-06	2.606704e-06	5.850459e-09	1.660450e+01	3.473460e+02
2.140000e-06	2.635620e-06	5.892117e-09	1.678870e+01	3.498153e+02
2.150000e-06	2.664293e-06	5.932504e-09	1.697134e+01	3.522204e+02
2.160000e-06	2.692795e-06	5.973098e-09	1.715290e+01	3.545601e+02
2.170000e-06	2.721152e-06	6.012027e-09	1.733353e+01	3.568340e+02
2.180000e-06	2.749248e-06	6.049185e-09	1.751250e+01	3.590432e+02
2.190000e-06	2.776928e-06	6.088264e-09	1.768882e+01	3.611897e+02
2.200000e-06	2.804075e-06	6.127485e-09	1.786175e+01	3.632768e+02
2.210000e-06	2.830650e-06	6.164425e-09	1.803102e+01	3.653085e+02
2.220000e-06	2.856652e-06	6.199218e-09	1.819666e+01	3.672893e+02
2.230000e-06	2.882128e-06	6.233974e-09	1.835894e+01	3.692238e+02
2.240000e-06	2.907188e-06	6.269006e-09	1.851857e+01	3.711162e+02
2.250000e-06	2.931961e-06	6.302573e-09	1.867637e+01	3.729701e+02
2.260000e-06	2.956507e-06	6.334348e-09	1.883272e+01	3.747876e+02
2.270000e-06	2.980786e-06	6.365542e-09	1.898738e+01	3.765701e+02
2.280000e-06	3.004744e-06	6.395806e-09	1.913999e+01	3.783175e+02
2.290000e-06	3.028353e-06	6.425950e-09	1.929038e+01	3.800289e+02
2.300000e-06	3.051656e-06	6.455867e-09	1.943882e+01	3.817023e+02
2.310000e-06	3.074612e-06	6.487234e-09	1.958505e+01	3.833355e+02
2.320000e-06	3.097142e-06	6.518232e-09	1.972856e+01	3.849263e+02
2.330000e-06	3.119306e-06	6.545160e-09	1.986974e+01	3.864728e+02
2.340000e-06	3.141135e-06	6.569167e-09	2.000879e+01	3.879737e+02
2.350000e-06	3.162574e-06	6.591833e-09	2.014536e+01	3.894286e+02
2.360000e-06	3.183630e-06	6.615768e-09	2.027948e+01	3.908379e+02
2.370000e-06	3.204359e-06	6.639634e-09	2.041153e+01	3.922029e+02
2.380000e-06	3.224882e-06	6.663755e-09	2.054225e+01	3.935256e+02
2.390000e-06	3.245227e-06	6.687818e-09	2.067185e+01	3.948084e+02
2.400000e-06	3.265259e-06	6.710370e-09	2.079945e+01	3.960538e+02
2.410000e-06	3.284808e-06	6.732860e-09	2.092398e+01	3.972641e+02
2.420000e-06	3.303879e-06	6.754121e-09	2.104546e+01	3.984413e+02
2.430000e-06	3.322476e-06	6.774121e-09	2.116392e+01	3.995867e+02
2.440000e-06	3.340662e-06	6.793363e-09	2.127977e+01	4.007012e+02
2.450000e-06	3.358512e-06	6.809458e-09	2.139347e+01	4.017850e+02
2.460000e-06	3.375981e-06	6.821913e-09	2.150475e+01	4.028381e+02
2.470000e-06	3.393072e-06	6.835159e-09	2.161361e+01	4.038600e+02
2.480000e-06	3.409783e-06	6.851352e-09	2.172006e+01	4.048506e+02
2.490000e-06	3.426078e-06	6.869978e-09	2.182386e+01	4.058098e+02
2.500000e-06	3.441787e-06	6.887799e-09	2.192392e+01	4.067381e+02
2.510000e-06	3.456932e-06	6.903886e-09	2.202040e+01	4.076363e+02
2.520000e-06	3.471681e-06	6.917891e-09	2.211435e+01	4.085057e+02
2.530000e-06	3.486049e-06	6.929798e-09	2.220587e+01	4.093480e+02
2.540000e-06	3.500009e-06	6.941003e-09	2.229479e+01	4.101649e+02
2.550000e-06	3.513538e-06	6.954310e-09	2.238097e+01	4.109580e+02
2.560000e-06	3.526614e-06	6.969171e-09	2.246427e+01	4.117284e+02
2.570000e-06	3.539263e-06	6.982575e-09	2.254484e+01	4.124770e+02
2.580000e-06	3.551500e-06	6.993713e-09	2.262279e+01	4.132033e+02
2.590000e-06	3.563238e-06	7.004506e-09	2.269756e+01	4.139067e+02
2.600000e-06	3.574365e-06	7.016179e-09	2.276844e+01	4.145855e+02
2.610000e-06	3.584796e-06	7.025819e-09	2.283488e+01	4.152376e+02
2.620000e-06	3.594535e-06	7.033930e-09	2.289691e+01	4.158608e+02
2.630000e-06	3.603778e-06	7.042737e-09	2.295580e+01	4.164530e+02
2.640000e-06	3.612691e-06	7.053312e-09	2.301257e+01	4.170124e+02
2.650000e-06	3.621243e-06	7.062959e-09	2.306704e+01	4.175381e+02
2.660000e-06	3.629460e-06	7.071147e-09	2.311939e+01	4.180300e+02
2.670000e-06	3.637318e-06	7.078826e-09	2.316944e+01	4.184891e+02
2.680000e-06	3.644755e-06	7.087180e-09	2.321682e+01	4.189172e+02
2.690000e-06	3.651751e-06	7.094834e-09	2.326137e+01	4.193166e+02
2.700000e-06	3.658261e-06	7.098492e-09	2.330285e+01	4.196902e+02
2.710000e-06	3.664355e-06	7.103214e-09	2.334166e+01	4.200406e+02
2.720000e-06	3.670046e-06	7.110662e-09	2.337792e+01	4.203700e+02
2.730000e-06	3.675298e-06	7.118700e-09	2.341137e+01	4.206798e+02
2.740000e-06	3.680140e-06	7.124510e-09	2.344221e+01	4.209701e+02
2.750000e-06	3.684708e-06	7.128650e-09	2.347131e+01	4.212402e+02
2.760000e-06	3.689039e-06	7.134394e-09	2.349890e+01	4.214880e+02
2.770000e-06	3.692921e-06	7.139315e-09	2.352363e+01	4.217106e+02
2.780000e-06	3.696262e-06	7.139885e-09	2.354491e+01	4.219048e+02
2.790000e-06	3.698975e-06	7.138656e-09	2.356219e+01	4.220673e+02
2.800000e-06	3.700958e-06	7.138702e-09	2.357482e+01	4.221953e+02
2.810000e-06	3.702329e-06	7.140856e-09	2.358355e+01	4.222874e+02
2.820000e-06	3.703218e-06	7.141779e-09	2.358922e+01	4.223433e+02
2.830000e-06	3.703793e-06	7.141642e-09	2.359288e+01	4.223644e+02
2.840000e-06	3.704094e-06	7.144832e-09	2.359480e+01	4.223539e+02
2.850000e-06	3.704044e-06	7.149777e-09	2.359448e+01	4.223164e+02
2.860000e-06	3.703554e-06	7.153228e-09	2.359136e+01	4.222574e+02
2.870000e-06	3.702590e-06	7.151026e-09	2.358522e+01	4.221831e+02
2.880000e-06	3.701263e-06	7.136944e-09	2.357676e+01	4.220991e+02
2.890000e-06	3.699627e-06	7.119042e-09	2.356634e+01	4.220105e+02
2.900000e-06	3.697612e-06	7.126339e-09	2.355351e+01	4.219205e+02
2.910000e-06	3.695157e-06	7.150255e-09	2.353787e+01	4.218304e+02
2.920000e-06	3.692327e-06	7.193519e-09	2.351985e+01	4.217390e+02
2.930000e-06	3.689155e-06	7.256858e-09	2.349964e+01	4.216431e+02
2.940000e-06	3.685520e-06	7.178409e-09	2.347648e+01	4.215371e+02
2.950000e-06	3.681437e-06	7.021941e-09	2.345048e+01	4.214138e+02
2.960000e-06	3.676939e-06	7.031167e-09	2.342182e+01	4.212651e+02
2.970000e-06	3.672022e-06	7.169779e-09	2.339050e+01	4.210825e+02
2.980000e-06	3.666597e-06	7.144994e-09	2.335594e+01	4.208582e+02
2.990000e-06	3.660465e-06	7.007317e-09	2.331688e+01	4.205857e+02
3.000000e-06	3.653674e-06	7.160664e-09	2.327363e+01	4.202602e+02
3.010000e-06	3.646451e-06	7.295949e-09	2.322761e+01	4.198795e+02
3.020000e-06	3.638898e-06	7.140068e-09	2.317950e+01	4.194433e+02
3.030000e-06	3.631032e-06	7.067275e-09	2.312940e+01	4.189539e+02
3.040000e-06	3.622790e-06	7.144040e-09	2.307690e+01	4.184154e+02
3.050000e-06	3.614202e-06	7.069868e-09	2.302219e+01	4.178334e+02
3.060000e-06	3.605208e-06	7.021436e-09	2.296490e+01	4.172142e+02
3.070000e-06	3.595755e-06	7.135308e-09	2.290469e+01	4.165641e+02
3.080000e-06	3.585954e-06	6.981149e-09	2.284225e+01	4.158890e+02
3.090000e-06	3.575745e-06	6.826809e-09	2.277723e+01	4.151936e+02
3.100000e-06	3.565018e-06	7.068657e-09	2.270889e+01	4.144815e+02
3.110000e-06	3.553786e-06	7.110098e-09	2.263735e+01	4.137546e+02
3.120000e-06	3.542172e-06	6.841171e-09	2.256337e+01	4.130134e+02
3.130000e-06	3.530087e-06	6.933070e-09	2.248639e+01	4.122571e+02
3.140000e-06	3.517276e-06	7.151097e-09	2.240478e+01	4.114843e+02
3.150000e-06	3.503675e-06	6.993403e-09	2.231814e+01	4.106929e+02
3.160000e-06	3.489521e-06	6.812786e-09	2.222799e+01	4.098809e+02
3.170000e-06	3.474967e-06	6.887433e-09	2.213528e+01	4.090466e+02
3.180000e-06	3.459976e-06	6.974083e-09	2.203979e+01	4.081891e+02
3.190000e-06	3.444618e-06	6.911381e-09	2.194195e+01	4.073079e+02
3.200000e-06	3.428966e-06	6.766482e-09	2.184226e+01	4.064036e+02
3.210000e-06	3.412917e-06	6.799927e-09	2.174002e+01	4.054771e+02
3.220000e-06	3.396376e-06	6.946777e-09	2.163466e+01	4.045296e+02
3.230000e-06	3.379390e-06	6.837251e-09	2.152646e+01	4.035625e+02
3.240000e-06	3.362089e-06	6.695892e-09	2.141625e+01	4.025765e+02
3.250000e-06	3.344438e-06	6.790283e-09	2.130381e+01	4.015720e+02
3.260000e-06	3.326350e-06	6.834364e-09	2.118860e+01	4.005485e+02
3.270000e-06	3.307850e-06	6.738671e-09	2.107076e+01	3.995044e+02
3.280000e-06	3.288986e-06	6.685436e-09	2.095059e+01	3.984375e+02
3.290000e-06	3.269828e-06	6.691150e-09	2.082856e+01	3.973451e+02
3.300000e-06	3.250445e-06	6.725309e-09	2.070509e+01	3.962240e+02
3.310000e-06	3.230854e-06	6.682085e-09	2.058029e+01	3.950710e+02
3.320000e-06	3.211014e-06	6.590662e-09	2.045392e+01	3.938835e+02
3.330000e-06	3.190704e-06	6.607728e-09	2.032455e+01	3.926592e+02
3.340000e-06	3.169714e-06	6.649889e-09	2.019084e+01	3.913971e+02
3.350000e-06	3.148064e-06	6.601233e-09	2.005293e+01	3.900970e+02
3.360000e-06	3.125801e-06	6.526426e-09	1.991112e+01	3.887598e+02
3.370000e-06	3.103087e-06	6.507088e-09	1.976643e+01	3.873870e+02
3.380000e-06	3.080037e-06	6.529822e-09	1.961960e+01	3.859810e+02
3.390000e-06	3.056702e-06	6.499400e-09	1.947096e+01	3.845440e+02
3.400000e-06	3.033150e-06	6.425510e-09	1.932094e+01	3.830785e+02
3.410000e-06	3.009288e-06	6.413308e-09	1.916894e+01	3.815861e+02
3.420000e-06	2.985111e-06	6.443462e-09	1.901493e+01	3.800678e+02
3.430000e-06	2.960616e-06	6.416312e-09	1.885890e+01	3.785238e+02
3.440000e-06	2.935703e-06	6.333845e-09	1.870020e+01	3.769530e+02
3.450000e-06	2.910484e-06	6.304417e-09	1.853956e+01	3.753537e+02
3.460000e-06	2.884959e-06	6.329237e-09	1.837697e+01	3.737232e+02
3.470000e-06	2.859029e-06	6.295309e-09	1.821180e+01	3.720587e+02
3.480000e-06	2.832770e-06	6.219558e-09	1.804453e+01	3.703571e+02
3.490000e-06	2.806176e-06	6.199350e-09	1.787513e+01	3.686158e+02
3.500000e-06	2.779209e-06	6.210687e-09	1.770335e+01	3.668325e+02
3.510000e-06	2.751954e-06	6.178832e-09	1.752974e+01	3.650063e+02
3.520000e-06	2.724533e-06	6.105044e-09	1.735507e+01	3.631367e+02
3.530000e-06	2.696948e-06	6.070315e-09	1.717936e+01	3.612247e+02
3.540000e-06	2.669099e-06	6.076335e-09	1.700196e+01	3.592719e+02
3.550000e-06	2.640947e-06	6.041881e-09	1.682263e+01	3.572807e+02
3.560000e-06	2.612348e-06	5.974129e-09	1.664046e+01	3.552539e+02
3.570000e-06	2.583190e-06	5.940140e-09	1.645472e+01	3.531940e+02
3.580000e-06	2.553470e-06	5.938733e-09	1.626541e+01	3.511037e+02
3.590000e-06	2.523178e-06	5.905684e-09	1.607245e+01	3.489845e+02
3.600000e-06	2.492462e-06	5.836704e-09	1.587680e+01	3.468373e+02
3.610000e-06	2.461484e-06	5.798194e-09	1.567946e+01	3.446619e+02
3.620000e-06	2.430276e-06	5.790717e-09	1.548067e+01	3.424569e+02
3.630000e-06	2.398913e-06	5.757739e-09	1.528089e+01	3.402199e+02
3.640000e-06	2.367438e-06	5.691662e-09	1.508040e+01	3.379476e+02
3.650000e-06	2.335755e-06	5.643837e-09	1.487858e+01	3.356362e+02
3.660000e-06	2.303758e-06	5.628386e-09	1.467477e+01	3.332815e+02
3.670000e-06	2.271428e-06	5.593124e-09	1.446882e+01	3.308792e+02
3.680000e-06	2.238794e-06	5.527903e-09	1.426095e+01	3.284256e+02
3.690000e-06	2.205953e-06	5.477214e-09	1.405175e+01	3.259174e+02
3.700000e-06	2.172955e-06	5.454719e-09	1.384156e+01	3.233520e+02
3.710000e-06	2.139684e-06	5.420874e-09	1.362962e+01	3.207280e+02
3.720000e-06	2.106144e-06	5.356673e-09	1.341598e+01	3.180448e+02
3.730000e-06	2.072487e-06	5.300000e-09	1.320158e+01	3.153027e+02
3.740000e-06	2.038640e-06	5.267635e-09	1.298598e+01	3.125028e+02
3.750000e-06	2.004427e-06	5.226890e-09	1.276805e+01	3.096468e+02
3.760000e-06	1.969867e-06	5.161458e-09	1.254790e+01	3.067369e+02
3.770000e-06	1.935080e-06	5.100168e-09	1.232631e+01	3.037755e+02
3.780000e-06	1.900125e-06	5.064216e-09	1.210365e+01	3.007648e+02
3.790000e-06	1.865012e-06	5.023347e-09	1.187999e+01	2.977067e+02
3.800000e-06	1.829758e-06	4.955731e-09	1.165542e+01	2.946027e+02
3.810000e-06	1.794397e-06	4.889581e-09	1.143017e+01	2.914538e+02
3.820000e-06	1.758949e-06	4.846412e-09	1.120437e+01	2.882599e+02
3.830000e-06	1.723389e-06	4.801697e-09	1.097786e+01	2.850206e+02
3.840000e-06	1.687702e-06	4.733521e-09	1.075054e+01	2.817344e+02
3.850000e-06	1.651866e-06	4.667127e-09	1.052226e+01	2.783993e+02
3.860000e-06	1.615789e-06	4.621772e-09	1.029245e+01	2.750127e+02
3.870000e-06	1.579371e-06	4.572249e-09	1.006048e+01	2.715716e+02
3.880000e-06	1.542630e-06	4.501184e-09	9.826436e+00	2.680724e+02
3.890000e-06	1.505526e-06	4.430472e-09	9.590088e+00	2.645119e+02
3.900000e-06	1.468011e-06	4.375661e-09	9.351118e+00	2.608865e+02
3.910000e-06	1.430110e-06	4.321512e-09	9.109691e+00	2.571929e+02
3.920000e-06	1.391900e-06	4.251035e-09	8.866300e+00	2.534281e+02
3.930000e-06	1.353523e-06	4.177296e-09	8.621839e+00	2.495895e+02
3.940000e-06	1.314911e-06	4.115828e-09	8.375883e+00	2.456745e+02
3.950000e-06	1.276092e-06	4.054827e-09	8.128608e+00	2.416811e+02
3.960000e-06	1.237192e-06	3.979812e-09	7.880818e+00	2.376075e+02
3.970000e-06	1.198150e-06	3.899759e-09	7.632122e+00	2.334519e+02
3.980000e-06	1.158942e-06	3.829478e-09	7.382372e+00	2.292125e+02
3.990000e-06	1.119630e-06	3.759973e-09	7.131956e+00	2.248875e+02
4.000000e-06	1.080287e-06	3.678676e-09	6.881343e+00	2.204746e+02
4.010000e-06	1.040937e-06	3.594615e-09	6.630687e+00	2.159715e+02
4.020000e-06	1.001514e-06	3.521641e-09	6.379568e+00	2.113753e+02
4.030000e-06	9.620067e-07	3.450032e-09	6.127910e+00	2.066829e+02
4.040000e-06	9.224400e-07	3.367294e-09	5.875873e+00	2.018909e+02
4.050000e-06	8.827802e-07	3.279707e-09	5.623243e+00	1.969957e+02
4.060000e-06	8.430271e-07	3.196830e-09	5.370018e+00	1.919937e+02
4.070000e-06	8.032467e-07	3.114480e-09	5.116621e+00	1.868816e+02
4.080000e-06	7.633851e-07	3.025417e-09	4.862705e+00	1.816562e+02
4.090000e-06	7.234065e-07	2.932519e-09	4.608045e+00	1.763147e+02
4.100000e-06	6.833134e-07	2.841727e-09	4.352654e+00	1.708550e+02
4.110000e-06	6.431604e-07	2.751444e-09	4.096883e+00	1.652753e+02
4.120000e-06	6.030322e-07	2.653585e-09	3.841270e+00	1.595743e+02
4.130000e-06	5.628424e-07	2.552958e-09	3.585264e+00	1.537510e+02
4.140000e-06	5.225414e-07	2.455895e-09	3.328549e+00	1.478047e+02
4.150000e-06	4.821141e-07	2.360377e-09	3.071031e+00	1.417345e+02
4.160000e-06	4.416237e-07	2.256715e-09	2.813109e+00	1.355396e+02
4.170000e-06	4.010745e-07	2.146255e-09	2.554814e+00	1.292187e+02
4.180000e-06	3.604523e-07	2.039450e-09	2.296054e+00	1.227704e+02
4.190000e-06	3.197789e-07	1.934184e-09	2.036967e+00	1.161927e+02
4.200000e-06	2.790015e-07	1.821230e-09	1.777218e+00	1.094835e+02
4.210000e-06	2.382135e-07	1.701249e-09	1.517402e+00	1.026408e+02
4.220000e-06	1.974445e-07	1.585093e-09	1.257706e+00	9.566258e+01
4.230000e-06	1.566670e-07	1.469190e-09	9.979572e-01	8.854767e+01
4.240000e-06	1.158882e-07	1.347150e-09	7.381989e-01	8.129566e+01
4.250000e-06	7.502028e-08	1.220546e-09	4.778735e-01	7.390740e+01
4.260000e-06	3.411548e-08	1.094986e-09	2.173130e-01	6.638532e+01
4.270000e-06	-6.743759e-09	9.692798e-10	-4.295723e-02	5.873352e+01
4.280000e-06	-4.753642e-08	8.394943e-10	-3.028034e-01	5.095794e+01
4.290000e-06	-8.830921e-08	7.053301e-10	-5.625230e-01	4.306629e+01
4.300000e-06	-1.291740e-07	5.729844e-10	-8.228287e-01	3.506793e+01
4.310000e-06	-1.701081e-07	4.393441e-10	-1.083576e+00	2.697360e+01
4.320000e-06	-2.109351e-07	2.982714e-10	-1.343641e+00	1.879515e+01
4.330000e-06	-2.516573e-07	1.567624e-10	-1.603038e+00	1.054520e+01
4.340000e-06	-2.923779e-07	2.094071e-11	-1.862425e+00	2.236781e+00
4.350000e-06	-3.330962e-07	-1.128615e-10	-2.121797e+00	-6.116920e+00
4.360000e-06	-3.738177e-07	-2.560567e-10	-2.381190e+00	-1.450278e+01
4.370000e-06	-4.144730e-07	-4.047197e-10	-2.640162e+00	-2.290787e+01
4.380000e-06	-4.550375e-07	-5.465689e-10	-2.898554e+00	-3.131950e+01
4.390000e-06	-4.954625e-07	-6.852980e-10	-3.156059e+00	-3.972514e+01
4.400000e-06	-5.358075e-07	-8.286055e-10	-3.413053e+00	-4.811238e+01
4.410000e-06	-5.761381e-07	-9.710528e-10	-3.669956e+00	-5.646876e+01
4.420000e-06	-6.163359e-07	-1.106885e-09	-3.926013e+00	-6.478169e+01
4.430000e-06	-6.564152e-07	-1.240543e-09	-4.181315e+00	-7.303842e+01
4.440000e-06	-6.963979e-07	-1.380485e-09	-4.436002e+00	-8.122605e+01
4.450000e-06	-7.362993e-07	-1.522859e-09	-4.690170e+00	-8.933165e+01
4.460000e-06	-7.761664e-07	-1.657649e-09	-4.944121e+00	-9.734256e+01
4.470000e-06	-8.159220e-07	-1.789467e-09	-5.197361e+00	-1.052466e+02
4.480000e-06	-8.555332e-07	-1.924263e-09	-5.449681e+00	-1.130326e+02
4.490000e-06	-8.950540e-07	-2.057139e-09	-5.701426e+00	-1.206905e+02
4.500000e-06	-9.345347e-07	-2.181753e-09	-5.952915e+00	-1.282121e+02
4.510000e-06	-9.740018e-07	-2.302307e-09	-6.204317e+00	-1.355910e+02
4.520000e-06	-1.013442e-06	-2.427234e-09	-6.455551e+00	-1.428229e+02
4.530000e-06	-1.052837e-06	-2.553854e-09	-6.706494e+00	-1.499056e+02
4.540000e-06	-1.092120e-06	-2.671625e-09	-6.956720e+00	-1.568389e+02
4.550000e-06	-1.131302e-06	-2.781834e-09	-7.206307e+00	-1.636242e+02
4.560000e-06	-1.170462e-06	-2.895086e-09	-7.455752e+00	-1.702642e+02
4.570000e-06	-1.209576e-06	-3.010251e-09	-7.704910e+00	-1.767625e+02
4.580000e-06	-1.248597e-06	-3.117601e-09	-7.953466e+00	-1.831228e+02
4.590000e-06	-1.287432e-06	-3.217971e-09	-8.200843e+00	-1.893489e+02
4.600000e-06	-1.326058e-06	-3.322058e-09	-8.446887e+00	-1.954438e+02
4.610000e-06	-1.364424e-06	-3.428223e-09	-8.691275e+00	-2.014098e+02
4.620000e-06	-1.402543e-06	-3.528054e-09	-8.934090e+00	-2.072486e+02
4.630000e-06	-1.440419e-06	-3.621883e-09	-9.175361e+00	-2.129606e+02
4.640000e-06	-1.478064e-06	-3.717637e-09	-9.415156e+00	-2.185459e+02
4.650000e-06	-1.515461e-06	-3.816047e-09	-9.653372e+00	-2.240042e+02
4.660000e-06	-1.552476e-06	-3.905018e-09	-9.889154e+00	-2.293353e+02
4.670000e-06	-1.589149e-06	-3.984698e-09	-1.012276e+01	-2.345391e+02
4.680000e-06	-1.625503e-06	-4.065119e-09	-1.035433e+01	-2.396165e+02
4.690000e-06	-1.661544e-06	-4.149442e-09	-1.058391e+01	-2.445692e+02
4.700000e-06	-1.697342e-06	-4.230310e-09	-1.081194e+01	-2.494000e+02
4.710000e-06	-1.732962e-06	-4.308291e-09	-1.103884e+01	-2.541124e+02
4.720000e-06	-1.768456e-06	-4.389405e-09	-1.126493e+01	-2.587109e+02
4.730000e-06	-1.803868e-06	-4.471540e-09	-1.149050e+01	-2.632005e+02
4.740000e-06	-1.839183e-06	-4.545951e-09	-1.171545e+01	-2.675860e+02
4.750000e-06	-1.874385e-06	-4.609682e-09	-1.193969e+01	-2.718720e+02
4.760000e-06	-1.909488e-06	-4.674339e-09	-1.216329e+01	-2.760628e+02
4.770000e-06	-1.944383e-06	-4.742589e-09	-1.238557e+01	-2.801614e+02
4.780000e-06	-1.978960e-06	-4.807603e-09	-1.260582e+01	-2.841700e+02
4.790000e-06	-2.013247e-06	-4.868142e-09	-1.282423e+01	-2.880898e+02
4.800000e-06	-2.047305e-06	-4.931821e-09	-1.304118e+01	-2.919210e+02
4.810000e-06	-2.081117e-06	-4.999681e-09	-1.325656e+01	-2.956635e+02
4.820000e-06	-2.114683e-06	-5.062080e-09	-1.347037e+01	-2.993167e+02
4.830000e-06	-2.148002e-06	-5.113287e-09	-1.368261e+01	-3.028805e+02
4.840000e-06	-2.181094e-06	-5.164927e-09	-1.389340e+01	-3.063550e+02
4.850000e-06	-2.213931e-06	-5.221586e-09	-1.410257e+01	-3.097412e+02
4.860000e-06	-2.246527e-06	-5.275883e-09	-1.431020e+01	-3.130411e+02
4.870000e-06	-2.278815e-06	-5.325637e-09	-1.451588e+01	-3.162577e+02
4.880000e-06	-2.310734e-06	-5.375974e-09	-1.471920e+01	-3.193947e+02
4.890000e-06	-2.342474e-06	-5.430223e-09	-1.492138e+01	-3.224565e+02
4.900000e-06	-2.374020e-06	-5.482659e-09	-1.512233e+01	-3.254476e+02
4.910000e-06	-2.405358e-06	-5.527759e-09	-1.532195e+01	-3.283723e+02
4.920000e-06	-2.436503e-06	-5.570831e-09	-1.552034e+01	-3.312345e+02
4.930000e-06	-2.467369e-06	-5.618542e-09	-1.571695e+01	-3.340370e+02
4.940000e-06	-2.497894e-06	-5.664336e-09	-1.591140e+01	-3.367816e+02
4.950000e-06	-2.528028e-06	-5.704012e-09	-1.610335e+01	-3.394688e+02
4.960000e-06	-2.557737e-06	-5.743618e-09	-1.629259e+01	-3.420980e+02
4.970000e-06	-2.586941e-06	-5.788541e-09	-1.647862e+01	-3.446679e+02
4.980000e-06	-2.615583e-06	-5.833649e-09	-1.666107e+01	-3.471766e+02
4.990000e-06	-2.643791e-06	-5.871957e-09	-1.684075e+01	-3.496222e+02
5.000000e-06	-2.671676e-06	-5.908415e-09	-1.701837e+01	-3.520029e+02
5.010000e-06	-2.699271e-06	-5.949193e-09	-1.719415e+01	-3.543180e+02
5.020000e-06	-2.726677e-06	-5.988519e-09	-1.736873e+01	-3.565676e+02
5.030000e-06	-2.753951e-06	-6.023846e-09	-1.754246e+01	-3.587531e+02
5.040000e-06	-2.781000e-06	-6.058870e-09	-1.771476e+01	-3.608770e+02
5.050000e-06	-2.807695e-06	-6.094539e-09	-1.788480e+01	-3.629429e+02
5.060000e-06	-2.834010e-06	-6.128734e-09	-1.805243e+01	-3.649550e+02
5.070000e-06	-2.859953e-06	-6.158392e-09	-1.821768e+01	-3.669180e+02
5.080000e-06	-2.885571e-06	-6.187615e-09	-1.838087e+01	-3.688364e+02
5.090000e-06	-2.910862e-06	-6.217845e-09	-1.854197e+01	-3.707141e+02
5.100000e-06	-2.935825e-06	-6.249547e-09	-1.870098e+01	-3.725542e+02
5.110000e-06	-2.960412e-06	-6.282488e-09	-1.885760e+01	-3.743587e+02
5.120000e-06	-2.984543e-06	-6.312339e-09	-1.901131e+01	-3.761282e+02
5.130000e-06	-3.008370e-06	-6.339549e-09	-1.916309e+01	-3.778623e+02
5.140000e-06	-3.031973e-06	-6.365415e-09	-1.931344e+01	-3.795598e+02
5.150000e-06	-3.055351e-06	-6.391462e-09	-1.946236e+01	-3.812185e+02
5.160000e-06	-3.078537e-06	-6.417533e-09	-1.961005e+01	-3.828362e+02
5.170000e-06	-3.101357e-06	-6.442422e-09	-1.975541e+01	-3.844107e+02
5.180000e-06	-3.123605e-06	-6.467229e-09	-1.989712e+01	-3.859403e+02
5.190000e-06	-3.145311e-06	-6.491228e-09	-2.003539e+01	-3.874240e+02
5.200000e-06	-3.166520e-06	-6.515873e-09	-2.017049e+01	-3.888618e+02
5.210000e-06	-3.187168e-06	-6.540285e-09	-2.030202e+01	-3.902544e+02
5.220000e-06	-3.207272e-06	-6.564398e-09	-2.043008e+01	-3.916034e+02
5.230000e-06	-3.226971e-06	-6.588231e-09	-2.055556e+01	-3.929110e+02
5.240000e-06	-3.246403e-06	-6.607803e-09	-2.067934e+01	-3.941795e+02
5.250000e-06	-3.265573e-06	-6.625377e-09	-2.080145e+01	-3.954116e+02
5.260000e-06	-3.284473e-06	-6.642193e-09	-2.092185e+01	-3.966094e+02
5.270000e-06	-3.303063e-06	-6.659256e-09	-2.104026e+01	-3.977746e+02
5.280000e-06	-3.321222e-06	-6.677308e-09	-2.115593e+01	-3.989085e+02
5.290000e-06	-3.339013e-06	-6.696816e-09	-2.126926e+01	-4.000116e+02
5.300000e-06	-3.356436e-06	-6.720117e-09	-2.138024e+01	-4.010840e+02
5.310000e-06	-3.373462e-06	-6.742525e-09	-2.148870e+01	-4.021255e+02
5.320000e-06	-3.390167e-06	-6.759293e-09	-2.159511e+01	-4.031358e+02
5.330000e-06	-3.406467e-06	-6.772830e-09	-2.169893e+01	-4.041147e+02
5.340000e-06	-3.422319e-06	-6.783647e-09	-2.179991e+01	-4.050624e+02
5.350000e-06	-3.437896e-06	-6.795612e-09	-2.189914e+01	-4.059793e+02
5.360000e-06	-3.453232e-06	-6.810006e-09	-2.199682e+01	-4.068667e+02
5.370000e-06	-3.468153e-06	-6.827302e-09	-2.209187e+01	-4.077258e+02
5.380000e-06	-3.482498e-06	-6.846343e-09	-2.218325e+01	-4.085585e+02
5.390000e-06	-3.496188e-06	-6.861633e-09	-2.227045e+01	-4.093663e+02
5.400000e-06	-3.509119e-06	-6.873905e-09	-2.235282e+01	-4.101509e+02
5.410000e-06	-3.521375e-06	-6.885205e-09	-2.243089e+01	-4.109133e+02
5.420000e-06	-3.533192e-06	-6.896406e-09	-2.250617e+01	-4.116536e+02
5.430000e-06	-3.544693e-06	-6.906983e-09	-2.257943e+01	-4.123716e+02
5.440000e-06	-3.555859e-06	-6.915391e-09	-2.265055e+01	-4.130661e+02
5.450000e-06	-3.566634e-06	-6.925652e-09	-2.271919e+01	-4.137352e+02
5.460000e-06	-3.576939e-06	-6.937958e-09	-2.278483e+01	-4.143769e+02
5.470000e-06	-3.586731e-06	-6.948797e-09	-2.284721e+01	-4.149888e+02
5.480000e-06	-3.596141e-06	-6.955909e-09	-2.290714e+01	-4.155689e+02
5.490000e-06	-3.605182e-06	-6.961905e-09	-2.296474e+01	-4.161158e+02
5.500000e-06	-3.613787e-06	-6.970705e-09	-2.301955e+01	-4.166289e+02
5.510000e-06	-3.621958e-06	-6.977959e-09	-2.307160e+01	-4.171085e+02
5.520000e-06	-3.629771e-06	-6.984895e-09	-2.312137e+01	-4.175558e+02
5.530000e-06	-3.637289e-06	-6.994510e-09	-2.316926e+01	-4.179729e+02
5.540000e-06	-3.644537e-06	-7.004424e-09	-2.321542e+01	-4.183624e+02
5.550000e-06	-3.651430e-06	-7.011090e-09	-2.325933e+01	-4.187271e+02
5.560000e-06	-3.657766e-06	-7.014203e-09	-2.329969e+01	-4.190696e+02
5.570000e-06	-3.663444e-06	-7.018649e-09	-2.333586e+01	-4.193916e+02
5.580000e-06	-3.668384e-06	-7.022473e-09	-2.336733e+01	-4.196942e+02
5.590000e-06	-3.672703e-06	-7.024080e-09	-2.339484e+01	-4.199772e+02
5.600000e-06	-3.676593e-06	-7.026970e-09	-2.341962e+01	-4.202393e+02
5.610000e-06	-3.680109e-06	-7.034859e-09	-2.344202e+01	-4.204781e+02
5.620000e-06	-3.683357e-06	-7.043660e-09	-2.346270e+01	-4.206906e+02
5.630000e-06	-3.686264e-06	-7.047501e-09	-2.348122e+01	-4.208734e+02
5.640000e-06	-3.688706e-06	-7.050401e-09	-2.349678e+01	-4.210233e+02
5.650000e-06	-3.690728e-06	-7.050889e-09	-2.350966e+01	-4.211381e+02
5.660000e-06	-3.692376e-06	-7.051232e-09	-2.352015e+01	-4.212166e+02
5.670000e-06	-3.693640e-06	-7.050865e-09	-2.352821e+01	-4.212593e+02
5.680000e-06	-3.694442e-06	-7.051521e-09	-2.353331e+01	-4.212682e+02
5.690000e-06	-3.694803e-06	-7.056047e-09	-2.353561e+01	-4.212471e+02
