# Temperatura_=_20.0
# Concentracion g/m^3_=_9000.0
# C_Vs_to_Am_M_A/Vsm_=_59384043850.047264
# pendiente_HvsI_1/m_=_3716.3
# ordenada_HvsI_A/m_=_1297.0
# frecuencia_Hz_=_175660.54475226311

Tiempo_(s)	Campo_(V.s)	Magnetizacion_(V.s)	Campo_(kA/m)	Magnetizacion_(A/m)
0.000000e+00	-3.682976e-06	-7.048690e-09	-2.353712e+01	-4.183756e+02
1.000000e-08	-3.682650e-06	-7.045905e-09	-2.353504e+01	-4.183283e+02
2.000000e-08	-3.682073e-06	-7.045975e-09	-2.353136e+01	-4.182680e+02
3.000000e-08	-3.681211e-06	-7.056836e-09	-2.352584e+01	-4.182027e+02
4.000000e-08	-3.679880e-06	-7.072061e-09	-2.351734e+01	-4.181391e+02
5.000000e-08	-3.677941e-06	-7.071145e-09	-2.350494e+01	-4.180824e+02
6.000000e-08	-3.675326e-06	-7.044230e-09	-2.348823e+01	-4.180350e+02
7.000000e-08	-3.671989e-06	-7.011624e-09	-2.346691e+01	-4.179963e+02
8.000000e-08	-3.668023e-06	-6.984001e-09	-2.344156e+01	-4.179628e+02
9.000000e-08	-3.663646e-06	-6.979756e-09	-2.341359e+01	-4.179279e+02
1.000000e-07	-3.659045e-06	-7.043591e-09	-2.338419e+01	-4.178826e+02
1.100000e-07	-3.654176e-06	-7.124273e-09	-2.335307e+01	-4.178167e+02
1.200000e-07	-3.648956e-06	-7.042798e-09	-2.331971e+01	-4.177200e+02
1.300000e-07	-3.643307e-06	-6.957372e-09	-2.328361e+01	-4.175829e+02
1.400000e-07	-3.637230e-06	-7.028600e-09	-2.324477e+01	-4.173982e+02
1.500000e-07	-3.630792e-06	-7.084174e-09	-2.320362e+01	-4.171618e+02
1.600000e-07	-3.623934e-06	-6.924344e-09	-2.315980e+01	-4.168729e+02
1.700000e-07	-3.616554e-06	-6.853346e-09	-2.311264e+01	-4.165346e+02
1.800000e-07	-3.608744e-06	-7.014487e-09	-2.306272e+01	-4.161530e+02
1.900000e-07	-3.600640e-06	-7.010597e-09	-2.301093e+01	-4.157371e+02
2.000000e-07	-3.592265e-06	-6.939359e-09	-2.295741e+01	-4.152968e+02
2.100000e-07	-3.583515e-06	-6.963661e-09	-2.290149e+01	-4.148424e+02
2.200000e-07	-3.574186e-06	-6.916527e-09	-2.284187e+01	-4.143827e+02
2.300000e-07	-3.564197e-06	-6.856026e-09	-2.277803e+01	-4.139238e+02
2.400000e-07	-3.553576e-06	-6.969317e-09	-2.271016e+01	-4.134685e+02
2.500000e-07	-3.542330e-06	-6.967703e-09	-2.263829e+01	-4.130153e+02
2.600000e-07	-3.530533e-06	-6.820475e-09	-2.256289e+01	-4.125590e+02
2.700000e-07	-3.518306e-06	-6.871777e-09	-2.248475e+01	-4.120906e+02
2.800000e-07	-3.505644e-06	-7.015225e-09	-2.240383e+01	-4.115985e+02
2.900000e-07	-3.492565e-06	-6.866819e-09	-2.232025e+01	-4.110702e+02
3.000000e-07	-3.479017e-06	-6.720679e-09	-2.223367e+01	-4.104930e+02
3.100000e-07	-3.465086e-06	-6.834070e-09	-2.214463e+01	-4.098562e+02
3.200000e-07	-3.450812e-06	-6.908098e-09	-2.205341e+01	-4.091521e+02
3.300000e-07	-3.436021e-06	-6.809498e-09	-2.195889e+01	-4.083770e+02
3.400000e-07	-3.420609e-06	-6.721801e-09	-2.186039e+01	-4.075315e+02
3.500000e-07	-3.404559e-06	-6.795341e-09	-2.175782e+01	-4.066209e+02
3.600000e-07	-3.387818e-06	-6.839054e-09	-2.165083e+01	-4.056539e+02
3.700000e-07	-3.370583e-06	-6.744106e-09	-2.154068e+01	-4.046422e+02
3.800000e-07	-3.353090e-06	-6.675489e-09	-2.142890e+01	-4.035986e+02
3.900000e-07	-3.335224e-06	-6.743525e-09	-2.131471e+01	-4.025360e+02
4.000000e-07	-3.317040e-06	-6.748471e-09	-2.119851e+01	-4.014653e+02
4.100000e-07	-3.298568e-06	-6.680228e-09	-2.108046e+01	-4.003945e+02
4.200000e-07	-3.279695e-06	-6.648872e-09	-2.095984e+01	-3.993278e+02
4.300000e-07	-3.260341e-06	-6.650099e-09	-2.083615e+01	-3.982652e+02
4.400000e-07	-3.240510e-06	-6.653579e-09	-2.070942e+01	-3.972026e+02
4.500000e-07	-3.220324e-06	-6.631337e-09	-2.058041e+01	-3.961324e+02
4.600000e-07	-3.199886e-06	-6.576002e-09	-2.044980e+01	-3.950447e+02
4.700000e-07	-3.179213e-06	-6.569189e-09	-2.031768e+01	-3.939287e+02
4.800000e-07	-3.158317e-06	-6.595053e-09	-2.018414e+01	-3.927738e+02
4.900000e-07	-3.137098e-06	-6.546284e-09	-2.004853e+01	-3.915715e+02
5.000000e-07	-3.115449e-06	-6.486092e-09	-1.991018e+01	-3.903157e+02
5.100000e-07	-3.093416e-06	-6.489231e-09	-1.976937e+01	-3.890041e+02
5.200000e-07	-3.071075e-06	-6.494203e-09	-1.962659e+01	-3.876379e+02
5.300000e-07	-3.048443e-06	-6.453436e-09	-1.948196e+01	-3.862219e+02
5.400000e-07	-3.025462e-06	-6.413646e-09	-1.933509e+01	-3.847631e+02
5.500000e-07	-3.002054e-06	-6.406274e-09	-1.918550e+01	-3.832703e+02
5.600000e-07	-2.978171e-06	-6.403955e-09	-1.903286e+01	-3.817522e+02
5.700000e-07	-2.954000e-06	-6.364816e-09	-1.887839e+01	-3.802168e+02
5.800000e-07	-2.929704e-06	-6.314056e-09	-1.872312e+01	-3.786695e+02
5.900000e-07	-2.905156e-06	-6.300928e-09	-1.856624e+01	-3.771131e+02
6.000000e-07	-2.880179e-06	-6.302280e-09	-1.840662e+01	-3.755469e+02
6.100000e-07	-2.854775e-06	-6.261032e-09	-1.824426e+01	-3.739667e+02
6.200000e-07	-2.829012e-06	-6.211203e-09	-1.807962e+01	-3.723659e+02
6.300000e-07	-2.802815e-06	-6.197609e-09	-1.791220e+01	-3.707359e+02
6.400000e-07	-2.776047e-06	-6.191078e-09	-1.774113e+01	-3.690674e+02
6.500000e-07	-2.748691e-06	-6.146482e-09	-1.756630e+01	-3.673515e+02
6.600000e-07	-2.720878e-06	-6.093823e-09	-1.738856e+01	-3.655812e+02
6.700000e-07	-2.692785e-06	-6.074106e-09	-1.720902e+01	-3.637517e+02
6.800000e-07	-2.664486e-06	-6.068472e-09	-1.702817e+01	-3.618615e+02
6.900000e-07	-2.636002e-06	-6.028421e-09	-1.684613e+01	-3.599123e+02
7.000000e-07	-2.607338e-06	-5.976178e-09	-1.666295e+01	-3.579085e+02
7.100000e-07	-2.578395e-06	-5.952265e-09	-1.647798e+01	-3.558570e+02
7.200000e-07	-2.549063e-06	-5.936606e-09	-1.629052e+01	-3.537656e+02
7.300000e-07	-2.519360e-06	-5.886138e-09	-1.610070e+01	-3.516423e+02
7.400000e-07	-2.489358e-06	-5.826337e-09	-1.590896e+01	-3.494943e+02
7.500000e-07	-2.459144e-06	-5.799068e-09	-1.571587e+01	-3.473265e+02
7.600000e-07	-2.428674e-06	-5.781668e-09	-1.552114e+01	-3.451413e+02
7.700000e-07	-2.397926e-06	-5.740396e-09	-1.532464e+01	-3.429381e+02
7.800000e-07	-2.366914e-06	-5.688103e-09	-1.512645e+01	-3.407134e+02
7.900000e-07	-2.335602e-06	-5.659674e-09	-1.492634e+01	-3.384612e+02
8.000000e-07	-2.304024e-06	-5.636762e-09	-1.472453e+01	-3.361741e+02
8.100000e-07	-2.272180e-06	-5.588316e-09	-1.452103e+01	-3.338437e+02
8.200000e-07	-2.240122e-06	-5.526976e-09	-1.431615e+01	-3.314621e+02
8.300000e-07	-2.207857e-06	-5.491851e-09	-1.410995e+01	-3.290227e+02
8.400000e-07	-2.175390e-06	-5.468745e-09	-1.390246e+01	-3.265210e+02
8.500000e-07	-2.142779e-06	-5.425572e-09	-1.369405e+01	-3.239548e+02
8.600000e-07	-2.110001e-06	-5.369591e-09	-1.348457e+01	-3.213249e+02
8.700000e-07	-2.076935e-06	-5.332131e-09	-1.327325e+01	-3.186339e+02
8.800000e-07	-2.043553e-06	-5.301321e-09	-1.305992e+01	-3.158864e+02
8.900000e-07	-2.009880e-06	-5.251218e-09	-1.284472e+01	-3.130880e+02
9.000000e-07	-1.975854e-06	-5.187746e-09	-1.262726e+01	-3.102441e+02
9.100000e-07	-1.941423e-06	-5.139646e-09	-1.240723e+01	-3.073596e+02
9.200000e-07	-1.906627e-06	-5.105102e-09	-1.218485e+01	-3.044375e+02
9.300000e-07	-1.871508e-06	-5.054277e-09	-1.196042e+01	-3.014789e+02
9.400000e-07	-1.836016e-06	-4.991114e-09	-1.173359e+01	-2.984825e+02
9.500000e-07	-1.800139e-06	-4.941814e-09	-1.150431e+01	-2.954449e+02
9.600000e-07	-1.764014e-06	-4.905309e-09	-1.127344e+01	-2.923611e+02
9.700000e-07	-1.727770e-06	-4.854265e-09	-1.104181e+01	-2.892247e+02
9.800000e-07	-1.691440e-06	-4.788601e-09	-1.080964e+01	-2.860293e+02
9.900000e-07	-1.655022e-06	-4.735001e-09	-1.057690e+01	-2.827686e+02
1.000000e-06	-1.618474e-06	-4.691851e-09	-1.034333e+01	-2.794379e+02
1.010000e-06	-1.581779e-06	-4.631681e-09	-1.010882e+01	-2.760336e+02
1.020000e-06	-1.544928e-06	-4.558358e-09	-9.873310e+00	-2.725545e+02
1.030000e-06	-1.507906e-06	-4.496578e-09	-9.636712e+00	-2.690008e+02
1.040000e-06	-1.470738e-06	-4.448272e-09	-9.399175e+00	-2.653746e+02
1.050000e-06	-1.433363e-06	-4.389861e-09	-9.160323e+00	-2.616788e+02
1.060000e-06	-1.395803e-06	-4.321690e-09	-8.920285e+00	-2.579168e+02
1.070000e-06	-1.358150e-06	-4.263344e-09	-8.679649e+00	-2.540914e+02
1.080000e-06	-1.320388e-06	-4.212303e-09	-8.438319e+00	-2.502046e+02
1.090000e-06	-1.282461e-06	-4.146676e-09	-8.195940e+00	-2.462567e+02
1.100000e-06	-1.244286e-06	-4.067967e-09	-7.951967e+00	-2.422464e+02
1.110000e-06	-1.205906e-06	-3.995555e-09	-7.706690e+00	-2.381704e+02
1.120000e-06	-1.167372e-06	-3.931259e-09	-7.460429e+00	-2.340236e+02
1.130000e-06	-1.128646e-06	-3.860467e-09	-7.212939e+00	-2.298001e+02
1.140000e-06	-1.089766e-06	-3.784028e-09	-6.964463e+00	-2.254930e+02
1.150000e-06	-1.050819e-06	-3.714372e-09	-6.715564e+00	-2.210955e+02
1.160000e-06	-1.011816e-06	-3.651048e-09	-6.466305e+00	-2.166016e+02
1.170000e-06	-9.727375e-07	-3.578144e-09	-6.216561e+00	-2.120062e+02
1.180000e-06	-9.335538e-07	-3.494320e-09	-5.966146e+00	-2.073058e+02
1.190000e-06	-8.942803e-07	-3.413310e-09	-5.715157e+00	-2.024984e+02
1.200000e-06	-8.548929e-07	-3.335381e-09	-5.463441e+00	-1.975834e+02
1.210000e-06	-8.153272e-07	-3.250410e-09	-5.210584e+00	-1.925614e+02
1.220000e-06	-7.756302e-07	-3.157519e-09	-4.956889e+00	-1.874335e+02
1.230000e-06	-7.357937e-07	-3.071844e-09	-4.702303e+00	-1.822009e+02
1.240000e-06	-6.958973e-07	-2.992964e-09	-4.447333e+00	-1.768645e+02
1.250000e-06	-6.560050e-07	-2.906423e-09	-4.192390e+00	-1.714241e+02
1.260000e-06	-6.160377e-07	-2.807304e-09	-3.936967e+00	-1.658782e+02
1.270000e-06	-5.759869e-07	-2.707444e-09	-3.681011e+00	-1.602239e+02
1.280000e-06	-5.358577e-07	-2.612621e-09	-3.424554e+00	-1.544571e+02
1.290000e-06	-4.956664e-07	-2.514278e-09	-3.167699e+00	-1.485724e+02
1.300000e-06	-4.553911e-07	-2.408385e-09	-2.910308e+00	-1.425637e+02
1.310000e-06	-4.150662e-07	-2.303898e-09	-2.652600e+00	-1.364247e+02
1.320000e-06	-3.747467e-07	-2.204377e-09	-2.394928e+00	-1.301497e+02
1.330000e-06	-3.344334e-07	-2.100501e-09	-2.137294e+00	-1.237334e+02
1.340000e-06	-2.941153e-07	-1.986611e-09	-1.879629e+00	-1.171722e+02
1.350000e-06	-2.537572e-07	-1.871187e-09	-1.621709e+00	-1.104637e+02
1.360000e-06	-2.133959e-07	-1.758933e-09	-1.363768e+00	-1.036072e+02
1.370000e-06	-1.730524e-07	-1.641687e-09	-1.105941e+00	-9.660382e+01
1.380000e-06	-1.326665e-07	-1.516510e-09	-8.478435e-01	-8.945602e+01
1.390000e-06	-9.225865e-08	-1.391130e-09	-5.896056e-01	-8.216753e+01
1.400000e-06	-5.186981e-08	-1.270806e-09	-3.314890e-01	-7.474311e+01
1.410000e-06	-1.145327e-08	-1.146225e-09	-7.319541e-02	-6.718827e+01
1.420000e-06	2.898727e-08	-1.013098e-09	1.852516e-01	-5.950913e+01
1.430000e-06	6.942619e-08	-8.793594e-10	4.436882e-01	-5.171229e+01
1.440000e-06	1.098705e-07	-7.481195e-10	7.021590e-01	-4.380488e+01
1.450000e-06	1.503034e-07	-6.116699e-10	9.605571e-01	-3.579466e+01
1.460000e-06	1.907096e-07	-4.698053e-10	1.218785e+00	-2.769021e+01
1.470000e-06	2.311229e-07	-3.308188e-10	1.477058e+00	-1.950109e+01
1.480000e-06	2.715198e-07	-1.980913e-10	1.735226e+00	-1.123806e+01
1.490000e-06	3.118827e-07	-6.410975e-11	1.993177e+00	-2.913208e+00
1.500000e-06	3.522350e-07	7.750570e-11	2.251060e+00	5.460075e+00
1.510000e-06	3.925746e-07	2.220264e-10	2.508862e+00	1.386716e+01
1.520000e-06	4.328618e-07	3.641923e-10	2.766328e+00	2.229243e+01
1.530000e-06	4.730906e-07	5.067196e-10	3.023422e+00	3.071961e+01
1.540000e-06	5.133079e-07	6.538798e-10	3.280443e+00	3.913220e+01
1.550000e-06	5.534714e-07	7.980609e-10	3.537119e+00	4.751393e+01
1.560000e-06	5.935680e-07	9.349016e-10	3.793368e+00	5.584924e+01
1.570000e-06	6.337336e-07	1.068360e-09	4.050058e+00	6.412364e+01
1.580000e-06	6.738974e-07	1.206363e-09	4.306736e+00	7.232406e+01
1.590000e-06	7.138699e-07	1.345183e-09	4.562192e+00	8.043897e+01
1.600000e-06	7.537183e-07	1.478919e-09	4.816855e+00	8.845849e+01
1.610000e-06	7.935019e-07	1.611899e-09	5.071104e+00	9.637423e+01
1.620000e-06	8.331478e-07	1.748718e-09	5.324472e+00	1.041792e+02
1.630000e-06	8.726242e-07	1.884174e-09	5.576757e+00	1.118675e+02
1.640000e-06	9.119367e-07	2.009899e-09	5.827995e+00	1.194341e+02
1.650000e-06	9.511724e-07	2.130607e-09	6.078742e+00	1.268745e+02
1.660000e-06	9.903145e-07	2.252262e-09	6.328891e+00	1.341847e+02
1.670000e-06	1.029250e-06	2.370596e-09	6.577721e+00	1.413609e+02
1.680000e-06	1.068016e-06	2.481275e-09	6.825468e+00	1.483997e+02
1.690000e-06	1.106718e-06	2.592194e-09	7.072800e+00	1.552978e+02
1.700000e-06	1.145328e-06	2.709371e-09	7.319553e+00	1.620528e+02
1.710000e-06	1.183756e-06	2.826393e-09	7.565137e+00	1.686625e+02
1.720000e-06	1.222066e-06	2.937490e-09	7.809969e+00	1.751259e+02
1.730000e-06	1.260250e-06	3.044220e-09	8.053995e+00	1.814428e+02
1.740000e-06	1.298287e-06	3.147410e-09	8.297082e+00	1.876142e+02
1.750000e-06	1.336182e-06	3.247102e-09	8.539259e+00	1.936422e+02
1.760000e-06	1.373920e-06	3.341977e-09	8.780436e+00	1.995296e+02
1.770000e-06	1.411466e-06	3.435483e-09	9.020381e+00	2.052803e+02
1.780000e-06	1.448794e-06	3.531515e-09	9.258940e+00	2.108987e+02
1.790000e-06	1.485916e-06	3.627284e-09	9.496176e+00	2.163895e+02
1.800000e-06	1.522808e-06	3.716781e-09	9.731945e+00	2.217573e+02
1.810000e-06	1.559563e-06	3.799193e-09	9.966837e+00	2.270066e+02
1.820000e-06	1.596214e-06	3.880820e-09	1.020107e+01	2.321414e+02
1.830000e-06	1.632771e-06	3.963708e-09	1.043469e+01	2.371651e+02
1.840000e-06	1.669256e-06	4.045787e-09	1.066786e+01	2.420805e+02
1.850000e-06	1.705628e-06	4.126578e-09	1.090031e+01	2.468900e+02
1.860000e-06	1.741906e-06	4.208379e-09	1.113215e+01	2.515954e+02
1.870000e-06	1.778103e-06	4.289752e-09	1.136348e+01	2.561982e+02
1.880000e-06	1.814138e-06	4.367043e-09	1.159377e+01	2.606998e+02
1.890000e-06	1.849911e-06	4.439718e-09	1.182239e+01	2.651014e+02
1.900000e-06	1.885417e-06	4.510989e-09	1.204930e+01	2.694047e+02
1.910000e-06	1.920561e-06	4.582740e-09	1.227390e+01	2.736111e+02
1.920000e-06	1.955253e-06	4.654741e-09	1.249561e+01	2.777225e+02
1.930000e-06	1.989530e-06	4.723159e-09	1.271467e+01	2.817406e+02
1.940000e-06	2.023349e-06	4.788724e-09	1.293080e+01	2.856674e+02
1.950000e-06	2.056805e-06	4.853715e-09	1.314461e+01	2.895046e+02
1.960000e-06	2.089916e-06	4.916119e-09	1.335621e+01	2.932539e+02
1.970000e-06	2.122687e-06	4.975391e-09	1.356565e+01	2.969168e+02
1.980000e-06	2.155305e-06	5.034319e-09	1.377410e+01	3.004943e+02
1.990000e-06	2.187830e-06	5.094322e-09	1.398196e+01	3.039875e+02
2.000000e-06	2.220237e-06	5.152121e-09	1.418907e+01	3.073973e+02
2.010000e-06	2.252474e-06	5.207891e-09	1.439509e+01	3.107243e+02
2.020000e-06	2.284463e-06	5.263834e-09	1.459952e+01	3.139696e+02
2.030000e-06	2.316146e-06	5.321384e-09	1.480200e+01	3.171342e+02
2.040000e-06	2.347485e-06	5.378006e-09	1.500228e+01	3.202195e+02
2.050000e-06	2.378479e-06	5.430304e-09	1.520036e+01	3.232273e+02
2.060000e-06	2.409171e-06	5.480445e-09	1.539650e+01	3.261596e+02
2.070000e-06	2.439621e-06	5.529898e-09	1.559110e+01	3.290190e+02
2.080000e-06	2.469853e-06	5.576138e-09	1.578431e+01	3.318078e+02
2.090000e-06	2.499873e-06	5.621051e-09	1.597616e+01	3.345289e+02
2.100000e-06	2.529648e-06	5.666913e-09	1.616645e+01	3.371848e+02
2.110000e-06	2.559149e-06	5.714578e-09	1.635498e+01	3.397778e+02
2.120000e-06	2.588346e-06	5.760377e-09	1.654158e+01	3.423103e+02
2.130000e-06	2.617192e-06	5.802547e-09	1.672592e+01	3.447838e+02
2.140000e-06	2.645790e-06	5.844034e-09	1.690868e+01	3.471999e+02
2.150000e-06	2.674254e-06	5.884630e-09	1.709060e+01	3.495600e+02
2.160000e-06	2.702560e-06	5.923538e-09	1.727149e+01	3.518649e+02
2.170000e-06	2.730677e-06	5.960280e-09	1.745118e+01	3.541159e+02
2.180000e-06	2.758458e-06	5.996547e-09	1.762873e+01	3.563140e+02
2.190000e-06	2.785781e-06	6.035693e-09	1.780334e+01	3.584607e+02
2.200000e-06	2.812550e-06	6.074472e-09	1.797442e+01	3.605575e+02
2.210000e-06	2.838653e-06	6.108233e-09	1.814124e+01	3.626061e+02
2.220000e-06	2.864173e-06	6.141726e-09	1.830432e+01	3.646086e+02
2.230000e-06	2.889238e-06	6.177783e-09	1.846451e+01	3.665667e+02
2.240000e-06	2.913985e-06	6.214122e-09	1.862266e+01	3.684822e+02
2.250000e-06	2.938500e-06	6.248563e-09	1.877934e+01	3.703565e+02
2.260000e-06	2.962788e-06	6.281769e-09	1.893456e+01	3.721905e+02
2.270000e-06	2.986801e-06	6.313929e-09	1.908802e+01	3.739846e+02
2.280000e-06	3.010412e-06	6.343544e-09	1.923891e+01	3.757383e+02
2.290000e-06	3.033627e-06	6.369934e-09	1.938727e+01	3.774508e+02
2.300000e-06	3.056447e-06	6.395343e-09	1.953311e+01	3.791208e+02
2.310000e-06	3.078966e-06	6.425099e-09	1.967702e+01	3.807469e+02
2.320000e-06	3.101253e-06	6.456072e-09	1.981946e+01	3.823275e+02
2.330000e-06	3.123194e-06	6.483395e-09	1.995968e+01	3.838617e+02
2.340000e-06	3.144756e-06	6.509568e-09	2.009747e+01	3.853488e+02
2.350000e-06	3.165876e-06	6.538773e-09	2.023245e+01	3.867890e+02
2.360000e-06	3.186662e-06	6.566726e-09	2.036529e+01	3.881832e+02
2.370000e-06	3.207209e-06	6.587881e-09	2.049659e+01	3.895334e+02
2.380000e-06	3.227558e-06	6.605938e-09	2.062664e+01	3.908421e+02
2.390000e-06	3.247641e-06	6.625402e-09	2.075499e+01	3.921121e+02
2.400000e-06	3.267353e-06	6.647413e-09	2.088097e+01	3.933467e+02
2.410000e-06	3.286612e-06	6.671418e-09	2.100405e+01	3.945489e+02
2.420000e-06	3.305307e-06	6.694824e-09	2.112352e+01	3.957214e+02
2.430000e-06	3.323548e-06	6.717338e-09	2.124010e+01	3.968662e+02
2.440000e-06	3.341409e-06	6.738580e-09	2.135424e+01	3.979844e+02
2.450000e-06	3.358935e-06	6.754607e-09	2.146625e+01	3.990764e+02
2.460000e-06	3.376128e-06	6.766494e-09	2.157612e+01	4.001418e+02
2.470000e-06	3.392939e-06	6.778189e-09	2.168356e+01	4.011796e+02
2.480000e-06	3.409299e-06	6.793010e-09	2.178811e+01	4.021884e+02
2.490000e-06	3.425121e-06	6.809709e-09	2.188923e+01	4.031669e+02
2.500000e-06	3.440445e-06	6.825918e-09	2.198716e+01	4.041137e+02
2.510000e-06	3.455341e-06	6.844222e-09	2.208236e+01	4.050282e+02
2.520000e-06	3.469842e-06	6.861366e-09	2.217503e+01	4.059100e+02
2.530000e-06	3.483906e-06	6.875464e-09	2.226491e+01	4.067595e+02
2.540000e-06	3.497538e-06	6.889471e-09	2.235203e+01	4.075776e+02
2.550000e-06	3.510728e-06	6.904656e-09	2.243632e+01	4.083656e+02
2.560000e-06	3.523461e-06	6.917925e-09	2.251770e+01	4.091248e+02
2.570000e-06	3.535793e-06	6.926559e-09	2.259651e+01	4.098565e+02
2.580000e-06	3.547678e-06	6.934570e-09	2.267246e+01	4.105616e+02
2.590000e-06	3.559045e-06	6.945462e-09	2.274511e+01	4.112408e+02
2.600000e-06	3.569726e-06	6.957168e-09	2.281337e+01	4.118937e+02
2.610000e-06	3.579667e-06	6.965877e-09	2.287690e+01	4.125199e+02
2.620000e-06	3.588983e-06	6.973217e-09	2.293644e+01	4.131182e+02
2.630000e-06	3.597837e-06	6.982807e-09	2.299302e+01	4.136875e+02
2.640000e-06	3.606389e-06	6.992446e-09	2.304767e+01	4.142267e+02
2.650000e-06	3.614693e-06	6.998798e-09	2.310074e+01	4.147352e+02
2.660000e-06	3.622695e-06	7.005625e-09	2.315188e+01	4.152129e+02
2.670000e-06	3.630238e-06	7.013777e-09	2.320009e+01	4.156605e+02
2.680000e-06	3.637297e-06	7.023506e-09	2.324520e+01	4.160795e+02
2.690000e-06	3.643843e-06	7.031236e-09	2.328703e+01	4.164719e+02
2.700000e-06	3.649968e-06	7.033883e-09	2.332617e+01	4.168403e+02
2.710000e-06	3.655771e-06	7.038059e-09	2.336326e+01	4.171870e+02
2.720000e-06	3.661121e-06	7.044678e-09	2.339745e+01	4.175142e+02
2.730000e-06	3.666045e-06	7.050916e-09	2.342892e+01	4.178230e+02
2.740000e-06	3.670653e-06	7.056441e-09	2.345837e+01	4.181137e+02
2.750000e-06	3.674993e-06	7.062314e-09	2.348611e+01	4.183852e+02
2.760000e-06	3.679036e-06	7.068499e-09	2.351195e+01	4.186353e+02
2.770000e-06	3.682690e-06	7.071085e-09	2.353530e+01	4.188607e+02
2.780000e-06	3.685769e-06	7.069699e-09	2.355497e+01	4.190577e+02
2.790000e-06	3.688128e-06	7.066152e-09	2.357005e+01	4.192227e+02
2.800000e-06	3.689786e-06	7.063684e-09	2.358064e+01	4.193525e+02
2.810000e-06	3.690867e-06	7.063746e-09	2.358755e+01	4.194453e+02
2.820000e-06	3.691563e-06	7.064254e-09	2.359200e+01	4.195011e+02
2.830000e-06	3.691951e-06	7.070029e-09	2.359448e+01	4.195217e+02
2.840000e-06	3.692001e-06	7.079183e-09	2.359480e+01	4.195114e+02
2.850000e-06	3.691647e-06	7.086108e-09	2.359254e+01	4.194759e+02
2.860000e-06	3.690840e-06	7.086989e-09	2.358738e+01	4.194227e+02
2.870000e-06	3.689675e-06	7.076942e-09	2.357994e+01	4.193596e+02
2.880000e-06	3.688233e-06	7.056585e-09	2.357072e+01	4.192941e+02
2.890000e-06	3.686393e-06	7.052555e-09	2.355896e+01	4.192326e+02
2.900000e-06	3.684107e-06	7.079438e-09	2.354435e+01	4.191791e+02
2.910000e-06	3.681420e-06	7.105777e-09	2.352718e+01	4.191351e+02
2.920000e-06	3.678304e-06	7.130550e-09	2.350727e+01	4.190989e+02
2.930000e-06	3.674754e-06	7.135426e-09	2.348458e+01	4.190656e+02
2.940000e-06	3.670784e-06	7.036845e-09	2.345921e+01	4.190278e+02
2.950000e-06	3.666406e-06	6.927559e-09	2.343123e+01	4.189760e+02
2.960000e-06	3.661736e-06	7.020204e-09	2.340138e+01	4.188996e+02
2.970000e-06	3.656660e-06	7.107508e-09	2.336895e+01	4.187887e+02
2.980000e-06	3.650800e-06	7.031586e-09	2.333150e+01	4.186343e+02
2.990000e-06	3.644176e-06	7.008185e-09	2.328916e+01	4.184305e+02
3.000000e-06	3.637071e-06	7.184570e-09	2.324375e+01	4.181742e+02
3.010000e-06	3.629607e-06	7.200180e-09	2.319605e+01	4.178661e+02
3.020000e-06	3.621829e-06	7.004841e-09	2.314635e+01	4.175106e+02
3.030000e-06	3.613774e-06	7.033765e-09	2.309487e+01	4.171149e+02
3.040000e-06	3.605404e-06	7.099923e-09	2.304138e+01	4.166885e+02
3.050000e-06	3.596615e-06	6.999110e-09	2.298521e+01	4.162417e+02
3.060000e-06	3.587321e-06	7.030398e-09	2.292581e+01	4.157843e+02
3.070000e-06	3.577592e-06	7.101819e-09	2.286364e+01	4.153242e+02
3.080000e-06	3.567424e-06	6.902344e-09	2.279865e+01	4.148665e+02
3.090000e-06	3.556722e-06	6.900989e-09	2.273026e+01	4.144123e+02
3.100000e-06	3.545580e-06	7.120680e-09	2.265906e+01	4.139587e+02
3.110000e-06	3.534033e-06	7.031490e-09	2.258526e+01	4.134989e+02
3.120000e-06	3.522122e-06	6.871220e-09	2.250914e+01	4.130230e+02
3.130000e-06	3.509704e-06	7.082687e-09	2.242978e+01	4.125187e+02
3.140000e-06	3.496567e-06	7.159836e-09	2.234582e+01	4.119734e+02
3.150000e-06	3.482747e-06	6.918035e-09	2.225750e+01	4.113749e+02
3.160000e-06	3.468416e-06	6.849150e-09	2.216592e+01	4.107135e+02
3.170000e-06	3.453613e-06	6.960747e-09	2.207132e+01	4.099828e+02
3.180000e-06	3.438379e-06	6.987653e-09	2.197396e+01	4.091809e+02
3.190000e-06	3.422827e-06	6.867314e-09	2.187457e+01	4.083101e+02
3.200000e-06	3.406972e-06	6.792347e-09	2.177324e+01	4.073770e+02
3.210000e-06	3.390658e-06	6.897848e-09	2.166898e+01	4.063917e+02
3.220000e-06	3.373852e-06	6.962603e-09	2.156158e+01	4.053664e+02
3.230000e-06	3.356753e-06	6.778756e-09	2.145230e+01	4.043142e+02
3.240000e-06	3.339288e-06	6.742437e-09	2.134069e+01	4.032473e+02
3.250000e-06	3.321357e-06	6.857356e-09	2.122609e+01	4.021757e+02
3.260000e-06	3.302999e-06	6.818839e-09	2.110877e+01	4.011061e+02
3.270000e-06	3.284281e-06	6.732215e-09	2.098915e+01	4.000411e+02
3.280000e-06	3.265290e-06	6.718499e-09	2.086778e+01	3.989791e+02
3.290000e-06	3.246059e-06	6.733387e-09	2.074488e+01	3.979145e+02
3.300000e-06	3.226561e-06	6.744530e-09	2.062027e+01	3.968389e+02
3.310000e-06	3.206805e-06	6.670705e-09	2.049401e+01	3.957418e+02
3.320000e-06	3.186697e-06	6.606588e-09	2.036551e+01	3.946123e+02
3.330000e-06	3.166106e-06	6.662489e-09	2.023392e+01	3.934404e+02
3.340000e-06	3.144899e-06	6.661185e-09	2.009838e+01	3.922184e+02
3.350000e-06	3.123027e-06	6.585619e-09	1.995861e+01	3.909417e+02
3.360000e-06	3.100596e-06	6.546748e-09	1.981526e+01	3.896092e+02
3.370000e-06	3.077741e-06	6.555172e-09	1.966919e+01	3.882235e+02
3.380000e-06	3.054578e-06	6.558485e-09	1.952117e+01	3.867904e+02
3.390000e-06	3.031158e-06	6.496405e-09	1.937149e+01	3.853177e+02
3.400000e-06	3.007476e-06	6.437192e-09	1.922015e+01	3.838143e+02
3.410000e-06	2.983475e-06	6.453465e-09	1.906676e+01	3.822888e+02
3.420000e-06	2.959145e-06	6.453886e-09	1.891128e+01	3.807483e+02
3.430000e-06	2.934442e-06	6.392350e-09	1.875340e+01	3.791974e+02
3.440000e-06	2.909393e-06	6.336435e-09	1.859332e+01	3.776375e+02
3.450000e-06	2.884056e-06	6.340866e-09	1.843140e+01	3.760666e+02
3.460000e-06	2.858350e-06	6.347924e-09	1.826711e+01	3.744795e+02
3.470000e-06	2.832256e-06	6.287912e-09	1.810035e+01	3.728687e+02
3.480000e-06	2.805785e-06	6.233162e-09	1.793118e+01	3.712253e+02
3.490000e-06	2.778989e-06	6.238420e-09	1.775993e+01	3.695399e+02
3.500000e-06	2.751916e-06	6.228158e-09	1.758692e+01	3.678042e+02
3.510000e-06	2.724619e-06	6.171518e-09	1.741247e+01	3.660120e+02
3.520000e-06	2.697128e-06	6.109936e-09	1.723678e+01	3.641596e+02
3.530000e-06	2.669416e-06	6.102387e-09	1.705967e+01	3.622469e+02
3.540000e-06	2.641451e-06	6.097762e-09	1.688096e+01	3.602764e+02
3.550000e-06	2.613125e-06	6.040921e-09	1.669993e+01	3.582538e+02
3.560000e-06	2.584413e-06	5.987783e-09	1.651644e+01	3.561862e+02
3.570000e-06	2.555142e-06	5.977190e-09	1.632938e+01	3.540818e+02
3.580000e-06	2.525229e-06	5.961293e-09	1.613820e+01	3.519485e+02
3.590000e-06	2.494868e-06	5.901812e-09	1.594418e+01	3.497925e+02
3.600000e-06	2.464143e-06	5.839221e-09	1.574782e+01	3.476179e+02
3.610000e-06	2.433148e-06	5.819539e-09	1.554973e+01	3.454261e+02
3.620000e-06	2.401967e-06	5.801363e-09	1.535046e+01	3.432153e+02
3.630000e-06	2.370576e-06	5.745042e-09	1.514985e+01	3.409810e+02
3.640000e-06	2.338963e-06	5.689555e-09	1.494782e+01	3.387166e+02
3.650000e-06	2.307118e-06	5.664703e-09	1.474431e+01	3.364141e+02
3.660000e-06	2.274955e-06	5.645204e-09	1.453876e+01	3.340653e+02
3.670000e-06	2.242501e-06	5.587234e-09	1.433135e+01	3.316626e+02
3.680000e-06	2.209889e-06	5.525250e-09	1.412294e+01	3.292001e+02
3.690000e-06	2.177055e-06	5.493220e-09	1.391310e+01	3.266743e+02
3.700000e-06	2.143944e-06	5.463518e-09	1.370150e+01	3.240839e+02
3.710000e-06	2.110590e-06	5.405320e-09	1.348834e+01	3.214305e+02
3.720000e-06	2.077014e-06	5.341315e-09	1.327376e+01	3.187176e+02
3.730000e-06	2.043244e-06	5.303710e-09	1.305794e+01	3.159503e+02
3.740000e-06	2.009250e-06	5.274552e-09	1.284069e+01	3.131341e+02
3.750000e-06	1.974992e-06	5.218364e-09	1.262176e+01	3.102745e+02
3.760000e-06	1.940383e-06	5.153079e-09	1.240058e+01	3.073755e+02
3.770000e-06	1.905449e-06	5.108605e-09	1.217732e+01	3.044396e+02
3.780000e-06	1.870363e-06	5.071197e-09	1.195310e+01	3.014670e+02
3.790000e-06	1.835218e-06	5.008975e-09	1.172849e+01	2.984555e+02
3.800000e-06	1.799953e-06	4.938521e-09	1.150312e+01	2.954012e+02
3.810000e-06	1.764539e-06	4.892972e-09	1.127679e+01	2.922983e+02
3.820000e-06	1.728995e-06	4.855465e-09	1.104965e+01	2.891405e+02
3.830000e-06	1.693324e-06	4.795951e-09	1.082167e+01	2.859212e+02
3.840000e-06	1.657523e-06	4.724364e-09	1.059288e+01	2.826346e+02
3.850000e-06	1.621552e-06	4.673035e-09	1.036300e+01	2.792765e+02
3.860000e-06	1.585362e-06	4.629653e-09	1.013171e+01	2.758441e+02
3.870000e-06	1.548911e-06	4.564522e-09	9.898767e+00	2.723368e+02
3.880000e-06	1.512137e-06	4.487556e-09	9.663751e+00	2.687555e+02
3.890000e-06	1.475085e-06	4.427705e-09	9.426960e+00	2.651028e+02
3.900000e-06	1.437716e-06	4.377720e-09	9.188142e+00	2.613817e+02
3.910000e-06	1.399945e-06	4.310178e-09	8.946755e+00	2.575955e+02
3.920000e-06	1.361892e-06	4.230407e-09	8.703564e+00	2.537468e+02
3.930000e-06	1.323605e-06	4.166310e-09	8.458878e+00	2.498371e+02
3.940000e-06	1.285034e-06	4.108953e-09	8.212379e+00	2.458660e+02
3.950000e-06	1.246189e-06	4.036496e-09	7.964129e+00	2.418314e+02
3.960000e-06	1.207186e-06	3.953946e-09	7.714874e+00	2.377294e+02
3.970000e-06	1.168098e-06	3.883462e-09	7.465068e+00	2.335545e+02
3.980000e-06	1.128932e-06	3.819380e-09	7.214767e+00	2.293003e+02
3.990000e-06	1.089705e-06	3.742031e-09	6.964074e+00	2.249600e+02
4.000000e-06	1.050377e-06	3.656104e-09	6.712736e+00	2.205270e+02
4.010000e-06	1.010966e-06	3.579445e-09	6.460869e+00	2.159954e+02
4.020000e-06	9.714908e-07	3.508238e-09	6.208593e+00	2.113609e+02
4.030000e-06	9.319515e-07	3.426064e-09	5.955906e+00	2.066204e+02
4.040000e-06	8.923553e-07	3.337811e-09	5.702855e+00	2.017726e+02
4.050000e-06	8.526897e-07	3.257217e-09	5.449360e+00	1.968172e+02
4.060000e-06	8.129744e-07	3.181330e-09	5.195548e+00	1.917552e+02
4.070000e-06	7.732224e-07	3.094437e-09	4.941502e+00	1.865878e+02
4.080000e-06	7.334168e-07	3.000067e-09	4.687112e+00	1.813162e+02
4.090000e-06	6.935914e-07	2.907108e-09	4.432597e+00	1.759408e+02
4.100000e-06	6.536660e-07	2.815980e-09	4.177442e+00	1.704610e+02
4.110000e-06	6.136487e-07	2.717998e-09	3.921700e+00	1.648747e+02
4.120000e-06	5.735866e-07	2.615468e-09	3.665671e+00	1.591788e+02
4.130000e-06	5.333750e-07	2.520333e-09	3.408687e+00	1.533683e+02
4.140000e-06	4.930435e-07	2.430563e-09	3.150937e+00	1.474377e+02
4.150000e-06	4.526956e-07	2.332230e-09	2.893082e+00	1.413808e+02
4.160000e-06	4.123177e-07	2.222510e-09	2.635035e+00	1.351914e+02
4.170000e-06	3.718980e-07	2.113808e-09	2.376722e+00	1.288638e+02
4.180000e-06	3.314050e-07	2.008962e-09	2.117940e+00	1.223935e+02
4.190000e-06	2.908461e-07	1.897951e-09	1.858736e+00	1.157771e+02
4.200000e-06	2.502867e-07	1.779665e-09	1.599529e+00	1.090129e+02
4.210000e-06	2.096846e-07	1.665657e-09	1.340050e+00	1.021011e+02
4.220000e-06	1.690834e-07	1.554830e-09	1.080576e+00	9.504309e+01
4.230000e-06	1.284335e-07	1.433433e-09	8.207915e-01	8.784194e+01
4.240000e-06	8.769085e-08	1.302216e-09	5.604137e-01	8.050177e+01
4.250000e-06	4.692020e-08	1.175089e-09	2.998571e-01	7.302767e+01
4.260000e-06	6.180704e-09	1.051612e-09	3.949958e-02	6.542538e+01
4.270000e-06	-3.451653e-08	9.227360e-10	-2.205879e-01	5.770120e+01
4.280000e-06	-7.524149e-08	7.880008e-10	-4.808525e-01	4.986194e+01
4.290000e-06	-1.159322e-07	6.537515e-10	-7.408981e-01	4.191493e+01
4.300000e-06	-1.565425e-07	5.215313e-10	-1.000430e+00	3.386823e+01
4.310000e-06	-1.971617e-07	3.828463e-10	-1.260019e+00	2.573075e+01
4.320000e-06	-2.377695e-07	2.390949e-10	-1.519535e+00	1.751248e+01
4.330000e-06	-2.783507e-07	1.001073e-10	-1.778881e+00	9.224691e+00
4.340000e-06	-3.188962e-07	-3.376784e-11	-2.037998e+00	8.799406e-01
4.350000e-06	-3.593691e-07	-1.720399e-10	-2.296653e+00	-7.507889e+00
4.360000e-06	-3.997588e-07	-3.169821e-10	-2.554774e+00	-1.592376e+01
4.370000e-06	-4.400802e-07	-4.604295e-10	-2.812460e+00	-2.435177e+01
4.380000e-06	-4.803156e-07	-5.985871e-10	-3.069596e+00	-3.277551e+01
4.390000e-06	-5.204245e-07	-7.405420e-10	-3.325923e+00	-4.117850e+01
4.400000e-06	-5.604897e-07	-8.859667e-10	-3.581972e+00	-4.954469e+01
4.410000e-06	-6.004803e-07	-1.026064e-09	-3.837543e+00	-5.785889e+01
4.420000e-06	-6.403545e-07	-1.162202e-09	-4.092371e+00	-6.610709e+01
4.430000e-06	-6.801523e-07	-1.299433e-09	-4.346710e+00	-7.427680e+01
4.440000e-06	-7.198923e-07	-1.438345e-09	-4.600680e+00	-8.235711e+01
4.450000e-06	-7.596344e-07	-1.570278e-09	-4.854663e+00	-9.033871e+01
4.460000e-06	-7.993452e-07	-1.697398e-09	-5.108447e+00	-9.821377e+01
4.470000e-06	-8.389592e-07	-1.827646e-09	-5.361611e+00	-1.059757e+02
4.480000e-06	-8.785185e-07	-1.960076e-09	-5.614427e+00	-1.136190e+02
4.490000e-06	-9.180325e-07	-2.087726e-09	-5.866952e+00	-1.211389e+02
4.500000e-06	-9.575087e-07	-2.211023e-09	-6.119237e+00	-1.285311e+02
4.510000e-06	-9.969256e-07	-2.336196e-09	-6.371141e+00	-1.357915e+02
4.520000e-06	-1.036259e-06	-2.461920e-09	-6.622515e+00	-1.429167e+02
4.530000e-06	-1.075550e-06	-2.581045e-09	-6.873610e+00	-1.499031e+02
4.540000e-06	-1.114779e-06	-2.691606e-09	-7.124318e+00	-1.567480e+02
4.550000e-06	-1.153919e-06	-2.801418e-09	-7.374454e+00	-1.634487e+02
4.560000e-06	-1.192946e-06	-2.913567e-09	-7.623867e+00	-1.700038e+02
4.570000e-06	-1.231873e-06	-3.022475e-09	-7.872641e+00	-1.764123e+02
4.580000e-06	-1.270652e-06	-3.125213e-09	-8.120467e+00	-1.826746e+02
4.590000e-06	-1.309220e-06	-3.229012e-09	-8.366950e+00	-1.887920e+02
4.600000e-06	-1.347558e-06	-3.336070e-09	-8.611958e+00	-1.947669e+02
4.610000e-06	-1.385697e-06	-3.439582e-09	-8.855696e+00	-2.006027e+02
4.620000e-06	-1.423629e-06	-3.534991e-09	-9.098115e+00	-2.063033e+02
4.630000e-06	-1.461235e-06	-3.628244e-09	-9.338445e+00	-2.118734e+02
4.640000e-06	-1.498391e-06	-3.723020e-09	-9.575903e+00	-2.173177e+02
4.650000e-06	-1.535155e-06	-3.813425e-09	-9.810854e+00	-2.226406e+02
4.660000e-06	-1.571585e-06	-3.897050e-09	-1.004367e+01	-2.278466e+02
4.670000e-06	-1.607654e-06	-3.978805e-09	-1.027418e+01	-2.329395e+02
4.680000e-06	-1.643496e-06	-4.062115e-09	-1.050323e+01	-2.379224e+02
4.690000e-06	-1.679173e-06	-4.143300e-09	-1.073124e+01	-2.427979e+02
4.700000e-06	-1.714750e-06	-4.222055e-09	-1.095860e+01	-2.475683e+02
4.710000e-06	-1.750277e-06	-4.300766e-09	-1.118565e+01	-2.522351e+02
4.720000e-06	-1.785719e-06	-4.381642e-09	-1.141216e+01	-2.567999e+02
4.730000e-06	-1.821079e-06	-4.459232e-09	-1.163813e+01	-2.612640e+02
4.740000e-06	-1.856277e-06	-4.529570e-09	-1.186308e+01	-2.656287e+02
4.750000e-06	-1.891293e-06	-4.597818e-09	-1.208685e+01	-2.698955e+02
4.760000e-06	-1.926064e-06	-4.667513e-09	-1.230907e+01	-2.740662e+02
4.770000e-06	-1.960577e-06	-4.734359e-09	-1.252964e+01	-2.781424e+02
4.780000e-06	-1.994882e-06	-4.796468e-09	-1.274887e+01	-2.821262e+02
4.790000e-06	-2.028919e-06	-4.860138e-09	-1.296639e+01	-2.860193e+02
4.800000e-06	-2.062653e-06	-4.927120e-09	-1.318198e+01	-2.898235e+02
4.810000e-06	-2.096168e-06	-4.990887e-09	-1.339617e+01	-2.935403e+02
4.820000e-06	-2.129530e-06	-5.048967e-09	-1.360938e+01	-2.971711e+02
4.830000e-06	-2.162633e-06	-5.106731e-09	-1.382093e+01	-3.007170e+02
4.840000e-06	-2.195439e-06	-5.166382e-09	-1.403059e+01	-3.041789e+02
4.850000e-06	-2.228010e-06	-5.221759e-09	-1.423874e+01	-3.075577e+02
4.860000e-06	-2.260277e-06	-5.271051e-09	-1.444496e+01	-3.108540e+02
4.870000e-06	-2.292236e-06	-5.319964e-09	-1.464920e+01	-3.140690e+02
4.880000e-06	-2.323973e-06	-5.371542e-09	-1.485202e+01	-3.172038e+02
4.890000e-06	-2.355480e-06	-5.424327e-09	-1.505338e+01	-3.202599e+02
4.900000e-06	-2.386837e-06	-5.474906e-09	-1.525377e+01	-3.232392e+02
4.910000e-06	-2.418047e-06	-5.523338e-09	-1.545323e+01	-3.261440e+02
4.920000e-06	-2.448978e-06	-5.570527e-09	-1.565090e+01	-3.289766e+02
4.930000e-06	-2.479569e-06	-5.615470e-09	-1.584640e+01	-3.317399e+02
4.940000e-06	-2.509783e-06	-5.657891e-09	-1.603950e+01	-3.344363e+02
4.950000e-06	-2.539476e-06	-5.698400e-09	-1.622925e+01	-3.370684e+02
4.960000e-06	-2.568606e-06	-5.737803e-09	-1.641542e+01	-3.396386e+02
4.970000e-06	-2.597220e-06	-5.777869e-09	-1.659828e+01	-3.421489e+02
4.980000e-06	-2.625380e-06	-5.818877e-09	-1.677825e+01	-3.446008e+02
4.990000e-06	-2.653213e-06	-5.859671e-09	-1.695613e+01	-3.469959e+02
5.000000e-06	-2.680835e-06	-5.899392e-09	-1.713265e+01	-3.493352e+02
5.010000e-06	-2.708284e-06	-5.937019e-09	-1.730807e+01	-3.516199e+02
5.020000e-06	-2.735546e-06	-5.972962e-09	-1.748230e+01	-3.538510e+02
5.030000e-06	-2.762531e-06	-6.008503e-09	-1.765475e+01	-3.560298e+02
5.040000e-06	-2.789191e-06	-6.043776e-09	-1.782513e+01	-3.581577e+02
5.050000e-06	-2.815509e-06	-6.077049e-09	-1.799332e+01	-3.602363e+02
5.060000e-06	-2.841463e-06	-6.108483e-09	-1.815919e+01	-3.622675e+02
5.070000e-06	-2.867092e-06	-6.140296e-09	-1.832298e+01	-3.642532e+02
5.080000e-06	-2.892401e-06	-6.171611e-09	-1.848473e+01	-3.661952e+02
5.090000e-06	-2.917421e-06	-6.201739e-09	-1.864462e+01	-3.680952e+02
5.100000e-06	-2.942032e-06	-6.232626e-09	-1.880191e+01	-3.699545e+02
5.110000e-06	-2.966233e-06	-6.264961e-09	-1.895657e+01	-3.717736e+02
5.120000e-06	-2.990095e-06	-6.295465e-09	-1.910907e+01	-3.735526e+02
5.130000e-06	-3.013673e-06	-6.322244e-09	-1.925975e+01	-3.752911e+02
5.140000e-06	-3.037063e-06	-6.348725e-09	-1.940923e+01	-3.769879e+02
5.150000e-06	-3.060242e-06	-6.374964e-09	-1.955736e+01	-3.786418e+02
5.160000e-06	-3.083108e-06	-6.399224e-09	-1.970349e+01	-3.802511e+02
5.170000e-06	-3.105433e-06	-6.421947e-09	-1.984617e+01	-3.818145e+02
5.180000e-06	-3.127236e-06	-6.444271e-09	-1.998550e+01	-3.833311e+02
5.190000e-06	-3.148453e-06	-6.469604e-09	-2.012110e+01	-3.848007e+02
5.200000e-06	-3.169005e-06	-6.496108e-09	-2.025245e+01	-3.862236e+02
5.210000e-06	-3.189125e-06	-6.520392e-09	-2.038103e+01	-3.876012e+02
5.220000e-06	-3.208916e-06	-6.544271e-09	-2.050751e+01	-3.889355e+02
5.230000e-06	-3.228414e-06	-6.567382e-09	-2.063211e+01	-3.902294e+02
5.240000e-06	-3.247709e-06	-6.586790e-09	-2.075542e+01	-3.914859e+02
5.250000e-06	-3.266794e-06	-6.602429e-09	-2.087739e+01	-3.927081e+02
5.260000e-06	-3.285489e-06	-6.619067e-09	-2.099687e+01	-3.938990e+02
5.270000e-06	-3.303748e-06	-6.637188e-09	-2.111356e+01	-3.950610e+02
5.280000e-06	-3.321586e-06	-6.655369e-09	-2.122755e+01	-3.961958e+02
5.290000e-06	-3.339033e-06	-6.675093e-09	-2.133905e+01	-3.973042e+02
5.300000e-06	-3.356137e-06	-6.696196e-09	-2.144836e+01	-3.983865e+02
5.310000e-06	-3.372913e-06	-6.715840e-09	-2.155558e+01	-3.994417e+02
5.320000e-06	-3.389315e-06	-6.733222e-09	-2.166040e+01	-4.004690e+02
5.330000e-06	-3.405290e-06	-6.748767e-09	-2.176249e+01	-4.014667e+02
5.340000e-06	-3.420916e-06	-6.763114e-09	-2.186235e+01	-4.024335e+02
5.350000e-06	-3.436287e-06	-6.779813e-09	-2.196059e+01	-4.033684e+02
5.360000e-06	-3.451384e-06	-6.797563e-09	-2.205707e+01	-4.042707e+02
5.370000e-06	-3.466025e-06	-6.814711e-09	-2.215064e+01	-4.051404e+02
5.380000e-06	-3.480032e-06	-6.830268e-09	-2.224015e+01	-4.059781e+02
5.390000e-06	-3.493279e-06	-6.843327e-09	-2.232481e+01	-4.067848e+02
5.400000e-06	-3.505810e-06	-6.855937e-09	-2.240490e+01	-4.075619e+02
5.410000e-06	-3.517834e-06	-6.867380e-09	-2.248174e+01	-4.083108e+02
5.420000e-06	-3.529432e-06	-6.877521e-09	-2.255585e+01	-4.090325e+02
5.430000e-06	-3.540673e-06	-6.888130e-09	-2.262770e+01	-4.097280e+02
5.440000e-06	-3.551492e-06	-6.900971e-09	-2.269683e+01	-4.103975e+02
5.450000e-06	-3.561776e-06	-6.915317e-09	-2.276256e+01	-4.110406e+02
5.460000e-06	-3.571647e-06	-6.926949e-09	-2.282564e+01	-4.116565e+02
5.470000e-06	-3.581218e-06	-6.934769e-09	-2.288681e+01	-4.122442e+02
5.480000e-06	-3.590418e-06	-6.940796e-09	-2.294560e+01	-4.128024e+02
5.490000e-06	-3.599188e-06	-6.947207e-09	-2.300166e+01	-4.133303e+02
5.500000e-06	-3.607525e-06	-6.953822e-09	-2.305493e+01	-4.138272e+02
5.510000e-06	-3.615426e-06	-6.962111e-09	-2.310543e+01	-4.142936e+02
5.520000e-06	-3.623020e-06	-6.973337e-09	-2.315396e+01	-4.147304e+02
5.530000e-06	-3.630364e-06	-6.986317e-09	-2.320089e+01	-4.151392e+02
5.540000e-06	-3.637334e-06	-6.998095e-09	-2.324544e+01	-4.155224e+02
5.550000e-06	-3.643781e-06	-7.005841e-09	-2.328664e+01	-4.158825e+02
5.560000e-06	-3.649580e-06	-7.009075e-09	-2.332369e+01	-4.162218e+02
5.570000e-06	-3.654694e-06	-7.011164e-09	-2.335638e+01	-4.165421e+02
5.580000e-06	-3.659205e-06	-7.013382e-09	-2.338521e+01	-4.168443e+02
5.590000e-06	-3.663218e-06	-7.014748e-09	-2.341086e+01	-4.171280e+02
5.600000e-06	-3.666875e-06	-7.018481e-09	-2.343423e+01	-4.173919e+02
5.610000e-06	-3.670246e-06	-7.026480e-09	-2.345577e+01	-4.176333e+02
5.620000e-06	-3.673341e-06	-7.034898e-09	-2.347555e+01	-4.178486e+02
5.630000e-06	-3.676035e-06	-7.038568e-09	-2.349277e+01	-4.180341e+02
5.640000e-06	-3.678214e-06	-7.040082e-09	-2.350669e+01	-4.181863e+02
5.650000e-06	-3.680002e-06	-7.043432e-09	-2.351812e+01	-4.183025e+02
5.660000e-06	-3.681471e-06	-7.046947e-09	-2.352750e+01	-4.183814e+02
5.670000e-06	-3.682449e-06	-7.046390e-09	-2.353376e+01	-4.184237e+02
5.680000e-06	-3.682946e-06	-7.046892e-09	-2.353693e+01	-4.184322e+02
5.690000e-06	-3.683091e-06	-7.049675e-09	-2.353786e+01	-4.184118e+02
