# Temperatura_=_20.0
# Concentracion g/m^3_=_9000.0
# C_Vs_to_Am_M_A/Vsm_=_59384043850.047264
# pendiente_HvsI_1/m_=_3716.3
# ordenada_HvsI_A/m_=_1297.0
# frecuencia_Hz_=_175667.50058716798

Tiempo_(s)	Campo_(V.s)	Magnetizacion_(V.s)	Campo_(kA/m)	Magnetizacion_(A/m)
0.000000e+00	-3.679813e-06	-7.093658e-09	-2.353083e+01	-4.202707e+02
1.000000e-08	-3.679701e-06	-7.095950e-09	-2.353011e+01	-4.202470e+02
2.000000e-08	-3.679324e-06	-7.095198e-09	-2.352770e+01	-4.202003e+02
3.000000e-08	-3.678738e-06	-7.097091e-09	-2.352395e+01	-4.201375e+02
4.000000e-08	-3.677824e-06	-7.110097e-09	-2.351811e+01	-4.200660e+02
5.000000e-08	-3.676374e-06	-7.124918e-09	-2.350884e+01	-4.199922e+02
6.000000e-08	-3.674328e-06	-7.121844e-09	-2.349575e+01	-4.199211e+02
7.000000e-08	-3.671593e-06	-7.096386e-09	-2.347826e+01	-4.198553e+02
8.000000e-08	-3.668113e-06	-7.045480e-09	-2.345601e+01	-4.197944e+02
9.000000e-08	-3.664070e-06	-6.961380e-09	-2.343015e+01	-4.197349e+02
1.000000e-07	-3.659652e-06	-7.012870e-09	-2.340190e+01	-4.196702e+02
1.100000e-07	-3.654972e-06	-7.215274e-09	-2.337197e+01	-4.195915e+02
1.200000e-07	-3.650060e-06	-7.231863e-09	-2.334057e+01	-4.194884e+02
1.300000e-07	-3.644772e-06	-6.940952e-09	-2.330675e+01	-4.193501e+02
1.400000e-07	-3.638972e-06	-6.915773e-09	-2.326966e+01	-4.191669e+02
1.500000e-07	-3.632799e-06	-7.243770e-09	-2.323019e+01	-4.189311e+02
1.600000e-07	-3.626280e-06	-7.142720e-09	-2.318851e+01	-4.186380e+02
1.700000e-07	-3.619188e-06	-6.777940e-09	-2.314316e+01	-4.182867e+02
1.800000e-07	-3.611556e-06	-6.893510e-09	-2.309435e+01	-4.178801e+02
1.900000e-07	-3.603655e-06	-7.143997e-09	-2.304383e+01	-4.174248e+02
2.000000e-07	-3.595464e-06	-7.041536e-09	-2.299145e+01	-4.169302e+02
2.100000e-07	-3.586920e-06	-6.961601e-09	-2.293681e+01	-4.164075e+02
2.200000e-07	-3.578077e-06	-7.009582e-09	-2.288027e+01	-4.158683e+02
2.300000e-07	-3.568726e-06	-6.853117e-09	-2.282047e+01	-4.153232e+02
2.400000e-07	-3.558604e-06	-6.947589e-09	-2.275574e+01	-4.147807e+02
2.500000e-07	-3.547748e-06	-7.180324e-09	-2.268633e+01	-4.142455e+02
2.600000e-07	-3.536379e-06	-6.888141e-09	-2.261363e+01	-4.137186e+02
2.700000e-07	-3.524484e-06	-6.720945e-09	-2.253757e+01	-4.131965e+02
2.800000e-07	-3.512091e-06	-7.081584e-09	-2.245831e+01	-4.126720e+02
2.900000e-07	-3.499340e-06	-7.156029e-09	-2.237678e+01	-4.121348e+02
3.000000e-07	-3.486167e-06	-6.715298e-09	-2.229254e+01	-4.115724e+02
3.100000e-07	-3.472501e-06	-6.689606e-09	-2.220516e+01	-4.109720e+02
3.200000e-07	-3.458395e-06	-7.024262e-09	-2.211495e+01	-4.103219e+02
3.300000e-07	-3.443897e-06	-7.009375e-09	-2.202224e+01	-4.096125e+02
3.400000e-07	-3.428998e-06	-6.725509e-09	-2.192697e+01	-4.088376e+02
3.500000e-07	-3.413416e-06	-6.710770e-09	-2.182733e+01	-4.079951e+02
3.600000e-07	-3.397045e-06	-6.945142e-09	-2.172264e+01	-4.070870e+02
3.700000e-07	-3.380122e-06	-6.913705e-09	-2.161443e+01	-4.061191e+02
3.800000e-07	-3.362896e-06	-6.670167e-09	-2.150427e+01	-4.051004e+02
3.900000e-07	-3.345332e-06	-6.700424e-09	-2.139196e+01	-4.040415e+02
4.000000e-07	-3.327380e-06	-6.869566e-09	-2.127716e+01	-4.029538e+02
4.100000e-07	-3.309133e-06	-6.783316e-09	-2.116048e+01	-4.018477e+02
4.200000e-07	-3.290541e-06	-6.673333e-09	-2.104160e+01	-4.007317e+02
4.300000e-07	-3.271447e-06	-6.674750e-09	-2.091950e+01	-3.996114e+02
4.400000e-07	-3.251786e-06	-6.704856e-09	-2.079377e+01	-3.984889e+02
4.500000e-07	-3.231795e-06	-6.708414e-09	-2.066594e+01	-3.973631e+02
4.600000e-07	-3.211604e-06	-6.641408e-09	-2.053683e+01	-3.962295e+02
4.700000e-07	-3.191224e-06	-6.572482e-09	-2.040651e+01	-3.950815e+02
4.800000e-07	-3.170590e-06	-6.630552e-09	-2.027457e+01	-3.939112e+02
4.900000e-07	-3.149644e-06	-6.649292e-09	-2.014062e+01	-3.927107e+02
5.000000e-07	-3.128308e-06	-6.534947e-09	-2.000418e+01	-3.914727e+02
5.100000e-07	-3.106535e-06	-6.487240e-09	-1.986496e+01	-3.901920e+02
5.200000e-07	-3.084425e-06	-6.538314e-09	-1.972358e+01	-3.888658e+02
5.300000e-07	-3.062036e-06	-6.537761e-09	-1.958041e+01	-3.874939e+02
5.400000e-07	-3.039283e-06	-6.458137e-09	-1.943491e+01	-3.860787e+02
5.500000e-07	-3.016148e-06	-6.415699e-09	-1.928697e+01	-3.846245e+02
5.600000e-07	-2.992595e-06	-6.441898e-09	-1.913636e+01	-3.831369e+02
5.700000e-07	-2.968625e-06	-6.449272e-09	-1.898308e+01	-3.816214e+02
5.800000e-07	-2.944411e-06	-6.364999e-09	-1.882825e+01	-3.800833e+02
5.900000e-07	-2.920004e-06	-6.307361e-09	-1.867217e+01	-3.785260e+02
6.000000e-07	-2.895360e-06	-6.347767e-09	-1.851458e+01	-3.769509e+02
6.100000e-07	-2.870420e-06	-6.350118e-09	-1.835510e+01	-3.753573e+02
6.200000e-07	-2.845081e-06	-6.257093e-09	-1.819307e+01	-3.737419e+02
6.300000e-07	-2.819254e-06	-6.207112e-09	-1.802792e+01	-3.720996e+02
6.400000e-07	-2.792865e-06	-6.240328e-09	-1.785918e+01	-3.704245e+02
6.500000e-07	-2.765830e-06	-6.232536e-09	-1.768630e+01	-3.687099e+02
6.600000e-07	-2.738294e-06	-6.152504e-09	-1.751022e+01	-3.669499e+02
6.700000e-07	-2.710441e-06	-6.101930e-09	-1.733211e+01	-3.651402e+02
6.800000e-07	-2.682314e-06	-6.117921e-09	-1.715225e+01	-3.632781e+02
6.900000e-07	-2.653951e-06	-6.105185e-09	-1.697088e+01	-3.613633e+02
7.000000e-07	-2.625392e-06	-6.022642e-09	-1.678825e+01	-3.593979e+02
7.100000e-07	-2.596626e-06	-5.968568e-09	-1.660431e+01	-3.573859e+02
7.200000e-07	-2.567582e-06	-5.983224e-09	-1.641859e+01	-3.553324e+02
7.300000e-07	-2.538191e-06	-5.973820e-09	-1.623064e+01	-3.532433e+02
7.400000e-07	-2.508450e-06	-5.897192e-09	-1.604046e+01	-3.511241e+02
7.500000e-07	-2.478436e-06	-5.838053e-09	-1.584854e+01	-3.489789e+02
7.600000e-07	-2.448185e-06	-5.836849e-09	-1.565510e+01	-3.468102e+02
7.700000e-07	-2.417646e-06	-5.820894e-09	-1.545981e+01	-3.446182e+02
7.800000e-07	-2.386804e-06	-5.750426e-09	-1.526258e+01	-3.424006e+02
7.900000e-07	-2.355767e-06	-5.693061e-09	-1.506412e+01	-3.401531e+02
8.000000e-07	-2.324427e-06	-5.687673e-09	-1.486372e+01	-3.378698e+02
8.100000e-07	-2.292682e-06	-5.671597e-09	-1.466072e+01	-3.355439e+02
8.200000e-07	-2.260724e-06	-5.601247e-09	-1.445636e+01	-3.331681e+02
8.300000e-07	-2.228669e-06	-5.535031e-09	-1.425138e+01	-3.307365e+02
8.400000e-07	-2.196492e-06	-5.518152e-09	-1.404563e+01	-3.282440e+02
8.500000e-07	-2.164133e-06	-5.498382e-09	-1.383870e+01	-3.256879e+02
8.600000e-07	-2.131537e-06	-5.434453e-09	-1.363026e+01	-3.230675e+02
8.700000e-07	-2.098700e-06	-5.373253e-09	-1.342028e+01	-3.203843e+02
8.800000e-07	-2.065633e-06	-5.352006e-09	-1.320883e+01	-3.176417e+02
8.900000e-07	-2.032283e-06	-5.325640e-09	-1.299558e+01	-3.148443e+02
9.000000e-07	-1.998553e-06	-5.257869e-09	-1.277989e+01	-3.119972e+02
9.100000e-07	-1.964367e-06	-5.185685e-09	-1.256128e+01	-3.091053e+02
9.200000e-07	-1.929800e-06	-5.151108e-09	-1.234024e+01	-3.061726e+02
9.300000e-07	-1.894934e-06	-5.121801e-09	-1.211729e+01	-3.032016e+02
9.400000e-07	-1.859699e-06	-5.058402e-09	-1.189198e+01	-3.001928e+02
9.500000e-07	-1.824116e-06	-4.987934e-09	-1.166444e+01	-2.971450e+02
9.600000e-07	-1.788271e-06	-4.950282e-09	-1.143523e+01	-2.940552e+02
9.700000e-07	-1.752249e-06	-4.918079e-09	-1.120488e+01	-2.909189e+02
9.800000e-07	-1.716039e-06	-4.853110e-09	-1.097333e+01	-2.877310e+02
9.900000e-07	-1.679663e-06	-4.780209e-09	-1.074072e+01	-2.844862e+02
1.000000e-06	-1.643240e-06	-4.736813e-09	-1.050782e+01	-2.811795e+02
1.010000e-06	-1.606747e-06	-4.695857e-09	-1.027446e+01	-2.778072e+02
1.020000e-06	-1.570144e-06	-4.623960e-09	-1.004040e+01	-2.743667e+02
1.030000e-06	-1.533402e-06	-4.546354e-09	-9.805450e+00	-2.708570e+02
1.040000e-06	-1.496454e-06	-4.496613e-09	-9.569182e+00	-2.672785e+02
1.050000e-06	-1.459301e-06	-4.456090e-09	-9.331606e+00	-2.636326e+02
1.060000e-06	-1.421962e-06	-4.389278e-09	-9.092840e+00	-2.599215e+02
1.070000e-06	-1.384395e-06	-4.313141e-09	-8.852610e+00	-2.561473e+02
1.080000e-06	-1.346651e-06	-4.259417e-09	-8.611254e+00	-2.523115e+02
1.090000e-06	-1.308724e-06	-4.209730e-09	-8.368731e+00	-2.484150e+02
1.100000e-06	-1.270605e-06	-4.133717e-09	-8.124977e+00	-2.444569e+02
1.110000e-06	-1.232390e-06	-4.048542e-09	-7.880607e+00	-2.404350e+02
1.120000e-06	-1.194043e-06	-3.983973e-09	-7.635395e+00	-2.363454e+02
1.130000e-06	-1.155505e-06	-3.928590e-09	-7.388958e+00	-2.321829e+02
1.140000e-06	-1.116825e-06	-3.855052e-09	-7.141616e+00	-2.279415e+02
1.150000e-06	-1.078089e-06	-3.772509e-09	-6.893918e+00	-2.236145e+02
1.160000e-06	-1.039270e-06	-3.704663e-09	-6.645688e+00	-2.191952e+02
1.170000e-06	-1.000290e-06	-3.642298e-09	-6.396423e+00	-2.146776e+02
1.180000e-06	-9.611596e-07	-3.560679e-09	-6.146203e+00	-2.100564e+02
1.190000e-06	-9.218983e-07	-3.469733e-09	-5.895144e+00	-2.053275e+02
1.200000e-06	-8.824927e-07	-3.391235e-09	-5.643162e+00	-2.004881e+02
1.210000e-06	-8.429793e-07	-3.319807e-09	-5.390491e+00	-1.955365e+02
1.220000e-06	-8.034149e-07	-3.233659e-09	-5.137494e+00	-1.904720e+02
1.230000e-06	-7.637450e-07	-3.138792e-09	-4.883821e+00	-1.852945e+02
1.240000e-06	-7.239187e-07	-3.053643e-09	-4.629149e+00	-1.800042e+02
1.250000e-06	-6.839917e-07	-2.971775e-09	-4.373833e+00	-1.746011e+02
1.260000e-06	-6.440151e-07	-2.873555e-09	-4.118200e+00	-1.690848e+02
1.270000e-06	-6.039734e-07	-2.766192e-09	-3.862150e+00	-1.634543e+02
1.280000e-06	-5.638489e-07	-2.671493e-09	-3.605572e+00	-1.577078e+02
1.290000e-06	-5.236631e-07	-2.583465e-09	-3.348601e+00	-1.518427e+02
1.300000e-06	-4.834436e-07	-2.482416e-09	-3.091414e+00	-1.458560e+02
1.310000e-06	-4.432420e-07	-2.372460e-09	-2.834342e+00	-1.397441e+02
1.320000e-06	-4.030337e-07	-2.269382e-09	-2.577228e+00	-1.335033e+02
1.330000e-06	-3.627460e-07	-2.169219e-09	-2.319605e+00	-1.271303e+02
1.340000e-06	-3.224028e-07	-2.057338e-09	-2.061627e+00	-1.206220e+02
1.350000e-06	-2.820387e-07	-1.935892e-09	-1.803517e+00	-1.139762e+02
1.360000e-06	-2.416533e-07	-1.819334e-09	-1.545269e+00	-1.071914e+02
1.370000e-06	-2.012681e-07	-1.708267e-09	-1.287023e+00	-1.002672e+02
1.380000e-06	-1.608635e-07	-1.591572e-09	-1.028653e+00	-9.320401e+01
1.390000e-06	-1.204128e-07	-1.466554e-09	-7.699880e-01	-8.600332e+01
1.400000e-06	-7.998326e-08	-1.345391e-09	-5.114586e-01	-7.866749e+01
1.410000e-06	-3.957796e-08	-1.225950e-09	-2.530841e-01	-7.119979e+01
1.420000e-06	8.506808e-10	-1.097259e-09	5.439739e-03	-6.360440e+01
1.430000e-06	4.125750e-08	-9.592016e-10	2.638240e-01	-5.588640e+01
1.440000e-06	8.163563e-08	-8.242258e-10	5.220248e-01	-4.805187e+01
1.450000e-06	1.220322e-07	-6.961251e-10	7.803433e-01	-4.010798e+01
1.460000e-06	1.624251e-07	-5.618761e-10	1.038639e+00	-3.206308e+01
1.470000e-06	2.027932e-07	-4.201784e-10	1.296775e+00	-2.392683e+01
1.480000e-06	2.431402e-07	-2.814062e-10	1.554777e+00	-1.571017e+01
1.490000e-06	2.834861e-07	-1.480613e-10	1.812772e+00	-7.425394e+00
1.500000e-06	3.237976e-07	-1.092967e-11	2.070547e+00	9.140272e-01
1.510000e-06	3.640925e-07	1.349104e-10	2.328215e+00	9.293586e+00
1.520000e-06	4.043895e-07	2.786827e-10	2.585897e+00	1.769802e+01
1.530000e-06	4.446469e-07	4.170752e-10	2.843326e+00	2.611164e+01
1.540000e-06	4.848784e-07	5.576706e-10	3.100589e+00	3.451870e+01
1.550000e-06	5.250630e-07	7.036333e-10	3.357553e+00	4.290373e+01
1.560000e-06	5.652384e-07	8.478910e-10	3.614457e+00	5.125191e+01
1.570000e-06	6.053724e-07	9.836708e-10	3.871097e+00	5.954932e+01
1.580000e-06	6.453957e-07	1.117490e-09	4.127029e+00	6.778314e+01
1.590000e-06	6.853111e-07	1.255857e-09	4.382270e+00	7.594173e+01
1.600000e-06	7.251054e-07	1.395190e-09	4.636738e+00	8.401465e+01
1.610000e-06	7.647806e-07	1.529658e-09	4.890444e+00	9.199261e+01
1.620000e-06	8.043538e-07	1.661572e-09	5.143498e+00	9.986730e+01
1.630000e-06	8.438161e-07	1.795942e-09	5.395842e+00	1.076313e+02
1.640000e-06	8.831987e-07	1.928116e-09	5.647677e+00	1.152780e+02
1.650000e-06	9.224708e-07	2.053375e-09	5.898805e+00	1.228013e+02
1.660000e-06	9.615689e-07	2.174311e-09	6.148821e+00	1.301958e+02
1.670000e-06	1.000521e-06	2.293548e-09	6.397902e+00	1.374567e+02
1.680000e-06	1.039358e-06	2.410036e-09	6.646248e+00	1.445798e+02
1.690000e-06	1.078088e-06	2.522049e-09	6.893910e+00	1.515618e+02
1.700000e-06	1.116760e-06	2.634977e-09	7.141200e+00	1.584002e+02
1.710000e-06	1.155348e-06	2.752268e-09	7.387956e+00	1.650938e+02
1.720000e-06	1.193772e-06	2.866776e-09	7.633658e+00	1.716420e+02
1.730000e-06	1.232080e-06	2.975753e-09	7.878620e+00	1.780457e+02
1.740000e-06	1.270272e-06	3.080815e-09	8.122844e+00	1.843068e+02
1.750000e-06	1.308334e-06	3.184325e-09	8.366235e+00	1.904279e+02
1.760000e-06	1.346172e-06	3.285597e-09	8.608194e+00	1.964124e+02
1.770000e-06	1.383791e-06	3.380527e-09	8.848748e+00	2.022641e+02
1.780000e-06	1.421288e-06	3.473775e-09	9.088526e+00	2.079869e+02
1.790000e-06	1.458604e-06	3.568539e-09	9.327144e+00	2.135846e+02
1.800000e-06	1.495707e-06	3.663179e-09	9.564405e+00	2.190606e+02
1.810000e-06	1.532601e-06	3.752300e-09	9.800326e+00	2.244179e+02
1.820000e-06	1.569379e-06	3.837274e-09	1.003550e+01	2.296589e+02
1.830000e-06	1.606089e-06	3.922944e-09	1.027025e+01	2.347853e+02
1.840000e-06	1.642671e-06	4.008194e-09	1.050417e+01	2.397988e+02
1.850000e-06	1.679148e-06	4.089551e-09	1.073743e+01	2.447003e+02
1.860000e-06	1.715544e-06	4.166728e-09	1.097017e+01	2.494910e+02
1.870000e-06	1.751792e-06	4.243756e-09	1.120196e+01	2.541721e+02
1.880000e-06	1.787877e-06	4.321037e-09	1.143270e+01	2.587450e+02
1.890000e-06	1.823815e-06	4.395110e-09	1.166252e+01	2.632117e+02
1.900000e-06	1.859490e-06	4.467036e-09	1.189064e+01	2.675744e+02
1.910000e-06	1.894812e-06	4.539991e-09	1.211651e+01	2.718358e+02
1.920000e-06	1.929789e-06	4.613057e-09	1.234017e+01	2.759987e+02
1.930000e-06	1.964328e-06	4.683354e-09	1.256103e+01	2.800662e+02
1.940000e-06	1.998414e-06	4.750219e-09	1.277900e+01	2.840413e+02
1.950000e-06	2.032051e-06	4.814730e-09	1.299409e+01	2.879267e+02
1.960000e-06	2.065243e-06	4.876417e-09	1.320635e+01	2.917250e+02
1.970000e-06	2.098172e-06	4.935341e-09	1.341691e+01	2.954380e+02
1.980000e-06	2.130971e-06	4.994223e-09	1.362664e+01	2.990677e+02
1.990000e-06	2.163614e-06	5.055712e-09	1.383538e+01	3.026152e+02
2.000000e-06	2.196070e-06	5.116099e-09	1.404292e+01	3.060819e+02
2.010000e-06	2.228396e-06	5.173983e-09	1.424963e+01	3.094688e+02
2.020000e-06	2.260603e-06	5.232991e-09	1.445558e+01	3.127773e+02
2.030000e-06	2.292579e-06	5.290080e-09	1.466006e+01	3.160088e+02
2.040000e-06	2.324244e-06	5.343908e-09	1.486254e+01	3.191651e+02
2.050000e-06	2.355540e-06	5.395479e-09	1.506267e+01	3.222483e+02
2.060000e-06	2.386497e-06	5.446478e-09	1.526062e+01	3.252606e+02
2.070000e-06	2.417174e-06	5.498930e-09	1.545679e+01	3.282046e+02
2.080000e-06	2.447570e-06	5.549428e-09	1.565116e+01	3.310823e+02
2.090000e-06	2.477729e-06	5.597889e-09	1.584401e+01	3.338957e+02
2.100000e-06	2.507681e-06	5.645679e-09	1.603554e+01	3.366464e+02
2.110000e-06	2.537365e-06	5.693072e-09	1.622536e+01	3.393353e+02
2.120000e-06	2.566697e-06	5.740809e-09	1.641292e+01	3.419627e+02
2.130000e-06	2.595756e-06	5.784659e-09	1.659875e+01	3.445283e+02
2.140000e-06	2.624563e-06	5.827392e-09	1.678295e+01	3.470315e+02
2.150000e-06	2.653136e-06	5.871675e-09	1.696567e+01	3.494716e+02
2.160000e-06	2.681567e-06	5.915384e-09	1.714747e+01	3.518480e+02
2.170000e-06	2.709833e-06	5.954599e-09	1.732822e+01	3.541604e+02
2.180000e-06	2.737866e-06	5.990303e-09	1.750748e+01	3.564095e+02
2.190000e-06	2.765517e-06	6.028195e-09	1.768429e+01	3.585966e+02
2.200000e-06	2.792598e-06	6.065687e-09	1.785747e+01	3.607241e+02
2.210000e-06	2.819010e-06	6.100336e-09	1.802636e+01	3.627952e+02
2.220000e-06	2.844879e-06	6.134517e-09	1.819178e+01	3.648138e+02
2.230000e-06	2.870246e-06	6.172371e-09	1.835399e+01	3.667841e+02
2.240000e-06	2.895179e-06	6.210853e-09	1.851343e+01	3.687103e+02
2.250000e-06	2.919847e-06	6.244247e-09	1.867117e+01	3.705963e+02
2.260000e-06	2.944254e-06	6.275144e-09	1.882724e+01	3.724449e+02
2.270000e-06	2.968407e-06	6.306721e-09	1.898169e+01	3.742581e+02
2.280000e-06	2.992288e-06	6.335647e-09	1.913440e+01	3.760363e+02
2.290000e-06	3.015820e-06	6.362506e-09	1.928488e+01	3.777789e+02
2.300000e-06	3.038934e-06	6.391162e-09	1.943268e+01	3.794840e+02
2.310000e-06	3.061642e-06	6.422949e-09	1.957789e+01	3.811491e+02
2.320000e-06	3.084018e-06	6.454710e-09	1.972097e+01	3.827710e+02
2.330000e-06	3.106105e-06	6.483568e-09	1.986221e+01	3.843469e+02
2.340000e-06	3.127893e-06	6.509254e-09	2.000154e+01	3.858743e+02
2.350000e-06	3.149321e-06	6.534408e-09	2.013856e+01	3.873520e+02
2.360000e-06	3.170321e-06	6.560535e-09	2.027284e+01	3.887799e+02
2.370000e-06	3.190994e-06	6.583241e-09	2.040504e+01	3.901592e+02
2.380000e-06	3.211480e-06	6.603755e-09	2.053603e+01	3.914926e+02
2.390000e-06	3.231785e-06	6.624930e-09	2.066588e+01	3.927837e+02
2.400000e-06	3.251755e-06	6.645917e-09	2.079358e+01	3.940368e+02
2.410000e-06	3.271306e-06	6.665246e-09	2.091860e+01	3.952566e+02
2.420000e-06	3.290440e-06	6.685517e-09	2.104095e+01	3.964473e+02
2.430000e-06	3.309072e-06	6.708193e-09	2.116009e+01	3.976123e+02
2.440000e-06	3.327215e-06	6.731297e-09	2.127611e+01	3.987541e+02
2.450000e-06	3.345016e-06	6.751512e-09	2.138994e+01	3.998735e+02
2.460000e-06	3.362477e-06	6.765547e-09	2.150160e+01	4.009704e+02
2.470000e-06	3.379610e-06	6.777259e-09	2.161116e+01	4.020431e+02
2.480000e-06	3.396376e-06	6.790218e-09	2.171837e+01	4.030894e+02
2.490000e-06	3.412599e-06	6.805144e-09	2.182211e+01	4.041065e+02
2.500000e-06	3.428265e-06	6.819217e-09	2.192228e+01	4.050914e+02
2.510000e-06	3.443377e-06	6.835499e-09	2.201892e+01	4.060421e+02
2.520000e-06	3.458035e-06	6.855888e-09	2.211265e+01	4.069569e+02
2.530000e-06	3.472356e-06	6.875197e-09	2.220423e+01	4.078356e+02
2.540000e-06	3.486239e-06	6.890540e-09	2.229300e+01	4.086789e+02
2.550000e-06	3.499657e-06	6.904190e-09	2.237881e+01	4.094884e+02
2.560000e-06	3.512660e-06	6.918216e-09	2.246195e+01	4.102667e+02
2.570000e-06	3.525252e-06	6.930421e-09	2.254247e+01	4.110164e+02
2.580000e-06	3.537473e-06	6.938785e-09	2.262062e+01	4.117402e+02
2.590000e-06	3.549206e-06	6.946071e-09	2.269565e+01	4.124404e+02
2.600000e-06	3.560324e-06	6.956388e-09	2.276674e+01	4.131181e+02
2.610000e-06	3.570815e-06	6.967502e-09	2.283383e+01	4.137736e+02
2.620000e-06	3.580649e-06	6.976299e-09	2.289672e+01	4.144063e+02
2.630000e-06	3.589834e-06	6.985620e-09	2.295545e+01	4.150143e+02
2.640000e-06	3.598584e-06	6.997346e-09	2.301140e+01	4.155956e+02
2.650000e-06	3.607030e-06	7.007563e-09	2.306541e+01	4.161477e+02
2.660000e-06	3.615163e-06	7.014592e-09	2.311742e+01	4.166685e+02
2.670000e-06	3.622974e-06	7.019810e-09	2.316737e+01	4.171564e+02
2.680000e-06	3.630385e-06	7.025916e-09	2.321476e+01	4.176110e+02
2.690000e-06	3.637365e-06	7.034357e-09	2.325939e+01	4.180329e+02
2.700000e-06	3.643912e-06	7.041305e-09	2.330125e+01	4.184238e+02
2.710000e-06	3.650039e-06	7.048040e-09	2.334043e+01	4.187861e+02
2.720000e-06	3.655689e-06	7.056554e-09	2.337656e+01	4.191228e+02
2.730000e-06	3.660829e-06	7.064136e-09	2.340943e+01	4.194369e+02
2.740000e-06	3.665637e-06	7.068942e-09	2.344017e+01	4.197309e+02
2.750000e-06	3.670246e-06	7.071413e-09	2.346965e+01	4.200063e+02
2.760000e-06	3.674578e-06	7.073535e-09	2.349735e+01	4.202633e+02
2.770000e-06	3.678496e-06	7.076422e-09	2.352240e+01	4.205009e+02
2.780000e-06	3.681875e-06	7.078208e-09	2.354401e+01	4.207168e+02
2.790000e-06	3.684622e-06	7.078301e-09	2.356158e+01	4.209077e+02
2.800000e-06	3.686709e-06	7.076650e-09	2.357492e+01	4.210699e+02
2.810000e-06	3.688106e-06	7.076367e-09	2.358385e+01	4.212001e+02
2.820000e-06	3.688956e-06	7.076750e-09	2.358929e+01	4.212958e+02
2.830000e-06	3.689513e-06	7.076491e-09	2.359286e+01	4.213559e+02
2.840000e-06	3.689816e-06	7.079471e-09	2.359479e+01	4.213813e+02
2.850000e-06	3.689818e-06	7.085350e-09	2.359480e+01	4.213750e+02
2.860000e-06	3.689350e-06	7.094473e-09	2.359181e+01	4.213419e+02
2.870000e-06	3.688377e-06	7.095839e-09	2.358559e+01	4.212882e+02
2.880000e-06	3.687065e-06	7.079735e-09	2.357720e+01	4.212213e+02
2.890000e-06	3.685427e-06	7.059143e-09	2.356672e+01	4.211482e+02
2.900000e-06	3.683429e-06	7.063185e-09	2.355395e+01	4.210750e+02
2.910000e-06	3.681013e-06	7.077788e-09	2.353850e+01	4.210057e+02
2.920000e-06	3.678191e-06	7.123161e-09	2.352045e+01	4.209419e+02
2.930000e-06	3.675021e-06	7.235253e-09	2.350018e+01	4.208821e+02
2.940000e-06	3.671413e-06	7.159836e-09	2.347711e+01	4.208216e+02
2.950000e-06	3.667305e-06	6.884372e-09	2.345084e+01	4.207527e+02
2.960000e-06	3.662793e-06	6.884479e-09	2.342199e+01	4.206661e+02
2.970000e-06	3.658080e-06	7.183820e-09	2.339185e+01	4.205510e+02
2.980000e-06	3.652840e-06	7.186045e-09	2.335834e+01	4.203970e+02
2.990000e-06	3.646679e-06	6.875672e-09	2.331895e+01	4.201948e+02
3.000000e-06	3.639878e-06	7.055988e-09	2.327546e+01	4.199378e+02
3.010000e-06	3.632703e-06	7.404266e-09	2.322958e+01	4.196228e+02
3.020000e-06	3.625134e-06	7.157810e-09	2.318117e+01	4.192502e+02
3.030000e-06	3.617144e-06	6.936624e-09	2.313008e+01	4.188244e+02
3.040000e-06	3.609025e-06	7.106562e-09	2.307816e+01	4.183531e+02
3.050000e-06	3.600666e-06	7.114589e-09	2.302472e+01	4.178465e+02
3.060000e-06	3.591590e-06	6.985118e-09	2.296667e+01	4.173163e+02
3.070000e-06	3.582018e-06	7.184189e-09	2.290547e+01	4.167737e+02
3.080000e-06	3.572239e-06	7.051142e-09	2.284294e+01	4.162288e+02
3.090000e-06	3.562009e-06	6.719413e-09	2.277752e+01	4.156886e+02
3.100000e-06	3.551180e-06	7.106403e-09	2.270827e+01	4.151566e+02
3.110000e-06	3.539880e-06	7.277869e-09	2.263601e+01	4.146321e+02
3.120000e-06	3.528284e-06	6.793522e-09	2.256186e+01	4.141102e+02
3.130000e-06	3.516373e-06	6.854269e-09	2.248570e+01	4.135822e+02
3.140000e-06	3.503721e-06	7.365315e-09	2.240479e+01	4.130370e+02
3.150000e-06	3.490222e-06	7.153512e-09	2.231847e+01	4.124619e+02
3.160000e-06	3.476197e-06	6.749024e-09	2.222879e+01	4.118441e+02
3.170000e-06	3.461730e-06	6.899344e-09	2.213628e+01	4.111727e+02
3.180000e-06	3.446703e-06	7.152075e-09	2.204019e+01	4.104392e+02
3.190000e-06	3.431322e-06	7.041233e-09	2.194183e+01	4.096390e+02
3.200000e-06	3.415740e-06	6.752009e-09	2.184219e+01	4.087714e+02
3.210000e-06	3.399711e-06	6.811817e-09	2.173969e+01	4.078400e+02
3.220000e-06	3.383149e-06	7.125643e-09	2.163378e+01	4.068519e+02
3.230000e-06	3.366234e-06	6.965689e-09	2.152562e+01	4.058168e+02
3.240000e-06	3.348976e-06	6.637928e-09	2.141526e+01	4.047458e+02
3.250000e-06	3.331354e-06	6.848315e-09	2.130258e+01	4.036500e+02
3.260000e-06	3.313356e-06	6.992766e-09	2.118749e+01	4.025393e+02
3.270000e-06	3.294915e-06	6.806510e-09	2.106957e+01	4.014212e+02
3.280000e-06	3.276146e-06	6.718330e-09	2.094955e+01	4.003000e+02
3.290000e-06	3.257093e-06	6.759610e-09	2.082771e+01	3.991765e+02
3.300000e-06	3.237795e-06	6.817972e-09	2.070431e+01	3.980484e+02
3.310000e-06	3.218269e-06	6.781602e-09	2.057945e+01	3.969103e+02
3.320000e-06	3.198433e-06	6.616521e-09	2.045261e+01	3.957549e+02
3.330000e-06	3.178216e-06	6.638726e-09	2.032332e+01	3.945742e+02
3.340000e-06	3.157506e-06	6.760227e-09	2.019090e+01	3.933603e+02
3.350000e-06	3.136124e-06	6.688141e-09	2.005416e+01	3.921068e+02
3.360000e-06	3.113943e-06	6.573094e-09	1.991233e+01	3.908092e+02
3.370000e-06	3.091174e-06	6.562664e-09	1.976673e+01	3.894657e+02
3.380000e-06	3.068096e-06	6.627410e-09	1.961915e+01	3.880772e+02
3.390000e-06	3.044796e-06	6.607003e-09	1.947016e+01	3.866468e+02
3.400000e-06	3.021306e-06	6.475872e-09	1.931995e+01	3.851793e+02
3.410000e-06	2.997550e-06	6.445453e-09	1.916805e+01	3.836805e+02
3.420000e-06	2.973430e-06	6.530341e-09	1.901381e+01	3.821560e+02
3.430000e-06	2.948956e-06	6.504492e-09	1.885731e+01	3.806104e+02
3.440000e-06	2.924145e-06	6.375605e-09	1.869865e+01	3.790464e+02
3.450000e-06	2.898995e-06	6.345234e-09	1.853783e+01	3.774646e+02
3.460000e-06	2.873494e-06	6.424541e-09	1.837476e+01	3.758632e+02
3.470000e-06	2.847614e-06	6.395921e-09	1.820927e+01	3.742384e+02
3.480000e-06	2.821385e-06	6.264560e-09	1.804154e+01	3.725846e+02
3.490000e-06	2.794821e-06	6.243513e-09	1.787168e+01	3.708953e+02
3.500000e-06	2.767979e-06	6.295859e-09	1.770004e+01	3.691643e+02
3.510000e-06	2.740912e-06	6.263764e-09	1.752696e+01	3.673861e+02
3.520000e-06	2.713609e-06	6.154273e-09	1.735237e+01	3.655569e+02
3.530000e-06	2.686078e-06	6.116078e-09	1.717632e+01	3.636749e+02
3.540000e-06	2.658314e-06	6.164859e-09	1.699878e+01	3.617408e+02
3.550000e-06	2.630263e-06	6.134117e-09	1.681940e+01	3.597574e+02
3.560000e-06	2.601860e-06	6.027392e-09	1.663778e+01	3.577291e+02
3.570000e-06	2.572925e-06	5.991475e-09	1.645275e+01	3.556616e+02
3.580000e-06	2.543365e-06	6.020105e-09	1.626373e+01	3.535606e+02
3.590000e-06	2.513333e-06	5.989360e-09	1.607169e+01	3.514312e+02
3.600000e-06	2.482824e-06	5.892014e-09	1.587659e+01	3.492770e+02
3.610000e-06	2.451956e-06	5.845786e-09	1.567921e+01	3.470996e+02
3.620000e-06	2.420891e-06	5.864247e-09	1.548056e+01	3.448984e+02
3.630000e-06	2.389637e-06	5.831422e-09	1.528070e+01	3.426702e+02
3.640000e-06	2.358233e-06	5.740425e-09	1.507989e+01	3.404101e+02
3.650000e-06	2.326621e-06	5.689739e-09	1.487774e+01	3.381116e+02
3.660000e-06	2.294748e-06	5.698578e-09	1.467393e+01	3.357677e+02
3.670000e-06	2.262578e-06	5.671266e-09	1.446822e+01	3.333717e+02
3.680000e-06	2.230167e-06	5.584219e-09	1.426096e+01	3.309176e+02
3.690000e-06	2.197507e-06	5.529356e-09	1.405211e+01	3.284015e+02
3.700000e-06	2.164577e-06	5.524403e-09	1.384154e+01	3.258212e+02
3.710000e-06	2.131414e-06	5.491525e-09	1.362948e+01	3.231770e+02
3.720000e-06	2.098065e-06	5.405554e-09	1.341622e+01	3.204710e+02
3.730000e-06	2.064522e-06	5.343452e-09	1.320173e+01	3.177073e+02
3.740000e-06	2.030713e-06	5.332073e-09	1.298554e+01	3.148906e+02
3.750000e-06	1.996637e-06	5.302116e-09	1.276763e+01	3.120262e+02
3.760000e-06	1.962270e-06	5.221962e-09	1.254787e+01	3.091186e+02
3.770000e-06	1.927634e-06	5.156244e-09	1.232640e+01	3.061712e+02
3.780000e-06	1.892794e-06	5.135031e-09	1.210361e+01	3.031861e+02
3.790000e-06	1.857738e-06	5.098106e-09	1.187944e+01	3.001629e+02
3.800000e-06	1.822491e-06	5.012866e-09	1.165405e+01	2.970998e+02
3.810000e-06	1.787143e-06	4.939962e-09	1.142801e+01	2.939931e+02
3.820000e-06	1.751712e-06	4.912139e-09	1.120145e+01	2.908381e+02
3.830000e-06	1.716185e-06	4.875039e-09	1.097427e+01	2.876294e+02
3.840000e-06	1.680552e-06	4.795538e-09	1.074641e+01	2.843619e+02
3.850000e-06	1.644737e-06	4.723510e-09	1.051739e+01	2.810310e+02
3.860000e-06	1.608701e-06	4.690111e-09	1.028695e+01	2.776333e+02
3.870000e-06	1.572443e-06	4.646512e-09	1.005510e+01	2.741668e+02
3.880000e-06	1.535976e-06	4.564038e-09	9.821910e+00	2.706312e+02
3.890000e-06	1.499215e-06	4.483180e-09	9.586836e+00	2.670272e+02
3.900000e-06	1.462080e-06	4.435568e-09	9.349372e+00	2.633566e+02
3.910000e-06	1.424606e-06	4.386564e-09	9.109742e+00	2.596216e+02
3.920000e-06	1.386808e-06	4.306492e-09	8.868045e+00	2.558241e+02
3.930000e-06	1.348775e-06	4.227467e-09	8.624838e+00	2.519655e+02
3.940000e-06	1.310531e-06	4.175621e-09	8.380286e+00	2.480461e+02
3.950000e-06	1.272033e-06	4.121041e-09	8.134106e+00	2.440644e+02
3.960000e-06	1.233261e-06	4.036241e-09	7.886177e+00	2.400176e+02
3.970000e-06	1.194285e-06	3.947969e-09	7.636942e+00	2.359013e+02
3.980000e-06	1.155166e-06	3.885391e-09	7.386792e+00	2.317100e+02
3.990000e-06	1.115906e-06	3.824203e-09	7.135738e+00	2.274372e+02
4.000000e-06	1.076600e-06	3.738866e-09	6.884397e+00	2.230763e+02
4.010000e-06	1.037259e-06	3.650646e-09	6.632828e+00	2.186208e+02
4.020000e-06	9.978496e-07	3.585149e-09	6.380820e+00	2.140649e+02
4.030000e-06	9.583829e-07	3.520557e-09	6.128447e+00	2.094037e+02
4.040000e-06	9.188593e-07	3.429955e-09	5.875711e+00	2.046336e+02
4.050000e-06	8.792753e-07	3.331765e-09	5.622588e+00	1.997523e+02
4.060000e-06	8.396487e-07	3.253529e-09	5.369193e+00	1.947584e+02
4.070000e-06	8.000165e-07	3.179431e-09	5.115762e+00	1.896515e+02
4.080000e-06	7.603246e-07	3.086914e-09	4.861949e+00	1.844317e+02
4.090000e-06	7.205088e-07	2.989337e-09	4.607345e+00	1.790990e+02
4.100000e-06	6.805964e-07	2.903282e-09	4.352122e+00	1.736535e+02
4.110000e-06	6.406014e-07	2.817048e-09	4.096371e+00	1.680945e+02
4.120000e-06	6.005379e-07	2.711674e-09	3.840182e+00	1.624208e+02
4.130000e-06	5.604361e-07	2.602139e-09	3.583748e+00	1.566301e+02
4.140000e-06	5.202393e-07	2.509010e-09	3.326707e+00	1.507198e+02
4.150000e-06	4.799803e-07	2.420219e-09	3.069268e+00	1.446866e+02
4.160000e-06	4.396747e-07	2.317206e-09	2.811531e+00	1.385268e+02
4.170000e-06	3.993747e-07	2.206572e-09	2.553830e+00	1.322368e+02
4.180000e-06	3.591121e-07	2.104297e-09	2.296368e+00	1.258133e+02
4.190000e-06	3.187376e-07	2.000372e-09	2.038190e+00	1.192536e+02
4.200000e-06	2.782344e-07	1.879266e-09	1.779189e+00	1.125558e+02
4.210000e-06	2.377304e-07	1.752620e-09	1.520184e+00	1.057187e+02
4.220000e-06	1.971973e-07	1.638928e-09	1.260992e+00	9.874226e+01
4.230000e-06	1.566345e-07	1.528758e-09	1.001611e+00	9.162727e+01
4.240000e-06	1.160252e-07	1.406346e-09	7.419311e-01	8.437555e+01
4.250000e-06	7.533286e-08	1.278775e-09	4.817213e-01	7.698983e+01
4.260000e-06	3.465976e-08	1.156916e-09	2.216343e-01	6.947369e+01
4.270000e-06	-5.918057e-09	1.034062e-09	-3.784344e-02	6.183165e+01
4.280000e-06	-4.650083e-08	8.989094e-10	-2.973529e-01	5.406917e+01
4.290000e-06	-8.719277e-08	7.564137e-10	-5.575603e-01	4.619271e+01
4.300000e-06	-1.278486e-07	6.230396e-10	-8.175372e-01	3.820987e+01
4.310000e-06	-1.683909e-07	4.930653e-10	-1.076788e+00	3.012950e+01
4.320000e-06	-2.088760e-07	3.516457e-10	-1.335673e+00	2.196172e+01
4.330000e-06	-2.493926e-07	2.077981e-10	-1.594759e+00	1.371799e+01
4.340000e-06	-2.899981e-07	7.211333e-11	-1.854413e+00	5.411067e+00
4.350000e-06	-3.305374e-07	-6.101962e-11	-2.113645e+00	-2.945171e+00
4.360000e-06	-3.709174e-07	-2.047755e-10	-2.371858e+00	-1.133590e+01
4.370000e-06	-4.112409e-07	-3.541319e-10	-2.629709e+00	-1.974565e+01
4.380000e-06	-4.515056e-07	-4.950845e-10	-2.887184e+00	-2.815866e+01
4.390000e-06	-4.916575e-07	-6.307383e-10	-3.143938e+00	-3.655926e+01
4.400000e-06	-5.317013e-07	-7.729162e-10	-3.400002e+00	-4.493218e+01
4.410000e-06	-5.716936e-07	-9.175933e-10	-3.655735e+00	-5.326292e+01
4.420000e-06	-6.116615e-07	-1.056200e-09	-3.911313e+00	-6.153795e+01
4.430000e-06	-6.515973e-07	-1.192825e-09	-4.166685e+00	-6.974487e+01
4.440000e-06	-6.914191e-07	-1.333240e-09	-4.421328e+00	-7.787251e+01
4.450000e-06	-7.311231e-07	-1.473185e-09	-4.675218e+00	-8.591087e+01
4.460000e-06	-7.708212e-07	-1.602459e-09	-4.929071e+00	-9.385104e+01
4.470000e-06	-8.105011e-07	-1.727584e-09	-5.182807e+00	-1.016851e+02
4.480000e-06	-8.500931e-07	-1.858762e-09	-5.435981e+00	-1.094059e+02
4.490000e-06	-8.896306e-07	-1.992391e-09	-5.688806e+00	-1.170070e+02
4.500000e-06	-9.291432e-07	-2.119065e-09	-5.941472e+00	-1.244826e+02
4.510000e-06	-9.686098e-07	-2.242085e-09	-6.193844e+00	-1.318275e+02
4.520000e-06	-1.008028e-06	-2.369504e-09	-6.445905e+00	-1.390372e+02
4.530000e-06	-1.047394e-06	-2.496488e-09	-6.697633e+00	-1.461078e+02
4.540000e-06	-1.086697e-06	-2.612691e-09	-6.948960e+00	-1.530362e+02
4.550000e-06	-1.125950e-06	-2.720941e-09	-7.199970e+00	-1.598204e+02
4.560000e-06	-1.165105e-06	-2.830745e-09	-7.450345e+00	-1.664594e+02
4.570000e-06	-1.204093e-06	-2.940838e-09	-7.699660e+00	-1.729534e+02
4.580000e-06	-1.242915e-06	-3.046299e-09	-7.947909e+00	-1.793034e+02
4.590000e-06	-1.281578e-06	-3.148090e-09	-8.195140e+00	-1.855116e+02
4.600000e-06	-1.320048e-06	-3.252373e-09	-8.441138e+00	-1.915811e+02
4.610000e-06	-1.358206e-06	-3.359798e-09	-8.685144e+00	-1.975154e+02
4.620000e-06	-1.396117e-06	-3.462999e-09	-8.927566e+00	-2.033183e+02
4.630000e-06	-1.433689e-06	-3.558266e-09	-9.167823e+00	-2.089937e+02
4.640000e-06	-1.470864e-06	-3.653546e-09	-9.405544e+00	-2.145454e+02
4.650000e-06	-1.507836e-06	-3.747940e-09	-9.641965e+00	-2.199766e+02
4.660000e-06	-1.544562e-06	-3.834885e-09	-9.876811e+00	-2.252901e+02
4.670000e-06	-1.580921e-06	-3.915188e-09	-1.010931e+01	-2.304879e+02
4.680000e-06	-1.616970e-06	-3.995628e-09	-1.033983e+01	-2.355719e+02
4.690000e-06	-1.652799e-06	-4.079729e-09	-1.056894e+01	-2.405432e+02
4.700000e-06	-1.688452e-06	-4.162259e-09	-1.079693e+01	-2.454031e+02
4.710000e-06	-1.724007e-06	-4.242542e-09	-1.102428e+01	-2.501525e+02
4.720000e-06	-1.759480e-06	-4.325161e-09	-1.125112e+01	-2.547929e+02
4.730000e-06	-1.794899e-06	-4.408574e-09	-1.147761e+01	-2.593258e+02
4.740000e-06	-1.830237e-06	-4.485933e-09	-1.170358e+01	-2.637532e+02
4.750000e-06	-1.865424e-06	-4.553773e-09	-1.192858e+01	-2.680776e+02
4.760000e-06	-1.900410e-06	-4.619785e-09	-1.215231e+01	-2.723017e+02
4.770000e-06	-1.935112e-06	-4.686647e-09	-1.237421e+01	-2.764285e+02
4.780000e-06	-1.969483e-06	-4.750704e-09	-1.259400e+01	-2.804611e+02
4.790000e-06	-2.003589e-06	-4.814066e-09	-1.281209e+01	-2.844022e+02
4.800000e-06	-2.037489e-06	-4.879984e-09	-1.302887e+01	-2.882547e+02
4.810000e-06	-2.071180e-06	-4.947404e-09	-1.324431e+01	-2.920208e+02
4.820000e-06	-2.104658e-06	-5.010532e-09	-1.345838e+01	-2.957024e+02
4.830000e-06	-2.137896e-06	-5.067383e-09	-1.367093e+01	-2.993011e+02
4.840000e-06	-2.170906e-06	-5.122334e-09	-1.388201e+01	-3.028182e+02
4.850000e-06	-2.203662e-06	-5.178542e-09	-1.409147e+01	-3.062549e+02
4.860000e-06	-2.236081e-06	-5.231036e-09	-1.429878e+01	-3.096123e+02
4.870000e-06	-2.268177e-06	-5.279991e-09	-1.450402e+01	-3.128917e+02
4.880000e-06	-2.300016e-06	-5.332421e-09	-1.470762e+01	-3.160948e+02
4.890000e-06	-2.331645e-06	-5.388371e-09	-1.490987e+01	-3.192234e+02
4.900000e-06	-2.363127e-06	-5.441684e-09	-1.511119e+01	-3.222798e+02
4.910000e-06	-2.394445e-06	-5.490142e-09	-1.531145e+01	-3.252662e+02
4.920000e-06	-2.425506e-06	-5.539035e-09	-1.551007e+01	-3.281851e+02
4.930000e-06	-2.456252e-06	-5.588813e-09	-1.570668e+01	-3.310385e+02
4.940000e-06	-2.486650e-06	-5.633771e-09	-1.590106e+01	-3.338283e+02
4.950000e-06	-2.516633e-06	-5.675248e-09	-1.609279e+01	-3.365558e+02
4.960000e-06	-2.546144e-06	-5.716993e-09	-1.628150e+01	-3.392216e+02
4.970000e-06	-2.575115e-06	-5.759255e-09	-1.646675e+01	-3.418259e+02
4.980000e-06	-2.603522e-06	-5.799684e-09	-1.664841e+01	-3.443682e+02
4.990000e-06	-2.631483e-06	-5.837192e-09	-1.682720e+01	-3.468479e+02
5.000000e-06	-2.659195e-06	-5.875211e-09	-1.700441e+01	-3.492641e+02
5.010000e-06	-2.686766e-06	-5.916291e-09	-1.718071e+01	-3.516165e+02
5.020000e-06	-2.714196e-06	-5.956273e-09	-1.735612e+01	-3.539051e+02
5.030000e-06	-2.741431e-06	-5.992731e-09	-1.753028e+01	-3.561308e+02
5.040000e-06	-2.768362e-06	-6.029276e-09	-1.770248e+01	-3.582952e+02
5.050000e-06	-2.794872e-06	-6.066864e-09	-1.787201e+01	-3.604012e+02
5.060000e-06	-2.820973e-06	-6.100013e-09	-1.803891e+01	-3.624521e+02
5.070000e-06	-2.846713e-06	-6.126702e-09	-1.820351e+01	-3.644521e+02
5.080000e-06	-2.872187e-06	-6.153513e-09	-1.836640e+01	-3.664054e+02
5.090000e-06	-2.897416e-06	-6.184342e-09	-1.852773e+01	-3.683162e+02
5.100000e-06	-2.922315e-06	-6.217936e-09	-1.868695e+01	-3.701878e+02
5.110000e-06	-2.946790e-06	-6.251448e-09	-1.884346e+01	-3.720230e+02
5.120000e-06	-2.970830e-06	-6.284912e-09	-1.899718e+01	-3.738231e+02
5.130000e-06	-2.994564e-06	-6.317796e-09	-1.914895e+01	-3.755882e+02
5.140000e-06	-3.018133e-06	-6.346827e-09	-1.929966e+01	-3.773170e+02
5.150000e-06	-3.041532e-06	-6.370301e-09	-1.944929e+01	-3.790075e+02
5.160000e-06	-3.064682e-06	-6.392574e-09	-1.959733e+01	-3.806567e+02
5.170000e-06	-3.087440e-06	-6.415027e-09	-1.974285e+01	-3.822617e+02
5.180000e-06	-3.109618e-06	-6.436498e-09	-1.988468e+01	-3.838197e+02
5.190000e-06	-3.131267e-06	-6.459878e-09	-2.002311e+01	-3.853286e+02
5.200000e-06	-3.152347e-06	-6.489185e-09	-2.015791e+01	-3.867876e+02
5.210000e-06	-3.172820e-06	-6.520808e-09	-2.028882e+01	-3.881970e+02
5.220000e-06	-3.192832e-06	-6.548151e-09	-2.041679e+01	-3.895587e+02
5.230000e-06	-3.212537e-06	-6.571331e-09	-2.054280e+01	-3.908758e+02
5.240000e-06	-3.232040e-06	-6.591820e-09	-2.066751e+01	-3.921522e+02
5.250000e-06	-3.251321e-06	-6.610645e-09	-2.079080e+01	-3.933923e+02
5.260000e-06	-3.270277e-06	-6.626553e-09	-2.091202e+01	-3.946007e+02
5.270000e-06	-3.288840e-06	-6.642069e-09	-2.103072e+01	-3.957814e+02
5.280000e-06	-3.306976e-06	-6.662033e-09	-2.114669e+01	-3.969375e+02
5.290000e-06	-3.324723e-06	-6.686916e-09	-2.126018e+01	-3.980709e+02
5.300000e-06	-3.342170e-06	-6.712323e-09	-2.137175e+01	-3.991820e+02
5.310000e-06	-3.359270e-06	-6.733029e-09	-2.148109e+01	-4.002701e+02
5.320000e-06	-3.375924e-06	-6.751175e-09	-2.158758e+01	-4.013332e+02
5.330000e-06	-3.392161e-06	-6.768950e-09	-2.169141e+01	-4.023689e+02
5.340000e-06	-3.408049e-06	-6.784365e-09	-2.179301e+01	-4.033743e+02
5.350000e-06	-3.423623e-06	-6.796980e-09	-2.189260e+01	-4.043466e+02
5.360000e-06	-3.438941e-06	-6.810942e-09	-2.199055e+01	-4.052840e+02
5.370000e-06	-3.453867e-06	-6.829647e-09	-2.208600e+01	-4.061852e+02
5.380000e-06	-3.468129e-06	-6.849788e-09	-2.217719e+01	-4.070505e+02
5.390000e-06	-3.481629e-06	-6.866029e-09	-2.226352e+01	-4.078809e+02
5.400000e-06	-3.494484e-06	-6.878732e-09	-2.234573e+01	-4.086784e+02
5.410000e-06	-3.506823e-06	-6.892558e-09	-2.242463e+01	-4.094457e+02
5.420000e-06	-3.518701e-06	-6.906339e-09	-2.250058e+01	-4.101854e+02
5.430000e-06	-3.530152e-06	-6.916936e-09	-2.257381e+01	-4.109002e+02
5.440000e-06	-3.541225e-06	-6.927348e-09	-2.264462e+01	-4.115918e+02
5.450000e-06	-3.551897e-06	-6.940502e-09	-2.271286e+01	-4.122613e+02
5.460000e-06	-3.562061e-06	-6.953551e-09	-2.277785e+01	-4.129084e+02
5.470000e-06	-3.571800e-06	-6.964048e-09	-2.284013e+01	-4.135320e+02
5.480000e-06	-3.581227e-06	-6.972646e-09	-2.290041e+01	-4.141304e+02
5.490000e-06	-3.590193e-06	-6.980666e-09	-2.295775e+01	-4.147010e+02
5.500000e-06	-3.598697e-06	-6.987572e-09	-2.301212e+01	-4.152416e+02
5.510000e-06	-3.606841e-06	-6.994378e-09	-2.306420e+01	-4.157502e+02
5.520000e-06	-3.614635e-06	-7.004565e-09	-2.311404e+01	-4.162257e+02
5.530000e-06	-3.622161e-06	-7.017507e-09	-2.316216e+01	-4.166679e+02
5.540000e-06	-3.629389e-06	-7.029495e-09	-2.320839e+01	-4.170779e+02
5.550000e-06	-3.636200e-06	-7.038393e-09	-2.325194e+01	-4.174577e+02
5.560000e-06	-3.642481e-06	-7.043353e-09	-2.329210e+01	-4.178101e+02
5.570000e-06	-3.648134e-06	-7.047223e-09	-2.332825e+01	-4.181380e+02
5.580000e-06	-3.653146e-06	-7.051015e-09	-2.336030e+01	-4.184444e+02
5.590000e-06	-3.657518e-06	-7.053901e-09	-2.338826e+01	-4.187313e+02
5.600000e-06	-3.661379e-06	-7.057771e-09	-2.341294e+01	-4.189998e+02
5.610000e-06	-3.664977e-06	-7.063227e-09	-2.343596e+01	-4.192498e+02
5.620000e-06	-3.668284e-06	-7.070604e-09	-2.345710e+01	-4.194796e+02
5.630000e-06	-3.671192e-06	-7.077778e-09	-2.347569e+01	-4.196866e+02
5.640000e-06	-3.673700e-06	-7.083600e-09	-2.349173e+01	-4.198672e+02
5.650000e-06	-3.675753e-06	-7.087460e-09	-2.350487e+01	-4.200178e+02
5.660000e-06	-3.677388e-06	-7.091127e-09	-2.351532e+01	-4.201353e+02
5.670000e-06	-3.678683e-06	-7.094205e-09	-2.352360e+01	-4.202176e+02
5.680000e-06	-3.679462e-06	-7.093304e-09	-2.352858e+01	-4.202645e+02
5.690000e-06	-3.679736e-06	-7.092431e-09	-2.353033e+01	-4.202776e+02
