# Temperatura_=_20.0
# Concentracion g/m^3_=_9000.0
# C_Vs_to_Am_M_A/Vsm_=_59384043850.047264
# pendiente_HvsI_1/m_=_3716.3
# ordenada_HvsI_A/m_=_1297.0
# frecuencia_Hz_=_175661.09025496888

Tiempo_(s)	Campo_(V.s)	Magnetizacion_(V.s)	Campo_(kA/m)	Magnetizacion_(A/m)
0.000000e+00	-3.681365e-06	-7.081694e-09	-2.353715e+01	-4.204129e+02
1.000000e-08	-3.681186e-06	-7.079771e-09	-2.353600e+01	-4.203582e+02
2.000000e-08	-3.680735e-06	-7.077104e-09	-2.353312e+01	-4.202734e+02
3.000000e-08	-3.680052e-06	-7.078986e-09	-2.352875e+01	-4.201661e+02
4.000000e-08	-3.679104e-06	-7.089261e-09	-2.352269e+01	-4.200451e+02
5.000000e-08	-3.677638e-06	-7.102510e-09	-2.351332e+01	-4.199183e+02
6.000000e-08	-3.675464e-06	-7.102666e-09	-2.349942e+01	-4.197924e+02
7.000000e-08	-3.672629e-06	-7.088268e-09	-2.348129e+01	-4.196714e+02
8.000000e-08	-3.669188e-06	-7.037802e-09	-2.345930e+01	-4.195560e+02
9.000000e-08	-3.665190e-06	-6.926922e-09	-2.343373e+01	-4.194436e+02
1.000000e-07	-3.660762e-06	-6.950113e-09	-2.340542e+01	-4.193279e+02
1.100000e-07	-3.656025e-06	-7.204428e-09	-2.337513e+01	-4.192002e+02
1.200000e-07	-3.651046e-06	-7.245287e-09	-2.334330e+01	-4.190500e+02
1.300000e-07	-3.645785e-06	-6.950670e-09	-2.330967e+01	-4.188664e+02
1.400000e-07	-3.639994e-06	-6.882331e-09	-2.327264e+01	-4.186398e+02
1.500000e-07	-3.633719e-06	-7.213605e-09	-2.323252e+01	-4.183629e+02
1.600000e-07	-3.627145e-06	-7.143561e-09	-2.319049e+01	-4.180319e+02
1.700000e-07	-3.620020e-06	-6.776223e-09	-2.314494e+01	-4.176474e+02
1.800000e-07	-3.612351e-06	-6.897373e-09	-2.309590e+01	-4.172141e+02
1.900000e-07	-3.604372e-06	-7.094910e-09	-2.304489e+01	-4.167406e+02
2.000000e-07	-3.596071e-06	-7.012605e-09	-2.299182e+01	-4.162386e+02
2.100000e-07	-3.587463e-06	-7.005208e-09	-2.293678e+01	-4.157211e+02
2.200000e-07	-3.578606e-06	-7.014692e-09	-2.288015e+01	-4.152011e+02
2.300000e-07	-3.569253e-06	-6.798682e-09	-2.282035e+01	-4.146898e+02
2.400000e-07	-3.559036e-06	-6.921261e-09	-2.275503e+01	-4.141947e+02
2.500000e-07	-3.548068e-06	-7.183335e-09	-2.268490e+01	-4.137192e+02
2.600000e-07	-3.536617e-06	-6.911848e-09	-2.261169e+01	-4.132613e+02
2.700000e-07	-3.524652e-06	-6.699311e-09	-2.253519e+01	-4.128137e+02
2.800000e-07	-3.512223e-06	-7.060126e-09	-2.245572e+01	-4.123646e+02
2.900000e-07	-3.499457e-06	-7.144653e-09	-2.237410e+01	-4.118988e+02
3.000000e-07	-3.486231e-06	-6.742980e-09	-2.228954e+01	-4.113995e+02
3.100000e-07	-3.472472e-06	-6.683114e-09	-2.220157e+01	-4.108497e+02
3.200000e-07	-3.458263e-06	-6.966597e-09	-2.211073e+01	-4.102346e+02
3.300000e-07	-3.443691e-06	-7.002366e-09	-2.201756e+01	-4.095431e+02
3.400000e-07	-3.428739e-06	-6.762494e-09	-2.192196e+01	-4.087688e+02
3.500000e-07	-3.413192e-06	-6.721838e-09	-2.182256e+01	-4.079109e+02
3.600000e-07	-3.396746e-06	-6.902233e-09	-2.171741e+01	-4.069743e+02
3.700000e-07	-3.379619e-06	-6.904325e-09	-2.160791e+01	-4.059686e+02
3.800000e-07	-3.362245e-06	-6.696293e-09	-2.149683e+01	-4.049070e+02
3.900000e-07	-3.344532e-06	-6.697575e-09	-2.138358e+01	-4.038051e+02
4.000000e-07	-3.326470e-06	-6.801817e-09	-2.126810e+01	-4.026784e+02
4.100000e-07	-3.308138e-06	-6.768793e-09	-2.115089e+01	-4.015409e+02
4.200000e-07	-3.289448e-06	-6.695441e-09	-2.103139e+01	-4.004036e+02
4.300000e-07	-3.270340e-06	-6.657805e-09	-2.090922e+01	-3.992732e+02
4.400000e-07	-3.250779e-06	-6.667368e-09	-2.078416e+01	-3.981516e+02
4.500000e-07	-3.230814e-06	-6.705166e-09	-2.065651e+01	-3.970360e+02
4.600000e-07	-3.210576e-06	-6.646774e-09	-2.052712e+01	-3.959196e+02
4.700000e-07	-3.190164e-06	-6.565379e-09	-2.039661e+01	-3.947928e+02
4.800000e-07	-3.169520e-06	-6.613077e-09	-2.026462e+01	-3.936442e+02
4.900000e-07	-3.148488e-06	-6.635700e-09	-2.013015e+01	-3.924630e+02
5.000000e-07	-3.127053e-06	-6.547770e-09	-1.999310e+01	-3.912395e+02
5.100000e-07	-3.105270e-06	-6.490649e-09	-1.985383e+01	-3.899670e+02
5.200000e-07	-3.083167e-06	-6.517817e-09	-1.971252e+01	-3.886422e+02
5.300000e-07	-3.060736e-06	-6.521482e-09	-1.956910e+01	-3.872655e+02
5.400000e-07	-3.037942e-06	-6.468369e-09	-1.942336e+01	-3.858406e+02
5.500000e-07	-3.014754e-06	-6.419809e-09	-1.927511e+01	-3.843739e+02
5.600000e-07	-2.991161e-06	-6.432779e-09	-1.912426e+01	-3.828732e+02
5.700000e-07	-2.967174e-06	-6.441547e-09	-1.897090e+01	-3.813463e+02
5.800000e-07	-2.942880e-06	-6.376793e-09	-1.881558e+01	-3.798002e+02
5.900000e-07	-2.918408e-06	-6.314321e-09	-1.865912e+01	-3.782394e+02
6.000000e-07	-2.893719e-06	-6.329069e-09	-1.850126e+01	-3.766656e+02
6.100000e-07	-2.868724e-06	-6.330988e-09	-1.834146e+01	-3.750773e+02
6.200000e-07	-2.843376e-06	-6.265038e-09	-1.817939e+01	-3.734699e+02
6.300000e-07	-2.817565e-06	-6.214076e-09	-1.801437e+01	-3.718364e+02
6.400000e-07	-2.791175e-06	-6.225323e-09	-1.784563e+01	-3.701684e+02
6.500000e-07	-2.764103e-06	-6.221132e-09	-1.767255e+01	-3.684575e+02
6.600000e-07	-2.736488e-06	-6.157613e-09	-1.749599e+01	-3.666960e+02
6.700000e-07	-2.708531e-06	-6.100360e-09	-1.731725e+01	-3.648784e+02
6.800000e-07	-2.680295e-06	-6.101949e-09	-1.713672e+01	-3.630022e+02
6.900000e-07	-2.651913e-06	-6.096399e-09	-1.695525e+01	-3.610678e+02
7.000000e-07	-2.623381e-06	-6.033566e-09	-1.677283e+01	-3.590789e+02
7.100000e-07	-2.594602e-06	-5.978239e-09	-1.658883e+01	-3.570418e+02
7.200000e-07	-2.565470e-06	-5.975172e-09	-1.640257e+01	-3.549643e+02
7.300000e-07	-2.535940e-06	-5.961752e-09	-1.621377e+01	-3.528549e+02
7.400000e-07	-2.506139e-06	-5.895843e-09	-1.602323e+01	-3.507214e+02
7.500000e-07	-2.476106e-06	-5.836200e-09	-1.583121e+01	-3.485698e+02
7.600000e-07	-2.445798e-06	-5.822607e-09	-1.563744e+01	-3.464034e+02
7.700000e-07	-2.415274e-06	-5.808552e-09	-1.544228e+01	-3.442223e+02
7.800000e-07	-2.384493e-06	-5.751131e-09	-1.524548e+01	-3.420234e+02
7.900000e-07	-2.353410e-06	-5.694592e-09	-1.504674e+01	-3.398009e+02
8.000000e-07	-2.322080e-06	-5.674918e-09	-1.484644e+01	-3.375464e+02
8.100000e-07	-2.290432e-06	-5.655591e-09	-1.464409e+01	-3.352508e+02
8.200000e-07	-2.258482e-06	-5.594782e-09	-1.443981e+01	-3.329048e+02
8.300000e-07	-2.226342e-06	-5.534275e-09	-1.423432e+01	-3.305003e+02
8.400000e-07	-2.194045e-06	-5.511604e-09	-1.402783e+01	-3.280313e+02
8.500000e-07	-2.161592e-06	-5.491550e-09	-1.382034e+01	-3.254945e+02
8.600000e-07	-2.128921e-06	-5.434237e-09	-1.361145e+01	-3.228897e+02
8.700000e-07	-2.096068e-06	-5.373714e-09	-1.340141e+01	-3.202193e+02
8.800000e-07	-2.063004e-06	-5.342649e-09	-1.319001e+01	-3.174883e+02
8.900000e-07	-2.029628e-06	-5.312202e-09	-1.297662e+01	-3.147029e+02
9.000000e-07	-1.995877e-06	-5.251586e-09	-1.276082e+01	-3.118700e+02
9.100000e-07	-1.961716e-06	-5.185446e-09	-1.254241e+01	-3.089958e+02
9.200000e-07	-1.927143e-06	-5.145244e-09	-1.232137e+01	-3.060849e+02
9.300000e-07	-1.892258e-06	-5.111327e-09	-1.209833e+01	-3.031398e+02
9.400000e-07	-1.857063e-06	-5.052775e-09	-1.187330e+01	-3.001603e+02
9.500000e-07	-1.821482e-06	-4.986735e-09	-1.164582e+01	-2.971437e+02
9.600000e-07	-1.785643e-06	-4.946166e-09	-1.141668e+01	-2.940850e+02
9.700000e-07	-1.749618e-06	-4.912717e-09	-1.118634e+01	-2.909777e+02
9.800000e-07	-1.713418e-06	-4.854588e-09	-1.095490e+01	-2.878146e+02
9.900000e-07	-1.677073e-06	-4.786128e-09	-1.072253e+01	-2.845887e+02
1.000000e-06	-1.640605e-06	-4.738776e-09	-1.048936e+01	-2.812940e+02
1.010000e-06	-1.604042e-06	-4.694976e-09	-1.025559e+01	-2.779264e+02
1.020000e-06	-1.567334e-06	-4.627829e-09	-1.002090e+01	-2.744837e+02
1.030000e-06	-1.530505e-06	-4.552122e-09	-9.785428e+00	-2.709662e+02
1.040000e-06	-1.493585e-06	-4.498231e-09	-9.549376e+00	-2.673760e+02
1.050000e-06	-1.456434e-06	-4.454285e-09	-9.311846e+00	-2.637165e+02
1.060000e-06	-1.419050e-06	-4.391857e-09	-9.072826e+00	-2.599918e+02
1.070000e-06	-1.381445e-06	-4.320385e-09	-8.832398e+00	-2.562059e+02
1.080000e-06	-1.343632e-06	-4.264222e-09	-8.590638e+00	-2.523614e+02
1.090000e-06	-1.305692e-06	-4.210217e-09	-8.348062e+00	-2.484594e+02
1.100000e-06	-1.267608e-06	-4.136022e-09	-8.104570e+00	-2.444988e+02
1.110000e-06	-1.229355e-06	-4.051865e-09	-7.859993e+00	-2.404762e+02
1.120000e-06	-1.190968e-06	-3.983011e-09	-7.614567e+00	-2.363860e+02
1.130000e-06	-1.152457e-06	-3.923671e-09	-7.368341e+00	-2.322212e+02
1.140000e-06	-1.113775e-06	-3.852233e-09	-7.121022e+00	-2.279735e+02
1.150000e-06	-1.074980e-06	-3.772407e-09	-6.872985e+00	-2.236347e+02
1.160000e-06	-1.036128e-06	-3.702806e-09	-6.624579e+00	-2.191973e+02
1.170000e-06	-9.971373e-07	-3.638640e-09	-6.375290e+00	-2.146551e+02
1.180000e-06	-9.579826e-07	-3.559999e-09	-6.124951e+00	-2.100039e+02
1.190000e-06	-9.187543e-07	-3.472525e-09	-5.874141e+00	-2.052414e+02
1.200000e-06	-8.794583e-07	-3.392367e-09	-5.622898e+00	-2.003676e+02
1.210000e-06	-8.400847e-07	-3.317231e-09	-5.371159e+00	-1.953842e+02
1.220000e-06	-8.005456e-07	-3.230872e-09	-5.118362e+00	-1.902940e+02
1.230000e-06	-7.608552e-07	-3.137788e-09	-4.864598e+00	-1.851002e+02
1.240000e-06	-7.210873e-07	-3.051928e-09	-4.610339e+00	-1.798057e+02
1.250000e-06	-6.811451e-07	-2.970308e-09	-4.354965e+00	-1.744122e+02
1.260000e-06	-6.411208e-07	-2.876421e-09	-4.099065e+00	-1.689198e+02
1.270000e-06	-6.010412e-07	-2.773851e-09	-3.842813e+00	-1.633268e+02
1.280000e-06	-5.608399e-07	-2.681410e-09	-3.585782e+00	-1.576292e+02
1.290000e-06	-5.206463e-07	-2.593103e-09	-3.328800e+00	-1.518212e+02
1.300000e-06	-4.804910e-07	-2.492163e-09	-3.072064e+00	-1.458955e+02
1.310000e-06	-4.403060e-07	-2.381418e-09	-2.815138e+00	-1.398440e+02
1.320000e-06	-4.000652e-07	-2.276602e-09	-2.557854e+00	-1.336586e+02
1.330000e-06	-3.597956e-07	-2.177162e-09	-2.300386e+00	-1.273317e+02
1.340000e-06	-3.195276e-07	-2.068933e-09	-2.042930e+00	-1.208569e+02
1.350000e-06	-2.792332e-07	-1.953192e-09	-1.785304e+00	-1.142297e+02
1.360000e-06	-2.388909e-07	-1.841218e-09	-1.527371e+00	-1.074478e+02
1.370000e-06	-1.985396e-07	-1.731886e-09	-1.269381e+00	-1.005111e+02
1.380000e-06	-1.582085e-07	-1.612468e-09	-1.011521e+00	-9.342147e+01
1.390000e-06	-1.178453e-07	-1.483518e-09	-7.534549e-01	-8.618309e+01
1.400000e-06	-7.745678e-08	-1.358613e-09	-4.952271e-01	-7.880155e+01
1.410000e-06	-3.710090e-08	-1.234881e-09	-2.372081e-01	-7.128371e+01
1.420000e-06	3.286771e-09	-1.103872e-09	2.101428e-02	-6.363731e+01
1.430000e-06	4.371930e-08	-9.658809e-10	2.795234e-01	-5.587063e+01
1.440000e-06	8.414080e-08	-8.327690e-10	5.379620e-01	-4.799230e+01
1.450000e-06	1.245410e-07	-7.052085e-10	7.962645e-01	-4.001125e+01
1.460000e-06	1.649236e-07	-5.686227e-10	1.054455e+00	-3.193666e+01
1.470000e-06	2.053124e-07	-4.250104e-10	1.312684e+00	-2.377813e+01
1.480000e-06	2.456916e-07	-2.881209e-10	1.570852e+00	-1.554581e+01
1.490000e-06	2.860266e-07	-1.565983e-10	1.828738e+00	-7.250550e+00
1.500000e-06	3.263702e-07	-1.605285e-11	2.086678e+00	1.095958e+00
1.510000e-06	3.667245e-07	1.353258e-10	2.344687e+00	9.481167e+00
1.520000e-06	4.069926e-07	2.819469e-10	2.602145e+00	1.789171e+01
1.530000e-06	4.472271e-07	4.195471e-10	2.859388e+00	2.631354e+01
1.540000e-06	4.874761e-07	5.590133e-10	3.116724e+00	3.473217e+01
1.550000e-06	5.277167e-07	7.027197e-10	3.374006e+00	4.313296e+01
1.560000e-06	5.679166e-07	8.426106e-10	3.631028e+00	5.150145e+01
1.570000e-06	6.080277e-07	9.743678e-10	3.887482e+00	5.982362e+01
1.580000e-06	6.480764e-07	1.110203e-09	4.143537e+00	6.808620e+01
1.590000e-06	6.880499e-07	1.254214e-09	4.399111e+00	7.627681e+01
1.600000e-06	7.279243e-07	1.396972e-09	4.654052e+00	8.438412e+01
1.610000e-06	7.677096e-07	1.530739e-09	4.908423e+00	9.239782e+01
1.620000e-06	8.073427e-07	1.662025e-09	5.161821e+00	1.003086e+02
1.630000e-06	8.468668e-07	1.798623e-09	5.414522e+00	1.081083e+02
1.640000e-06	8.863018e-07	1.929302e-09	5.666653e+00	1.157893e+02
1.650000e-06	9.255541e-07	2.050030e-09	5.917616e+00	1.233449e+02
1.660000e-06	9.646514e-07	2.169505e-09	6.167588e+00	1.307694e+02
1.670000e-06	1.003595e-06	2.292634e-09	6.416577e+00	1.380576e+02
1.680000e-06	1.042440e-06	2.412934e-09	6.664939e+00	1.452054e+02
1.690000e-06	1.081221e-06	2.524577e-09	6.912890e+00	1.522094e+02
1.700000e-06	1.119855e-06	2.636886e-09	7.159896e+00	1.590675e+02
1.710000e-06	1.158339e-06	2.756582e-09	7.405949e+00	1.657788e+02
1.720000e-06	1.196719e-06	2.871820e-09	7.651334e+00	1.723434e+02
1.730000e-06	1.235088e-06	2.977085e-09	7.896652e+00	1.787628e+02
1.740000e-06	1.273409e-06	3.079219e-09	8.141658e+00	1.850394e+02
1.750000e-06	1.311501e-06	3.183921e-09	8.385205e+00	1.911765e+02
1.760000e-06	1.349324e-06	3.286482e-09	8.627029e+00	1.971780e+02
1.770000e-06	1.386985e-06	3.380892e-09	8.867818e+00	2.030479e+02
1.780000e-06	1.424490e-06	3.473435e-09	9.107611e+00	2.087901e+02
1.790000e-06	1.461761e-06	3.570210e-09	9.345904e+00	2.144082e+02
1.800000e-06	1.498829e-06	3.668766e-09	9.582903e+00	2.199049e+02
1.810000e-06	1.535694e-06	3.756186e-09	9.818601e+00	2.252821e+02
1.820000e-06	1.572396e-06	3.837401e-09	1.005326e+01	2.305411e+02
1.830000e-06	1.608997e-06	3.923722e-09	1.028727e+01	2.356823e+02
1.840000e-06	1.645515e-06	4.011502e-09	1.052075e+01	2.407056e+02
1.850000e-06	1.681994e-06	4.093299e-09	1.075399e+01	2.456111e+02
1.860000e-06	1.718406e-06	4.169902e-09	1.098679e+01	2.503986e+02
1.870000e-06	1.754703e-06	4.249722e-09	1.121885e+01	2.550688e+02
1.880000e-06	1.790831e-06	4.330718e-09	1.144985e+01	2.596230e+02
1.890000e-06	1.826692e-06	4.405095e-09	1.167913e+01	2.640636e+02
1.900000e-06	1.862307e-06	4.474439e-09	1.190683e+01	2.683939e+02
1.910000e-06	1.897686e-06	4.546110e-09	1.213303e+01	2.726180e+02
1.920000e-06	1.932678e-06	4.620762e-09	1.235676e+01	2.767409e+02
1.930000e-06	1.967190e-06	4.691085e-09	1.257741e+01	2.807678e+02
1.940000e-06	2.001211e-06	4.755012e-09	1.279493e+01	2.847037e+02
1.950000e-06	2.034844e-06	4.819005e-09	1.300996e+01	2.885535e+02
1.960000e-06	2.068129e-06	4.884115e-09	1.322278e+01	2.923213e+02
1.970000e-06	2.101092e-06	4.946341e-09	1.343353e+01	2.960101e+02
1.980000e-06	2.133876e-06	5.005417e-09	1.364313e+01	2.996220e+02
1.990000e-06	2.166506e-06	5.063891e-09	1.385176e+01	3.031582e+02
2.000000e-06	2.198989e-06	5.122791e-09	1.405944e+01	3.066190e+02
2.010000e-06	2.231303e-06	5.182779e-09	1.426604e+01	3.100042e+02
2.020000e-06	2.263397e-06	5.240300e-09	1.447124e+01	3.133134e+02
2.030000e-06	2.295246e-06	5.294665e-09	1.467487e+01	3.165463e+02
2.040000e-06	2.326831e-06	5.350388e-09	1.487681e+01	3.197031e+02
2.050000e-06	2.358135e-06	5.406621e-09	1.507696e+01	3.227844e+02
2.060000e-06	2.389090e-06	5.460881e-09	1.527487e+01	3.257916e+02
2.070000e-06	2.419728e-06	5.512732e-09	1.547076e+01	3.287269e+02
2.080000e-06	2.450142e-06	5.562025e-09	1.566521e+01	3.315926e+02
2.090000e-06	2.480329e-06	5.609727e-09	1.585822e+01	3.343916e+02
2.100000e-06	2.510262e-06	5.657932e-09	1.604960e+01	3.371266e+02
2.110000e-06	2.539847e-06	5.706212e-09	1.623875e+01	3.397999e+02
2.120000e-06	2.569095e-06	5.754061e-09	1.642574e+01	3.424133e+02
2.130000e-06	2.598089e-06	5.800305e-09	1.661113e+01	3.449680e+02
2.140000e-06	2.626842e-06	5.845561e-09	1.679496e+01	3.474642e+02
2.150000e-06	2.655395e-06	5.887589e-09	1.697752e+01	3.499017e+02
2.160000e-06	2.683800e-06	5.927558e-09	1.715913e+01	3.522799e+02
2.170000e-06	2.712044e-06	5.964397e-09	1.733971e+01	3.545979e+02
2.180000e-06	2.740074e-06	6.000446e-09	1.751892e+01	3.568551e+02
2.190000e-06	2.767735e-06	6.038324e-09	1.769577e+01	3.590515e+02
2.200000e-06	2.794788e-06	6.076656e-09	1.786874e+01	3.611877e+02
2.210000e-06	2.821202e-06	6.115068e-09	1.803762e+01	3.632653e+02
2.220000e-06	2.847029e-06	6.153269e-09	1.820274e+01	3.652868e+02
2.230000e-06	2.872307e-06	6.191727e-09	1.836436e+01	3.672553e+02
2.240000e-06	2.897188e-06	6.226395e-09	1.852344e+01	3.691746e+02
2.250000e-06	2.921843e-06	6.258194e-09	1.868107e+01	3.710485e+02
2.260000e-06	2.946326e-06	6.289113e-09	1.883761e+01	3.728809e+02
2.270000e-06	2.970556e-06	6.317238e-09	1.899252e+01	3.746748e+02
2.280000e-06	2.994419e-06	6.343116e-09	1.914509e+01	3.764326e+02
2.290000e-06	3.017881e-06	6.372487e-09	1.929510e+01	3.781554e+02
2.300000e-06	3.040939e-06	6.405438e-09	1.944253e+01	3.798435e+02
2.310000e-06	3.063599e-06	6.439364e-09	1.958741e+01	3.814962e+02
2.320000e-06	3.085995e-06	6.471420e-09	1.973059e+01	3.831119e+02
2.330000e-06	3.108174e-06	6.500491e-09	1.987240e+01	3.846889e+02
2.340000e-06	3.129970e-06	6.527677e-09	2.001175e+01	3.862253e+02
2.350000e-06	3.151247e-06	6.553652e-09	2.014779e+01	3.877194e+02
2.360000e-06	3.172104e-06	6.578236e-09	2.028114e+01	3.891705e+02
2.370000e-06	3.192714e-06	6.600423e-09	2.041291e+01	3.905783e+02
2.380000e-06	3.213152e-06	6.623564e-09	2.054358e+01	3.919437e+02
2.390000e-06	3.233425e-06	6.647251e-09	2.067321e+01	3.932681e+02
2.400000e-06	3.253415e-06	6.670051e-09	2.080101e+01	3.945535e+02
2.410000e-06	3.272959e-06	6.694288e-09	2.092596e+01	3.958022e+02
2.420000e-06	3.291937e-06	6.719074e-09	2.104730e+01	3.970165e+02
2.430000e-06	3.310402e-06	6.743307e-09	2.116536e+01	3.981982e+02
2.440000e-06	3.328449e-06	6.764922e-09	2.128075e+01	3.993484e+02
2.450000e-06	3.346105e-06	6.781558e-09	2.139364e+01	4.004677e+02
2.460000e-06	3.363524e-06	6.793929e-09	2.150500e+01	4.015558e+02
2.470000e-06	3.380737e-06	6.807148e-09	2.161506e+01	4.026120e+02
2.480000e-06	3.397555e-06	6.822564e-09	2.172258e+01	4.036353e+02
2.490000e-06	3.413865e-06	6.838242e-09	2.182686e+01	4.046247e+02
2.500000e-06	3.429556e-06	6.853543e-09	2.192718e+01	4.055796e+02
2.510000e-06	3.444660e-06	6.871090e-09	2.202375e+01	4.065003e+02
2.520000e-06	3.459299e-06	6.889590e-09	2.211735e+01	4.073875e+02
2.530000e-06	3.473542e-06	6.904744e-09	2.220841e+01	4.082431e+02
2.540000e-06	3.487467e-06	6.919649e-09	2.229745e+01	4.090698e+02
2.550000e-06	3.500931e-06	6.935733e-09	2.238353e+01	4.098704e+02
2.560000e-06	3.513861e-06	6.951240e-09	2.246620e+01	4.106481e+02
2.570000e-06	3.526382e-06	6.963869e-09	2.254625e+01	4.114056e+02
2.580000e-06	3.538631e-06	6.972717e-09	2.262456e+01	4.121446e+02
2.590000e-06	3.550508e-06	6.981501e-09	2.270050e+01	4.128658e+02
2.600000e-06	3.561689e-06	6.991553e-09	2.277199e+01	4.135683e+02
2.610000e-06	3.572126e-06	7.000348e-09	2.283872e+01	4.142499e+02
2.620000e-06	3.581859e-06	7.011375e-09	2.290095e+01	4.149072e+02
2.630000e-06	3.590957e-06	7.025173e-09	2.295911e+01	4.155359e+02
2.640000e-06	3.599703e-06	7.038594e-09	2.301504e+01	4.161315e+02
2.650000e-06	3.608232e-06	7.047435e-09	2.306957e+01	4.166897e+02
2.660000e-06	3.616436e-06	7.052005e-09	2.312202e+01	4.172075e+02
2.670000e-06	3.624256e-06	7.056715e-09	2.317202e+01	4.176830e+02
2.680000e-06	3.631602e-06	7.061574e-09	2.321899e+01	4.181162e+02
2.690000e-06	3.638442e-06	7.065869e-09	2.326271e+01	4.185091e+02
2.700000e-06	3.644950e-06	7.069018e-09	2.330433e+01	4.188654e+02
2.710000e-06	3.651088e-06	7.075851e-09	2.334357e+01	4.191900e+02
2.720000e-06	3.656668e-06	7.085653e-09	2.337925e+01	4.194883e+02
2.730000e-06	3.661749e-06	7.094166e-09	2.341174e+01	4.197659e+02
2.740000e-06	3.666508e-06	7.099570e-09	2.344216e+01	4.200272e+02
2.750000e-06	3.671038e-06	7.101890e-09	2.347112e+01	4.202754e+02
2.760000e-06	3.675340e-06	7.104286e-09	2.349863e+01	4.205114e+02
2.770000e-06	3.679318e-06	7.105393e-09	2.352406e+01	4.207340e+02
2.780000e-06	3.682745e-06	7.102583e-09	2.354597e+01	4.209402e+02
2.790000e-06	3.685431e-06	7.098403e-09	2.356315e+01	4.211250e+02
2.800000e-06	3.687342e-06	7.096921e-09	2.357536e+01	4.212828e+02
2.810000e-06	3.688629e-06	7.099490e-09	2.358359e+01	4.214080e+02
2.820000e-06	3.689494e-06	7.101252e-09	2.358912e+01	4.214957e+02
2.830000e-06	3.690046e-06	7.102520e-09	2.359265e+01	4.215430e+02
2.840000e-06	3.690372e-06	7.106902e-09	2.359473e+01	4.215493e+02
2.850000e-06	3.690382e-06	7.109976e-09	2.359480e+01	4.215167e+02
2.860000e-06	3.689915e-06	7.111151e-09	2.359182e+01	4.214498e+02
2.870000e-06	3.688963e-06	7.110362e-09	2.358573e+01	4.213554e+02
2.880000e-06	3.687596e-06	7.096166e-09	2.357699e+01	4.212419e+02
2.890000e-06	3.685894e-06	7.076392e-09	2.356611e+01	4.211177e+02
2.900000e-06	3.683866e-06	7.079330e-09	2.355314e+01	4.209906e+02
2.910000e-06	3.681380e-06	7.082593e-09	2.353725e+01	4.208661e+02
2.920000e-06	3.678449e-06	7.124606e-09	2.351851e+01	4.207472e+02
2.930000e-06	3.675201e-06	7.271123e-09	2.349774e+01	4.206334e+02
2.940000e-06	3.671553e-06	7.228097e-09	2.347441e+01	4.205205e+02
2.950000e-06	3.667359e-06	6.900860e-09	2.344760e+01	4.204014e+02
2.960000e-06	3.662841e-06	6.866761e-09	2.341872e+01	4.202664e+02
2.970000e-06	3.658223e-06	7.173575e-09	2.338919e+01	4.201048e+02
2.980000e-06	3.653013e-06	7.205666e-09	2.335588e+01	4.199061e+02
2.990000e-06	3.646786e-06	6.895258e-09	2.331606e+01	4.196612e+02
3.000000e-06	3.639900e-06	7.056924e-09	2.327204e+01	4.193642e+02
3.010000e-06	3.632722e-06	7.408399e-09	2.322615e+01	4.190127e+02
3.020000e-06	3.625193e-06	7.164400e-09	2.317801e+01	4.186090e+02
3.030000e-06	3.617290e-06	6.969382e-09	2.312748e+01	4.181594e+02
3.040000e-06	3.609201e-06	7.127832e-09	2.307576e+01	4.176736e+02
3.050000e-06	3.600797e-06	7.053799e-09	2.302203e+01	4.171641e+02
3.060000e-06	3.591796e-06	6.957128e-09	2.296448e+01	4.166442e+02
3.070000e-06	3.582347e-06	7.225631e-09	2.290407e+01	4.161262e+02
3.080000e-06	3.572633e-06	7.027257e-09	2.284196e+01	4.156202e+02
3.090000e-06	3.562518e-06	6.660090e-09	2.277729e+01	4.151323e+02
3.100000e-06	3.551794e-06	7.041187e-09	2.270872e+01	4.146638e+02
3.110000e-06	3.540526e-06	7.261643e-09	2.263668e+01	4.142108e+02
3.120000e-06	3.528917e-06	6.778807e-09	2.256246e+01	4.137641e+02
3.130000e-06	3.516912e-06	6.823033e-09	2.248571e+01	4.133106e+02
3.140000e-06	3.504254e-06	7.311006e-09	2.240477e+01	4.128342e+02
3.150000e-06	3.490767e-06	7.165380e-09	2.231854e+01	4.123177e+02
3.160000e-06	3.476675e-06	6.796159e-09	2.222845e+01	4.117450e+02
3.170000e-06	3.462129e-06	6.847873e-09	2.213544e+01	4.111022e+02
3.180000e-06	3.447061e-06	7.075724e-09	2.203910e+01	4.103800e+02
3.190000e-06	3.431646e-06	7.044639e-09	2.194055e+01	4.095740e+02
3.200000e-06	3.416020e-06	6.773510e-09	2.184064e+01	4.086857e+02
3.210000e-06	3.399982e-06	6.767334e-09	2.173810e+01	4.077217e+02
3.220000e-06	3.383409e-06	7.079555e-09	2.163214e+01	4.066933e+02
3.230000e-06	3.366438e-06	6.953453e-09	2.152363e+01	4.056146e+02
3.240000e-06	3.349169e-06	6.681656e-09	2.141322e+01	4.045016e+02
3.250000e-06	3.331529e-06	6.805083e-09	2.130044e+01	4.033692e+02
3.260000e-06	3.313473e-06	6.905464e-09	2.118500e+01	4.022307e+02
3.270000e-06	3.294992e-06	6.812094e-09	2.106684e+01	4.010953e+02
3.280000e-06	3.276118e-06	6.737470e-09	2.094617e+01	3.999681e+02
3.290000e-06	3.256957e-06	6.702927e-09	2.082366e+01	3.988492e+02
3.300000e-06	3.237568e-06	6.778072e-09	2.069969e+01	3.977342e+02
3.310000e-06	3.217987e-06	6.778915e-09	2.057450e+01	3.966151e+02
3.320000e-06	3.198173e-06	6.616784e-09	2.044781e+01	3.954814e+02
3.330000e-06	3.178046e-06	6.615878e-09	2.031913e+01	3.943217e+02
3.340000e-06	3.157236e-06	6.703377e-09	2.018608e+01	3.931256e+02
3.350000e-06	3.135619e-06	6.675788e-09	2.004787e+01	3.918842e+02
3.360000e-06	3.113458e-06	6.579472e-09	1.990618e+01	3.905922e+02
3.370000e-06	3.090815e-06	6.528643e-09	1.976141e+01	3.892476e+02
3.380000e-06	3.067776e-06	6.579770e-09	1.961411e+01	3.878522e+02
3.390000e-06	3.044454e-06	6.585026e-09	1.946500e+01	3.864107e+02
3.400000e-06	3.020930e-06	6.469423e-09	1.931460e+01	3.849301e+02
3.410000e-06	2.997181e-06	6.426151e-09	1.916275e+01	3.834186e+02
3.420000e-06	2.973107e-06	6.482027e-09	1.900884e+01	3.818837e+02
3.430000e-06	2.948649e-06	6.486527e-09	1.885246e+01	3.803316e+02
3.440000e-06	2.923848e-06	6.386214e-09	1.869390e+01	3.787659e+02
3.450000e-06	2.898722e-06	6.328337e-09	1.853325e+01	3.771869e+02
3.460000e-06	2.873226e-06	6.380825e-09	1.837023e+01	3.755920e+02
3.470000e-06	2.847417e-06	6.370451e-09	1.820523e+01	3.739756e+02
3.480000e-06	2.821211e-06	6.265770e-09	1.803768e+01	3.723301e+02
3.490000e-06	2.794612e-06	6.220583e-09	1.786761e+01	3.706470e+02
3.500000e-06	2.767678e-06	6.247142e-09	1.769541e+01	3.689178e+02
3.510000e-06	2.740457e-06	6.242010e-09	1.752137e+01	3.671357e+02
3.520000e-06	2.713079e-06	6.151699e-09	1.734632e+01	3.652962e+02
3.530000e-06	2.685528e-06	6.094147e-09	1.717017e+01	3.633978e+02
3.540000e-06	2.657779e-06	6.119782e-09	1.699276e+01	3.614423e+02
3.550000e-06	2.629812e-06	6.103388e-09	1.681395e+01	3.594344e+02
3.560000e-06	2.601478e-06	6.019845e-09	1.663279e+01	3.573810e+02
3.570000e-06	2.572585e-06	5.967850e-09	1.644806e+01	3.552905e+02
3.580000e-06	2.543085e-06	5.979305e-09	1.625945e+01	3.531712e+02
3.590000e-06	2.513002e-06	5.964065e-09	1.606711e+01	3.510302e+02
3.600000e-06	2.482429e-06	5.880913e-09	1.587164e+01	3.488728e+02
3.610000e-06	2.451479e-06	5.822552e-09	1.567376e+01	3.467009e+02
3.620000e-06	2.420280e-06	5.824731e-09	1.547429e+01	3.445136e+02
3.630000e-06	2.388932e-06	5.806191e-09	1.527386e+01	3.423066e+02
3.640000e-06	2.357465e-06	5.735447e-09	1.507267e+01	3.400730e+02
3.650000e-06	2.325872e-06	5.676689e-09	1.487068e+01	3.378042e+02
3.660000e-06	2.294034e-06	5.674799e-09	1.466712e+01	3.354906e+02
3.670000e-06	2.261908e-06	5.651934e-09	1.446172e+01	3.331235e+02
3.680000e-06	2.229457e-06	5.574882e-09	1.425424e+01	3.306953e+02
3.690000e-06	2.196691e-06	5.508226e-09	1.404475e+01	3.282010e+02
3.700000e-06	2.163705e-06	5.489202e-09	1.383385e+01	3.256384e+02
3.710000e-06	2.130491e-06	5.464620e-09	1.362149e+01	3.230085e+02
3.720000e-06	2.097092e-06	5.397995e-09	1.340795e+01	3.203146e+02
3.730000e-06	2.063525e-06	5.338271e-09	1.319334e+01	3.175623e+02
3.740000e-06	2.029737e-06	5.316980e-09	1.297731e+01	3.147583e+02
3.750000e-06	1.995653e-06	5.288005e-09	1.275939e+01	3.119092e+02
3.760000e-06	1.961287e-06	5.217534e-09	1.253967e+01	3.090207e+02
3.770000e-06	1.926709e-06	5.145709e-09	1.231860e+01	3.060967e+02
3.780000e-06	1.891857e-06	5.109654e-09	1.209576e+01	3.031387e+02
3.790000e-06	1.856772e-06	5.073196e-09	1.187144e+01	3.001457e+02
3.800000e-06	1.821529e-06	5.002146e-09	1.164612e+01	2.971139e+02
3.810000e-06	1.786174e-06	4.934054e-09	1.142007e+01	2.940377e+02
3.820000e-06	1.750741e-06	4.898687e-09	1.119352e+01	2.909103e+02
3.830000e-06	1.715220e-06	4.863401e-09	1.096642e+01	2.877243e+02
3.840000e-06	1.679585e-06	4.791138e-09	1.073858e+01	2.844731e+02
3.850000e-06	1.643780e-06	4.717111e-09	1.050966e+01	2.811514e+02
3.860000e-06	1.607774e-06	4.672386e-09	1.027945e+01	2.777556e+02
3.870000e-06	1.571527e-06	4.626535e-09	1.004770e+01	2.742847e+02
3.880000e-06	1.534952e-06	4.552354e-09	9.813858e+00	2.707395e+02
3.890000e-06	1.498096e-06	4.475544e-09	9.578218e+00	2.671228e+02
3.900000e-06	1.460990e-06	4.424197e-09	9.340973e+00	2.634382e+02
3.910000e-06	1.423467e-06	4.376145e-09	9.101066e+00	2.596901e+02
3.920000e-06	1.385544e-06	4.301143e-09	8.858603e+00	2.558818e+02
3.930000e-06	1.347342e-06	4.221221e-09	8.614354e+00	2.520157e+02
3.940000e-06	1.308911e-06	4.163537e-09	8.368645e+00	2.480919e+02
3.950000e-06	1.270252e-06	4.108299e-09	8.121474e+00	2.441085e+02
3.960000e-06	1.231338e-06	4.030704e-09	7.872676e+00	2.400612e+02
3.970000e-06	1.192246e-06	3.948597e-09	7.622736e+00	2.359439e+02
3.980000e-06	1.153070e-06	3.886556e-09	7.372259e+00	2.317488e+02
3.990000e-06	1.113787e-06	3.823377e-09	7.121100e+00	2.274678e+02
4.000000e-06	1.074419e-06	3.738887e-09	6.869397e+00	2.230928e+02
4.010000e-06	1.035055e-06	3.652893e-09	6.617720e+00	2.186167e+02
4.020000e-06	9.956842e-07	3.583630e-09	6.365999e+00	2.140339e+02
4.030000e-06	9.562568e-07	3.514504e-09	6.113917e+00	2.093409e+02
4.040000e-06	9.167602e-07	3.427176e-09	5.861392e+00	2.045366e+02
4.050000e-06	8.771894e-07	3.335257e-09	5.608392e+00	1.996213e+02
4.060000e-06	8.375485e-07	3.255921e-09	5.354944e+00	1.945974e+02
4.070000e-06	7.978781e-07	3.176584e-09	5.101308e+00	1.894679e+02
4.080000e-06	7.581166e-07	3.083318e-09	4.847089e+00	1.842360e+02
4.090000e-06	7.182772e-07	2.985476e-09	4.592372e+00	1.789041e+02
4.100000e-06	6.784035e-07	2.895966e-09	4.337436e+00	1.734735e+02
4.110000e-06	6.384121e-07	2.807781e-09	4.081747e+00	1.679437e+02
4.120000e-06	5.983571e-07	2.707537e-09	3.825652e+00	1.623119e+02
4.130000e-06	5.582217e-07	2.605073e-09	3.569042e+00	1.565736e+02
4.140000e-06	5.180367e-07	2.512832e-09	3.312116e+00	1.507222e+02
4.150000e-06	4.778655e-07	2.422600e-09	3.055277e+00	1.447503e+02
4.160000e-06	4.375961e-07	2.318797e-09	2.797811e+00	1.386494e+02
4.170000e-06	3.972531e-07	2.206479e-09	2.539874e+00	1.324117e+02
4.180000e-06	3.568535e-07	2.101554e-09	2.281576e+00	1.260299e+02
4.190000e-06	3.164163e-07	1.994714e-09	2.023037e+00	1.194983e+02
4.200000e-06	2.760085e-07	1.874877e-09	1.764686e+00	1.128132e+02
4.210000e-06	2.354858e-07	1.753116e-09	1.505600e+00	1.059730e+02
4.220000e-06	1.948262e-07	1.641219e-09	1.245640e+00	9.897847e+01
4.230000e-06	1.541572e-07	1.530294e-09	9.856185e-01	9.183243e+01
4.240000e-06	1.134608e-07	1.407464e-09	7.254224e-01	8.453955e+01
4.250000e-06	7.279656e-08	1.279677e-09	4.654316e-01	7.710595e+01
4.260000e-06	3.213502e-08	1.155685e-09	2.054582e-01	6.953887e+01
4.270000e-06	-8.593434e-09	1.030520e-09	-5.494292e-02	6.184628e+01
4.280000e-06	-4.926946e-08	8.952584e-10	-3.150089e-01	5.403662e+01
4.290000e-06	-8.985649e-08	7.543116e-10	-5.745058e-01	4.611862e+01
4.300000e-06	-1.304644e-07	6.214176e-10	-8.341363e-01	3.810131e+01
4.310000e-06	-1.711783e-07	4.890757e-10	-1.094444e+00	2.999400e+01
4.320000e-06	-2.118562e-07	3.456323e-10	-1.354522e+00	2.180649e+01
4.330000e-06	-2.523999e-07	2.028921e-10	-1.613742e+00	1.354916e+01
4.340000e-06	-2.928949e-07	7.033658e-11	-1.872651e+00	5.233185e+00
4.350000e-06	-3.333825e-07	-6.124743e-11	-2.131512e+00	-3.129441e+00
4.360000e-06	-3.737940e-07	-2.062801e-10	-2.389887e+00	-1.152584e+01
4.370000e-06	-4.140724e-07	-3.569596e-10	-2.647410e+00	-1.994238e+01
4.380000e-06	-4.542750e-07	-4.976573e-10	-2.904450e+00	-2.836481e+01
4.390000e-06	-4.944282e-07	-6.372611e-10	-3.161173e+00	-3.677855e+01
4.400000e-06	-5.345504e-07	-7.851014e-10	-3.417698e+00	-4.516900e+01
4.410000e-06	-5.746070e-07	-9.312270e-10	-3.673803e+00	-5.352181e+01
4.420000e-06	-6.145611e-07	-1.065772e-09	-3.929254e+00	-6.182324e+01
4.430000e-06	-6.544912e-07	-1.195877e-09	-4.184550e+00	-7.006031e+01
4.440000e-06	-6.943518e-07	-1.335419e-09	-4.439403e+00	-7.822104e+01
4.450000e-06	-7.341033e-07	-1.477516e-09	-4.693557e+00	-8.629448e+01
4.460000e-06	-7.737959e-07	-1.609132e-09	-4.947336e+00	-9.427073e+01
4.470000e-06	-8.134254e-07	-1.736394e-09	-5.200711e+00	-1.021409e+02
4.480000e-06	-8.530096e-07	-1.871100e-09	-5.453796e+00	-1.098969e+02
4.490000e-06	-8.925334e-07	-2.006193e-09	-5.706495e+00	-1.175317e+02
4.500000e-06	-9.319935e-07	-2.131287e-09	-5.958787e+00	-1.250389e+02
4.510000e-06	-9.714437e-07	-2.253160e-09	-6.211016e+00	-1.324130e+02
4.520000e-06	-1.010877e-06	-2.380994e-09	-6.463133e+00	-1.396490e+02
4.530000e-06	-1.050265e-06	-2.510019e-09	-6.714964e+00	-1.467433e+02
4.540000e-06	-1.089578e-06	-2.625147e-09	-6.966315e+00	-1.536929e+02
4.550000e-06	-1.128800e-06	-2.729937e-09	-7.217091e+00	-1.604961e+02
4.560000e-06	-1.167879e-06	-2.840141e-09	-7.466944e+00	-1.671523e+02
4.570000e-06	-1.206850e-06	-2.955036e-09	-7.716108e+00	-1.736624e+02
4.580000e-06	-1.245726e-06	-3.061591e-09	-7.964664e+00	-1.800280e+02
4.590000e-06	-1.284418e-06	-3.162092e-09	-8.212048e+00	-1.862519e+02
4.600000e-06	-1.322924e-06	-3.268472e-09	-8.458234e+00	-1.923378e+02
4.610000e-06	-1.361234e-06	-3.378964e-09	-8.703179e+00	-1.982896e+02
4.620000e-06	-1.399232e-06	-3.481356e-09	-8.946122e+00	-2.041112e+02
4.630000e-06	-1.436847e-06	-3.573902e-09	-9.186614e+00	-2.098066e+02
4.640000e-06	-1.474095e-06	-3.666395e-09	-9.424764e+00	-2.153789e+02
4.650000e-06	-1.511022e-06	-3.761236e-09	-9.660862e+00	-2.208307e+02
4.660000e-06	-1.547663e-06	-3.849060e-09	-9.895124e+00	-2.261636e+02
4.670000e-06	-1.584031e-06	-3.930212e-09	-1.012765e+01	-2.313785e+02
4.680000e-06	-1.620169e-06	-4.014679e-09	-1.035870e+01	-2.364756e+02
4.690000e-06	-1.656047e-06	-4.103229e-09	-1.058809e+01	-2.414548e+02
4.700000e-06	-1.691725e-06	-4.185691e-09	-1.081620e+01	-2.463161e+02
4.710000e-06	-1.727302e-06	-4.261122e-09	-1.104367e+01	-2.510596e+02
4.720000e-06	-1.762794e-06	-4.341292e-09	-1.127059e+01	-2.556862e+02
4.730000e-06	-1.798214e-06	-4.425441e-09	-1.149705e+01	-2.601976e+02
4.740000e-06	-1.833528e-06	-4.500281e-09	-1.172283e+01	-2.645964e+02
4.750000e-06	-1.868722e-06	-4.565608e-09	-1.194784e+01	-2.688865e+02
4.760000e-06	-1.903785e-06	-4.634551e-09	-1.217203e+01	-2.730722e+02
4.770000e-06	-1.938595e-06	-4.707697e-09	-1.239459e+01	-2.771585e+02
4.780000e-06	-1.973074e-06	-4.773246e-09	-1.261503e+01	-2.811508e+02
4.790000e-06	-2.007245e-06	-4.831170e-09	-1.283351e+01	-2.850540e+02
4.800000e-06	-2.041117e-06	-4.893466e-09	-1.305007e+01	-2.888727e+02
4.810000e-06	-2.074732e-06	-4.961332e-09	-1.326499e+01	-2.926106e+02
4.820000e-06	-2.108193e-06	-5.024595e-09	-1.347893e+01	-2.962704e+02
4.830000e-06	-2.141493e-06	-5.079329e-09	-1.369183e+01	-2.998539e+02
4.840000e-06	-2.174540e-06	-5.135179e-09	-1.390313e+01	-3.033619e+02
4.850000e-06	-2.207287e-06	-5.196531e-09	-1.411250e+01	-3.067945e+02
4.860000e-06	-2.239676e-06	-5.252390e-09	-1.431958e+01	-3.101514e+02
4.870000e-06	-2.271733e-06	-5.299384e-09	-1.452454e+01	-3.134321e+02
4.880000e-06	-2.303523e-06	-5.347081e-09	-1.472779e+01	-3.166365e+02
4.890000e-06	-2.335116e-06	-5.400552e-09	-1.492978e+01	-3.197649e+02
4.900000e-06	-2.366566e-06	-5.456750e-09	-1.513086e+01	-3.228184e+02
4.910000e-06	-2.397871e-06	-5.507211e-09	-1.533101e+01	-3.257984e+02
4.920000e-06	-2.428975e-06	-5.554707e-09	-1.552988e+01	-3.287074e+02
4.930000e-06	-2.459802e-06	-5.604609e-09	-1.572698e+01	-3.315479e+02
4.940000e-06	-2.490220e-06	-5.650589e-09	-1.592145e+01	-3.343226e+02
4.950000e-06	-2.520068e-06	-5.690357e-09	-1.611229e+01	-3.370343e+02
4.960000e-06	-2.549429e-06	-5.727580e-09	-1.630001e+01	-3.396851e+02
4.970000e-06	-2.578389e-06	-5.768342e-09	-1.648517e+01	-3.422765e+02
4.980000e-06	-2.606896e-06	-5.813612e-09	-1.666743e+01	-3.448093e+02
4.990000e-06	-2.634968e-06	-5.856005e-09	-1.684691e+01	-3.472837e+02
5.000000e-06	-2.662710e-06	-5.893996e-09	-1.702428e+01	-3.496991e+02
5.010000e-06	-2.690254e-06	-5.934725e-09	-1.720039e+01	-3.520549e+02
5.020000e-06	-2.717651e-06	-5.976206e-09	-1.737556e+01	-3.543503e+02
5.030000e-06	-2.744902e-06	-6.013030e-09	-1.754978e+01	-3.565847e+02
5.040000e-06	-2.771910e-06	-6.044261e-09	-1.772246e+01	-3.587585e+02
5.050000e-06	-2.798525e-06	-6.075670e-09	-1.789263e+01	-3.608726e+02
5.060000e-06	-2.824763e-06	-6.111240e-09	-1.806039e+01	-3.629289e+02
5.070000e-06	-2.850662e-06	-6.145183e-09	-1.822598e+01	-3.649301e+02
5.080000e-06	-2.876219e-06	-6.175232e-09	-1.838937e+01	-3.668798e+02
5.090000e-06	-2.901474e-06	-6.207080e-09	-1.855085e+01	-3.687817e+02
5.100000e-06	-2.926408e-06	-6.242118e-09	-1.871026e+01	-3.706398e+02
5.110000e-06	-2.950851e-06	-6.276406e-09	-1.886654e+01	-3.724575e+02
5.120000e-06	-2.974801e-06	-6.304944e-09	-1.901967e+01	-3.742377e+02
5.130000e-06	-2.998466e-06	-6.330537e-09	-1.917097e+01	-3.759824e+02
5.140000e-06	-3.021974e-06	-6.357323e-09	-1.932127e+01	-3.776923e+02
5.150000e-06	-3.045358e-06	-6.383507e-09	-1.947078e+01	-3.793674e+02
5.160000e-06	-3.068474e-06	-6.408864e-09	-1.961857e+01	-3.810065e+02
5.170000e-06	-3.091237e-06	-6.433799e-09	-1.976411e+01	-3.826080e+02
5.180000e-06	-3.113510e-06	-6.460229e-09	-1.990652e+01	-3.841700e+02
5.190000e-06	-3.135040e-06	-6.486329e-09	-2.004417e+01	-3.856908e+02
5.200000e-06	-3.155867e-06	-6.511941e-09	-2.017733e+01	-3.871690e+02
5.210000e-06	-3.176203e-06	-6.535524e-09	-2.030735e+01	-3.886039e+02
5.220000e-06	-3.196138e-06	-6.557900e-09	-2.043480e+01	-3.899957e+02
5.230000e-06	-3.215752e-06	-6.581085e-09	-2.056021e+01	-3.913456e+02
5.240000e-06	-3.235198e-06	-6.602485e-09	-2.068454e+01	-3.926552e+02
5.250000e-06	-3.254421e-06	-6.620687e-09	-2.080744e+01	-3.939267e+02
5.260000e-06	-3.273279e-06	-6.637555e-09	-2.092801e+01	-3.951624e+02
5.270000e-06	-3.291677e-06	-6.657965e-09	-2.104564e+01	-3.963643e+02
5.280000e-06	-3.309630e-06	-6.679258e-09	-2.116043e+01	-3.975342e+02
5.290000e-06	-3.327261e-06	-6.697136e-09	-2.127315e+01	-3.986728e+02
5.300000e-06	-3.344583e-06	-6.716212e-09	-2.138391e+01	-3.997806e+02
5.310000e-06	-3.361556e-06	-6.737130e-09	-2.149242e+01	-4.008569e+02
5.320000e-06	-3.378149e-06	-6.754557e-09	-2.159851e+01	-4.019010e+02
5.330000e-06	-3.394350e-06	-6.767858e-09	-2.170209e+01	-4.029118e+02
5.340000e-06	-3.410178e-06	-6.780654e-09	-2.180329e+01	-4.038884e+02
5.350000e-06	-3.425773e-06	-6.797046e-09	-2.190300e+01	-4.048305e+02
5.360000e-06	-3.441183e-06	-6.813988e-09	-2.200152e+01	-4.057385e+02
5.370000e-06	-3.456200e-06	-6.828164e-09	-2.209754e+01	-4.066137e+02
5.380000e-06	-3.470561e-06	-6.842179e-09	-2.218935e+01	-4.074582e+02
5.390000e-06	-3.484017e-06	-6.857284e-09	-2.227538e+01	-4.082749e+02
5.400000e-06	-3.496679e-06	-6.872307e-09	-2.235634e+01	-4.090667e+02
5.410000e-06	-3.508849e-06	-6.884618e-09	-2.243415e+01	-4.098366e+02
5.420000e-06	-3.520669e-06	-6.895288e-09	-2.250972e+01	-4.105871e+02
5.430000e-06	-3.532202e-06	-6.907763e-09	-2.258346e+01	-4.113195e+02
5.440000e-06	-3.543378e-06	-6.920959e-09	-2.265492e+01	-4.120339e+02
5.450000e-06	-3.554111e-06	-6.931204e-09	-2.272354e+01	-4.127290e+02
5.460000e-06	-3.564375e-06	-6.940370e-09	-2.278916e+01	-4.134020e+02
5.470000e-06	-3.574172e-06	-6.951758e-09	-2.285180e+01	-4.140492e+02
5.480000e-06	-3.583597e-06	-6.964084e-09	-2.291206e+01	-4.146661e+02
5.490000e-06	-3.592650e-06	-6.974064e-09	-2.296994e+01	-4.152483e+02
5.500000e-06	-3.601191e-06	-6.981907e-09	-2.302455e+01	-4.157917e+02
5.510000e-06	-3.609242e-06	-6.989623e-09	-2.307602e+01	-4.162938e+02
5.520000e-06	-3.616965e-06	-7.000298e-09	-2.312540e+01	-4.167534e+02
5.530000e-06	-3.624437e-06	-7.012361e-09	-2.317317e+01	-4.171713e+02
5.540000e-06	-3.631628e-06	-7.020340e-09	-2.321915e+01	-4.175501e+02
5.550000e-06	-3.638471e-06	-7.026592e-09	-2.326290e+01	-4.178939e+02
5.560000e-06	-3.644775e-06	-7.032355e-09	-2.330321e+01	-4.182081e+02
5.570000e-06	-3.650429e-06	-7.036821e-09	-2.333936e+01	-4.184981e+02
5.580000e-06	-3.655302e-06	-7.040082e-09	-2.337051e+01	-4.187692e+02
5.590000e-06	-3.659479e-06	-7.044161e-09	-2.339722e+01	-4.190255e+02
5.600000e-06	-3.663298e-06	-7.049948e-09	-2.342164e+01	-4.192691e+02
5.610000e-06	-3.666830e-06	-7.056300e-09	-2.344422e+01	-4.195005e+02
5.620000e-06	-3.670069e-06	-7.062734e-09	-2.346493e+01	-4.197175e+02
5.630000e-06	-3.672973e-06	-7.067163e-09	-2.348350e+01	-4.199164e+02
5.640000e-06	-3.675382e-06	-7.070351e-09	-2.349890e+01	-4.200918e+02
5.650000e-06	-3.677347e-06	-7.071440e-09	-2.351146e+01	-4.202381e+02
5.660000e-06	-3.678952e-06	-7.073283e-09	-2.352172e+01	-4.203498e+02
5.670000e-06	-3.680228e-06	-7.076224e-09	-2.352988e+01	-4.204227e+02
5.680000e-06	-3.681056e-06	-7.077986e-09	-2.353517e+01	-4.204547e+02
5.690000e-06	-3.681345e-06	-7.080646e-09	-2.353702e+01	-4.204461e+02
