# Temperatura_=_20.0
# Concentracion g/m^3_=_9000.0
# C_Vs_to_Am_M_A/Vsm_=_59384043850.047264
# pendiente_HvsI_1/m_=_3716.3
# ordenada_HvsI_A/m_=_1297.0
# frecuencia_Hz_=_175667.59389032182

Tiempo_(s)	Campo_(V.s)	Magnetizacion_(V.s)	Campo_(kA/m)	Magnetizacion_(A/m)
0.000000e+00	-3.680669e-06	-6.990642e-09	-2.353234e+01	-4.209292e+02
1.000000e-08	-3.680417e-06	-6.987468e-09	-2.353073e+01	-4.208700e+02
2.000000e-08	-3.679922e-06	-6.985085e-09	-2.352757e+01	-4.207839e+02
3.000000e-08	-3.679193e-06	-6.989289e-09	-2.352291e+01	-4.206746e+02
4.000000e-08	-3.678119e-06	-7.000268e-09	-2.351604e+01	-4.205451e+02
5.000000e-08	-3.676575e-06	-7.008304e-09	-2.350617e+01	-4.203974e+02
6.000000e-08	-3.674354e-06	-7.005535e-09	-2.349197e+01	-4.202308e+02
7.000000e-08	-3.671385e-06	-6.987095e-09	-2.347298e+01	-4.200426e+02
8.000000e-08	-3.667754e-06	-6.930811e-09	-2.344977e+01	-4.198269e+02
9.000000e-08	-3.663557e-06	-6.856795e-09	-2.342294e+01	-4.195756e+02
1.000000e-07	-3.659038e-06	-6.940133e-09	-2.339404e+01	-4.192791e+02
1.100000e-07	-3.654336e-06	-7.127397e-09	-2.336398e+01	-4.189273e+02
1.200000e-07	-3.649353e-06	-7.049797e-09	-2.333212e+01	-4.185109e+02
1.300000e-07	-3.643875e-06	-6.819951e-09	-2.329710e+01	-4.180228e+02
1.400000e-07	-3.637830e-06	-6.905408e-09	-2.325845e+01	-4.174596e+02
1.500000e-07	-3.631427e-06	-7.183929e-09	-2.321751e+01	-4.168224e+02
1.600000e-07	-3.624636e-06	-6.993352e-09	-2.317409e+01	-4.161170e+02
1.700000e-07	-3.617327e-06	-6.755846e-09	-2.312737e+01	-4.153544e+02
1.800000e-07	-3.609570e-06	-6.969184e-09	-2.307777e+01	-4.145496e+02
1.900000e-07	-3.601502e-06	-7.043620e-09	-2.302619e+01	-4.137205e+02
2.000000e-07	-3.593139e-06	-6.962515e-09	-2.297272e+01	-4.128863e+02
2.100000e-07	-3.584446e-06	-6.982437e-09	-2.291714e+01	-4.120653e+02
2.200000e-07	-3.575470e-06	-6.965964e-09	-2.285975e+01	-4.112736e+02
2.300000e-07	-3.566030e-06	-6.794614e-09	-2.279940e+01	-4.105224e+02
2.400000e-07	-3.555756e-06	-6.977277e-09	-2.273371e+01	-4.098176e+02
2.500000e-07	-3.544687e-06	-7.138121e-09	-2.266294e+01	-4.091588e+02
2.600000e-07	-3.533041e-06	-6.787166e-09	-2.258848e+01	-4.085392e+02
2.700000e-07	-3.520946e-06	-6.733669e-09	-2.251116e+01	-4.079465e+02
2.800000e-07	-3.508437e-06	-7.107786e-09	-2.243118e+01	-4.073643e+02
2.900000e-07	-3.495459e-06	-7.045380e-09	-2.234820e+01	-4.067739e+02
3.000000e-07	-3.482045e-06	-6.654792e-09	-2.226244e+01	-4.061562e+02
3.100000e-07	-3.468229e-06	-6.740099e-09	-2.217411e+01	-4.054941e+02
3.200000e-07	-3.453972e-06	-7.011350e-09	-2.208295e+01	-4.047740e+02
3.300000e-07	-3.439281e-06	-6.922207e-09	-2.198903e+01	-4.039875e+02
3.400000e-07	-3.424175e-06	-6.671569e-09	-2.189245e+01	-4.031316e+02
3.500000e-07	-3.408449e-06	-6.740628e-09	-2.179191e+01	-4.022092e+02
3.600000e-07	-3.391996e-06	-6.908064e-09	-2.168671e+01	-4.012280e+02
3.700000e-07	-3.374907e-06	-6.815207e-09	-2.157746e+01	-4.001995e+02
3.800000e-07	-3.357424e-06	-6.641845e-09	-2.146568e+01	-3.991370e+02
3.900000e-07	-3.339678e-06	-6.713121e-09	-2.135222e+01	-3.980541e+02
4.000000e-07	-3.321539e-06	-6.794436e-09	-2.123624e+01	-3.969623e+02
4.100000e-07	-3.303100e-06	-6.722066e-09	-2.111836e+01	-3.958702e+02
4.200000e-07	-3.284379e-06	-6.652491e-09	-2.099866e+01	-3.947819e+02
4.300000e-07	-3.265144e-06	-6.621537e-09	-2.087569e+01	-3.936970e+02
4.400000e-07	-3.245459e-06	-6.656548e-09	-2.074983e+01	-3.926105e+02
4.500000e-07	-3.225436e-06	-6.671135e-09	-2.062181e+01	-3.915140e+02
4.600000e-07	-3.205141e-06	-6.581804e-09	-2.049205e+01	-3.903968e+02
4.700000e-07	-3.184631e-06	-6.530854e-09	-2.036093e+01	-3.892477e+02
4.800000e-07	-3.163858e-06	-6.607474e-09	-2.022811e+01	-3.880563e+02
4.900000e-07	-3.142819e-06	-6.590287e-09	-2.009360e+01	-3.868148e+02
5.000000e-07	-3.121470e-06	-6.483618e-09	-1.995711e+01	-3.855188e+02
5.100000e-07	-3.099640e-06	-6.454070e-09	-1.981754e+01	-3.841680e+02
5.200000e-07	-3.077345e-06	-6.494229e-09	-1.967499e+01	-3.827660e+02
5.300000e-07	-3.054783e-06	-6.478404e-09	-1.953074e+01	-3.813198e+02
5.400000e-07	-3.031996e-06	-6.403648e-09	-1.938505e+01	-3.798386e+02
5.500000e-07	-3.008790e-06	-6.363600e-09	-1.923669e+01	-3.783324e+02
5.600000e-07	-2.985104e-06	-6.392066e-09	-1.908525e+01	-3.768105e+02
5.700000e-07	-2.961014e-06	-6.386566e-09	-1.893123e+01	-3.752802e+02
5.800000e-07	-2.936664e-06	-6.301510e-09	-1.877555e+01	-3.737454e+02
5.900000e-07	-2.912213e-06	-6.262206e-09	-1.861922e+01	-3.722063e+02
6.000000e-07	-2.887578e-06	-6.298150e-09	-1.846172e+01	-3.706593e+02
6.100000e-07	-2.862605e-06	-6.283113e-09	-1.830206e+01	-3.690970e+02
6.200000e-07	-2.837131e-06	-6.200037e-09	-1.813918e+01	-3.675099e+02
6.300000e-07	-2.811058e-06	-6.163751e-09	-1.797249e+01	-3.658870e+02
6.400000e-07	-2.784424e-06	-6.184572e-09	-1.780220e+01	-3.642176e+02
6.500000e-07	-2.757224e-06	-6.166307e-09	-1.762830e+01	-3.624928e+02
6.600000e-07	-2.729488e-06	-6.089443e-09	-1.745097e+01	-3.607062e+02
6.700000e-07	-2.701407e-06	-6.041726e-09	-1.727143e+01	-3.588554e+02
6.800000e-07	-2.673099e-06	-6.053442e-09	-1.709045e+01	-3.569414e+02
6.900000e-07	-2.644632e-06	-6.036335e-09	-1.690844e+01	-3.549691e+02
7.000000e-07	-2.616037e-06	-5.960973e-09	-1.672562e+01	-3.529460e+02
7.100000e-07	-2.587240e-06	-5.912297e-09	-1.654151e+01	-3.508812e+02
7.200000e-07	-2.558109e-06	-5.919949e-09	-1.635526e+01	-3.487842e+02
7.300000e-07	-2.528538e-06	-5.902835e-09	-1.616620e+01	-3.466636e+02
7.400000e-07	-2.498506e-06	-5.827406e-09	-1.597419e+01	-3.445255e+02
7.500000e-07	-2.468218e-06	-5.770629e-09	-1.578054e+01	-3.423728e+02
7.600000e-07	-2.437795e-06	-5.763663e-09	-1.558603e+01	-3.402052e+02
7.700000e-07	-2.407171e-06	-5.743730e-09	-1.539023e+01	-3.380187e+02
7.800000e-07	-2.376310e-06	-5.676210e-09	-1.519293e+01	-3.358062e+02
7.900000e-07	-2.345178e-06	-5.622239e-09	-1.499388e+01	-3.335589e+02
8.000000e-07	-2.313749e-06	-5.611262e-09	-1.479294e+01	-3.312671e+02
8.100000e-07	-2.281964e-06	-5.590512e-09	-1.458972e+01	-3.289212e+02
8.200000e-07	-2.249938e-06	-5.523678e-09	-1.438497e+01	-3.265137e+02
8.300000e-07	-2.217780e-06	-5.464178e-09	-1.417937e+01	-3.240391e+02
8.400000e-07	-2.185480e-06	-5.445675e-09	-1.397286e+01	-3.214954e+02
8.500000e-07	-2.152963e-06	-5.421070e-09	-1.376496e+01	-3.188832e+02
8.600000e-07	-2.120273e-06	-5.353337e-09	-1.355596e+01	-3.162063e+02
8.700000e-07	-2.087456e-06	-5.288991e-09	-1.334614e+01	-3.134703e+02
8.800000e-07	-2.054397e-06	-5.259390e-09	-1.313478e+01	-3.106819e+02
8.900000e-07	-2.020969e-06	-5.227935e-09	-1.292106e+01	-3.078480e+02
9.000000e-07	-1.987037e-06	-5.163505e-09	-1.270411e+01	-3.049744e+02
9.100000e-07	-1.952675e-06	-5.098001e-09	-1.248442e+01	-3.020650e+02
9.200000e-07	-1.918049e-06	-5.066669e-09	-1.226304e+01	-2.991216e+02
9.300000e-07	-1.883070e-06	-5.034449e-09	-1.203940e+01	-2.961435e+02
9.400000e-07	-1.847635e-06	-4.968451e-09	-1.181285e+01	-2.931276e+02
9.500000e-07	-1.811877e-06	-4.897299e-09	-1.158423e+01	-2.900693e+02
9.600000e-07	-1.775841e-06	-4.857057e-09	-1.135383e+01	-2.869630e+02
9.700000e-07	-1.739600e-06	-4.821476e-09	-1.112212e+01	-2.838032e+02
9.800000e-07	-1.703270e-06	-4.759466e-09	-1.088985e+01	-2.805851e+02
9.900000e-07	-1.666823e-06	-4.691495e-09	-1.065683e+01	-2.773055e+02
1.000000e-06	-1.630276e-06	-4.646700e-09	-1.042316e+01	-2.739629e+02
1.010000e-06	-1.593657e-06	-4.603462e-09	-1.018904e+01	-2.705577e+02
1.020000e-06	-1.556947e-06	-4.534091e-09	-9.954332e+00	-2.670917e+02
1.030000e-06	-1.520074e-06	-4.456938e-09	-9.718586e+00	-2.635679e+02
1.040000e-06	-1.483047e-06	-4.404543e-09	-9.481855e+00	-2.599893e+02
1.050000e-06	-1.445860e-06	-4.359477e-09	-9.244102e+00	-2.563584e+02
1.060000e-06	-1.408420e-06	-4.292750e-09	-9.004724e+00	-2.526761e+02
1.070000e-06	-1.370739e-06	-4.218488e-09	-8.763815e+00	-2.489413e+02
1.080000e-06	-1.332871e-06	-4.162016e-09	-8.521704e+00	-2.451508e+02
1.090000e-06	-1.294838e-06	-4.109356e-09	-8.278540e+00	-2.412987e+02
1.100000e-06	-1.256637e-06	-4.037174e-09	-8.034304e+00	-2.373776e+02
1.110000e-06	-1.218327e-06	-3.955517e-09	-7.789368e+00	-2.333788e+02
1.120000e-06	-1.179940e-06	-3.890835e-09	-7.543941e+00	-2.292930e+02
1.130000e-06	-1.141439e-06	-3.834999e-09	-7.297786e+00	-2.251119e+02
1.140000e-06	-1.102794e-06	-3.762998e-09	-7.050711e+00	-2.208282e+02
1.150000e-06	-1.064006e-06	-3.680310e-09	-6.802715e+00	-2.164369e+02
1.160000e-06	-1.025115e-06	-3.606480e-09	-6.554067e+00	-2.119355e+02
1.170000e-06	-9.860842e-07	-3.538407e-09	-6.304525e+00	-2.073238e+02
1.180000e-06	-9.468667e-07	-3.456431e-09	-6.053788e+00	-2.026039e+02
1.190000e-06	-9.075703e-07	-3.365628e-09	-5.802547e+00	-1.977793e+02
1.200000e-06	-8.682275e-07	-3.285606e-09	-5.551009e+00	-1.928541e+02
1.210000e-06	-8.287537e-07	-3.213349e-09	-5.298633e+00	-1.878322e+02
1.220000e-06	-7.891349e-07	-3.128817e-09	-5.045330e+00	-1.827162e+02
1.230000e-06	-7.494025e-07	-3.036837e-09	-4.791302e+00	-1.775068e+02
1.240000e-06	-7.095813e-07	-2.950911e-09	-4.536705e+00	-1.722023e+02
1.250000e-06	-6.696128e-07	-2.866742e-09	-4.281166e+00	-1.667986e+02
1.260000e-06	-6.295798e-07	-2.769188e-09	-4.025215e+00	-1.612894e+02
1.270000e-06	-5.894930e-07	-2.661842e-09	-3.768921e+00	-1.556668e+02
1.280000e-06	-5.493461e-07	-2.561495e-09	-3.512242e+00	-1.499220e+02
1.290000e-06	-5.092195e-07	-2.469686e-09	-3.255692e+00	-1.440464e+02
1.300000e-06	-4.690440e-07	-2.372377e-09	-2.998830e+00	-1.380324e+02
1.310000e-06	-4.288357e-07	-2.267314e-09	-2.741759e+00	-1.318743e+02
1.320000e-06	-3.885878e-07	-2.165647e-09	-2.484435e+00	-1.255687e+02
1.330000e-06	-3.482997e-07	-2.065924e-09	-2.226852e+00	-1.191146e+02
1.340000e-06	-3.079837e-07	-1.954348e-09	-1.969093e+00	-1.125136e+02
1.350000e-06	-2.676619e-07	-1.829203e-09	-1.711295e+00	-1.057692e+02
1.360000e-06	-2.273370e-07	-1.704479e-09	-1.453478e+00	-9.888653e+01
1.370000e-06	-1.869700e-07	-1.587873e-09	-1.195392e+00	-9.187102e+01
1.380000e-06	-1.465668e-07	-1.469577e-09	-9.370742e-01	-8.472820e+01
1.390000e-06	-1.061363e-07	-1.346874e-09	-6.785821e-01	-7.746287e+01
1.400000e-06	-6.571121e-08	-1.229467e-09	-4.201243e-01	-7.007878e+01
1.410000e-06	-2.527121e-08	-1.113742e-09	-1.615714e-01	-6.257856e+01
1.420000e-06	1.517555e-08	-9.867889e-10	9.702483e-02	-5.496400e+01
1.430000e-06	5.560413e-08	-8.448299e-10	3.555048e-01	-4.723654e+01
1.440000e-06	9.604455e-08	-7.045121e-10	6.140604e-01	-3.939803e+01
1.450000e-06	1.364764e-07	-5.713568e-10	8.725616e-01	-3.145154e+01
1.460000e-06	1.768839e-07	-4.364738e-10	1.130907e+00	-2.340215e+01
1.470000e-06	2.172968e-07	-2.973846e-10	1.389286e+00	-1.525754e+01
1.480000e-06	2.576793e-07	-1.623466e-10	1.647471e+00	-7.028406e+00
1.490000e-06	2.980242e-07	-3.311809e-11	1.905416e+00	1.271593e+00
1.500000e-06	3.383508e-07	1.047242e-10	2.163244e+00	9.626117e+00
1.510000e-06	3.786623e-07	2.552963e-10	2.420976e+00	1.801682e+01
1.520000e-06	4.189645e-07	4.044587e-10	2.678648e+00	2.642422e+01
1.530000e-06	4.592382e-07	5.444377e-10	2.936137e+00	3.482876e+01
1.540000e-06	4.994620e-07	6.842515e-10	3.193308e+00	4.321180e+01
1.550000e-06	5.396028e-07	8.293394e-10	3.449948e+00	5.155649e+01
1.560000e-06	5.796602e-07	9.697917e-10	3.706055e+00	5.984846e+01
1.570000e-06	6.196789e-07	1.100793e-09	3.961915e+00	6.807608e+01
1.580000e-06	6.596753e-07	1.234084e-09	4.217631e+00	7.623042e+01
1.590000e-06	6.996157e-07	1.376691e-09	4.472990e+00	8.430491e+01
1.600000e-06	7.393876e-07	1.520619e-09	4.727271e+00	9.229465e+01
1.610000e-06	7.790526e-07	1.654637e-09	4.980870e+00	1.001956e+02
1.620000e-06	8.187243e-07	1.784694e-09	5.234510e+00	1.080039e+02
1.630000e-06	8.582485e-07	1.918445e-09	5.487208e+00	1.157147e+02
1.640000e-06	8.975807e-07	2.047873e-09	5.738678e+00	1.233223e+02
1.650000e-06	9.368022e-07	2.167578e-09	5.989441e+00	1.308194e+02
1.660000e-06	9.758968e-07	2.284696e-09	6.239392e+00	1.381972e+02
1.670000e-06	1.014796e-06	2.407456e-09	6.488093e+00	1.454463e+02
1.680000e-06	1.053607e-06	2.532816e-09	6.736230e+00	1.525571e+02
1.690000e-06	1.092344e-06	2.650919e-09	6.983897e+00	1.595204e+02
1.700000e-06	1.130910e-06	2.764324e-09	7.230471e+00	1.663288e+02
1.710000e-06	1.169365e-06	2.880551e-09	7.476329e+00	1.729772e+02
1.720000e-06	1.207727e-06	2.992648e-09	7.721599e+00	1.794633e+02
1.730000e-06	1.246003e-06	3.094517e-09	7.966312e+00	1.857881e+02
1.740000e-06	1.284135e-06	3.192532e-09	8.210112e+00	1.919556e+02
1.750000e-06	1.322105e-06	3.295923e-09	8.452872e+00	1.979724e+02
1.760000e-06	1.359899e-06	3.401253e-09	8.694509e+00	2.038469e+02
1.770000e-06	1.397452e-06	3.499884e-09	8.934605e+00	2.095883e+02
1.780000e-06	1.434854e-06	3.594108e-09	9.173730e+00	2.152059e+02
1.790000e-06	1.472119e-06	3.688857e-09	9.411986e+00	2.207077e+02
1.800000e-06	1.509188e-06	3.782903e-09	9.648989e+00	2.260998e+02
1.810000e-06	1.546102e-06	3.866385e-09	9.884993e+00	2.313862e+02
1.820000e-06	1.582861e-06	3.943207e-09	1.012002e+01	2.365679e+02
1.830000e-06	1.619473e-06	4.026822e-09	1.035409e+01	2.416439e+02
1.840000e-06	1.655999e-06	4.115926e-09	1.058762e+01	2.466114e+02
1.850000e-06	1.692465e-06	4.199512e-09	1.082077e+01	2.514666e+02
1.860000e-06	1.728847e-06	4.277627e-09	1.105337e+01	2.562054e+02
1.870000e-06	1.765108e-06	4.358936e-09	1.128521e+01	2.608248e+02
1.880000e-06	1.801212e-06	4.440989e-09	1.151604e+01	2.653230e+02
1.890000e-06	1.837062e-06	4.513893e-09	1.174525e+01	2.697005e+02
1.900000e-06	1.872565e-06	4.580287e-09	1.197223e+01	2.739601e+02
1.910000e-06	1.907644e-06	4.650128e-09	1.219652e+01	2.781068e+02
1.920000e-06	1.942262e-06	4.722634e-09	1.241784e+01	2.821472e+02
1.930000e-06	1.976516e-06	4.791188e-09	1.263685e+01	2.860892e+02
1.940000e-06	2.010427e-06	4.855022e-09	1.285365e+01	2.899410e+02
1.950000e-06	2.043910e-06	4.918906e-09	1.306773e+01	2.937102e+02
1.960000e-06	2.077012e-06	4.983175e-09	1.327937e+01	2.974034e+02
1.970000e-06	2.109823e-06	5.044329e-09	1.348915e+01	3.010252e+02
1.980000e-06	2.142474e-06	5.103861e-09	1.369790e+01	3.045782e+02
1.990000e-06	2.175056e-06	5.163784e-09	1.390621e+01	3.080631e+02
2.000000e-06	2.207534e-06	5.223469e-09	1.411386e+01	3.114787e+02
2.010000e-06	2.239834e-06	5.282959e-09	1.432037e+01	3.148224e+02
2.020000e-06	2.271967e-06	5.339744e-09	1.452581e+01	3.180913e+02
2.030000e-06	2.303875e-06	5.394599e-09	1.472982e+01	3.212824e+02
2.040000e-06	2.335400e-06	5.450101e-09	1.493137e+01	3.243935e+02
2.050000e-06	2.366514e-06	5.504213e-09	1.513030e+01	3.274234e+02
2.060000e-06	2.397317e-06	5.555644e-09	1.532724e+01	3.303725e+02
2.070000e-06	2.427887e-06	5.606208e-09	1.552268e+01	3.332426e+02
2.080000e-06	2.458231e-06	5.657620e-09	1.571669e+01	3.360367e+02
2.090000e-06	2.488354e-06	5.707717e-09	1.590928e+01	3.387588e+02
2.100000e-06	2.518237e-06	5.754730e-09	1.610034e+01	3.414130e+02
2.110000e-06	2.547791e-06	5.800278e-09	1.628929e+01	3.440034e+02
2.120000e-06	2.576999e-06	5.845832e-09	1.647603e+01	3.465333e+02
2.130000e-06	2.605936e-06	5.888408e-09	1.666104e+01	3.490050e+02
2.140000e-06	2.634635e-06	5.927042e-09	1.684453e+01	3.514196e+02
2.150000e-06	2.663162e-06	5.965976e-09	1.702692e+01	3.537772e+02
2.160000e-06	2.691537e-06	6.007012e-09	1.720833e+01	3.560772e+02
2.170000e-06	2.719712e-06	6.047282e-09	1.738846e+01	3.583184e+02
2.180000e-06	2.747630e-06	6.084768e-09	1.756696e+01	3.604998e+02
2.190000e-06	2.775085e-06	6.123514e-09	1.774249e+01	3.626212e+02
2.200000e-06	2.801971e-06	6.163357e-09	1.791439e+01	3.646830e+02
2.210000e-06	2.828280e-06	6.199054e-09	1.808260e+01	3.666873e+02
2.220000e-06	2.854008e-06	6.229565e-09	1.824709e+01	3.686369e+02
2.230000e-06	2.879258e-06	6.260350e-09	1.840852e+01	3.705362e+02
2.240000e-06	2.904117e-06	6.293985e-09	1.856746e+01	3.723899e+02
2.250000e-06	2.928717e-06	6.329173e-09	1.872474e+01	3.742030e+02
2.260000e-06	2.953102e-06	6.361113e-09	1.888065e+01	3.759800e+02
2.270000e-06	2.977179e-06	6.392589e-09	1.903458e+01	3.777245e+02
2.280000e-06	3.000918e-06	6.424588e-09	1.918635e+01	3.794385e+02
2.290000e-06	3.024270e-06	6.455509e-09	1.933566e+01	3.811226e+02
2.300000e-06	3.047245e-06	6.484559e-09	1.948255e+01	3.827755e+02
2.310000e-06	3.069933e-06	6.513150e-09	1.962760e+01	3.843945e+02
2.320000e-06	3.092304e-06	6.543443e-09	1.977063e+01	3.859761e+02
2.330000e-06	3.114327e-06	6.572333e-09	1.991144e+01	3.875160e+02
2.340000e-06	3.135956e-06	6.598400e-09	2.004972e+01	3.890104e+02
2.350000e-06	3.157153e-06	6.623269e-09	2.018524e+01	3.904562e+02
2.360000e-06	3.178030e-06	6.650403e-09	2.031872e+01	3.918515e+02
2.370000e-06	3.198676e-06	6.677000e-09	2.045072e+01	3.931963e+02
2.380000e-06	3.219056e-06	6.701478e-09	2.058102e+01	3.944921e+02
2.390000e-06	3.239189e-06	6.724788e-09	2.070974e+01	3.957421e+02
2.400000e-06	3.259033e-06	6.749081e-09	2.083662e+01	3.969504e+02
2.410000e-06	3.278423e-06	6.773554e-09	2.096059e+01	3.981220e+02
2.420000e-06	3.297261e-06	6.794651e-09	2.108102e+01	3.992617e+02
2.430000e-06	3.315593e-06	6.811466e-09	2.119823e+01	4.003738e+02
2.440000e-06	3.333583e-06	6.827132e-09	2.131325e+01	4.014614e+02
2.450000e-06	3.351338e-06	6.843185e-09	2.142676e+01	4.025263e+02
2.460000e-06	3.368757e-06	6.859084e-09	2.153813e+01	4.035687e+02
2.470000e-06	3.385769e-06	6.876363e-09	2.164690e+01	4.045873e+02
2.480000e-06	3.402302e-06	6.896854e-09	2.175260e+01	4.055799e+02
2.490000e-06	3.418311e-06	6.917594e-09	2.185495e+01	4.065436e+02
2.500000e-06	3.433790e-06	6.933989e-09	2.195392e+01	4.074757e+02
2.510000e-06	3.448760e-06	6.946714e-09	2.204963e+01	4.083737e+02
2.520000e-06	3.463393e-06	6.959548e-09	2.214319e+01	4.092364e+02
2.530000e-06	3.477610e-06	6.973181e-09	2.223408e+01	4.100637e+02
2.540000e-06	3.491328e-06	6.986460e-09	2.232179e+01	4.108568e+02
2.550000e-06	3.504646e-06	7.003930e-09	2.240694e+01	4.116178e+02
2.560000e-06	3.517530e-06	7.023487e-09	2.248931e+01	4.123498e+02
2.570000e-06	3.529976e-06	7.038053e-09	2.256889e+01	4.130560e+02
2.580000e-06	3.542044e-06	7.046812e-09	2.264604e+01	4.137392e+02
2.590000e-06	3.553610e-06	7.055612e-09	2.271999e+01	4.144015e+02
2.600000e-06	3.564486e-06	7.065598e-09	2.278952e+01	4.150437e+02
2.610000e-06	3.574630e-06	7.073498e-09	2.285438e+01	4.156653e+02
2.620000e-06	3.584124e-06	7.081777e-09	2.291508e+01	4.162642e+02
2.630000e-06	3.593133e-06	7.093073e-09	2.297268e+01	4.168374e+02
2.640000e-06	3.601790e-06	7.106262e-09	2.302803e+01	4.173814e+02
2.650000e-06	3.610165e-06	7.115461e-09	2.308158e+01	4.178924e+02
2.660000e-06	3.618276e-06	7.121092e-09	2.313343e+01	4.183672e+02
2.670000e-06	3.625992e-06	7.128405e-09	2.318276e+01	4.188037e+02
2.680000e-06	3.633217e-06	7.136577e-09	2.322896e+01	4.192013e+02
2.690000e-06	3.640046e-06	7.141442e-09	2.327262e+01	4.195610e+02
2.700000e-06	3.646492e-06	7.144011e-09	2.331383e+01	4.198854e+02
2.710000e-06	3.652455e-06	7.149778e-09	2.335196e+01	4.201781e+02
2.720000e-06	3.657922e-06	7.158443e-09	2.338691e+01	4.204438e+02
2.730000e-06	3.662994e-06	7.164918e-09	2.341934e+01	4.206868e+02
2.740000e-06	3.667771e-06	7.168779e-09	2.344988e+01	4.209113e+02
2.750000e-06	3.672276e-06	7.172606e-09	2.347868e+01	4.211199e+02
2.760000e-06	3.676475e-06	7.176028e-09	2.350553e+01	4.213139e+02
2.770000e-06	3.680246e-06	7.176831e-09	2.352964e+01	4.214928e+02
2.780000e-06	3.683454e-06	7.175883e-09	2.355015e+01	4.216546e+02
2.790000e-06	3.685992e-06	7.176384e-09	2.356638e+01	4.217960e+02
2.800000e-06	3.687779e-06	7.178591e-09	2.357780e+01	4.219131e+02
2.810000e-06	3.688959e-06	7.181586e-09	2.358534e+01	4.220021e+02
2.820000e-06	3.689747e-06	7.183445e-09	2.359038e+01	4.220598e+02
2.830000e-06	3.690249e-06	7.185004e-09	2.359359e+01	4.220843e+02
2.840000e-06	3.690438e-06	7.186655e-09	2.359480e+01	4.220756e+02
2.850000e-06	3.690207e-06	7.187906e-09	2.359332e+01	4.220349e+02
2.860000e-06	3.689575e-06	7.188695e-09	2.358928e+01	4.219651e+02
2.870000e-06	3.688554e-06	7.183158e-09	2.358276e+01	4.218698e+02
2.880000e-06	3.687118e-06	7.165419e-09	2.357357e+01	4.217525e+02
2.890000e-06	3.685281e-06	7.151334e-09	2.356183e+01	4.216160e+02
2.900000e-06	3.683020e-06	7.156858e-09	2.354737e+01	4.214612e+02
2.910000e-06	3.680362e-06	7.166187e-09	2.353038e+01	4.212869e+02
2.920000e-06	3.677374e-06	7.219752e-09	2.351127e+01	4.210891e+02
2.930000e-06	3.674052e-06	7.304958e-09	2.349004e+01	4.208610e+02
2.940000e-06	3.670293e-06	7.181199e-09	2.346600e+01	4.205938e+02
2.950000e-06	3.666071e-06	6.948650e-09	2.343901e+01	4.202777e+02
2.960000e-06	3.661527e-06	7.061976e-09	2.340995e+01	4.199025e+02
2.970000e-06	3.656643e-06	7.259818e-09	2.337873e+01	4.194598e+02
2.980000e-06	3.651085e-06	7.125465e-09	2.334320e+01	4.189436e+02
2.990000e-06	3.644659e-06	6.877031e-09	2.330211e+01	4.183521e+02
3.000000e-06	3.637660e-06	7.109976e-09	2.325736e+01	4.176883e+02
3.010000e-06	3.630291e-06	7.282593e-09	2.321025e+01	4.169598e+02
3.020000e-06	3.622519e-06	6.969883e-09	2.316056e+01	4.161793e+02
3.030000e-06	3.614467e-06	6.957803e-09	2.310908e+01	4.153631e+02
3.040000e-06	3.606213e-06	7.058209e-09	2.305631e+01	4.145297e+02
3.050000e-06	3.597594e-06	6.922856e-09	2.300120e+01	4.136983e+02
3.060000e-06	3.588390e-06	6.899761e-09	2.294236e+01	4.128866e+02
3.070000e-06	3.578716e-06	7.076482e-09	2.288051e+01	4.121088e+02
3.080000e-06	3.568758e-06	6.766355e-09	2.281684e+01	4.113746e+02
3.090000e-06	3.558359e-06	6.566512e-09	2.275035e+01	4.106873e+02
3.100000e-06	3.547471e-06	7.030383e-09	2.268074e+01	4.100442e+02
3.110000e-06	3.536165e-06	7.021428e-09	2.260845e+01	4.094363e+02
3.120000e-06	3.524459e-06	6.568319e-09	2.253361e+01	4.088495e+02
3.130000e-06	3.512281e-06	6.804113e-09	2.245575e+01	4.082664e+02
3.140000e-06	3.499399e-06	7.191144e-09	2.237339e+01	4.076678e+02
3.150000e-06	3.485675e-06	6.881534e-09	2.228565e+01	4.070352e+02
3.160000e-06	3.471446e-06	6.594693e-09	2.219467e+01	4.063526e+02
3.170000e-06	3.456809e-06	6.775983e-09	2.210109e+01	4.056082e+02
3.180000e-06	3.441637e-06	6.977433e-09	2.200409e+01	4.047956e+02
3.190000e-06	3.426183e-06	6.801637e-09	2.190528e+01	4.039140e+02
3.200000e-06	3.410475e-06	6.567648e-09	2.180486e+01	4.029683e+02
3.210000e-06	3.394323e-06	6.714776e-09	2.170159e+01	4.019678e+02
3.220000e-06	3.377694e-06	6.948545e-09	2.159527e+01	4.009248e+02
3.230000e-06	3.360691e-06	6.696841e-09	2.148657e+01	3.998531e+02
3.240000e-06	3.343361e-06	6.519358e-09	2.137577e+01	3.987655e+02
3.250000e-06	3.325656e-06	6.712147e-09	2.126256e+01	3.976727e+02
3.260000e-06	3.307478e-06	6.745421e-09	2.114634e+01	3.965817e+02
3.270000e-06	3.288848e-06	6.620402e-09	2.102723e+01	3.954949e+02
3.280000e-06	3.269878e-06	6.556917e-09	2.090595e+01	3.944100e+02
3.290000e-06	3.250664e-06	6.575018e-09	2.078310e+01	3.933208e+02
3.300000e-06	3.231251e-06	6.653525e-09	2.065899e+01	3.922177e+02
3.310000e-06	3.211635e-06	6.591295e-09	2.053357e+01	3.910898e+02
3.320000e-06	3.191750e-06	6.436285e-09	2.040644e+01	3.899258e+02
3.330000e-06	3.171449e-06	6.502950e-09	2.027665e+01	3.887163e+02
3.340000e-06	3.150485e-06	6.573648e-09	2.014261e+01	3.874545e+02
3.350000e-06	3.128832e-06	6.491541e-09	2.000418e+01	3.861377e+02
3.360000e-06	3.106596e-06	6.391382e-09	1.986201e+01	3.847670e+02
3.370000e-06	3.083813e-06	6.387544e-09	1.971634e+01	3.833474e+02
3.380000e-06	3.060662e-06	6.451132e-09	1.956833e+01	3.818868e+02
3.390000e-06	3.037293e-06	6.409441e-09	1.941892e+01	3.803949e+02
3.400000e-06	3.013673e-06	6.285479e-09	1.926791e+01	3.788817e+02
3.410000e-06	2.989800e-06	6.291854e-09	1.911527e+01	3.773558e+02
3.420000e-06	2.965639e-06	6.357304e-09	1.896080e+01	3.758234e+02
3.430000e-06	2.941085e-06	6.301343e-09	1.880381e+01	3.742871e+02
3.440000e-06	2.916208e-06	6.184300e-09	1.864476e+01	3.727456e+02
3.450000e-06	2.890995e-06	6.174517e-09	1.848357e+01	3.711937e+02
3.460000e-06	2.865406e-06	6.240439e-09	1.831996e+01	3.696233e+02
3.470000e-06	2.839493e-06	6.193226e-09	1.815429e+01	3.680239e+02
3.480000e-06	2.813279e-06	6.089402e-09	1.798669e+01	3.663847e+02
3.490000e-06	2.786635e-06	6.083686e-09	1.781634e+01	3.646953e+02
3.500000e-06	2.759600e-06	6.118441e-09	1.764349e+01	3.629478e+02
3.510000e-06	2.732376e-06	6.075402e-09	1.746944e+01	3.611371e+02
3.520000e-06	2.704945e-06	5.971919e-09	1.729405e+01	3.592622e+02
3.530000e-06	2.677313e-06	5.945300e-09	1.711739e+01	3.573255e+02
3.540000e-06	2.649503e-06	5.981550e-09	1.693959e+01	3.553330e+02
3.550000e-06	2.621388e-06	5.940876e-09	1.675983e+01	3.532930e+02
3.560000e-06	2.592819e-06	5.851072e-09	1.657718e+01	3.512150e+02
3.570000e-06	2.563756e-06	5.822635e-09	1.639136e+01	3.491081e+02
3.580000e-06	2.534176e-06	5.842039e-09	1.620224e+01	3.469803e+02
3.590000e-06	2.504083e-06	5.804994e-09	1.600984e+01	3.448364e+02
3.600000e-06	2.473519e-06	5.711972e-09	1.581443e+01	3.426783e+02
3.610000e-06	2.442561e-06	5.674713e-09	1.561650e+01	3.405042e+02
3.620000e-06	2.411341e-06	5.691097e-09	1.541690e+01	3.383087e+02
3.630000e-06	2.379980e-06	5.656448e-09	1.521639e+01	3.360842e+02
3.640000e-06	2.348494e-06	5.572890e-09	1.501508e+01	3.338212e+02
3.650000e-06	2.316810e-06	5.524696e-09	1.481251e+01	3.315100e+02
3.660000e-06	2.284872e-06	5.528712e-09	1.460832e+01	3.291417e+02
3.670000e-06	2.252643e-06	5.492224e-09	1.440226e+01	3.267094e+02
3.680000e-06	2.220127e-06	5.408419e-09	1.419437e+01	3.242089e+02
3.690000e-06	2.187311e-06	5.357303e-09	1.398456e+01	3.216392e+02
3.700000e-06	2.154220e-06	5.351036e-09	1.377300e+01	3.190021e+02
3.710000e-06	2.120919e-06	5.318779e-09	1.356008e+01	3.163021e+02
3.720000e-06	2.087452e-06	5.239105e-09	1.334612e+01	3.135455e+02
3.730000e-06	2.053860e-06	5.179661e-09	1.313135e+01	3.107392e+02
3.740000e-06	2.020078e-06	5.161739e-09	1.291536e+01	3.078897e+02
3.750000e-06	1.985948e-06	5.123252e-09	1.269715e+01	3.050022e+02
3.760000e-06	1.951468e-06	5.044908e-09	1.247670e+01	3.020799e+02
3.770000e-06	1.916799e-06	4.983665e-09	1.225505e+01	2.991236e+02
3.780000e-06	1.881939e-06	4.959899e-09	1.203217e+01	2.961317e+02
3.790000e-06	1.846855e-06	4.922535e-09	1.180786e+01	2.931004e+02
3.800000e-06	1.811588e-06	4.845799e-09	1.158238e+01	2.900246e+02
3.810000e-06	1.776210e-06	4.780541e-09	1.135619e+01	2.868988e+02
3.820000e-06	1.740780e-06	4.748829e-09	1.112967e+01	2.837175e+02
3.830000e-06	1.705247e-06	4.706459e-09	1.090249e+01	2.804766e+02
3.840000e-06	1.669565e-06	4.627458e-09	1.067436e+01	2.771733e+02
3.850000e-06	1.633672e-06	4.557285e-09	1.044488e+01	2.738070e+02
3.860000e-06	1.597538e-06	4.516796e-09	1.021386e+01	2.703785e+02
3.870000e-06	1.561196e-06	4.467843e-09	9.981501e+00	2.668904e+02
3.880000e-06	1.524537e-06	4.389115e-09	9.747119e+00	2.633456e+02
3.890000e-06	1.487544e-06	4.315671e-09	9.510609e+00	2.597471e+02
3.900000e-06	1.450314e-06	4.270725e-09	9.272576e+00	2.560968e+02
3.910000e-06	1.412794e-06	4.222979e-09	9.032695e+00	2.523949e+02
3.920000e-06	1.374873e-06	4.147606e-09	8.790247e+00	2.486397e+02
3.930000e-06	1.336636e-06	4.071203e-09	8.545779e+00	2.448267e+02
3.940000e-06	1.298175e-06	4.016606e-09	8.299879e+00	2.409496e+02
3.950000e-06	1.259475e-06	3.960677e-09	8.052448e+00	2.370003e+02
3.960000e-06	1.220582e-06	3.879421e-09	7.803784e+00	2.329698e+02
3.970000e-06	1.181530e-06	3.794397e-09	7.554106e+00	2.288492e+02
3.980000e-06	1.142357e-06	3.730490e-09	7.303655e+00	2.246302e+02
3.990000e-06	1.103087e-06	3.667188e-09	7.052583e+00	2.203065e+02
4.000000e-06	1.063742e-06	3.582092e-09	6.801031e+00	2.158739e+02
4.010000e-06	1.024364e-06	3.494157e-09	6.549267e+00	2.113309e+02
4.020000e-06	9.849568e-07	3.426783e-09	6.297317e+00	2.066782e+02
4.030000e-06	9.454907e-07	3.359516e-09	6.044990e+00	2.019185e+02
4.040000e-06	9.059264e-07	3.270016e-09	5.792036e+00	1.970556e+02
4.050000e-06	8.662797e-07	3.173276e-09	5.538555e+00	1.920936e+02
4.060000e-06	8.266094e-07	3.091609e-09	5.284923e+00	1.870361e+02
4.070000e-06	7.868652e-07	3.013857e-09	5.030819e+00	1.818850e+02
4.080000e-06	7.470699e-07	2.922967e-09	4.776388e+00	1.766402e+02
4.090000e-06	7.072785e-07	2.826785e-09	4.521982e+00	1.712990e+02
4.100000e-06	6.673424e-07	2.740370e-09	4.266651e+00	1.658565e+02
4.110000e-06	6.272402e-07	2.654123e-09	4.010258e+00	1.603056e+02
4.120000e-06	5.871529e-07	2.552673e-09	3.753960e+00	1.546381e+02
4.130000e-06	5.470337e-07	2.446094e-09	3.497458e+00	1.488451e+02
4.140000e-06	5.067884e-07	2.349460e-09	3.240150e+00	1.429183e+02
4.150000e-06	4.664814e-07	2.255766e-09	2.982447e+00	1.368508e+02
4.160000e-06	4.260846e-07	2.150346e-09	2.724170e+00	1.306375e+02
4.170000e-06	3.856248e-07	2.038571e-09	2.465490e+00	1.242760e+02
4.180000e-06	3.451598e-07	1.933393e-09	2.206777e+00	1.177664e+02
4.190000e-06	3.046613e-07	1.829509e-09	1.947851e+00	1.111111e+02
4.200000e-06	2.640880e-07	1.713971e-09	1.688446e+00	1.043141e+02
4.210000e-06	2.235095e-07	1.592710e-09	1.429007e+00	9.738082e+01
4.220000e-06	1.829191e-07	1.479124e-09	1.169493e+00	9.031685e+01
4.230000e-06	1.422908e-07	1.366477e-09	9.097357e-01	8.312747e+01
4.240000e-06	1.017019e-07	1.242744e-09	6.502306e-01	7.581712e+01
4.250000e-06	6.105376e-08	1.112670e-09	3.903469e-01	6.838911e+01
4.260000e-06	2.033072e-08	9.862808e-10	1.299843e-01	6.084573e+01
4.270000e-06	-2.040273e-08	8.617720e-10	-1.304447e-01	5.318855e+01
4.280000e-06	-6.111535e-08	7.304731e-10	-3.907407e-01	4.541908e+01
4.290000e-06	-1.017743e-07	5.932894e-10	-6.506937e-01	3.753952e+01
4.300000e-06	-1.423484e-07	4.620137e-10	-9.101041e-01	2.955360e+01
4.310000e-06	-1.829013e-07	3.302364e-10	-1.169379e+00	2.146734e+01
4.320000e-06	-2.235094e-07	1.895605e-10	-1.429006e+00	1.328952e+01
4.330000e-06	-2.640621e-07	4.922172e-11	-1.688280e+00	5.031942e+00
4.340000e-06	-3.045588e-07	-8.439073e-11	-1.947195e+00	-3.290652e+00
4.350000e-06	-3.450423e-07	-2.176336e-10	-2.206026e+00	-1.166108e+01
4.360000e-06	-3.854657e-07	-3.615557e-10	-2.464473e+00	-2.006046e+01
4.370000e-06	-4.258158e-07	-5.109124e-10	-2.722451e+00	-2.846916e+01
4.380000e-06	-4.660544e-07	-6.531539e-10	-2.979717e+00	-3.686785e+01
4.390000e-06	-5.061970e-07	-7.907322e-10	-3.236368e+00	-4.523847e+01
4.400000e-06	-5.463587e-07	-9.297378e-10	-3.493142e+00	-5.356505e+01
4.410000e-06	-5.864813e-07	-1.066343e-09	-3.749666e+00	-6.183421e+01
4.420000e-06	-6.264941e-07	-1.197373e-09	-4.005487e+00	-7.003536e+01
4.430000e-06	-6.663697e-07	-1.327245e-09	-4.260432e+00	-7.816053e+01
4.440000e-06	-7.061304e-07	-1.465512e-09	-4.514641e+00	-8.620385e+01
4.450000e-06	-7.458649e-07	-1.607447e-09	-4.768684e+00	-9.416087e+01
4.460000e-06	-7.855367e-07	-1.742718e-09	-5.022325e+00	-1.020277e+02
4.470000e-06	-8.251602e-07	-1.871986e-09	-5.275658e+00	-1.098001e+02
4.480000e-06	-8.647360e-07	-2.001799e-09	-5.528686e+00	-1.174731e+02
4.490000e-06	-9.042315e-07	-2.128842e-09	-5.781200e+00	-1.250403e+02
4.500000e-06	-9.436914e-07	-2.248905e-09	-6.033487e+00	-1.324938e+02
4.510000e-06	-9.831089e-07	-2.367962e-09	-6.285502e+00	-1.398246e+02
4.520000e-06	-1.022472e-06	-2.493270e-09	-6.537172e+00	-1.470231e+02
4.530000e-06	-1.061801e-06	-2.620588e-09	-6.788620e+00	-1.540796e+02
4.540000e-06	-1.101015e-06	-2.737654e-09	-7.039334e+00	-1.609857e+02
4.550000e-06	-1.140127e-06	-2.846020e-09	-7.289396e+00	-1.677347e+02
4.560000e-06	-1.179178e-06	-2.955928e-09	-7.539068e+00	-1.743224e+02
4.570000e-06	-1.218116e-06	-3.066827e-09	-7.788018e+00	-1.807479e+02
4.580000e-06	-1.256901e-06	-3.169521e-09	-8.035988e+00	-1.870132e+02
4.590000e-06	-1.295509e-06	-3.267798e-09	-8.282830e+00	-1.931234e+02
4.600000e-06	-1.333924e-06	-3.369245e-09	-8.528437e+00	-1.990859e+02
4.610000e-06	-1.372089e-06	-3.473446e-09	-8.772443e+00	-2.049094e+02
4.620000e-06	-1.409998e-06	-3.572041e-09	-9.014816e+00	-2.106035e+02
4.630000e-06	-1.447587e-06	-3.663082e-09	-9.255143e+00	-2.161769e+02
4.640000e-06	-1.484819e-06	-3.755907e-09	-9.493186e+00	-2.216371e+02
4.650000e-06	-1.521697e-06	-3.850314e-09	-9.728960e+00	-2.269894e+02
4.660000e-06	-1.558185e-06	-3.936897e-09	-9.962249e+00	-2.322366e+02
4.670000e-06	-1.594405e-06	-4.017883e-09	-1.019382e+01	-2.373790e+02
4.680000e-06	-1.630467e-06	-4.100554e-09	-1.042438e+01	-2.424149e+02
4.690000e-06	-1.666326e-06	-4.185145e-09	-1.065365e+01	-2.473409e+02
4.700000e-06	-1.701978e-06	-4.265385e-09	-1.088159e+01	-2.521529e+02
4.710000e-06	-1.737501e-06	-4.341333e-09	-1.110871e+01	-2.568474e+02
4.720000e-06	-1.772934e-06	-4.419636e-09	-1.133524e+01	-2.614215e+02
4.730000e-06	-1.808278e-06	-4.498505e-09	-1.156122e+01	-2.658743e+02
4.740000e-06	-1.843531e-06	-4.571581e-09	-1.178660e+01	-2.702073e+02
4.750000e-06	-1.878609e-06	-4.638339e-09	-1.201088e+01	-2.744240e+02
4.760000e-06	-1.913419e-06	-4.707059e-09	-1.223344e+01	-2.785301e+02
4.770000e-06	-1.947972e-06	-4.776642e-09	-1.245435e+01	-2.825327e+02
4.780000e-06	-1.982231e-06	-4.841384e-09	-1.267338e+01	-2.864401e+02
4.790000e-06	-2.016242e-06	-4.900057e-09	-1.289084e+01	-2.902602e+02
4.800000e-06	-2.050062e-06	-4.960675e-09	-1.310706e+01	-2.940003e+02
4.810000e-06	-2.083615e-06	-5.024433e-09	-1.332158e+01	-2.976664e+02
4.820000e-06	-2.116918e-06	-5.082589e-09	-1.353451e+01	-3.012623e+02
4.830000e-06	-2.150004e-06	-5.136180e-09	-1.374604e+01	-3.047899e+02
4.840000e-06	-2.182847e-06	-5.192891e-09	-1.395602e+01	-3.082491e+02
4.850000e-06	-2.215452e-06	-5.252883e-09	-1.416448e+01	-3.116382e+02
4.860000e-06	-2.247749e-06	-5.307816e-09	-1.437098e+01	-3.149544e+02
4.870000e-06	-2.279734e-06	-5.356431e-09	-1.457547e+01	-3.181945e+02
4.880000e-06	-2.311507e-06	-5.406120e-09	-1.477861e+01	-3.213559e+02
4.890000e-06	-2.343106e-06	-5.458867e-09	-1.498064e+01	-3.244367e+02
4.900000e-06	-2.374548e-06	-5.508225e-09	-1.518166e+01	-3.274363e+02
4.910000e-06	-2.405763e-06	-5.552183e-09	-1.538124e+01	-3.303556e+02
4.920000e-06	-2.436673e-06	-5.597634e-09	-1.557886e+01	-3.331969e+02
4.930000e-06	-2.467275e-06	-5.645561e-09	-1.577451e+01	-3.359636e+02
4.940000e-06	-2.497485e-06	-5.689844e-09	-1.596766e+01	-3.386599e+02
4.950000e-06	-2.527264e-06	-5.729016e-09	-1.615805e+01	-3.412898e+02
4.960000e-06	-2.556636e-06	-5.767337e-09	-1.634584e+01	-3.438573e+02
4.970000e-06	-2.585479e-06	-5.808129e-09	-1.653025e+01	-3.463653e+02
4.980000e-06	-2.613818e-06	-5.848287e-09	-1.671143e+01	-3.488156e+02
4.990000e-06	-2.641773e-06	-5.885040e-09	-1.689016e+01	-3.512090e+02
5.000000e-06	-2.669427e-06	-5.921573e-09	-1.706697e+01	-3.535452e+02
5.010000e-06	-2.696905e-06	-5.959314e-09	-1.724265e+01	-3.558234e+02
5.020000e-06	-2.724251e-06	-5.995355e-09	-1.741748e+01	-3.580424e+02
5.030000e-06	-2.751373e-06	-6.029753e-09	-1.759089e+01	-3.602014e+02
5.040000e-06	-2.778207e-06	-6.064709e-09	-1.776246e+01	-3.623004e+02
5.050000e-06	-2.804693e-06	-6.099480e-09	-1.793180e+01	-3.643405e+02
5.060000e-06	-2.830767e-06	-6.131198e-09	-1.809850e+01	-3.663239e+02
5.070000e-06	-2.856546e-06	-6.158932e-09	-1.826331e+01	-3.682543e+02
5.080000e-06	-2.882051e-06	-6.187065e-09	-1.842638e+01	-3.701360e+02
5.090000e-06	-2.907143e-06	-6.218637e-09	-1.858680e+01	-3.719740e+02
5.100000e-06	-2.931814e-06	-6.249310e-09	-1.874454e+01	-3.737732e+02
5.110000e-06	-2.956138e-06	-6.277394e-09	-1.890006e+01	-3.755377e+02
5.120000e-06	-2.980128e-06	-6.303961e-09	-1.905343e+01	-3.772707e+02
5.130000e-06	-3.003783e-06	-6.330130e-09	-1.920467e+01	-3.789737e+02
5.140000e-06	-3.027219e-06	-6.356434e-09	-1.935451e+01	-3.806464e+02
5.150000e-06	-3.050498e-06	-6.380202e-09	-1.950334e+01	-3.822871e+02
5.160000e-06	-3.073526e-06	-6.403399e-09	-1.965058e+01	-3.838926e+02
5.170000e-06	-3.096154e-06	-6.429185e-09	-1.979525e+01	-3.854592e+02
5.180000e-06	-3.118272e-06	-6.454600e-09	-1.993666e+01	-3.869826e+02
5.190000e-06	-3.139722e-06	-6.477706e-09	-2.007380e+01	-3.884592e+02
5.200000e-06	-3.160539e-06	-6.500766e-09	-2.020689e+01	-3.898862e+02
5.210000e-06	-3.180852e-06	-6.523460e-09	-2.033676e+01	-3.912627e+02
5.220000e-06	-3.200701e-06	-6.545391e-09	-2.046367e+01	-3.925889e+02
5.230000e-06	-3.220273e-06	-6.565697e-09	-2.058880e+01	-3.938672e+02
5.240000e-06	-3.239640e-06	-6.584673e-09	-2.071262e+01	-3.951011e+02
5.250000e-06	-3.258777e-06	-6.603842e-09	-2.083498e+01	-3.962951e+02
5.260000e-06	-3.277564e-06	-6.621566e-09	-2.095509e+01	-3.974543e+02
5.270000e-06	-3.295894e-06	-6.637555e-09	-2.107228e+01	-3.985833e+02
5.280000e-06	-3.313814e-06	-6.655331e-09	-2.118686e+01	-3.996861e+02
5.290000e-06	-3.331401e-06	-6.677352e-09	-2.129930e+01	-4.007652e+02
5.300000e-06	-3.348649e-06	-6.698217e-09	-2.140957e+01	-4.018218e+02
5.310000e-06	-3.365518e-06	-6.713553e-09	-2.151742e+01	-4.028556e+02
5.320000e-06	-3.381991e-06	-6.727763e-09	-2.162274e+01	-4.038649e+02
5.330000e-06	-3.398095e-06	-6.743220e-09	-2.172570e+01	-4.048471e+02
5.340000e-06	-3.413848e-06	-6.756767e-09	-2.182642e+01	-4.057993e+02
5.350000e-06	-3.429301e-06	-6.769437e-09	-2.192522e+01	-4.067190e+02
5.360000e-06	-3.444555e-06	-6.784675e-09	-2.202275e+01	-4.076040e+02
5.370000e-06	-3.459421e-06	-6.802516e-09	-2.211780e+01	-4.084534e+02
5.380000e-06	-3.473665e-06	-6.818408e-09	-2.220886e+01	-4.092678e+02
5.390000e-06	-3.487151e-06	-6.830583e-09	-2.229508e+01	-4.100486e+02
5.400000e-06	-3.499831e-06	-6.841325e-09	-2.237616e+01	-4.107985e+02
5.410000e-06	-3.512003e-06	-6.852257e-09	-2.245398e+01	-4.115206e+02
5.420000e-06	-3.523866e-06	-6.863337e-09	-2.252982e+01	-4.122180e+02
5.430000e-06	-3.535317e-06	-6.872176e-09	-2.260304e+01	-4.128933e+02
5.440000e-06	-3.546294e-06	-6.879406e-09	-2.267322e+01	-4.135482e+02
5.450000e-06	-3.556783e-06	-6.888364e-09	-2.274027e+01	-4.141829e+02
5.460000e-06	-3.566824e-06	-6.897409e-09	-2.280447e+01	-4.147963e+02
5.470000e-06	-3.576475e-06	-6.905919e-09	-2.286618e+01	-4.153861e+02
5.480000e-06	-3.585783e-06	-6.914459e-09	-2.292569e+01	-4.159489e+02
5.490000e-06	-3.594721e-06	-6.922592e-09	-2.298283e+01	-4.164811e+02
5.500000e-06	-3.603123e-06	-6.930017e-09	-2.303655e+01	-4.169789e+02
5.510000e-06	-3.611045e-06	-6.936735e-09	-2.308720e+01	-4.174396e+02
5.520000e-06	-3.618618e-06	-6.943691e-09	-2.313562e+01	-4.178617e+02
5.530000e-06	-3.625932e-06	-6.951060e-09	-2.318238e+01	-4.182450e+02
5.540000e-06	-3.633017e-06	-6.957479e-09	-2.322768e+01	-4.185911e+02
5.550000e-06	-3.639630e-06	-6.961468e-09	-2.326996e+01	-4.189032e+02
5.560000e-06	-3.645646e-06	-6.964020e-09	-2.330842e+01	-4.191854e+02
5.570000e-06	-3.651042e-06	-6.968429e-09	-2.334292e+01	-4.194422e+02
5.580000e-06	-3.655781e-06	-6.973679e-09	-2.337322e+01	-4.196779e+02
5.590000e-06	-3.659894e-06	-6.977117e-09	-2.339951e+01	-4.198963e+02
5.600000e-06	-3.663581e-06	-6.978463e-09	-2.342309e+01	-4.200995e+02
5.610000e-06	-3.667051e-06	-6.979010e-09	-2.344528e+01	-4.202881e+02
5.620000e-06	-3.670279e-06	-6.979445e-09	-2.346591e+01	-4.204610e+02
5.630000e-06	-3.673115e-06	-6.979428e-09	-2.348405e+01	-4.206157e+02
5.640000e-06	-3.675420e-06	-6.981426e-09	-2.349878e+01	-4.207486e+02
5.650000e-06	-3.677277e-06	-6.984857e-09	-2.351066e+01	-4.208557e+02
5.660000e-06	-3.678787e-06	-6.988272e-09	-2.352031e+01	-4.209333e+02
5.670000e-06	-3.679919e-06	-6.990888e-09	-2.352755e+01	-4.209788e+02
5.680000e-06	-3.680576e-06	-6.992446e-09	-2.353175e+01	-4.209909e+02
5.690000e-06	-3.680739e-06	-6.992546e-09	-2.353279e+01	-4.209701e+02
