# Temperatura_=_20.0
# Concentracion g/m^3_=_9000.0
# C_Vs_to_Am_M_A/Vsm_=_59384043850.047264
# pendiente_HvsI_1/m_=_3716.3
# ordenada_HvsI_A/m_=_1297.0
# frecuencia_Hz_=_175665.06370890967

Tiempo_(s)	Campo_(V.s)	Magnetizacion_(V.s)	Campo_(kA/m)	Magnetizacion_(A/m)
0.000000e+00	-3.685959e-06	-7.060505e-09	-2.353006e+01	-4.204368e+02
1.000000e-08	-3.685883e-06	-7.058683e-09	-2.352957e+01	-4.203920e+02
2.000000e-08	-3.685508e-06	-7.058819e-09	-2.352718e+01	-4.203317e+02
3.000000e-08	-3.684905e-06	-7.060794e-09	-2.352333e+01	-4.202637e+02
4.000000e-08	-3.684024e-06	-7.069212e-09	-2.351771e+01	-4.201945e+02
5.000000e-08	-3.682653e-06	-7.081044e-09	-2.350895e+01	-4.201283e+02
6.000000e-08	-3.680703e-06	-7.074203e-09	-2.349650e+01	-4.200661e+02
7.000000e-08	-3.678144e-06	-7.041090e-09	-2.348017e+01	-4.200055e+02
8.000000e-08	-3.674865e-06	-7.024432e-09	-2.345924e+01	-4.199407e+02
9.000000e-08	-3.671011e-06	-7.017820e-09	-2.343463e+01	-4.198632e+02
1.000000e-07	-3.666724e-06	-7.015894e-09	-2.340727e+01	-4.197622e+02
1.100000e-07	-3.662080e-06	-7.048401e-09	-2.337762e+01	-4.196263e+02
1.200000e-07	-3.657226e-06	-7.098135e-09	-2.334663e+01	-4.194445e+02
1.300000e-07	-3.652090e-06	-7.052387e-09	-2.331385e+01	-4.192078e+02
1.400000e-07	-3.646450e-06	-6.982412e-09	-2.327784e+01	-4.189102e+02
1.500000e-07	-3.640275e-06	-7.060582e-09	-2.323842e+01	-4.185494e+02
1.600000e-07	-3.633695e-06	-7.052869e-09	-2.319642e+01	-4.181275e+02
1.700000e-07	-3.626753e-06	-6.909897e-09	-2.315210e+01	-4.176507e+02
1.800000e-07	-3.619294e-06	-6.934125e-09	-2.310449e+01	-4.171289e+02
1.900000e-07	-3.611359e-06	-7.028570e-09	-2.305383e+01	-4.165743e+02
2.000000e-07	-3.603185e-06	-6.984699e-09	-2.300165e+01	-4.160006e+02
2.100000e-07	-3.594750e-06	-6.911430e-09	-2.294781e+01	-4.154211e+02
2.200000e-07	-3.585940e-06	-6.979316e-09	-2.289156e+01	-4.148474e+02
2.300000e-07	-3.576678e-06	-6.949442e-09	-2.283244e+01	-4.142882e+02
2.400000e-07	-3.566777e-06	-6.878346e-09	-2.276923e+01	-4.137482e+02
2.500000e-07	-3.556103e-06	-6.989784e-09	-2.270109e+01	-4.132277e+02
2.600000e-07	-3.544858e-06	-6.963526e-09	-2.262931e+01	-4.127224e+02
2.700000e-07	-3.533135e-06	-6.852954e-09	-2.255447e+01	-4.122243e+02
2.800000e-07	-3.520922e-06	-6.916614e-09	-2.247651e+01	-4.117222e+02
2.900000e-07	-3.508234e-06	-6.974611e-09	-2.239551e+01	-4.112032e+02
3.000000e-07	-3.495095e-06	-6.849154e-09	-2.231164e+01	-4.106540e+02
3.100000e-07	-3.481486e-06	-6.792799e-09	-2.222476e+01	-4.100621e+02
3.200000e-07	-3.467403e-06	-6.870707e-09	-2.213486e+01	-4.094176e+02
3.300000e-07	-3.452833e-06	-6.881417e-09	-2.204185e+01	-4.087135e+02
3.400000e-07	-3.437891e-06	-6.810336e-09	-2.194647e+01	-4.079464e+02
3.500000e-07	-3.422534e-06	-6.780864e-09	-2.184843e+01	-4.071171e+02
3.600000e-07	-3.406394e-06	-6.818072e-09	-2.174539e+01	-4.062294e+02
3.700000e-07	-3.389544e-06	-6.820581e-09	-2.163783e+01	-4.052904e+02
3.800000e-07	-3.372276e-06	-6.745900e-09	-2.152760e+01	-4.043086e+02
3.900000e-07	-3.354711e-06	-6.723861e-09	-2.141547e+01	-4.032934e+02
4.000000e-07	-3.336801e-06	-6.766827e-09	-2.130114e+01	-4.022538e+02
4.100000e-07	-3.318549e-06	-6.736597e-09	-2.118462e+01	-4.011974e+02
4.200000e-07	-3.299988e-06	-6.692634e-09	-2.106613e+01	-4.001297e+02
4.300000e-07	-3.281032e-06	-6.686379e-09	-2.094512e+01	-3.990537e+02
4.400000e-07	-3.261590e-06	-6.669687e-09	-2.082101e+01	-3.979696e+02
4.500000e-07	-3.241681e-06	-6.652507e-09	-2.069392e+01	-3.968752e+02
4.600000e-07	-3.221400e-06	-6.642807e-09	-2.056445e+01	-3.957665e+02
4.700000e-07	-3.200909e-06	-6.608627e-09	-2.043364e+01	-3.946381e+02
4.800000e-07	-3.180237e-06	-6.600060e-09	-2.030168e+01	-3.934842e+02
4.900000e-07	-3.159246e-06	-6.598360e-09	-2.016768e+01	-3.922992e+02
5.000000e-07	-3.137852e-06	-6.556352e-09	-2.003110e+01	-3.910783e+02
5.100000e-07	-3.116094e-06	-6.517958e-09	-1.989221e+01	-3.898182e+02
5.200000e-07	-3.093999e-06	-6.511553e-09	-1.975116e+01	-3.885171e+02
5.300000e-07	-3.071565e-06	-6.494366e-09	-1.960795e+01	-3.871746e+02
5.400000e-07	-3.048773e-06	-6.466077e-09	-1.946245e+01	-3.857917e+02
5.500000e-07	-3.025634e-06	-6.446573e-09	-1.931474e+01	-3.843704e+02
5.600000e-07	-3.002135e-06	-6.431794e-09	-1.916473e+01	-3.829132e+02
5.700000e-07	-2.978218e-06	-6.414195e-09	-1.901205e+01	-3.814223e+02
5.800000e-07	-2.953966e-06	-6.382078e-09	-1.885723e+01	-3.798999e+02
5.900000e-07	-2.929490e-06	-6.346779e-09	-1.870099e+01	-3.783470e+02
6.000000e-07	-2.904830e-06	-6.324671e-09	-1.854356e+01	-3.767640e+02
6.100000e-07	-2.879925e-06	-6.305519e-09	-1.838458e+01	-3.751503e+02
6.200000e-07	-2.854586e-06	-6.267621e-09	-1.822282e+01	-3.735046e+02
6.300000e-07	-2.828719e-06	-6.235069e-09	-1.805769e+01	-3.718250e+02
6.400000e-07	-2.802276e-06	-6.217122e-09	-1.788889e+01	-3.701094e+02
6.500000e-07	-2.775224e-06	-6.196117e-09	-1.771619e+01	-3.683560e+02
6.600000e-07	-2.747746e-06	-6.158551e-09	-1.754079e+01	-3.665635e+02
6.700000e-07	-2.719880e-06	-6.122171e-09	-1.736290e+01	-3.647311e+02
6.800000e-07	-2.691675e-06	-6.096695e-09	-1.718284e+01	-3.628589e+02
6.900000e-07	-2.663262e-06	-6.069601e-09	-1.700147e+01	-3.609476e+02
7.000000e-07	-2.634664e-06	-6.027026e-09	-1.681891e+01	-3.589986e+02
7.100000e-07	-2.605863e-06	-5.986447e-09	-1.663504e+01	-3.570135e+02
7.200000e-07	-2.576748e-06	-5.962831e-09	-1.644919e+01	-3.549939e+02
7.300000e-07	-2.547316e-06	-5.938384e-09	-1.626130e+01	-3.529412e+02
7.400000e-07	-2.517563e-06	-5.898133e-09	-1.607137e+01	-3.508563e+02
7.500000e-07	-2.487474e-06	-5.857104e-09	-1.587929e+01	-3.487393e+02
7.600000e-07	-2.457118e-06	-5.828688e-09	-1.568550e+01	-3.465894e+02
7.700000e-07	-2.426570e-06	-5.797607e-09	-1.549049e+01	-3.444052e+02
7.800000e-07	-2.395740e-06	-5.752336e-09	-1.529368e+01	-3.421846e+02
7.900000e-07	-2.364597e-06	-5.706513e-09	-1.509487e+01	-3.399248e+02
8.000000e-07	-2.333205e-06	-5.674366e-09	-1.489448e+01	-3.376231e+02
8.100000e-07	-2.301562e-06	-5.641431e-09	-1.469248e+01	-3.352769e+02
8.200000e-07	-2.269674e-06	-5.595678e-09	-1.448892e+01	-3.328838e+02
8.300000e-07	-2.237524e-06	-5.548213e-09	-1.428368e+01	-3.304419e+02
8.400000e-07	-2.205239e-06	-5.512545e-09	-1.407758e+01	-3.279502e+02
8.500000e-07	-2.172835e-06	-5.477278e-09	-1.387073e+01	-3.254082e+02
8.600000e-07	-2.140169e-06	-5.430584e-09	-1.366219e+01	-3.228163e+02
8.700000e-07	-2.107291e-06	-5.380772e-09	-1.345232e+01	-3.201752e+02
8.800000e-07	-2.074211e-06	-5.340973e-09	-1.324114e+01	-3.174861e+02
8.900000e-07	-2.040897e-06	-5.302845e-09	-1.302847e+01	-3.147504e+02
9.000000e-07	-2.007324e-06	-5.253133e-09	-1.281415e+01	-3.119692e+02
9.100000e-07	-1.973331e-06	-5.197808e-09	-1.259715e+01	-3.091437e+02
9.200000e-07	-1.938880e-06	-5.151282e-09	-1.237723e+01	-3.062744e+02
9.300000e-07	-1.904042e-06	-5.109528e-09	-1.215483e+01	-3.033614e+02
9.400000e-07	-1.868815e-06	-5.057568e-09	-1.192995e+01	-3.004042e+02
9.500000e-07	-1.833216e-06	-4.999689e-09	-1.170270e+01	-2.974018e+02
9.600000e-07	-1.797287e-06	-4.951536e-09	-1.147334e+01	-2.943524e+02
9.700000e-07	-1.761137e-06	-4.909864e-09	-1.124257e+01	-2.912540e+02
9.800000e-07	-1.724846e-06	-4.859680e-09	-1.101090e+01	-2.881041e+02
9.900000e-07	-1.688415e-06	-4.800109e-09	-1.077833e+01	-2.849000e+02
1.000000e-06	-1.651936e-06	-4.744758e-09	-1.054547e+01	-2.816388e+02
1.010000e-06	-1.615403e-06	-4.693861e-09	-1.031225e+01	-2.783174e+02
1.020000e-06	-1.578728e-06	-4.633156e-09	-1.007813e+01	-2.749330e+02
1.030000e-06	-1.541887e-06	-4.565311e-09	-9.842943e+00	-2.714826e+02
1.040000e-06	-1.504885e-06	-4.506446e-09	-9.606736e+00	-2.679636e+02
1.050000e-06	-1.467778e-06	-4.457310e-09	-9.369857e+00	-2.643737e+02
1.060000e-06	-1.430466e-06	-4.401773e-09	-9.131666e+00	-2.607107e+02
1.070000e-06	-1.392873e-06	-4.338826e-09	-8.891685e+00	-2.569730e+02
1.080000e-06	-1.355106e-06	-4.278775e-09	-8.650590e+00	-2.531593e+02
1.090000e-06	-1.317161e-06	-4.219009e-09	-8.408358e+00	-2.492685e+02
1.100000e-06	-1.279022e-06	-4.148964e-09	-8.164894e+00	-2.453000e+02
1.110000e-06	-1.240712e-06	-4.071416e-09	-7.920336e+00	-2.412532e+02
1.120000e-06	-1.202309e-06	-3.999708e-09	-7.675179e+00	-2.371277e+02
1.130000e-06	-1.163810e-06	-3.934794e-09	-7.429414e+00	-2.329231e+02
1.140000e-06	-1.125140e-06	-3.864275e-09	-7.182556e+00	-2.286385e+02
1.150000e-06	-1.086325e-06	-3.790142e-09	-6.934772e+00	-2.242729e+02
1.160000e-06	-1.047407e-06	-3.721664e-09	-6.686331e+00	-2.198243e+02
1.170000e-06	-1.008369e-06	-3.654248e-09	-6.437126e+00	-2.152906e+02
1.180000e-06	-9.691825e-07	-3.576399e-09	-6.186970e+00	-2.106686e+02
1.190000e-06	-9.299147e-07	-3.490528e-09	-5.936296e+00	-2.059548e+02
1.200000e-06	-8.905713e-07	-3.408775e-09	-5.685140e+00	-2.011450e+02
1.210000e-06	-8.511029e-07	-3.329588e-09	-5.433185e+00	-1.962347e+02
1.220000e-06	-8.114574e-07	-3.245840e-09	-5.180101e+00	-1.912196e+02
1.230000e-06	-7.717000e-07	-3.159909e-09	-4.926301e+00	-1.860951e+02
1.240000e-06	-7.319088e-07	-3.076811e-09	-4.672286e+00	-1.808575e+02
1.250000e-06	-6.920465e-07	-2.994739e-09	-4.417817e+00	-1.755032e+02
1.260000e-06	-6.520720e-07	-2.904715e-09	-4.162632e+00	-1.700297e+02
1.270000e-06	-6.119674e-07	-2.804604e-09	-3.906616e+00	-1.644350e+02
1.280000e-06	-5.717747e-07	-2.703758e-09	-3.650038e+00	-1.587179e+02
1.290000e-06	-5.315429e-07	-2.605892e-09	-3.393210e+00	-1.528774e+02
1.300000e-06	-4.913349e-07	-2.505914e-09	-3.136535e+00	-1.469129e+02
1.310000e-06	-4.510911e-07	-2.400965e-09	-2.879630e+00	-1.408238e+02
1.320000e-06	-4.107642e-07	-2.296738e-09	-2.622195e+00	-1.346090e+02
1.330000e-06	-3.704153e-07	-2.193536e-09	-2.364620e+00	-1.282671e+02
1.340000e-06	-3.300537e-07	-2.086847e-09	-2.106964e+00	-1.217959e+02
1.350000e-06	-2.896646e-07	-1.974510e-09	-1.849132e+00	-1.151927e+02
1.360000e-06	-2.492479e-07	-1.859449e-09	-1.591124e+00	-1.084542e+02
1.370000e-06	-2.088480e-07	-1.742910e-09	-1.333223e+00	-1.015773e+02
1.380000e-06	-1.684666e-07	-1.623006e-09	-1.075441e+00	-9.455881e+01
1.390000e-06	-1.280157e-07	-1.500875e-09	-8.172139e-01	-8.739660e+01
1.400000e-06	-8.754043e-08	-1.378992e-09	-5.588318e-01	-8.008974e+01
1.410000e-06	-4.709547e-08	-1.256464e-09	-3.006434e-01	-7.263909e+01
1.420000e-06	-6.618416e-09	-1.129095e-09	-4.224998e-02	-6.504769e+01
1.430000e-06	3.387135e-08	-9.973190e-10	2.162245e-01	-5.732096e+01
1.440000e-06	7.435502e-08	-8.631708e-10	4.746601e-01	-4.946680e+01
1.450000e-06	1.148452e-07	-7.277838e-10	7.331373e-01	-4.149538e+01
1.460000e-06	1.553205e-07	-5.909614e-10	9.915196e-01	-3.341889e+01
1.470000e-06	1.957609e-07	-4.539385e-10	1.249679e+00	-2.525101e+01
1.480000e-06	2.361974e-07	-3.171718e-10	1.507814e+00	-1.700640e+01
1.490000e-06	2.766346e-07	-1.810110e-10	1.765952e+00	-8.700078e+00
1.500000e-06	3.170574e-07	-4.473542e-11	2.023999e+00	-3.468915e-01
1.510000e-06	3.574512e-07	9.657641e-11	2.281861e+00	8.038919e+00
1.520000e-06	3.978015e-07	2.416921e-10	2.539445e+00	1.644401e+01
1.530000e-06	4.381124e-07	3.858054e-10	2.796778e+00	2.485606e+01
1.540000e-06	4.783873e-07	5.275867e-10	3.053881e+00	3.326366e+01
1.550000e-06	5.186055e-07	6.694709e-10	3.310622e+00	4.165613e+01
1.560000e-06	5.587950e-07	8.112730e-10	3.567180e+00	5.002316e+01
1.570000e-06	5.989026e-07	9.487592e-10	3.823215e+00	5.835445e+01
1.580000e-06	6.388851e-07	1.081499e-09	4.078450e+00	6.663932e+01
1.590000e-06	6.788253e-07	1.217416e-09	4.333417e+00	7.486648e+01
1.600000e-06	7.187371e-07	1.358982e-09	4.588202e+00	8.302390e+01
1.610000e-06	7.585616e-07	1.500807e-09	4.842429e+00	9.109885e+01
1.620000e-06	7.982929e-07	1.639447e-09	5.096062e+00	9.907818e+01
1.630000e-06	8.378568e-07	1.774618e-09	5.348626e+00	1.069487e+02
1.640000e-06	8.772466e-07	1.906932e-09	5.600079e+00	1.146978e+02
1.650000e-06	9.165559e-07	2.032425e-09	5.851017e+00	1.223138e+02
1.660000e-06	9.557885e-07	2.151026e-09	6.101467e+00	1.297870e+02
1.670000e-06	9.949572e-07	2.269551e-09	6.351508e+00	1.371096e+02
1.680000e-06	1.034037e-06	2.389224e-09	6.600981e+00	1.442764e+02
1.690000e-06	1.072946e-06	2.507354e-09	6.849363e+00	1.512849e+02
1.700000e-06	1.111664e-06	2.622729e-09	7.096526e+00	1.581351e+02
1.710000e-06	1.150270e-06	2.737796e-09	7.342978e+00	1.648291e+02
1.720000e-06	1.188768e-06	2.852822e-09	7.588740e+00	1.713710e+02
1.730000e-06	1.227138e-06	2.962870e-09	7.833682e+00	1.777657e+02
1.740000e-06	1.265366e-06	3.065211e-09	8.077719e+00	1.840187e+02
1.750000e-06	1.303421e-06	3.164022e-09	8.320648e+00	1.901354e+02
1.760000e-06	1.341263e-06	3.264329e-09	8.562219e+00	1.961205e+02
1.770000e-06	1.378966e-06	3.363878e-09	8.802907e+00	2.019777e+02
1.780000e-06	1.416518e-06	3.459393e-09	9.042625e+00	2.077095e+02
1.790000e-06	1.453884e-06	3.553455e-09	9.281162e+00	2.133174e+02
1.800000e-06	1.491104e-06	3.649293e-09	9.518761e+00	2.188021e+02
1.810000e-06	1.528133e-06	3.741938e-09	9.755143e+00	2.241638e+02
1.820000e-06	1.564973e-06	3.826863e-09	9.990316e+00	2.294029e+02
1.830000e-06	1.601662e-06	3.909217e-09	1.022453e+01	2.345200e+02
1.840000e-06	1.638251e-06	3.995060e-09	1.045811e+01	2.395168e+02
1.850000e-06	1.674760e-06	4.078152e-09	1.069116e+01	2.443959e+02
1.860000e-06	1.711130e-06	4.154849e-09	1.092334e+01	2.491609e+02
1.870000e-06	1.747392e-06	4.231816e-09	1.115483e+01	2.538165e+02
1.880000e-06	1.783542e-06	4.311519e-09	1.138559e+01	2.583679e+02
1.890000e-06	1.819476e-06	4.389373e-09	1.161499e+01	2.628205e+02
1.900000e-06	1.855129e-06	4.462126e-09	1.184259e+01	2.671793e+02
1.910000e-06	1.890506e-06	4.533575e-09	1.206842e+01	2.714486e+02
1.920000e-06	1.925642e-06	4.606866e-09	1.229272e+01	2.756314e+02
1.930000e-06	1.960391e-06	4.678913e-09	1.251455e+01	2.797293e+02
1.940000e-06	1.994632e-06	4.747668e-09	1.273313e+01	2.837424e+02
1.950000e-06	2.028509e-06	4.815456e-09	1.294939e+01	2.876695e+02
1.960000e-06	2.062104e-06	4.881450e-09	1.316385e+01	2.915085e+02
1.970000e-06	2.095340e-06	4.944992e-09	1.337602e+01	2.952569e+02
1.980000e-06	2.128268e-06	5.006148e-09	1.358622e+01	2.989122e+02
1.990000e-06	2.160971e-06	5.065117e-09	1.379499e+01	3.024726e+02
2.000000e-06	2.193509e-06	5.123927e-09	1.400270e+01	3.059376e+02
2.010000e-06	2.225901e-06	5.182269e-09	1.420948e+01	3.093081e+02
2.020000e-06	2.258097e-06	5.240919e-09	1.441502e+01	3.125870e+02
2.030000e-06	2.290078e-06	5.296538e-09	1.461917e+01	3.157783e+02
2.040000e-06	2.321787e-06	5.350563e-09	1.482159e+01	3.188877e+02
2.050000e-06	2.353186e-06	5.404565e-09	1.502204e+01	3.219214e+02
2.060000e-06	2.384294e-06	5.455584e-09	1.522062e+01	3.248861e+02
2.070000e-06	2.415080e-06	5.504045e-09	1.541715e+01	3.277879e+02
2.080000e-06	2.445582e-06	5.552060e-09	1.561186e+01	3.306319e+02
2.090000e-06	2.475874e-06	5.602410e-09	1.580524e+01	3.334220e+02
2.100000e-06	2.505966e-06	5.651639e-09	1.599733e+01	3.361603e+02
2.110000e-06	2.535818e-06	5.696957e-09	1.618790e+01	3.388471e+02
2.120000e-06	2.565323e-06	5.741800e-09	1.637625e+01	3.414814e+02
2.130000e-06	2.594498e-06	5.786700e-09	1.656249e+01	3.440610e+02
2.140000e-06	2.623449e-06	5.830787e-09	1.674731e+01	3.465828e+02
2.150000e-06	2.652161e-06	5.872731e-09	1.693060e+01	3.490441e+02
2.160000e-06	2.680658e-06	5.913029e-09	1.711251e+01	3.514425e+02
2.170000e-06	2.708964e-06	5.953710e-09	1.729321e+01	3.537765e+02
2.180000e-06	2.736991e-06	5.993083e-09	1.747213e+01	3.560460e+02
2.190000e-06	2.764665e-06	6.030125e-09	1.764879e+01	3.582522e+02
2.200000e-06	2.791922e-06	6.066682e-09	1.782279e+01	3.603979e+02
2.210000e-06	2.818665e-06	6.104303e-09	1.799351e+01	3.624866e+02
2.220000e-06	2.844773e-06	6.141068e-09	1.816018e+01	3.645226e+02
2.230000e-06	2.870305e-06	6.175320e-09	1.832316e+01	3.665102e+02
2.240000e-06	2.895413e-06	6.209194e-09	1.848344e+01	3.684533e+02
2.250000e-06	2.920205e-06	6.243783e-09	1.864171e+01	3.703553e+02
2.260000e-06	2.944730e-06	6.276910e-09	1.879827e+01	3.722181e+02
2.270000e-06	2.968956e-06	6.307231e-09	1.895292e+01	3.740426e+02
2.280000e-06	2.992905e-06	6.336648e-09	1.910580e+01	3.758286e+02
2.290000e-06	3.016528e-06	6.366267e-09	1.925661e+01	3.775749e+02
2.300000e-06	3.039772e-06	6.394696e-09	1.940499e+01	3.792800e+02
2.310000e-06	3.062654e-06	6.420848e-09	1.955107e+01	3.809421e+02
2.320000e-06	3.085178e-06	6.448974e-09	1.969485e+01	3.825599e+02
2.330000e-06	3.107341e-06	6.479586e-09	1.983634e+01	3.841328e+02
2.340000e-06	3.129198e-06	6.508731e-09	1.997586e+01	3.856612e+02
2.350000e-06	3.150701e-06	6.536640e-09	2.011313e+01	3.871463e+02
2.360000e-06	3.171810e-06	6.563005e-09	2.024788e+01	3.885905e+02
2.370000e-06	3.192601e-06	6.587425e-09	2.038061e+01	3.899966e+02
2.380000e-06	3.213157e-06	6.608409e-09	2.051183e+01	3.913678e+02
2.390000e-06	3.233514e-06	6.628168e-09	2.064178e+01	3.927069e+02
2.400000e-06	3.253584e-06	6.650280e-09	2.076990e+01	3.940163e+02
2.410000e-06	3.273232e-06	6.675741e-09	2.089533e+01	3.952971e+02
2.420000e-06	3.292409e-06	6.703376e-09	2.101775e+01	3.965497e+02
2.430000e-06	3.311143e-06	6.727091e-09	2.113734e+01	3.977729e+02
2.440000e-06	3.329467e-06	6.747826e-09	2.125432e+01	3.989647e+02
2.450000e-06	3.347381e-06	6.767011e-09	2.136867e+01	4.001225e+02
2.460000e-06	3.364920e-06	6.781583e-09	2.148064e+01	4.012434e+02
2.470000e-06	3.382156e-06	6.793537e-09	2.159067e+01	4.023251e+02
2.480000e-06	3.399019e-06	6.807344e-09	2.169831e+01	4.033658e+02
2.490000e-06	3.415453e-06	6.826543e-09	2.180323e+01	4.043652e+02
2.500000e-06	3.431369e-06	6.846526e-09	2.190483e+01	4.053240e+02
2.510000e-06	3.446694e-06	6.861972e-09	2.200266e+01	4.062448e+02
2.520000e-06	3.461515e-06	6.876876e-09	2.209727e+01	4.071309e+02
2.530000e-06	3.475896e-06	6.892876e-09	2.218908e+01	4.079867e+02
2.540000e-06	3.489872e-06	6.906763e-09	2.227830e+01	4.088167e+02
2.550000e-06	3.503430e-06	6.918967e-09	2.236485e+01	4.096249e+02
2.560000e-06	3.516581e-06	6.934383e-09	2.244880e+01	4.104145e+02
2.570000e-06	3.529339e-06	6.951373e-09	2.253024e+01	4.111871e+02
2.580000e-06	3.541663e-06	6.964136e-09	2.260892e+01	4.119427e+02
2.590000e-06	3.553519e-06	6.973914e-09	2.268460e+01	4.126794e+02
2.600000e-06	3.564803e-06	6.984206e-09	2.275663e+01	4.133938e+02
2.610000e-06	3.575405e-06	6.994906e-09	2.282431e+01	4.140817e+02
2.620000e-06	3.585337e-06	7.004465e-09	2.288772e+01	4.147379e+02
2.630000e-06	3.594655e-06	7.014034e-09	2.294720e+01	4.153577e+02
2.640000e-06	3.603511e-06	7.025138e-09	2.300374e+01	4.159375e+02
2.650000e-06	3.612006e-06	7.037034e-09	2.305796e+01	4.164747e+02
2.660000e-06	3.620175e-06	7.046516e-09	2.311011e+01	4.169691e+02
2.670000e-06	3.628028e-06	7.053044e-09	2.316024e+01	4.174222e+02
2.680000e-06	3.635509e-06	7.058475e-09	2.320800e+01	4.178374e+02
2.690000e-06	3.642561e-06	7.065452e-09	2.325302e+01	4.182196e+02
2.700000e-06	3.649107e-06	7.071293e-09	2.329481e+01	4.185745e+02
2.710000e-06	3.655221e-06	7.077377e-09	2.333383e+01	4.189078e+02
2.720000e-06	3.660975e-06	7.084833e-09	2.337057e+01	4.192245e+02
2.730000e-06	3.666323e-06	7.093101e-09	2.340470e+01	4.195278e+02
2.740000e-06	3.671258e-06	7.100833e-09	2.343621e+01	4.198195e+02
2.750000e-06	3.675844e-06	7.105730e-09	2.346548e+01	4.200987e+02
2.760000e-06	3.680148e-06	7.107981e-09	2.349296e+01	4.203627e+02
2.770000e-06	3.684108e-06	7.107271e-09	2.351824e+01	4.206071e+02
2.780000e-06	3.687575e-06	7.106356e-09	2.354037e+01	4.208262e+02
2.790000e-06	3.690418e-06	7.104877e-09	2.355852e+01	4.210145e+02
2.800000e-06	3.692540e-06	7.104133e-09	2.357207e+01	4.211670e+02
2.810000e-06	3.694012e-06	7.106753e-09	2.358147e+01	4.212804e+02
2.820000e-06	3.694994e-06	7.109470e-09	2.358773e+01	4.213535e+02
2.830000e-06	3.695635e-06	7.110377e-09	2.359183e+01	4.213877e+02
2.840000e-06	3.696023e-06	7.111402e-09	2.359430e+01	4.213870e+02
2.850000e-06	3.696101e-06	7.113362e-09	2.359480e+01	4.213575e+02
2.860000e-06	3.695745e-06	7.116420e-09	2.359253e+01	4.213070e+02
2.870000e-06	3.694964e-06	7.116350e-09	2.358754e+01	4.212434e+02
2.880000e-06	3.693799e-06	7.106261e-09	2.358011e+01	4.211744e+02
2.890000e-06	3.692287e-06	7.089107e-09	2.357045e+01	4.211057e+02
2.900000e-06	3.690378e-06	7.097977e-09	2.355826e+01	4.210407e+02
2.910000e-06	3.687940e-06	7.129612e-09	2.354270e+01	4.209793e+02
2.920000e-06	3.685082e-06	7.132314e-09	2.352445e+01	4.209181e+02
2.930000e-06	3.681897e-06	7.138527e-09	2.350413e+01	4.208504e+02
2.940000e-06	3.678368e-06	7.137853e-09	2.348160e+01	4.207667e+02
2.950000e-06	3.674391e-06	7.072152e-09	2.345621e+01	4.206559e+02
2.960000e-06	3.669887e-06	7.023978e-09	2.342746e+01	4.205067e+02
2.970000e-06	3.665032e-06	7.067408e-09	2.339647e+01	4.203086e+02
2.980000e-06	3.659829e-06	7.124956e-09	2.336325e+01	4.200532e+02
2.990000e-06	3.653939e-06	7.048175e-09	2.332565e+01	4.197358e+02
3.000000e-06	3.647292e-06	7.055811e-09	2.328322e+01	4.193555e+02
3.010000e-06	3.640175e-06	7.207322e-09	2.323779e+01	4.189155e+02
3.020000e-06	3.632776e-06	7.140335e-09	2.319055e+01	4.184234e+02
3.030000e-06	3.624991e-06	7.033826e-09	2.314086e+01	4.178898e+02
3.040000e-06	3.616847e-06	7.095806e-09	2.308886e+01	4.173277e+02
3.050000e-06	3.608418e-06	7.124944e-09	2.303506e+01	4.167507e+02
3.060000e-06	3.599570e-06	6.992404e-09	2.297858e+01	4.161719e+02
3.070000e-06	3.590228e-06	7.009812e-09	2.291894e+01	4.156019e+02
3.080000e-06	3.580432e-06	7.078155e-09	2.285640e+01	4.150483e+02
3.090000e-06	3.570224e-06	6.890280e-09	2.279124e+01	4.145145e+02
3.100000e-06	3.559539e-06	6.910144e-09	2.272303e+01	4.139993e+02
3.110000e-06	3.548388e-06	7.084872e-09	2.265184e+01	4.134973e+02
3.120000e-06	3.536821e-06	6.977706e-09	2.257800e+01	4.129991e+02
3.130000e-06	3.524875e-06	6.901144e-09	2.250174e+01	4.124931e+02
3.140000e-06	3.512331e-06	7.063381e-09	2.242167e+01	4.119660e+02
3.150000e-06	3.498967e-06	7.054595e-09	2.233636e+01	4.114047e+02
3.160000e-06	3.484949e-06	6.910854e-09	2.224687e+01	4.107973e+02
3.170000e-06	3.470518e-06	6.911682e-09	2.215475e+01	4.101346e+02
3.180000e-06	3.455649e-06	6.952146e-09	2.205983e+01	4.094109e+02
3.190000e-06	3.440349e-06	6.936487e-09	2.196215e+01	4.086241e+02
3.200000e-06	3.424761e-06	6.883097e-09	2.186264e+01	4.077759e+02
3.210000e-06	3.408802e-06	6.840455e-09	2.176077e+01	4.068713e+02
3.220000e-06	3.392382e-06	6.898204e-09	2.165595e+01	4.059178e+02
3.230000e-06	3.375511e-06	6.899955e-09	2.154825e+01	4.049245e+02
3.240000e-06	3.358250e-06	6.784062e-09	2.143806e+01	4.039007e+02
3.250000e-06	3.340582e-06	6.795667e-09	2.132527e+01	4.028551e+02
3.260000e-06	3.322523e-06	6.838541e-09	2.120999e+01	4.017946e+02
3.270000e-06	3.304100e-06	6.778274e-09	2.109238e+01	4.007241e+02
3.280000e-06	3.285239e-06	6.755001e-09	2.097198e+01	3.996455e+02
3.290000e-06	3.266084e-06	6.751136e-09	2.084970e+01	3.985585e+02
3.300000e-06	3.246825e-06	6.725108e-09	2.072676e+01	3.974601e+02
3.310000e-06	3.227386e-06	6.719223e-09	2.060266e+01	3.963458e+02
3.320000e-06	3.207630e-06	6.673186e-09	2.047655e+01	3.952100e+02
3.330000e-06	3.187397e-06	6.642567e-09	2.034738e+01	3.940468e+02
3.340000e-06	3.166560e-06	6.656096e-09	2.021437e+01	3.928510e+02
3.350000e-06	3.145111e-06	6.629213e-09	2.007744e+01	3.916181e+02
3.360000e-06	3.123075e-06	6.588134e-09	1.993678e+01	3.903452e+02
3.370000e-06	3.100554e-06	6.570094e-09	1.979301e+01	3.890310e+02
3.380000e-06	3.077645e-06	6.552384e-09	1.964676e+01	3.876757e+02
3.390000e-06	3.054414e-06	6.534798e-09	1.949846e+01	3.862805e+02
3.400000e-06	3.030911e-06	6.498581e-09	1.934843e+01	3.848477e+02
3.410000e-06	3.007150e-06	6.467387e-09	1.919675e+01	3.833796e+02
3.420000e-06	2.983070e-06	6.456941e-09	1.904302e+01	3.818786e+02
3.430000e-06	2.958586e-06	6.432722e-09	1.888672e+01	3.803465e+02
3.440000e-06	2.933741e-06	6.393876e-09	1.872812e+01	3.787842e+02
3.450000e-06	2.908578e-06	6.359283e-09	1.856749e+01	3.771916e+02
3.460000e-06	2.883175e-06	6.346003e-09	1.840532e+01	3.755681e+02
3.470000e-06	2.857419e-06	6.326069e-09	1.824091e+01	3.739119e+02
3.480000e-06	2.831249e-06	6.281476e-09	1.807385e+01	3.722212e+02
3.490000e-06	2.804745e-06	6.247544e-09	1.790465e+01	3.704939e+02
3.500000e-06	2.777888e-06	6.230593e-09	1.773320e+01	3.687283e+02
3.510000e-06	2.750773e-06	6.199101e-09	1.756011e+01	3.669233e+02
3.520000e-06	2.723465e-06	6.155563e-09	1.738578e+01	3.650784e+02
3.530000e-06	2.695961e-06	6.115622e-09	1.721021e+01	3.631938e+02
3.540000e-06	2.668251e-06	6.098229e-09	1.703331e+01	3.612705e+02
3.550000e-06	2.640216e-06	6.073019e-09	1.685435e+01	3.593099e+02
3.560000e-06	2.611724e-06	6.027644e-09	1.667246e+01	3.573138e+02
3.570000e-06	2.582776e-06	5.991269e-09	1.648767e+01	3.552837e+02
3.580000e-06	2.553354e-06	5.966357e-09	1.629984e+01	3.532208e+02
3.590000e-06	2.523396e-06	5.932289e-09	1.610860e+01	3.511258e+02
3.600000e-06	2.492989e-06	5.884019e-09	1.591449e+01	3.489986e+02
3.610000e-06	2.462226e-06	5.843566e-09	1.571811e+01	3.468381e+02
3.620000e-06	2.431181e-06	5.818195e-09	1.551993e+01	3.446427e+02
3.630000e-06	2.399929e-06	5.785107e-09	1.532043e+01	3.424101e+02
3.640000e-06	2.368494e-06	5.736703e-09	1.511975e+01	3.401374e+02
3.650000e-06	2.336891e-06	5.691765e-09	1.491801e+01	3.378221e+02
3.660000e-06	2.305046e-06	5.657455e-09	1.471472e+01	3.354613e+02
3.670000e-06	2.272879e-06	5.620454e-09	1.450938e+01	3.330531e+02
3.680000e-06	2.240396e-06	5.570146e-09	1.430202e+01	3.305956e+02
3.690000e-06	2.207721e-06	5.525183e-09	1.409343e+01	3.280882e+02
3.700000e-06	2.174828e-06	5.489779e-09	1.388345e+01	3.255305e+02
3.710000e-06	2.141697e-06	5.450140e-09	1.367195e+01	3.229230e+02
3.720000e-06	2.108406e-06	5.399536e-09	1.345943e+01	3.202667e+02
3.730000e-06	2.074876e-06	5.349374e-09	1.324538e+01	3.175628e+02
3.740000e-06	2.041061e-06	5.307162e-09	1.302952e+01	3.148127e+02
3.750000e-06	2.006973e-06	5.261093e-09	1.281191e+01	3.120175e+02
3.760000e-06	1.972549e-06	5.206418e-09	1.259216e+01	3.091782e+02
3.770000e-06	1.937855e-06	5.154866e-09	1.237068e+01	3.062952e+02
3.780000e-06	1.902974e-06	5.111039e-09	1.214801e+01	3.033684e+02
3.790000e-06	1.867911e-06	5.064689e-09	1.192418e+01	3.003972e+02
3.800000e-06	1.832730e-06	5.008293e-09	1.169960e+01	2.973802e+02
3.810000e-06	1.797420e-06	4.952292e-09	1.147419e+01	2.943156e+02
3.820000e-06	1.761975e-06	4.903512e-09	1.124792e+01	2.912014e+02
3.830000e-06	1.726444e-06	4.851022e-09	1.102110e+01	2.880348e+02
3.840000e-06	1.690837e-06	4.788840e-09	1.079380e+01	2.848131e+02
3.850000e-06	1.655014e-06	4.729373e-09	1.056511e+01	2.815333e+02
3.860000e-06	1.618949e-06	4.679930e-09	1.033488e+01	2.781925e+02
3.870000e-06	1.582671e-06	4.627923e-09	1.010330e+01	2.747877e+02
3.880000e-06	1.546137e-06	4.565636e-09	9.870077e+00	2.713160e+02
3.890000e-06	1.509266e-06	4.501350e-09	9.634703e+00	2.677751e+02
3.900000e-06	1.472025e-06	4.442995e-09	9.396969e+00	2.641625e+02
3.910000e-06	1.434459e-06	4.381669e-09	9.157155e+00	2.604762e+02
3.920000e-06	1.396476e-06	4.310209e-09	8.914683e+00	2.567149e+02
3.930000e-06	1.358175e-06	4.239253e-09	8.670180e+00	2.528771e+02
3.940000e-06	1.319733e-06	4.176431e-09	8.424780e+00	2.489620e+02
3.950000e-06	1.281055e-06	4.113584e-09	8.177868e+00	2.449690e+02
3.960000e-06	1.242183e-06	4.044103e-09	7.929725e+00	2.408976e+02
3.970000e-06	1.203222e-06	3.971794e-09	7.681011e+00	2.367474e+02
3.980000e-06	1.164105e-06	3.903365e-09	7.431297e+00	2.325178e+02
3.990000e-06	1.124842e-06	3.831709e-09	7.180653e+00	2.282080e+02
4.000000e-06	1.085509e-06	3.750494e-09	6.929560e+00	2.238165e+02
4.010000e-06	1.046131e-06	3.666864e-09	6.678186e+00	2.193416e+02
4.020000e-06	1.006708e-06	3.588801e-09	6.426519e+00	2.147806e+02
4.030000e-06	9.672262e-07	3.513056e-09	6.174482e+00	2.101303e+02
4.040000e-06	9.276959e-07	3.431722e-09	5.922132e+00	2.053868e+02
4.050000e-06	8.881277e-07	3.348250e-09	5.669541e+00	2.005461e+02
4.060000e-06	8.484848e-07	3.268099e-09	5.416472e+00	1.956034e+02
4.070000e-06	8.087348e-07	3.185884e-09	5.162720e+00	1.905545e+02
4.080000e-06	7.689014e-07	3.095558e-09	4.908436e+00	1.853950e+02
4.090000e-06	7.290509e-07	3.001681e-09	4.654042e+00	1.801212e+02
4.100000e-06	6.891219e-07	2.908933e-09	4.399148e+00	1.747298e+02
4.110000e-06	6.490656e-07	2.814596e-09	4.143440e+00	1.692186e+02
4.120000e-06	6.089430e-07	2.715612e-09	3.887309e+00	1.635857e+02
4.130000e-06	5.687682e-07	2.616164e-09	3.630845e+00	1.578300e+02
4.140000e-06	5.284999e-07	2.521631e-09	3.373784e+00	1.519508e+02
4.150000e-06	4.881392e-07	2.427784e-09	3.116134e+00	1.459473e+02
4.160000e-06	4.477415e-07	2.326206e-09	2.858248e+00	1.398190e+02
4.170000e-06	4.073229e-07	2.217612e-09	2.600227e+00	1.335646e+02
4.180000e-06	3.668295e-07	2.106526e-09	2.341729e+00	1.271825e+02
4.190000e-06	3.262748e-07	1.995974e-09	2.082840e+00	1.206703e+02
4.200000e-06	2.857484e-07	1.882812e-09	1.824132e+00	1.140251e+02
4.210000e-06	2.451593e-07	1.767087e-09	1.565023e+00	1.072437e+02
4.220000e-06	2.044743e-07	1.655706e-09	1.305302e+00	1.003227e+02
4.230000e-06	1.637637e-07	1.544073e-09	1.045419e+00	9.325945e+01
4.240000e-06	1.230265e-07	1.424547e-09	7.853645e-01	8.605200e+01
4.250000e-06	8.228835e-08	1.297568e-09	5.253041e-01	7.869995e+01
4.260000e-06	4.157729e-08	1.169180e-09	2.654169e-01	7.120481e+01
4.270000e-06	8.506692e-10	1.038733e-09	5.430417e-03	6.357035e+01
4.280000e-06	-3.991313e-08	9.056442e-10	-2.547935e-01	5.580277e+01
4.290000e-06	-8.067495e-08	7.702211e-10	-5.150047e-01	4.791070e+01
4.300000e-06	-1.214259e-07	6.356838e-10	-7.751466e-01	3.990499e+01
4.310000e-06	-1.621664e-07	5.014503e-10	-1.035221e+00	3.179835e+01
4.320000e-06	-2.029233e-07	3.633234e-10	-1.295402e+00	2.360482e+01
4.330000e-06	-2.436152e-07	2.259474e-10	-1.555167e+00	1.533924e+01
4.340000e-06	-2.842131e-07	8.789741e-11	-1.814331e+00	7.016635e+00
4.350000e-06	-3.247159e-07	-5.371324e-11	-2.072889e+00	-1.348305e+00
4.360000e-06	-3.651214e-07	-1.971492e-10	-2.330825e+00	-9.741595e+00
4.370000e-06	-4.054567e-07	-3.423864e-10	-2.588314e+00	-1.815021e+01
4.380000e-06	-4.457737e-07	-4.859638e-10	-2.845685e+00	-2.656211e+01
4.390000e-06	-4.861238e-07	-6.279161e-10	-3.103268e+00	-3.496618e+01
4.400000e-06	-5.263806e-07	-7.694045e-10	-3.360256e+00	-4.335186e+01
4.410000e-06	-5.665056e-07	-9.072849e-10	-3.616402e+00	-5.170891e+01
4.420000e-06	-6.065244e-07	-1.045267e-09	-3.871869e+00	-6.002693e+01
4.430000e-06	-6.464425e-07	-1.183494e-09	-4.126695e+00	-6.829508e+01
4.440000e-06	-6.863515e-07	-1.322162e-09	-4.381462e+00	-7.650184e+01
4.450000e-06	-7.262158e-07	-1.460993e-09	-4.635944e+00	-8.463495e+01
4.460000e-06	-7.659676e-07	-1.595509e-09	-4.889708e+00	-9.268151e+01
4.470000e-06	-8.056288e-07	-1.727294e-09	-5.142893e+00	-1.006283e+02
4.480000e-06	-8.452187e-07	-1.859221e-09	-5.395622e+00	-1.084623e+02
4.490000e-06	-8.847670e-07	-1.989432e-09	-5.648087e+00	-1.161710e+02
4.500000e-06	-9.242222e-07	-2.116285e-09	-5.899957e+00	-1.237434e+02
4.510000e-06	-9.636108e-07	-2.242652e-09	-6.151402e+00	-1.311703e+02
4.520000e-06	-1.002992e-06	-2.369168e-09	-6.402803e+00	-1.384447e+02
4.530000e-06	-1.042311e-06	-2.492176e-09	-6.653802e+00	-1.455623e+02
4.540000e-06	-1.081556e-06	-2.609727e-09	-6.904326e+00	-1.525213e+02
4.550000e-06	-1.120745e-06	-2.721500e-09	-7.154502e+00	-1.593224e+02
4.560000e-06	-1.159881e-06	-2.830953e-09	-7.404331e+00	-1.659685e+02
4.570000e-06	-1.198905e-06	-2.940987e-09	-7.653447e+00	-1.724638e+02
4.580000e-06	-1.237802e-06	-3.047861e-09	-7.901755e+00	-1.788137e+02
4.590000e-06	-1.276562e-06	-3.150755e-09	-8.149191e+00	-1.850237e+02
4.600000e-06	-1.315136e-06	-3.252801e-09	-8.395432e+00	-1.910989e+02
4.610000e-06	-1.353475e-06	-3.354741e-09	-8.640177e+00	-1.970437e+02
4.620000e-06	-1.391523e-06	-3.454232e-09	-8.883066e+00	-2.028615e+02
4.630000e-06	-1.429282e-06	-3.550905e-09	-9.124108e+00	-2.085546e+02
4.640000e-06	-1.466826e-06	-3.647207e-09	-9.363779e+00	-2.141240e+02
4.650000e-06	-1.504088e-06	-3.740704e-09	-9.601649e+00	-2.195703e+02
4.660000e-06	-1.540913e-06	-3.830277e-09	-9.836728e+00	-2.248937e+02
4.670000e-06	-1.577447e-06	-3.915473e-09	-1.006995e+01	-2.300946e+02
4.680000e-06	-1.613769e-06	-3.998690e-09	-1.030182e+01	-2.351740e+02
4.690000e-06	-1.649813e-06	-4.080391e-09	-1.053191e+01	-2.401338e+02
4.700000e-06	-1.685644e-06	-4.159655e-09	-1.076065e+01	-2.449768e+02
4.710000e-06	-1.721296e-06	-4.239260e-09	-1.098823e+01	-2.497072e+02
4.720000e-06	-1.756786e-06	-4.320065e-09	-1.121479e+01	-2.543298e+02
4.730000e-06	-1.792164e-06	-4.399804e-09	-1.144063e+01	-2.588498e+02
4.740000e-06	-1.827429e-06	-4.474539e-09	-1.166576e+01	-2.632726e+02
4.750000e-06	-1.862568e-06	-4.544178e-09	-1.189007e+01	-2.676031e+02
4.760000e-06	-1.897577e-06	-4.615097e-09	-1.211356e+01	-2.718452e+02
4.770000e-06	-1.932407e-06	-4.685596e-09	-1.233590e+01	-2.760014e+02
4.780000e-06	-1.967043e-06	-4.750400e-09	-1.255701e+01	-2.800729e+02
4.790000e-06	-2.001374e-06	-4.813631e-09	-1.277617e+01	-2.840594e+02
4.800000e-06	-2.035310e-06	-4.878394e-09	-1.299281e+01	-2.879593e+02
4.810000e-06	-2.069003e-06	-4.944350e-09	-1.320789e+01	-2.917703e+02
4.820000e-06	-2.102519e-06	-5.006141e-09	-1.342185e+01	-2.954899e+02
4.830000e-06	-2.135812e-06	-5.063494e-09	-1.363438e+01	-2.991157e+02
4.840000e-06	-2.168868e-06	-5.122318e-09	-1.384540e+01	-3.026464e+02
4.850000e-06	-2.201663e-06	-5.181830e-09	-1.405475e+01	-3.060818e+02
4.860000e-06	-2.234164e-06	-5.237542e-09	-1.426223e+01	-3.094234e+02
4.870000e-06	-2.266327e-06	-5.288464e-09	-1.446755e+01	-3.126744e+02
4.880000e-06	-2.298219e-06	-5.337873e-09	-1.467114e+01	-3.158395e+02
4.890000e-06	-2.329906e-06	-5.388000e-09	-1.487342e+01	-3.189246e+02
4.900000e-06	-2.361396e-06	-5.437597e-09	-1.507444e+01	-3.219362e+02
4.910000e-06	-2.392695e-06	-5.484964e-09	-1.527425e+01	-3.248806e+02
4.920000e-06	-2.423776e-06	-5.532752e-09	-1.547266e+01	-3.277639e+02
4.930000e-06	-2.454630e-06	-5.584036e-09	-1.566962e+01	-3.305908e+02
4.940000e-06	-2.485188e-06	-5.633760e-09	-1.586470e+01	-3.333647e+02
4.950000e-06	-2.515330e-06	-5.677408e-09	-1.605711e+01	-3.360870e+02
4.960000e-06	-2.544979e-06	-5.717617e-09	-1.624638e+01	-3.387577e+02
4.970000e-06	-2.574131e-06	-5.758120e-09	-1.643248e+01	-3.413752e+02
4.980000e-06	-2.602799e-06	-5.798702e-09	-1.661549e+01	-3.439371e+02
4.990000e-06	-2.631095e-06	-5.835803e-09	-1.679612e+01	-3.464404e+02
5.000000e-06	-2.659036e-06	-5.873063e-09	-1.697449e+01	-3.488823e+02
5.010000e-06	-2.686655e-06	-5.915556e-09	-1.715080e+01	-3.512607e+02
5.020000e-06	-2.714081e-06	-5.958171e-09	-1.732588e+01	-3.535746e+02
5.030000e-06	-2.741328e-06	-5.997282e-09	-1.749982e+01	-3.558242e+02
5.040000e-06	-2.768376e-06	-6.032658e-09	-1.767248e+01	-3.580112e+02
5.050000e-06	-2.795154e-06	-6.068863e-09	-1.784343e+01	-3.601387e+02
5.060000e-06	-2.821566e-06	-6.102975e-09	-1.801203e+01	-3.622106e+02
5.070000e-06	-2.847574e-06	-6.132544e-09	-1.817806e+01	-3.642310e+02
5.080000e-06	-2.873174e-06	-6.162147e-09	-1.834148e+01	-3.662044e+02
5.090000e-06	-2.898436e-06	-6.192993e-09	-1.850274e+01	-3.681345e+02
5.100000e-06	-2.923371e-06	-6.225297e-09	-1.866192e+01	-3.700241e+02
5.110000e-06	-2.947965e-06	-6.256750e-09	-1.881893e+01	-3.718749e+02
5.120000e-06	-2.972194e-06	-6.287708e-09	-1.897359e+01	-3.736875e+02
5.130000e-06	-2.996063e-06	-6.318081e-09	-1.912596e+01	-3.754614e+02
5.140000e-06	-3.019624e-06	-6.347343e-09	-1.927638e+01	-3.771951e+02
5.150000e-06	-3.042951e-06	-6.374866e-09	-1.942528e+01	-3.788870e+02
5.160000e-06	-3.066074e-06	-6.400690e-09	-1.957289e+01	-3.805354e+02
5.170000e-06	-3.088880e-06	-6.424040e-09	-1.971848e+01	-3.821393e+02
5.180000e-06	-3.111253e-06	-6.446033e-09	-1.986130e+01	-3.836982e+02
5.190000e-06	-3.133068e-06	-6.468908e-09	-2.000057e+01	-3.852130e+02
5.200000e-06	-3.154257e-06	-6.493557e-09	-2.013583e+01	-3.866851e+02
5.210000e-06	-3.174859e-06	-6.518339e-09	-2.026734e+01	-3.881171e+02
5.220000e-06	-3.194991e-06	-6.543848e-09	-2.039586e+01	-3.895120e+02
5.230000e-06	-3.214756e-06	-6.568204e-09	-2.052203e+01	-3.908730e+02
5.240000e-06	-3.234220e-06	-6.588789e-09	-2.064629e+01	-3.922027e+02
5.250000e-06	-3.253427e-06	-6.607883e-09	-2.076890e+01	-3.935031e+02
5.260000e-06	-3.272333e-06	-6.627646e-09	-2.088959e+01	-3.947752e+02
5.270000e-06	-3.290908e-06	-6.646574e-09	-2.100817e+01	-3.960188e+02
5.280000e-06	-3.309128e-06	-6.665146e-09	-2.112448e+01	-3.972325e+02
5.290000e-06	-3.326899e-06	-6.684648e-09	-2.123793e+01	-3.984141e+02
5.300000e-06	-3.344334e-06	-6.705866e-09	-2.134922e+01	-3.995607e+02
5.310000e-06	-3.361488e-06	-6.727174e-09	-2.145873e+01	-4.006697e+02
5.320000e-06	-3.378231e-06	-6.744244e-09	-2.156562e+01	-4.017388e+02
5.330000e-06	-3.394537e-06	-6.760092e-09	-2.166971e+01	-4.027666e+02
5.340000e-06	-3.410456e-06	-6.777015e-09	-2.177133e+01	-4.037532e+02
5.350000e-06	-3.426073e-06	-6.793550e-09	-2.187102e+01	-4.046999e+02
5.360000e-06	-3.441448e-06	-6.808651e-09	-2.196917e+01	-4.056095e+02
5.370000e-06	-3.456490e-06	-6.822398e-09	-2.206519e+01	-4.064857e+02
5.380000e-06	-3.470990e-06	-6.838072e-09	-2.215776e+01	-4.073331e+02
5.390000e-06	-3.484828e-06	-6.854890e-09	-2.224610e+01	-4.081559e+02
5.400000e-06	-3.497992e-06	-6.868334e-09	-2.233013e+01	-4.089581e+02
5.410000e-06	-3.510482e-06	-6.879038e-09	-2.240986e+01	-4.097423e+02
5.420000e-06	-3.522406e-06	-6.890641e-09	-2.248598e+01	-4.105098e+02
5.430000e-06	-3.533953e-06	-6.904576e-09	-2.255970e+01	-4.112598e+02
5.440000e-06	-3.545143e-06	-6.916242e-09	-2.263113e+01	-4.119900e+02
5.450000e-06	-3.555909e-06	-6.926542e-09	-2.269986e+01	-4.126968e+02
5.460000e-06	-3.566209e-06	-6.939686e-09	-2.276561e+01	-4.133753e+02
5.470000e-06	-3.576050e-06	-6.953029e-09	-2.282843e+01	-4.140207e+02
5.480000e-06	-3.585530e-06	-6.962254e-09	-2.288894e+01	-4.146284e+02
5.490000e-06	-3.594670e-06	-6.968340e-09	-2.294729e+01	-4.151951e+02
5.500000e-06	-3.603388e-06	-6.975144e-09	-2.300295e+01	-4.157190e+02
5.510000e-06	-3.611607e-06	-6.982511e-09	-2.305542e+01	-4.162003e+02
5.520000e-06	-3.619410e-06	-6.988509e-09	-2.310523e+01	-4.166411e+02
5.530000e-06	-3.626939e-06	-6.995432e-09	-2.315329e+01	-4.170455e+02
5.540000e-06	-3.634209e-06	-7.005443e-09	-2.319970e+01	-4.174187e+02
5.550000e-06	-3.641083e-06	-7.016413e-09	-2.324358e+01	-4.177663e+02
5.560000e-06	-3.647450e-06	-7.022765e-09	-2.328423e+01	-4.180940e+02
5.570000e-06	-3.653250e-06	-7.025481e-09	-2.332125e+01	-4.184062e+02
5.580000e-06	-3.658339e-06	-7.029032e-09	-2.335374e+01	-4.187060e+02
5.590000e-06	-3.662750e-06	-7.031586e-09	-2.338190e+01	-4.189940e+02
5.600000e-06	-3.666663e-06	-7.032725e-09	-2.340688e+01	-4.192689e+02
5.610000e-06	-3.670230e-06	-7.036186e-09	-2.342965e+01	-4.195274e+02
5.620000e-06	-3.673539e-06	-7.044432e-09	-2.345077e+01	-4.197645e+02
5.630000e-06	-3.676495e-06	-7.052112e-09	-2.346964e+01	-4.199747e+02
5.640000e-06	-3.679066e-06	-7.057429e-09	-2.348605e+01	-4.201524e+02
5.650000e-06	-3.681232e-06	-7.060623e-09	-2.349988e+01	-4.202930e+02
5.660000e-06	-3.682989e-06	-7.062589e-09	-2.351109e+01	-4.203939e+02
5.670000e-06	-3.684412e-06	-7.064660e-09	-2.352018e+01	-4.204546e+02
5.680000e-06	-3.685351e-06	-7.065078e-09	-2.352618e+01	-4.204774e+02
5.690000e-06	-3.685787e-06	-7.063639e-09	-2.352896e+01	-4.204670e+02
