# Temperatura_=_20.0
# Concentracion g/m^3_=_9000.0
# C_Vs_to_Am_M_A/Vsm_=_59384043850.047264
# pendiente_HvsI_1/m_=_3716.3
# ordenada_HvsI_A/m_=_1297.0
# frecuencia_Hz_=_175659.69467899972

Tiempo_(s)	Campo_(V.s)	Magnetizacion_(V.s)	Campo_(kA/m)	Magnetizacion_(A/m)
0.000000e+00	-3.683601e-06	-7.061332e-09	-2.353421e+01	-4.193684e+02
1.000000e-08	-3.683259e-06	-7.059152e-09	-2.353203e+01	-4.193265e+02
2.000000e-08	-3.682697e-06	-7.055567e-09	-2.352844e+01	-4.192754e+02
3.000000e-08	-3.681945e-06	-7.059538e-09	-2.352363e+01	-4.192179e+02
4.000000e-08	-3.680808e-06	-7.071281e-09	-2.351637e+01	-4.191554e+02
5.000000e-08	-3.679046e-06	-7.079695e-09	-2.350511e+01	-4.190876e+02
6.000000e-08	-3.676574e-06	-7.075400e-09	-2.348932e+01	-4.190126e+02
7.000000e-08	-3.673384e-06	-7.054878e-09	-2.346894e+01	-4.189275e+02
8.000000e-08	-3.669561e-06	-6.971418e-09	-2.344451e+01	-4.188284e+02
9.000000e-08	-3.665260e-06	-6.887301e-09	-2.341703e+01	-4.187111e+02
1.000000e-07	-3.660641e-06	-7.022039e-09	-2.338752e+01	-4.185714e+02
1.100000e-07	-3.655820e-06	-7.247530e-09	-2.335672e+01	-4.184057e+02
1.200000e-07	-3.650738e-06	-7.127470e-09	-2.332426e+01	-4.182111e+02
1.300000e-07	-3.645227e-06	-6.838702e-09	-2.328905e+01	-4.179858e+02
1.400000e-07	-3.639162e-06	-6.975764e-09	-2.325029e+01	-4.177290e+02
1.500000e-07	-3.632680e-06	-7.234482e-09	-2.320888e+01	-4.174408e+02
1.600000e-07	-3.625786e-06	-6.969520e-09	-2.316484e+01	-4.171222e+02
1.700000e-07	-3.618292e-06	-6.743770e-09	-2.311696e+01	-4.167744e+02
1.800000e-07	-3.610393e-06	-6.960682e-09	-2.306649e+01	-4.163990e+02
1.900000e-07	-3.602276e-06	-7.078092e-09	-2.301464e+01	-4.159973e+02
2.000000e-07	-3.593806e-06	-6.983846e-09	-2.296052e+01	-4.155701e+02
2.100000e-07	-3.585016e-06	-6.993560e-09	-2.290436e+01	-4.151177e+02
2.200000e-07	-3.575969e-06	-6.888960e-09	-2.284656e+01	-4.146394e+02
2.300000e-07	-3.566329e-06	-6.764791e-09	-2.278497e+01	-4.141341e+02
2.400000e-07	-3.555853e-06	-7.040379e-09	-2.271804e+01	-4.135999e+02
2.500000e-07	-3.544687e-06	-7.098496e-09	-2.264670e+01	-4.130347e+02
2.600000e-07	-3.532999e-06	-6.730622e-09	-2.257203e+01	-4.124360e+02
2.700000e-07	-3.520837e-06	-6.770000e-09	-2.249433e+01	-4.118017e+02
2.800000e-07	-3.508260e-06	-7.147953e-09	-2.241398e+01	-4.111303e+02
2.900000e-07	-3.495231e-06	-6.961098e-09	-2.233074e+01	-4.104205e+02
3.000000e-07	-3.481713e-06	-6.591436e-09	-2.224437e+01	-4.096723e+02
3.100000e-07	-3.467739e-06	-6.753885e-09	-2.215509e+01	-4.088864e+02
3.200000e-07	-3.453318e-06	-7.024230e-09	-2.206295e+01	-4.080643e+02
3.300000e-07	-3.438530e-06	-6.879872e-09	-2.196848e+01	-4.072082e+02
3.400000e-07	-3.423338e-06	-6.651129e-09	-2.187142e+01	-4.063210e+02
3.500000e-07	-3.407506e-06	-6.757865e-09	-2.177026e+01	-4.054058e+02
3.600000e-07	-3.390874e-06	-6.922864e-09	-2.166401e+01	-4.044658e+02
3.700000e-07	-3.373634e-06	-6.781924e-09	-2.155386e+01	-4.035037e+02
3.800000e-07	-3.356096e-06	-6.612233e-09	-2.144181e+01	-4.025220e+02
3.900000e-07	-3.338282e-06	-6.721673e-09	-2.132800e+01	-4.015223e+02
4.000000e-07	-3.320169e-06	-6.804633e-09	-2.121228e+01	-4.005054e+02
4.100000e-07	-3.301750e-06	-6.716027e-09	-2.109460e+01	-3.994712e+02
4.200000e-07	-3.282934e-06	-6.629846e-09	-2.097439e+01	-3.984188e+02
4.300000e-07	-3.263603e-06	-6.633463e-09	-2.085088e+01	-3.973464e+02
4.400000e-07	-3.243761e-06	-6.677698e-09	-2.072411e+01	-3.962516e+02
4.500000e-07	-3.223681e-06	-6.658379e-09	-2.059582e+01	-3.951319e+02
4.600000e-07	-3.203396e-06	-6.549426e-09	-2.046622e+01	-3.939843e+02
4.700000e-07	-3.182829e-06	-6.542484e-09	-2.033482e+01	-3.928062e+02
4.800000e-07	-3.161977e-06	-6.620755e-09	-2.020160e+01	-3.915952e+02
4.900000e-07	-3.140797e-06	-6.573935e-09	-2.006629e+01	-3.903497e+02
5.000000e-07	-3.119253e-06	-6.463928e-09	-1.992864e+01	-3.890685e+02
5.100000e-07	-3.097333e-06	-6.463245e-09	-1.978860e+01	-3.877515e+02
5.200000e-07	-3.075029e-06	-6.505311e-09	-1.964610e+01	-3.863991e+02
5.300000e-07	-3.052349e-06	-6.464435e-09	-1.950120e+01	-3.850124e+02
5.400000e-07	-3.029338e-06	-6.386763e-09	-1.935418e+01	-3.835932e+02
5.500000e-07	-3.005949e-06	-6.378227e-09	-1.920475e+01	-3.821433e+02
5.600000e-07	-2.982163e-06	-6.419244e-09	-1.905278e+01	-3.806644e+02
5.700000e-07	-2.958039e-06	-6.385442e-09	-1.889866e+01	-3.791582e+02
5.800000e-07	-2.933706e-06	-6.292610e-09	-1.874319e+01	-3.776256e+02
5.900000e-07	-2.909178e-06	-6.270988e-09	-1.858649e+01	-3.760667e+02
6.000000e-07	-2.884332e-06	-6.309942e-09	-1.842775e+01	-3.744809e+02
6.100000e-07	-2.859128e-06	-6.272621e-09	-1.826673e+01	-3.728667e+02
6.200000e-07	-2.833460e-06	-6.183832e-09	-1.810274e+01	-3.712218e+02
6.300000e-07	-2.807252e-06	-6.165563e-09	-1.793529e+01	-3.695432e+02
6.400000e-07	-2.780467e-06	-6.198840e-09	-1.776417e+01	-3.678279e+02
6.500000e-07	-2.753181e-06	-6.163227e-09	-1.758984e+01	-3.660727e+02
6.600000e-07	-2.725488e-06	-6.075621e-09	-1.741291e+01	-3.642748e+02
6.700000e-07	-2.697446e-06	-6.048580e-09	-1.723375e+01	-3.624325e+02
6.800000e-07	-2.669129e-06	-6.075563e-09	-1.705284e+01	-3.605446e+02
6.900000e-07	-2.640591e-06	-6.039540e-09	-1.687051e+01	-3.586115e+02
7.000000e-07	-2.611934e-06	-5.950220e-09	-1.668743e+01	-3.566343e+02
7.100000e-07	-2.583073e-06	-5.919194e-09	-1.650303e+01	-3.546155e+02
7.200000e-07	-2.553842e-06	-5.937236e-09	-1.631628e+01	-3.525581e+02
7.300000e-07	-2.524215e-06	-5.899561e-09	-1.612699e+01	-3.504655e+02
7.400000e-07	-2.494237e-06	-5.816295e-09	-1.593547e+01	-3.483409e+02
7.500000e-07	-2.463988e-06	-5.784459e-09	-1.574221e+01	-3.461870e+02
7.600000e-07	-2.433528e-06	-5.793801e-09	-1.554760e+01	-3.440053e+02
7.700000e-07	-2.402845e-06	-5.756556e-09	-1.535157e+01	-3.417960e+02
7.800000e-07	-2.371871e-06	-5.676139e-09	-1.515368e+01	-3.395579e+02
7.900000e-07	-2.340611e-06	-5.635451e-09	-1.495397e+01	-3.372878e+02
8.000000e-07	-2.309083e-06	-5.634841e-09	-1.475253e+01	-3.349816e+02
8.100000e-07	-2.277277e-06	-5.597954e-09	-1.454933e+01	-3.326339e+02
8.200000e-07	-2.245216e-06	-5.521189e-09	-1.434449e+01	-3.302390e+02
8.300000e-07	-2.212939e-06	-5.479122e-09	-1.413828e+01	-3.277913e+02
8.400000e-07	-2.180473e-06	-5.474216e-09	-1.393085e+01	-3.252859e+02
8.500000e-07	-2.147835e-06	-5.438890e-09	-1.372233e+01	-3.227194e+02
8.600000e-07	-2.114984e-06	-5.365071e-09	-1.351245e+01	-3.200900e+02
8.700000e-07	-2.081902e-06	-5.317910e-09	-1.330109e+01	-3.173978e+02
8.800000e-07	-2.048644e-06	-5.301859e-09	-1.308861e+01	-3.146449e+02
8.900000e-07	-2.015065e-06	-5.259715e-09	-1.287408e+01	-3.118352e+02
9.000000e-07	-1.981018e-06	-5.182659e-09	-1.265655e+01	-3.089737e+02
9.100000e-07	-1.946623e-06	-5.126076e-09	-1.243681e+01	-3.060659e+02
9.200000e-07	-1.912005e-06	-5.102069e-09	-1.221564e+01	-3.031173e+02
9.300000e-07	-1.877008e-06	-5.060797e-09	-1.199204e+01	-3.001323e+02
9.400000e-07	-1.841528e-06	-4.988344e-09	-1.176536e+01	-2.971140e+02
9.500000e-07	-1.805736e-06	-4.931804e-09	-1.153669e+01	-2.940633e+02
9.600000e-07	-1.769747e-06	-4.906817e-09	-1.130677e+01	-2.909787e+02
9.700000e-07	-1.733596e-06	-4.868005e-09	-1.107580e+01	-2.878568e+02
9.800000e-07	-1.697305e-06	-4.796474e-09	-1.084394e+01	-2.846917e+02
9.900000e-07	-1.660875e-06	-4.732583e-09	-1.061119e+01	-2.814766e+02
1.000000e-06	-1.624344e-06	-4.694096e-09	-1.037780e+01	-2.782037e+02
1.010000e-06	-1.587724e-06	-4.642833e-09	-1.014384e+01	-2.748653e+02
1.020000e-06	-1.550926e-06	-4.564416e-09	-9.908737e+00	-2.714547e+02
1.030000e-06	-1.513938e-06	-4.497168e-09	-9.672421e+00	-2.679664e+02
1.040000e-06	-1.476852e-06	-4.458735e-09	-9.435485e+00	-2.643973e+02
1.050000e-06	-1.439614e-06	-4.411445e-09	-9.197573e+00	-2.607464e+02
1.060000e-06	-1.402183e-06	-4.336607e-09	-8.958426e+00	-2.570147e+02
1.070000e-06	-1.364566e-06	-4.266596e-09	-8.718093e+00	-2.532050e+02
1.080000e-06	-1.326737e-06	-4.217388e-09	-8.476411e+00	-2.493213e+02
1.090000e-06	-1.288691e-06	-4.156905e-09	-8.233338e+00	-2.453680e+02
1.100000e-06	-1.250424e-06	-4.072485e-09	-7.988855e+00	-2.413489e+02
1.110000e-06	-1.212047e-06	-3.992621e-09	-7.743662e+00	-2.372666e+02
1.120000e-06	-1.173588e-06	-3.934727e-09	-7.497952e+00	-2.331219e+02
1.130000e-06	-1.134951e-06	-3.874665e-09	-7.251107e+00	-2.289131e+02
1.140000e-06	-1.096178e-06	-3.795673e-09	-7.003386e+00	-2.246364e+02
1.150000e-06	-1.057339e-06	-3.718674e-09	-6.755247e+00	-2.202853e+02
1.160000e-06	-1.018428e-06	-3.658651e-09	-6.506647e+00	-2.158521e+02
1.170000e-06	-9.793769e-07	-3.593111e-09	-6.257156e+00	-2.113277e+02
1.180000e-06	-9.401401e-07	-3.506888e-09	-6.006475e+00	-2.067029e+02
1.190000e-06	-9.008264e-07	-3.419281e-09	-5.755303e+00	-2.019692e+02
1.200000e-06	-8.613920e-07	-3.345284e-09	-5.503360e+00	-1.971194e+02
1.210000e-06	-8.218075e-07	-3.269192e-09	-5.250458e+00	-1.921484e+02
1.220000e-06	-7.821265e-07	-3.175815e-09	-4.996940e+00	-1.870533e+02
1.230000e-06	-7.424043e-07	-3.080859e-09	-4.743158e+00	-1.818336e+02
1.240000e-06	-7.026925e-07	-2.999869e-09	-4.489442e+00	-1.764909e+02
1.250000e-06	-6.628622e-07	-2.917214e-09	-4.234970e+00	-1.710283e+02
1.260000e-06	-6.228682e-07	-2.815966e-09	-3.979452e+00	-1.654493e+02
1.270000e-06	-5.827813e-07	-2.713070e-09	-3.723340e+00	-1.597578e+02
1.280000e-06	-5.426235e-07	-2.623823e-09	-3.466775e+00	-1.539565e+02
1.290000e-06	-5.023905e-07	-2.533131e-09	-3.209730e+00	-1.480466e+02
1.300000e-06	-4.621452e-07	-2.426212e-09	-2.952606e+00	-1.420272e+02
1.310000e-06	-4.218918e-07	-2.314403e-09	-2.695431e+00	-1.358954e+02
1.320000e-06	-3.816126e-07	-2.211914e-09	-2.438091e+00	-1.296460e+02
1.330000e-06	-3.412859e-07	-2.108590e-09	-2.180446e+00	-1.232724e+02
1.340000e-06	-3.008670e-07	-1.993528e-09	-1.922214e+00	-1.167671e+02
1.350000e-06	-2.604340e-07	-1.878869e-09	-1.663891e+00	-1.101224e+02
1.360000e-06	-2.200269e-07	-1.775330e-09	-1.405733e+00	-1.033317e+02
1.370000e-06	-1.795840e-07	-1.669934e-09	-1.147347e+00	-9.638995e+01
1.380000e-06	-1.390938e-07	-1.548975e-09	-8.886587e-01	-8.929456e+01
1.390000e-06	-9.857113e-08	-1.420975e-09	-6.297626e-01	-8.204579e+01
1.400000e-06	-5.805896e-08	-1.297062e-09	-3.709337e-01	-7.464695e+01
1.410000e-06	-1.759664e-08	-1.172003e-09	-1.124234e-01	-6.710426e+01
1.420000e-06	2.284660e-08	-1.036036e-09	1.459650e-01	-5.942647e+01
1.430000e-06	6.329938e-08	-8.979073e-10	4.044144e-01	-5.162427e+01
1.440000e-06	1.037463e-07	-7.708476e-10	6.628261e-01	-4.370966e+01
1.450000e-06	1.441910e-07	-6.458256e-10	9.212239e-01	-3.569517e+01
1.460000e-06	1.846275e-07	-5.095157e-10	1.179569e+00	-2.759329e+01
1.470000e-06	2.250356e-07	-3.671716e-10	1.437733e+00	-1.941600e+01
1.480000e-06	2.654744e-07	-2.301210e-10	1.696094e+00	-1.117453e+01
1.490000e-06	3.059291e-07	-9.552892e-11	1.954555e+00	-2.879330e+00
1.500000e-06	3.463207e-07	4.925299e-11	2.212614e+00	5.459670e+00
1.510000e-06	3.866777e-07	1.987325e-10	2.470451e+00	1.383273e+01
1.520000e-06	4.270170e-07	3.379113e-10	2.728175e+00	2.222981e+01
1.530000e-06	4.672901e-07	4.708575e-10	2.985476e+00	3.064007e+01
1.540000e-06	5.074901e-07	6.114416e-10	3.242311e+00	3.905151e+01
1.550000e-06	5.476359e-07	7.584426e-10	3.498799e+00	4.745070e+01
1.560000e-06	5.877716e-07	8.999800e-10	3.755223e+00	5.582277e+01
1.570000e-06	6.278675e-07	1.036298e-09	4.011392e+00	6.415164e+01
1.580000e-06	6.679039e-07	1.175370e-09	4.267181e+00	7.242043e+01
1.590000e-06	7.078310e-07	1.318648e-09	4.522272e+00	8.061212e+01
1.600000e-06	7.476186e-07	1.457896e-09	4.776471e+00	8.871026e+01
1.610000e-06	7.872915e-07	1.590356e-09	5.029938e+00	9.669974e+01
1.620000e-06	8.268157e-07	1.725150e-09	5.282455e+00	1.045675e+02
1.630000e-06	8.661936e-07	1.862542e-09	5.534037e+00	1.123029e+02
1.640000e-06	9.054493e-07	1.992149e-09	5.784839e+00	1.198985e+02
1.650000e-06	9.446097e-07	2.112273e-09	6.035031e+00	1.273494e+02
1.660000e-06	9.836427e-07	2.230893e-09	6.284409e+00	1.346537e+02
1.670000e-06	1.022566e-06	2.350796e-09	6.533087e+00	1.418118e+02
1.680000e-06	1.061427e-06	2.465279e-09	6.781370e+00	1.488257e+02
1.690000e-06	1.100190e-06	2.574298e-09	7.029021e+00	1.556984e+02
1.700000e-06	1.138811e-06	2.687976e-09	7.275768e+00	1.624335e+02
1.710000e-06	1.177333e-06	2.808418e-09	7.521880e+00	1.690341e+02
1.720000e-06	1.215752e-06	2.922761e-09	7.767339e+00	1.755026e+02
1.730000e-06	1.254026e-06	3.025746e-09	8.011865e+00	1.818404e+02
1.740000e-06	1.292182e-06	3.125591e-09	8.255639e+00	1.880481e+02
1.750000e-06	1.330208e-06	3.227774e-09	8.498586e+00	1.941253e+02
1.760000e-06	1.368029e-06	3.327014e-09	8.740224e+00	2.000711e+02
1.770000e-06	1.405666e-06	3.419743e-09	8.980681e+00	2.058845e+02
1.780000e-06	1.443103e-06	3.514216e-09	9.219862e+00	2.115650e+02
1.790000e-06	1.480310e-06	3.613782e-09	9.457576e+00	2.171128e+02
1.800000e-06	1.517343e-06	3.708609e-09	9.694174e+00	2.225292e+02
1.810000e-06	1.554191e-06	3.793304e-09	9.929595e+00	2.278164e+02
1.820000e-06	1.590883e-06	3.875678e-09	1.016402e+01	2.329782e+02
1.830000e-06	1.627471e-06	3.961866e-09	1.039777e+01	2.380188e+02
1.840000e-06	1.663992e-06	4.046908e-09	1.063111e+01	2.429433e+02
1.850000e-06	1.700460e-06	4.125848e-09	1.086409e+01	2.477564e+02
1.860000e-06	1.736837e-06	4.203886e-09	1.109651e+01	2.524630e+02
1.870000e-06	1.773117e-06	4.284883e-09	1.132830e+01	2.570666e+02
1.880000e-06	1.809193e-06	4.362451e-09	1.155878e+01	2.615702e+02
1.890000e-06	1.844994e-06	4.433591e-09	1.178751e+01	2.659754e+02
1.900000e-06	1.880525e-06	4.504167e-09	1.201451e+01	2.702827e+02
1.910000e-06	1.915663e-06	4.577302e-09	1.223901e+01	2.744920e+02
1.920000e-06	1.950395e-06	4.650233e-09	1.246091e+01	2.786025e+02
1.930000e-06	1.984699e-06	4.718642e-09	1.268007e+01	2.826136e+02
1.940000e-06	2.018509e-06	4.783307e-09	1.289608e+01	2.865252e+02
1.950000e-06	2.051884e-06	4.849096e-09	1.310931e+01	2.903380e+02
1.960000e-06	2.084946e-06	4.913318e-09	1.332054e+01	2.940537e+02
1.970000e-06	2.117810e-06	4.972782e-09	1.353051e+01	2.976756e+02
1.980000e-06	2.150497e-06	5.030407e-09	1.373934e+01	3.012079e+02
1.990000e-06	2.183066e-06	5.087523e-09	1.394742e+01	3.046557e+02
2.000000e-06	2.215560e-06	5.145112e-09	1.415503e+01	3.080246e+02
2.010000e-06	2.247892e-06	5.203890e-09	1.436159e+01	3.113202e+02
2.020000e-06	2.280026e-06	5.262405e-09	1.456689e+01	3.145476e+02
2.030000e-06	2.311966e-06	5.319236e-09	1.477096e+01	3.177107e+02
2.040000e-06	2.343583e-06	5.375326e-09	1.497295e+01	3.208123e+02
2.050000e-06	2.374796e-06	5.428143e-09	1.517237e+01	3.238536e+02
2.060000e-06	2.405647e-06	5.477277e-09	1.536947e+01	3.268342e+02
2.070000e-06	2.436195e-06	5.524799e-09	1.556464e+01	3.297527e+02
2.080000e-06	2.466504e-06	5.572288e-09	1.575829e+01	3.326066e+02
2.090000e-06	2.496565e-06	5.621108e-09	1.595034e+01	3.353932e+02
2.100000e-06	2.526379e-06	5.670128e-09	1.614082e+01	3.381099e+02
2.110000e-06	2.555909e-06	5.720171e-09	1.632949e+01	3.407550e+02
2.120000e-06	2.585038e-06	5.770516e-09	1.651558e+01	3.433277e+02
2.130000e-06	2.613843e-06	5.815242e-09	1.669962e+01	3.458287e+02
2.140000e-06	2.642466e-06	5.854648e-09	1.688249e+01	3.482600e+02
2.150000e-06	2.670971e-06	5.892071e-09	1.706460e+01	3.506251e+02
2.160000e-06	2.699395e-06	5.929217e-09	1.724621e+01	3.529283e+02
2.170000e-06	2.727630e-06	5.964594e-09	1.742660e+01	3.551743e+02
2.180000e-06	2.755491e-06	5.999050e-09	1.760459e+01	3.573679e+02
2.190000e-06	2.782792e-06	6.036289e-09	1.777902e+01	3.595133e+02
2.200000e-06	2.809539e-06	6.076917e-09	1.794991e+01	3.616138e+02
2.210000e-06	2.835699e-06	6.116307e-09	1.811704e+01	3.636713e+02
2.220000e-06	2.861276e-06	6.152818e-09	1.828045e+01	3.656866e+02
2.230000e-06	2.886413e-06	6.190267e-09	1.844105e+01	3.676590e+02
2.240000e-06	2.911209e-06	6.226204e-09	1.859947e+01	3.695869e+02
2.250000e-06	2.935778e-06	6.256661e-09	1.875644e+01	3.714679e+02
2.260000e-06	2.960193e-06	6.284043e-09	1.891242e+01	3.733000e+02
2.270000e-06	2.984363e-06	6.311303e-09	1.906684e+01	3.750810e+02
2.280000e-06	3.007999e-06	6.338739e-09	1.921785e+01	3.768100e+02
2.290000e-06	3.031159e-06	6.367590e-09	1.936581e+01	3.784870e+02
2.300000e-06	3.054024e-06	6.397364e-09	1.951190e+01	3.801133e+02
2.310000e-06	3.076613e-06	6.427866e-09	1.965622e+01	3.816914e+02
2.320000e-06	3.098922e-06	6.457857e-09	1.979875e+01	3.832249e+02
2.330000e-06	3.120844e-06	6.486240e-09	1.993880e+01	3.847178e+02
2.340000e-06	3.142369e-06	6.510607e-09	2.007633e+01	3.861744e+02
2.350000e-06	3.163546e-06	6.534542e-09	2.021163e+01	3.875984e+02
2.360000e-06	3.184374e-06	6.560746e-09	2.034469e+01	3.889929e+02
2.370000e-06	3.204942e-06	6.586068e-09	2.047610e+01	3.903595e+02
2.380000e-06	3.225320e-06	6.607644e-09	2.060629e+01	3.916988e+02
2.390000e-06	3.245431e-06	6.626642e-09	2.073478e+01	3.930098e+02
2.400000e-06	3.265163e-06	6.648130e-09	2.086085e+01	3.942905e+02
2.410000e-06	3.284393e-06	6.673458e-09	2.098371e+01	3.955380e+02
2.420000e-06	3.303087e-06	6.698152e-09	2.110314e+01	3.967493e+02
2.430000e-06	3.321345e-06	6.719582e-09	2.121979e+01	3.979215e+02
2.440000e-06	3.339292e-06	6.739796e-09	2.133445e+01	3.990524e+02
2.450000e-06	3.356924e-06	6.757082e-09	2.144710e+01	4.001409e+02
2.460000e-06	3.374213e-06	6.769584e-09	2.155756e+01	4.011871e+02
2.470000e-06	3.391186e-06	6.780459e-09	2.166600e+01	4.021928e+02
2.480000e-06	3.407747e-06	6.794909e-09	2.177181e+01	4.031606e+02
2.490000e-06	3.423694e-06	6.811474e-09	2.187369e+01	4.040943e+02
2.500000e-06	3.439020e-06	6.827371e-09	2.197161e+01	4.049979e+02
2.510000e-06	3.453885e-06	6.844197e-09	2.206658e+01	4.058757e+02
2.520000e-06	3.468382e-06	6.859890e-09	2.215920e+01	4.067311e+02
2.530000e-06	3.482478e-06	6.875013e-09	2.224926e+01	4.075666e+02
2.540000e-06	3.496148e-06	6.891754e-09	2.233659e+01	4.083837e+02
2.550000e-06	3.509350e-06	6.907453e-09	2.242094e+01	4.091822e+02
2.560000e-06	3.522095e-06	6.921395e-09	2.250237e+01	4.099607e+02
2.570000e-06	3.534535e-06	6.931656e-09	2.258184e+01	4.107169e+02
2.580000e-06	3.546632e-06	6.937863e-09	2.265913e+01	4.114478e+02
2.590000e-06	3.558252e-06	6.945183e-09	2.273337e+01	4.121500e+02
2.600000e-06	3.569163e-06	6.954070e-09	2.280308e+01	4.128209e+02
2.610000e-06	3.579179e-06	6.965549e-09	2.286707e+01	4.134583e+02
2.620000e-06	3.588492e-06	6.980460e-09	2.292657e+01	4.140612e+02
2.630000e-06	3.597380e-06	6.993611e-09	2.298335e+01	4.146298e+02
2.640000e-06	3.605997e-06	7.002967e-09	2.303840e+01	4.151657e+02
2.650000e-06	3.614359e-06	7.009894e-09	2.309183e+01	4.156715e+02
2.660000e-06	3.622365e-06	7.014489e-09	2.314298e+01	4.161501e+02
2.670000e-06	3.629917e-06	7.018038e-09	2.319123e+01	4.166052e+02
2.680000e-06	3.637021e-06	7.023825e-09	2.323662e+01	4.170396e+02
2.690000e-06	3.643728e-06	7.032413e-09	2.327946e+01	4.174557e+02
2.700000e-06	3.650058e-06	7.040897e-09	2.331991e+01	4.178547e+02
2.710000e-06	3.656002e-06	7.048351e-09	2.335789e+01	4.182364e+02
2.720000e-06	3.661417e-06	7.057351e-09	2.339248e+01	4.185991e+02
2.730000e-06	3.666348e-06	7.068093e-09	2.342398e+01	4.189402e+02
2.740000e-06	3.670991e-06	7.075484e-09	2.345365e+01	4.192560e+02
2.750000e-06	3.675438e-06	7.078446e-09	2.348206e+01	4.195423e+02
2.760000e-06	3.679687e-06	7.079560e-09	2.350921e+01	4.197952e+02
2.770000e-06	3.683464e-06	7.079221e-09	2.353334e+01	4.200115e+02
2.780000e-06	3.686514e-06	7.077125e-09	2.355282e+01	4.201889e+02
2.790000e-06	3.688871e-06	7.073710e-09	2.356788e+01	4.203268e+02
2.800000e-06	3.690571e-06	7.072173e-09	2.357874e+01	4.204261e+02
2.810000e-06	3.691697e-06	7.073573e-09	2.358594e+01	4.204893e+02
2.820000e-06	3.692425e-06	7.075100e-09	2.359059e+01	4.205204e+02
2.830000e-06	3.692895e-06	7.077609e-09	2.359359e+01	4.205243e+02
2.840000e-06	3.693084e-06	7.080692e-09	2.359480e+01	4.205064e+02
2.850000e-06	3.692821e-06	7.083431e-09	2.359312e+01	4.204722e+02
2.860000e-06	3.692093e-06	7.085577e-09	2.358847e+01	4.204263e+02
2.870000e-06	3.690983e-06	7.080211e-09	2.358138e+01	4.203724e+02
2.880000e-06	3.689495e-06	7.061399e-09	2.357187e+01	4.203129e+02
2.890000e-06	3.687602e-06	7.050578e-09	2.355978e+01	4.202484e+02
2.900000e-06	3.685328e-06	7.059221e-09	2.354524e+01	4.201781e+02
2.910000e-06	3.682685e-06	7.068244e-09	2.352836e+01	4.200997e+02
2.920000e-06	3.679666e-06	7.158004e-09	2.350908e+01	4.200097e+02
2.930000e-06	3.676300e-06	7.264300e-09	2.348757e+01	4.199042e+02
2.940000e-06	3.672498e-06	7.067886e-09	2.346328e+01	4.197788e+02
2.950000e-06	3.668148e-06	6.799697e-09	2.343548e+01	4.196297e+02
2.960000e-06	3.663435e-06	6.945316e-09	2.340537e+01	4.194533e+02
2.970000e-06	3.658426e-06	7.231137e-09	2.337338e+01	4.192473e+02
2.980000e-06	3.652633e-06	7.076754e-09	2.333636e+01	4.190102e+02
2.990000e-06	3.645978e-06	6.870307e-09	2.329384e+01	4.187414e+02
3.000000e-06	3.638917e-06	7.206844e-09	2.324873e+01	4.184416e+02
3.010000e-06	3.631566e-06	7.354146e-09	2.320177e+01	4.181118e+02
3.020000e-06	3.623793e-06	7.047218e-09	2.315210e+01	4.177534e+02
3.030000e-06	3.615661e-06	6.985834e-09	2.310015e+01	4.173679e+02
3.040000e-06	3.607406e-06	7.114946e-09	2.304741e+01	4.169565e+02
3.050000e-06	3.598703e-06	7.006387e-09	2.299180e+01	4.165197e+02
3.060000e-06	3.589313e-06	7.081158e-09	2.293181e+01	4.160576e+02
3.070000e-06	3.579604e-06	7.227986e-09	2.286978e+01	4.155693e+02
3.080000e-06	3.569628e-06	6.842591e-09	2.280605e+01	4.150533e+02
3.090000e-06	3.559094e-06	6.778788e-09	2.273875e+01	4.145077e+02
3.100000e-06	3.547990e-06	7.262500e-09	2.266781e+01	4.139300e+02
3.110000e-06	3.536515e-06	7.137880e-09	2.259449e+01	4.133181e+02
3.120000e-06	3.524727e-06	6.708843e-09	2.251918e+01	4.126700e+02
3.130000e-06	3.512401e-06	7.050282e-09	2.244043e+01	4.119842e+02
3.140000e-06	3.499180e-06	7.348914e-09	2.235596e+01	4.112599e+02
3.150000e-06	3.485227e-06	6.939350e-09	2.226682e+01	4.104974e+02
3.160000e-06	3.470888e-06	6.677401e-09	2.217521e+01	4.096975e+02
3.170000e-06	3.456110e-06	6.931345e-09	2.208080e+01	4.088623e+02
3.180000e-06	3.440898e-06	7.109748e-09	2.198360e+01	4.079941e+02
3.190000e-06	3.425444e-06	6.882765e-09	2.188487e+01	4.070959e+02
3.200000e-06	3.409704e-06	6.655345e-09	2.178431e+01	4.061710e+02
3.210000e-06	3.393454e-06	6.889943e-09	2.168049e+01	4.052223e+02
3.220000e-06	3.376703e-06	7.089458e-09	2.157347e+01	4.042525e+02
3.230000e-06	3.359593e-06	6.764805e-09	2.146416e+01	4.032638e+02
3.240000e-06	3.342193e-06	6.629947e-09	2.135299e+01	4.022575e+02
3.250000e-06	3.324365e-06	6.867781e-09	2.123909e+01	4.012341e+02
3.260000e-06	3.306032e-06	6.890779e-09	2.112196e+01	4.001931e+02
3.270000e-06	3.287343e-06	6.728463e-09	2.100255e+01	3.991333e+02
3.280000e-06	3.268398e-06	6.665266e-09	2.088151e+01	3.980528e+02
3.290000e-06	3.249179e-06	6.725300e-09	2.075873e+01	3.969489e+02
3.300000e-06	3.229737e-06	6.807172e-09	2.063451e+01	3.958189e+02
3.310000e-06	3.210105e-06	6.675613e-09	2.050909e+01	3.946601e+02
3.320000e-06	3.190115e-06	6.538903e-09	2.038137e+01	3.934698e+02
3.330000e-06	3.169574e-06	6.649577e-09	2.025014e+01	3.922460e+02
3.340000e-06	3.148334e-06	6.713164e-09	2.011444e+01	3.909871e+02
3.350000e-06	3.126447e-06	6.598312e-09	1.997460e+01	3.896923e+02
3.360000e-06	3.104057e-06	6.504695e-09	1.983156e+01	3.883619e+02
3.370000e-06	3.081209e-06	6.538825e-09	1.968558e+01	3.869964e+02
3.380000e-06	3.058035e-06	6.598862e-09	1.953752e+01	3.855972e+02
3.390000e-06	3.034658e-06	6.512634e-09	1.938817e+01	3.841662e+02
3.400000e-06	3.011042e-06	6.393994e-09	1.923729e+01	3.827051e+02
3.410000e-06	2.987105e-06	6.435238e-09	1.908436e+01	3.812157e+02
3.420000e-06	2.962790e-06	6.496848e-09	1.892901e+01	3.796994e+02
3.430000e-06	2.938084e-06	6.420318e-09	1.877117e+01	3.781569e+02
3.440000e-06	2.913062e-06	6.303603e-09	1.861130e+01	3.765880e+02
3.450000e-06	2.887726e-06	6.322358e-09	1.844944e+01	3.749917e+02
3.460000e-06	2.862014e-06	6.385153e-09	1.828516e+01	3.733662e+02
3.470000e-06	2.835893e-06	6.305596e-09	1.811828e+01	3.717089e+02
3.480000e-06	2.809422e-06	6.193966e-09	1.794916e+01	3.700168e+02
3.490000e-06	2.782646e-06	6.211172e-09	1.777809e+01	3.682868e+02
3.500000e-06	2.755553e-06	6.253917e-09	1.760499e+01	3.665158e+02
3.510000e-06	2.728259e-06	6.185785e-09	1.743062e+01	3.647013e+02
3.520000e-06	2.700804e-06	6.073225e-09	1.725521e+01	3.628419e+02
3.530000e-06	2.673147e-06	6.076331e-09	1.707851e+01	3.609368e+02
3.540000e-06	2.645253e-06	6.121044e-09	1.690029e+01	3.589869e+02
3.550000e-06	2.617064e-06	6.054180e-09	1.672020e+01	3.569937e+02
3.560000e-06	2.588427e-06	5.957476e-09	1.653724e+01	3.549599e+02
3.570000e-06	2.559201e-06	5.955607e-09	1.635052e+01	3.528888e+02
3.580000e-06	2.529394e-06	5.981332e-09	1.616008e+01	3.507838e+02
3.590000e-06	2.499130e-06	5.914274e-09	1.596673e+01	3.486478e+02
3.600000e-06	2.468505e-06	5.811016e-09	1.577107e+01	3.464833e+02
3.610000e-06	2.437557e-06	5.798437e-09	1.557335e+01	3.442912e+02
3.620000e-06	2.406385e-06	5.820597e-09	1.537419e+01	3.420713e+02
3.630000e-06	2.375057e-06	5.763345e-09	1.517403e+01	3.398215e+02
3.640000e-06	2.343522e-06	5.673393e-09	1.497256e+01	3.375383e+02
3.650000e-06	2.311734e-06	5.651093e-09	1.476947e+01	3.352171e+02
3.660000e-06	2.279719e-06	5.662113e-09	1.456493e+01	3.328523e+02
3.670000e-06	2.247427e-06	5.601915e-09	1.435862e+01	3.304382e+02
3.680000e-06	2.214809e-06	5.508780e-09	1.415023e+01	3.279693e+02
3.690000e-06	2.181939e-06	5.477078e-09	1.394022e+01	3.254412e+02
3.700000e-06	2.148858e-06	5.479726e-09	1.372887e+01	3.228511e+02
3.710000e-06	2.115532e-06	5.428240e-09	1.351595e+01	3.201979e+02
3.720000e-06	2.082024e-06	5.339170e-09	1.330187e+01	3.174826e+02
3.730000e-06	2.048312e-06	5.297942e-09	1.308649e+01	3.147078e+02
3.740000e-06	2.014286e-06	5.290872e-09	1.286910e+01	3.118779e+02
3.750000e-06	1.979933e-06	5.237660e-09	1.264963e+01	3.089983e+02
3.760000e-06	1.945318e-06	5.150425e-09	1.242847e+01	3.060745e+02
3.770000e-06	1.910536e-06	5.102075e-09	1.220625e+01	3.031117e+02
3.780000e-06	1.875615e-06	5.088614e-09	1.198315e+01	3.001139e+02
3.790000e-06	1.840530e-06	5.034946e-09	1.175899e+01	2.970833e+02
3.800000e-06	1.805340e-06	4.943916e-09	1.153416e+01	2.940201e+02
3.810000e-06	1.770041e-06	4.889341e-09	1.130864e+01	2.909220e+02
3.820000e-06	1.734575e-06	4.869171e-09	1.108205e+01	2.877845e+02
3.830000e-06	1.698976e-06	4.815833e-09	1.085461e+01	2.846015e+02
3.840000e-06	1.663246e-06	4.728163e-09	1.062634e+01	2.813655e+02
3.850000e-06	1.627415e-06	4.671645e-09	1.039741e+01	2.780689e+02
3.860000e-06	1.591386e-06	4.646517e-09	1.016723e+01	2.747040e+02
3.870000e-06	1.554922e-06	4.590263e-09	9.934264e+00	2.712646e+02
3.880000e-06	1.518053e-06	4.500009e-09	9.698710e+00	2.677463e+02
3.890000e-06	1.480915e-06	4.433786e-09	9.461437e+00	2.641464e+02
3.900000e-06	1.443497e-06	4.395938e-09	9.222379e+00	2.604648e+02
3.910000e-06	1.405774e-06	4.334025e-09	8.981369e+00	2.567034e+02
3.920000e-06	1.367758e-06	4.242806e-09	8.738488e+00	2.528654e+02
3.930000e-06	1.329448e-06	4.174412e-09	8.493728e+00	2.489550e+02
3.940000e-06	1.290894e-06	4.132981e-09	8.247410e+00	2.449765e+02
3.950000e-06	1.252156e-06	4.069049e-09	7.999915e+00	2.409334e+02
3.960000e-06	1.213197e-06	3.975536e-09	7.751012e+00	2.368276e+02
3.970000e-06	1.174083e-06	3.897638e-09	7.501114e+00	2.326591e+02
3.980000e-06	1.134891e-06	3.842627e-09	7.250723e+00	2.284254e+02
3.990000e-06	1.095646e-06	3.768957e-09	6.999991e+00	2.241215e+02
4.000000e-06	1.056363e-06	3.671567e-09	6.749012e+00	2.197405e+02
4.010000e-06	1.016997e-06	3.591189e-09	6.497506e+00	2.152741e+02
4.020000e-06	9.776087e-07	3.533286e-09	6.245859e+00	2.107131e+02
4.030000e-06	9.381633e-07	3.459656e-09	5.993845e+00	2.060483e+02
4.040000e-06	8.986410e-07	3.362011e-09	5.741341e+00	2.012717e+02
4.050000e-06	8.590707e-07	3.273257e-09	5.488530e+00	1.963768e+02
4.060000e-06	8.193992e-07	3.201572e-09	5.235071e+00	1.913593e+02
4.070000e-06	7.796764e-07	3.117255e-09	4.981286e+00	1.862174e+02
4.080000e-06	7.399112e-07	3.013298e-09	4.727230e+00	1.809512e+02
4.090000e-06	7.000837e-07	2.916915e-09	4.472775e+00	1.755630e+02
4.100000e-06	6.601609e-07	2.835085e-09	4.217712e+00	1.700562e+02
4.110000e-06	6.201479e-07	2.743238e-09	3.962072e+00	1.644346e+02
4.120000e-06	5.800921e-07	2.634458e-09	3.706159e+00	1.587016e+02
4.130000e-06	5.398753e-07	2.533526e-09	3.449217e+00	1.528594e+02
4.140000e-06	4.994879e-07	2.449038e-09	3.191186e+00	1.469086e+02
4.150000e-06	4.590736e-07	2.355118e-09	2.932982e+00	1.408474e+02
4.160000e-06	4.186734e-07	2.241559e-09	2.674869e+00	1.346721e+02
4.170000e-06	3.782699e-07	2.128949e-09	2.416734e+00	1.283769e+02
4.180000e-06	3.378218e-07	2.029022e-09	2.158315e+00	1.219547e+02
4.190000e-06	2.972727e-07	1.920761e-09	1.899250e+00	1.153979e+02
4.200000e-06	2.566853e-07	1.795331e-09	1.639941e+00	1.086991e+02
4.210000e-06	2.160949e-07	1.674065e-09	1.380612e+00	1.018521e+02
4.220000e-06	1.754945e-07	1.567214e-09	1.121219e+00	9.485278e+01
4.230000e-06	1.348944e-07	1.455726e-09	8.618291e-01	8.769958e+01
4.240000e-06	9.421309e-08	1.327192e-09	6.019194e-01	8.039390e+01
4.250000e-06	5.352882e-08	1.197863e-09	3.419911e-01	7.294015e+01
4.260000e-06	1.287098e-08	1.077165e-09	8.223159e-02	6.534556e+01
4.270000e-06	-2.783857e-08	9.503878e-10	-1.778583e-01	5.761968e+01
4.280000e-06	-6.855997e-08	8.095122e-10	-4.380238e-01	4.977379e+01
4.290000e-06	-1.092983e-07	6.691532e-10	-6.982976e-01	4.182015e+01
4.300000e-06	-1.500098e-07	5.380891e-10	-9.583997e-01	3.377136e+01
4.310000e-06	-1.906641e-07	4.040663e-10	-1.218137e+00	2.563974e+01
4.320000e-06	-2.313071e-07	2.602154e-10	-1.477802e+00	1.743702e+01
4.330000e-06	-2.719233e-07	1.213024e-10	-1.737294e+00	9.174115e+00
4.340000e-06	-3.124632e-07	-7.699635e-12	-1.996301e+00	8.612575e-01
4.350000e-06	-3.529192e-07	-1.412947e-10	-2.254771e+00	-7.491756e+00
4.360000e-06	-3.933197e-07	-2.905848e-10	-2.512886e+00	-1.587513e+01
4.370000e-06	-4.336583e-07	-4.391708e-10	-2.770606e+00	-2.427856e+01
4.380000e-06	-4.738863e-07	-5.767420e-10	-3.027619e+00	-3.269084e+01
4.390000e-06	-5.139980e-07	-7.162290e-10	-3.283889e+00	-4.109943e+01
4.400000e-06	-5.540706e-07	-8.621589e-10	-3.539910e+00	-4.949036e+01
4.410000e-06	-5.941295e-07	-1.004720e-09	-3.795843e+00	-5.784826e+01
4.420000e-06	-6.341463e-07	-1.137719e-09	-4.051507e+00	-6.615669e+01
4.430000e-06	-6.741105e-07	-1.270199e-09	-4.306834e+00	-7.439864e+01
4.440000e-06	-7.139735e-07	-1.411069e-09	-4.561516e+00	-8.255722e+01
4.450000e-06	-7.537079e-07	-1.551123e-09	-4.815376e+00	-9.061638e+01
4.460000e-06	-7.933617e-07	-1.681254e-09	-5.068721e+00	-9.856170e+01
4.470000e-06	-8.329564e-07	-1.810384e-09	-5.321687e+00	-1.063810e+02
4.480000e-06	-8.725031e-07	-1.944038e-09	-5.574348e+00	-1.140648e+02
4.490000e-06	-9.120106e-07	-2.072537e-09	-5.826758e+00	-1.216066e+02
4.500000e-06	-9.514769e-07	-2.191838e-09	-6.078905e+00	-1.290028e+02
4.510000e-06	-9.909071e-07	-2.312860e-09	-6.330821e+00	-1.362522e+02
4.520000e-06	-1.030293e-06	-2.439135e-09	-6.582451e+00	-1.433560e+02
4.530000e-06	-1.069602e-06	-2.561644e-09	-6.833597e+00	-1.503166e+02
4.540000e-06	-1.108842e-06	-2.674641e-09	-7.084298e+00	-1.571375e+02
4.550000e-06	-1.147994e-06	-2.784200e-09	-7.334438e+00	-1.638218e+02
4.560000e-06	-1.187035e-06	-2.896406e-09	-7.583867e+00	-1.703727e+02
4.570000e-06	-1.225957e-06	-3.005067e-09	-7.832536e+00	-1.767922e+02
4.580000e-06	-1.264690e-06	-3.106521e-09	-8.079994e+00	-1.830813e+02
4.590000e-06	-1.303266e-06	-3.207476e-09	-8.326456e+00	-1.892403e+02
4.600000e-06	-1.341705e-06	-3.316156e-09	-8.572040e+00	-1.952684e+02
4.610000e-06	-1.379853e-06	-3.425272e-09	-8.815766e+00	-2.011647e+02
4.620000e-06	-1.417771e-06	-3.524624e-09	-9.058017e+00	-2.069284e+02
4.630000e-06	-1.455477e-06	-3.618475e-09	-9.298920e+00	-2.125592e+02
4.640000e-06	-1.492782e-06	-3.713438e-09	-9.537258e+00	-2.180576e+02
4.650000e-06	-1.529670e-06	-3.804392e-09	-9.772929e+00	-2.234252e+02
4.660000e-06	-1.566160e-06	-3.884800e-09	-1.000607e+01	-2.286651e+02
4.670000e-06	-1.602343e-06	-3.963502e-09	-1.023723e+01	-2.337810e+02
4.680000e-06	-1.638292e-06	-4.048375e-09	-1.046691e+01	-2.387775e+02
4.690000e-06	-1.674023e-06	-4.136091e-09	-1.069519e+01	-2.436598e+02
4.700000e-06	-1.709618e-06	-4.217763e-09	-1.092260e+01	-2.484325e+02
4.710000e-06	-1.745115e-06	-4.298121e-09	-1.114939e+01	-2.531002e+02
4.720000e-06	-1.780512e-06	-4.380574e-09	-1.137554e+01	-2.576661e+02
4.730000e-06	-1.815808e-06	-4.459747e-09	-1.160104e+01	-2.621328e+02
4.740000e-06	-1.851034e-06	-4.530378e-09	-1.182610e+01	-2.665013e+02
4.750000e-06	-1.886103e-06	-4.596607e-09	-1.205015e+01	-2.707720e+02
4.760000e-06	-1.920978e-06	-4.666215e-09	-1.227296e+01	-2.749445e+02
4.770000e-06	-1.955629e-06	-4.733979e-09	-1.249435e+01	-2.790178e+02
4.780000e-06	-1.989962e-06	-4.796977e-09	-1.271370e+01	-2.829917e+02
4.790000e-06	-2.024043e-06	-4.860264e-09	-1.293144e+01	-2.868662e+02
4.800000e-06	-2.057815e-06	-4.928150e-09	-1.314720e+01	-2.906424e+02
4.810000e-06	-2.091279e-06	-4.995002e-09	-1.336101e+01	-2.943226e+02
4.820000e-06	-2.124593e-06	-5.053514e-09	-1.357384e+01	-2.979104e+02
4.830000e-06	-2.157739e-06	-5.107290e-09	-1.378561e+01	-3.014105e+02
4.840000e-06	-2.190652e-06	-5.163892e-09	-1.399589e+01	-3.048281e+02
4.850000e-06	-2.223265e-06	-5.219503e-09	-1.420425e+01	-3.081690e+02
4.860000e-06	-2.255554e-06	-5.268509e-09	-1.441054e+01	-3.114385e+02
4.870000e-06	-2.287529e-06	-5.315874e-09	-1.461483e+01	-3.146415e+02
4.880000e-06	-2.319233e-06	-5.368880e-09	-1.481738e+01	-3.177814e+02
4.890000e-06	-2.350761e-06	-5.423711e-09	-1.501881e+01	-3.208605e+02
4.900000e-06	-2.382128e-06	-5.474510e-09	-1.521921e+01	-3.238792e+02
4.910000e-06	-2.413317e-06	-5.523075e-09	-1.541848e+01	-3.268369e+02
4.920000e-06	-2.444323e-06	-5.572798e-09	-1.561657e+01	-3.297315e+02
4.930000e-06	-2.475078e-06	-5.620611e-09	-1.581306e+01	-3.325606e+02
4.940000e-06	-2.505496e-06	-5.662245e-09	-1.600740e+01	-3.353213e+02
4.950000e-06	-2.535336e-06	-5.701786e-09	-1.619804e+01	-3.380114e+02
4.960000e-06	-2.564565e-06	-5.742054e-09	-1.638479e+01	-3.406295e+02
4.970000e-06	-2.593288e-06	-5.783003e-09	-1.656829e+01	-3.431752e+02
4.980000e-06	-2.621470e-06	-5.821962e-09	-1.674835e+01	-3.456499e+02
4.990000e-06	-2.649321e-06	-5.858734e-09	-1.692629e+01	-3.480560e+02
5.000000e-06	-2.676928e-06	-5.897721e-09	-1.710266e+01	-3.503975e+02
5.010000e-06	-2.704333e-06	-5.938889e-09	-1.727775e+01	-3.526787e+02
5.020000e-06	-2.731634e-06	-5.977266e-09	-1.745218e+01	-3.549046e+02
5.030000e-06	-2.758741e-06	-6.012112e-09	-1.762536e+01	-3.570797e+02
5.040000e-06	-2.785525e-06	-6.046861e-09	-1.779648e+01	-3.592081e+02
5.050000e-06	-2.811965e-06	-6.081104e-09	-1.796540e+01	-3.612924e+02
5.060000e-06	-2.838033e-06	-6.111886e-09	-1.813195e+01	-3.633342e+02
5.070000e-06	-2.863732e-06	-6.141382e-09	-1.829614e+01	-3.653336e+02
5.080000e-06	-2.889158e-06	-6.172966e-09	-1.845858e+01	-3.672896e+02
5.090000e-06	-2.914240e-06	-6.204515e-09	-1.861883e+01	-3.692003e+02
5.100000e-06	-2.938868e-06	-6.236077e-09	-1.877617e+01	-3.710634e+02
5.110000e-06	-2.963070e-06	-6.267174e-09	-1.893080e+01	-3.728766e+02
5.120000e-06	-2.986975e-06	-6.297932e-09	-1.908353e+01	-3.746382e+02
5.130000e-06	-3.010626e-06	-6.329020e-09	-1.923463e+01	-3.763477e+02
5.140000e-06	-3.034058e-06	-6.356962e-09	-1.938434e+01	-3.780056e+02
5.150000e-06	-3.057327e-06	-6.380663e-09	-1.953300e+01	-3.796135e+02
5.160000e-06	-3.080355e-06	-6.402244e-09	-1.968013e+01	-3.811746e+02
5.170000e-06	-3.103033e-06	-6.423216e-09	-1.982501e+01	-3.826924e+02
5.180000e-06	-3.125099e-06	-6.444556e-09	-1.996599e+01	-3.841713e+02
5.190000e-06	-3.146423e-06	-6.468122e-09	-2.010223e+01	-3.856154e+02
5.200000e-06	-3.167107e-06	-6.494889e-09	-2.023438e+01	-3.870282e+02
5.210000e-06	-3.187227e-06	-6.522701e-09	-2.036292e+01	-3.884121e+02
5.220000e-06	-3.206991e-06	-6.547522e-09	-2.048919e+01	-3.897686e+02
5.230000e-06	-3.226534e-06	-6.569175e-09	-2.061405e+01	-3.910976e+02
5.240000e-06	-3.245896e-06	-6.589187e-09	-2.073775e+01	-3.923976e+02
5.250000e-06	-3.265002e-06	-6.608447e-09	-2.085982e+01	-3.936663e+02
5.260000e-06	-3.283747e-06	-6.625965e-09	-2.097958e+01	-3.949007e+02
5.270000e-06	-3.302043e-06	-6.643818e-09	-2.109647e+01	-3.960977e+02
5.280000e-06	-3.319875e-06	-6.664602e-09	-2.121040e+01	-3.972547e+02
5.290000e-06	-3.337409e-06	-6.687115e-09	-2.132242e+01	-3.983698e+02
5.300000e-06	-3.354681e-06	-6.709828e-09	-2.143277e+01	-3.994425e+02
5.310000e-06	-3.371511e-06	-6.731105e-09	-2.154030e+01	-4.004734e+02
5.320000e-06	-3.387821e-06	-6.749758e-09	-2.164450e+01	-4.014645e+02
5.330000e-06	-3.403747e-06	-6.765428e-09	-2.174625e+01	-4.024192e+02
5.340000e-06	-3.419381e-06	-6.780314e-09	-2.184613e+01	-4.033412e+02
5.350000e-06	-3.434753e-06	-6.794284e-09	-2.194434e+01	-4.042348e+02
5.360000e-06	-3.449888e-06	-6.808379e-09	-2.204104e+01	-4.051039e+02
5.370000e-06	-3.464645e-06	-6.822411e-09	-2.213532e+01	-4.059517e+02
5.380000e-06	-3.478752e-06	-6.836386e-09	-2.222545e+01	-4.067803e+02
5.390000e-06	-3.492067e-06	-6.851871e-09	-2.231052e+01	-4.075905e+02
5.400000e-06	-3.504586e-06	-6.867373e-09	-2.239050e+01	-4.083819e+02
5.410000e-06	-3.516584e-06	-6.882494e-09	-2.246715e+01	-4.091524e+02
5.420000e-06	-3.528259e-06	-6.896556e-09	-2.254175e+01	-4.098996e+02
5.430000e-06	-3.539560e-06	-6.908561e-09	-2.261395e+01	-4.106202e+02
5.440000e-06	-3.550460e-06	-6.919746e-09	-2.268359e+01	-4.113111e+02
5.450000e-06	-3.560947e-06	-6.930476e-09	-2.275059e+01	-4.119697e+02
5.460000e-06	-3.570986e-06	-6.939969e-09	-2.281472e+01	-4.125943e+02
5.470000e-06	-3.580564e-06	-6.949270e-09	-2.287592e+01	-4.131843e+02
5.480000e-06	-3.589723e-06	-6.957289e-09	-2.293444e+01	-4.137405e+02
5.490000e-06	-3.598501e-06	-6.964150e-09	-2.299052e+01	-4.142649e+02
5.500000e-06	-3.606828e-06	-6.970662e-09	-2.304372e+01	-4.147602e+02
5.510000e-06	-3.614675e-06	-6.978021e-09	-2.309385e+01	-4.152297e+02
5.520000e-06	-3.622235e-06	-6.988672e-09	-2.314215e+01	-4.156768e+02
5.530000e-06	-3.629557e-06	-6.999461e-09	-2.318893e+01	-4.161042e+02
5.540000e-06	-3.636591e-06	-7.007268e-09	-2.323387e+01	-4.165139e+02
5.550000e-06	-3.643167e-06	-7.013318e-09	-2.327589e+01	-4.169066e+02
5.560000e-06	-3.649130e-06	-7.016536e-09	-2.331398e+01	-4.172815e+02
5.570000e-06	-3.654468e-06	-7.018400e-09	-2.334808e+01	-4.176366e+02
5.580000e-06	-3.659098e-06	-7.021611e-09	-2.337767e+01	-4.179688e+02
5.590000e-06	-3.663120e-06	-7.025737e-09	-2.340336e+01	-4.182741e+02
5.600000e-06	-3.666769e-06	-7.031446e-09	-2.342667e+01	-4.185484e+02
5.610000e-06	-3.670164e-06	-7.038965e-09	-2.344837e+01	-4.187880e+02
5.620000e-06	-3.673303e-06	-7.045799e-09	-2.346842e+01	-4.189900e+02
5.630000e-06	-3.676066e-06	-7.049011e-09	-2.348607e+01	-4.191527e+02
5.640000e-06	-3.678325e-06	-7.049432e-09	-2.350050e+01	-4.192760e+02
5.650000e-06	-3.680157e-06	-7.049822e-09	-2.351221e+01	-4.193615e+02
5.660000e-06	-3.681615e-06	-7.051190e-09	-2.352153e+01	-4.194122e+02
5.670000e-06	-3.682750e-06	-7.051938e-09	-2.352878e+01	-4.194326e+02
5.680000e-06	-3.683512e-06	-7.054448e-09	-2.353365e+01	-4.194277e+02
5.690000e-06	-3.683724e-06	-7.058901e-09	-2.353500e+01	-4.194032e+02
