# Temperatura_=_20.0
# Concentracion g/m^3_=_9000.0
# C_Vs_to_Am_M_A/Vsm_=_59384043850.047264
# pendiente_HvsI_1/m_=_3716.3
# ordenada_HvsI_A/m_=_1297.0
# frecuencia_Hz_=_175658.77760860682

Tiempo_(s)	Campo_(V.s)	Magnetizacion_(V.s)	Campo_(kA/m)	Magnetizacion_(A/m)
0.000000e+00	-3.675456e-06	-1.128092e-10	-2.353596e+01	-5.654500e+00
1.000000e-08	-3.675342e-06	-1.130706e-10	-2.353523e+01	-5.653339e+00
2.000000e-08	-3.674902e-06	-1.138517e-10	-2.353241e+01	-5.639772e+00
3.000000e-08	-3.674248e-06	-1.088756e-10	-2.352823e+01	-5.614583e+00
4.000000e-08	-3.673256e-06	-9.462857e-11	-2.352187e+01	-5.579290e+00
5.000000e-08	-3.671697e-06	-8.114773e-11	-2.351189e+01	-5.536115e+00
6.000000e-08	-3.669548e-06	-9.217128e-11	-2.349813e+01	-5.487957e+00
7.000000e-08	-3.666779e-06	-1.240432e-10	-2.348040e+01	-5.438332e+00
8.000000e-08	-3.663317e-06	-1.534263e-10	-2.345822e+01	-5.391290e+00
9.000000e-08	-3.659221e-06	-1.883113e-10	-2.343200e+01	-5.351284e+00
1.000000e-07	-3.654780e-06	-1.507733e-10	-2.340356e+01	-5.322991e+00
1.100000e-07	-3.650165e-06	-5.682069e-12	-2.337400e+01	-5.311070e+00
1.200000e-07	-3.645298e-06	-4.013351e-11	-2.334284e+01	-5.319868e+00
1.300000e-07	-3.640004e-06	-1.781048e-10	-2.330894e+01	-5.353086e+00
1.400000e-07	-3.634171e-06	-1.662602e-10	-2.327159e+01	-5.413438e+00
1.500000e-07	-3.627921e-06	3.433830e-11	-2.323157e+01	-5.502320e+00
1.600000e-07	-3.621312e-06	-9.700629e-11	-2.318924e+01	-5.619550e+00
1.700000e-07	-3.614212e-06	-3.144666e-10	-2.314378e+01	-5.763208e+00
1.800000e-07	-3.606644e-06	-9.647192e-11	-2.309532e+01	-5.929607e+00
1.900000e-07	-3.598718e-06	-2.722260e-11	-2.304456e+01	-6.113429e+00
2.000000e-07	-3.590489e-06	-1.251955e-10	-2.299187e+01	-6.308024e+00
2.100000e-07	-3.581884e-06	-1.188131e-10	-2.293676e+01	-6.505855e+00
2.200000e-07	-3.572953e-06	-8.164122e-11	-2.287958e+01	-6.699065e+00
2.300000e-07	-3.563593e-06	-1.996965e-10	-2.281964e+01	-6.880110e+00
2.400000e-07	-3.553503e-06	-1.070298e-10	-2.275503e+01	-7.042390e+00
2.500000e-07	-3.542702e-06	3.001849e-11	-2.268586e+01	-7.180814e+00
2.600000e-07	-3.531328e-06	-1.737666e-10	-2.261303e+01	-7.292235e+00
2.700000e-07	-3.519407e-06	-2.250408e-10	-2.253669e+01	-7.375693e+00
2.800000e-07	-3.506942e-06	5.108516e-11	-2.245687e+01	-7.432437e+00
2.900000e-07	-3.494137e-06	-1.859144e-11	-2.237487e+01	-7.465722e+00
3.000000e-07	-3.480939e-06	-2.641875e-10	-2.229036e+01	-7.480391e+00
3.100000e-07	-3.467292e-06	-1.649841e-10	-2.220297e+01	-7.482287e+00
3.200000e-07	-3.453157e-06	-4.345582e-12	-2.211246e+01	-7.477568e+00
3.300000e-07	-3.438556e-06	-5.263019e-11	-2.201896e+01	-7.472008e+00
3.400000e-07	-3.423636e-06	-1.806465e-10	-2.192342e+01	-7.470344e+00
3.500000e-07	-3.408116e-06	-1.308238e-10	-2.182404e+01	-7.475785e+00
3.600000e-07	-3.391712e-06	-2.530934e-11	-2.171899e+01	-7.489705e+00
3.700000e-07	-3.374722e-06	-5.324849e-11	-2.161019e+01	-7.511580e+00
3.800000e-07	-3.357422e-06	-1.880615e-10	-2.149941e+01	-7.539162e+00
3.900000e-07	-3.339790e-06	-1.269333e-10	-2.138650e+01	-7.568867e+00
4.000000e-07	-3.321853e-06	-4.141400e-11	-2.127164e+01	-7.596328e+00
4.100000e-07	-3.303605e-06	-9.274982e-11	-2.115479e+01	-7.617024e+00
4.200000e-07	-3.284947e-06	-1.411850e-10	-2.103532e+01	-7.626919e+00
4.300000e-07	-3.265765e-06	-1.207462e-10	-2.091248e+01	-7.623012e+00
4.400000e-07	-3.246170e-06	-9.099973e-11	-2.078700e+01	-7.603727e+00
4.500000e-07	-3.226272e-06	-7.795009e-11	-2.065959e+01	-7.569100e+00
4.600000e-07	-3.206060e-06	-1.175547e-10	-2.053016e+01	-7.520734e+00
4.700000e-07	-3.185587e-06	-1.355369e-10	-2.039906e+01	-7.461532e+00
4.800000e-07	-3.164916e-06	-7.288503e-11	-2.026669e+01	-7.395257e+00
4.900000e-07	-3.143935e-06	-7.283816e-11	-2.013234e+01	-7.325976e+00
5.000000e-07	-3.122600e-06	-1.297564e-10	-1.999572e+01	-7.257471e+00
5.100000e-07	-3.100883e-06	-1.279550e-10	-1.985665e+01	-7.192711e+00
5.200000e-07	-3.078735e-06	-7.807379e-11	-1.971483e+01	-7.133447e+00
5.300000e-07	-3.056227e-06	-8.214970e-11	-1.957070e+01	-7.080006e+00
5.400000e-07	-3.033404e-06	-1.119263e-10	-1.942455e+01	-7.031294e+00
5.500000e-07	-3.010240e-06	-1.142365e-10	-1.927622e+01	-6.985032e+00
5.600000e-07	-2.986672e-06	-7.793126e-11	-1.912530e+01	-6.938169e+00
5.700000e-07	-2.962750e-06	-6.959248e-11	-1.897211e+01	-6.887417e+00
5.800000e-07	-2.938541e-06	-1.042062e-10	-1.881709e+01	-6.829842e+00
5.900000e-07	-2.914066e-06	-1.156925e-10	-1.866036e+01	-6.763399e+00
6.000000e-07	-2.889342e-06	-7.389408e-11	-1.850204e+01	-6.687349e+00
6.100000e-07	-2.864343e-06	-6.744215e-11	-1.834196e+01	-6.602484e+00
6.200000e-07	-2.838953e-06	-1.075833e-10	-1.817937e+01	-6.511118e+00
6.300000e-07	-2.813069e-06	-1.117314e-10	-1.801362e+01	-6.416850e+00
6.400000e-07	-2.786630e-06	-6.916455e-11	-1.784432e+01	-6.324108e+00
6.500000e-07	-2.759550e-06	-6.368198e-11	-1.767091e+01	-6.237562e+00
6.600000e-07	-2.731974e-06	-9.709788e-11	-1.749433e+01	-6.161456e+00
6.700000e-07	-2.704043e-06	-1.029115e-10	-1.731547e+01	-6.098977e+00
6.800000e-07	-2.675853e-06	-6.906126e-11	-1.713495e+01	-6.051743e+00
6.900000e-07	-2.647472e-06	-6.304410e-11	-1.695321e+01	-6.019486e+00
7.000000e-07	-2.618862e-06	-9.414434e-11	-1.677001e+01	-5.999985e+00
7.100000e-07	-2.590081e-06	-9.977530e-11	-1.658571e+01	-5.989269e+00
7.200000e-07	-2.561067e-06	-6.687560e-11	-1.639991e+01	-5.982058e+00
7.300000e-07	-2.531688e-06	-5.750045e-11	-1.621178e+01	-5.972402e+00
7.400000e-07	-2.501912e-06	-8.799924e-11	-1.602111e+01	-5.954427e+00
7.500000e-07	-2.471811e-06	-9.561865e-11	-1.582836e+01	-5.923097e+00
7.600000e-07	-2.441470e-06	-7.061429e-11	-1.563407e+01	-5.874871e+00
7.700000e-07	-2.410899e-06	-6.268099e-11	-1.543831e+01	-5.808195e+00
7.800000e-07	-2.380086e-06	-8.832595e-11	-1.524100e+01	-5.723725e+00
7.900000e-07	-2.348986e-06	-9.363223e-11	-1.504184e+01	-5.624273e+00
8.000000e-07	-2.317567e-06	-6.891611e-11	-1.484065e+01	-5.514467e+00
8.100000e-07	-2.285902e-06	-5.663296e-11	-1.463788e+01	-5.400173e+00
8.200000e-07	-2.254028e-06	-7.907790e-11	-1.443377e+01	-5.287745e+00
8.300000e-07	-2.221963e-06	-8.619754e-11	-1.422845e+01	-5.183218e+00
8.400000e-07	-2.189669e-06	-6.338668e-11	-1.402165e+01	-5.091525e+00
8.500000e-07	-2.157203e-06	-5.003932e-11	-1.381375e+01	-5.015874e+00
8.600000e-07	-2.124628e-06	-6.878403e-11	-1.360516e+01	-4.957341e+00
8.700000e-07	-2.091797e-06	-7.817751e-11	-1.339492e+01	-4.914748e+00
8.800000e-07	-2.058675e-06	-6.279169e-11	-1.318283e+01	-4.884836e+00
8.900000e-07	-2.025281e-06	-5.484976e-11	-1.296899e+01	-4.862710e+00
9.000000e-07	-1.991586e-06	-7.253138e-11	-1.275322e+01	-4.842494e+00
9.100000e-07	-1.957577e-06	-8.519237e-11	-1.253544e+01	-4.818113e+00
9.200000e-07	-1.923169e-06	-7.085235e-11	-1.231511e+01	-4.784085e+00
9.300000e-07	-1.888387e-06	-5.832473e-11	-1.209238e+01	-4.736224e+00
9.400000e-07	-1.853229e-06	-6.945212e-11	-1.186724e+01	-4.672162e+00
9.500000e-07	-1.817673e-06	-8.128654e-11	-1.163956e+01	-4.591612e+00
9.600000e-07	-1.781843e-06	-6.905927e-11	-1.141012e+01	-4.496351e+00
9.700000e-07	-1.745833e-06	-5.693268e-11	-1.117952e+01	-4.389919e+00
9.800000e-07	-1.709655e-06	-6.535788e-11	-1.094785e+01	-4.277084e+00
9.900000e-07	-1.673310e-06	-7.454029e-11	-1.071512e+01	-4.163146e+00
1.000000e-06	-1.636880e-06	-6.210225e-11	-1.048184e+01	-4.053187e+00
1.010000e-06	-1.600354e-06	-5.326544e-11	-1.024794e+01	-3.951359e+00
1.020000e-06	-1.563702e-06	-6.403565e-11	-1.001324e+01	-3.860319e+00
1.030000e-06	-1.526902e-06	-7.391352e-11	-9.777590e+00	-3.780881e+00
1.040000e-06	-1.489882e-06	-6.373875e-11	-9.540528e+00	-3.711941e+00
1.050000e-06	-1.452675e-06	-5.245549e-11	-9.302272e+00	-3.650671e+00
1.060000e-06	-1.415348e-06	-5.626780e-11	-9.063247e+00	-3.592968e+00
1.070000e-06	-1.377866e-06	-6.185405e-11	-8.823231e+00	-3.534081e+00
1.080000e-06	-1.340110e-06	-5.170009e-11	-8.581457e+00	-3.469332e+00
1.090000e-06	-1.302131e-06	-4.276358e-11	-8.338257e+00	-3.394831e+00
1.100000e-06	-1.264074e-06	-5.102558e-11	-8.094560e+00	-3.308084e+00
1.110000e-06	-1.225909e-06	-6.323337e-11	-7.850166e+00	-3.208409e+00
1.120000e-06	-1.187539e-06	-5.774501e-11	-7.604460e+00	-3.097102e+00
1.130000e-06	-1.149036e-06	-4.575192e-11	-7.357910e+00	-2.977327e+00
1.140000e-06	-1.110468e-06	-4.709092e-11	-7.110938e+00	-2.853755e+00
1.150000e-06	-1.071786e-06	-5.117158e-11	-6.863236e+00	-2.731989e+00
1.160000e-06	-1.032989e-06	-4.196312e-11	-6.614797e+00	-2.617860e+00
1.170000e-06	-9.940951e-07	-3.066223e-11	-6.365735e+00	-2.516688e+00
1.180000e-06	-9.550355e-07	-3.585300e-11	-6.115615e+00	-2.432613e+00
1.190000e-06	-9.157940e-07	-4.423179e-11	-5.864331e+00	-2.368070e+00
1.200000e-06	-8.764484e-07	-4.211867e-11	-5.612379e+00	-2.323496e+00
1.210000e-06	-8.370343e-07	-3.478411e-11	-5.359989e+00	-2.297291e+00
1.220000e-06	-7.975938e-07	-3.782309e-11	-5.107430e+00	-2.286038e+00
1.230000e-06	-7.580459e-07	-4.268438e-11	-4.854183e+00	-2.284953e+00
1.240000e-06	-7.183119e-07	-3.743466e-11	-4.599745e+00	-2.288493e+00
1.250000e-06	-6.785055e-07	-2.852892e-11	-4.344842e+00	-2.291050e+00
1.260000e-06	-6.386988e-07	-3.196221e-11	-4.089939e+00	-2.287619e+00
1.270000e-06	-5.987673e-07	-4.159872e-11	-3.834235e+00	-2.274372e+00
1.280000e-06	-5.586979e-07	-4.151934e-11	-3.577649e+00	-2.249047e+00
1.290000e-06	-5.185990e-07	-3.514946e-11	-3.320874e+00	-2.211118e+00
1.300000e-06	-4.784444e-07	-3.555480e-11	-3.063742e+00	-2.161724e+00
1.310000e-06	-4.382164e-07	-4.078852e-11	-2.806140e+00	-2.103379e+00
1.320000e-06	-3.979665e-07	-3.926157e-11	-2.548398e+00	-2.039502e+00
1.330000e-06	-3.577473e-07	-2.992177e-11	-2.290852e+00	-1.973856e+00
1.340000e-06	-3.175034e-07	-2.511459e-11	-2.033148e+00	-1.909959e+00
1.350000e-06	-2.771972e-07	-2.819640e-11	-1.775045e+00	-1.850561e+00
1.360000e-06	-2.368935e-07	-2.705431e-11	-1.516959e+00	-1.797255e+00
1.370000e-06	-1.965908e-07	-2.343820e-11	-1.258879e+00	-1.750280e+00
1.380000e-06	-1.562542e-07	-2.527457e-11	-1.000581e+00	-1.708525e+00
1.390000e-06	-1.158965e-07	-3.347959e-11	-7.421486e-01	-1.669741e+00
1.400000e-06	-7.552115e-08	-3.334134e-11	-4.836033e-01	-1.630920e+00
1.410000e-06	-3.511641e-08	-2.496690e-11	-2.248696e-01	-1.588777e+00
1.420000e-06	5.267816e-09	-2.153444e-11	3.373271e-02	-1.540276e+00
1.430000e-06	4.562259e-08	-2.477357e-11	2.921464e-01	-1.483110e+00
1.440000e-06	8.602620e-08	-2.351448e-11	5.508729e-01	-1.416076e+00
1.450000e-06	1.264480e-07	-1.675774e-11	8.097156e-01	-1.339289e+00
1.460000e-06	1.668063e-07	-1.742346e-11	1.068152e+00	-1.254209e+00
1.470000e-06	2.071214e-07	-2.264013e-11	1.326312e+00	-1.163478e+00
1.480000e-06	2.474037e-07	-2.106134e-11	1.584261e+00	-1.070594e+00
1.490000e-06	2.877270e-07	-1.176298e-11	1.842474e+00	-9.794681e-01
1.500000e-06	3.280793e-07	-6.106667e-12	2.100871e+00	-8.939338e-01
1.510000e-06	3.683950e-07	-8.900883e-12	2.359035e+00	-8.172630e-01
1.520000e-06	4.086491e-07	-1.201234e-11	2.616804e+00	-7.517693e-01
1.530000e-06	4.488816e-07	-1.009291e-11	2.874435e+00	-6.985393e-01
1.540000e-06	4.890992e-07	-1.143709e-11	3.131970e+00	-6.573288e-01
1.550000e-06	5.292039e-07	-1.662215e-11	3.388782e+00	-6.266291e-01
1.560000e-06	5.692533e-07	-1.713927e-11	3.645241e+00	-6.038915e-01
1.570000e-06	6.092437e-07	-9.901121e-12	3.901321e+00	-5.858705e-01
1.580000e-06	6.491334e-07	-3.470115e-12	4.156757e+00	-5.690360e-01
1.590000e-06	6.889541e-07	-4.831205e-12	4.411751e+00	-5.499960e-01
1.600000e-06	7.286894e-07	-9.629990e-12	4.666198e+00	-5.258735e-01
1.610000e-06	7.683594e-07	-1.118110e-11	4.920226e+00	-4.945890e-01
1.620000e-06	8.079188e-07	-1.334540e-11	5.173547e+00	-4.550177e-01
1.630000e-06	8.473224e-07	-2.067559e-11	5.425870e+00	-4.070094e-01
1.640000e-06	8.866317e-07	-2.226332e-11	5.677588e+00	-3.512791e-01
1.650000e-06	9.258268e-07	-1.521268e-11	5.928576e+00	-2.891940e-01
1.660000e-06	9.648541e-07	-9.026899e-12	6.178489e+00	-2.224963e-01
1.670000e-06	1.003728e-06	-6.462766e-12	6.427419e+00	-1.530093e-01
1.680000e-06	1.042455e-06	-3.047801e-12	6.675413e+00	-8.236910e-02
1.690000e-06	1.081078e-06	1.602028e-12	6.922735e+00	-1.182371e-02
1.700000e-06	1.119639e-06	1.519153e-12	7.169664e+00	5.787888e-02
1.710000e-06	1.158104e-06	-4.714063e-12	7.415975e+00	1.265023e-01
1.720000e-06	1.196481e-06	-7.675481e-12	7.661721e+00	1.942419e-01
1.730000e-06	1.234733e-06	-5.300435e-12	7.906671e+00	2.615747e-01
1.740000e-06	1.272833e-06	-1.888306e-12	8.150645e+00	3.290729e-01
1.750000e-06	1.310830e-06	8.763522e-13	8.393962e+00	3.972169e-01
1.760000e-06	1.348662e-06	3.184545e-12	8.636221e+00	4.662432e-01
1.770000e-06	1.386311e-06	7.067282e-12	8.877308e+00	5.360565e-01
1.780000e-06	1.423715e-06	8.799811e-12	9.116824e+00	6.062187e-01
1.790000e-06	1.460851e-06	6.829408e-12	9.354631e+00	6.760194e-01
1.800000e-06	1.497831e-06	3.668643e-12	9.591435e+00	7.446120e-01
1.810000e-06	1.534633e-06	5.188660e-12	9.827095e+00	8.111913e-01
1.820000e-06	1.571282e-06	1.046783e-11	1.006178e+01	8.751804e-01
1.830000e-06	1.607845e-06	1.253054e-11	1.029591e+01	9.363906e-01
1.840000e-06	1.644341e-06	1.160602e-11	1.052961e+01	9.951240e-01
1.850000e-06	1.680758e-06	1.394428e-11	1.076281e+01	1.052197e+00
1.860000e-06	1.717079e-06	1.827387e-11	1.099540e+01	1.108875e+00
1.870000e-06	1.753277e-06	1.939315e-11	1.122719e+01	1.166725e+00
1.880000e-06	1.789335e-06	1.865117e-11	1.145809e+01	1.227408e+00
1.890000e-06	1.825204e-06	1.901102e-11	1.168778e+01	1.292431e+00
1.900000e-06	1.860706e-06	2.149947e-11	1.191512e+01	1.362916e+00
1.910000e-06	1.895852e-06	2.096859e-11	1.214018e+01	1.439402e+00
1.920000e-06	1.930688e-06	1.881728e-11	1.236325e+01	1.521727e+00
1.930000e-06	1.965051e-06	1.855229e-11	1.258330e+01	1.609008e+00
1.940000e-06	1.998958e-06	2.016740e-11	1.280043e+01	1.699717e+00
1.950000e-06	2.032492e-06	2.150770e-11	1.301516e+01	1.791862e+00
1.960000e-06	2.065670e-06	2.361996e-11	1.322762e+01	1.883228e+00
1.970000e-06	2.098597e-06	2.823312e-11	1.343847e+01	1.971666e+00
1.980000e-06	2.131313e-06	3.209590e-11	1.364797e+01	2.055366e+00
1.990000e-06	2.163887e-06	3.355029e-11	1.385655e+01	2.133089e+00
2.000000e-06	2.196334e-06	3.307079e-11	1.406433e+01	2.204320e+00
2.010000e-06	2.228640e-06	3.167464e-11	1.427120e+01	2.269309e+00
2.020000e-06	2.260768e-06	2.961469e-11	1.447694e+01	2.329007e+00
2.030000e-06	2.292603e-06	2.938276e-11	1.468079e+01	2.384893e+00
2.040000e-06	2.324108e-06	2.979282e-11	1.488254e+01	2.438727e+00
2.050000e-06	2.355272e-06	3.085987e-11	1.508210e+01	2.492259e+00
2.060000e-06	2.386109e-06	3.419031e-11	1.527956e+01	2.546941e+00
2.070000e-06	2.416689e-06	3.684243e-11	1.547539e+01	2.603690e+00
2.080000e-06	2.447088e-06	3.736502e-11	1.567004e+01	2.662729e+00
2.090000e-06	2.477314e-06	3.756242e-11	1.586360e+01	2.723541e+00
2.100000e-06	2.507338e-06	3.910404e-11	1.605586e+01	2.784949e+00
2.110000e-06	2.537004e-06	4.008588e-11	1.624582e+01	2.845290e+00
2.120000e-06	2.566274e-06	3.689095e-11	1.643326e+01	2.902689e+00
2.130000e-06	2.595242e-06	3.496904e-11	1.661876e+01	2.955366e+00
2.140000e-06	2.623991e-06	3.810667e-11	1.680285e+01	3.001950e+00
2.150000e-06	2.652589e-06	4.245823e-11	1.698598e+01	3.041736e+00
2.160000e-06	2.681028e-06	4.487922e-11	1.716809e+01	3.074852e+00
2.170000e-06	2.709274e-06	4.618075e-11	1.734897e+01	3.102313e+00
2.180000e-06	2.737222e-06	4.857088e-11	1.752793e+01	3.125935e+00
2.190000e-06	2.764775e-06	4.994891e-11	1.770437e+01	3.148131e+00
2.200000e-06	2.791821e-06	4.833661e-11	1.787756e+01	3.171610e+00
2.210000e-06	2.818267e-06	4.573656e-11	1.804691e+01	3.199018e+00
2.220000e-06	2.844132e-06	4.620851e-11	1.821253e+01	3.232574e+00
2.230000e-06	2.869475e-06	4.772196e-11	1.837482e+01	3.273756e+00
2.240000e-06	2.894398e-06	4.632982e-11	1.853441e+01	3.323071e+00
2.250000e-06	2.919010e-06	4.520007e-11	1.869202e+01	3.379963e+00
2.260000e-06	2.943387e-06	4.824108e-11	1.884812e+01	3.442855e+00
2.270000e-06	2.967535e-06	5.245296e-11	1.900275e+01	3.509338e+00
2.280000e-06	2.991356e-06	5.483361e-11	1.915529e+01	3.576473e+00
2.290000e-06	3.014738e-06	5.478757e-11	1.930502e+01	3.641172e+00
2.300000e-06	3.037786e-06	5.561891e-11	1.945261e+01	3.700600e+00
2.310000e-06	3.060550e-06	5.593261e-11	1.959838e+01	3.752552e+00
2.320000e-06	3.082977e-06	5.450399e-11	1.974199e+01	3.795745e+00
2.330000e-06	3.105040e-06	5.363123e-11	1.988327e+01	3.829989e+00
2.340000e-06	3.126707e-06	5.537249e-11	2.002202e+01	3.856213e+00
2.350000e-06	3.147943e-06	5.855915e-11	2.015800e+01	3.876338e+00
2.360000e-06	3.168808e-06	5.806992e-11	2.029162e+01	3.893025e+00
2.370000e-06	3.189450e-06	5.713418e-11	2.042379e+01	3.909320e+00
2.380000e-06	3.209883e-06	5.874649e-11	2.055464e+01	3.928254e+00
2.390000e-06	3.230087e-06	5.949052e-11	2.068401e+01	3.952455e+00
2.400000e-06	3.249989e-06	5.826408e-11	2.081146e+01	3.983810e+00
2.410000e-06	3.269426e-06	5.648075e-11	2.093593e+01	4.023248e+00
2.420000e-06	3.288348e-06	5.600126e-11	2.105709e+01	4.070643e+00
2.430000e-06	3.306830e-06	5.716877e-11	2.117544e+01	4.124871e+00
2.440000e-06	3.324911e-06	5.877627e-11	2.129122e+01	4.184004e+00
2.450000e-06	3.342668e-06	6.091227e-11	2.140494e+01	4.245598e+00
2.460000e-06	3.360096e-06	6.436221e-11	2.151653e+01	4.307055e+00
2.470000e-06	3.377186e-06	6.924855e-11	2.162597e+01	4.365993e+00
2.480000e-06	3.393842e-06	7.248075e-11	2.173263e+01	4.420565e+00
2.490000e-06	3.409860e-06	7.113750e-11	2.183520e+01	4.469706e+00
2.500000e-06	3.425332e-06	6.961545e-11	2.193428e+01	4.513246e+00
2.510000e-06	3.440374e-06	6.959225e-11	2.203060e+01	4.551895e+00
2.520000e-06	3.454994e-06	6.908684e-11	2.212422e+01	4.587099e+00
2.530000e-06	3.469198e-06	6.977278e-11	2.221517e+01	4.620786e+00
2.540000e-06	3.483008e-06	7.125177e-11	2.230361e+01	4.655048e+00
2.550000e-06	3.496410e-06	7.198766e-11	2.238943e+01	4.691798e+00
2.560000e-06	3.509335e-06	7.074281e-11	2.247219e+01	4.732458e+00
2.570000e-06	3.521814e-06	6.938273e-11	2.255210e+01	4.777723e+00
2.580000e-06	3.533893e-06	7.128022e-11	2.262945e+01	4.827431e+00
2.590000e-06	3.545567e-06	7.455796e-11	2.270421e+01	4.880563e+00
2.600000e-06	3.556616e-06	7.634640e-11	2.277496e+01	4.935361e+00
2.610000e-06	3.566908e-06	7.674813e-11	2.284087e+01	4.989565e+00
2.620000e-06	3.576618e-06	7.643660e-11	2.290305e+01	5.040719e+00
2.630000e-06	3.585802e-06	7.612470e-11	2.296185e+01	5.086506e+00
2.640000e-06	3.594560e-06	7.507230e-11	2.301794e+01	5.125078e+00
2.650000e-06	3.603042e-06	7.491859e-11	2.307225e+01	5.155315e+00
2.660000e-06	3.611165e-06	7.573994e-11	2.312427e+01	5.176996e+00
2.670000e-06	3.618914e-06	7.761232e-11	2.317389e+01	5.190851e+00
2.680000e-06	3.626236e-06	7.875053e-11	2.322078e+01	5.198493e+00
2.690000e-06	3.633067e-06	7.682818e-11	2.326452e+01	5.202231e+00
2.700000e-06	3.639521e-06	7.421605e-11	2.330585e+01	5.204804e+00
2.710000e-06	3.645568e-06	7.220310e-11	2.334457e+01	5.209064e+00
2.720000e-06	3.651074e-06	7.059501e-11	2.337983e+01	5.217640e+00
2.730000e-06	3.656104e-06	6.767908e-11	2.341204e+01	5.232647e+00
2.740000e-06	3.660841e-06	6.640418e-11	2.344237e+01	5.255448e+00
2.750000e-06	3.665335e-06	6.954665e-11	2.347115e+01	5.286513e+00
2.760000e-06	3.669573e-06	7.249901e-11	2.349829e+01	5.325378e+00
2.770000e-06	3.673505e-06	7.409533e-11	2.352346e+01	5.370700e+00
2.780000e-06	3.676895e-06	7.420367e-11	2.354517e+01	5.420402e+00
2.790000e-06	3.679537e-06	7.539838e-11	2.356209e+01	5.471881e+00
2.800000e-06	3.681488e-06	7.804659e-11	2.357458e+01	5.522246e+00
2.810000e-06	3.682869e-06	7.666550e-11	2.358343e+01	5.568571e+00
2.820000e-06	3.683762e-06	7.535249e-11	2.358915e+01	5.608125e+00
2.830000e-06	3.684327e-06	7.802970e-11	2.359277e+01	5.638567e+00
2.840000e-06	3.684645e-06	8.123356e-11	2.359480e+01	5.658095e+00
2.850000e-06	3.684616e-06	7.937393e-11	2.359462e+01	5.665555e+00
2.860000e-06	3.684123e-06	7.403128e-11	2.359146e+01	5.660494e+00
2.870000e-06	3.683211e-06	7.333501e-11	2.358562e+01	5.643192e+00
2.880000e-06	3.681908e-06	8.836905e-11	2.357727e+01	5.614666e+00
2.890000e-06	3.680203e-06	1.027349e-10	2.356635e+01	5.576655e+00
2.900000e-06	3.678074e-06	8.394834e-11	2.355272e+01	5.531598e+00
2.910000e-06	3.675551e-06	5.975888e-11	2.353657e+01	5.482593e+00
2.920000e-06	3.672660e-06	3.969587e-11	2.351806e+01	5.433335e+00
2.930000e-06	3.669367e-06	-1.973017e-11	2.349697e+01	5.388014e+00
2.940000e-06	3.665705e-06	2.391307e-11	2.347352e+01	5.351179e+00
2.950000e-06	3.661695e-06	2.034143e-10	2.344784e+01	5.327526e+00
2.960000e-06	3.657221e-06	1.419158e-10	2.341919e+01	5.321653e+00
2.970000e-06	3.652331e-06	4.631943e-12	2.338788e+01	5.337740e+00
2.980000e-06	3.646937e-06	4.547484e-11	2.335333e+01	5.379219e+00
2.990000e-06	3.640685e-06	2.191433e-10	2.331330e+01	5.448422e+00
3.000000e-06	3.633769e-06	5.764703e-11	2.326901e+01	5.546279e+00
3.010000e-06	3.626562e-06	-1.405657e-10	2.322286e+01	5.672074e+00
3.020000e-06	3.618980e-06	1.237021e-10	2.317431e+01	5.823332e+00
3.030000e-06	3.611015e-06	1.590905e-10	2.312330e+01	5.995834e+00
3.040000e-06	3.602845e-06	7.286601e-12	2.307099e+01	6.183805e+00
3.050000e-06	3.594349e-06	9.349336e-11	2.301658e+01	6.380265e+00
3.060000e-06	3.585348e-06	1.771634e-10	2.295895e+01	6.577510e+00
3.070000e-06	3.575875e-06	1.132190e-11	2.289829e+01	6.767713e+00
3.080000e-06	3.566027e-06	1.651040e-10	2.283523e+01	6.943559e+00
3.090000e-06	3.555707e-06	3.499758e-10	2.276914e+01	7.098863e+00
3.100000e-06	3.544858e-06	5.752159e-11	2.269967e+01	7.229104e+00
3.110000e-06	3.533606e-06	-9.834944e-12	2.262761e+01	7.331800e+00
3.120000e-06	3.522015e-06	3.195604e-10	2.255339e+01	7.406691e+00
3.130000e-06	3.509974e-06	1.569811e-10	2.247628e+01	7.455687e+00
3.140000e-06	3.497283e-06	-9.664166e-11	2.239502e+01	7.482591e+00
3.150000e-06	3.483834e-06	1.503175e-10	2.230890e+01	7.492628e+00
3.160000e-06	3.469789e-06	2.903155e-10	2.221896e+01	7.491816e+00
3.170000e-06	3.455225e-06	1.626679e-10	2.212570e+01	7.486268e+00
3.180000e-06	3.440135e-06	8.110492e-11	2.202907e+01	7.481496e+00
3.190000e-06	3.424687e-06	1.402431e-10	2.193015e+01	7.481807e+00
3.200000e-06	3.408967e-06	2.461219e-10	2.182949e+01	7.489857e+00
3.210000e-06	3.392870e-06	2.112038e-10	2.172641e+01	7.506422e+00
3.220000e-06	3.376293e-06	1.494836e-12	2.162025e+01	7.530410e+00
3.230000e-06	3.359337e-06	1.402229e-10	2.151167e+01	7.559106e+00
3.240000e-06	3.342103e-06	2.855853e-10	2.140132e+01	7.588616e+00
3.250000e-06	3.324511e-06	1.200408e-10	2.128866e+01	7.614454e+00
3.260000e-06	3.306429e-06	6.860559e-11	2.117288e+01	7.632186e+00
3.270000e-06	3.287913e-06	1.740832e-10	2.105431e+01	7.638046e+00
3.280000e-06	3.269037e-06	1.827372e-10	2.093343e+01	7.629445e+00
3.290000e-06	3.249867e-06	1.562134e-10	2.081068e+01	7.605302e+00
3.300000e-06	3.230476e-06	1.047523e-10	2.068651e+01	7.566157e+00
3.310000e-06	3.210910e-06	1.243806e-10	2.056122e+01	7.514059e+00
3.320000e-06	3.191088e-06	2.166314e-10	2.043429e+01	7.452233e+00
3.330000e-06	3.170851e-06	1.492022e-10	2.030470e+01	7.384600e+00
3.340000e-06	3.150070e-06	8.773799e-11	2.017163e+01	7.315200e+00
3.350000e-06	3.128640e-06	1.371758e-10	2.003440e+01	7.247614e+00
3.360000e-06	3.106545e-06	1.790568e-10	1.989291e+01	7.184465e+00
3.370000e-06	3.083872e-06	1.613344e-10	1.974772e+01	7.127071e+00
3.380000e-06	3.060781e-06	1.126762e-10	1.959986e+01	7.075303e+00
3.390000e-06	3.037423e-06	1.194673e-10	1.945028e+01	7.027665e+00
3.400000e-06	3.013848e-06	1.786562e-10	1.929932e+01	6.981582e+00
3.410000e-06	2.990130e-06	1.526373e-10	1.914744e+01	6.933868e+00
3.420000e-06	2.966152e-06	1.005275e-10	1.899390e+01	6.881284e+00
3.430000e-06	2.941751e-06	1.111576e-10	1.883764e+01	6.821119e+00
3.440000e-06	2.916979e-06	1.655531e-10	1.867902e+01	6.751700e+00
3.450000e-06	2.891863e-06	1.589085e-10	1.851819e+01	6.672753e+00
3.460000e-06	2.866402e-06	9.365027e-11	1.835514e+01	6.585557e+00
3.470000e-06	2.840541e-06	1.077772e-10	1.818954e+01	6.492865e+00
3.480000e-06	2.814328e-06	1.633889e-10	1.802168e+01	6.398590e+00
3.490000e-06	2.787792e-06	1.397219e-10	1.785176e+01	6.307306e+00
3.500000e-06	2.760949e-06	9.756959e-11	1.767987e+01	6.223621e+00
3.510000e-06	2.733836e-06	1.038609e-10	1.750625e+01	6.151513e+00
3.520000e-06	2.706461e-06	1.523143e-10	1.733095e+01	6.093725e+00
3.530000e-06	2.678881e-06	1.468679e-10	1.715434e+01	6.051309e+00
3.540000e-06	2.651146e-06	9.577059e-11	1.697674e+01	6.023382e+00
3.550000e-06	2.623117e-06	1.059647e-10	1.679725e+01	6.007142e+00
3.560000e-06	2.594728e-06	1.431732e-10	1.661547e+01	5.998151e+00
3.570000e-06	2.565853e-06	1.325789e-10	1.643056e+01	5.990843e+00
3.580000e-06	2.536380e-06	9.486994e-11	1.624183e+01	5.979210e+00
3.590000e-06	2.506400e-06	1.015969e-10	1.604985e+01	5.957561e+00
3.600000e-06	2.475977e-06	1.423941e-10	1.585504e+01	5.921261e+00
3.610000e-06	2.445139e-06	1.359802e-10	1.565757e+01	5.867352e+00
3.620000e-06	2.414007e-06	9.690452e-11	1.545821e+01	5.794956e+00
3.630000e-06	2.382717e-06	9.971476e-11	1.525784e+01	5.705424e+00
3.640000e-06	2.351264e-06	1.262622e-10	1.505643e+01	5.602184e+00
3.650000e-06	2.319604e-06	1.245858e-10	1.485370e+01	5.490323e+00
3.660000e-06	2.287687e-06	8.911015e-11	1.464931e+01	5.375945e+00
3.670000e-06	2.255479e-06	9.156089e-11	1.444306e+01	5.265392e+00
3.680000e-06	2.222991e-06	1.224792e-10	1.423503e+01	5.164432e+00
3.690000e-06	2.190329e-06	1.223427e-10	1.402587e+01	5.077518e+00
3.700000e-06	2.157444e-06	9.181896e-11	1.381530e+01	5.007224e+00
3.710000e-06	2.124300e-06	8.574550e-11	1.360306e+01	4.953919e+00
3.720000e-06	2.090949e-06	1.065792e-10	1.338949e+01	4.915744e+00
3.730000e-06	2.057378e-06	1.049451e-10	1.317452e+01	4.888868e+00
3.740000e-06	2.023575e-06	8.044935e-11	1.295806e+01	4.868012e+00
3.750000e-06	1.989532e-06	7.934918e-11	1.274006e+01	4.847151e+00
3.760000e-06	1.955190e-06	1.008482e-10	1.252015e+01	4.820312e+00
3.770000e-06	1.920547e-06	1.042034e-10	1.229832e+01	4.782350e+00
3.780000e-06	1.885682e-06	8.215618e-11	1.207505e+01	4.729602e+00
3.790000e-06	1.850646e-06	7.557660e-11	1.185070e+01	4.660334e+00
3.800000e-06	1.815445e-06	9.345580e-11	1.162529e+01	4.574922e+00
3.810000e-06	1.780107e-06	9.298141e-11	1.139900e+01	4.475737e+00
3.820000e-06	1.744660e-06	7.148192e-11	1.117201e+01	4.366768e+00
3.830000e-06	1.709141e-06	6.302055e-11	1.094456e+01	4.253030e+00
3.840000e-06	1.673555e-06	8.018508e-11	1.071669e+01	4.139837e+00
3.850000e-06	1.637809e-06	8.264279e-11	1.048779e+01	4.032050e+00
3.860000e-06	1.601826e-06	6.237677e-11	1.025737e+01	3.933407e+00
3.870000e-06	1.565599e-06	5.388196e-11	1.002539e+01	3.846013e+00
3.880000e-06	1.529178e-06	6.704101e-11	9.792167e+00	3.770078e+00
3.890000e-06	1.492475e-06	7.338895e-11	9.557132e+00	3.703925e+00
3.900000e-06	1.455402e-06	6.129707e-11	9.319736e+00	3.644271e+00
3.910000e-06	1.417962e-06	5.575947e-11	9.079986e+00	3.586737e+00
3.920000e-06	1.380180e-06	6.881162e-11	8.838050e+00	3.526514e+00
3.930000e-06	1.342150e-06	7.035456e-11	8.594522e+00	3.459097e+00
3.940000e-06	1.303892e-06	5.354936e-11	8.349535e+00	3.380974e+00
3.950000e-06	1.265375e-06	4.472837e-11	8.102886e+00	3.290185e+00
3.960000e-06	1.226671e-06	5.305039e-11	7.855046e+00	3.186659e+00
3.970000e-06	1.187802e-06	5.634037e-11	7.606145e+00	3.072302e+00
3.980000e-06	1.148757e-06	4.499648e-11	7.356119e+00	2.950799e+00
3.990000e-06	1.109593e-06	4.065499e-11	7.105333e+00	2.827181e+00
4.000000e-06	1.070335e-06	5.161904e-11	6.853941e+00	2.707201e+00
4.010000e-06	1.031017e-06	5.636025e-11	6.602163e+00	2.596609e+00
4.020000e-06	9.916602e-07	4.329047e-11	6.350143e+00	2.500423e+00
4.030000e-06	9.522363e-07	3.407234e-11	6.097691e+00	2.422297e+00
4.040000e-06	9.127523e-07	4.017123e-11	5.844853e+00	2.364061e+00
4.050000e-06	8.732573e-07	4.428616e-11	5.591945e+00	2.325509e+00
4.060000e-06	8.337126e-07	3.413655e-11	5.338718e+00	2.304434e+00
4.070000e-06	7.940865e-07	2.965510e-11	5.084971e+00	2.296938e+00
4.080000e-06	7.543545e-07	3.853031e-11	4.830545e+00	2.297927e+00
4.090000e-06	7.145750e-07	4.544043e-11	4.575815e+00	2.301763e+00
4.100000e-06	6.747676e-07	4.078641e-11	4.320907e+00	2.302958e+00
4.110000e-06	6.349122e-07	3.648088e-11	4.065690e+00	2.296819e+00
4.120000e-06	5.949525e-07	4.249938e-11	3.809807e+00	2.279977e+00
4.130000e-06	5.549167e-07	4.401932e-11	3.553435e+00	2.250704e+00
4.140000e-06	5.149012e-07	3.441311e-11	3.297194e+00	2.209014e+00
4.150000e-06	4.747821e-07	2.693472e-11	3.040290e+00	2.156517e+00
4.160000e-06	4.345257e-07	3.247141e-11	2.782506e+00	2.096064e+00
4.170000e-06	3.942381e-07	3.918662e-11	2.524523e+00	2.031247e+00
4.180000e-06	3.539280e-07	3.609956e-11	2.266395e+00	1.965813e+00
4.190000e-06	3.135997e-07	3.359046e-11	2.008151e+00	1.903091e+00
4.200000e-06	2.732188e-07	3.656036e-11	1.749570e+00	1.845503e+00
4.210000e-06	2.327417e-07	3.663128e-11	1.490372e+00	1.794232e+00
4.220000e-06	1.922669e-07	2.740486e-11	1.231190e+00	1.749083e+00
4.230000e-06	1.518144e-07	2.075868e-11	9.721509e-01	1.708559e+00
4.240000e-06	1.113093e-07	2.604630e-11	7.127747e-01	1.670127e+00
4.250000e-06	7.079487e-08	3.144487e-11	4.533383e-01	1.630636e+00
4.260000e-06	3.028364e-08	2.793839e-11	1.939227e-01	1.586823e+00
4.270000e-06	-1.026325e-08	2.479005e-11	-6.572120e-02	1.535833e+00
4.280000e-06	-5.082873e-08	2.780667e-11	-3.254842e-01	1.475670e+00
4.290000e-06	-9.142802e-08	2.935632e-11	-5.854637e-01	1.405528e+00
4.300000e-06	-1.319980e-07	2.265714e-11	-8.452557e-01	1.325948e+00
4.310000e-06	-1.725405e-07	1.850527e-11	-1.104871e+00	1.238787e+00
4.320000e-06	-2.130427e-07	2.191867e-11	-1.364229e+00	1.146995e+00
4.330000e-06	-2.534208e-07	2.283049e-11	-1.622792e+00	1.054250e+00
4.340000e-06	-2.937606e-07	1.713666e-11	-1.881110e+00	9.644938e-01
4.350000e-06	-3.340706e-07	1.203141e-11	-2.139237e+00	8.814325e-01
4.360000e-06	-3.743141e-07	1.407568e-11	-2.396938e+00	8.080762e-01
4.370000e-06	-4.145648e-07	1.747236e-11	-2.654685e+00	7.463768e-01
4.380000e-06	-4.547381e-07	1.357937e-11	-2.911937e+00	6.970080e-01
4.390000e-06	-4.948218e-07	9.791073e-12	-3.168615e+00	6.593152e-01
4.400000e-06	-5.349025e-07	1.258262e-11	-3.425274e+00	6.314344e-01
4.410000e-06	-5.748987e-07	1.291050e-11	-3.681391e+00	6.105578e-01
4.420000e-06	-6.148023e-07	8.125612e-12	-3.936916e+00	5.933049e-01
4.430000e-06	-6.546535e-07	2.407160e-12	-4.192105e+00	5.761446e-01
4.440000e-06	-6.944302e-07	3.476731e-12	-4.446817e+00	5.558089e-01
4.450000e-06	-7.341354e-07	5.354747e-12	-4.701071e+00	5.296452e-01
4.460000e-06	-7.737971e-07	2.066182e-12	-4.955047e+00	4.958617e-01
4.470000e-06	-8.133790e-07	-1.533736e-12	-5.208512e+00	4.536425e-01
4.480000e-06	-8.529036e-07	1.009627e-12	-5.461609e+00	4.031252e-01
4.490000e-06	-8.923985e-07	1.593917e-12	-5.714517e+00	3.452552e-01
4.500000e-06	-9.318219e-07	-4.404100e-12	-5.966966e+00	2.815484e-01
4.510000e-06	-9.712293e-07	-8.336661e-12	-6.219313e+00	2.138036e-01
4.520000e-06	-1.010625e-06	-4.556579e-12	-6.471583e+00	1.438119e-01
4.530000e-06	-1.049936e-06	9.401406e-13	-6.723316e+00	7.310603e-02
4.540000e-06	-1.089121e-06	-1.887166e-12	-6.974236e+00	2.784878e-03
4.550000e-06	-1.128225e-06	-7.893254e-12	-7.224641e+00	-6.656675e-02
4.560000e-06	-1.167247e-06	-8.208116e-12	-7.474524e+00	-1.348598e-01
4.570000e-06	-1.206100e-06	-7.067605e-12	-7.723318e+00	-2.023962e-01
4.580000e-06	-1.244752e-06	-1.294485e-11	-7.970832e+00	-2.697036e-01
4.590000e-06	-1.283250e-06	-1.932174e-11	-8.217352e+00	-3.373444e-01
4.600000e-06	-1.321553e-06	-1.923769e-11	-8.462630e+00	-4.057367e-01
4.610000e-06	-1.359549e-06	-1.496098e-11	-8.705935e+00	-4.750194e-01
4.620000e-06	-1.397263e-06	-1.387262e-11	-8.947442e+00	-5.449871e-01
4.630000e-06	-1.434740e-06	-1.465757e-11	-9.187425e+00	-6.151058e-01
4.640000e-06	-1.471919e-06	-1.315114e-11	-9.425501e+00	-6.846052e-01
4.650000e-06	-1.508708e-06	-1.047631e-11	-9.661083e+00	-7.526315e-01
4.660000e-06	-1.545146e-06	-1.454781e-11	-9.894418e+00	-8.184314e-01
4.670000e-06	-1.581361e-06	-2.247563e-11	-1.012632e+01	-8.815342e-01
4.680000e-06	-1.617413e-06	-2.620027e-11	-1.035718e+01	-9.418970e-01
4.690000e-06	-1.653284e-06	-2.511817e-11	-1.058689e+01	-9.999840e-01
4.700000e-06	-1.688958e-06	-2.575752e-11	-1.081532e+01	-1.056763e+00
4.710000e-06	-1.724492e-06	-2.633660e-11	-1.104287e+01	-1.113614e+00
4.720000e-06	-1.759914e-06	-2.155512e-11	-1.126970e+01	-1.172157e+00
4.730000e-06	-1.795223e-06	-1.857364e-11	-1.149580e+01	-1.234031e+00
4.740000e-06	-1.830445e-06	-2.254795e-11	-1.172134e+01	-1.300648e+00
4.750000e-06	-1.865454e-06	-2.970083e-11	-1.194553e+01	-1.372965e+00
4.760000e-06	-1.900263e-06	-3.193465e-11	-1.216842e+01	-1.451311e+00
4.770000e-06	-1.934898e-06	-3.215134e-11	-1.239021e+01	-1.535296e+00
4.780000e-06	-1.969265e-06	-3.503288e-11	-1.261028e+01	-1.623822e+00
4.790000e-06	-2.003351e-06	-3.856420e-11	-1.282855e+01	-1.715194e+00
4.800000e-06	-2.037181e-06	-3.787435e-11	-1.304519e+01	-1.807319e+00
4.810000e-06	-2.070776e-06	-3.538959e-11	-1.326031e+01	-1.897974e+00
4.820000e-06	-2.104178e-06	-3.672892e-11	-1.347420e+01	-1.985086e+00
4.830000e-06	-2.137340e-06	-4.105029e-11	-1.368656e+01	-2.067003e+00
4.840000e-06	-2.170206e-06	-4.272351e-11	-1.389702e+01	-2.142700e+00
4.850000e-06	-2.202799e-06	-4.455395e-11	-1.410573e+01	-2.211902e+00
4.860000e-06	-2.235080e-06	-4.889164e-11	-1.431244e+01	-2.275090e+00
4.870000e-06	-2.267120e-06	-5.254479e-11	-1.451761e+01	-2.333402e+00
4.880000e-06	-2.298934e-06	-5.264272e-11	-1.472134e+01	-2.388436e+00
4.890000e-06	-2.330503e-06	-5.006199e-11	-1.492348e+01	-2.441980e+00
4.900000e-06	-2.361888e-06	-4.860793e-11	-1.512446e+01	-2.495720e+00
4.910000e-06	-2.393173e-06	-5.023479e-11	-1.532480e+01	-2.550963e+00
4.920000e-06	-2.424267e-06	-5.235024e-11	-1.552391e+01	-2.608422e+00
4.930000e-06	-2.454978e-06	-5.264678e-11	-1.572057e+01	-2.668088e+00
4.940000e-06	-2.485255e-06	-5.488847e-11	-1.591445e+01	-2.729224e+00
4.950000e-06	-2.515129e-06	-5.925902e-11	-1.610575e+01	-2.790476e+00
4.960000e-06	-2.544529e-06	-6.072516e-11	-1.629401e+01	-2.850085e+00
4.970000e-06	-2.573423e-06	-5.946932e-11	-1.647904e+01	-2.906169e+00
4.980000e-06	-2.601855e-06	-5.849876e-11	-1.666110e+01	-2.957046e+00
4.990000e-06	-2.629860e-06	-5.954820e-11	-1.684043e+01	-3.001528e+00
5.000000e-06	-2.657585e-06	-6.113269e-11	-1.701797e+01	-3.039157e+00
5.010000e-06	-2.685141e-06	-6.048383e-11	-1.719443e+01	-3.070341e+00
5.020000e-06	-2.712517e-06	-6.057909e-11	-1.736974e+01	-3.096357e+00
5.030000e-06	-2.739668e-06	-6.093450e-11	-1.754359e+01	-3.119237e+00
5.040000e-06	-2.766545e-06	-6.097441e-11	-1.771571e+01	-3.141522e+00
5.050000e-06	-2.793032e-06	-6.015602e-11	-1.788532e+01	-3.165941e+00
5.060000e-06	-2.819123e-06	-5.954264e-11	-1.805239e+01	-3.195045e+00
5.070000e-06	-2.844911e-06	-6.194461e-11	-1.821752e+01	-3.230851e+00
5.080000e-06	-2.870412e-06	-6.478888e-11	-1.838082e+01	-3.274553e+00
5.090000e-06	-2.895583e-06	-6.553889e-11	-1.854200e+01	-3.326330e+00
5.100000e-06	-2.920358e-06	-6.533436e-11	-1.870065e+01	-3.385293e+00
5.110000e-06	-2.944663e-06	-6.450660e-11	-1.885629e+01	-3.449581e+00
5.120000e-06	-2.968636e-06	-6.550414e-11	-1.900980e+01	-3.516583e+00
5.130000e-06	-2.992400e-06	-6.648137e-11	-1.916198e+01	-3.583268e+00
5.140000e-06	-3.015903e-06	-6.784736e-11	-1.931248e+01	-3.646585e+00
5.150000e-06	-3.039197e-06	-7.135703e-11	-1.946164e+01	-3.703858e+00
5.160000e-06	-3.062251e-06	-7.391795e-11	-1.960927e+01	-3.753145e+00
5.170000e-06	-3.084937e-06	-7.522940e-11	-1.975454e+01	-3.793492e+00
5.180000e-06	-3.107151e-06	-7.575038e-11	-1.989679e+01	-3.825063e+00
5.190000e-06	-3.128739e-06	-7.729996e-11	-2.003503e+01	-3.849118e+00
5.200000e-06	-3.149726e-06	-7.672940e-11	-2.016942e+01	-3.867840e+00
5.210000e-06	-3.170196e-06	-7.341900e-11	-2.030050e+01	-3.884054e+00
5.220000e-06	-3.190178e-06	-7.117794e-11	-2.042846e+01	-3.900843e+00
5.230000e-06	-3.209823e-06	-7.249301e-11	-2.055425e+01	-3.921153e+00
5.240000e-06	-3.229257e-06	-7.609667e-11	-2.067870e+01	-3.947412e+00
5.250000e-06	-3.248517e-06	-7.770577e-11	-2.080203e+01	-3.981226e+00
5.260000e-06	-3.267442e-06	-7.713602e-11	-2.092322e+01	-4.023196e+00
5.270000e-06	-3.285901e-06	-7.994679e-11	-2.104142e+01	-4.072874e+00
5.280000e-06	-3.303944e-06	-8.377814e-11	-2.115696e+01	-4.128856e+00
5.290000e-06	-3.321629e-06	-8.328006e-11	-2.127021e+01	-4.189019e+00
5.300000e-06	-3.338965e-06	-8.068045e-11	-2.138122e+01	-4.250830e+00
5.310000e-06	-3.355970e-06	-7.941686e-11	-2.149011e+01	-4.311720e+00
5.320000e-06	-3.372567e-06	-8.075725e-11	-2.159639e+01	-4.369442e+00
5.330000e-06	-3.388688e-06	-8.122057e-11	-2.169963e+01	-4.422374e+00
5.340000e-06	-3.404461e-06	-8.255316e-11	-2.180063e+01	-4.469723e+00
5.350000e-06	-3.419992e-06	-8.568857e-11	-2.190009e+01	-4.511603e+00
5.360000e-06	-3.435270e-06	-8.780793e-11	-2.199792e+01	-4.548975e+00
5.370000e-06	-3.450164e-06	-8.788346e-11	-2.209329e+01	-4.583467e+00
5.380000e-06	-3.464494e-06	-8.573921e-11	-2.218505e+01	-4.617095e+00
5.390000e-06	-3.478031e-06	-8.551759e-11	-2.227174e+01	-4.651930e+00
5.400000e-06	-3.490808e-06	-8.554867e-11	-2.235356e+01	-4.689762e+00
5.410000e-06	-3.503061e-06	-8.315327e-11	-2.243202e+01	-4.731809e+00
5.420000e-06	-3.514853e-06	-8.401620e-11	-2.250753e+01	-4.778505e+00
5.430000e-06	-3.526287e-06	-9.020492e-11	-2.258075e+01	-4.829414e+00
5.440000e-06	-3.537318e-06	-9.615225e-11	-2.265138e+01	-4.883268e+00
5.450000e-06	-3.547876e-06	-9.573033e-11	-2.271899e+01	-4.938123e+00
5.460000e-06	-3.558009e-06	-9.328179e-11	-2.278388e+01	-4.991621e+00
5.470000e-06	-3.567714e-06	-9.441522e-11	-2.284603e+01	-5.041314e+00
5.480000e-06	-3.577075e-06	-9.667643e-11	-2.290597e+01	-5.084999e+00
5.490000e-06	-3.586073e-06	-9.691802e-11	-2.296359e+01	-5.121030e+00
5.500000e-06	-3.594576e-06	-9.623472e-11	-2.301804e+01	-5.148556e+00
5.510000e-06	-3.602668e-06	-1.004330e-10	-2.306986e+01	-5.167652e+00
5.520000e-06	-3.610481e-06	-1.044054e-10	-2.311989e+01	-5.179339e+00
5.530000e-06	-3.617995e-06	-1.024258e-10	-2.316801e+01	-5.185470e+00
5.540000e-06	-3.625195e-06	-9.936765e-11	-2.321411e+01	-5.188522e+00
5.550000e-06	-3.632026e-06	-9.907865e-11	-2.325785e+01	-5.191303e+00
5.560000e-06	-3.638302e-06	-1.009751e-10	-2.329804e+01	-5.196631e+00
5.570000e-06	-3.643850e-06	-1.001604e-10	-2.333357e+01	-5.207005e+00
5.580000e-06	-3.648716e-06	-1.012402e-10	-2.336472e+01	-5.224325e+00
5.590000e-06	-3.652982e-06	-1.072630e-10	-2.339205e+01	-5.249685e+00
5.600000e-06	-3.656792e-06	-1.125272e-10	-2.341644e+01	-5.283265e+00
5.610000e-06	-3.660338e-06	-1.126419e-10	-2.343915e+01	-5.324313e+00
5.620000e-06	-3.663623e-06	-1.103769e-10	-2.346018e+01	-5.371240e+00
5.630000e-06	-3.666555e-06	-1.108543e-10	-2.347896e+01	-5.421779e+00
5.640000e-06	-3.669060e-06	-1.116639e-10	-2.349500e+01	-5.473210e+00
5.650000e-06	-3.671122e-06	-1.105441e-10	-2.350821e+01	-5.522605e+00
5.660000e-06	-3.672782e-06	-1.091455e-10	-2.351884e+01	-5.567077e+00
5.670000e-06	-3.674126e-06	-1.111347e-10	-2.352744e+01	-5.603995e+00
5.680000e-06	-3.675000e-06	-1.143101e-10	-2.353304e+01	-5.631175e+00
5.690000e-06	-3.675344e-06	-1.142816e-10	-2.353524e+01	-5.647007e+00
