# Temperatura_=_23.680789473684214
# Concentracion g/m^3_=_10000.0
# C_Vs_to_Am_M_A/Vsm_=_59384043850.047264
# pendiente_HvsI_1/m_=_3716.3
# ordenada_HvsI_A/m_=_1297.0
# frecuencia_Hz_=_301636.19877984066
# Promedio de 38 ciclos

Tiempo_(s)	Campo_(V.s)	Magnetizacion_(V.s)	Campo_(kA/m)	Magnetizacion_(A/m)
0.000000e+00	-8.104208e-09	-6.116710e-09	-5.683539e+01	-4.756705e+02
1.000000e-08	-8.100442e-09	-6.112582e-09	-5.680792e+01	-4.755600e+02
2.000000e-08	-8.094061e-09	-6.109740e-09	-5.676222e+01	-4.754110e+02
3.000000e-08	-8.085011e-09	-6.105763e-09	-5.669771e+01	-4.752234e+02
4.000000e-08	-8.073092e-09	-6.103255e-09	-5.661297e+01	-4.749896e+02
5.000000e-08	-8.058203e-09	-6.100754e-09	-5.650744e+01	-4.746960e+02
6.000000e-08	-8.040478e-09	-6.101572e-09	-5.638218e+01	-4.743267e+02
7.000000e-08	-8.020330e-09	-6.101450e-09	-5.623992e+01	-4.738684e+02
8.000000e-08	-7.997623e-09	-6.060046e-09	-5.607953e+01	-4.733156e+02
9.000000e-08	-7.971703e-09	-6.030804e-09	-5.589651e+01	-4.726725e+02
1.000000e-07	-7.942502e-09	-6.043014e-09	-5.569057e+01	-4.719528e+02
1.100000e-07	-7.910400e-09	-6.054781e-09	-5.546433e+01	-4.711758e+02
1.200000e-07	-7.875514e-09	-6.047437e-09	-5.521865e+01	-4.703610e+02
1.300000e-07	-7.838123e-09	-6.036439e-09	-5.495559e+01	-4.695225e+02
1.400000e-07	-7.798586e-09	-6.061112e-09	-5.467745e+01	-4.686646e+02
1.500000e-07	-7.756588e-09	-6.027260e-09	-5.438184e+01	-4.677817e+02
1.600000e-07	-7.711726e-09	-6.016475e-09	-5.406613e+01	-4.668597e+02
1.700000e-07	-7.664178e-09	-5.978330e-09	-5.373157e+01	-4.658804e+02
1.800000e-07	-7.613697e-09	-5.916427e-09	-5.337632e+01	-4.648262e+02
1.900000e-07	-7.560080e-09	-5.958343e-09	-5.299919e+01	-4.636839e+02
2.000000e-07	-7.503723e-09	-5.943661e-09	-5.260286e+01	-4.624460e+02
2.100000e-07	-7.444648e-09	-5.924233e-09	-5.218753e+01	-4.611107e+02
2.200000e-07	-7.382927e-09	-5.900132e-09	-5.175373e+01	-4.596793e+02
2.300000e-07	-7.318544e-09	-5.881136e-09	-5.130115e+01	-4.581542e+02
2.400000e-07	-7.251341e-09	-5.881379e-09	-5.082883e+01	-4.565367e+02
2.500000e-07	-7.181509e-09	-5.813965e-09	-5.033809e+01	-4.548268e+02
2.600000e-07	-7.109032e-09	-5.779434e-09	-4.982873e+01	-4.530238e+02
2.700000e-07	-7.033747e-09	-5.785942e-09	-4.929970e+01	-4.511273e+02
2.800000e-07	-6.955671e-09	-5.792587e-09	-4.875116e+01	-4.491384e+02
2.900000e-07	-6.874895e-09	-5.742893e-09	-4.818375e+01	-4.470593e+02
3.000000e-07	-6.791666e-09	-5.687180e-09	-4.759921e+01	-4.448926e+02
3.100000e-07	-6.706209e-09	-5.684265e-09	-4.699897e+01	-4.426393e+02
3.200000e-07	-6.618483e-09	-5.648126e-09	-4.638277e+01	-4.402979e+02
3.300000e-07	-6.528395e-09	-5.607945e-09	-4.575007e+01	-4.378639e+02
3.400000e-07	-6.435980e-09	-5.572949e-09	-4.510110e+01	-4.353303e+02
3.500000e-07	-6.341257e-09	-5.558485e-09	-4.443594e+01	-4.326900e+02
3.600000e-07	-6.244184e-09	-5.538646e-09	-4.375427e+01	-4.299369e+02
3.700000e-07	-6.144801e-09	-5.483692e-09	-4.305643e+01	-4.270677e+02
3.800000e-07	-6.043212e-09	-5.430195e-09	-4.234311e+01	-4.240811e+02
3.900000e-07	-5.939440e-09	-5.388843e-09	-4.161447e+01	-4.209774e+02
4.000000e-07	-5.833502e-09	-5.363646e-09	-4.087070e+01	-4.177559e+02
4.100000e-07	-5.725498e-09	-5.316306e-09	-4.011244e+01	-4.144140e+02
4.200000e-07	-5.615475e-09	-5.272350e-09	-3.934003e+01	-4.109466e+02
4.300000e-07	-5.503353e-09	-5.235334e-09	-3.855305e+01	-4.073467e+02
4.400000e-07	-5.389077e-09	-5.192361e-09	-3.775098e+01	-4.036078e+02
4.500000e-07	-5.272685e-09	-5.132043e-09	-3.693400e+01	-3.997255e+02
4.600000e-07	-5.154293e-09	-5.064838e-09	-3.610298e+01	-3.956982e+02
4.700000e-07	-5.034012e-09	-5.015723e-09	-3.525873e+01	-3.915266e+02
4.800000e-07	-4.911897e-09	-4.968032e-09	-3.440167e+01	-3.872113e+02
4.900000e-07	-4.788008e-09	-4.914363e-09	-3.353219e+01	-3.827497e+02
5.000000e-07	-4.662415e-09	-4.851016e-09	-3.265076e+01	-3.781337e+02
5.100000e-07	-4.535154e-09	-4.795181e-09	-3.175765e+01	-3.733492e+02
5.200000e-07	-4.406240e-09	-4.733159e-09	-3.085294e+01	-3.683780e+02
5.300000e-07	-4.275746e-09	-4.659551e-09	-2.993720e+01	-3.632008e+02
5.400000e-07	-4.143734e-09	-4.581864e-09	-2.901085e+01	-3.578022e+02
5.500000e-07	-4.010225e-09	-4.510267e-09	-2.807394e+01	-3.521730e+02
5.600000e-07	-3.875202e-09	-4.441495e-09	-2.712643e+01	-3.463108e+02
5.700000e-07	-3.738725e-09	-4.362766e-09	-2.616880e+01	-3.402180e+02
5.800000e-07	-3.600900e-09	-4.279907e-09	-2.520186e+01	-3.338968e+02
5.900000e-07	-3.461689e-09	-4.197574e-09	-2.422526e+01	-3.273443e+02
6.000000e-07	-3.320992e-09	-4.114324e-09	-2.323817e+01	-3.205490e+02
6.100000e-07	-3.178899e-09	-4.018449e-09	-2.224129e+01	-3.134901e+02
6.200000e-07	-3.035608e-09	-3.918924e-09	-2.123609e+01	-3.061396e+02
6.300000e-07	-2.891214e-09	-3.822013e-09	-2.022316e+01	-2.984672e+02
6.400000e-07	-2.745759e-09	-3.723603e-09	-1.920280e+01	-2.904451e+02
6.500000e-07	-2.599317e-09	-3.615307e-09	-1.817551e+01	-2.820513e+02
6.600000e-07	-2.451996e-09	-3.500290e-09	-1.714205e+01	-2.732691e+02
6.700000e-07	-2.303884e-09	-3.386022e-09	-1.610299e+01	-2.640846e+02
6.800000e-07	-2.155013e-09	-3.265863e-09	-1.505859e+01	-2.544810e+02
6.900000e-07	-2.005397e-09	-3.135198e-09	-1.400904e+01	-2.444343e+02
7.000000e-07	-1.855098e-09	-2.994629e-09	-1.295478e+01	-2.339106e+02
7.100000e-07	-1.704174e-09	-2.853170e-09	-1.189613e+01	-2.228670e+02
7.200000e-07	-1.552636e-09	-2.706403e-09	-1.083318e+01	-2.112550e+02
7.300000e-07	-1.400484e-09	-2.548015e-09	-9.766051e+00	-1.990248e+02
7.400000e-07	-1.247803e-09	-2.379925e-09	-8.695227e+00	-1.861291e+02
7.500000e-07	-1.094684e-09	-2.205759e-09	-7.621211e+00	-1.725225e+02
7.600000e-07	-9.411425e-10	-2.024570e-09	-6.544266e+00	-1.581585e+02
7.700000e-07	-7.872367e-10	-1.827789e-09	-5.464923e+00	-1.429850e+02
7.800000e-07	-6.330776e-10	-1.617596e-09	-4.383807e+00	-1.269410e+02
7.900000e-07	-4.787115e-10	-1.399629e-09	-3.301174e+00	-1.099589e+02
8.000000e-07	-3.241585e-10	-1.172346e-09	-2.217274e+00	-9.197406e+01
8.100000e-07	-1.694910e-10	-9.290282e-10	-1.132630e+00	-7.294252e+01
8.200000e-07	-1.475865e-11	-6.688019e-10	-4.755393e-02	-5.286234e+01
8.300000e-07	1.399871e-10	-3.969277e-10	1.037645e+00	-3.179466e+01
8.400000e-07	2.946555e-10	-1.155343e-10	2.122291e+00	-9.877247e+00
8.500000e-07	4.491988e-10	1.748731e-10	3.205990e+00	1.267415e+01
8.600000e-07	6.035954e-10	4.710015e-10	4.288597e+00	3.557907e+01
8.700000e-07	7.577793e-10	7.653410e-10	5.369718e+00	5.851843e+01
8.800000e-07	9.116773e-10	1.053409e-09	6.448873e+00	8.116841e+01
8.900000e-07	1.065254e-09	1.333546e-09	7.525673e+00	1.032347e+02
9.000000e-07	1.218449e-09	1.605409e-09	8.599678e+00	1.244797e+02
9.100000e-07	1.371179e-09	1.865888e-09	9.670501e+00	1.447377e+02
9.200000e-07	1.523393e-09	2.113182e-09	1.073785e+01	1.639160e+02
9.300000e-07	1.675045e-09	2.346023e-09	1.180121e+01	1.819838e+02
9.400000e-07	1.826077e-09	2.563136e-09	1.286012e+01	1.989543e+02
9.500000e-07	1.976454e-09	2.766587e-09	1.391446e+01	2.148656e+02
9.600000e-07	2.126124e-09	2.957255e-09	1.496386e+01	2.297651e+02
9.700000e-07	2.275029e-09	3.134870e-09	1.600788e+01	2.437007e+02
9.800000e-07	2.423136e-09	3.299203e-09	1.704626e+01	2.567191e+02
9.900000e-07	2.570396e-09	3.453657e-09	1.807863e+01	2.688681e+02
1.000000e-06	2.716755e-09	3.598560e-09	1.910462e+01	2.802003e+02
1.010000e-06	2.862152e-09	3.734878e-09	2.012376e+01	2.907749e+02
1.020000e-06	3.006504e-09	3.862199e-09	2.113552e+01	3.006563e+02
1.030000e-06	3.149738e-09	3.980001e-09	2.213944e+01	3.099092e+02
1.040000e-06	3.291781e-09	4.090556e-09	2.313498e+01	3.185937e+02
1.050000e-06	3.432555e-09	4.195539e-09	2.412156e+01	3.267599e+02
1.060000e-06	3.572000e-09	4.293786e-09	2.509878e+01	3.344471e+02
1.070000e-06	3.710078e-09	4.385032e-09	2.606647e+01	3.416853e+02
1.080000e-06	3.846743e-09	4.470435e-09	2.702436e+01	3.484998e+02
1.090000e-06	3.981987e-09	4.551522e-09	2.797228e+01	3.549159e+02
1.100000e-06	4.115802e-09	4.629323e-09	2.891013e+01	3.609634e+02
1.110000e-06	4.248131e-09	4.703481e-09	2.983761e+01	3.666768e+02
1.120000e-06	4.378947e-09	4.774171e-09	3.075446e+01	3.720934e+02
1.130000e-06	4.508221e-09	4.841826e-09	3.166046e+01	3.772496e+02
1.140000e-06	4.635898e-09	4.905538e-09	3.255526e+01	3.821764e+02
1.150000e-06	4.761960e-09	4.964541e-09	3.343876e+01	3.868967e+02
1.160000e-06	4.886370e-09	5.020695e-09	3.431067e+01	3.914249e+02
1.170000e-06	5.009053e-09	5.075147e-09	3.517036e+01	3.957691e+02
1.180000e-06	5.129935e-09	5.128613e-09	3.601734e+01	3.999344e+02
1.190000e-06	5.248926e-09	5.180119e-09	3.685105e+01	4.039258e+02
1.200000e-06	5.365924e-09	5.229605e-09	3.767083e+01	4.077510e+02
1.210000e-06	5.480857e-09	5.277610e-09	3.847609e+01	4.114203e+02
1.220000e-06	5.593676e-09	5.324630e-09	3.926650e+01	4.149448e+02
1.230000e-06	5.704435e-09	5.368492e-09	4.004255e+01	4.183349e+02
1.240000e-06	5.813233e-09	5.409506e-09	4.080485e+01	4.215982e+02
1.250000e-06	5.920013e-09	5.449244e-09	4.155294e+01	4.247388e+02
1.260000e-06	6.024648e-09	5.488837e-09	4.228596e+01	4.277584e+02
1.270000e-06	6.127095e-09	5.526880e-09	4.300364e+01	4.306579e+02
1.280000e-06	6.227346e-09	5.561934e-09	4.370589e+01	4.334389e+02
1.290000e-06	6.325333e-09	5.595765e-09	4.439222e+01	4.361049e+02
1.300000e-06	6.421027e-09	5.628923e-09	4.506253e+01	4.386611e+02
1.310000e-06	6.514497e-09	5.660959e-09	4.571738e+01	4.411132e+02
1.320000e-06	6.605725e-09	5.690575e-09	4.635653e+01	4.434662e+02
1.330000e-06	6.694596e-09	5.719078e-09	4.697910e+01	4.457228e+02
1.340000e-06	6.781125e-09	5.747627e-09	4.758529e+01	4.478835e+02
1.350000e-06	6.865351e-09	5.775500e-09	4.817528e+01	4.499475e+02
1.360000e-06	6.947154e-09	5.800638e-09	4.874818e+01	4.519140e+02
1.370000e-06	7.026438e-09	5.823169e-09	4.930337e+01	4.537838e+02
1.380000e-06	7.103132e-09	5.845445e-09	4.984041e+01	4.555597e+02
1.390000e-06	7.177102e-09	5.868295e-09	5.035840e+01	4.572467e+02
1.400000e-06	7.248425e-09	5.889070e-09	5.085787e+01	4.588502e+02
1.410000e-06	7.317236e-09	5.907615e-09	5.133971e+01	4.603754e+02
1.420000e-06	7.383411e-09	5.926056e-09	5.180301e+01	4.618255e+02
1.430000e-06	7.446916e-09	5.943451e-09	5.224769e+01	4.632021e+02
1.440000e-06	7.507894e-09	5.958743e-09	5.267464e+01	4.645057e+02
1.450000e-06	7.566268e-09	5.972143e-09	5.308321e+01	4.657370e+02
1.460000e-06	7.621899e-09	5.986384e-09	5.347245e+01	4.668980e+02
1.470000e-06	7.674584e-09	6.001289e-09	5.384084e+01	4.679922e+02
1.480000e-06	7.724087e-09	6.015087e-09	5.418689e+01	4.690243e+02
1.490000e-06	7.770642e-09	6.025786e-09	5.451238e+01	4.699982e+02
1.500000e-06	7.814489e-09	6.034979e-09	5.481887e+01	4.709163e+02
1.510000e-06	7.855524e-09	6.044624e-09	5.510561e+01	4.717781e+02
1.520000e-06	7.893788e-09	6.054446e-09	5.537300e+01	4.725808e+02
1.530000e-06	7.929360e-09	6.063219e-09	5.562145e+01	4.733203e+02
1.540000e-06	7.962108e-09	6.071312e-09	5.585004e+01	4.739931e+02
1.550000e-06	7.992094e-09	6.079216e-09	5.605936e+01	4.745978e+02
1.560000e-06	8.019337e-09	6.084644e-09	5.624937e+01	4.751357e+02
1.570000e-06	8.043642e-09	6.087955e-09	5.641879e+01	4.756097e+02
1.580000e-06	8.065145e-09	6.091133e-09	5.656864e+01	4.760232e+02
1.590000e-06	8.083929e-09	6.095750e-09	5.669930e+01	4.763782e+02
1.600000e-06	8.099773e-09	6.098999e-09	5.680929e+01	4.766737e+02
1.610000e-06	8.112535e-09	6.100481e-09	5.689767e+01	4.769069e+02
1.620000e-06	8.122147e-09	6.102086e-09	5.696398e+01	4.770741e+02
1.630000e-06	8.128787e-09	6.103666e-09	5.700959e+01	4.771734e+02
1.640000e-06	8.132643e-09	6.103293e-09	5.703561e+01	4.772066e+02
1.650000e-06	8.133630e-09	6.100335e-09	5.704150e+01	4.771796e+02
1.660000e-06	8.131864e-09	6.101924e-09	5.702821e+01	4.771015e+02
1.670000e-06	8.127458e-09	6.102285e-09	5.699633e+01	4.769807e+02
1.680000e-06	8.120299e-09	6.100290e-09	5.694517e+01	4.768221e+02
1.690000e-06	8.110424e-09	6.096289e-09	5.687499e+01	4.766238e+02
1.700000e-06	8.097716e-09	6.090338e-09	5.678489e+01	4.763762e+02
1.710000e-06	8.082232e-09	6.081679e-09	5.667542e+01	4.760650e+02
1.720000e-06	8.064344e-09	6.065666e-09	5.654915e+01	4.756741e+02
1.730000e-06	8.044019e-09	6.093646e-09	5.640561e+01	4.751922e+02
1.740000e-06	8.020606e-09	6.119123e-09	5.624015e+01	4.746157e+02
1.750000e-06	7.993425e-09	6.097397e-09	5.604816e+01	4.739516e+02
1.760000e-06	7.962596e-09	6.070271e-09	5.583081e+01	4.732154e+02
1.770000e-06	7.928957e-09	6.048760e-09	5.559406e+01	4.724271e+02
1.780000e-06	7.893040e-09	6.004321e-09	5.534131e+01	4.716052e+02
1.790000e-06	7.854890e-09	5.989828e-09	5.507298e+01	4.707615e+02
1.800000e-06	7.814676e-09	6.023501e-09	5.479015e+01	4.698981e+02
1.810000e-06	7.772032e-09	5.963260e-09	5.449008e+01	4.690067e+02
1.820000e-06	7.726655e-09	5.997314e-09	5.417083e+01	4.680719e+02
1.830000e-06	7.678541e-09	6.015596e-09	5.383226e+01	4.670752e+02
1.840000e-06	7.627196e-09	5.970364e-09	5.347104e+01	4.659997e+02
1.850000e-06	7.572815e-09	5.975031e-09	5.308869e+01	4.648337e+02
1.860000e-06	7.515699e-09	5.893824e-09	5.268719e+01	4.635713e+02
1.870000e-06	7.455932e-09	5.924939e-09	5.226718e+01	4.622115e+02
1.880000e-06	7.393624e-09	5.905036e-09	5.182927e+01	4.607563e+02
1.890000e-06	7.328511e-09	5.875283e-09	5.137168e+01	4.592077e+02
1.900000e-06	7.260692e-09	5.901689e-09	5.089506e+01	4.575669e+02
1.910000e-06	7.190028e-09	5.854405e-09	5.039844e+01	4.558336e+02
1.920000e-06	7.116570e-09	5.837384e-09	4.988237e+01	4.540069e+02
1.930000e-06	7.040457e-09	5.765225e-09	4.934762e+01	4.520869e+02
1.940000e-06	6.961573e-09	5.756665e-09	4.879349e+01	4.500750e+02
1.950000e-06	6.880229e-09	5.742343e-09	4.822215e+01	4.479736e+02
1.960000e-06	6.796456e-09	5.711751e-09	4.763372e+01	4.457850e+02
1.970000e-06	6.710191e-09	5.716134e-09	4.702783e+01	4.435097e+02
1.980000e-06	6.621491e-09	5.663618e-09	4.640488e+01	4.411454e+02
1.990000e-06	6.530481e-09	5.641604e-09	4.576582e+01	4.386869e+02
2.000000e-06	6.437219e-09	5.581760e-09	4.511093e+01	4.361271e+02
2.010000e-06	6.341605e-09	5.547816e-09	4.443957e+01	4.334589e+02
2.020000e-06	6.243775e-09	5.515438e-09	4.375267e+01	4.306767e+02
2.030000e-06	6.143715e-09	5.485702e-09	4.305012e+01	4.277779e+02
2.040000e-06	6.041409e-09	5.461605e-09	4.233187e+01	4.247618e+02
2.050000e-06	5.936894e-09	5.412493e-09	4.159817e+01	4.216285e+02
2.060000e-06	5.830331e-09	5.377359e-09	4.085008e+01	4.183771e+02
2.070000e-06	5.721760e-09	5.317862e-09	4.008784e+01	4.150041e+02
2.080000e-06	5.611076e-09	5.279413e-09	3.931076e+01	4.115040e+02
2.090000e-06	5.498268e-09	5.225514e-09	3.851877e+01	4.078697e+02
2.100000e-06	5.383291e-09	5.186086e-09	3.771169e+01	4.040950e+02
2.110000e-06	5.266228e-09	5.138499e-09	3.689003e+01	4.001762e+02
2.120000e-06	5.147103e-09	5.087104e-09	3.605393e+01	3.961125e+02
2.130000e-06	5.026090e-09	5.030691e-09	3.520463e+01	3.919048e+02
2.140000e-06	4.903307e-09	4.970369e-09	3.434299e+01	3.875531e+02
2.150000e-06	4.778764e-09	4.917663e-09	3.346902e+01	3.830537e+02
2.160000e-06	4.652489e-09	4.856726e-09	3.258287e+01	3.783968e+02
2.170000e-06	4.524531e-09	4.800461e-09	3.168494e+01	3.735672e+02
2.180000e-06	4.394998e-09	4.733838e-09	3.077593e+01	3.685460e+02
2.190000e-06	4.263924e-09	4.671790e-09	2.985615e+01	3.633145e+02
2.200000e-06	4.131336e-09	4.596842e-09	2.892574e+01	3.578586e+02
2.210000e-06	3.997275e-09	4.522229e-09	2.798496e+01	3.521708e+02
2.220000e-06	3.861754e-09	4.443158e-09	2.703394e+01	3.462505e+02
2.230000e-06	3.724758e-09	4.369897e-09	2.607268e+01	3.401002e+02
2.240000e-06	3.586393e-09	4.292100e-09	2.510190e+01	3.337215e+02
2.250000e-06	3.446687e-09	4.209383e-09	2.412176e+01	3.271095e+02
2.260000e-06	3.305679e-09	4.122930e-09	2.313250e+01	3.202504e+02
2.270000e-06	3.163420e-09	4.029383e-09	2.213447e+01	3.131211e+02
2.280000e-06	3.019982e-09	3.931984e-09	2.112821e+01	3.056927e+02
2.290000e-06	2.875445e-09	3.826633e-09	2.011418e+01	2.979351e+02
2.300000e-06	2.729887e-09	3.725179e-09	1.909298e+01	2.898217e+02
2.310000e-06	2.583398e-09	3.617730e-09	1.806534e+01	2.813319e+02
2.320000e-06	2.435999e-09	3.507598e-09	1.703141e+01	2.724503e+02
2.330000e-06	2.287743e-09	3.388595e-09	1.599141e+01	2.631625e+02
2.340000e-06	2.138666e-09	3.265749e-09	1.494570e+01	2.534505e+02
2.350000e-06	1.988865e-09	3.135653e-09	1.389494e+01	2.432878e+02
2.360000e-06	1.838398e-09	2.996063e-09	1.283949e+01	2.326383e+02
2.370000e-06	1.687308e-09	2.849690e-09	1.177966e+01	2.214570e+02
2.380000e-06	1.535625e-09	2.697836e-09	1.071566e+01	2.096948e+02
2.390000e-06	1.383371e-09	2.541071e-09	9.647686e+00	1.973024e+02
2.400000e-06	1.230595e-09	2.376226e-09	8.576039e+00	1.842329e+02
2.410000e-06	1.077360e-09	2.202668e-09	7.501180e+00	1.704412e+02
2.420000e-06	9.237440e-10	2.018701e-09	6.423693e+00	1.558798e+02
2.430000e-06	7.698210e-10	1.823069e-09	5.344105e+00	1.404945e+02
2.440000e-06	6.156516e-10	1.612477e-09	4.262870e+00	1.242222e+02
2.450000e-06	4.612822e-10	1.389670e-09	3.180243e+00	1.069947e+02
2.460000e-06	3.067512e-10	1.154363e-09	2.096508e+00	8.875088e+01
2.470000e-06	1.521167e-10	9.075612e-10	1.012062e+00	6.945497e+01
2.480000e-06	-2.562134e-12	6.471799e-10	-7.274070e-02	4.911910e+01
2.490000e-06	-1.572227e-10	3.773192e-10	-1.157382e+00	2.782270e+01
2.500000e-06	-3.117872e-10	9.794750e-11	-2.241290e+00	5.723465e+00
2.510000e-06	-4.662139e-10	-1.916335e-10	-3.324205e+00	-1.694488e+01
2.520000e-06	-6.204704e-10	-4.887444e-10	-4.405921e+00	-3.988936e+01
2.530000e-06	-7.745035e-10	-7.866859e-10	-5.486035e+00	-6.278637e+01
2.540000e-06	-9.282494e-10	-1.077200e-09	-6.564122e+00	-8.531643e+01
2.550000e-06	-1.081645e-09	-1.359264e-09	-7.639768e+00	-1.071972e+02
2.560000e-06	-1.234612e-09	-1.630610e-09	-8.712415e+00	-1.282083e+02
2.570000e-06	-1.387078e-09	-1.887405e-09	-9.781591e+00	-1.482027e+02
2.580000e-06	-1.539011e-09	-2.128178e-09	-1.084701e+01	-1.671044e+02
2.590000e-06	-1.690379e-09	-2.357811e-09	-1.190841e+01	-1.848956e+02
2.600000e-06	-1.841143e-09	-2.576269e-09	-1.296551e+01	-2.015974e+02
2.610000e-06	-1.991254e-09	-2.779474e-09	-1.401794e+01	-2.172514e+02
2.620000e-06	-2.140659e-09	-2.965915e-09	-1.506541e+01	-2.319057e+02
2.630000e-06	-2.289313e-09	-3.142146e-09	-1.610763e+01	-2.456079e+02
2.640000e-06	-2.437151e-09	-3.309818e-09	-1.714416e+01	-2.584046e+02
2.650000e-06	-2.584100e-09	-3.465317e-09	-1.817446e+01	-2.703445e+02
2.660000e-06	-2.730134e-09	-3.608180e-09	-1.919829e+01	-2.814817e+02
2.670000e-06	-2.875195e-09	-3.741676e-09	-2.021526e+01	-2.918771e+02
2.680000e-06	-3.019179e-09	-3.868629e-09	-2.122467e+01	-3.015956e+02
2.690000e-06	-3.162016e-09	-3.987245e-09	-2.222592e+01	-3.107014e+02
2.700000e-06	-3.303652e-09	-4.095566e-09	-2.321871e+01	-3.192522e+02
2.710000e-06	-3.444027e-09	-4.197377e-09	-2.420269e+01	-3.272957e+02
2.720000e-06	-3.583090e-09	-4.297091e-09	-2.517750e+01	-3.348684e+02
2.730000e-06	-3.720816e-09	-4.391577e-09	-2.614296e+01	-3.419986e+02
2.740000e-06	-3.857155e-09	-4.478836e-09	-2.709869e+01	-3.487112e+02
2.750000e-06	-3.992061e-09	-4.560380e-09	-2.804430e+01	-3.550324e+02
2.760000e-06	-4.125533e-09	-4.637939e-09	-2.897982e+01	-3.609933e+02
2.770000e-06	-4.257528e-09	-4.709992e-09	-2.990507e+01	-3.666291e+02
2.780000e-06	-4.388014e-09	-4.774559e-09	-3.081972e+01	-3.719776e+02
2.790000e-06	-4.516985e-09	-4.836952e-09	-3.172371e+01	-3.770741e+02
2.800000e-06	-4.644371e-09	-4.900493e-09	-3.261652e+01	-3.819477e+02
2.810000e-06	-4.770106e-09	-4.962295e-09	-3.349770e+01	-3.866191e+02
2.820000e-06	-4.894147e-09	-5.021396e-09	-3.436703e+01	-3.911010e+02
2.830000e-06	-5.016433e-09	-5.078449e-09	-3.522407e+01	-3.954003e+02
2.840000e-06	-5.136897e-09	-5.133311e-09	-3.606823e+01	-3.995218e+02
2.850000e-06	-5.255417e-09	-5.184154e-09	-3.689866e+01	-4.034711e+02
2.860000e-06	-5.371852e-09	-5.229893e-09	-3.771444e+01	-4.072565e+02
2.870000e-06	-5.486078e-09	-5.272866e-09	-3.851475e+01	-4.108887e+02
2.880000e-06	-5.598088e-09	-5.316404e-09	-3.929955e+01	-4.143790e+02
2.890000e-06	-5.707980e-09	-5.360148e-09	-4.006955e+01	-4.177371e+02
2.900000e-06	-5.815881e-09	-5.401526e-09	-4.082564e+01	-4.209696e+02
2.910000e-06	-5.921858e-09	-5.442128e-09	-4.156820e+01	-4.240802e+02
2.920000e-06	-6.025765e-09	-5.483643e-09	-4.229619e+01	-4.270700e+02
2.930000e-06	-6.127440e-09	-5.521509e-09	-4.300852e+01	-4.299398e+02
2.940000e-06	-6.226889e-09	-5.555312e-09	-4.370523e+01	-4.326919e+02
2.950000e-06	-6.324204e-09	-5.586589e-09	-4.438695e+01	-4.353301e+02
2.960000e-06	-6.419338e-09	-5.617578e-09	-4.505332e+01	-4.378600e+02
2.970000e-06	-6.512153e-09	-5.648540e-09	-4.570342e+01	-4.402872e+02
2.980000e-06	-6.602683e-09	-5.677938e-09	-4.633748e+01	-4.426162e+02
2.990000e-06	-6.690945e-09	-5.706170e-09	-4.695561e+01	-4.448491e+02
3.000000e-06	-6.776793e-09	-5.734334e-09	-4.755677e+01	-4.469859e+02
3.010000e-06	-6.860175e-09	-5.762290e-09	-4.814068e+01	-4.490258e+02
3.020000e-06	-6.941182e-09	-5.787334e-09	-4.870791e+01	-4.509683e+02
3.030000e-06	-7.019654e-09	-5.809264e-09	-4.925725e+01	-4.528144e+02
3.040000e-06	-7.095368e-09	-5.831087e-09	-4.978730e+01	-4.545679e+02
3.050000e-06	-7.168432e-09	-5.852352e-09	-5.029883e+01	-4.562337e+02
3.060000e-06	-7.238918e-09	-5.871666e-09	-5.079223e+01	-4.578175e+02
3.070000e-06	-7.306790e-09	-5.890008e-09	-5.126734e+01	-4.593239e+02
3.080000e-06	-7.372128e-09	-5.908006e-09	-5.172472e+01	-4.607558e+02
3.090000e-06	-7.434889e-09	-5.926846e-09	-5.216398e+01	-4.621143e+02
3.100000e-06	-7.494958e-09	-5.944701e-09	-5.258432e+01	-4.633999e+02
3.110000e-06	-7.552337e-09	-5.961604e-09	-5.298579e+01	-4.646137e+02
3.120000e-06	-7.606920e-09	-5.977406e-09	-5.336760e+01	-4.657578e+02
3.130000e-06	-7.658523e-09	-5.993481e-09	-5.372846e+01	-4.668363e+02
3.140000e-06	-7.707011e-09	-6.007957e-09	-5.406755e+01	-4.678537e+02
3.150000e-06	-7.752591e-09	-6.018140e-09	-5.438639e+01	-4.688138e+02
3.160000e-06	-7.795682e-09	-6.026995e-09	-5.468779e+01	-4.697182e+02
3.170000e-06	-7.836264e-09	-6.037134e-09	-5.497145e+01	-4.705659e+02
3.180000e-06	-7.874061e-09	-6.049083e-09	-5.523557e+01	-4.713534e+02
3.190000e-06	-7.909082e-09	-6.061359e-09	-5.548026e+01	-4.720767e+02
3.200000e-06	-7.941367e-09	-6.073256e-09	-5.570568e+01	-4.727328e+02
3.210000e-06	-7.970731e-09	-6.084139e-09	-5.591057e+01	-4.733208e+02
3.220000e-06	-7.997233e-09	-6.091953e-09	-5.609544e+01	-4.738426e+02
3.230000e-06	-8.020976e-09	-6.096786e-09	-5.626093e+01	-4.743015e+02
3.240000e-06	-8.041829e-09	-6.100558e-09	-5.640616e+01	-4.747005e+02
3.250000e-06	-8.059857e-09	-6.104663e-09	-5.653162e+01	-4.750410e+02
3.260000e-06	-8.074991e-09	-6.109455e-09	-5.663665e+01	-4.753216e+02
3.270000e-06	-8.086976e-09	-6.113070e-09	-5.671962e+01	-4.755388e+02
3.280000e-06	-8.095969e-09	-6.116402e-09	-5.678165e+01	-4.756893e+02
3.290000e-06	-8.102076e-09	-6.119468e-09	-5.682343e+01	-4.757720e+02
3.300000e-06	-8.105327e-09	-6.122760e-09	-5.684527e+01	-4.757897e+02
3.310000e-06	-8.105839e-09	-6.123433e-09	-5.684790e+01	-4.757493e+02
