# Temperatura_=_20.0
# Concentracion g/m^3_=_12000.0
# C_Vs_to_Am_M_A/Vsm_=_59384043850.047264
# pendiente_HvsI_1/m_=_3716.3
# ordenada_HvsI_A/m_=_1297.0
# frecuencia_Hz_=_175532.20541221052

Tiempo_(s)	Campo_(V.s)	Magnetizacion_(V.s)	Campo_(kA/m)	Magnetizacion_(A/m)
0.000000e+00	-7.142194e-06	-7.209879e-09	-4.585524e+01	-4.286511e+02
1.000000e-08	-7.141585e-06	-7.212642e-09	-4.585133e+01	-4.290561e+02
2.000000e-08	-7.140187e-06	-7.220279e-09	-4.584235e+01	-4.294176e+02
3.000000e-08	-7.137679e-06	-7.226936e-09	-4.582625e+01	-4.297404e+02
4.000000e-08	-7.134060e-06	-7.230766e-09	-4.580302e+01	-4.300301e+02
5.000000e-08	-7.129684e-06	-7.235411e-09	-4.577492e+01	-4.302927e+02
6.000000e-08	-7.124716e-06	-7.243801e-09	-4.574302e+01	-4.305341e+02
7.000000e-08	-7.118956e-06	-7.250578e-09	-4.570604e+01	-4.307596e+02
8.000000e-08	-7.112356e-06	-7.240231e-09	-4.566367e+01	-4.309729e+02
9.000000e-08	-7.104841e-06	-7.214272e-09	-4.561542e+01	-4.311763e+02
1.000000e-07	-7.096414e-06	-7.216129e-09	-4.556132e+01	-4.313701e+02
1.100000e-07	-7.087083e-06	-7.245793e-09	-4.550141e+01	-4.315522e+02
1.200000e-07	-7.076651e-06	-7.286345e-09	-4.543443e+01	-4.317188e+02
1.300000e-07	-7.065203e-06	-7.287328e-09	-4.536093e+01	-4.318641e+02
1.400000e-07	-7.052913e-06	-7.222773e-09	-4.528202e+01	-4.319809e+02
1.500000e-07	-7.039705e-06	-7.242572e-09	-4.519723e+01	-4.320615e+02
1.600000e-07	-7.025638e-06	-7.276282e-09	-4.510691e+01	-4.320977e+02
1.700000e-07	-7.010650e-06	-7.235522e-09	-4.501068e+01	-4.320819e+02
1.800000e-07	-6.994391e-06	-7.238957e-09	-4.490629e+01	-4.320075e+02
1.900000e-07	-6.977196e-06	-7.227761e-09	-4.479590e+01	-4.318692e+02
2.000000e-07	-6.959415e-06	-7.227009e-09	-4.468173e+01	-4.316633e+02
2.100000e-07	-6.940822e-06	-7.285319e-09	-4.456236e+01	-4.313880e+02
2.200000e-07	-6.921437e-06	-7.241477e-09	-4.443791e+01	-4.310432e+02
2.300000e-07	-6.901395e-06	-7.157664e-09	-4.430923e+01	-4.306302e+02
2.400000e-07	-6.880658e-06	-7.194491e-09	-4.417609e+01	-4.301517e+02
2.500000e-07	-6.859143e-06	-7.213954e-09	-4.403796e+01	-4.296112e+02
2.600000e-07	-6.836797e-06	-7.188776e-09	-4.389449e+01	-4.290130e+02
2.700000e-07	-6.813739e-06	-7.159943e-09	-4.374645e+01	-4.283616e+02
2.800000e-07	-6.789988e-06	-7.162086e-09	-4.359396e+01	-4.276616e+02
2.900000e-07	-6.765522e-06	-7.201781e-09	-4.343688e+01	-4.269178e+02
3.000000e-07	-6.740242e-06	-7.161614e-09	-4.327458e+01	-4.261346e+02
3.100000e-07	-6.713942e-06	-7.105914e-09	-4.310572e+01	-4.253165e+02
3.200000e-07	-6.686639e-06	-7.101185e-09	-4.293042e+01	-4.244679e+02
3.300000e-07	-6.658429e-06	-7.128194e-09	-4.274931e+01	-4.235928e+02
3.400000e-07	-6.629476e-06	-7.118747e-09	-4.256342e+01	-4.226952e+02
3.500000e-07	-6.599827e-06	-7.069918e-09	-4.237306e+01	-4.217789e+02
3.600000e-07	-6.569315e-06	-7.065725e-09	-4.217717e+01	-4.208470e+02
3.700000e-07	-6.537952e-06	-7.069589e-09	-4.197580e+01	-4.199021e+02
3.800000e-07	-6.505994e-06	-7.041669e-09	-4.177063e+01	-4.189457e+02
3.900000e-07	-6.473515e-06	-7.011437e-09	-4.156210e+01	-4.179783e+02
4.000000e-07	-6.440256e-06	-6.992250e-09	-4.134856e+01	-4.169992e+02
4.100000e-07	-6.405922e-06	-6.997782e-09	-4.112813e+01	-4.160059e+02
4.200000e-07	-6.370569e-06	-6.980169e-09	-4.090115e+01	-4.149949e+02
4.300000e-07	-6.334466e-06	-6.942397e-09	-4.066936e+01	-4.139616e+02
4.400000e-07	-6.297663e-06	-6.924268e-09	-4.043307e+01	-4.129002e+02
4.500000e-07	-6.260119e-06	-6.912350e-09	-4.019202e+01	-4.118049e+02
4.600000e-07	-6.221829e-06	-6.897018e-09	-3.994619e+01	-4.106699e+02
4.700000e-07	-6.182792e-06	-6.864320e-09	-3.969556e+01	-4.094902e+02
4.800000e-07	-6.143157e-06	-6.849692e-09	-3.944109e+01	-4.082619e+02
4.900000e-07	-6.102923e-06	-6.837637e-09	-3.918278e+01	-4.069828e+02
5.000000e-07	-6.061979e-06	-6.812034e-09	-3.891990e+01	-4.056525e+02
5.100000e-07	-6.020224e-06	-6.782170e-09	-3.865182e+01	-4.042723e+02
5.200000e-07	-5.977532e-06	-6.752168e-09	-3.837772e+01	-4.028453e+02
5.300000e-07	-5.933932e-06	-6.735531e-09	-3.809780e+01	-4.013759e+02
5.400000e-07	-5.889600e-06	-6.707290e-09	-3.781317e+01	-3.998691e+02
5.500000e-07	-5.844661e-06	-6.674156e-09	-3.752465e+01	-3.983302e+02
5.600000e-07	-5.799098e-06	-6.649425e-09	-3.723212e+01	-3.967638e+02
5.700000e-07	-5.752815e-06	-6.630633e-09	-3.693497e+01	-3.951735e+02
5.800000e-07	-5.705786e-06	-6.604602e-09	-3.663303e+01	-3.935612e+02
5.900000e-07	-5.658122e-06	-6.570741e-09	-3.632701e+01	-3.919272e+02
6.000000e-07	-5.609866e-06	-6.547714e-09	-3.601718e+01	-3.902697e+02
6.100000e-07	-5.560874e-06	-6.526332e-09	-3.570264e+01	-3.885857e+02
6.200000e-07	-5.510965e-06	-6.497426e-09	-3.538221e+01	-3.868706e+02
6.300000e-07	-5.460106e-06	-6.463077e-09	-3.505568e+01	-3.851194e+02
6.400000e-07	-5.408394e-06	-6.435862e-09	-3.472367e+01	-3.833272e+02
6.500000e-07	-5.355878e-06	-6.410613e-09	-3.438650e+01	-3.814895e+02
6.600000e-07	-5.302605e-06	-6.375424e-09	-3.404447e+01	-3.796032e+02
6.700000e-07	-5.248717e-06	-6.333451e-09	-3.369849e+01	-3.776668e+02
6.800000e-07	-5.194229e-06	-6.301236e-09	-3.334866e+01	-3.756806e+02
6.900000e-07	-5.139075e-06	-6.274026e-09	-3.299455e+01	-3.736464e+02
7.000000e-07	-5.083383e-06	-6.240689e-09	-3.263699e+01	-3.715675e+02
7.100000e-07	-5.027256e-06	-6.204569e-09	-3.227664e+01	-3.694485e+02
7.200000e-07	-4.970619e-06	-6.168516e-09	-3.191301e+01	-3.672939e+02
7.300000e-07	-4.913323e-06	-6.132719e-09	-3.154515e+01	-3.651084e+02
7.400000e-07	-4.855233e-06	-6.091480e-09	-3.117219e+01	-3.628956e+02
7.500000e-07	-4.796431e-06	-6.049842e-09	-3.079466e+01	-3.606580e+02
7.600000e-07	-4.737023e-06	-6.012772e-09	-3.041325e+01	-3.583965e+02
7.700000e-07	-4.677008e-06	-5.979051e-09	-3.002793e+01	-3.561104e+02
7.800000e-07	-4.616455e-06	-5.940950e-09	-2.963916e+01	-3.537976e+02
7.900000e-07	-4.555426e-06	-5.900214e-09	-2.924734e+01	-3.514547e+02
8.000000e-07	-4.493899e-06	-5.861489e-09	-2.885231e+01	-3.490780e+02
8.100000e-07	-4.431832e-06	-5.822211e-09	-2.845382e+01	-3.466633e+02
8.200000e-07	-4.369212e-06	-5.777150e-09	-2.805178e+01	-3.442072e+02
8.300000e-07	-4.306093e-06	-5.733819e-09	-2.764654e+01	-3.417070e+02
8.400000e-07	-4.242564e-06	-5.695161e-09	-2.723866e+01	-3.391612e+02
8.500000e-07	-4.178592e-06	-5.655129e-09	-2.682793e+01	-3.365697e+02
8.600000e-07	-4.114168e-06	-5.608941e-09	-2.641431e+01	-3.339337e+02
8.700000e-07	-4.049302e-06	-5.563103e-09	-2.599785e+01	-3.312551e+02
8.800000e-07	-3.983978e-06	-5.519824e-09	-2.557845e+01	-3.285366e+02
8.900000e-07	-3.918101e-06	-5.475777e-09	-2.515550e+01	-3.257809e+02
9.000000e-07	-3.851622e-06	-5.428098e-09	-2.472868e+01	-3.229902e+02
9.100000e-07	-3.784587e-06	-5.377820e-09	-2.429829e+01	-3.201660e+02
9.200000e-07	-3.717070e-06	-5.330657e-09	-2.386481e+01	-3.173084e+02
9.300000e-07	-3.649119e-06	-5.281850e-09	-2.342855e+01	-3.144164e+02
9.400000e-07	-3.580749e-06	-5.228803e-09	-2.298959e+01	-3.114875e+02
9.500000e-07	-3.512055e-06	-5.175001e-09	-2.254855e+01	-3.085185e+02
9.600000e-07	-3.443051e-06	-5.125576e-09	-2.210552e+01	-3.055054e+02
9.700000e-07	-3.373664e-06	-5.077510e-09	-2.166003e+01	-3.024439e+02
9.800000e-07	-3.303808e-06	-5.023908e-09	-2.121154e+01	-2.993303e+02
9.900000e-07	-3.233544e-06	-4.966625e-09	-2.076042e+01	-2.961614e+02
1.000000e-06	-3.162940e-06	-4.913945e-09	-2.030712e+01	-2.929355e+02
1.010000e-06	-3.091941e-06	-4.860723e-09	-1.985128e+01	-2.896519e+02
1.020000e-06	-3.020543e-06	-4.804314e-09	-1.939288e+01	-2.863113e+02
1.030000e-06	-2.948838e-06	-4.746214e-09	-1.893251e+01	-2.829156e+02
1.040000e-06	-2.876835e-06	-4.690802e-09	-1.847023e+01	-2.794674e+02
1.050000e-06	-2.804547e-06	-4.633172e-09	-1.800611e+01	-2.759699e+02
1.060000e-06	-2.731944e-06	-4.569232e-09	-1.753998e+01	-2.724261e+02
1.070000e-06	-2.659008e-06	-4.502053e-09	-1.707171e+01	-2.688387e+02
1.080000e-06	-2.585766e-06	-4.439485e-09	-1.660147e+01	-2.652094e+02
1.090000e-06	-2.512125e-06	-4.381682e-09	-1.612867e+01	-2.615389e+02
1.100000e-06	-2.438037e-06	-4.321190e-09	-1.565300e+01	-2.578271e+02
1.110000e-06	-2.363554e-06	-4.260196e-09	-1.517479e+01	-2.540727e+02
1.120000e-06	-2.288809e-06	-4.200617e-09	-1.469491e+01	-2.502738e+02
1.130000e-06	-2.213708e-06	-4.140153e-09	-1.421273e+01	-2.464282e+02
1.140000e-06	-2.138154e-06	-4.070513e-09	-1.372765e+01	-2.425336e+02
1.150000e-06	-2.062281e-06	-3.997790e-09	-1.324052e+01	-2.385882e+02
1.160000e-06	-1.986107e-06	-3.930129e-09	-1.275146e+01	-2.345908e+02
1.170000e-06	-1.909702e-06	-3.865386e-09	-1.226092e+01	-2.305408e+02
1.180000e-06	-1.833128e-06	-3.797139e-09	-1.176929e+01	-2.264387e+02
1.190000e-06	-1.756280e-06	-3.727582e-09	-1.127589e+01	-2.222853e+02
1.200000e-06	-1.679184e-06	-3.662604e-09	-1.078091e+01	-2.180819e+02
1.210000e-06	-1.601942e-06	-3.596034e-09	-1.028500e+01	-2.138298e+02
1.220000e-06	-1.524542e-06	-3.520389e-09	-9.788060e+00	-2.095300e+02
1.230000e-06	-1.446970e-06	-3.441226e-09	-9.290023e+00	-2.051828e+02
1.240000e-06	-1.369254e-06	-3.368828e-09	-8.791060e+00	-2.007876e+02
1.250000e-06	-1.291386e-06	-3.297489e-09	-8.291122e+00	-1.963430e+02
1.260000e-06	-1.213310e-06	-3.219908e-09	-7.789848e+00	-1.918465e+02
1.270000e-06	-1.135090e-06	-3.141137e-09	-7.287654e+00	-1.872952e+02
1.280000e-06	-1.056725e-06	-3.065365e-09	-6.784522e+00	-1.826856e+02
1.290000e-06	-9.781671e-07	-2.988514e-09	-6.280155e+00	-1.780147e+02
1.300000e-06	-8.994918e-07	-2.908525e-09	-5.775033e+00	-1.732797e+02
1.310000e-06	-8.207306e-07	-2.827478e-09	-5.269361e+00	-1.684790e+02
1.320000e-06	-7.418867e-07	-2.751820e-09	-4.763157e+00	-1.636118e+02
1.330000e-06	-6.629369e-07	-2.674393e-09	-4.256273e+00	-1.586790e+02
1.340000e-06	-5.839295e-07	-2.588969e-09	-3.749020e+00	-1.536823e+02
1.350000e-06	-5.048428e-07	-2.500406e-09	-3.241257e+00	-1.486244e+02
1.360000e-06	-4.256386e-07	-2.412854e-09	-2.732740e+00	-1.435085e+02
1.370000e-06	-3.463472e-07	-2.326096e-09	-2.223663e+00	-1.383376e+02
1.380000e-06	-2.669296e-07	-2.234216e-09	-1.713776e+00	-1.331143e+02
1.390000e-06	-1.874557e-07	-2.145679e-09	-1.203528e+00	-1.278402e+02
1.400000e-06	-1.079702e-07	-2.065477e-09	-6.932044e-01	-1.225155e+02
1.410000e-06	-2.850651e-08	-1.984221e-09	-1.830212e-01	-1.171387e+02
1.420000e-06	5.092497e-08	-1.893092e-09	3.269551e-01	-1.117073e+02
1.430000e-06	1.304023e-07	-1.794361e-09	8.372257e-01	-1.062174e+02
1.440000e-06	2.099013e-07	-1.699322e-09	1.347635e+00	-1.006646e+02
1.450000e-06	2.893479e-07	-1.603324e-09	1.857709e+00	-9.504471e+01
1.460000e-06	3.687472e-07	-1.504695e-09	2.367479e+00	-8.935423e+01
1.470000e-06	4.481369e-07	-1.409206e-09	2.877186e+00	-8.359117e+01
1.480000e-06	5.274544e-07	-1.317405e-09	3.386431e+00	-7.775566e+01
1.490000e-06	6.066172e-07	-1.225773e-09	3.894682e+00	-7.185028e+01
1.500000e-06	6.857230e-07	-1.127546e-09	4.402567e+00	-6.588024e+01
1.510000e-06	7.648186e-07	-1.024801e-09	4.910387e+00	-5.985328e+01
1.520000e-06	8.437355e-07	-9.213629e-10	5.417060e+00	-5.377926e+01
1.530000e-06	9.224749e-07	-8.172999e-10	5.922593e+00	-4.766960e+01
1.540000e-06	1.001206e-06	-7.083864e-10	6.428070e+00	-4.153649e+01
1.550000e-06	1.079784e-06	-5.979854e-10	6.932567e+00	-3.539214e+01
1.560000e-06	1.158084e-06	-4.956263e-10	7.435281e+00	-2.924791e+01
1.570000e-06	1.236230e-06	-3.961964e-10	7.937001e+00	-2.311370e+01
1.580000e-06	1.314197e-06	-2.932734e-10	8.437580e+00	-1.699744e+01
1.590000e-06	1.391950e-06	-1.883249e-10	8.936776e+00	-1.090480e+01
1.600000e-06	1.469548e-06	-8.812841e-11	9.434980e+00	-4.839233e+00
1.610000e-06	1.546969e-06	6.900121e-12	9.932050e+00	1.197871e+00
1.620000e-06	1.624189e-06	1.091071e-10	1.042783e+01	7.206724e+00
1.630000e-06	1.701247e-06	2.159295e-10	1.092257e+01	1.318863e+01
1.640000e-06	1.778058e-06	3.198625e-10	1.141572e+01	1.914541e+01
1.650000e-06	1.854648e-06	4.221700e-10	1.190745e+01	2.507882e+01
1.660000e-06	1.931053e-06	5.263626e-10	1.239800e+01	3.099014e+01
1.670000e-06	2.007178e-06	6.283904e-10	1.288674e+01	3.687985e+01
1.680000e-06	2.083018e-06	7.249214e-10	1.337366e+01	4.274750e+01
1.690000e-06	2.158540e-06	8.193143e-10	1.385854e+01	4.859180e+01
1.700000e-06	2.233626e-06	9.166454e-10	1.434061e+01	5.441080e+01
1.710000e-06	2.308319e-06	1.015855e-09	1.482017e+01	6.020220e+01
1.720000e-06	2.382585e-06	1.113604e-09	1.529698e+01	6.596376e+01
1.730000e-06	2.456462e-06	1.210163e-09	1.577130e+01	7.169357e+01
1.740000e-06	2.530063e-06	1.308413e-09	1.624384e+01	7.739039e+01
1.750000e-06	2.603373e-06	1.406800e-09	1.671451e+01	8.305377e+01
1.760000e-06	2.676369e-06	1.501729e-09	1.718317e+01	8.868408e+01
1.770000e-06	2.748981e-06	1.594392e-09	1.764936e+01	9.428235e+01
1.780000e-06	2.821294e-06	1.688653e-09	1.811364e+01	9.985008e+01
1.790000e-06	2.893349e-06	1.784448e-09	1.857625e+01	1.053889e+02
1.800000e-06	2.965045e-06	1.873706e-09	1.903656e+01	1.109001e+02
1.810000e-06	3.036355e-06	1.962152e-09	1.949440e+01	1.163845e+02
1.820000e-06	3.107341e-06	2.054439e-09	1.995015e+01	1.218422e+02
1.830000e-06	3.178064e-06	2.149747e-09	2.040422e+01	1.272721e+02
1.840000e-06	3.248444e-06	2.242181e-09	2.085608e+01	1.326725e+02
1.850000e-06	3.318406e-06	2.327974e-09	2.130526e+01	1.380406e+02
1.860000e-06	3.387961e-06	2.413750e-09	2.175183e+01	1.433733e+02
1.870000e-06	3.457093e-06	2.503090e-09	2.219568e+01	1.486672e+02
1.880000e-06	3.525885e-06	2.592457e-09	2.263734e+01	1.539189e+02
1.890000e-06	3.594372e-06	2.678497e-09	2.307705e+01	1.591259e+02
1.900000e-06	3.662471e-06	2.765195e-09	2.351427e+01	1.642859e+02
1.910000e-06	3.730131e-06	2.852555e-09	2.394867e+01	1.693979e+02
1.920000e-06	3.797320e-06	2.936698e-09	2.438004e+01	1.744616e+02
1.930000e-06	3.863890e-06	3.016159e-09	2.480744e+01	1.794774e+02
1.940000e-06	3.929778e-06	3.096280e-09	2.523047e+01	1.844466e+02
1.950000e-06	3.995113e-06	3.180490e-09	2.564994e+01	1.893705e+02
1.960000e-06	4.060009e-06	3.266236e-09	2.606659e+01	1.942505e+02
1.970000e-06	4.124549e-06	3.348837e-09	2.648096e+01	1.990874e+02
1.980000e-06	4.188622e-06	3.430989e-09	2.689233e+01	2.038820e+02
1.990000e-06	4.252140e-06	3.513999e-09	2.730014e+01	2.086339e+02
2.000000e-06	4.315196e-06	3.593869e-09	2.770498e+01	2.133424e+02
2.010000e-06	4.377826e-06	3.668725e-09	2.810709e+01	2.180060e+02
2.020000e-06	4.439971e-06	3.739981e-09	2.850608e+01	2.226231e+02
2.030000e-06	4.501543e-06	3.814058e-09	2.890139e+01	2.271920e+02
2.040000e-06	4.562611e-06	3.890523e-09	2.929346e+01	2.317111e+02
2.050000e-06	4.623326e-06	3.966538e-09	2.968328e+01	2.361793e+02
2.060000e-06	4.683665e-06	4.043188e-09	3.007067e+01	2.405963e+02
2.070000e-06	4.743443e-06	4.120228e-09	3.045446e+01	2.449623e+02
2.080000e-06	4.802474e-06	4.193979e-09	3.083347e+01	2.492785e+02
2.090000e-06	4.860670e-06	4.262729e-09	3.120710e+01	2.535462e+02
2.100000e-06	4.918096e-06	4.330682e-09	3.157580e+01	2.577673e+02
2.110000e-06	4.974857e-06	4.401010e-09	3.194022e+01	2.619435e+02
2.120000e-06	5.031059e-06	4.472155e-09	3.230106e+01	2.660762e+02
2.130000e-06	5.086790e-06	4.540938e-09	3.265887e+01	2.701661e+02
2.140000e-06	5.141987e-06	4.613686e-09	3.301325e+01	2.742130e+02
2.150000e-06	5.196622e-06	4.686879e-09	3.336402e+01	2.782160e+02
2.160000e-06	5.250689e-06	4.753934e-09	3.371115e+01	2.821733e+02
2.170000e-06	5.304147e-06	4.816764e-09	3.405437e+01	2.860824e+02
2.180000e-06	5.356942e-06	4.880077e-09	3.439333e+01	2.899406e+02
2.190000e-06	5.408980e-06	4.944980e-09	3.472743e+01	2.937452e+02
2.200000e-06	5.460161e-06	5.006724e-09	3.505603e+01	2.974939e+02
2.210000e-06	5.510409e-06	5.068527e-09	3.537864e+01	3.011850e+02
2.220000e-06	5.559801e-06	5.133225e-09	3.569575e+01	3.048180e+02
2.230000e-06	5.608412e-06	5.198676e-09	3.600785e+01	3.083933e+02
2.240000e-06	5.656354e-06	5.260750e-09	3.631565e+01	3.119123e+02
2.250000e-06	5.703712e-06	5.320171e-09	3.661971e+01	3.153774e+02
2.260000e-06	5.750433e-06	5.376335e-09	3.691968e+01	3.187913e+02
2.270000e-06	5.796454e-06	5.431234e-09	3.721514e+01	3.221569e+02
2.280000e-06	5.841783e-06	5.486434e-09	3.750617e+01	3.254767e+02
2.290000e-06	5.886521e-06	5.543765e-09	3.779340e+01	3.287527e+02
2.300000e-06	5.930785e-06	5.601864e-09	3.807760e+01	3.319857e+02
2.310000e-06	5.974532e-06	5.657600e-09	3.835847e+01	3.351752e+02
2.320000e-06	6.017375e-06	5.712698e-09	3.863353e+01	3.383197e+02
2.330000e-06	6.059086e-06	5.764003e-09	3.890133e+01	3.414165e+02
2.340000e-06	6.099966e-06	5.811170e-09	3.916379e+01	3.444620e+02
2.350000e-06	6.140170e-06	5.856822e-09	3.942192e+01	3.474524e+02
2.360000e-06	6.179677e-06	5.907411e-09	3.967556e+01	3.503838e+02
2.370000e-06	6.218484e-06	5.962476e-09	3.992471e+01	3.532528e+02
2.380000e-06	6.256579e-06	6.016069e-09	4.016930e+01	3.560570e+02
2.390000e-06	6.293918e-06	6.064326e-09	4.040902e+01	3.587951e+02
2.400000e-06	6.330579e-06	6.108543e-09	4.064440e+01	3.614671e+02
2.410000e-06	6.366720e-06	6.152545e-09	4.087644e+01	3.640745e+02
2.420000e-06	6.402157e-06	6.192826e-09	4.110395e+01	3.666197e+02
2.430000e-06	6.436610e-06	6.231488e-09	4.132515e+01	3.691061e+02
2.440000e-06	6.470046e-06	6.273344e-09	4.153983e+01	3.715375e+02
2.450000e-06	6.502627e-06	6.320266e-09	4.174901e+01	3.739176e+02
2.460000e-06	6.534505e-06	6.365352e-09	4.195368e+01	3.762498e+02
2.470000e-06	6.565732e-06	6.404263e-09	4.215416e+01	3.785368e+02
2.480000e-06	6.596249e-06	6.440026e-09	4.235009e+01	3.807804e+02
2.490000e-06	6.626048e-06	6.477370e-09	4.254141e+01	3.829811e+02
2.500000e-06	6.655132e-06	6.512964e-09	4.272814e+01	3.851386e+02
2.510000e-06	6.683615e-06	6.545197e-09	4.291101e+01	3.872516e+02
2.520000e-06	6.711528e-06	6.578572e-09	4.309022e+01	3.893183e+02
2.530000e-06	6.738506e-06	6.615551e-09	4.326343e+01	3.913365e+02
2.540000e-06	6.764361e-06	6.652884e-09	4.342943e+01	3.933041e+02
2.550000e-06	6.789188e-06	6.685323e-09	4.358882e+01	3.952190e+02
2.560000e-06	6.813191e-06	6.717233e-09	4.374293e+01	3.970799e+02
2.570000e-06	6.836478e-06	6.750017e-09	4.389244e+01	3.988858e+02
2.580000e-06	6.858965e-06	6.781520e-09	4.403681e+01	4.006365e+02
2.590000e-06	6.880637e-06	6.809574e-09	4.417596e+01	4.023321e+02
2.600000e-06	6.901608e-06	6.837632e-09	4.431060e+01	4.039733e+02
2.610000e-06	6.922009e-06	6.865708e-09	4.444158e+01	4.055610e+02
2.620000e-06	6.941720e-06	6.891569e-09	4.456813e+01	4.070962e+02
2.630000e-06	6.960467e-06	6.914877e-09	4.468849e+01	4.085798e+02
2.640000e-06	6.978329e-06	6.939568e-09	4.480317e+01	4.100126e+02
2.650000e-06	6.995477e-06	6.966324e-09	4.491327e+01	4.113952e+02
2.660000e-06	7.011698e-06	6.991171e-09	4.501741e+01	4.127280e+02
2.670000e-06	7.026897e-06	7.014221e-09	4.511499e+01	4.140114e+02
2.680000e-06	7.041207e-06	7.036594e-09	4.520687e+01	4.152459e+02
2.690000e-06	7.054666e-06	7.058570e-09	4.529328e+01	4.164320e+02
2.700000e-06	7.067280e-06	7.077735e-09	4.537427e+01	4.175704e+02
2.710000e-06	7.078931e-06	7.093196e-09	4.544907e+01	4.186619e+02
2.720000e-06	7.089498e-06	7.109097e-09	4.551691e+01	4.197075e+02
2.730000e-06	7.098848e-06	7.127351e-09	4.557694e+01	4.207085e+02
2.740000e-06	7.107274e-06	7.144159e-09	4.563104e+01	4.216656e+02
2.750000e-06	7.115031e-06	7.158573e-09	4.568084e+01	4.225796e+02
2.760000e-06	7.121973e-06	7.173422e-09	4.572541e+01	4.234508e+02
2.770000e-06	7.128126e-06	7.190088e-09	4.576492e+01	4.242789e+02
2.780000e-06	7.133444e-06	7.206467e-09	4.579906e+01	4.250631e+02
2.790000e-06	7.138047e-06	7.220457e-09	4.582861e+01	4.258021e+02
2.800000e-06	7.142007e-06	7.232339e-09	4.585404e+01	4.264943e+02
2.810000e-06	7.145086e-06	7.242755e-09	4.587381e+01	4.271381e+02
2.820000e-06	7.146996e-06	7.250517e-09	4.588607e+01	4.277321e+02
2.830000e-06	7.147848e-06	7.254523e-09	4.589154e+01	4.282754e+02
2.840000e-06	7.148013e-06	7.258569e-09	4.589260e+01	4.287683e+02
2.850000e-06	7.147444e-06	7.266349e-09	4.588894e+01	4.292120e+02
2.860000e-06	7.146057e-06	7.277867e-09	4.588004e+01	4.296091e+02
2.870000e-06	7.143916e-06	7.286843e-09	4.586629e+01	4.299635e+02
2.880000e-06	7.141039e-06	7.295486e-09	4.584782e+01	4.302802e+02
2.890000e-06	7.137551e-06	7.303993e-09	4.582543e+01	4.305649e+02
2.900000e-06	7.133396e-06	7.305755e-09	4.579875e+01	4.308237e+02
2.910000e-06	7.128316e-06	7.301155e-09	4.576613e+01	4.310624e+02
2.920000e-06	7.122130e-06	7.310066e-09	4.572642e+01	4.312859e+02
2.930000e-06	7.114943e-06	7.358815e-09	4.568028e+01	4.314978e+02
2.940000e-06	7.106840e-06	7.371055e-09	4.562825e+01	4.317000e+02
2.950000e-06	7.097675e-06	7.338494e-09	4.556941e+01	4.318924e+02
2.960000e-06	7.087381e-06	7.283548e-09	4.550332e+01	4.320726e+02
2.970000e-06	7.076442e-06	7.265062e-09	4.543309e+01	4.322362e+02
2.980000e-06	7.065139e-06	7.334612e-09	4.536052e+01	4.323773e+02
2.990000e-06	7.052890e-06	7.305764e-09	4.528188e+01	4.324886e+02
3.000000e-06	7.039418e-06	7.277814e-09	4.519538e+01	4.325620e+02
3.010000e-06	7.025014e-06	7.330209e-09	4.510291e+01	4.325896e+02
3.020000e-06	7.009765e-06	7.304847e-09	4.500500e+01	4.325639e+02
3.030000e-06	6.993515e-06	7.311831e-09	4.490067e+01	4.324784e+02
3.040000e-06	6.976522e-06	7.325284e-09	4.479157e+01	4.323283e+02
3.050000e-06	6.958924e-06	7.223480e-09	4.467859e+01	4.321100e+02
3.060000e-06	6.940473e-06	7.243120e-09	4.456012e+01	4.318223e+02
3.070000e-06	6.921240e-06	7.332728e-09	4.443664e+01	4.314651e+02
3.080000e-06	6.901351e-06	7.248458e-09	4.430894e+01	4.310402e+02
3.090000e-06	6.880777e-06	7.231263e-09	4.417685e+01	4.305503e+02
3.100000e-06	6.859234e-06	7.260816e-09	4.403854e+01	4.299993e+02
3.110000e-06	6.836510e-06	7.267845e-09	4.389265e+01	4.293913e+02
3.120000e-06	6.812938e-06	7.263318e-09	4.374130e+01	4.287310e+02
3.130000e-06	6.788720e-06	7.157835e-09	4.358582e+01	4.280231e+02
3.140000e-06	6.763694e-06	7.196446e-09	4.342514e+01	4.272721e+02
3.150000e-06	6.737715e-06	7.249108e-09	4.325835e+01	4.264826e+02
3.160000e-06	6.710897e-06	7.166303e-09	4.308617e+01	4.256591e+02
3.170000e-06	6.683490e-06	7.132615e-09	4.291021e+01	4.248057e+02
3.180000e-06	6.655351e-06	7.110061e-09	4.272955e+01	4.239267e+02
3.190000e-06	6.626100e-06	7.143298e-09	4.254174e+01	4.230259e+02
3.200000e-06	6.595801e-06	7.116567e-09	4.234721e+01	4.221071e+02
3.210000e-06	6.564730e-06	7.034190e-09	4.214773e+01	4.211731e+02
3.220000e-06	6.532890e-06	7.079985e-09	4.194330e+01	4.202265e+02
3.230000e-06	6.500250e-06	7.066715e-09	4.173374e+01	4.192687e+02
3.240000e-06	6.466921e-06	7.042989e-09	4.151976e+01	4.182998e+02
3.250000e-06	6.432978e-06	7.001146e-09	4.130184e+01	4.173188e+02
3.260000e-06	6.398337e-06	6.975673e-09	4.107943e+01	4.163231e+02
3.270000e-06	6.362984e-06	7.018235e-09	4.085245e+01	4.153089e+02
3.280000e-06	6.326951e-06	6.958947e-09	4.062111e+01	4.142713e+02
3.290000e-06	6.290051e-06	6.933683e-09	4.038420e+01	4.132046e+02
3.300000e-06	6.252063e-06	6.915320e-09	4.014030e+01	4.121029e+02
3.310000e-06	6.213155e-06	6.917787e-09	3.989050e+01	4.109605e+02
3.320000e-06	6.173648e-06	6.907270e-09	3.963685e+01	4.097725e+02
3.330000e-06	6.133480e-06	6.844297e-09	3.937896e+01	4.085354e+02
3.340000e-06	6.092577e-06	6.851490e-09	3.911635e+01	4.072472e+02
3.350000e-06	6.051002e-06	6.830541e-09	3.884942e+01	4.059079e+02
3.360000e-06	6.008720e-06	6.812284e-09	3.857796e+01	4.045193e+02
3.370000e-06	5.965836e-06	6.763662e-09	3.830263e+01	4.030845e+02
3.380000e-06	5.922500e-06	6.736555e-09	3.802440e+01	4.016083e+02
3.390000e-06	5.878561e-06	6.745420e-09	3.774230e+01	4.000957e+02
3.400000e-06	5.833835e-06	6.704482e-09	3.745514e+01	3.985519e+02
3.410000e-06	5.788420e-06	6.673021e-09	3.716356e+01	3.969814e+02
3.420000e-06	5.742354e-06	6.637386e-09	3.686780e+01	3.953875e+02
3.430000e-06	5.695576e-06	6.635407e-09	3.656747e+01	3.937717e+02
3.440000e-06	5.648014e-06	6.601215e-09	3.626211e+01	3.921340e+02
3.450000e-06	5.599712e-06	6.551251e-09	3.595200e+01	3.904725e+02
3.460000e-06	5.550712e-06	6.527405e-09	3.563740e+01	3.887836e+02
3.470000e-06	5.500947e-06	6.506623e-09	3.531789e+01	3.870627e+02
3.480000e-06	5.450447e-06	6.483275e-09	3.499367e+01	3.853048e+02
3.490000e-06	5.399328e-06	6.431995e-09	3.466547e+01	3.835049e+02
3.500000e-06	5.347626e-06	6.410884e-09	3.433352e+01	3.816589e+02
3.510000e-06	5.295029e-06	6.388823e-09	3.399583e+01	3.797638e+02
3.520000e-06	5.241381e-06	6.353575e-09	3.365139e+01	3.778186e+02
3.530000e-06	5.186920e-06	6.304975e-09	3.330174e+01	3.758238e+02
3.540000e-06	5.131851e-06	6.269257e-09	3.294817e+01	3.737815e+02
3.550000e-06	5.076180e-06	6.246806e-09	3.259075e+01	3.716953e+02
3.560000e-06	5.019936e-06	6.206362e-09	3.222964e+01	3.695698e+02
3.570000e-06	4.963182e-06	6.163072e-09	3.186526e+01	3.674097e+02
3.580000e-06	4.905914e-06	6.126115e-09	3.149758e+01	3.652194e+02
3.590000e-06	4.848031e-06	6.106357e-09	3.112595e+01	3.630024e+02
3.600000e-06	4.789518e-06	6.065344e-09	3.075028e+01	3.607609e+02
3.610000e-06	4.730506e-06	6.015129e-09	3.037141e+01	3.584955e+02
3.620000e-06	4.671089e-06	5.971706e-09	2.998993e+01	3.562051e+02
3.630000e-06	4.611166e-06	5.942191e-09	2.960521e+01	3.538875e+02
3.640000e-06	4.550473e-06	5.902732e-09	2.921554e+01	3.515392e+02
3.650000e-06	4.489012e-06	5.852432e-09	2.882093e+01	3.491562e+02
3.660000e-06	4.426947e-06	5.812359e-09	2.842246e+01	3.467346e+02
3.670000e-06	4.364354e-06	5.779708e-09	2.802059e+01	3.442710e+02
3.680000e-06	4.301261e-06	5.742042e-09	2.761551e+01	3.417629e+02
3.690000e-06	4.237672e-06	5.689225e-09	2.720725e+01	3.392091e+02
3.700000e-06	4.173553e-06	5.644176e-09	2.679558e+01	3.366097e+02
3.710000e-06	4.108999e-06	5.600552e-09	2.638113e+01	3.339661e+02
3.720000e-06	4.043999e-06	5.553839e-09	2.596381e+01	3.312804e+02
3.730000e-06	3.978481e-06	5.497745e-09	2.554316e+01	3.285553e+02
3.740000e-06	3.912545e-06	5.451653e-09	2.511983e+01	3.257935e+02
3.750000e-06	3.846189e-06	5.412365e-09	2.469380e+01	3.229971e+02
3.760000e-06	3.779417e-06	5.365714e-09	2.426510e+01	3.201672e+02
3.770000e-06	3.712300e-06	5.312472e-09	2.383419e+01	3.173038e+02
3.780000e-06	3.644811e-06	5.262399e-09	2.340088e+01	3.144057e+02
3.790000e-06	3.576905e-06	5.219375e-09	2.296491e+01	3.114702e+02
3.800000e-06	3.508547e-06	5.166409e-09	2.252603e+01	3.084938e+02
3.810000e-06	3.439694e-06	5.107795e-09	2.208397e+01	3.054725e+02
3.820000e-06	3.370313e-06	5.053652e-09	2.163852e+01	3.024021e+02
3.830000e-06	3.300400e-06	5.007668e-09	2.118966e+01	2.992789e+02
3.840000e-06	3.229961e-06	4.954805e-09	2.073741e+01	2.961001e+02
3.850000e-06	3.159116e-06	4.896606e-09	2.028256e+01	2.928639e+02
3.860000e-06	3.087919e-06	4.839884e-09	1.982546e+01	2.895701e+02
3.870000e-06	3.016299e-06	4.786235e-09	1.936563e+01	2.862196e+02
3.880000e-06	2.944348e-06	4.725856e-09	1.890369e+01	2.828144e+02
3.890000e-06	2.872110e-06	4.658840e-09	1.843989e+01	2.793573e+02
3.900000e-06	2.799609e-06	4.599890e-09	1.797441e+01	2.758515e+02
3.910000e-06	2.726776e-06	4.547664e-09	1.750680e+01	2.722999e+02
3.920000e-06	2.653612e-06	4.493559e-09	1.703706e+01	2.687051e+02
3.930000e-06	2.580233e-06	4.431432e-09	1.656595e+01	2.650686e+02
3.940000e-06	2.506606e-06	4.367597e-09	1.609324e+01	2.613910e+02
3.950000e-06	2.432645e-06	4.304105e-09	1.561839e+01	2.576719e+02
3.960000e-06	2.358326e-06	4.235739e-09	1.514123e+01	2.539099e+02
3.970000e-06	2.283736e-06	4.163656e-09	1.466234e+01	2.501030e+02
3.980000e-06	2.208885e-06	4.097253e-09	1.418177e+01	2.462490e+02
3.990000e-06	2.133730e-06	4.037712e-09	1.369925e+01	2.423456e+02
4.000000e-06	2.058265e-06	3.975932e-09	1.321474e+01	2.383911e+02
4.010000e-06	1.982554e-06	3.909837e-09	1.272865e+01	2.343844e+02
4.020000e-06	1.906637e-06	3.842225e-09	1.224124e+01	2.303252e+02
4.030000e-06	1.830397e-06	3.773012e-09	1.175175e+01	2.262139e+02
4.040000e-06	1.753861e-06	3.698835e-09	1.126036e+01	2.220516e+02
4.050000e-06	1.677056e-06	3.619944e-09	1.076725e+01	2.178396e+02
4.060000e-06	1.600016e-06	3.542742e-09	1.027263e+01	2.135791e+02
4.070000e-06	1.522784e-06	3.471572e-09	9.776777e+00	2.092710e+02
4.080000e-06	1.445285e-06	3.401680e-09	9.279203e+00	2.049155e+02
4.090000e-06	1.367600e-06	3.331230e-09	8.780445e+00	2.005117e+02
4.100000e-06	1.289801e-06	3.261435e-09	8.280950e+00	1.960582e+02
4.110000e-06	1.211793e-06	3.190381e-09	7.780111e+00	1.915522e+02
4.120000e-06	1.133486e-06	3.115454e-09	7.277352e+00	1.869908e+02
4.130000e-06	1.055030e-06	3.034172e-09	6.773640e+00	1.823706e+02
4.140000e-06	9.764985e-07	2.952005e-09	6.269442e+00	1.776884e+02
4.150000e-06	8.977921e-07	2.868966e-09	5.764121e+00	1.729418e+02
4.160000e-06	8.189470e-07	2.784559e-09	5.257910e+00	1.681292e+02
4.170000e-06	7.399619e-07	2.701439e-09	4.750799e+00	1.632502e+02
4.180000e-06	6.608904e-07	2.620645e-09	4.243134e+00	1.583058e+02
4.190000e-06	5.817233e-07	2.541362e-09	3.734855e+00	1.532980e+02
4.200000e-06	5.024126e-07	2.457985e-09	3.225654e+00	1.482296e+02
4.210000e-06	4.230770e-07	2.372301e-09	2.716294e+00	1.431037e+02
4.220000e-06	3.437362e-07	2.286172e-09	2.206899e+00	1.379234e+02
4.230000e-06	2.643435e-07	2.198315e-09	1.697172e+00	1.326911e+02
4.240000e-06	1.849039e-07	2.106121e-09	1.187144e+00	1.274081e+02
4.250000e-06	1.054206e-07	2.013189e-09	6.768351e-01	1.220744e+02
4.260000e-06	2.593222e-08	1.924694e-09	1.664934e-01	1.166882e+02
4.270000e-06	-5.352197e-08	1.835117e-09	-3.436286e-01	1.112467e+02
4.280000e-06	-1.330138e-07	1.742149e-09	-8.539927e-01	1.057459e+02
4.290000e-06	-2.124994e-07	1.649365e-09	-1.364316e+00	1.001814e+02
4.300000e-06	-2.918968e-07	1.558328e-09	-1.874074e+00	9.454911e+01
4.310000e-06	-3.712820e-07	1.464894e-09	-2.383753e+00	8.884570e+01
4.320000e-06	-4.506493e-07	1.364600e-09	-2.893317e+00	8.306956e+01
4.330000e-06	-5.300185e-07	1.260981e-09	-3.402893e+00	7.722125e+01
4.340000e-06	-6.093052e-07	1.161965e-09	-3.911940e+00	7.130385e+01
4.350000e-06	-6.884504e-07	1.063364e-09	-4.420078e+00	6.532307e+01
4.360000e-06	-7.675056e-07	9.607832e-10	-4.927639e+00	5.928706e+01
4.370000e-06	-8.463562e-07	8.579001e-10	-5.433885e+00	5.320603e+01
4.380000e-06	-9.249802e-07	7.584212e-10	-5.938677e+00	4.709162e+01
4.390000e-06	-1.003577e-06	6.596987e-10	-6.443297e+00	4.095607e+01
4.400000e-06	-1.082189e-06	5.574722e-10	-6.948013e+00	3.481149e+01
4.410000e-06	-1.160579e-06	4.533424e-10	-7.451298e+00	2.866903e+01
4.420000e-06	-1.238580e-06	3.510850e-10	-7.952094e+00	2.253823e+01
4.430000e-06	-1.316331e-06	2.492316e-10	-8.451278e+00	1.642662e+01
4.440000e-06	-1.393983e-06	1.454368e-10	-8.949831e+00	1.033944e+01
4.450000e-06	-1.471449e-06	4.309203e-11	-9.447185e+00	4.279740e+00
4.460000e-06	-1.548646e-06	-5.659661e-11	-9.942819e+00	-1.751426e+00
4.470000e-06	-1.625561e-06	-1.565874e-10	-1.043664e+01	-7.754522e+00
4.480000e-06	-1.702247e-06	-2.575314e-10	-1.092899e+01	-1.373099e+01
4.490000e-06	-1.778694e-06	-3.572202e-10	-1.141980e+01	-1.968268e+01
4.500000e-06	-1.854893e-06	-4.533395e-10	-1.190902e+01	-2.561129e+01
4.510000e-06	-1.930829e-06	-5.502230e-10	-1.239656e+01	-3.151797e+01
4.520000e-06	-2.006365e-06	-6.516998e-10	-1.288152e+01	-3.740302e+01
4.530000e-06	-2.081533e-06	-7.526652e-10	-1.336413e+01	-4.326583e+01
4.540000e-06	-2.156470e-06	-8.508985e-10	-1.384525e+01	-4.910496e+01
4.550000e-06	-2.231147e-06	-9.474651e-10	-1.432470e+01	-5.491838e+01
4.560000e-06	-2.305592e-06	-1.046544e-09	-1.480266e+01	-6.070377e+01
4.570000e-06	-2.379805e-06	-1.144630e-09	-1.527913e+01	-6.645892e+01
4.580000e-06	-2.453744e-06	-1.238761e-09	-1.575385e+01	-7.218204e+01
4.590000e-06	-2.527459e-06	-1.331204e-09	-1.622712e+01	-7.787202e+01
4.600000e-06	-2.600865e-06	-1.424920e-09	-1.669841e+01	-8.352856e+01
4.610000e-06	-2.673902e-06	-1.520476e-09	-1.716733e+01	-8.915218e+01
4.620000e-06	-2.746562e-06	-1.613194e-09	-1.763383e+01	-9.474402e+01
4.630000e-06	-2.818876e-06	-1.704959e-09	-1.809811e+01	-1.003056e+02
4.640000e-06	-2.890949e-06	-1.801719e-09	-1.856084e+01	-1.058386e+02
4.650000e-06	-2.962807e-06	-1.899532e-09	-1.902219e+01	-1.113441e+02
4.660000e-06	-3.034442e-06	-1.992414e-09	-1.948212e+01	-1.168230e+02
4.670000e-06	-3.105779e-06	-2.083508e-09	-1.994012e+01	-1.222750e+02
4.680000e-06	-3.176720e-06	-2.173926e-09	-2.039559e+01	-1.276990e+02
4.690000e-06	-3.247195e-06	-2.265148e-09	-2.084806e+01	-1.330929e+02
4.700000e-06	-3.317216e-06	-2.351793e-09	-2.129762e+01	-1.384541e+02
4.710000e-06	-3.386695e-06	-2.438683e-09	-2.174370e+01	-1.437792e+02
4.720000e-06	-3.455565e-06	-2.530642e-09	-2.218587e+01	-1.490648e+02
4.730000e-06	-3.523987e-06	-2.623674e-09	-2.262516e+01	-1.543078e+02
4.740000e-06	-3.592021e-06	-2.712623e-09	-2.306196e+01	-1.595054e+02
4.750000e-06	-3.659672e-06	-2.796659e-09	-2.349630e+01	-1.646559e+02
4.760000e-06	-3.726893e-06	-2.883188e-09	-2.392788e+01	-1.697583e+02
4.770000e-06	-3.793596e-06	-2.967236e-09	-2.435614e+01	-1.748124e+02
4.780000e-06	-3.859889e-06	-3.048976e-09	-2.478176e+01	-1.798188e+02
4.790000e-06	-3.925830e-06	-3.131242e-09	-2.520512e+01	-1.847788e+02
4.800000e-06	-3.991311e-06	-3.215982e-09	-2.562553e+01	-1.896938e+02
4.810000e-06	-4.056271e-06	-3.299404e-09	-2.604260e+01	-1.945650e+02
4.820000e-06	-4.120718e-06	-3.378086e-09	-2.645636e+01	-1.993934e+02
4.830000e-06	-4.184771e-06	-3.455992e-09	-2.686761e+01	-2.041794e+02
4.840000e-06	-4.248463e-06	-3.536030e-09	-2.727653e+01	-2.089227e+02
4.850000e-06	-4.311727e-06	-3.618315e-09	-2.768271e+01	-2.136223e+02
4.860000e-06	-4.374483e-06	-3.698976e-09	-2.808562e+01	-2.182768e+02
4.870000e-06	-4.436657e-06	-3.776678e-09	-2.848480e+01	-2.228844e+02
4.880000e-06	-4.498142e-06	-3.851358e-09	-2.887956e+01	-2.274435e+02
4.890000e-06	-4.558927e-06	-3.924870e-09	-2.926981e+01	-2.319525e+02
4.900000e-06	-4.619117e-06	-3.997927e-09	-2.965625e+01	-2.364105e+02
4.910000e-06	-4.678821e-06	-4.069605e-09	-3.003957e+01	-2.408173e+02
4.920000e-06	-4.738051e-06	-4.141348e-09	-3.041984e+01	-2.451733e+02
4.930000e-06	-4.796737e-06	-4.216569e-09	-3.079663e+01	-2.494797e+02
4.940000e-06	-4.854909e-06	-4.291856e-09	-3.117012e+01	-2.537380e+02
4.950000e-06	-4.912480e-06	-4.363592e-09	-3.153974e+01	-2.579499e+02
4.960000e-06	-4.969448e-06	-4.434202e-09	-3.190549e+01	-2.621173e+02
4.970000e-06	-5.025919e-06	-4.502997e-09	-3.226806e+01	-2.662414e+02
4.980000e-06	-5.081858e-06	-4.568783e-09	-3.262720e+01	-2.703226e+02
4.990000e-06	-5.137244e-06	-4.632920e-09	-3.298280e+01	-2.743608e+02
5.000000e-06	-5.191969e-06	-4.697585e-09	-3.333415e+01	-2.783548e+02
5.010000e-06	-5.245965e-06	-4.763839e-09	-3.368082e+01	-2.823027e+02
5.020000e-06	-5.299112e-06	-4.829576e-09	-3.402204e+01	-2.862019e+02
5.030000e-06	-5.351333e-06	-4.897162e-09	-3.435732e+01	-2.900497e+02
5.040000e-06	-5.402841e-06	-4.964427e-09	-3.468802e+01	-2.938434e+02
5.050000e-06	-5.453731e-06	-5.027088e-09	-3.501475e+01	-2.975808e+02
5.060000e-06	-5.503961e-06	-5.087616e-09	-3.533724e+01	-3.012604e+02
5.070000e-06	-5.553479e-06	-5.146517e-09	-3.565517e+01	-3.048819e+02
5.080000e-06	-5.602172e-06	-5.203941e-09	-3.596779e+01	-3.084460e+02
5.090000e-06	-5.649895e-06	-5.260473e-09	-3.627419e+01	-3.119541e+02
5.100000e-06	-5.696635e-06	-5.318454e-09	-3.657427e+01	-3.154088e+02
5.110000e-06	-5.742721e-06	-5.377801e-09	-3.687016e+01	-3.188128e+02
5.120000e-06	-5.788331e-06	-5.435848e-09	-3.716299e+01	-3.221691e+02
5.130000e-06	-5.833326e-06	-5.492958e-09	-3.745187e+01	-3.254800e+02
5.140000e-06	-5.877677e-06	-5.548517e-09	-3.773662e+01	-3.287473e+02
5.150000e-06	-5.921419e-06	-5.602946e-09	-3.801746e+01	-3.319716e+02
5.160000e-06	-5.964599e-06	-5.654522e-09	-3.829469e+01	-3.351523e+02
5.170000e-06	-6.007255e-06	-5.706966e-09	-3.856855e+01	-3.382875e+02
5.180000e-06	-6.049279e-06	-5.761937e-09	-3.883836e+01	-3.413744e+02
5.190000e-06	-6.090532e-06	-5.815428e-09	-3.910322e+01	-3.444093e+02
5.200000e-06	-6.131067e-06	-5.864910e-09	-3.936347e+01	-3.473883e+02
5.210000e-06	-6.171045e-06	-5.908803e-09	-3.962014e+01	-3.503076e+02
5.220000e-06	-6.210418e-06	-5.953508e-09	-3.987293e+01	-3.531640e+02
5.230000e-06	-6.249066e-06	-6.000996e-09	-4.012106e+01	-3.559553e+02
5.240000e-06	-6.286689e-06	-6.049583e-09	-4.036262e+01	-3.586804e+02
5.250000e-06	-6.323226e-06	-6.097741e-09	-4.059719e+01	-3.613396e+02
5.260000e-06	-6.359061e-06	-6.144601e-09	-4.082727e+01	-3.639345e+02
5.270000e-06	-6.394319e-06	-6.189306e-09	-4.105363e+01	-3.664679e+02
5.280000e-06	-6.428874e-06	-6.230708e-09	-4.127549e+01	-3.689431e+02
5.290000e-06	-6.462677e-06	-6.269102e-09	-4.149251e+01	-3.713639e+02
5.300000e-06	-6.495784e-06	-6.305766e-09	-4.170507e+01	-3.737342e+02
5.310000e-06	-6.528151e-06	-6.342976e-09	-4.191288e+01	-3.760572e+02
5.320000e-06	-6.559824e-06	-6.380844e-09	-4.211623e+01	-3.783354e+02
5.330000e-06	-6.590760e-06	-6.418355e-09	-4.231485e+01	-3.805703e+02
5.340000e-06	-6.620746e-06	-6.456883e-09	-4.250737e+01	-3.827624e+02
5.350000e-06	-6.649670e-06	-6.496175e-09	-4.269307e+01	-3.849111e+02
5.360000e-06	-6.677697e-06	-6.533524e-09	-4.287302e+01	-3.870150e+02
5.370000e-06	-6.705053e-06	-6.568034e-09	-4.304865e+01	-3.890722e+02
5.380000e-06	-6.731784e-06	-6.600451e-09	-4.322027e+01	-3.910805e+02
5.390000e-06	-6.757752e-06	-6.632604e-09	-4.338699e+01	-3.930378e+02
5.400000e-06	-6.782802e-06	-6.660587e-09	-4.354782e+01	-3.949421e+02
5.410000e-06	-6.807031e-06	-6.686724e-09	-4.370338e+01	-3.967921e+02
5.420000e-06	-6.830585e-06	-6.715446e-09	-4.385461e+01	-3.985871e+02
5.430000e-06	-6.853480e-06	-6.746216e-09	-4.400160e+01	-4.003268e+02
5.440000e-06	-6.875439e-06	-6.777397e-09	-4.414258e+01	-4.020116e+02
5.450000e-06	-6.896272e-06	-6.804004e-09	-4.427634e+01	-4.036421e+02
5.460000e-06	-6.916159e-06	-6.828162e-09	-4.440402e+01	-4.052193e+02
5.470000e-06	-6.935351e-06	-6.851903e-09	-4.452724e+01	-4.067442e+02
5.480000e-06	-6.953843e-06	-6.874777e-09	-4.464596e+01	-4.082176e+02
5.490000e-06	-6.971537e-06	-6.895772e-09	-4.475956e+01	-4.096404e+02
5.500000e-06	-6.988442e-06	-6.914539e-09	-4.486810e+01	-4.110130e+02
5.510000e-06	-7.004539e-06	-6.936337e-09	-4.497144e+01	-4.123360e+02
5.520000e-06	-7.019945e-06	-6.960049e-09	-4.507036e+01	-4.136096e+02
5.530000e-06	-7.034495e-06	-6.979287e-09	-4.516377e+01	-4.148344e+02
5.540000e-06	-7.047895e-06	-6.997163e-09	-4.524980e+01	-4.160109e+02
5.550000e-06	-7.060116e-06	-7.017437e-09	-4.532827e+01	-4.171398e+02
5.560000e-06	-7.071358e-06	-7.036887e-09	-4.540045e+01	-4.182220e+02
5.570000e-06	-7.081734e-06	-7.051649e-09	-4.546707e+01	-4.192587e+02
5.580000e-06	-7.091249e-06	-7.064676e-09	-4.552815e+01	-4.202507e+02
5.590000e-06	-7.100012e-06	-7.080949e-09	-4.558442e+01	-4.211991e+02
5.600000e-06	-7.108085e-06	-7.098160e-09	-4.563625e+01	-4.221045e+02
5.610000e-06	-7.115470e-06	-7.109921e-09	-4.568366e+01	-4.229671e+02
5.620000e-06	-7.121944e-06	-7.119436e-09	-4.572523e+01	-4.237865e+02
5.630000e-06	-7.127367e-06	-7.134253e-09	-4.576004e+01	-4.245617e+02
5.640000e-06	-7.131747e-06	-7.149866e-09	-4.578816e+01	-4.252915e+02
5.650000e-06	-7.135274e-06	-7.161477e-09	-4.581081e+01	-4.259742e+02
5.660000e-06	-7.138153e-06	-7.171811e-09	-4.582929e+01	-4.266081e+02
5.670000e-06	-7.140308e-06	-7.184694e-09	-4.584313e+01	-4.271921e+02
5.680000e-06	-7.141716e-06	-7.197865e-09	-4.585217e+01	-4.277253e+02
5.690000e-06	-7.142300e-06	-7.207021e-09	-4.585592e+01	-4.282082e+02
