# Temperatura_=_20.0
# Concentracion g/m^3_=_12000.0
# C_Vs_to_Am_M_A/Vsm_=_59384043850.047264
# pendiente_HvsI_1/m_=_3716.3
# ordenada_HvsI_A/m_=_1297.0
# frecuencia_Hz_=_175530.01791628843

Tiempo_(s)	Campo_(V.s)	Magnetizacion_(V.s)	Campo_(kA/m)	Magnetizacion_(A/m)
0.000000e+00	-7.164026e-06	-7.118426e-09	-4.585692e+01	-4.246530e+02
1.000000e-08	-7.163617e-06	-7.121946e-09	-4.585431e+01	-4.251172e+02
2.000000e-08	-7.162483e-06	-7.128451e-09	-4.584704e+01	-4.255537e+02
3.000000e-08	-7.160256e-06	-7.138824e-09	-4.583279e+01	-4.259603e+02
4.000000e-08	-7.156963e-06	-7.147845e-09	-4.581171e+01	-4.263328e+02
5.000000e-08	-7.152881e-06	-7.156295e-09	-4.578558e+01	-4.266660e+02
6.000000e-08	-7.148092e-06	-7.164931e-09	-4.575493e+01	-4.269543e+02
7.000000e-08	-7.142571e-06	-7.170557e-09	-4.571959e+01	-4.271924e+02
8.000000e-08	-7.136250e-06	-7.164839e-09	-4.567913e+01	-4.273762e+02
9.000000e-08	-7.129040e-06	-7.139158e-09	-4.563298e+01	-4.275036e+02
1.000000e-07	-7.120903e-06	-7.133569e-09	-4.558089e+01	-4.275744e+02
1.100000e-07	-7.111863e-06	-7.155057e-09	-4.552303e+01	-4.275909e+02
1.200000e-07	-7.101807e-06	-7.189578e-09	-4.545866e+01	-4.275571e+02
1.300000e-07	-7.090703e-06	-7.210199e-09	-4.538758e+01	-4.274789e+02
1.400000e-07	-7.078710e-06	-7.156894e-09	-4.531082e+01	-4.273626e+02
1.500000e-07	-7.065846e-06	-7.161815e-09	-4.522847e+01	-4.272149e+02
1.600000e-07	-7.052123e-06	-7.205029e-09	-4.514063e+01	-4.270413e+02
1.700000e-07	-7.037473e-06	-7.157035e-09	-4.504686e+01	-4.268459e+02
1.800000e-07	-7.021569e-06	-7.155387e-09	-4.494505e+01	-4.266309e+02
1.900000e-07	-7.004571e-06	-7.166319e-09	-4.483625e+01	-4.263961e+02
2.000000e-07	-6.986933e-06	-7.139658e-09	-4.472335e+01	-4.261392e+02
2.100000e-07	-6.968625e-06	-7.186630e-09	-4.460616e+01	-4.258562e+02
2.200000e-07	-6.949511e-06	-7.185937e-09	-4.448381e+01	-4.255419e+02
2.300000e-07	-6.929659e-06	-7.097739e-09	-4.435674e+01	-4.251903e+02
2.400000e-07	-6.909213e-06	-7.121794e-09	-4.422587e+01	-4.247961e+02
2.500000e-07	-6.888086e-06	-7.162246e-09	-4.409063e+01	-4.243546e+02
2.600000e-07	-6.866135e-06	-7.131435e-09	-4.395012e+01	-4.238630e+02
2.700000e-07	-6.843335e-06	-7.096760e-09	-4.380418e+01	-4.233199e+02
2.800000e-07	-6.819748e-06	-7.088270e-09	-4.365320e+01	-4.227263e+02
2.900000e-07	-6.795474e-06	-7.121447e-09	-4.349782e+01	-4.220844e+02
3.000000e-07	-6.770411e-06	-7.088868e-09	-4.333739e+01	-4.213982e+02
3.100000e-07	-6.744319e-06	-7.040246e-09	-4.317038e+01	-4.206721e+02
3.200000e-07	-6.717097e-06	-7.047775e-09	-4.299613e+01	-4.199107e+02
3.300000e-07	-6.688962e-06	-7.063566e-09	-4.281604e+01	-4.191183e+02
3.400000e-07	-6.660179e-06	-7.057528e-09	-4.263180e+01	-4.182982e+02
3.500000e-07	-6.630696e-06	-7.018664e-09	-4.244308e+01	-4.174525e+02
3.600000e-07	-6.600376e-06	-7.000350e-09	-4.224900e+01	-4.165817e+02
3.700000e-07	-6.569251e-06	-7.003960e-09	-4.204977e+01	-4.156856e+02
3.800000e-07	-6.537422e-06	-6.980073e-09	-4.184603e+01	-4.147625e+02
3.900000e-07	-6.505073e-06	-6.953159e-09	-4.163897e+01	-4.138105e+02
4.000000e-07	-6.472117e-06	-6.934417e-09	-4.142801e+01	-4.128275e+02
4.100000e-07	-6.438118e-06	-6.935544e-09	-4.121038e+01	-4.118118e+02
4.200000e-07	-6.402950e-06	-6.924032e-09	-4.098528e+01	-4.107622e+02
4.300000e-07	-6.366946e-06	-6.881884e-09	-4.075481e+01	-4.096785e+02
4.400000e-07	-6.330358e-06	-6.864081e-09	-4.052062e+01	-4.085614e+02
4.500000e-07	-6.293090e-06	-6.854009e-09	-4.028206e+01	-4.074122e+02
4.600000e-07	-6.255044e-06	-6.836031e-09	-4.003853e+01	-4.062327e+02
4.700000e-07	-6.216281e-06	-6.803240e-09	-3.979041e+01	-4.050246e+02
4.800000e-07	-6.176799e-06	-6.783312e-09	-3.953768e+01	-4.037894e+02
4.900000e-07	-6.136714e-06	-6.774669e-09	-3.928110e+01	-4.025280e+02
5.000000e-07	-6.096067e-06	-6.746014e-09	-3.902092e+01	-4.012401e+02
5.100000e-07	-6.054554e-06	-6.716111e-09	-3.875519e+01	-3.999247e+02
5.200000e-07	-6.011983e-06	-6.692020e-09	-3.848270e+01	-3.985796e+02
5.300000e-07	-5.968454e-06	-6.681957e-09	-3.820407e+01	-3.972023e+02
5.400000e-07	-5.924240e-06	-6.658323e-09	-3.792105e+01	-3.957896e+02
5.500000e-07	-5.879490e-06	-6.620019e-09	-3.763461e+01	-3.943389e+02
5.600000e-07	-5.834110e-06	-6.592984e-09	-3.734413e+01	-3.928476e+02
5.700000e-07	-5.787983e-06	-6.574960e-09	-3.704887e+01	-3.913146e+02
5.800000e-07	-5.741150e-06	-6.551180e-09	-3.674909e+01	-3.897393e+02
5.900000e-07	-5.693673e-06	-6.513437e-09	-3.644519e+01	-3.881226e+02
6.000000e-07	-5.645575e-06	-6.490789e-09	-3.613732e+01	-3.864663e+02
6.100000e-07	-5.596744e-06	-6.473791e-09	-3.582475e+01	-3.847728e+02
6.200000e-07	-5.546988e-06	-6.443643e-09	-3.550626e+01	-3.830449e+02
6.300000e-07	-5.496289e-06	-6.401138e-09	-3.518174e+01	-3.812851e+02
6.400000e-07	-5.444700e-06	-6.366380e-09	-3.485152e+01	-3.794954e+02
6.500000e-07	-5.392319e-06	-6.345045e-09	-3.451623e+01	-3.776766e+02
6.600000e-07	-5.339258e-06	-6.315643e-09	-3.417659e+01	-3.758285e+02
6.700000e-07	-5.285555e-06	-6.279139e-09	-3.383283e+01	-3.739495e+02
6.800000e-07	-5.231152e-06	-6.250485e-09	-3.348460e+01	-3.720373e+02
6.900000e-07	-5.176169e-06	-6.228260e-09	-3.313265e+01	-3.700887e+02
7.000000e-07	-5.120666e-06	-6.193106e-09	-3.277737e+01	-3.681003e+02
7.100000e-07	-5.064616e-06	-6.146628e-09	-3.241860e+01	-3.660694e+02
7.200000e-07	-5.008085e-06	-6.107001e-09	-3.205675e+01	-3.639938e+02
7.300000e-07	-4.950921e-06	-6.078187e-09	-3.169084e+01	-3.618727e+02
7.400000e-07	-4.892928e-06	-6.044503e-09	-3.131963e+01	-3.597069e+02
7.500000e-07	-4.834177e-06	-6.003072e-09	-3.094356e+01	-3.574984e+02
7.600000e-07	-4.774750e-06	-5.966656e-09	-3.056317e+01	-3.552506e+02
7.700000e-07	-4.714715e-06	-5.936329e-09	-3.017889e+01	-3.529677e+02
7.800000e-07	-4.654209e-06	-5.897876e-09	-2.979159e+01	-3.506543e+02
7.900000e-07	-4.593283e-06	-5.849909e-09	-2.940160e+01	-3.483142e+02
8.000000e-07	-4.531871e-06	-5.806570e-09	-2.900850e+01	-3.459507e+02
8.100000e-07	-4.469840e-06	-5.772155e-09	-2.861144e+01	-3.435653e+02
8.200000e-07	-4.407250e-06	-5.734273e-09	-2.821080e+01	-3.411578e+02
8.300000e-07	-4.344206e-06	-5.689865e-09	-2.780726e+01	-3.387262e+02
8.400000e-07	-4.280702e-06	-5.648764e-09	-2.740077e+01	-3.362668e+02
8.500000e-07	-4.216768e-06	-5.614842e-09	-2.699153e+01	-3.337748e+02
8.600000e-07	-4.152339e-06	-5.576947e-09	-2.657912e+01	-3.312445e+02
8.700000e-07	-4.087431e-06	-5.531832e-09	-2.616364e+01	-3.286704e+02
8.800000e-07	-4.022107e-06	-5.487978e-09	-2.574550e+01	-3.260477e+02
8.900000e-07	-3.956201e-06	-5.449289e-09	-2.532364e+01	-3.233728e+02
9.000000e-07	-3.889619e-06	-5.405886e-09	-2.489745e+01	-3.206439e+02
9.100000e-07	-3.822462e-06	-5.353585e-09	-2.446758e+01	-3.178609e+02
9.200000e-07	-3.754860e-06	-5.304045e-09	-2.403485e+01	-3.150258e+02
9.300000e-07	-3.686870e-06	-5.258373e-09	-2.359965e+01	-3.121416e+02
9.400000e-07	-3.618470e-06	-5.209488e-09	-2.316182e+01	-3.092125e+02
9.500000e-07	-3.549731e-06	-5.156482e-09	-2.272182e+01	-3.062428e+02
9.600000e-07	-3.480718e-06	-5.107596e-09	-2.228007e+01	-3.032361e+02
9.700000e-07	-3.411324e-06	-5.064460e-09	-2.183588e+01	-3.001951e+02
9.800000e-07	-3.341495e-06	-5.017229e-09	-2.138890e+01	-2.971209e+02
9.900000e-07	-3.271252e-06	-4.960965e-09	-2.093928e+01	-2.940128e+02
1.000000e-06	-3.200626e-06	-4.905411e-09	-2.048720e+01	-2.908682e+02
1.010000e-06	-3.129606e-06	-4.853056e-09	-2.003260e+01	-2.876832e+02
1.020000e-06	-3.058128e-06	-4.799163e-09	-1.957508e+01	-2.844529e+02
1.030000e-06	-2.986281e-06	-4.740728e-09	-1.911518e+01	-2.811722e+02
1.040000e-06	-2.914172e-06	-4.684910e-09	-1.865361e+01	-2.778363e+02
1.050000e-06	-2.841825e-06	-4.633015e-09	-1.819052e+01	-2.744415e+02
1.060000e-06	-2.769156e-06	-4.577668e-09	-1.772537e+01	-2.709858e+02
1.070000e-06	-2.696082e-06	-4.516354e-09	-1.725762e+01	-2.674689e+02
1.080000e-06	-2.622705e-06	-4.453668e-09	-1.678793e+01	-2.638924e+02
1.090000e-06	-2.549001e-06	-4.394579e-09	-1.631615e+01	-2.602594e+02
1.100000e-06	-2.474749e-06	-4.333184e-09	-1.584086e+01	-2.565744e+02
1.110000e-06	-2.399965e-06	-4.267524e-09	-1.536217e+01	-2.528420e+02
1.120000e-06	-2.324855e-06	-4.202750e-09	-1.488139e+01	-2.490667e+02
1.130000e-06	-2.249482e-06	-4.142510e-09	-1.439893e+01	-2.452520e+02
1.140000e-06	-2.173850e-06	-4.079897e-09	-1.391481e+01	-2.414002e+02
1.150000e-06	-2.097915e-06	-4.013602e-09	-1.342875e+01	-2.375115e+02
1.160000e-06	-2.021688e-06	-3.948300e-09	-1.294082e+01	-2.335843e+02
1.170000e-06	-1.945183e-06	-3.884601e-09	-1.245111e+01	-2.296156e+02
1.180000e-06	-1.868404e-06	-3.818657e-09	-1.195965e+01	-2.256008e+02
1.190000e-06	-1.791434e-06	-3.748867e-09	-1.146697e+01	-2.215352e+02
1.200000e-06	-1.714244e-06	-3.678595e-09	-1.097287e+01	-2.174139e+02
1.210000e-06	-1.636867e-06	-3.610326e-09	-1.047758e+01	-2.132327e+02
1.220000e-06	-1.559329e-06	-3.539580e-09	-9.981266e+00	-2.089891e+02
1.230000e-06	-1.481575e-06	-3.464068e-09	-9.483558e+00	-2.046821e+02
1.240000e-06	-1.403658e-06	-3.390308e-09	-8.984815e+00	-2.003124e+02
1.250000e-06	-1.325606e-06	-3.318711e-09	-8.485203e+00	-1.958825e+02
1.260000e-06	-1.247371e-06	-3.244764e-09	-7.984422e+00	-1.913961e+02
1.270000e-06	-1.168975e-06	-3.167322e-09	-7.482609e+00	-1.868575e+02
1.280000e-06	-1.090443e-06	-3.090629e-09	-6.979926e+00	-1.822708e+02
1.290000e-06	-1.011720e-06	-3.015147e-09	-6.476019e+00	-1.776395e+02
1.300000e-06	-9.327824e-07	-2.936332e-09	-5.970739e+00	-1.729656e+02
1.310000e-06	-8.537283e-07	-2.853996e-09	-5.464714e+00	-1.682494e+02
1.320000e-06	-7.746096e-07	-2.774040e-09	-4.958275e+00	-1.634893e+02
1.330000e-06	-6.953334e-07	-2.695916e-09	-4.450828e+00	-1.586821e+02
1.340000e-06	-6.159519e-07	-2.612561e-09	-3.942707e+00	-1.538229e+02
1.350000e-06	-5.364723e-07	-2.527520e-09	-3.433958e+00	-1.489064e+02
1.360000e-06	-4.568731e-07	-2.446894e-09	-2.924444e+00	-1.439269e+02
1.370000e-06	-3.772386e-07	-2.366387e-09	-2.414704e+00	-1.388794e+02
1.380000e-06	-2.975990e-07	-2.279472e-09	-1.904931e+00	-1.337601e+02
1.390000e-06	-2.179769e-07	-2.188294e-09	-1.395270e+00	-1.285670e+02
1.400000e-06	-1.382693e-07	-2.101843e-09	-8.850618e-01	-1.232996e+02
1.410000e-06	-5.857541e-08	-2.015764e-09	-3.749412e-01	-1.179596e+02
1.420000e-06	2.116566e-08	-1.922729e-09	1.354814e-01	-1.125500e+02
1.430000e-06	1.009591e-07	-1.826858e-09	6.462388e-01	-1.070749e+02
1.440000e-06	1.807310e-07	-1.735756e-09	1.156859e+00	-1.015388e+02
1.450000e-06	2.605330e-07	-1.646204e-09	1.667671e+00	-9.594629e+01
1.460000e-06	3.402754e-07	-1.552166e-09	2.178102e+00	-9.030102e+01
1.470000e-06	4.199683e-07	-1.456047e-09	2.688216e+00	-8.460584e+01
1.480000e-06	4.995108e-07	-1.360325e-09	3.197368e+00	-7.886250e+01
1.490000e-06	5.789817e-07	-1.263210e-09	3.706061e+00	-7.307185e+01
1.500000e-06	6.584047e-07	-1.161934e-09	4.214448e+00	-6.723419e+01
1.510000e-06	7.376812e-07	-1.060552e-09	4.721896e+00	-6.134989e+01
1.520000e-06	8.168351e-07	-9.622717e-10	5.228561e+00	-5.542000e+01
1.530000e-06	8.958572e-07	-8.646189e-10	5.734381e+00	-4.944688e+01
1.540000e-06	9.747078e-07	-7.625178e-10	6.239103e+00	-4.343475e+01
1.550000e-06	1.053410e-06	-6.582449e-10	6.742875e+00	-3.738990e+01
1.560000e-06	1.131963e-06	-5.562557e-10	7.245694e+00	-3.132078e+01
1.570000e-06	1.210359e-06	-4.560534e-10	7.747505e+00	-2.523764e+01
1.580000e-06	1.288601e-06	-3.511957e-10	8.248334e+00	-1.915198e+01
1.590000e-06	1.366667e-06	-2.450262e-10	8.748033e+00	-1.307571e+01
1.600000e-06	1.444610e-06	-1.433737e-10	9.246950e+00	-7.020238e+00
1.610000e-06	1.522368e-06	-4.670460e-11	9.744673e+00	-9.955310e-01
1.620000e-06	1.599873e-06	5.151189e-11	1.024079e+01	4.990727e+00
1.630000e-06	1.677145e-06	1.540989e-10	1.073540e+01	1.093372e+01
1.640000e-06	1.754218e-06	2.532557e-10	1.122875e+01	1.683178e+01
1.650000e-06	1.831091e-06	3.506822e-10	1.172081e+01	2.268632e+01
1.660000e-06	1.907726e-06	4.504923e-10	1.221135e+01	2.850139e+01
1.670000e-06	1.984141e-06	5.526481e-10	1.270048e+01	3.428297e+01
1.680000e-06	2.060298e-06	6.510289e-10	1.318796e+01	4.003799e+01
1.690000e-06	2.136170e-06	7.453008e-10	1.367362e+01	4.577336e+01
1.700000e-06	2.211713e-06	8.401011e-10	1.415717e+01	5.149494e+01
1.710000e-06	2.286942e-06	9.358433e-10	1.463871e+01	5.720673e+01
1.720000e-06	2.361862e-06	1.032296e-09	1.511827e+01	6.291035e+01
1.730000e-06	2.436341e-06	1.126562e-09	1.559502e+01	6.860483e+01
1.740000e-06	2.510472e-06	1.222451e-09	1.606953e+01	7.428676e+01
1.750000e-06	2.584243e-06	1.321146e-09	1.654174e+01	7.995076e+01
1.760000e-06	2.657572e-06	1.418478e-09	1.701111e+01	8.559023e+01
1.770000e-06	2.730510e-06	1.512869e-09	1.747799e+01	9.119820e+01
1.780000e-06	2.803100e-06	1.605275e-09	1.794264e+01	9.676826e+01
1.790000e-06	2.875370e-06	1.698853e-09	1.840524e+01	1.022953e+02
1.800000e-06	2.947340e-06	1.791578e-09	1.886592e+01	1.077761e+02
1.810000e-06	3.019052e-06	1.883477e-09	1.932495e+01	1.132095e+02
1.820000e-06	3.090445e-06	1.976201e-09	1.978193e+01	1.185966e+02
1.830000e-06	3.161451e-06	2.069748e-09	2.023644e+01	1.239401e+02
1.840000e-06	3.232072e-06	2.162736e-09	2.068849e+01	1.292440e+02
1.850000e-06	3.302373e-06	2.250814e-09	2.113848e+01	1.345124e+02
1.860000e-06	3.372310e-06	2.334293e-09	2.158615e+01	1.397491e+02
1.870000e-06	3.441838e-06	2.418409e-09	2.203120e+01	1.449568e+02
1.880000e-06	3.510954e-06	2.504559e-09	2.247361e+01	1.501365e+02
1.890000e-06	3.579638e-06	2.591679e-09	2.291326e+01	1.552870e+02
1.900000e-06	3.647953e-06	2.680607e-09	2.335054e+01	1.604057e+02
1.910000e-06	3.715904e-06	2.769495e-09	2.378550e+01	1.654881e+02
1.920000e-06	3.783462e-06	2.856317e-09	2.421794e+01	1.705288e+02
1.930000e-06	3.850507e-06	2.939843e-09	2.464709e+01	1.755225e+02
1.940000e-06	3.916959e-06	3.020412e-09	2.507245e+01	1.804641e+02
1.950000e-06	3.982767e-06	3.102026e-09	2.549368e+01	1.853502e+02
1.960000e-06	4.047974e-06	3.184857e-09	2.591107e+01	1.901791e+02
1.970000e-06	4.112735e-06	3.265340e-09	2.632561e+01	1.949513e+02
1.980000e-06	4.177048e-06	3.344823e-09	2.673728e+01	1.996694e+02
1.990000e-06	4.240886e-06	3.425278e-09	2.714591e+01	2.043376e+02
2.000000e-06	4.304287e-06	3.505766e-09	2.755174e+01	2.089615e+02
2.010000e-06	4.367220e-06	3.583066e-09	2.795457e+01	2.135470e+02
2.020000e-06	4.429633e-06	3.658902e-09	2.835408e+01	2.180992e+02
2.030000e-06	4.491558e-06	3.734004e-09	2.875046e+01	2.226224e+02
2.040000e-06	4.552986e-06	3.808932e-09	2.914366e+01	2.271185e+02
2.050000e-06	4.613907e-06	3.883281e-09	2.953361e+01	2.315875e+02
2.060000e-06	4.674395e-06	3.956577e-09	2.992080e+01	2.360270e+02
2.070000e-06	4.734432e-06	4.031007e-09	3.030509e+01	2.404324e+02
2.080000e-06	4.793886e-06	4.104908e-09	3.068566e+01	2.447977e+02
2.090000e-06	4.852707e-06	4.178690e-09	3.106217e+01	2.491163e+02
2.100000e-06	4.910778e-06	4.252093e-09	3.143389e+01	2.533816e+02
2.110000e-06	4.967998e-06	4.325003e-09	3.180015e+01	2.575880e+02
2.120000e-06	5.024570e-06	4.396777e-09	3.216227e+01	2.617315e+02
2.130000e-06	5.080662e-06	4.466485e-09	3.252131e+01	2.658104e+02
2.140000e-06	5.136262e-06	4.534961e-09	3.287721e+01	2.698250e+02
2.150000e-06	5.191253e-06	4.603712e-09	3.322920e+01	2.737781e+02
2.160000e-06	5.245612e-06	4.669742e-09	3.357716e+01	2.776739e+02
2.170000e-06	5.299465e-06	4.734074e-09	3.392187e+01	2.815178e+02
2.180000e-06	5.352671e-06	4.798406e-09	3.426244e+01	2.853153e+02
2.190000e-06	5.405153e-06	4.862508e-09	3.459837e+01	2.890715e+02
2.200000e-06	5.456880e-06	4.923812e-09	3.492948e+01	2.927900e+02
2.210000e-06	5.507699e-06	4.982517e-09	3.525477e+01	2.964727e+02
2.220000e-06	5.557573e-06	5.044428e-09	3.557402e+01	3.001198e+02
2.230000e-06	5.606582e-06	5.108934e-09	3.588772e+01	3.037291e+02
2.240000e-06	5.654925e-06	5.171797e-09	3.619717e+01	3.072970e+02
2.250000e-06	5.702694e-06	5.232773e-09	3.650294e+01	3.108190e+02
2.260000e-06	5.749814e-06	5.293053e-09	3.680455e+01	3.142902e+02
2.270000e-06	5.796244e-06	5.349884e-09	3.710175e+01	3.177059e+02
2.280000e-06	5.841982e-06	5.402869e-09	3.739452e+01	3.210628e+02
2.290000e-06	5.887028e-06	5.457064e-09	3.768286e+01	3.243587e+02
2.300000e-06	5.931474e-06	5.515315e-09	3.796736e+01	3.275936e+02
2.310000e-06	5.975397e-06	5.572524e-09	3.824851e+01	3.307689e+02
2.320000e-06	6.018584e-06	5.626188e-09	3.852495e+01	3.338872e+02
2.330000e-06	6.060898e-06	5.679220e-09	3.879580e+01	3.369523e+02
2.340000e-06	6.102341e-06	5.731851e-09	3.906108e+01	3.399678e+02
2.350000e-06	6.142905e-06	5.779031e-09	3.932073e+01	3.429370e+02
2.360000e-06	6.182766e-06	5.824416e-09	3.957588e+01	3.458620e+02
2.370000e-06	6.221992e-06	5.873298e-09	3.982697e+01	3.487433e+02
2.380000e-06	6.260513e-06	5.924446e-09	4.007354e+01	3.515797e+02
2.390000e-06	6.298293e-06	5.974530e-09	4.031537e+01	3.543684e+02
2.400000e-06	6.335324e-06	6.021209e-09	4.055240e+01	3.571052e+02
2.410000e-06	6.371722e-06	6.068184e-09	4.078539e+01	3.597852e+02
2.420000e-06	6.407500e-06	6.114997e-09	4.101440e+01	3.624037e+02
2.430000e-06	6.442487e-06	6.158978e-09	4.123835e+01	3.649562e+02
2.440000e-06	6.476533e-06	6.200544e-09	4.145628e+01	3.674402e+02
2.450000e-06	6.509607e-06	6.244152e-09	4.166799e+01	3.698545e+02
2.460000e-06	6.541929e-06	6.288643e-09	4.187488e+01	3.722001e+02
2.470000e-06	6.573576e-06	6.327585e-09	4.207745e+01	3.744801e+02
2.480000e-06	6.604435e-06	6.361240e-09	4.227498e+01	3.766989e+02
2.490000e-06	6.634547e-06	6.396406e-09	4.246773e+01	3.788621e+02
2.500000e-06	6.663926e-06	6.432502e-09	4.265578e+01	3.809755e+02
2.510000e-06	6.692624e-06	6.466572e-09	4.283948e+01	3.830444e+02
2.520000e-06	6.720744e-06	6.502123e-09	4.301948e+01	3.850729e+02
2.530000e-06	6.748146e-06	6.540181e-09	4.319488e+01	3.870632e+02
2.540000e-06	6.774559e-06	6.577623e-09	4.336395e+01	3.890156e+02
2.550000e-06	6.799811e-06	6.609751e-09	4.352558e+01	3.909283e+02
2.560000e-06	6.824134e-06	6.638627e-09	4.368127e+01	3.927975e+02
2.570000e-06	6.847752e-06	6.668967e-09	4.383245e+01	3.946187e+02
2.580000e-06	6.870560e-06	6.699729e-09	4.397845e+01	3.963864e+02
2.590000e-06	6.892569e-06	6.728421e-09	4.411932e+01	3.980958e+02
2.600000e-06	6.913846e-06	6.756977e-09	4.425552e+01	3.997429e+02
2.610000e-06	6.934439e-06	6.787615e-09	4.438734e+01	4.013256e+02
2.620000e-06	6.954362e-06	6.816936e-09	4.451486e+01	4.028437e+02
2.630000e-06	6.973563e-06	6.840321e-09	4.463777e+01	4.042992e+02
2.640000e-06	6.991970e-06	6.860562e-09	4.475559e+01	4.056958e+02
2.650000e-06	7.009555e-06	6.883138e-09	4.486815e+01	4.070388e+02
2.660000e-06	7.026262e-06	6.906263e-09	4.497510e+01	4.083340e+02
2.670000e-06	7.042007e-06	6.927265e-09	4.507588e+01	4.095872e+02
2.680000e-06	7.056777e-06	6.947286e-09	4.517042e+01	4.108033e+02
2.690000e-06	7.070630e-06	6.968755e-09	4.525910e+01	4.119856e+02
2.700000e-06	7.083570e-06	6.991829e-09	4.534192e+01	4.131358e+02
2.710000e-06	7.095636e-06	7.011137e-09	4.541916e+01	4.142530e+02
2.720000e-06	7.106783e-06	7.027032e-09	4.549051e+01	4.153350e+02
2.730000e-06	7.116760e-06	7.044446e-09	4.555438e+01	4.163776e+02
2.740000e-06	7.125632e-06	7.062394e-09	4.561116e+01	4.173761e+02
2.750000e-06	7.133703e-06	7.078201e-09	4.566282e+01	4.183258e+02
2.760000e-06	7.141013e-06	7.093660e-09	4.570961e+01	4.192225e+02
2.770000e-06	7.147479e-06	7.109475e-09	4.575100e+01	4.200635e+02
2.780000e-06	7.153119e-06	7.123957e-09	4.578710e+01	4.208480e+02
2.790000e-06	7.157979e-06	7.136681e-09	4.581821e+01	4.215771e+02
2.800000e-06	7.162124e-06	7.146416e-09	4.584475e+01	4.222539e+02
2.810000e-06	7.165462e-06	7.155008e-09	4.586611e+01	4.228828e+02
2.820000e-06	7.167813e-06	7.163573e-09	4.588116e+01	4.234692e+02
2.830000e-06	7.169157e-06	7.171351e-09	4.588976e+01	4.240186e+02
2.840000e-06	7.169600e-06	7.177752e-09	4.589260e+01	4.245358e+02
2.850000e-06	7.169286e-06	7.185346e-09	4.589059e+01	4.250242e+02
2.860000e-06	7.168196e-06	7.195068e-09	4.588361e+01	4.254854e+02
2.870000e-06	7.166312e-06	7.202735e-09	4.587156e+01	4.259188e+02
2.880000e-06	7.163693e-06	7.209885e-09	4.585479e+01	4.263218e+02
2.890000e-06	7.160419e-06	7.218932e-09	4.583383e+01	4.266902e+02
2.900000e-06	7.156560e-06	7.224814e-09	4.580913e+01	4.270185e+02
2.910000e-06	7.151907e-06	7.225218e-09	4.577935e+01	4.273012e+02
2.920000e-06	7.146185e-06	7.223592e-09	4.574272e+01	4.275331e+02
2.930000e-06	7.139370e-06	7.253544e-09	4.569910e+01	4.277104e+02
2.940000e-06	7.131583e-06	7.277627e-09	4.564925e+01	4.278311e+02
2.950000e-06	7.122777e-06	7.262877e-09	4.559288e+01	4.278954e+02
2.960000e-06	7.112848e-06	7.222430e-09	4.552933e+01	4.279057e+02
2.970000e-06	7.102073e-06	7.180691e-09	4.546036e+01	4.278665e+02
2.980000e-06	7.090868e-06	7.233776e-09	4.538864e+01	4.277836e+02
2.990000e-06	7.078999e-06	7.234631e-09	4.531267e+01	4.276635e+02
3.000000e-06	7.065908e-06	7.176868e-09	4.522887e+01	4.275126e+02
3.010000e-06	7.051709e-06	7.226484e-09	4.513798e+01	4.273365e+02
3.020000e-06	7.036734e-06	7.226418e-09	4.504212e+01	4.271390e+02
3.030000e-06	7.020850e-06	7.207046e-09	4.494045e+01	4.269220e+02
3.040000e-06	7.004126e-06	7.255123e-09	4.483340e+01	4.266851e+02
3.050000e-06	6.986730e-06	7.179235e-09	4.472205e+01	4.264256e+02
3.060000e-06	6.968540e-06	7.130018e-09	4.460562e+01	4.261395e+02
3.070000e-06	6.949590e-06	7.232006e-09	4.448432e+01	4.258212e+02
3.080000e-06	6.929993e-06	7.177574e-09	4.435888e+01	4.254650e+02
3.090000e-06	6.909686e-06	7.116156e-09	4.422889e+01	4.250655e+02
3.100000e-06	6.888487e-06	7.169689e-09	4.409320e+01	4.246184e+02
3.110000e-06	6.866126e-06	7.172518e-09	4.395007e+01	4.241207e+02
3.120000e-06	6.842764e-06	7.179625e-09	4.380053e+01	4.235717e+02
3.130000e-06	6.818737e-06	7.106511e-09	4.364673e+01	4.229723e+02
3.140000e-06	6.793904e-06	7.098880e-09	4.348777e+01	4.223251e+02
3.150000e-06	6.768157e-06	7.175472e-09	4.332296e+01	4.216341e+02
3.160000e-06	6.741556e-06	7.099408e-09	4.315269e+01	4.209037e+02
3.170000e-06	6.714254e-06	7.059181e-09	4.297793e+01	4.201387e+02
3.180000e-06	6.686371e-06	7.056998e-09	4.279945e+01	4.193431e+02
3.190000e-06	6.657511e-06	7.059678e-09	4.261472e+01	4.185201e+02
3.200000e-06	6.627495e-06	7.070729e-09	4.242259e+01	4.176717e+02
3.210000e-06	6.596603e-06	6.985303e-09	4.222485e+01	4.167982e+02
3.220000e-06	6.565009e-06	7.004894e-09	4.202261e+01	4.158992e+02
3.230000e-06	6.532687e-06	7.016566e-09	4.181572e+01	4.149731e+02
3.240000e-06	6.499558e-06	6.972395e-09	4.160366e+01	4.140178e+02
3.250000e-06	6.465716e-06	6.957886e-09	4.138704e+01	4.130312e+02
3.260000e-06	6.431228e-06	6.915067e-09	4.116628e+01	4.120117e+02
3.270000e-06	6.396071e-06	6.956118e-09	4.094124e+01	4.109583e+02
3.280000e-06	6.360223e-06	6.924984e-09	4.071178e+01	4.098708e+02
3.290000e-06	6.323638e-06	6.877692e-09	4.047760e+01	4.087500e+02
3.300000e-06	6.286113e-06	6.874427e-09	4.023740e+01	4.075974e+02
3.310000e-06	6.247534e-06	6.850348e-09	3.999046e+01	4.064146e+02
3.320000e-06	6.208125e-06	6.849969e-09	3.973820e+01	4.052035e+02
3.330000e-06	6.168099e-06	6.787335e-09	3.948200e+01	4.039654e+02
3.340000e-06	6.127433e-06	6.784518e-09	3.922169e+01	4.027012e+02
3.350000e-06	6.085991e-06	6.786519e-09	3.895642e+01	4.014103e+02
3.360000e-06	6.043761e-06	6.757986e-09	3.868611e+01	4.000917e+02
3.370000e-06	6.000900e-06	6.730256e-09	3.841176e+01	3.987432e+02
3.380000e-06	5.957536e-06	6.689478e-09	3.813418e+01	3.973621e+02
3.390000e-06	5.913673e-06	6.699680e-09	3.785342e+01	3.959452e+02
3.400000e-06	5.869152e-06	6.660705e-09	3.756843e+01	3.944900e+02
3.410000e-06	5.823847e-06	6.621181e-09	3.727844e+01	3.929940e+02
3.420000e-06	5.777870e-06	6.594033e-09	3.698414e+01	3.914561e+02
3.430000e-06	5.731245e-06	6.583450e-09	3.668569e+01	3.898759e+02
3.440000e-06	5.683950e-06	6.565904e-09	3.638296e+01	3.882546e+02
3.450000e-06	5.635945e-06	6.514382e-09	3.607568e+01	3.865939e+02
3.460000e-06	5.587143e-06	6.496055e-09	3.576330e+01	3.848964e+02
3.470000e-06	5.537555e-06	6.473989e-09	3.544589e+01	3.831649e+02
3.480000e-06	5.487229e-06	6.449335e-09	3.512375e+01	3.814017e+02
3.490000e-06	5.436249e-06	6.398811e-09	3.479742e+01	3.796087e+02
3.500000e-06	5.384605e-06	6.364432e-09	3.446685e+01	3.777867e+02
3.510000e-06	5.332187e-06	6.345513e-09	3.413132e+01	3.759353e+02
3.520000e-06	5.278839e-06	6.312657e-09	3.378984e+01	3.740528e+02
3.530000e-06	5.224496e-06	6.275198e-09	3.344199e+01	3.721366e+02
3.540000e-06	5.169375e-06	6.241012e-09	3.308916e+01	3.701836e+02
3.550000e-06	5.113687e-06	6.224882e-09	3.273271e+01	3.681905e+02
3.560000e-06	5.057481e-06	6.188136e-09	3.237293e+01	3.661545e+02
3.570000e-06	5.000732e-06	6.143388e-09	3.200968e+01	3.640736e+02
3.580000e-06	4.943388e-06	6.099026e-09	3.164262e+01	3.619473e+02
3.590000e-06	4.885394e-06	6.071565e-09	3.127140e+01	3.597764e+02
3.600000e-06	4.826794e-06	6.036043e-09	3.089630e+01	3.575633e+02
3.610000e-06	4.767723e-06	5.990332e-09	3.051819e+01	3.553113e+02
3.620000e-06	4.708226e-06	5.954258e-09	3.013735e+01	3.530248e+02
3.630000e-06	4.648244e-06	5.923899e-09	2.975341e+01	3.507082e+02
3.640000e-06	4.587686e-06	5.889858e-09	2.936577e+01	3.483655e+02
3.650000e-06	4.526480e-06	5.836934e-09	2.897399e+01	3.459996e+02
3.660000e-06	4.464500e-06	5.792282e-09	2.857726e+01	3.436119e+02
3.670000e-06	4.401788e-06	5.754690e-09	2.817584e+01	3.412020e+02
3.680000e-06	4.338541e-06	5.718411e-09	2.777099e+01	3.387676e+02
3.690000e-06	4.274847e-06	5.670688e-09	2.736329e+01	3.363049e+02
3.700000e-06	4.210770e-06	5.626348e-09	2.695313e+01	3.338088e+02
3.710000e-06	4.146255e-06	5.587051e-09	2.654017e+01	3.312738e+02
3.720000e-06	4.081186e-06	5.540951e-09	2.612367e+01	3.286943e+02
3.730000e-06	4.015627e-06	5.486232e-09	2.570402e+01	3.260656e+02
3.740000e-06	3.949647e-06	5.434865e-09	2.528169e+01	3.233844e+02
3.750000e-06	3.883243e-06	5.396295e-09	2.485663e+01	3.206491e+02
3.760000e-06	3.816390e-06	5.352105e-09	2.442871e+01	3.178600e+02
3.770000e-06	3.749182e-06	5.302029e-09	2.399851e+01	3.150189e+02
3.780000e-06	3.681632e-06	5.251546e-09	2.356612e+01	3.121294e+02
3.790000e-06	3.613681e-06	5.208134e-09	2.313117e+01	3.091954e+02
3.800000e-06	3.545355e-06	5.157334e-09	2.269381e+01	3.062212e+02
3.810000e-06	3.476588e-06	5.098105e-09	2.225363e+01	3.032106e+02
3.820000e-06	3.407270e-06	5.041189e-09	2.180993e+01	3.001659e+02
3.830000e-06	3.337337e-06	4.991264e-09	2.136229e+01	2.970879e+02
3.840000e-06	3.266775e-06	4.940682e-09	2.091062e+01	2.939758e+02
3.850000e-06	3.195724e-06	4.885229e-09	2.045583e+01	2.908269e+02
3.860000e-06	3.124357e-06	4.834973e-09	1.999901e+01	2.876369e+02
3.870000e-06	3.052694e-06	4.787204e-09	1.954029e+01	2.844010e+02
3.880000e-06	2.980785e-06	4.731930e-09	1.908000e+01	2.811141e+02
3.890000e-06	2.908594e-06	4.665299e-09	1.861791e+01	2.777714e+02
3.900000e-06	2.836056e-06	4.602197e-09	1.815359e+01	2.743695e+02
3.910000e-06	2.763195e-06	4.546383e-09	1.768721e+01	2.709066e+02
3.920000e-06	2.689982e-06	4.489719e-09	1.721857e+01	2.673825e+02
3.930000e-06	2.616407e-06	4.427605e-09	1.674762e+01	2.637992e+02
3.940000e-06	2.542531e-06	4.369194e-09	1.627474e+01	2.601599e+02
3.950000e-06	2.468449e-06	4.312775e-09	1.580054e+01	2.564691e+02
3.960000e-06	2.394066e-06	4.249678e-09	1.532442e+01	2.527315e+02
3.970000e-06	2.319328e-06	4.179349e-09	1.484602e+01	2.489516e+02
3.980000e-06	2.244366e-06	4.109720e-09	1.436619e+01	2.451326e+02
3.990000e-06	2.169158e-06	4.046816e-09	1.388478e+01	2.412766e+02
4.000000e-06	2.093597e-06	3.981432e-09	1.340111e+01	2.373836e+02
4.010000e-06	2.017776e-06	3.914556e-09	1.291578e+01	2.334519e+02
4.020000e-06	1.941698e-06	3.848157e-09	1.242881e+01	2.294781e+02
4.030000e-06	1.865346e-06	3.782515e-09	1.194008e+01	2.254577e+02
4.040000e-06	1.788734e-06	3.712608e-09	1.144968e+01	2.213858e+02
4.050000e-06	1.711797e-06	3.636947e-09	1.095721e+01	2.172576e+02
4.060000e-06	1.634569e-06	3.562693e-09	1.046288e+01	2.130692e+02
4.070000e-06	1.557066e-06	3.493613e-09	9.966776e+00	2.088181e+02
4.080000e-06	1.479308e-06	3.423786e-09	9.469049e+00	2.045036e+02
4.090000e-06	1.401368e-06	3.350513e-09	8.970152e+00	2.001266e+02
4.100000e-06	1.323246e-06	3.276057e-09	8.470096e+00	1.956899e+02
4.110000e-06	1.244843e-06	3.202125e-09	7.968235e+00	1.911972e+02
4.120000e-06	1.166163e-06	3.126550e-09	7.464608e+00	1.866528e+02
4.130000e-06	1.087355e-06	3.044064e-09	6.960156e+00	1.820608e+02
4.140000e-06	1.008468e-06	2.960806e-09	6.455205e+00	1.774245e+02
4.150000e-06	9.294820e-07	2.882451e-09	5.949613e+00	1.727457e+02
4.160000e-06	8.504430e-07	2.804297e-09	5.443685e+00	1.680246e+02
4.170000e-06	7.713320e-07	2.723464e-09	4.937295e+00	1.632593e+02
4.180000e-06	6.921216e-07	2.644518e-09	4.430270e+00	1.584462e+02
4.190000e-06	6.128237e-07	2.567361e-09	3.922684e+00	1.535807e+02
4.200000e-06	5.334673e-07	2.486322e-09	3.414724e+00	1.486570e+02
4.210000e-06	4.540642e-07	2.398168e-09	2.906464e+00	1.436697e+02
4.220000e-06	3.745852e-07	2.308529e-09	2.397719e+00	1.386138e+02
4.230000e-06	2.950557e-07	2.219898e-09	1.888651e+00	1.334858e+02
4.240000e-06	2.155369e-07	2.129793e-09	1.379651e+00	1.282838e+02
4.250000e-06	1.360076e-07	2.038783e-09	8.705846e-01	1.230076e+02
4.260000e-06	5.637651e-08	1.950075e-09	3.608660e-01	1.176592e+02
4.270000e-06	-2.329196e-08	1.863185e-09	-1.490918e-01	1.122416e+02
4.280000e-06	-1.029232e-07	1.772998e-09	-6.588115e-01	1.067590e+02
4.290000e-06	-1.825460e-07	1.677976e-09	-1.168477e+00	1.012161e+02
4.300000e-06	-2.621332e-07	1.580501e-09	-1.677914e+00	9.561721e+01
4.310000e-06	-3.416950e-07	1.484531e-09	-2.187189e+00	8.996600e+01
4.320000e-06	-4.212310e-07	1.388063e-09	-2.696299e+00	8.426515e+01
4.330000e-06	-5.007455e-07	1.289717e-09	-3.205271e+00	7.851630e+01
4.340000e-06	-5.801977e-07	1.191487e-09	-3.713845e+00	7.272018e+01
4.350000e-06	-6.595398e-07	1.094082e-09	-4.221714e+00	6.687710e+01
4.360000e-06	-7.387966e-07	9.956159e-10	-4.729036e+00	6.098745e+01
4.370000e-06	-8.179915e-07	8.952062e-10	-5.235963e+00	5.505242e+01
4.380000e-06	-8.971147e-07	7.949165e-10	-5.742430e+00	4.907458e+01
4.390000e-06	-9.761174e-07	6.954270e-10	-6.248126e+00	4.305840e+01
4.400000e-06	-1.054959e-06	5.950508e-10	-6.752792e+00	3.701044e+01
4.410000e-06	-1.133600e-06	4.923736e-10	-7.256173e+00	3.093940e+01
4.420000e-06	-1.212060e-06	3.886749e-10	-7.758392e+00	2.485573e+01
4.430000e-06	-1.290333e-06	2.847204e-10	-8.259418e+00	1.877102e+01
4.440000e-06	-1.368403e-06	1.812157e-10	-8.759149e+00	1.269717e+01
4.450000e-06	-1.446232e-06	7.916062e-11	-9.257327e+00	6.645470e+00
4.460000e-06	-1.523775e-06	-2.070954e-11	-9.753683e+00	6.256318e-01
4.470000e-06	-1.601040e-06	-1.190025e-10	-1.024826e+01	-5.354990e+00
4.480000e-06	-1.678009e-06	-2.172000e-10	-1.074093e+01	-1.129196e+01
4.490000e-06	-1.754680e-06	-3.153016e-10	-1.123171e+01	-1.718402e+01
4.500000e-06	-1.831018e-06	-4.118050e-10	-1.172034e+01	-2.303293e+01
4.510000e-06	-1.907088e-06	-5.104306e-10	-1.220727e+01	-2.884303e+01
4.520000e-06	-1.982948e-06	-6.121197e-10	-1.269285e+01	-3.462047e+01
4.530000e-06	-2.058531e-06	-7.119547e-10	-1.317665e+01	-4.037225e+01
4.540000e-06	-2.133807e-06	-8.096318e-10	-1.365850e+01	-4.610517e+01
4.550000e-06	-2.208870e-06	-9.059877e-10	-1.413897e+01	-5.182492e+01
4.560000e-06	-2.283696e-06	-1.002034e-09	-1.461793e+01	-5.753523e+01
4.570000e-06	-2.358236e-06	-1.093534e-09	-1.509507e+01	-6.323738e+01
4.580000e-06	-2.432510e-06	-1.183363e-09	-1.557049e+01	-6.893010e+01
4.590000e-06	-2.506457e-06	-1.276560e-09	-1.604383e+01	-7.460969e+01
4.600000e-06	-2.580089e-06	-1.372478e-09	-1.651514e+01	-8.027057e+01
4.610000e-06	-2.653437e-06	-1.470895e-09	-1.698464e+01	-8.590605e+01
4.620000e-06	-2.726471e-06	-1.566665e-09	-1.745214e+01	-9.150919e+01
4.630000e-06	-2.799194e-06	-1.661190e-09	-1.791764e+01	-9.707368e+01
4.640000e-06	-2.871676e-06	-1.754212e-09	-1.838159e+01	-1.025946e+02
4.650000e-06	-2.943909e-06	-1.843735e-09	-1.884396e+01	-1.080691e+02
4.660000e-06	-3.015783e-06	-1.932141e-09	-1.930403e+01	-1.134962e+02
4.670000e-06	-3.087370e-06	-2.020898e-09	-1.976225e+01	-1.188772e+02
4.680000e-06	-3.158695e-06	-2.110750e-09	-2.021880e+01	-1.242152e+02
4.690000e-06	-3.229619e-06	-2.201906e-09	-2.067279e+01	-1.295139e+02
4.700000e-06	-3.300115e-06	-2.291433e-09	-2.112403e+01	-1.347778e+02
4.710000e-06	-3.370120e-06	-2.378236e-09	-2.157213e+01	-1.400103e+02
4.720000e-06	-3.439547e-06	-2.464172e-09	-2.201654e+01	-1.452141e+02
4.730000e-06	-3.508478e-06	-2.551470e-09	-2.245776e+01	-1.503897e+02
4.740000e-06	-3.576925e-06	-2.639154e-09	-2.289589e+01	-1.555361e+02
4.750000e-06	-3.644919e-06	-2.725885e-09	-2.333112e+01	-1.606501e+02
4.760000e-06	-3.712529e-06	-2.811564e-09	-2.376389e+01	-1.657271e+02
4.770000e-06	-3.779704e-06	-2.895001e-09	-2.419388e+01	-1.707618e+02
4.780000e-06	-3.846480e-06	-2.977788e-09	-2.462131e+01	-1.757488e+02
4.790000e-06	-3.912853e-06	-3.060490e-09	-2.504617e+01	-1.806832e+02
4.800000e-06	-3.978753e-06	-3.142553e-09	-2.546799e+01	-1.855618e+02
4.810000e-06	-4.044196e-06	-3.223564e-09	-2.588689e+01	-1.903831e+02
4.820000e-06	-4.109151e-06	-3.304369e-09	-2.630267e+01	-1.951479e+02
4.830000e-06	-4.173592e-06	-3.382951e-09	-2.671516e+01	-1.998591e+02
4.840000e-06	-4.237569e-06	-3.459909e-09	-2.712467e+01	-2.045210e+02
4.850000e-06	-4.301098e-06	-3.537765e-09	-2.753132e+01	-2.091394e+02
4.860000e-06	-4.364155e-06	-3.616668e-09	-2.793495e+01	-2.137200e+02
4.870000e-06	-4.426715e-06	-3.693821e-09	-2.833539e+01	-2.182680e+02
4.880000e-06	-4.488708e-06	-3.767502e-09	-2.873222e+01	-2.227873e+02
4.890000e-06	-4.550048e-06	-3.841836e-09	-2.912485e+01	-2.272796e+02
4.900000e-06	-4.610713e-06	-3.918133e-09	-2.951317e+01	-2.317447e+02
4.910000e-06	-4.670736e-06	-3.994045e-09	-2.989738e+01	-2.361798e+02
4.920000e-06	-4.730236e-06	-4.067257e-09	-3.027824e+01	-2.405801e+02
4.930000e-06	-4.789270e-06	-4.140138e-09	-3.065611e+01	-2.449395e+02
4.940000e-06	-4.847803e-06	-4.215515e-09	-3.103078e+01	-2.492514e+02
4.950000e-06	-4.905785e-06	-4.288360e-09	-3.140192e+01	-2.535092e+02
4.960000e-06	-4.963220e-06	-4.356106e-09	-3.176956e+01	-2.577074e+02
4.970000e-06	-5.020040e-06	-4.422592e-09	-3.213327e+01	-2.618425e+02
4.980000e-06	-5.076237e-06	-4.488018e-09	-3.249299e+01	-2.659128e+02
4.990000e-06	-5.131949e-06	-4.552349e-09	-3.284960e+01	-2.699191e+02
5.000000e-06	-5.187106e-06	-4.616856e-09	-3.320266e+01	-2.738644e+02
5.010000e-06	-5.241514e-06	-4.682506e-09	-3.355093e+01	-2.777530e+02
5.020000e-06	-5.295071e-06	-4.750155e-09	-3.389374e+01	-2.815903e+02
5.030000e-06	-5.347776e-06	-4.817291e-09	-3.423111e+01	-2.853820e+02
5.040000e-06	-5.399704e-06	-4.881348e-09	-3.456350e+01	-2.891328e+02
5.050000e-06	-5.450977e-06	-4.942068e-09	-3.489170e+01	-2.928464e+02
5.060000e-06	-5.501613e-06	-5.001508e-09	-3.521582e+01	-2.965243e+02
5.070000e-06	-5.551524e-06	-5.059504e-09	-3.553530e+01	-3.001663e+02
5.080000e-06	-5.600580e-06	-5.116712e-09	-3.584931e+01	-3.037703e+02
5.090000e-06	-5.648718e-06	-5.176066e-09	-3.615744e+01	-3.073323e+02
5.100000e-06	-5.696020e-06	-5.236421e-09	-3.646022e+01	-3.108478e+02
5.110000e-06	-5.742542e-06	-5.296431e-09	-3.675800e+01	-3.143118e+02
5.120000e-06	-5.788438e-06	-5.355360e-09	-3.705178e+01	-3.177199e+02
5.130000e-06	-5.833745e-06	-5.412046e-09	-3.734179e+01	-3.210688e+02
5.140000e-06	-5.878463e-06	-5.466557e-09	-3.762804e+01	-3.243567e+02
5.150000e-06	-5.922646e-06	-5.518403e-09	-3.791085e+01	-3.275836e+02
5.160000e-06	-5.966206e-06	-5.568206e-09	-3.818968e+01	-3.307511e+02
5.170000e-06	-6.009159e-06	-5.619327e-09	-3.846462e+01	-3.338622e+02
5.180000e-06	-6.051491e-06	-5.671324e-09	-3.873558e+01	-3.369204e+02
5.190000e-06	-6.093156e-06	-5.722915e-09	-3.900229e+01	-3.399295e+02
5.200000e-06	-6.134093e-06	-5.772391e-09	-3.926432e+01	-3.428927e+02
5.210000e-06	-6.174340e-06	-5.818160e-09	-3.952195e+01	-3.458118e+02
5.220000e-06	-6.214016e-06	-5.864148e-09	-3.977591e+01	-3.486872e+02
5.230000e-06	-6.252987e-06	-5.913146e-09	-4.002536e+01	-3.515174e+02
5.240000e-06	-6.291051e-06	-5.960864e-09	-4.026901e+01	-3.542994e+02
5.250000e-06	-6.328198e-06	-6.005390e-09	-4.050679e+01	-3.570290e+02
5.260000e-06	-6.364506e-06	-6.049765e-09	-4.073920e+01	-3.597012e+02
5.270000e-06	-6.400085e-06	-6.094481e-09	-4.096694e+01	-3.623111e+02
5.280000e-06	-6.434989e-06	-6.135170e-09	-4.119036e+01	-3.648548e+02
5.290000e-06	-6.469186e-06	-6.170366e-09	-4.140925e+01	-3.673296e+02
5.300000e-06	-6.502642e-06	-6.206298e-09	-4.162340e+01	-3.697348e+02
5.310000e-06	-6.535345e-06	-6.245650e-09	-4.183274e+01	-3.720716e+02
5.320000e-06	-6.567361e-06	-6.284917e-09	-4.203767e+01	-3.743432e+02
5.330000e-06	-6.598664e-06	-6.322352e-09	-4.223804e+01	-3.765543e+02
5.340000e-06	-6.629101e-06	-6.361323e-09	-4.243287e+01	-3.787106e+02
5.350000e-06	-6.658526e-06	-6.399723e-09	-4.262122e+01	-3.808178e+02
5.360000e-06	-6.686988e-06	-6.432694e-09	-4.280340e+01	-3.828810e+02
5.370000e-06	-6.714655e-06	-6.461857e-09	-4.298050e+01	-3.849042e+02
5.380000e-06	-6.741643e-06	-6.491211e-09	-4.315325e+01	-3.868894e+02
5.390000e-06	-6.767930e-06	-6.522806e-09	-4.332151e+01	-3.888365e+02
5.400000e-06	-6.793401e-06	-6.553445e-09	-4.348455e+01	-3.907435e+02
5.410000e-06	-6.818062e-06	-6.582516e-09	-4.364240e+01	-3.926066e+02
5.420000e-06	-6.842003e-06	-6.614112e-09	-4.379565e+01	-3.944210e+02
5.430000e-06	-6.865236e-06	-6.648518e-09	-4.394436e+01	-3.961812e+02
5.440000e-06	-6.887615e-06	-6.681050e-09	-4.408762e+01	-3.978826e+02
5.450000e-06	-6.908967e-06	-6.707012e-09	-4.422429e+01	-3.995213e+02
5.460000e-06	-6.929319e-06	-6.729090e-09	-4.435456e+01	-4.010955e+02
5.470000e-06	-6.948860e-06	-6.750899e-09	-4.447964e+01	-4.026052e+02
5.480000e-06	-6.967669e-06	-6.772858e-09	-4.460004e+01	-4.040526e+02
5.490000e-06	-6.985741e-06	-6.794678e-09	-4.471572e+01	-4.054418e+02
5.500000e-06	-7.003011e-06	-6.815538e-09	-4.482626e+01	-4.067780e+02
5.510000e-06	-7.019438e-06	-6.838804e-09	-4.493141e+01	-4.080673e+02
5.520000e-06	-7.035159e-06	-6.863980e-09	-4.503205e+01	-4.093151e+02
5.530000e-06	-7.050116e-06	-6.885783e-09	-4.512779e+01	-4.105264e+02
5.540000e-06	-7.064038e-06	-6.904102e-09	-4.521690e+01	-4.117043e+02
5.550000e-06	-7.076786e-06	-6.921745e-09	-4.529850e+01	-4.128500e+02
5.560000e-06	-7.088488e-06	-6.940653e-09	-4.537340e+01	-4.139626e+02
5.570000e-06	-7.099301e-06	-6.957474e-09	-4.544262e+01	-4.150394e+02
5.580000e-06	-7.109250e-06	-6.970410e-09	-4.550630e+01	-4.160763e+02
5.590000e-06	-7.118377e-06	-6.984561e-09	-4.556472e+01	-4.170686e+02
5.600000e-06	-7.126754e-06	-7.003224e-09	-4.561835e+01	-4.180114e+02
5.610000e-06	-7.134436e-06	-7.021707e-09	-4.566752e+01	-4.189008e+02
5.620000e-06	-7.141325e-06	-7.034999e-09	-4.571161e+01	-4.197344e+02
5.630000e-06	-7.147187e-06	-7.047488e-09	-4.574914e+01	-4.205114e+02
5.640000e-06	-7.151947e-06	-7.062389e-09	-4.577961e+01	-4.212334e+02
5.650000e-06	-7.155830e-06	-7.075446e-09	-4.580446e+01	-4.219034e+02
5.660000e-06	-7.159018e-06	-7.084006e-09	-4.582486e+01	-4.225263e+02
5.670000e-06	-7.161495e-06	-7.091466e-09	-4.584072e+01	-4.231074e+02
5.680000e-06	-7.163167e-06	-7.101974e-09	-4.585143e+01	-4.236521e+02
5.690000e-06	-7.163941e-06	-7.112696e-09	-4.585638e+01	-4.241651e+02
