# Temperatura_=_20.0
# Concentracion g/m^3_=_12000.0
# C_Vs_to_Am_M_A/Vsm_=_59384043850.047264
# pendiente_HvsI_1/m_=_3716.3
# ordenada_HvsI_A/m_=_1297.0
# frecuencia_Hz_=_175530.4521124969

Tiempo_(s)	Campo_(V.s)	Magnetizacion_(V.s)	Campo_(kA/m)	Magnetizacion_(A/m)
0.000000e+00	-7.191790e-06	-7.118404e-09	-4.584894e+01	-4.230209e+02
1.000000e-08	-7.191242e-06	-7.116390e-09	-4.584545e+01	-4.234745e+02
2.000000e-08	-7.189856e-06	-7.124926e-09	-4.583661e+01	-4.238894e+02
3.000000e-08	-7.187303e-06	-7.138320e-09	-4.582033e+01	-4.242673e+02
4.000000e-08	-7.183706e-06	-7.147249e-09	-4.579740e+01	-4.246097e+02
5.000000e-08	-7.179396e-06	-7.152819e-09	-4.576993e+01	-4.249183e+02
6.000000e-08	-7.174422e-06	-7.162153e-09	-4.573821e+01	-4.251947e+02
7.000000e-08	-7.168686e-06	-7.177521e-09	-4.570165e+01	-4.254407e+02
8.000000e-08	-7.162135e-06	-7.151754e-09	-4.565988e+01	-4.256583e+02
9.000000e-08	-7.154649e-06	-7.088267e-09	-4.561216e+01	-4.258496e+02
1.000000e-07	-7.146271e-06	-7.108957e-09	-4.555875e+01	-4.260171e+02
1.100000e-07	-7.136865e-06	-7.148505e-09	-4.549879e+01	-4.261632e+02
1.200000e-07	-7.126248e-06	-7.236252e-09	-4.543110e+01	-4.262901e+02
1.300000e-07	-7.114698e-06	-7.241178e-09	-4.535747e+01	-4.263995e+02
1.400000e-07	-7.102383e-06	-7.043352e-09	-4.527896e+01	-4.264923e+02
1.500000e-07	-7.089205e-06	-7.205049e-09	-4.519494e+01	-4.265681e+02
1.600000e-07	-7.075195e-06	-7.263439e-09	-4.510563e+01	-4.266253e+02
1.700000e-07	-7.060089e-06	-7.061310e-09	-4.500932e+01	-4.266605e+02
1.800000e-07	-7.043712e-06	-7.167048e-09	-4.490492e+01	-4.266686e+02
1.900000e-07	-7.026538e-06	-7.141237e-09	-4.479543e+01	-4.266431e+02
2.000000e-07	-7.008637e-06	-7.108243e-09	-4.468131e+01	-4.265763e+02
2.100000e-07	-6.989847e-06	-7.274267e-09	-4.456152e+01	-4.264601e+02
2.200000e-07	-6.970304e-06	-7.155287e-09	-4.443693e+01	-4.262861e+02
2.300000e-07	-6.950095e-06	-7.003918e-09	-4.430809e+01	-4.260466e+02
2.400000e-07	-6.929213e-06	-7.159799e-09	-4.417496e+01	-4.257355e+02
2.500000e-07	-6.907636e-06	-7.147475e-09	-4.403741e+01	-4.253484e+02
2.600000e-07	-6.885266e-06	-7.113050e-09	-4.389480e+01	-4.248835e+02
2.700000e-07	-6.862200e-06	-7.057188e-09	-4.374774e+01	-4.243415e+02
2.800000e-07	-6.838419e-06	-7.060869e-09	-4.359614e+01	-4.237260e+02
2.900000e-07	-6.813766e-06	-7.193951e-09	-4.343897e+01	-4.230428e+02
3.000000e-07	-6.788268e-06	-7.059861e-09	-4.327642e+01	-4.222996e+02
3.100000e-07	-6.761769e-06	-6.967144e-09	-4.310748e+01	-4.215058e+02
3.200000e-07	-6.734187e-06	-7.037644e-09	-4.293164e+01	-4.206707e+02
3.300000e-07	-6.705774e-06	-7.096605e-09	-4.275050e+01	-4.198038e+02
3.400000e-07	-6.676700e-06	-7.035640e-09	-4.256515e+01	-4.189133e+02
3.500000e-07	-6.646941e-06	-6.966802e-09	-4.237543e+01	-4.180058e+02
3.600000e-07	-6.616343e-06	-7.008554e-09	-4.218036e+01	-4.170860e+02
3.700000e-07	-6.584881e-06	-7.010796e-09	-4.197979e+01	-4.161559e+02
3.800000e-07	-6.552788e-06	-6.952117e-09	-4.177519e+01	-4.152157e+02
3.900000e-07	-6.520204e-06	-6.923183e-09	-4.156746e+01	-4.142633e+02
4.000000e-07	-6.486867e-06	-6.897746e-09	-4.135493e+01	-4.132952e+02
4.100000e-07	-6.452346e-06	-6.946187e-09	-4.113485e+01	-4.123068e+02
4.200000e-07	-6.416780e-06	-6.913480e-09	-4.090811e+01	-4.112933e+02
4.300000e-07	-6.380517e-06	-6.851535e-09	-4.067693e+01	-4.102498e+02
4.400000e-07	-6.343505e-06	-6.856627e-09	-4.044097e+01	-4.091724e+02
4.500000e-07	-6.305754e-06	-6.847464e-09	-4.020030e+01	-4.080579e+02
4.600000e-07	-6.267292e-06	-6.825025e-09	-3.995510e+01	-4.069046e+02
4.700000e-07	-6.228101e-06	-6.767610e-09	-3.970525e+01	-4.057117e+02
4.800000e-07	-6.188273e-06	-6.770560e-09	-3.945134e+01	-4.044796e+02
4.900000e-07	-6.147836e-06	-6.767850e-09	-3.919355e+01	-4.032092e+02
5.000000e-07	-6.106729e-06	-6.739246e-09	-3.893149e+01	-4.019020e+02
5.100000e-07	-6.064664e-06	-6.702265e-09	-3.866331e+01	-4.005595e+02
5.200000e-07	-6.021594e-06	-6.676071e-09	-3.838874e+01	-3.991829e+02
5.300000e-07	-5.977780e-06	-6.675181e-09	-3.810941e+01	-3.977728e+02
5.400000e-07	-5.933298e-06	-6.641065e-09	-3.782583e+01	-3.963296e+02
5.500000e-07	-5.888131e-06	-6.596913e-09	-3.753788e+01	-3.948526e+02
5.600000e-07	-5.842291e-06	-6.577063e-09	-3.724564e+01	-3.933412e+02
5.700000e-07	-5.795770e-06	-6.568555e-09	-3.694907e+01	-3.917943e+02
5.800000e-07	-5.748524e-06	-6.543092e-09	-3.664787e+01	-3.902109e+02
5.900000e-07	-5.700637e-06	-6.495271e-09	-3.634258e+01	-3.885904e+02
6.000000e-07	-5.652158e-06	-6.480294e-09	-3.603351e+01	-3.869325e+02
6.100000e-07	-5.602860e-06	-6.465082e-09	-3.571923e+01	-3.852377e+02
6.200000e-07	-5.552574e-06	-6.428753e-09	-3.539864e+01	-3.835068e+02
6.300000e-07	-5.501311e-06	-6.380369e-09	-3.507183e+01	-3.817414e+02
6.400000e-07	-5.449228e-06	-6.354653e-09	-3.473980e+01	-3.799432e+02
6.500000e-07	-5.396447e-06	-6.342900e-09	-3.440331e+01	-3.781139e+02
6.600000e-07	-5.342986e-06	-6.307199e-09	-3.406249e+01	-3.762549e+02
6.700000e-07	-5.288874e-06	-6.260698e-09	-3.371751e+01	-3.743672e+02
6.800000e-07	-5.234149e-06	-6.231300e-09	-3.336863e+01	-3.724511e+02
6.900000e-07	-5.178848e-06	-6.213767e-09	-3.301608e+01	-3.705060e+02
7.000000e-07	-5.122964e-06	-6.172451e-09	-3.265980e+01	-3.685304e+02
7.100000e-07	-5.066508e-06	-6.124674e-09	-3.229989e+01	-3.665225e+02
7.200000e-07	-5.009495e-06	-6.090140e-09	-3.193642e+01	-3.644798e+02
7.300000e-07	-4.951767e-06	-6.068213e-09	-3.156839e+01	-3.623999e+02
7.400000e-07	-4.893172e-06	-6.029362e-09	-3.119484e+01	-3.602806e+02
7.500000e-07	-4.833891e-06	-5.982626e-09	-3.081692e+01	-3.581202e+02
7.600000e-07	-4.774079e-06	-5.947761e-09	-3.043561e+01	-3.559177e+02
7.700000e-07	-4.713711e-06	-5.923127e-09	-3.005075e+01	-3.536732e+02
7.800000e-07	-4.652813e-06	-5.882588e-09	-2.966251e+01	-3.513876e+02
7.900000e-07	-4.591406e-06	-5.829968e-09	-2.927103e+01	-3.490626e+02
8.000000e-07	-4.529529e-06	-5.790436e-09	-2.887655e+01	-3.467003e+02
8.100000e-07	-4.467090e-06	-5.759524e-09	-2.847849e+01	-3.443033e+02
8.200000e-07	-4.404067e-06	-5.716143e-09	-2.807671e+01	-3.418738e+02
8.300000e-07	-4.340643e-06	-5.666340e-09	-2.767237e+01	-3.394136e+02
8.400000e-07	-4.276890e-06	-5.628212e-09	-2.726594e+01	-3.369239e+02
8.500000e-07	-4.212680e-06	-5.597036e-09	-2.685659e+01	-3.344046e+02
8.600000e-07	-4.147800e-06	-5.554374e-09	-2.644296e+01	-3.318549e+02
8.700000e-07	-4.082311e-06	-5.505118e-09	-2.602546e+01	-3.292730e+02
8.800000e-07	-4.016339e-06	-5.461816e-09	-2.560488e+01	-3.266563e+02
8.900000e-07	-3.949820e-06	-5.423626e-09	-2.518080e+01	-3.240019e+02
9.000000e-07	-3.882727e-06	-5.378519e-09	-2.475308e+01	-3.213066e+02
9.100000e-07	-3.815223e-06	-5.325306e-09	-2.432273e+01	-3.185677e+02
9.200000e-07	-3.747368e-06	-5.277949e-09	-2.389014e+01	-3.157830e+02
9.300000e-07	-3.679061e-06	-5.235083e-09	-2.345467e+01	-3.129510e+02
9.400000e-07	-3.610335e-06	-5.186061e-09	-2.301652e+01	-3.100711e+02
9.500000e-07	-3.541307e-06	-5.131273e-09	-2.257646e+01	-3.071435e+02
9.600000e-07	-3.471907e-06	-5.084159e-09	-2.213403e+01	-3.041693e+02
9.700000e-07	-3.402063e-06	-5.041456e-09	-2.168875e+01	-3.011496e+02
9.800000e-07	-3.331791e-06	-4.990710e-09	-2.124076e+01	-2.980860e+02
9.900000e-07	-3.261097e-06	-4.931784e-09	-2.079007e+01	-2.949795e+02
1.000000e-06	-3.190038e-06	-4.880276e-09	-2.033706e+01	-2.918308e+02
1.010000e-06	-3.118679e-06	-4.830695e-09	-1.988213e+01	-2.886397e+02
1.020000e-06	-3.047057e-06	-4.774415e-09	-1.942553e+01	-2.854051e+02
1.030000e-06	-2.975122e-06	-4.713144e-09	-1.896693e+01	-2.821254e+02
1.040000e-06	-2.902797e-06	-4.660084e-09	-1.850585e+01	-2.787979e+02
1.050000e-06	-2.830046e-06	-4.611569e-09	-1.804204e+01	-2.754198e+02
1.060000e-06	-2.756860e-06	-4.553018e-09	-1.757547e+01	-2.719882e+02
1.070000e-06	-2.683254e-06	-4.486040e-09	-1.710622e+01	-2.685005e+02
1.080000e-06	-2.609165e-06	-4.426763e-09	-1.663389e+01	-2.649550e+02
1.090000e-06	-2.534686e-06	-4.372782e-09	-1.615908e+01	-2.613508e+02
1.100000e-06	-2.459931e-06	-4.309628e-09	-1.568250e+01	-2.576881e+02
1.110000e-06	-2.384866e-06	-4.241982e-09	-1.520394e+01	-2.539683e+02
1.120000e-06	-2.309511e-06	-4.181324e-09	-1.472354e+01	-2.501939e+02
1.130000e-06	-2.233797e-06	-4.126914e-09	-1.424085e+01	-2.463680e+02
1.140000e-06	-2.157763e-06	-4.064023e-09	-1.375612e+01	-2.424940e+02
1.150000e-06	-2.081432e-06	-3.994531e-09	-1.326950e+01	-2.385754e+02
1.160000e-06	-2.004806e-06	-3.928698e-09	-1.278100e+01	-2.346152e+02
1.170000e-06	-1.927948e-06	-3.865499e-09	-1.229101e+01	-2.306153e+02
1.180000e-06	-1.850827e-06	-3.794496e-09	-1.179935e+01	-2.265766e+02
1.190000e-06	-1.773414e-06	-3.720834e-09	-1.130583e+01	-2.224987e+02
1.200000e-06	-1.695750e-06	-3.653849e-09	-1.081071e+01	-2.183796e+02
1.210000e-06	-1.617950e-06	-3.591091e-09	-1.031472e+01	-2.142164e+02
1.220000e-06	-1.539934e-06	-3.521451e-09	-9.817356e+00	-2.100052e+02
1.230000e-06	-1.461705e-06	-3.445157e-09	-9.318629e+00	-2.057415e+02
1.240000e-06	-1.383322e-06	-3.373796e-09	-8.818922e+00	-2.014208e+02
1.250000e-06	-1.304707e-06	-3.303613e-09	-8.317739e+00	-1.970389e+02
1.260000e-06	-1.225919e-06	-3.227046e-09	-7.815455e+00	-1.925923e+02
1.270000e-06	-1.147043e-06	-3.147808e-09	-7.312604e+00	-1.880785e+02
1.280000e-06	-1.068033e-06	-3.073551e-09	-6.808903e+00	-1.834964e+02
1.290000e-06	-9.888043e-07	-2.998859e-09	-6.303803e+00	-1.788459e+02
1.300000e-06	-9.094246e-07	-2.919410e-09	-5.797744e+00	-1.741281e+02
1.310000e-06	-8.299427e-07	-2.838171e-09	-5.291032e+00	-1.693451e+02
1.320000e-06	-7.503681e-07	-2.760778e-09	-4.783730e+00	-1.644996e+02
1.330000e-06	-6.706812e-07	-2.685138e-09	-4.275712e+00	-1.595945e+02
1.340000e-06	-5.908806e-07	-2.600445e-09	-3.766969e+00	-1.546329e+02
1.350000e-06	-5.110267e-07	-2.510581e-09	-3.257886e+00	-1.496172e+02
1.360000e-06	-4.310779e-07	-2.425897e-09	-2.748198e+00	-1.445492e+02
1.370000e-06	-3.510899e-07	-2.342516e-09	-2.238261e+00	-1.394299e+02
1.380000e-06	-2.710674e-07	-2.252346e-09	-1.728103e+00	-1.342593e+02
1.390000e-06	-1.909423e-07	-2.160418e-09	-1.217291e+00	-1.290368e+02
1.400000e-06	-1.107956e-07	-2.078387e-09	-7.063414e-01	-1.237605e+02
1.410000e-06	-3.068214e-08	-1.994376e-09	-1.956041e-01	-1.184285e+02
1.420000e-06	4.945210e-08	-1.900867e-09	3.152659e-01	-1.130382e+02
1.430000e-06	1.296350e-07	-1.804400e-09	8.264461e-01	-1.075871e+02
1.440000e-06	2.097708e-07	-1.715009e-09	1.337326e+00	-1.020732e+02
1.450000e-06	2.898459e-07	-1.624034e-09	1.847819e+00	-9.649481e+01
1.460000e-06	3.698488e-07	-1.524808e-09	2.357852e+00	-9.085121e+01
1.470000e-06	4.497779e-07	-1.425178e-09	2.867414e+00	-8.514274e+01
1.480000e-06	5.297184e-07	-1.330152e-09	3.377049e+00	-7.937099e+01
1.490000e-06	6.095728e-07	-1.236739e-09	3.886135e+00	-7.353885e+01
1.500000e-06	6.892794e-07	-1.137560e-09	4.394279e+00	-6.765062e+01
1.510000e-06	7.689569e-07	-1.038595e-09	4.902237e+00	-6.171191e+01
1.520000e-06	8.486177e-07	-9.405873e-10	5.410089e+00	-5.572961e+01
1.530000e-06	9.281290e-07	-8.428563e-10	5.916987e+00	-4.971171e+01
1.540000e-06	1.007475e-06	-7.373335e-10	6.422831e+00	-4.366706e+01
1.550000e-06	1.086616e-06	-6.277715e-10	6.927367e+00	-3.760508e+01
1.560000e-06	1.165524e-06	-5.224918e-10	7.430424e+00	-3.153545e+01
1.570000e-06	1.244272e-06	-4.223202e-10	7.932453e+00	-2.546773e+01
1.580000e-06	1.322801e-06	-3.219913e-10	8.433091e+00	-1.941095e+01
1.590000e-06	1.401084e-06	-2.189615e-10	8.932161e+00	-1.337322e+01
1.600000e-06	1.479194e-06	-1.190545e-10	9.430124e+00	-7.361444e+00
1.610000e-06	1.557133e-06	-2.634190e-11	9.926998e+00	-1.380960e+00
1.620000e-06	1.634867e-06	7.137989e-11	1.042257e+01	4.564599e+00
1.630000e-06	1.712442e-06	1.767481e-10	1.091712e+01	1.047340e+01
1.640000e-06	1.789826e-06	2.799089e-10	1.141046e+01	1.634534e+01
1.650000e-06	1.866951e-06	3.803382e-10	1.190214e+01	2.218190e+01
1.660000e-06	1.943816e-06	4.819992e-10	1.239217e+01	2.798579e+01
1.670000e-06	2.020433e-06	5.840271e-10	1.288062e+01	3.376060e+01
1.680000e-06	2.096774e-06	6.793266e-10	1.336731e+01	3.951032e+01
1.690000e-06	2.172830e-06	7.699677e-10	1.385218e+01	4.523884e+01
1.700000e-06	2.248570e-06	8.620795e-10	1.433503e+01	5.094954e+01
1.710000e-06	2.323955e-06	9.605678e-10	1.481562e+01	5.664486e+01
1.720000e-06	2.399019e-06	1.057686e-09	1.529417e+01	6.232608e+01
1.730000e-06	2.473680e-06	1.149371e-09	1.577015e+01	6.799317e+01
1.740000e-06	2.547969e-06	1.243567e-09	1.624375e+01	7.364478e+01
1.750000e-06	2.621927e-06	1.342792e-09	1.671525e+01	7.927842e+01
1.760000e-06	2.695544e-06	1.440302e-09	1.718457e+01	8.489077e+01
1.770000e-06	2.768840e-06	1.531428e-09	1.765185e+01	9.047796e+01
1.780000e-06	2.841715e-06	1.621649e-09	1.811644e+01	9.603606e+01
1.790000e-06	2.914158e-06	1.717152e-09	1.857827e+01	1.015614e+02
1.800000e-06	2.986248e-06	1.811173e-09	1.903786e+01	1.070510e+02
1.810000e-06	3.058034e-06	1.903085e-09	1.949551e+01	1.125027e+02
1.820000e-06	3.129442e-06	1.994441e-09	1.995075e+01	1.179152e+02
1.830000e-06	3.200553e-06	2.087274e-09	2.040409e+01	1.232884e+02
1.840000e-06	3.271343e-06	2.178265e-09	2.085540e+01	1.286227e+02
1.850000e-06	3.341711e-06	2.262068e-09	2.130400e+01	1.339192e+02
1.860000e-06	3.411637e-06	2.344273e-09	2.174979e+01	1.391793e+02
1.870000e-06	3.481142e-06	2.429784e-09	2.219290e+01	1.444041e+02
1.880000e-06	3.550295e-06	2.519875e-09	2.263376e+01	1.495945e+02
1.890000e-06	3.619114e-06	2.608609e-09	2.307250e+01	1.547506e+02
1.900000e-06	3.687593e-06	2.696700e-09	2.350906e+01	1.598718e+02
1.910000e-06	3.755685e-06	2.782193e-09	2.394316e+01	1.649568e+02
1.920000e-06	3.823335e-06	2.864082e-09	2.437444e+01	1.700035e+02
1.930000e-06	3.890495e-06	2.943486e-09	2.480260e+01	1.750095e+02
1.940000e-06	3.957029e-06	3.022562e-09	2.522677e+01	1.799720e+02
1.950000e-06	4.022878e-06	3.105304e-09	2.564656e+01	1.848887e+02
1.960000e-06	4.088212e-06	3.193400e-09	2.606308e+01	1.897575e+02
1.970000e-06	4.152989e-06	3.280551e-09	2.647605e+01	1.945769e+02
1.980000e-06	4.217252e-06	3.362495e-09	2.688573e+01	1.993463e+02
1.990000e-06	4.281122e-06	3.443052e-09	2.729291e+01	2.040659e+02
2.000000e-06	4.344583e-06	3.524382e-09	2.769749e+01	2.087367e+02
2.010000e-06	4.407577e-06	3.602013e-09	2.809909e+01	2.133602e+02
2.020000e-06	4.470032e-06	3.674249e-09	2.849725e+01	2.179379e+02
2.030000e-06	4.531978e-06	3.746802e-09	2.889216e+01	2.224716e+02
2.040000e-06	4.593459e-06	3.822848e-09	2.928412e+01	2.269625e+02
2.050000e-06	4.654449e-06	3.900328e-09	2.967294e+01	2.314115e+02
2.060000e-06	4.714977e-06	3.975484e-09	3.005881e+01	2.358185e+02
2.070000e-06	4.775040e-06	4.050717e-09	3.044173e+01	2.401829e+02
2.080000e-06	4.834604e-06	4.124184e-09	3.082146e+01	2.445030e+02
2.090000e-06	4.893510e-06	4.194939e-09	3.119700e+01	2.487770e+02
2.100000e-06	4.951545e-06	4.264017e-09	3.156698e+01	2.530027e+02
2.110000e-06	5.008784e-06	4.331467e-09	3.193189e+01	2.571780e+02
2.120000e-06	5.065361e-06	4.401607e-09	3.229258e+01	2.613010e+02
2.130000e-06	5.121453e-06	4.472377e-09	3.265017e+01	2.653706e+02
2.140000e-06	5.177064e-06	4.544246e-09	3.300471e+01	2.693865e+02
2.150000e-06	5.232065e-06	4.613871e-09	3.335534e+01	2.733489e+02
2.160000e-06	5.286487e-06	4.680883e-09	3.370229e+01	2.772590e+02
2.170000e-06	5.340334e-06	4.747122e-09	3.404558e+01	2.811187e+02
2.180000e-06	5.393483e-06	4.809940e-09	3.438441e+01	2.849298e+02
2.190000e-06	5.445977e-06	4.870132e-09	3.471907e+01	2.886945e+02
2.200000e-06	5.497776e-06	4.929914e-09	3.504930e+01	2.924144e+02
2.210000e-06	5.548543e-06	4.992954e-09	3.537295e+01	2.960904e+02
2.220000e-06	5.598232e-06	5.056797e-09	3.568973e+01	2.997229e+02
2.230000e-06	5.647116e-06	5.118586e-09	3.600137e+01	3.033110e+02
2.240000e-06	5.695391e-06	5.178409e-09	3.630913e+01	3.068532e+02
2.250000e-06	5.743100e-06	5.237810e-09	3.661328e+01	3.103472e+02
2.260000e-06	5.790139e-06	5.294483e-09	3.691317e+01	3.137902e+02
2.270000e-06	5.836466e-06	5.349460e-09	3.720851e+01	3.171792e+02
2.280000e-06	5.882072e-06	5.404301e-09	3.749925e+01	3.205117e+02
2.290000e-06	5.926991e-06	5.464194e-09	3.778562e+01	3.237856e+02
2.300000e-06	5.971438e-06	5.525909e-09	3.806898e+01	3.269994e+02
2.310000e-06	6.015421e-06	5.581723e-09	3.834938e+01	3.301527e+02
2.320000e-06	6.058703e-06	5.633876e-09	3.862531e+01	3.332462e+02
2.330000e-06	6.100963e-06	5.684654e-09	3.889473e+01	3.362812e+02
2.340000e-06	6.142092e-06	5.735222e-09	3.915693e+01	3.392598e+02
2.350000e-06	6.182418e-06	5.780478e-09	3.941401e+01	3.421841e+02
2.360000e-06	6.222158e-06	5.827936e-09	3.966737e+01	3.450567e+02
2.370000e-06	6.261255e-06	5.882188e-09	3.991662e+01	3.478794e+02
2.380000e-06	6.299647e-06	5.937452e-09	4.016137e+01	3.506537e+02
2.390000e-06	6.337207e-06	5.986790e-09	4.040082e+01	3.533801e+02
2.400000e-06	6.374016e-06	6.030464e-09	4.063548e+01	3.560586e+02
2.410000e-06	6.410362e-06	6.074452e-09	4.086720e+01	3.586881e+02
2.420000e-06	6.446164e-06	6.117977e-09	4.109544e+01	3.612671e+02
2.430000e-06	6.481024e-06	6.158131e-09	4.131768e+01	3.637937e+02
2.440000e-06	6.514798e-06	6.198063e-09	4.153300e+01	3.662659e+02
2.450000e-06	6.547641e-06	6.242590e-09	4.174238e+01	3.686821e+02
2.460000e-06	6.579839e-06	6.289480e-09	4.194764e+01	3.710411e+02
2.470000e-06	6.611403e-06	6.329969e-09	4.214887e+01	3.733425e+02
2.480000e-06	6.642157e-06	6.363284e-09	4.234493e+01	3.755863e+02
2.490000e-06	6.672113e-06	6.399124e-09	4.253590e+01	3.777737e+02
2.500000e-06	6.701303e-06	6.434281e-09	4.272200e+01	3.799060e+02
2.510000e-06	6.729836e-06	6.466179e-09	4.290390e+01	3.819850e+02
2.520000e-06	6.757807e-06	6.498313e-09	4.308222e+01	3.840125e+02
2.530000e-06	6.784919e-06	6.534070e-09	4.325507e+01	3.859900e+02
2.540000e-06	6.810835e-06	6.569928e-09	4.342028e+01	3.879185e+02
2.550000e-06	6.835762e-06	6.600642e-09	4.357920e+01	3.897985e+02
2.560000e-06	6.860014e-06	6.629803e-09	4.373381e+01	3.916294e+02
2.570000e-06	6.883523e-06	6.660412e-09	4.388369e+01	3.934103e+02
2.580000e-06	6.906174e-06	6.690187e-09	4.402809e+01	3.951396e+02
2.590000e-06	6.928019e-06	6.717956e-09	4.416735e+01	3.968157e+02
2.600000e-06	6.949134e-06	6.745976e-09	4.430197e+01	3.984368e+02
2.610000e-06	6.969647e-06	6.774471e-09	4.443274e+01	4.000016e+02
2.620000e-06	6.989531e-06	6.802493e-09	4.455950e+01	4.015094e+02
2.630000e-06	7.008578e-06	6.826410e-09	4.468093e+01	4.029602e+02
2.640000e-06	7.026670e-06	6.847091e-09	4.479627e+01	4.043550e+02
2.650000e-06	7.043930e-06	6.866291e-09	4.490631e+01	4.056958e+02
2.660000e-06	7.060415e-06	6.888419e-09	4.501140e+01	4.069852e+02
2.670000e-06	7.075929e-06	6.910845e-09	4.511031e+01	4.082261e+02
2.680000e-06	7.090423e-06	6.930866e-09	4.520271e+01	4.094219e+02
2.690000e-06	7.104045e-06	6.951466e-09	4.528955e+01	4.105756e+02
2.700000e-06	7.116810e-06	6.972548e-09	4.537093e+01	4.116898e+02
2.710000e-06	7.128606e-06	6.990061e-09	4.544613e+01	4.127663e+02
2.720000e-06	7.139302e-06	7.004696e-09	4.551432e+01	4.138063e+02
2.730000e-06	7.148811e-06	7.021457e-09	4.557494e+01	4.148098e+02
2.740000e-06	7.157398e-06	7.037178e-09	4.562968e+01	4.157762e+02
2.750000e-06	7.165233e-06	7.053118e-09	4.567964e+01	4.167041e+02
2.760000e-06	7.172237e-06	7.069580e-09	4.572429e+01	4.175917e+02
2.770000e-06	7.178448e-06	7.084522e-09	4.576388e+01	4.184371e+02
2.780000e-06	7.183816e-06	7.098327e-09	4.579811e+01	4.192386e+02
2.790000e-06	7.188458e-06	7.112893e-09	4.582770e+01	4.199947e+02
2.800000e-06	7.192515e-06	7.125389e-09	4.585356e+01	4.207047e+02
2.810000e-06	7.195644e-06	7.134871e-09	4.587351e+01	4.213683e+02
2.820000e-06	7.197591e-06	7.142083e-09	4.588592e+01	4.219860e+02
2.830000e-06	7.198524e-06	7.148668e-09	4.589187e+01	4.225587e+02
2.840000e-06	7.198638e-06	7.154792e-09	4.589260e+01	4.230877e+02
2.850000e-06	7.197953e-06	7.163347e-09	4.588823e+01	4.235748e+02
2.860000e-06	7.196518e-06	7.174262e-09	4.587908e+01	4.240217e+02
2.870000e-06	7.194341e-06	7.181300e-09	4.586520e+01	4.244302e+02
2.880000e-06	7.191398e-06	7.190783e-09	4.584644e+01	4.248019e+02
2.890000e-06	7.187897e-06	7.198640e-09	4.582412e+01	4.251385e+02
2.900000e-06	7.183803e-06	7.198902e-09	4.579802e+01	4.254416e+02
2.910000e-06	7.178715e-06	7.189571e-09	4.576559e+01	4.257128e+02
2.920000e-06	7.172519e-06	7.193387e-09	4.572609e+01	4.259539e+02
2.930000e-06	7.165377e-06	7.297190e-09	4.568055e+01	4.261670e+02
2.940000e-06	7.157305e-06	7.283934e-09	4.562909e+01	4.263544e+02
2.950000e-06	7.148159e-06	7.234899e-09	4.557078e+01	4.265183e+02
2.960000e-06	7.137888e-06	7.139029e-09	4.550531e+01	4.266612e+02
2.970000e-06	7.126950e-06	7.102635e-09	4.543557e+01	4.267854e+02
2.980000e-06	7.115620e-06	7.334763e-09	4.536334e+01	4.268923e+02
2.990000e-06	7.103349e-06	7.137550e-09	4.528511e+01	4.269826e+02
3.000000e-06	7.089718e-06	7.072019e-09	4.519822e+01	4.270558e+02
3.010000e-06	7.075197e-06	7.320808e-09	4.510564e+01	4.271098e+02
3.020000e-06	7.059861e-06	7.152937e-09	4.500787e+01	4.271409e+02
3.030000e-06	7.043517e-06	7.176771e-09	4.490367e+01	4.271439e+02
3.040000e-06	7.026463e-06	7.297723e-09	4.479495e+01	4.271119e+02
3.050000e-06	7.008649e-06	7.010733e-09	4.468138e+01	4.270372e+02
3.060000e-06	6.990003e-06	7.115242e-09	4.456251e+01	4.269114e+02
3.070000e-06	6.970733e-06	7.356395e-09	4.443966e+01	4.267263e+02
3.080000e-06	6.950750e-06	7.076925e-09	4.431227e+01	4.264744e+02
3.090000e-06	6.929956e-06	7.122443e-09	4.417970e+01	4.261499e+02
3.100000e-06	6.908211e-06	7.153365e-09	4.404107e+01	4.257490e+02
3.110000e-06	6.885274e-06	7.152119e-09	4.389485e+01	4.252701e+02
3.120000e-06	6.861565e-06	7.234025e-09	4.374370e+01	4.247147e+02
3.130000e-06	6.837247e-06	6.954272e-09	4.358866e+01	4.240866e+02
3.140000e-06	6.811950e-06	7.140164e-09	4.342739e+01	4.233921e+02
3.150000e-06	6.785741e-06	7.279808e-09	4.326031e+01	4.226394e+02
3.160000e-06	6.758800e-06	7.015009e-09	4.308855e+01	4.218377e+02
3.170000e-06	6.731258e-06	7.032094e-09	4.291297e+01	4.209966e+02
3.180000e-06	6.702856e-06	7.020329e-09	4.273190e+01	4.201253e+02
3.190000e-06	6.673210e-06	7.104911e-09	4.254290e+01	4.192318e+02
3.200000e-06	6.642702e-06	7.042142e-09	4.234840e+01	4.183224e+02
3.210000e-06	6.611517e-06	6.882531e-09	4.214960e+01	4.174012e+02
3.220000e-06	6.579573e-06	7.070072e-09	4.194595e+01	4.164700e+02
3.230000e-06	6.546855e-06	6.989707e-09	4.173736e+01	4.155283e+02
3.240000e-06	6.513366e-06	6.960068e-09	4.152387e+01	4.145739e+02
3.250000e-06	6.479250e-06	6.896470e-09	4.130637e+01	4.136030e+02
3.260000e-06	6.444423e-06	6.863509e-09	4.108434e+01	4.126109e+02
3.270000e-06	6.408961e-06	6.995988e-09	4.085826e+01	4.115928e+02
3.280000e-06	6.372775e-06	6.839816e-09	4.062757e+01	4.105438e+02
3.290000e-06	6.335575e-06	6.855080e-09	4.039042e+01	4.094603e+02
3.300000e-06	6.297326e-06	6.846943e-09	4.014657e+01	4.083393e+02
3.310000e-06	6.258220e-06	6.852226e-09	3.989727e+01	4.071792e+02
3.320000e-06	6.218521e-06	6.842214e-09	3.964418e+01	4.059796e+02
3.330000e-06	6.178167e-06	6.718624e-09	3.938691e+01	4.047408e+02
3.340000e-06	6.137066e-06	6.786856e-09	3.912489e+01	4.034640e+02
3.350000e-06	6.095205e-06	6.751717e-09	3.885802e+01	4.021508e+02
3.360000e-06	6.052673e-06	6.738973e-09	3.858687e+01	4.008024e+02
3.370000e-06	6.009588e-06	6.675636e-09	3.831219e+01	3.994201e+02
3.380000e-06	5.965995e-06	6.656295e-09	3.803428e+01	3.980045e+02
3.390000e-06	5.921774e-06	6.705300e-09	3.775236e+01	3.965556e+02
3.400000e-06	5.876802e-06	6.615662e-09	3.746566e+01	3.950729e+02
3.410000e-06	5.831131e-06	6.590905e-09	3.717450e+01	3.935555e+02
3.420000e-06	5.784728e-06	6.554190e-09	3.687867e+01	3.920025e+02
3.430000e-06	5.737591e-06	6.582261e-09	3.657816e+01	3.904128e+02
3.440000e-06	5.689642e-06	6.533566e-09	3.627248e+01	3.887859e+02
3.450000e-06	5.640972e-06	6.462554e-09	3.596220e+01	3.871217e+02
3.460000e-06	5.591681e-06	6.464335e-09	3.564796e+01	3.854207e+02
3.470000e-06	5.541615e-06	6.445284e-09	3.532878e+01	3.836839e+02
3.480000e-06	5.490875e-06	6.421156e-09	3.500530e+01	3.819129e+02
3.490000e-06	5.439525e-06	6.344313e-09	3.467794e+01	3.801093e+02
3.500000e-06	5.387382e-06	6.344111e-09	3.434552e+01	3.782750e+02
3.510000e-06	5.334165e-06	6.336481e-09	3.400625e+01	3.764112e+02
3.520000e-06	5.279981e-06	6.293439e-09	3.366082e+01	3.745189e+02
3.530000e-06	5.225111e-06	6.232225e-09	3.331101e+01	3.725980e+02
3.540000e-06	5.169598e-06	6.206068e-09	3.295711e+01	3.706479e+02
3.550000e-06	5.113487e-06	6.201001e-09	3.259939e+01	3.686671e+02
3.560000e-06	5.056834e-06	6.148162e-09	3.223822e+01	3.666535e+02
3.570000e-06	4.999678e-06	6.097845e-09	3.187384e+01	3.646047e+02
3.580000e-06	4.941904e-06	6.070502e-09	3.150552e+01	3.625182e+02
3.590000e-06	4.883500e-06	6.069188e-09	3.113318e+01	3.603919e+02
3.600000e-06	4.824626e-06	6.019215e-09	3.075785e+01	3.582243e+02
3.610000e-06	4.765279e-06	5.961354e-09	3.037950e+01	3.560145e+02
3.620000e-06	4.705416e-06	5.924949e-09	2.999786e+01	3.537629e+02
3.630000e-06	4.644958e-06	5.907200e-09	2.961244e+01	3.514704e+02
3.640000e-06	4.583707e-06	5.861331e-09	2.922195e+01	3.491388e+02
3.650000e-06	4.521773e-06	5.797782e-09	2.882711e+01	3.467705e+02
3.660000e-06	4.459374e-06	5.766264e-09	2.842930e+01	3.443678e+02
3.670000e-06	4.396438e-06	5.744026e-09	2.802808e+01	3.419331e+02
3.680000e-06	4.332916e-06	5.704509e-09	2.762311e+01	3.394680e+02
3.690000e-06	4.268825e-06	5.641932e-09	2.721452e+01	3.369733e+02
3.700000e-06	4.204280e-06	5.602186e-09	2.680303e+01	3.344491e+02
3.710000e-06	4.139342e-06	5.565683e-09	2.638904e+01	3.318942e+02
3.720000e-06	4.073970e-06	5.514631e-09	2.597228e+01	3.293066e+02
3.730000e-06	4.008087e-06	5.450167e-09	2.555227e+01	3.266837e+02
3.740000e-06	3.941722e-06	5.409362e-09	2.512918e+01	3.240225e+02
3.750000e-06	3.874973e-06	5.382938e-09	2.470364e+01	3.213199e+02
3.760000e-06	3.807844e-06	5.335827e-09	2.427569e+01	3.185732e+02
3.770000e-06	3.740367e-06	5.275399e-09	2.384550e+01	3.157803e+02
3.780000e-06	3.672441e-06	5.226282e-09	2.341247e+01	3.129400e+02
3.790000e-06	3.603973e-06	5.189039e-09	2.297597e+01	3.100518e+02
3.800000e-06	3.534984e-06	5.131597e-09	2.253615e+01	3.071160e+02
3.810000e-06	3.465493e-06	5.066025e-09	2.209313e+01	3.041338e+02
3.820000e-06	3.395538e-06	5.016323e-09	2.164716e+01	3.011064e+02
3.830000e-06	3.325060e-06	4.982930e-09	2.119785e+01	2.980353e+02
3.840000e-06	3.254207e-06	4.931915e-09	2.074615e+01	2.949215e+02
3.850000e-06	3.183012e-06	4.867438e-09	2.029227e+01	2.917655e+02
3.860000e-06	3.111302e-06	4.813194e-09	1.983510e+01	2.885670e+02
3.870000e-06	3.039222e-06	4.765897e-09	1.937558e+01	2.853248e+02
3.880000e-06	2.966912e-06	4.703210e-09	1.891459e+01	2.820369e+02
3.890000e-06	2.894285e-06	4.631722e-09	1.845158e+01	2.787008e+02
3.900000e-06	2.821304e-06	4.577949e-09	1.798632e+01	2.753135e+02
3.910000e-06	2.748046e-06	4.535783e-09	1.751928e+01	2.718722e+02
3.920000e-06	2.674506e-06	4.482571e-09	1.705045e+01	2.683745e+02
3.930000e-06	2.600601e-06	4.414377e-09	1.657930e+01	2.648187e+02
3.940000e-06	2.526299e-06	4.351223e-09	1.610561e+01	2.612040e+02
3.950000e-06	2.451699e-06	4.293139e-09	1.563001e+01	2.575311e+02
3.960000e-06	2.376861e-06	4.225546e-09	1.515291e+01	2.538016e+02
3.970000e-06	2.301811e-06	4.150968e-09	1.467446e+01	2.500179e+02
3.980000e-06	2.226495e-06	4.086767e-09	1.419430e+01	2.461833e+02
3.990000e-06	2.150796e-06	4.034021e-09	1.371171e+01	2.423014e+02
4.000000e-06	2.074719e-06	3.973309e-09	1.322670e+01	2.383754e+02
4.010000e-06	1.998331e-06	3.900987e-09	1.273972e+01	2.344083e+02
4.020000e-06	1.921629e-06	3.832193e-09	1.225072e+01	2.304017e+02
4.030000e-06	1.844549e-06	3.766492e-09	1.175933e+01	2.263564e+02
4.040000e-06	1.767145e-06	3.693612e-09	1.126587e+01	2.222715e+02
4.050000e-06	1.689530e-06	3.613499e-09	1.077105e+01	2.181451e+02
4.060000e-06	1.611727e-06	3.540687e-09	1.027505e+01	2.139739e+02
4.070000e-06	1.533749e-06	3.478195e-09	9.777923e+00	2.097538e+02
4.080000e-06	1.455538e-06	3.413467e-09	9.279311e+00	2.054804e+02
4.090000e-06	1.377177e-06	3.342879e-09	8.779747e+00	2.011492e+02
4.100000e-06	1.298768e-06	3.271567e-09	8.279878e+00	1.967560e+02
4.110000e-06	1.220216e-06	3.199478e-09	7.779097e+00	1.922976e+02
4.120000e-06	1.141476e-06	3.118942e-09	7.277111e+00	1.877717e+02
4.130000e-06	1.062591e-06	3.032028e-09	6.774204e+00	1.831774e+02
4.140000e-06	9.835826e-07	2.948556e-09	6.270514e+00	1.785148e+02
4.150000e-06	9.045143e-07	2.871012e-09	5.766439e+00	1.737852e+02
4.160000e-06	8.253409e-07	2.793324e-09	5.261695e+00	1.689909e+02
4.170000e-06	7.459113e-07	2.712290e-09	4.755317e+00	1.641346e+02
4.180000e-06	6.663529e-07	2.632481e-09	4.248118e+00	1.592194e+02
4.190000e-06	5.867498e-07	2.554948e-09	3.740634e+00	1.542481e+02
4.200000e-06	5.070600e-07	2.471691e-09	3.232598e+00	1.492231e+02
4.210000e-06	4.273164e-07	2.380619e-09	2.724218e+00	1.441461e+02
4.220000e-06	3.475412e-07	2.290652e-09	2.215637e+00	1.390178e+02
4.230000e-06	2.678004e-07	2.205201e-09	1.707275e+00	1.338383e+02
4.240000e-06	1.880184e-07	2.118551e-09	1.198651e+00	1.286064e+02
4.250000e-06	1.080974e-07	2.027829e-09	6.891399e-01	1.233205e+02
4.260000e-06	2.817181e-08	1.940215e-09	1.796003e-01	1.179784e+02
4.270000e-06	-5.172753e-08	1.852912e-09	-3.297722e-01	1.125775e+02
4.280000e-06	-1.316252e-07	1.761126e-09	-8.391341e-01	1.071155e+02
4.290000e-06	-2.115400e-07	1.665748e-09	-1.348605e+00	1.015902e+02
4.300000e-06	-2.914669e-07	1.573253e-09	-1.858153e+00	9.600025e+01
4.310000e-06	-3.712924e-07	1.481080e-09	-2.367055e+00	9.034506e+01
4.320000e-06	-4.510404e-07	1.385103e-09	-2.875463e+00	8.462521e+01
4.330000e-06	-5.307382e-07	1.283624e-09	-3.383550e+00	7.884251e+01
4.340000e-06	-6.103205e-07	1.183826e-09	-3.890902e+00	7.300013e+01
4.350000e-06	-6.898498e-07	1.086041e-09	-4.397915e+00	6.710260e+01
4.360000e-06	-7.693299e-07	9.834337e-10	-4.904615e+00	6.115580e+01
4.370000e-06	-8.487381e-07	8.824293e-10	-5.410856e+00	5.516683e+01
4.380000e-06	-9.280555e-07	7.825853e-10	-5.916519e+00	4.914386e+01
4.390000e-06	-1.007151e-06	6.833989e-10	-6.420766e+00	4.309586e+01
4.400000e-06	-1.086115e-06	5.834906e-10	-6.924176e+00	3.703235e+01
4.410000e-06	-1.165012e-06	4.805584e-10	-7.427158e+00	3.096301e+01
4.420000e-06	-1.243705e-06	3.786038e-10	-7.928838e+00	2.489731e+01
4.430000e-06	-1.322219e-06	2.758759e-10	-8.429380e+00	1.884415e+01
4.440000e-06	-1.400600e-06	1.720637e-10	-8.929075e+00	1.281145e+01
4.450000e-06	-1.478770e-06	6.992147e-11	-9.427425e+00	6.805825e+00
4.460000e-06	-1.556675e-06	-3.094130e-11	-9.924078e+00	8.323067e-01
4.470000e-06	-1.634318e-06	-1.292476e-10	-1.041907e+01	-5.105805e+00
4.480000e-06	-1.711657e-06	-2.258540e-10	-1.091212e+01	-1.100701e+01
4.490000e-06	-1.788710e-06	-3.217700e-10	-1.140335e+01	-1.687152e+01
4.500000e-06	-1.865599e-06	-4.177645e-10	-1.189352e+01	-2.270108e+01
4.510000e-06	-1.942223e-06	-5.150652e-10	-1.238202e+01	-2.849859e+01
4.520000e-06	-2.018456e-06	-6.151716e-10	-1.286801e+01	-3.426775e+01
4.530000e-06	-2.094292e-06	-7.133104e-10	-1.335149e+01	-4.001256e+01
4.540000e-06	-2.169766e-06	-8.110536e-10	-1.383265e+01	-4.573687e+01
4.550000e-06	-2.244987e-06	-9.060958e-10	-1.431219e+01	-5.144388e+01
4.560000e-06	-2.319924e-06	-1.002007e-09	-1.478993e+01	-5.713586e+01
4.570000e-06	-2.394566e-06	-1.095331e-09	-1.526579e+01	-6.281384e+01
4.580000e-06	-2.468950e-06	-1.187947e-09	-1.573999e+01	-6.847752e+01
4.590000e-06	-2.543064e-06	-1.280896e-09	-1.621249e+01	-7.412534e+01
4.600000e-06	-2.616859e-06	-1.373326e-09	-1.668294e+01	-7.975463e+01
4.610000e-06	-2.690357e-06	-1.469386e-09	-1.715150e+01	-8.536192e+01
4.620000e-06	-2.763617e-06	-1.563752e-09	-1.761855e+01	-9.094332e+01
4.630000e-06	-2.836594e-06	-1.656192e-09	-1.808379e+01	-9.649490e+01
4.640000e-06	-2.909248e-06	-1.748834e-09	-1.854698e+01	-1.020131e+02
4.650000e-06	-2.981593e-06	-1.841565e-09	-1.900819e+01	-1.074951e+02
4.660000e-06	-3.053638e-06	-1.932442e-09	-1.946749e+01	-1.129389e+02
4.670000e-06	-3.125322e-06	-2.022941e-09	-1.992448e+01	-1.183434e+02
4.680000e-06	-3.196675e-06	-2.111983e-09	-2.037937e+01	-1.237085e+02
4.690000e-06	-3.267604e-06	-2.203588e-09	-2.083156e+01	-1.290350e+02
4.700000e-06	-3.338053e-06	-2.293141e-09	-2.128068e+01	-1.343240e+02
4.710000e-06	-3.408052e-06	-2.378945e-09	-2.172694e+01	-1.395767e+02
4.720000e-06	-3.477539e-06	-2.465231e-09	-2.216993e+01	-1.447944e+02
4.730000e-06	-3.546530e-06	-2.554243e-09	-2.260976e+01	-1.499778e+02
4.740000e-06	-3.615077e-06	-2.642758e-09	-2.304676e+01	-1.551267e+02
4.750000e-06	-3.683157e-06	-2.727270e-09	-2.348078e+01	-1.602406e+02
4.760000e-06	-3.750749e-06	-2.813512e-09	-2.391169e+01	-1.653180e+02
4.770000e-06	-3.817917e-06	-2.899530e-09	-2.433990e+01	-1.703566e+02
4.780000e-06	-3.884704e-06	-2.983848e-09	-2.476568e+01	-1.753540e+02
4.790000e-06	-3.951111e-06	-3.063125e-09	-2.518904e+01	-1.803075e+02
4.800000e-06	-4.017095e-06	-3.142430e-09	-2.560970e+01	-1.852147e+02
4.810000e-06	-4.082573e-06	-3.223627e-09	-2.602713e+01	-1.900736e+02
4.820000e-06	-4.147601e-06	-3.303883e-09	-2.644169e+01	-1.948830e+02
4.830000e-06	-4.212126e-06	-3.382290e-09	-2.685305e+01	-1.996424e+02
4.840000e-06	-4.276128e-06	-3.461312e-09	-2.726108e+01	-2.043522e+02
4.850000e-06	-4.339784e-06	-3.543033e-09	-2.766690e+01	-2.090134e+02
4.860000e-06	-4.403004e-06	-3.621712e-09	-2.806994e+01	-2.136274e+02
4.870000e-06	-4.465703e-06	-3.695614e-09	-2.846965e+01	-2.181961e+02
4.880000e-06	-4.527784e-06	-3.769211e-09	-2.886543e+01	-2.227211e+02
4.890000e-06	-4.589153e-06	-3.842528e-09	-2.925667e+01	-2.272035e+02
4.900000e-06	-4.649845e-06	-3.914804e-09	-2.964359e+01	-2.316440e+02
4.910000e-06	-4.709910e-06	-3.988786e-09	-3.002651e+01	-2.360425e+02
4.920000e-06	-4.769439e-06	-4.064980e-09	-3.040602e+01	-2.403980e+02
4.930000e-06	-4.828487e-06	-4.142081e-09	-3.078247e+01	-2.447090e+02
4.940000e-06	-4.887003e-06	-4.215434e-09	-3.115552e+01	-2.489735e+02
4.950000e-06	-4.944932e-06	-4.285217e-09	-3.152482e+01	-2.531893e+02
4.960000e-06	-5.002337e-06	-4.354304e-09	-3.189079e+01	-2.573542e+02
4.970000e-06	-5.059214e-06	-4.422478e-09	-3.225339e+01	-2.614666e+02
4.980000e-06	-5.115529e-06	-4.487995e-09	-3.261241e+01	-2.655255e+02
4.990000e-06	-5.171297e-06	-4.554060e-09	-3.296794e+01	-2.695306e+02
5.000000e-06	-5.226460e-06	-4.621393e-09	-3.331961e+01	-2.734825e+02
5.010000e-06	-5.280889e-06	-4.687177e-09	-3.366661e+01	-2.773824e+02
5.020000e-06	-5.334435e-06	-4.751873e-09	-3.400797e+01	-2.812322e+02
5.030000e-06	-5.387134e-06	-4.817588e-09	-3.434394e+01	-2.850338e+02
5.040000e-06	-5.439061e-06	-4.884411e-09	-3.467498e+01	-2.887894e+02
5.050000e-06	-5.490320e-06	-4.948755e-09	-3.500176e+01	-2.925003e+02
5.060000e-06	-5.540941e-06	-5.008498e-09	-3.532449e+01	-2.961676e+02
5.070000e-06	-5.590746e-06	-5.067249e-09	-3.564200e+01	-2.997912e+02
5.080000e-06	-5.639744e-06	-5.126616e-09	-3.595437e+01	-3.033702e+02
5.090000e-06	-5.687835e-06	-5.186445e-09	-3.626096e+01	-3.069029e+02
5.100000e-06	-5.734936e-06	-5.246337e-09	-3.656124e+01	-3.103869e+02
5.110000e-06	-5.781292e-06	-5.305217e-09	-3.685676e+01	-3.138193e+02
5.120000e-06	-5.827068e-06	-5.363703e-09	-3.714860e+01	-3.171973e+02
5.130000e-06	-5.872304e-06	-5.420196e-09	-3.743698e+01	-3.205183e+02
5.140000e-06	-5.916951e-06	-5.473817e-09	-3.772162e+01	-3.237803e+02
5.150000e-06	-5.960958e-06	-5.526755e-09	-3.800217e+01	-3.269822e+02
5.160000e-06	-6.004415e-06	-5.579050e-09	-3.827922e+01	-3.301236e+02
5.170000e-06	-6.047373e-06	-5.629677e-09	-3.855308e+01	-3.332054e+02
5.180000e-06	-6.089731e-06	-5.678768e-09	-3.882312e+01	-3.362290e+02
5.190000e-06	-6.131351e-06	-5.727056e-09	-3.908845e+01	-3.391965e+02
5.200000e-06	-6.172236e-06	-5.774515e-09	-3.934910e+01	-3.421104e+02
5.210000e-06	-6.212446e-06	-5.818994e-09	-3.960545e+01	-3.449728e+02
5.220000e-06	-6.252034e-06	-5.862564e-09	-3.985783e+01	-3.477857e+02
5.230000e-06	-6.290885e-06	-5.910378e-09	-4.010551e+01	-3.505503e+02
5.240000e-06	-6.328778e-06	-5.959288e-09	-4.034709e+01	-3.532672e+02
5.250000e-06	-6.365703e-06	-6.005005e-09	-4.058249e+01	-3.559360e+02
5.260000e-06	-6.401780e-06	-6.048042e-09	-4.081249e+01	-3.585555e+02
5.270000e-06	-6.437212e-06	-6.090501e-09	-4.103837e+01	-3.611241e+02
5.280000e-06	-6.472033e-06	-6.131766e-09	-4.126036e+01	-3.636400e+02
5.290000e-06	-6.506070e-06	-6.169347e-09	-4.147735e+01	-3.661012e+02
5.300000e-06	-6.539349e-06	-6.204194e-09	-4.168951e+01	-3.685062e+02
5.310000e-06	-6.571941e-06	-6.242320e-09	-4.189729e+01	-3.708537e+02
5.320000e-06	-6.603869e-06	-6.283872e-09	-4.210084e+01	-3.731436e+02
5.330000e-06	-6.635124e-06	-6.323010e-09	-4.230010e+01	-3.753762e+02
5.340000e-06	-6.665393e-06	-6.361713e-09	-4.249307e+01	-3.775524e+02
5.350000e-06	-6.694473e-06	-6.401002e-09	-4.267846e+01	-3.796740e+02
5.360000e-06	-6.722619e-06	-6.438696e-09	-4.285789e+01	-3.817425e+02
5.370000e-06	-6.750190e-06	-6.469541e-09	-4.303366e+01	-3.837599e+02
5.380000e-06	-6.777066e-06	-6.496326e-09	-4.320500e+01	-3.857276e+02
5.390000e-06	-6.803104e-06	-6.525903e-09	-4.337100e+01	-3.876463e+02
5.400000e-06	-6.828334e-06	-6.556974e-09	-4.353185e+01	-3.895165e+02
5.410000e-06	-6.852705e-06	-6.586089e-09	-4.368721e+01	-3.913374e+02
5.420000e-06	-6.876452e-06	-6.616591e-09	-4.383860e+01	-3.931082e+02
5.430000e-06	-6.899599e-06	-6.649809e-09	-4.398617e+01	-3.948271e+02
5.440000e-06	-6.921752e-06	-6.679724e-09	-4.412740e+01	-3.964923e+02
5.450000e-06	-6.942720e-06	-6.707460e-09	-4.426108e+01	-3.981023e+02
5.460000e-06	-6.962802e-06	-6.730422e-09	-4.438910e+01	-3.996558e+02
5.470000e-06	-6.982221e-06	-6.753628e-09	-4.451290e+01	-4.011522e+02
5.480000e-06	-7.000864e-06	-6.777870e-09	-4.463175e+01	-4.025917e+02
5.490000e-06	-7.018723e-06	-6.799785e-09	-4.474561e+01	-4.039757e+02
5.500000e-06	-7.035724e-06	-6.820814e-09	-4.485399e+01	-4.053060e+02
5.510000e-06	-7.051904e-06	-6.840592e-09	-4.495714e+01	-4.065854e+02
5.520000e-06	-7.067477e-06	-6.860895e-09	-4.505642e+01	-4.078170e+02
5.530000e-06	-7.082291e-06	-6.878875e-09	-4.515087e+01	-4.090040e+02
5.540000e-06	-7.095866e-06	-6.895415e-09	-4.523741e+01	-4.101494e+02
5.550000e-06	-7.108175e-06	-6.914922e-09	-4.531588e+01	-4.112558e+02
5.560000e-06	-7.119592e-06	-6.937944e-09	-4.538867e+01	-4.123248e+02
5.570000e-06	-7.130169e-06	-6.960145e-09	-4.545610e+01	-4.133573e+02
5.580000e-06	-7.139926e-06	-6.977205e-09	-4.551830e+01	-4.143533e+02
5.590000e-06	-7.148890e-06	-6.989710e-09	-4.557545e+01	-4.153119e+02
5.600000e-06	-7.157049e-06	-7.002294e-09	-4.562746e+01	-4.162318e+02
5.610000e-06	-7.164550e-06	-7.012473e-09	-4.567528e+01	-4.171109e+02
5.620000e-06	-7.171212e-06	-7.021332e-09	-4.571775e+01	-4.179476e+02
5.630000e-06	-7.176664e-06	-7.035256e-09	-4.575251e+01	-4.187401e+02
5.640000e-06	-7.181038e-06	-7.053870e-09	-4.578040e+01	-4.194870e+02
5.650000e-06	-7.184706e-06	-7.071569e-09	-4.580378e+01	-4.201876e+02
5.660000e-06	-7.187681e-06	-7.084794e-09	-4.582274e+01	-4.208419e+02
5.670000e-06	-7.189856e-06	-7.095807e-09	-4.583661e+01	-4.214504e+02
5.680000e-06	-7.191271e-06	-7.106783e-09	-4.584563e+01	-4.220142e+02
5.690000e-06	-7.191852e-06	-7.116594e-09	-4.584934e+01	-4.225346e+02
