# Temperatura_=_20.0
# Concentracion g/m^3_=_12000.0
# C_Vs_to_Am_M_A/Vsm_=_59384043850.047264
# pendiente_HvsI_1/m_=_3716.3
# ordenada_HvsI_A/m_=_1297.0
# frecuencia_Hz_=_175530.2695176157

Tiempo_(s)	Campo_(V.s)	Magnetizacion_(V.s)	Campo_(kA/m)	Magnetizacion_(A/m)
0.000000e+00	-7.157850e-06	-7.080105e-09	-4.586065e+01	-4.218244e+02
1.000000e-08	-7.157420e-06	-7.084162e-09	-4.585790e+01	-4.222815e+02
2.000000e-08	-7.156298e-06	-7.090310e-09	-4.585071e+01	-4.227092e+02
3.000000e-08	-7.154038e-06	-7.101564e-09	-4.583623e+01	-4.231063e+02
4.000000e-08	-7.150622e-06	-7.108275e-09	-4.581434e+01	-4.234702e+02
5.000000e-08	-7.146398e-06	-7.108725e-09	-4.578728e+01	-4.237973e+02
6.000000e-08	-7.141615e-06	-7.112623e-09	-4.575663e+01	-4.240838e+02
7.000000e-08	-7.136157e-06	-7.123142e-09	-4.572166e+01	-4.243265e+02
8.000000e-08	-7.129845e-06	-7.142826e-09	-4.568122e+01	-4.245234e+02
9.000000e-08	-7.122595e-06	-7.112397e-09	-4.563477e+01	-4.246743e+02
1.000000e-07	-7.114346e-06	-7.065694e-09	-4.558192e+01	-4.247807e+02
1.100000e-07	-7.105072e-06	-7.092546e-09	-4.552250e+01	-4.248463e+02
1.200000e-07	-7.094729e-06	-7.126295e-09	-4.545623e+01	-4.248766e+02
1.300000e-07	-7.083364e-06	-7.213119e-09	-4.538342e+01	-4.248776e+02
1.400000e-07	-7.071231e-06	-7.165994e-09	-4.530568e+01	-4.248560e+02
1.500000e-07	-7.058302e-06	-7.004173e-09	-4.522285e+01	-4.248175e+02
1.600000e-07	-7.044467e-06	-7.171621e-09	-4.513420e+01	-4.247665e+02
1.700000e-07	-7.029765e-06	-7.208051e-09	-4.504001e+01	-4.247053e+02
1.800000e-07	-7.013851e-06	-7.047110e-09	-4.493804e+01	-4.246334e+02
1.900000e-07	-6.996816e-06	-7.118967e-09	-4.482890e+01	-4.245477e+02
2.000000e-07	-6.979150e-06	-7.096026e-09	-4.471571e+01	-4.244426e+02
2.100000e-07	-6.960730e-06	-7.083886e-09	-4.459769e+01	-4.243107e+02
2.200000e-07	-6.941483e-06	-7.208107e-09	-4.447438e+01	-4.241430e+02
2.300000e-07	-6.921599e-06	-7.085412e-09	-4.434698e+01	-4.239308e+02
2.400000e-07	-6.901072e-06	-7.004821e-09	-4.421547e+01	-4.236655e+02
2.500000e-07	-6.879823e-06	-7.121218e-09	-4.407932e+01	-4.233405e+02
2.600000e-07	-6.857761e-06	-7.102551e-09	-4.393797e+01	-4.229512e+02
2.700000e-07	-6.834908e-06	-7.076447e-09	-4.379155e+01	-4.224957e+02
2.800000e-07	-6.811316e-06	-7.019655e-09	-4.364039e+01	-4.219747e+02
2.900000e-07	-6.786953e-06	-7.035807e-09	-4.348430e+01	-4.213914e+02
3.000000e-07	-6.761761e-06	-7.116910e-09	-4.332289e+01	-4.207509e+02
3.100000e-07	-6.735646e-06	-7.038711e-09	-4.315557e+01	-4.200595e+02
3.200000e-07	-6.708428e-06	-6.964913e-09	-4.298118e+01	-4.193241e+02
3.300000e-07	-6.680254e-06	-6.997076e-09	-4.280067e+01	-4.185509e+02
3.400000e-07	-6.651416e-06	-7.048800e-09	-4.261590e+01	-4.177453e+02
3.500000e-07	-6.621924e-06	-6.994191e-09	-4.242695e+01	-4.169111e+02
3.600000e-07	-6.591646e-06	-6.920618e-09	-4.223295e+01	-4.160504e+02
3.700000e-07	-6.560526e-06	-6.955032e-09	-4.203357e+01	-4.151635e+02
3.800000e-07	-6.528667e-06	-6.959212e-09	-4.182945e+01	-4.142493e+02
3.900000e-07	-6.496256e-06	-6.918713e-09	-4.162179e+01	-4.133060e+02
4.000000e-07	-6.463248e-06	-6.889850e-09	-4.141031e+01	-4.123309e+02
4.100000e-07	-6.429206e-06	-6.874788e-09	-4.119220e+01	-4.113220e+02
4.200000e-07	-6.393982e-06	-6.906788e-09	-4.096651e+01	-4.102775e+02
4.300000e-07	-6.357943e-06	-6.867532e-09	-4.073561e+01	-4.091969e+02
4.400000e-07	-6.321309e-06	-6.816317e-09	-4.050090e+01	-4.080804e+02
4.500000e-07	-6.283944e-06	-6.801545e-09	-4.026149e+01	-4.069297e+02
4.600000e-07	-6.245793e-06	-6.798454e-09	-4.001707e+01	-4.057468e+02
4.700000e-07	-6.206913e-06	-6.778017e-09	-3.976796e+01	-4.045342e+02
4.800000e-07	-6.167366e-06	-6.734684e-09	-3.951458e+01	-4.032941e+02
4.900000e-07	-6.127224e-06	-6.731137e-09	-3.925739e+01	-4.020281e+02
5.000000e-07	-6.086510e-06	-6.722994e-09	-3.899653e+01	-4.007367e+02
5.100000e-07	-6.045001e-06	-6.698710e-09	-3.873058e+01	-3.994193e+02
5.200000e-07	-6.002466e-06	-6.656177e-09	-3.845805e+01	-3.980738e+02
5.300000e-07	-5.958926e-06	-6.627431e-09	-3.817909e+01	-3.966974e+02
5.400000e-07	-5.914617e-06	-6.623550e-09	-3.789521e+01	-3.952861e+02
5.500000e-07	-5.869777e-06	-6.595038e-09	-3.760791e+01	-3.938363e+02
5.600000e-07	-5.824286e-06	-6.556287e-09	-3.731645e+01	-3.923442e+02
5.700000e-07	-5.778071e-06	-6.531694e-09	-3.702035e+01	-3.908074e+02
5.800000e-07	-5.731173e-06	-6.524670e-09	-3.671987e+01	-3.892245e+02
5.900000e-07	-5.683646e-06	-6.496210e-09	-3.641536e+01	-3.875957e+02
6.000000e-07	-5.635489e-06	-6.452051e-09	-3.610682e+01	-3.859229e+02
6.100000e-07	-5.586630e-06	-6.433020e-09	-3.579378e+01	-3.842091e+02
6.200000e-07	-5.536834e-06	-6.416794e-09	-3.547473e+01	-3.824585e+02
6.300000e-07	-5.486050e-06	-6.385923e-09	-3.514936e+01	-3.806756e+02
6.400000e-07	-5.434438e-06	-6.338438e-09	-3.481868e+01	-3.788647e+02
6.500000e-07	-5.382075e-06	-6.310264e-09	-3.448318e+01	-3.770292e+02
6.600000e-07	-5.328978e-06	-6.292822e-09	-3.414299e+01	-3.751713e+02
6.700000e-07	-5.275185e-06	-6.257408e-09	-3.379833e+01	-3.732916e+02
6.800000e-07	-5.220814e-06	-6.213354e-09	-3.344998e+01	-3.713890e+02
6.900000e-07	-5.165863e-06	-6.187968e-09	-3.309790e+01	-3.694606e+02
7.000000e-07	-5.110390e-06	-6.173708e-09	-3.274248e+01	-3.675026e+02
7.100000e-07	-5.054369e-06	-6.140054e-09	-3.238356e+01	-3.655102e+02
7.200000e-07	-4.997812e-06	-6.092289e-09	-3.202120e+01	-3.634786e+02
7.300000e-07	-4.940644e-06	-6.055358e-09	-3.165492e+01	-3.614037e+02
7.400000e-07	-4.882586e-06	-6.029274e-09	-3.128294e+01	-3.592821e+02
7.500000e-07	-4.823695e-06	-5.988708e-09	-3.090562e+01	-3.571122e+02
7.600000e-07	-4.764189e-06	-5.939790e-09	-3.052436e+01	-3.548938e+02
7.700000e-07	-4.704146e-06	-5.906309e-09	-3.013967e+01	-3.526284e+02
7.800000e-07	-4.643627e-06	-5.883327e-09	-2.975191e+01	-3.503190e+02
7.900000e-07	-4.582635e-06	-5.846947e-09	-2.936114e+01	-3.479694e+02
8.000000e-07	-4.521199e-06	-5.797395e-09	-2.896752e+01	-3.455837e+02
8.100000e-07	-4.459357e-06	-5.754974e-09	-2.857129e+01	-3.431660e+02
8.200000e-07	-4.396923e-06	-5.721671e-09	-2.817127e+01	-3.407197e+02
8.300000e-07	-4.333925e-06	-5.677111e-09	-2.776764e+01	-3.382469e+02
8.400000e-07	-4.270491e-06	-5.624664e-09	-2.736122e+01	-3.357485e+02
8.500000e-07	-4.206580e-06	-5.580639e-09	-2.695173e+01	-3.332238e+02
8.600000e-07	-4.142146e-06	-5.548541e-09	-2.653891e+01	-3.306712e+02
8.700000e-07	-4.077239e-06	-5.512573e-09	-2.612304e+01	-3.280876e+02
8.800000e-07	-4.011876e-06	-5.466686e-09	-2.570426e+01	-3.254699e+02
8.900000e-07	-3.945932e-06	-5.422291e-09	-2.528175e+01	-3.228144e+02
9.000000e-07	-3.879331e-06	-5.381735e-09	-2.485504e+01	-3.201182e+02
9.100000e-07	-3.812190e-06	-5.331976e-09	-2.442487e+01	-3.173785e+02
9.200000e-07	-3.744716e-06	-5.273041e-09	-2.399255e+01	-3.145939e+02
9.300000e-07	-3.676745e-06	-5.219897e-09	-2.355706e+01	-3.117635e+02
9.400000e-07	-3.608315e-06	-5.177825e-09	-2.311863e+01	-3.088873e+02
9.500000e-07	-3.539600e-06	-5.134665e-09	-2.267837e+01	-3.059659e+02
9.600000e-07	-3.470535e-06	-5.083791e-09	-2.223586e+01	-3.029997e+02
9.700000e-07	-3.401139e-06	-5.034197e-09	-2.179125e+01	-2.999894e+02
9.800000e-07	-3.331299e-06	-4.986493e-09	-2.134378e+01	-2.969349e+02
9.900000e-07	-3.261082e-06	-4.930437e-09	-2.089389e+01	-2.938354e+02
1.000000e-06	-3.190504e-06	-4.866263e-09	-2.044170e+01	-2.906895e+02
1.010000e-06	-3.119445e-06	-4.808072e-09	-1.998641e+01	-2.874951e+02
1.020000e-06	-3.048017e-06	-4.759750e-09	-1.952878e+01	-2.842497e+02
1.030000e-06	-2.976277e-06	-4.710589e-09	-1.906914e+01	-2.809506e+02
1.040000e-06	-2.904218e-06	-4.653997e-09	-1.860745e+01	-2.775958e+02
1.050000e-06	-2.831872e-06	-4.595703e-09	-1.814393e+01	-2.741835e+02
1.060000e-06	-2.759183e-06	-4.539841e-09	-1.767820e+01	-2.707134e+02
1.070000e-06	-2.686121e-06	-4.479059e-09	-1.721009e+01	-2.671862e+02
1.080000e-06	-2.612721e-06	-4.413006e-09	-1.673982e+01	-2.636038e+02
1.090000e-06	-2.538939e-06	-4.349306e-09	-1.626709e+01	-2.599693e+02
1.100000e-06	-2.464773e-06	-4.290717e-09	-1.579191e+01	-2.562863e+02
1.110000e-06	-2.390236e-06	-4.233162e-09	-1.531434e+01	-2.525590e+02
1.120000e-06	-2.315322e-06	-4.171824e-09	-1.483437e+01	-2.487911e+02
1.130000e-06	-2.240029e-06	-4.109136e-09	-1.435196e+01	-2.449856e+02
1.140000e-06	-2.164361e-06	-4.045289e-09	-1.386715e+01	-2.411446e+02
1.150000e-06	-2.088374e-06	-3.980247e-09	-1.338030e+01	-2.372684e+02
1.160000e-06	-2.012098e-06	-3.912812e-09	-1.289160e+01	-2.333561e+02
1.170000e-06	-1.935588e-06	-3.845461e-09	-1.240140e+01	-2.294051e+02
1.180000e-06	-1.858879e-06	-3.779380e-09	-1.190992e+01	-2.254118e+02
1.190000e-06	-1.781946e-06	-3.715555e-09	-1.141701e+01	-2.213719e+02
1.200000e-06	-1.704936e-06	-3.652229e-09	-1.092360e+01	-2.172810e+02
1.210000e-06	-1.627768e-06	-3.585247e-09	-1.042918e+01	-2.131350e+02
1.220000e-06	-1.550336e-06	-3.515253e-09	-9.933067e+00	-2.089305e+02
1.230000e-06	-1.472645e-06	-3.442760e-09	-9.435296e+00	-2.046655e+02
1.240000e-06	-1.394741e-06	-3.368166e-09	-8.936164e+00	-2.003392e+02
1.250000e-06	-1.316715e-06	-3.291806e-09	-8.436250e+00	-1.959522e+02
1.260000e-06	-1.238530e-06	-3.217313e-09	-7.935316e+00	-1.915061e+02
1.270000e-06	-1.160145e-06	-3.145989e-09	-7.433097e+00	-1.870033e+02
1.280000e-06	-1.081544e-06	-3.074287e-09	-6.929500e+00	-1.824464e+02
1.290000e-06	-1.002772e-06	-2.996970e-09	-6.424805e+00	-1.778378e+02
1.300000e-06	-9.239284e-07	-2.918487e-09	-5.919649e+00	-1.731794e+02
1.310000e-06	-8.449848e-07	-2.842257e-09	-5.413853e+00	-1.684719e+02
1.320000e-06	-7.659435e-07	-2.764229e-09	-4.907433e+00	-1.637149e+02
1.330000e-06	-6.868338e-07	-2.680854e-09	-4.400573e+00	-1.589068e+02
1.340000e-06	-6.075588e-07	-2.597973e-09	-3.892655e+00	-1.540453e+02
1.350000e-06	-5.282190e-07	-2.519285e-09	-3.384322e+00	-1.491272e+02
1.360000e-06	-4.487781e-07	-2.440538e-09	-2.875340e+00	-1.441493e+02
1.370000e-06	-3.692242e-07	-2.355499e-09	-2.365635e+00	-1.391085e+02
1.380000e-06	-2.896252e-07	-2.266468e-09	-1.855641e+00	-1.340025e+02
1.390000e-06	-2.099330e-07	-2.179408e-09	-1.345050e+00	-1.288300e+02
1.400000e-06	-1.301689e-07	-2.094095e-09	-8.339977e-01	-1.235906e+02
1.410000e-06	-5.047799e-08	-2.006259e-09	-3.234146e-01	-1.182852e+02
1.420000e-06	2.917313e-08	-1.912507e-09	1.869135e-01	-1.129155e+02
1.430000e-06	1.088077e-07	-1.820668e-09	6.971353e-01	-1.074839e+02
1.440000e-06	1.884560e-07	-1.732639e-09	1.207445e+00	-1.019931e+02
1.450000e-06	2.680963e-07	-1.641185e-09	1.717705e+00	-9.644551e+01
1.460000e-06	3.476426e-07	-1.545575e-09	2.227361e+00	-9.084345e+01
1.470000e-06	4.271966e-07	-1.451287e-09	2.737067e+00	-8.518856e+01
1.480000e-06	5.067085e-07	-1.356123e-09	3.246503e+00	-7.948203e+01
1.490000e-06	5.861283e-07	-1.257329e-09	3.755349e+00	-7.372473e+01
1.500000e-06	6.655245e-07	-1.155508e-09	4.264044e+00	-6.791755e+01
1.510000e-06	7.447534e-07	-1.057040e-09	4.771667e+00	-6.206187e+01
1.520000e-06	8.237702e-07	-9.616891e-10	5.277931e+00	-5.616002e+01
1.530000e-06	9.027621e-07	-8.634417e-10	5.784035e+00	-5.021574e+01
1.540000e-06	9.816560e-07	-7.610006e-10	6.289512e+00	-4.423449e+01
1.550000e-06	1.060409e-06	-6.557844e-10	6.794085e+00	-3.822354e+01
1.560000e-06	1.138988e-06	-5.532304e-10	7.297544e+00	-3.219193e+01
1.570000e-06	1.217365e-06	-4.496268e-10	7.799712e+00	-2.615005e+01
1.580000e-06	1.295597e-06	-3.439476e-10	8.300948e+00	-2.010907e+01
1.590000e-06	1.373650e-06	-2.391114e-10	8.801035e+00	-1.408025e+01
1.600000e-06	1.451423e-06	-1.385986e-10	9.299329e+00	-8.074085e+00
1.610000e-06	1.528963e-06	-4.221367e-11	9.796134e+00	-2.099520e+00
1.620000e-06	1.606358e-06	5.734901e-11	1.029201e+01	3.836709e+00
1.630000e-06	1.683524e-06	1.590211e-10	1.078641e+01	9.730534e+00
1.640000e-06	1.760423e-06	2.587266e-10	1.127910e+01	1.558073e+01
1.650000e-06	1.837136e-06	3.592234e-10	1.177061e+01	2.138880e+01
1.660000e-06	1.913669e-06	4.647995e-10	1.226096e+01	2.715852e+01
1.670000e-06	1.989973e-06	5.668855e-10	1.274984e+01	3.289529e+01
1.680000e-06	2.066016e-06	6.625664e-10	1.323705e+01	3.860531e+01
1.690000e-06	2.141712e-06	7.567285e-10	1.372204e+01	4.429466e+01
1.700000e-06	2.217108e-06	8.503118e-10	1.420511e+01	4.996846e+01
1.710000e-06	2.292138e-06	9.439057e-10	1.468583e+01	5.563023e+01
1.720000e-06	2.366738e-06	1.036576e-09	1.516379e+01	6.128140e+01
1.730000e-06	2.441025e-06	1.131638e-09	1.563975e+01	6.692122e+01
1.740000e-06	2.514975e-06	1.230964e-09	1.611355e+01	7.254689e+01
1.750000e-06	2.588562e-06	1.329692e-09	1.658503e+01	7.815402e+01
1.760000e-06	2.661773e-06	1.425783e-09	1.705410e+01	8.373724e+01
1.770000e-06	2.734600e-06	1.520852e-09	1.752070e+01	8.929100e+01
1.780000e-06	2.807141e-06	1.613172e-09	1.798547e+01	9.481028e+01
1.790000e-06	2.879389e-06	1.704201e-09	1.844837e+01	1.002913e+02
1.800000e-06	2.951347e-06	1.793596e-09	1.890941e+01	1.057317e+02
1.810000e-06	3.022955e-06	1.886281e-09	1.936820e+01	1.111313e+02
1.820000e-06	3.094177e-06	1.979340e-09	1.982452e+01	1.164914e+02
1.830000e-06	3.165130e-06	2.069986e-09	2.027912e+01	1.218146e+02
1.840000e-06	3.235737e-06	2.158322e-09	2.073150e+01	1.271044e+02
1.850000e-06	3.305974e-06	2.243438e-09	2.118152e+01	1.323644e+02
1.860000e-06	3.375829e-06	2.328087e-09	2.162908e+01	1.375974e+02
1.870000e-06	3.445241e-06	2.412224e-09	2.207380e+01	1.428051e+02
1.880000e-06	3.514244e-06	2.498416e-09	2.251591e+01	1.479874e+02
1.890000e-06	3.582868e-06	2.585748e-09	2.295559e+01	1.531424e+02
1.900000e-06	3.651153e-06	2.675101e-09	2.339309e+01	1.582665e+02
1.910000e-06	3.719055e-06	2.762748e-09	2.382814e+01	1.633546e+02
1.920000e-06	3.786486e-06	2.844745e-09	2.426018e+01	1.684007e+02
1.930000e-06	3.853363e-06	2.922973e-09	2.468866e+01	1.733989e+02
1.940000e-06	3.919670e-06	3.000333e-09	2.511349e+01	1.783438e+02
1.950000e-06	3.985368e-06	3.080086e-09	2.553442e+01	1.832315e+02
1.960000e-06	4.050457e-06	3.164563e-09	2.595145e+01	1.880597e+02
1.970000e-06	4.115065e-06	3.249014e-09	2.636540e+01	1.928285e+02
1.980000e-06	4.179207e-06	3.331303e-09	2.677636e+01	1.975399e+02
1.990000e-06	4.242944e-06	3.411658e-09	2.718472e+01	2.021977e+02
2.000000e-06	4.306244e-06	3.489444e-09	2.759029e+01	2.068069e+02
2.010000e-06	4.369063e-06	3.563982e-09	2.799277e+01	2.113731e+02
2.020000e-06	4.431430e-06	3.633563e-09	2.839236e+01	2.159014e+02
2.030000e-06	4.493275e-06	3.703095e-09	2.878860e+01	2.203960e+02
2.040000e-06	4.554605e-06	3.777460e-09	2.918155e+01	2.248594e+02
2.050000e-06	4.615539e-06	3.853704e-09	2.957196e+01	2.292923e+02
2.060000e-06	4.676022e-06	3.929460e-09	2.995947e+01	2.336931e+02
2.070000e-06	4.735982e-06	4.005977e-09	3.034364e+01	2.380585e+02
2.080000e-06	4.795394e-06	4.081580e-09	3.072429e+01	2.423836e+02
2.090000e-06	4.854123e-06	4.154751e-09	3.110057e+01	2.466631e+02
2.100000e-06	4.912030e-06	4.224619e-09	3.147159e+01	2.508915e+02
2.110000e-06	4.969198e-06	4.294084e-09	3.183786e+01	2.550639e+02
2.120000e-06	5.025839e-06	4.363401e-09	3.220077e+01	2.591772e+02
2.130000e-06	5.081879e-06	4.430437e-09	3.255982e+01	2.632298e+02
2.140000e-06	5.137283e-06	4.498225e-09	3.291479e+01	2.672220e+02
2.150000e-06	5.192164e-06	4.565365e-09	3.326642e+01	2.711561e+02
2.160000e-06	5.246479e-06	4.633031e-09	3.361441e+01	2.750357e+02
2.170000e-06	5.300150e-06	4.702232e-09	3.395829e+01	2.788655e+02
2.180000e-06	5.353140e-06	4.769613e-09	3.429779e+01	2.826501e+02
2.190000e-06	5.405500e-06	4.831873e-09	3.463327e+01	2.863937e+02
2.200000e-06	5.457122e-06	4.890801e-09	3.496401e+01	2.900995e+02
2.210000e-06	5.507750e-06	4.949968e-09	3.528839e+01	2.937690e+02
2.220000e-06	5.557398e-06	5.011691e-09	3.560649e+01	2.974020e+02
2.230000e-06	5.606267e-06	5.075396e-09	3.591959e+01	3.009964e+02
2.240000e-06	5.654520e-06	5.138495e-09	3.622875e+01	3.045491e+02
2.250000e-06	5.702118e-06	5.200918e-09	3.653371e+01	3.080557e+02
2.260000e-06	5.749031e-06	5.260562e-09	3.683429e+01	3.115119e+02
2.270000e-06	5.795307e-06	5.313613e-09	3.713078e+01	3.149135e+02
2.280000e-06	5.840859e-06	5.364053e-09	3.742264e+01	3.182573e+02
2.290000e-06	5.885767e-06	5.419293e-09	3.771036e+01	3.215416e+02
2.300000e-06	5.930232e-06	5.479794e-09	3.799525e+01	3.247659e+02
2.310000e-06	5.974217e-06	5.538529e-09	3.827706e+01	3.279316e+02
2.320000e-06	6.017411e-06	5.592607e-09	3.855381e+01	3.310408e+02
2.330000e-06	6.059552e-06	5.644411e-09	3.882381e+01	3.340967e+02
2.340000e-06	6.100746e-06	5.693394e-09	3.908774e+01	3.371025e+02
2.350000e-06	6.141207e-06	5.737367e-09	3.934697e+01	3.400609e+02
2.360000e-06	6.181014e-06	5.782374e-09	3.960202e+01	3.429735e+02
2.370000e-06	6.220125e-06	5.833922e-09	3.985261e+01	3.458407e+02
2.380000e-06	6.258523e-06	5.889640e-09	4.009862e+01	3.486612e+02
2.390000e-06	6.296197e-06	5.944001e-09	4.034000e+01	3.514326e+02
2.400000e-06	6.333173e-06	5.993131e-09	4.057691e+01	3.541511e+02
2.410000e-06	6.369594e-06	6.040688e-09	4.081026e+01	3.568125e+02
2.420000e-06	6.405412e-06	6.083380e-09	4.103975e+01	3.594127e+02
2.430000e-06	6.440338e-06	6.121706e-09	4.126352e+01	3.619483e+02
2.440000e-06	6.474172e-06	6.160883e-09	4.148030e+01	3.644171e+02
2.450000e-06	6.507028e-06	6.205323e-09	4.169080e+01	3.668187e+02
2.460000e-06	6.539230e-06	6.251014e-09	4.189712e+01	3.691544e+02
2.470000e-06	6.570858e-06	6.290934e-09	4.209977e+01	3.714274e+02
2.480000e-06	6.601723e-06	6.326939e-09	4.229752e+01	3.736420e+02
2.490000e-06	6.631778e-06	6.364391e-09	4.249009e+01	3.758035e+02
2.500000e-06	6.661075e-06	6.400972e-09	4.267779e+01	3.779173e+02
2.510000e-06	6.689666e-06	6.431832e-09	4.286097e+01	3.799882e+02
2.520000e-06	6.717683e-06	6.461312e-09	4.304048e+01	3.820196e+02
2.530000e-06	6.744956e-06	6.494873e-09	4.321522e+01	3.840134e+02
2.540000e-06	6.771195e-06	6.532199e-09	4.338333e+01	3.859695e+02
2.550000e-06	6.796379e-06	6.565398e-09	4.354469e+01	3.878859e+02
2.560000e-06	6.820642e-06	6.593870e-09	4.370014e+01	3.897590e+02
2.570000e-06	6.844117e-06	6.623909e-09	4.385055e+01	3.915842e+02
2.580000e-06	6.866882e-06	6.656831e-09	4.399640e+01	3.933564e+02
2.590000e-06	6.888828e-06	6.686645e-09	4.413701e+01	3.950713e+02
2.600000e-06	6.909961e-06	6.713854e-09	4.427242e+01	3.967253e+02
2.610000e-06	6.930504e-06	6.740863e-09	4.440403e+01	3.983166e+02
2.620000e-06	6.950439e-06	6.768276e-09	4.453176e+01	3.998455e+02
2.630000e-06	6.969570e-06	6.792635e-09	4.465434e+01	4.013142e+02
2.640000e-06	6.987748e-06	6.811913e-09	4.477080e+01	4.027264e+02
2.650000e-06	7.005095e-06	6.832680e-09	4.488194e+01	4.040874e+02
2.660000e-06	7.021667e-06	6.858419e-09	4.498812e+01	4.054027e+02
2.670000e-06	7.037306e-06	6.883751e-09	4.508832e+01	4.066779e+02
2.680000e-06	7.051925e-06	6.904160e-09	4.518198e+01	4.079175e+02
2.690000e-06	7.065586e-06	6.925375e-09	4.526951e+01	4.091243e+02
2.700000e-06	7.078375e-06	6.949230e-09	4.535145e+01	4.102993e+02
2.710000e-06	7.090389e-06	6.968957e-09	4.542843e+01	4.114414e+02
2.720000e-06	7.101403e-06	6.982360e-09	4.549899e+01	4.125478e+02
2.730000e-06	7.111171e-06	6.998247e-09	4.556158e+01	4.136140e+02
2.740000e-06	7.119890e-06	7.015582e-09	4.561744e+01	4.146351e+02
2.750000e-06	7.127788e-06	7.030897e-09	4.566804e+01	4.156057e+02
2.760000e-06	7.134957e-06	7.044462e-09	4.571397e+01	4.165217e+02
2.770000e-06	7.141383e-06	7.060855e-09	4.575515e+01	4.173800e+02
2.780000e-06	7.147011e-06	7.081067e-09	4.579120e+01	4.181795e+02
2.790000e-06	7.151804e-06	7.100223e-09	4.582191e+01	4.189211e+02
2.800000e-06	7.155870e-06	7.114695e-09	4.584796e+01	4.196074e+02
2.810000e-06	7.159174e-06	7.125467e-09	4.586913e+01	4.202428e+02
2.820000e-06	7.161398e-06	7.135842e-09	4.588338e+01	4.208324e+02
2.830000e-06	7.162502e-06	7.141155e-09	4.589046e+01	4.213817e+02
2.840000e-06	7.162837e-06	7.142298e-09	4.589260e+01	4.218955e+02
2.850000e-06	7.162450e-06	7.146347e-09	4.589012e+01	4.223775e+02
2.860000e-06	7.161243e-06	7.158965e-09	4.588239e+01	4.228298e+02
2.870000e-06	7.159275e-06	7.175724e-09	4.586978e+01	4.232525e+02
2.880000e-06	7.156554e-06	7.187862e-09	4.585234e+01	4.236443e+02
2.890000e-06	7.153142e-06	7.197019e-09	4.583048e+01	4.240022e+02
2.900000e-06	7.149219e-06	7.203717e-09	4.580535e+01	4.243226e+02
2.910000e-06	7.144563e-06	7.207413e-09	4.577552e+01	4.246018e+02
2.920000e-06	7.138850e-06	7.189331e-09	4.573892e+01	4.248366e+02
2.930000e-06	7.132048e-06	7.197310e-09	4.569534e+01	4.250255e+02
2.940000e-06	7.124286e-06	7.276064e-09	4.564560e+01	4.251684e+02
2.950000e-06	7.115455e-06	7.274239e-09	4.558902e+01	4.252675e+02
2.960000e-06	7.105515e-06	7.238858e-09	4.552534e+01	4.253267e+02
2.970000e-06	7.094805e-06	7.108625e-09	4.545672e+01	4.253516e+02
2.980000e-06	7.083603e-06	7.108156e-09	4.538495e+01	4.253485e+02
2.990000e-06	7.071737e-06	7.322853e-09	4.530892e+01	4.253239e+02
3.000000e-06	7.058538e-06	7.155147e-09	4.522435e+01	4.252835e+02
3.010000e-06	7.044159e-06	7.099318e-09	4.513223e+01	4.252311e+02
3.020000e-06	7.029053e-06	7.294658e-09	4.503544e+01	4.251686e+02
3.030000e-06	7.013023e-06	7.157596e-09	4.493274e+01	4.250951e+02
3.040000e-06	6.996132e-06	7.169606e-09	4.482452e+01	4.250069e+02
3.050000e-06	6.978607e-06	7.256853e-09	4.471223e+01	4.248981e+02
3.060000e-06	6.960271e-06	7.030098e-09	4.459476e+01	4.247607e+02
3.070000e-06	6.941179e-06	7.128917e-09	4.447243e+01	4.245860e+02
3.080000e-06	6.921512e-06	7.258724e-09	4.434643e+01	4.243651e+02
3.090000e-06	6.901205e-06	7.063638e-09	4.421631e+01	4.240897e+02
3.100000e-06	6.880088e-06	7.125760e-09	4.408102e+01	4.237535e+02
3.110000e-06	6.857695e-06	7.122791e-09	4.393755e+01	4.233525e+02
3.120000e-06	6.834134e-06	7.140201e-09	4.378659e+01	4.228852e+02
3.130000e-06	6.810030e-06	7.172571e-09	4.363215e+01	4.223529e+02
3.140000e-06	6.785200e-06	6.961685e-09	4.347307e+01	4.217590e+02
3.150000e-06	6.759352e-06	7.089456e-09	4.330746e+01	4.211091e+02
3.160000e-06	6.732618e-06	7.157494e-09	4.313617e+01	4.204096e+02
3.170000e-06	6.705196e-06	7.015151e-09	4.296047e+01	4.196673e+02
3.180000e-06	6.677175e-06	7.009509e-09	4.278094e+01	4.188883e+02
3.190000e-06	6.648245e-06	6.973404e-09	4.259559e+01	4.180777e+02
3.200000e-06	6.618154e-06	7.072172e-09	4.240280e+01	4.172391e+02
3.210000e-06	6.587209e-06	6.984729e-09	4.220453e+01	4.163741e+02
3.220000e-06	6.555588e-06	6.878442e-09	4.200193e+01	4.154828e+02
3.230000e-06	6.523167e-06	6.997486e-09	4.179421e+01	4.145640e+02
3.240000e-06	6.489929e-06	6.941808e-09	4.158125e+01	4.136155e+02
3.250000e-06	6.456051e-06	6.944336e-09	4.136419e+01	4.126349e+02
3.260000e-06	6.421533e-06	6.851187e-09	4.114303e+01	4.116201e+02
3.270000e-06	6.386247e-06	6.851342e-09	4.091696e+01	4.105695e+02
3.280000e-06	6.350343e-06	6.925378e-09	4.068692e+01	4.094827e+02
3.290000e-06	6.313739e-06	6.811571e-09	4.045239e+01	4.083603e+02
3.300000e-06	6.276203e-06	6.819897e-09	4.021190e+01	4.072040e+02
3.310000e-06	6.237557e-06	6.786154e-09	3.996429e+01	4.060160e+02
3.320000e-06	6.197991e-06	6.812971e-09	3.971079e+01	4.047987e+02
3.330000e-06	6.157848e-06	6.773120e-09	3.945360e+01	4.035542e+02
3.340000e-06	6.117106e-06	6.690156e-09	3.919256e+01	4.022841e+02
3.350000e-06	6.075661e-06	6.726241e-09	3.892702e+01	4.009886e+02
3.360000e-06	6.033541e-06	6.699365e-09	3.865716e+01	3.996667e+02
3.370000e-06	5.990795e-06	6.704121e-09	3.838328e+01	3.983164e+02
3.380000e-06	5.947484e-06	6.626714e-09	3.810579e+01	3.969343e+02
3.390000e-06	5.903699e-06	6.617939e-09	3.782525e+01	3.955167e+02
3.400000e-06	5.859259e-06	6.633698e-09	3.754052e+01	3.940598e+02
3.410000e-06	5.814003e-06	6.573909e-09	3.725056e+01	3.925602e+02
3.420000e-06	5.767983e-06	6.537670e-09	3.695572e+01	3.910155e+02
3.430000e-06	5.721341e-06	6.498906e-09	3.665688e+01	3.894245e+02
3.440000e-06	5.673997e-06	6.528011e-09	3.635354e+01	3.877879e+02
3.450000e-06	5.625909e-06	6.481345e-09	3.604544e+01	3.861078e+02
3.460000e-06	5.577132e-06	6.428600e-09	3.573292e+01	3.843874e+02
3.470000e-06	5.527505e-06	6.404197e-09	3.541496e+01	3.826310e+02
3.480000e-06	5.477093e-06	6.393155e-09	3.509197e+01	3.808432e+02
3.490000e-06	5.426037e-06	6.363653e-09	3.476485e+01	3.790280e+02
3.500000e-06	5.374320e-06	6.294787e-09	3.443350e+01	3.771889e+02
3.510000e-06	5.321870e-06	6.281676e-09	3.409745e+01	3.753276e+02
3.520000e-06	5.268452e-06	6.268008e-09	3.375520e+01	3.734443e+02
3.530000e-06	5.214068e-06	6.238327e-09	3.340675e+01	3.715378e+02
3.540000e-06	5.158919e-06	6.178073e-09	3.305341e+01	3.696048e+02
3.550000e-06	5.103165e-06	6.152830e-09	3.269619e+01	3.676413e+02
3.560000e-06	5.046928e-06	6.138012e-09	3.233588e+01	3.656426e+02
3.570000e-06	4.990177e-06	6.098607e-09	3.197228e+01	3.636038e+02
3.580000e-06	4.932962e-06	6.043505e-09	3.160570e+01	3.615210e+02
3.590000e-06	4.875143e-06	6.009085e-09	3.123525e+01	3.593910e+02
3.600000e-06	4.816608e-06	5.999304e-09	3.086021e+01	3.572126e+02
3.610000e-06	4.757512e-06	5.955610e-09	3.048158e+01	3.549859e+02
3.620000e-06	4.697975e-06	5.901995e-09	3.010013e+01	3.527127e+02
3.630000e-06	4.637953e-06	5.859394e-09	2.971557e+01	3.503960e+02
3.640000e-06	4.577359e-06	5.843123e-09	2.932734e+01	3.480399e+02
3.650000e-06	4.516097e-06	5.799787e-09	2.893483e+01	3.456486e+02
3.660000e-06	4.454124e-06	5.740851e-09	2.853776e+01	3.432260e+02
3.670000e-06	4.391493e-06	5.699010e-09	2.813648e+01	3.407752e+02
3.680000e-06	4.328283e-06	5.674600e-09	2.773149e+01	3.382982e+02
3.690000e-06	4.264576e-06	5.634799e-09	2.732332e+01	3.357955e+02
3.700000e-06	4.200446e-06	5.573390e-09	2.691244e+01	3.332665e+02
3.710000e-06	4.135906e-06	5.525833e-09	2.649893e+01	3.307089e+02
3.720000e-06	4.070939e-06	5.491129e-09	2.608268e+01	3.281198e+02
3.730000e-06	4.005488e-06	5.448363e-09	2.566334e+01	3.254959e+02
3.740000e-06	3.939543e-06	5.386040e-09	2.524082e+01	3.228337e+02
3.750000e-06	3.873195e-06	5.339491e-09	2.481573e+01	3.201300e+02
3.760000e-06	3.806428e-06	5.306580e-09	2.438794e+01	3.173827e+02
3.770000e-06	3.739285e-06	5.264737e-09	2.395776e+01	3.145902e+02
3.780000e-06	3.671783e-06	5.201695e-09	2.352527e+01	3.117518e+02
3.790000e-06	3.603834e-06	5.146706e-09	2.308992e+01	3.088677e+02
3.800000e-06	3.535453e-06	5.107644e-09	2.265180e+01	3.059385e+02
3.810000e-06	3.466599e-06	5.059597e-09	2.221065e+01	3.029647e+02
3.820000e-06	3.397196e-06	4.997324e-09	2.176598e+01	2.999467e+02
3.830000e-06	3.327211e-06	4.940463e-09	2.131758e+01	2.968844e+02
3.840000e-06	3.256693e-06	4.901055e-09	2.086577e+01	2.937770e+02
3.850000e-06	3.185723e-06	4.854711e-09	2.041106e+01	2.906228e+02
3.860000e-06	3.114398e-06	4.791212e-09	1.995408e+01	2.874197e+02
3.870000e-06	3.042749e-06	4.727826e-09	1.949502e+01	2.841651e+02
3.880000e-06	2.970736e-06	4.677522e-09	1.903363e+01	2.808563e+02
3.890000e-06	2.898458e-06	4.621796e-09	1.857054e+01	2.774914e+02
3.900000e-06	2.825907e-06	4.555049e-09	1.810571e+01	2.740690e+02
3.910000e-06	2.753026e-06	4.494939e-09	1.763876e+01	2.705887e+02
3.920000e-06	2.679797e-06	4.448896e-09	1.716958e+01	2.670516e+02
3.930000e-06	2.606270e-06	4.394266e-09	1.669848e+01	2.634598e+02
3.940000e-06	2.532490e-06	4.321844e-09	1.622577e+01	2.598165e+02
3.950000e-06	2.458390e-06	4.249148e-09	1.575101e+01	2.561256e+02
3.960000e-06	2.383901e-06	4.188741e-09	1.527375e+01	2.523910e+02
3.970000e-06	2.309184e-06	4.129678e-09	1.479504e+01	2.486165e+02
3.980000e-06	2.234282e-06	4.060096e-09	1.431514e+01	2.448049e+02
3.990000e-06	2.159030e-06	3.995749e-09	1.383300e+01	2.409579e+02
4.000000e-06	2.083553e-06	3.942590e-09	1.334941e+01	2.370757e+02
4.010000e-06	2.007871e-06	3.882984e-09	1.286452e+01	2.331570e+02
4.020000e-06	1.931904e-06	3.806950e-09	1.237779e+01	2.291990e+02
4.030000e-06	1.855635e-06	3.729396e-09	1.188913e+01	2.251979e+02
4.040000e-06	1.779033e-06	3.662939e-09	1.139834e+01	2.211495e+02
4.050000e-06	1.702216e-06	3.596762e-09	1.090617e+01	2.170492e+02
4.060000e-06	1.625094e-06	3.519105e-09	1.041205e+01	2.128930e+02
4.070000e-06	1.547660e-06	3.443663e-09	9.915922e+00	2.086780e+02
4.080000e-06	1.470066e-06	3.381879e-09	9.418777e+00	2.044021e+02
4.090000e-06	1.392293e-06	3.319396e-09	8.920478e+00	2.000650e+02
4.100000e-06	1.314334e-06	3.243545e-09	8.420995e+00	1.956674e+02
4.110000e-06	1.236133e-06	3.162408e-09	7.919958e+00	1.912110e+02
4.120000e-06	1.157694e-06	3.089389e-09	7.417398e+00	1.866985e+02
4.130000e-06	1.079139e-06	3.013797e-09	6.914087e+00	1.821324e+02
4.140000e-06	1.000467e-06	2.926698e-09	6.410034e+00	1.775150e+02
4.150000e-06	9.216501e-07	2.840815e-09	5.905051e+00	1.728480e+02
4.160000e-06	8.426458e-07	2.766941e-09	5.398868e+00	1.681319e+02
4.170000e-06	7.635290e-07	2.696108e-09	4.891963e+00	1.633661e+02
4.180000e-06	6.843660e-07	2.616077e-09	4.384762e+00	1.585489e+02
4.190000e-06	6.051538e-07	2.533626e-09	3.877246e+00	1.536776e+02
4.200000e-06	5.258626e-07	2.456028e-09	3.369224e+00	1.487492e+02
4.210000e-06	4.464677e-07	2.374573e-09	2.860538e+00	1.437603e+02
4.220000e-06	3.670119e-07	2.282131e-09	2.351461e+00	1.387081e+02
4.230000e-06	2.875339e-07	2.187328e-09	1.842242e+00	1.335904e+02
4.240000e-06	2.080288e-07	2.100234e-09	1.332849e+00	1.284059e+02
4.250000e-06	1.284457e-07	2.017868e-09	8.229572e-01	1.231547e+02
4.260000e-06	4.885223e-08	1.932022e-09	3.129983e-01	1.178377e+02
4.270000e-06	-3.072386e-08	1.842999e-09	-1.968491e-01	1.124569e+02
4.280000e-06	-1.102882e-07	1.755378e-09	-7.066215e-01	1.070146e+02
4.290000e-06	-1.898276e-07	1.667842e-09	-1.216233e+00	1.015136e+02
4.300000e-06	-2.693385e-07	1.573517e-09	-1.725663e+00	9.595626e+01
4.310000e-06	-3.488697e-07	1.474757e-09	-2.235223e+00	9.034481e+01
4.320000e-06	-4.283868e-07	1.378387e-09	-2.744693e+00	8.468080e+01
4.330000e-06	-5.077847e-07	1.283147e-09	-3.253398e+00	7.896533e+01
4.340000e-06	-5.871172e-07	1.186289e-09	-3.761685e+00	7.319923e+01
4.350000e-06	-6.663872e-07	1.087056e-09	-4.269571e+00	6.738346e+01
4.360000e-06	-7.455644e-07	9.889717e-10	-4.776863e+00	6.151954e+01
4.370000e-06	-8.246692e-07	8.940414e-10	-5.283691e+00	5.561004e+01
4.380000e-06	-9.036792e-07	7.975002e-10	-5.789911e+00	4.965899e+01
4.390000e-06	-9.825376e-07	6.968284e-10	-6.295160e+00	4.367219e+01
4.400000e-06	-1.061164e-06	5.960836e-10	-6.798925e+00	3.765727e+01
4.410000e-06	-1.139636e-06	4.957750e-10	-7.301694e+00	3.162354e+01
4.420000e-06	-1.217974e-06	3.925374e-10	-7.803608e+00	2.558159e+01
4.430000e-06	-1.296088e-06	2.871014e-10	-8.304092e+00	1.954268e+01
4.440000e-06	-1.373961e-06	1.849347e-10	-8.803029e+00	1.351798e+01
4.450000e-06	-1.451635e-06	8.985490e-11	-9.300689e+00	7.517753e+00
4.460000e-06	-1.529102e-06	-5.642759e-12	-9.797020e+00	1.550573e+00
4.470000e-06	-1.606228e-06	-1.063842e-10	-1.029117e+01	-4.377297e+00
4.480000e-06	-1.683026e-06	-2.059974e-10	-1.078322e+01	-1.026232e+01
4.490000e-06	-1.759613e-06	-3.027018e-10	-1.127392e+01	-1.610379e+01
4.500000e-06	-1.835953e-06	-3.990401e-10	-1.176303e+01	-2.190369e+01
4.510000e-06	-1.912020e-06	-4.969987e-10	-1.225039e+01	-2.766615e+01
4.520000e-06	-1.987832e-06	-5.939365e-10	-1.273612e+01	-3.339679e+01
4.530000e-06	-2.063388e-06	-6.881656e-10	-1.322021e+01	-3.910186e+01
4.540000e-06	-2.138676e-06	-7.839403e-10	-1.370259e+01	-4.478731e+01
4.550000e-06	-2.213657e-06	-8.804503e-10	-1.418300e+01	-5.045801e+01
4.560000e-06	-2.288340e-06	-9.774984e-10	-1.466149e+01	-5.611711e+01
4.570000e-06	-2.362696e-06	-1.071591e-09	-1.513789e+01	-6.176565e+01
4.580000e-06	-2.436840e-06	-1.164406e-09	-1.561294e+01	-6.740245e+01
4.590000e-06	-2.510786e-06	-1.258493e-09	-1.608671e+01	-7.302438e+01
4.600000e-06	-2.584405e-06	-1.349720e-09	-1.655839e+01	-7.862682e+01
4.610000e-06	-2.657660e-06	-1.440075e-09	-1.702774e+01	-8.420430e+01
4.620000e-06	-2.730615e-06	-1.532775e-09	-1.749516e+01	-8.975131e+01
4.630000e-06	-2.803279e-06	-1.627510e-09	-1.796073e+01	-9.526303e+01
4.640000e-06	-2.875653e-06	-1.721761e-09	-1.842443e+01	-1.007359e+02
4.650000e-06	-2.947701e-06	-1.812185e-09	-1.888604e+01	-1.061680e+02
4.660000e-06	-3.019453e-06	-1.899842e-09	-1.934576e+01	-1.115595e+02
4.670000e-06	-3.090968e-06	-1.988162e-09	-1.980397e+01	-1.169117e+02
4.680000e-06	-3.162158e-06	-2.076169e-09	-2.026008e+01	-1.222278e+02
4.690000e-06	-3.233018e-06	-2.164053e-09	-2.071409e+01	-1.275111e+02
4.700000e-06	-3.303412e-06	-2.250881e-09	-2.116510e+01	-1.327652e+02
4.710000e-06	-3.373208e-06	-2.338969e-09	-2.161229e+01	-1.379927e+02
4.720000e-06	-3.442535e-06	-2.427895e-09	-2.205647e+01	-1.431951e+02
4.730000e-06	-3.511308e-06	-2.515809e-09	-2.249710e+01	-1.483718e+02
4.740000e-06	-3.579516e-06	-2.602763e-09	-2.293411e+01	-1.535208e+02
4.750000e-06	-3.647365e-06	-2.687794e-09	-2.336882e+01	-1.586379e+02
4.760000e-06	-3.714855e-06	-2.774295e-09	-2.380124e+01	-1.637180e+02
4.770000e-06	-3.781949e-06	-2.859191e-09	-2.423111e+01	-1.687549e+02
4.780000e-06	-3.848604e-06	-2.940873e-09	-2.465817e+01	-1.737429e+02
4.790000e-06	-3.914820e-06	-3.020165e-09	-2.508242e+01	-1.786767e+02
4.800000e-06	-3.980607e-06	-3.100249e-09	-2.550392e+01	-1.835526e+02
4.810000e-06	-4.045947e-06	-3.181730e-09	-2.592256e+01	-1.883690e+02
4.820000e-06	-4.110792e-06	-3.260876e-09	-2.633802e+01	-1.931262e+02
4.830000e-06	-4.175182e-06	-3.340192e-09	-2.675057e+01	-1.978266e+02
4.840000e-06	-4.239165e-06	-3.420248e-09	-2.716051e+01	-2.024742e+02
4.850000e-06	-4.302718e-06	-3.500425e-09	-2.756770e+01	-2.070743e+02
4.860000e-06	-4.365817e-06	-3.579749e-09	-2.797197e+01	-2.116323e+02
4.870000e-06	-4.428318e-06	-3.653609e-09	-2.837242e+01	-2.161534e+02
4.880000e-06	-4.490067e-06	-3.725176e-09	-2.876805e+01	-2.206414e+02
4.890000e-06	-4.551059e-06	-3.797402e-09	-2.915883e+01	-2.250985e+02
4.900000e-06	-4.611459e-06	-3.868960e-09	-2.954581e+01	-2.295249e+02
4.910000e-06	-4.671423e-06	-3.941089e-09	-2.993001e+01	-2.339188e+02
4.920000e-06	-4.730913e-06	-4.015970e-09	-3.031116e+01	-2.382763e+02
4.930000e-06	-4.789908e-06	-4.095206e-09	-3.068915e+01	-2.425927e+02
4.940000e-06	-4.848392e-06	-4.172059e-09	-3.106386e+01	-2.468624e+02
4.950000e-06	-4.906298e-06	-4.241837e-09	-3.143486e+01	-2.510800e+02
4.960000e-06	-4.963618e-06	-4.309702e-09	-3.180211e+01	-2.552409e+02
4.970000e-06	-5.020352e-06	-4.377695e-09	-3.216561e+01	-2.593423e+02
4.980000e-06	-5.076558e-06	-4.441911e-09	-3.252573e+01	-2.633828e+02
4.990000e-06	-5.132265e-06	-4.503686e-09	-3.288264e+01	-2.673632e+02
5.000000e-06	-5.187365e-06	-4.568163e-09	-3.323567e+01	-2.712862e+02
5.010000e-06	-5.241741e-06	-4.636795e-09	-3.358406e+01	-2.751555e+02
5.020000e-06	-5.295246e-06	-4.705849e-09	-3.392686e+01	-2.789758e+02
5.030000e-06	-5.347871e-06	-4.771811e-09	-3.426404e+01	-2.827518e+02
5.040000e-06	-5.399758e-06	-4.834934e-09	-3.459648e+01	-2.864875e+02
5.050000e-06	-5.450938e-06	-4.896555e-09	-3.492440e+01	-2.901858e+02
5.060000e-06	-5.501453e-06	-4.955526e-09	-3.524804e+01	-2.938478e+02
5.070000e-06	-5.551312e-06	-5.011525e-09	-3.556749e+01	-2.974731e+02
5.080000e-06	-5.600331e-06	-5.069339e-09	-3.588156e+01	-3.010594e+02
5.090000e-06	-5.648425e-06	-5.130745e-09	-3.618970e+01	-3.046031e+02
5.100000e-06	-5.695658e-06	-5.192581e-09	-3.649232e+01	-3.081000e+02
5.110000e-06	-5.742068e-06	-5.252362e-09	-3.678967e+01	-3.115456e+02
5.120000e-06	-5.787854e-06	-5.312224e-09	-3.708302e+01	-3.149360e+02
5.130000e-06	-5.833107e-06	-5.369555e-09	-3.737296e+01	-3.182681e+02
5.140000e-06	-5.877740e-06	-5.423152e-09	-3.765893e+01	-3.215404e+02
5.150000e-06	-5.921817e-06	-5.476449e-09	-3.794134e+01	-3.247530e+02
5.160000e-06	-5.965343e-06	-5.529794e-09	-3.822021e+01	-3.279072e+02
5.170000e-06	-6.008214e-06	-5.582712e-09	-3.849489e+01	-3.310056e+02
5.180000e-06	-6.050452e-06	-5.634932e-09	-3.876550e+01	-3.340513e+02
5.190000e-06	-6.092071e-06	-5.685694e-09	-3.903216e+01	-3.370474e+02
5.200000e-06	-6.132968e-06	-5.733433e-09	-3.929419e+01	-3.399964e+02
5.210000e-06	-6.173191e-06	-5.779158e-09	-3.955189e+01	-3.428999e+02
5.220000e-06	-6.212800e-06	-5.825652e-09	-3.980568e+01	-3.457578e+02
5.230000e-06	-6.251625e-06	-5.874715e-09	-4.005443e+01	-3.485687e+02
5.240000e-06	-6.289526e-06	-5.923071e-09	-4.029726e+01	-3.513299e+02
5.250000e-06	-6.326491e-06	-5.966797e-09	-4.053410e+01	-3.540373e+02
5.260000e-06	-6.362617e-06	-6.011076e-09	-4.076556e+01	-3.566870e+02
5.270000e-06	-6.398106e-06	-6.055287e-09	-4.099294e+01	-3.592746e+02
5.280000e-06	-6.432998e-06	-6.095470e-09	-4.121649e+01	-3.617972e+02
5.290000e-06	-6.467145e-06	-6.133320e-09	-4.143527e+01	-3.642528e+02
5.300000e-06	-6.500496e-06	-6.170450e-09	-4.164895e+01	-3.666412e+02
5.310000e-06	-6.533133e-06	-6.208574e-09	-4.185806e+01	-3.689643e+02
5.320000e-06	-6.565125e-06	-6.246965e-09	-4.206304e+01	-3.712253e+02
5.330000e-06	-6.596444e-06	-6.284094e-09	-4.226370e+01	-3.734289e+02
5.340000e-06	-6.626777e-06	-6.322464e-09	-4.245804e+01	-3.755804e+02
5.350000e-06	-6.655974e-06	-6.360872e-09	-4.264511e+01	-3.776852e+02
5.360000e-06	-6.684257e-06	-6.396806e-09	-4.282632e+01	-3.797478e+02
5.370000e-06	-6.711837e-06	-6.429525e-09	-4.300302e+01	-3.817715e+02
5.380000e-06	-6.738774e-06	-6.458783e-09	-4.317562e+01	-3.837576e+02
5.390000e-06	-6.764938e-06	-6.489177e-09	-4.334324e+01	-3.857059e+02
5.400000e-06	-6.790251e-06	-6.519754e-09	-4.350543e+01	-3.876138e+02
5.410000e-06	-6.814780e-06	-6.548732e-09	-4.366258e+01	-3.894777e+02
5.420000e-06	-6.838655e-06	-6.578900e-09	-4.381555e+01	-3.912927e+02
5.430000e-06	-6.861848e-06	-6.610091e-09	-4.396416e+01	-3.930539e+02
5.440000e-06	-6.884097e-06	-6.639790e-09	-4.410670e+01	-3.947569e+02
5.450000e-06	-6.905267e-06	-6.667887e-09	-4.424234e+01	-3.963986e+02
5.460000e-06	-6.925440e-06	-6.692836e-09	-4.437159e+01	-3.979775e+02
5.470000e-06	-6.944895e-06	-6.716140e-09	-4.449624e+01	-3.994943e+02
5.480000e-06	-6.963711e-06	-6.739269e-09	-4.461679e+01	-4.009513e+02
5.490000e-06	-6.981724e-06	-6.759588e-09	-4.473220e+01	-4.023529e+02
5.500000e-06	-6.998936e-06	-6.778388e-09	-4.484248e+01	-4.037042e+02
5.510000e-06	-7.015367e-06	-6.799598e-09	-4.494776e+01	-4.050111e+02
5.520000e-06	-7.031068e-06	-6.822526e-09	-4.504835e+01	-4.062786e+02
5.530000e-06	-7.045942e-06	-6.843268e-09	-4.514365e+01	-4.075112e+02
5.540000e-06	-7.059673e-06	-6.861097e-09	-4.523163e+01	-4.087114e+02
5.550000e-06	-7.072165e-06	-6.881586e-09	-4.531166e+01	-4.098798e+02
5.560000e-06	-7.083636e-06	-6.903712e-09	-4.538516e+01	-4.110149e+02
5.570000e-06	-7.094305e-06	-6.921020e-09	-4.545351e+01	-4.121134e+02
5.580000e-06	-7.104156e-06	-6.933684e-09	-4.551663e+01	-4.131710e+02
5.590000e-06	-7.113212e-06	-6.946698e-09	-4.557465e+01	-4.141823e+02
5.600000e-06	-7.121514e-06	-6.964412e-09	-4.562784e+01	-4.151424e+02
5.610000e-06	-7.129118e-06	-6.981191e-09	-4.567657e+01	-4.160471e+02
5.620000e-06	-7.135935e-06	-6.991297e-09	-4.572024e+01	-4.168938e+02
5.630000e-06	-7.141660e-06	-7.003192e-09	-4.575692e+01	-4.176817e+02
5.640000e-06	-7.146312e-06	-7.020397e-09	-4.578673e+01	-4.184119e+02
5.650000e-06	-7.150119e-06	-7.034297e-09	-4.581112e+01	-4.190877e+02
5.660000e-06	-7.153248e-06	-7.040476e-09	-4.583116e+01	-4.197135e+02
5.670000e-06	-7.155603e-06	-7.046688e-09	-4.584626e+01	-4.202945e+02
5.680000e-06	-7.157137e-06	-7.058016e-09	-4.585608e+01	-4.208362e+02
5.690000e-06	-7.157842e-06	-7.071111e-09	-4.586060e+01	-4.213432e+02
