# Temperatura_=_20.0
# Concentracion g/m^3_=_12000.0
# C_Vs_to_Am_M_A/Vsm_=_59384043850.047264
# pendiente_HvsI_1/m_=_3716.3
# ordenada_HvsI_A/m_=_1297.0
# frecuencia_Hz_=_175535.57955457238

Tiempo_(s)	Campo_(V.s)	Magnetizacion_(V.s)	Campo_(kA/m)	Magnetizacion_(A/m)
0.000000e+00	-7.193107e-06	-7.411777e-09	-4.585331e+01	-4.389529e+02
1.000000e-08	-7.192653e-06	-7.413051e-09	-4.585041e+01	-4.394192e+02
2.000000e-08	-7.191372e-06	-7.417985e-09	-4.584225e+01	-4.398561e+02
3.000000e-08	-7.188861e-06	-7.425460e-09	-4.582624e+01	-4.402607e+02
4.000000e-08	-7.185342e-06	-7.430609e-09	-4.580381e+01	-4.406295e+02
5.000000e-08	-7.181171e-06	-7.438446e-09	-4.577722e+01	-4.409596e+02
6.000000e-08	-7.176371e-06	-7.445150e-09	-4.574662e+01	-4.412492e+02
7.000000e-08	-7.170849e-06	-7.461938e-09	-4.571142e+01	-4.414985e+02
8.000000e-08	-7.164461e-06	-7.474538e-09	-4.567070e+01	-4.417094e+02
9.000000e-08	-7.157060e-06	-7.394386e-09	-4.562352e+01	-4.418863e+02
1.000000e-07	-7.148687e-06	-7.365428e-09	-4.557015e+01	-4.420351e+02
1.100000e-07	-7.139336e-06	-7.410990e-09	-4.551054e+01	-4.421630e+02
1.200000e-07	-7.128916e-06	-7.470088e-09	-4.544412e+01	-4.422778e+02
1.300000e-07	-7.117622e-06	-7.605130e-09	-4.537212e+01	-4.423866e+02
1.400000e-07	-7.105520e-06	-7.391754e-09	-4.529497e+01	-4.424951e+02
1.500000e-07	-7.092407e-06	-7.331109e-09	-4.521138e+01	-4.426069e+02
1.600000e-07	-7.078481e-06	-7.612940e-09	-4.512261e+01	-4.427227e+02
1.700000e-07	-7.063697e-06	-7.446077e-09	-4.502837e+01	-4.428403e+02
1.800000e-07	-7.047443e-06	-7.369961e-09	-4.492476e+01	-4.429544e+02
1.900000e-07	-7.030180e-06	-7.464620e-09	-4.481471e+01	-4.430570e+02
2.000000e-07	-7.012404e-06	-7.346285e-09	-4.470139e+01	-4.431381e+02
2.100000e-07	-6.993731e-06	-7.470401e-09	-4.458236e+01	-4.431864e+02
2.200000e-07	-6.974244e-06	-7.567835e-09	-4.445814e+01	-4.431904e+02
2.300000e-07	-6.954179e-06	-7.313959e-09	-4.433024e+01	-4.431391e+02
2.400000e-07	-6.933406e-06	-7.368551e-09	-4.419782e+01	-4.430228e+02
2.500000e-07	-6.911919e-06	-7.441171e-09	-4.406084e+01	-4.428342e+02
2.600000e-07	-6.889632e-06	-7.395661e-09	-4.391877e+01	-4.425680e+02
2.700000e-07	-6.866554e-06	-7.367947e-09	-4.377166e+01	-4.422217e+02
2.800000e-07	-6.842838e-06	-7.265332e-09	-4.362048e+01	-4.417952e+02
2.900000e-07	-6.818487e-06	-7.420913e-09	-4.346525e+01	-4.412907e+02
3.000000e-07	-6.793333e-06	-7.431007e-09	-4.330490e+01	-4.407119e+02
3.100000e-07	-6.767033e-06	-7.292907e-09	-4.313725e+01	-4.400636e+02
3.200000e-07	-6.739612e-06	-7.265956e-09	-4.296245e+01	-4.393516e+02
3.300000e-07	-6.711314e-06	-7.327666e-09	-4.278206e+01	-4.385815e+02
3.400000e-07	-6.682267e-06	-7.360225e-09	-4.259690e+01	-4.377587e+02
3.500000e-07	-6.652552e-06	-7.268451e-09	-4.240748e+01	-4.368882e+02
3.600000e-07	-6.622105e-06	-7.235918e-09	-4.221339e+01	-4.359744e+02
3.700000e-07	-6.590755e-06	-7.279521e-09	-4.201355e+01	-4.350210e+02
3.800000e-07	-6.558683e-06	-7.261681e-09	-4.180910e+01	-4.340309e+02
3.900000e-07	-6.526124e-06	-7.235048e-09	-4.160155e+01	-4.330067e+02
4.000000e-07	-6.492843e-06	-7.160171e-09	-4.138939e+01	-4.319505e+02
4.100000e-07	-6.458410e-06	-7.174442e-09	-4.116989e+01	-4.308639e+02
4.200000e-07	-6.422948e-06	-7.212879e-09	-4.094384e+01	-4.297481e+02
4.300000e-07	-6.386763e-06	-7.145566e-09	-4.071317e+01	-4.286040e+02
4.400000e-07	-6.349817e-06	-7.116290e-09	-4.047765e+01	-4.274320e+02
4.500000e-07	-6.312191e-06	-7.093571e-09	-4.023781e+01	-4.262318e+02
4.600000e-07	-6.273924e-06	-7.112803e-09	-3.999387e+01	-4.250026e+02
4.700000e-07	-6.234904e-06	-7.067317e-09	-3.974513e+01	-4.237433e+02
4.800000e-07	-6.195241e-06	-7.026017e-09	-3.949229e+01	-4.224518e+02
4.900000e-07	-6.155010e-06	-7.021162e-09	-3.923584e+01	-4.211260e+02
5.000000e-07	-6.113981e-06	-7.014355e-09	-3.897429e+01	-4.197636e+02
5.100000e-07	-6.071972e-06	-6.999088e-09	-3.870650e+01	-4.183624e+02
5.200000e-07	-6.029001e-06	-6.940039e-09	-3.843258e+01	-4.169206e+02
5.300000e-07	-5.985219e-06	-6.923349e-09	-3.815348e+01	-4.154372e+02
5.400000e-07	-5.940762e-06	-6.919068e-09	-3.787009e+01	-4.139119e+02
5.500000e-07	-5.895684e-06	-6.887342e-09	-3.758273e+01	-4.123453e+02
5.600000e-07	-5.849975e-06	-6.843231e-09	-3.729136e+01	-4.107389e+02
5.700000e-07	-5.803516e-06	-6.816320e-09	-3.699520e+01	-4.090948e+02
5.800000e-07	-5.756336e-06	-6.815033e-09	-3.669444e+01	-4.074159e+02
5.900000e-07	-5.708606e-06	-6.779296e-09	-3.639018e+01	-4.057045e+02
6.000000e-07	-5.660309e-06	-6.738565e-09	-3.608231e+01	-4.039632e+02
6.100000e-07	-5.611250e-06	-6.711271e-09	-3.576957e+01	-4.021935e+02
6.200000e-07	-5.561153e-06	-6.695820e-09	-3.545023e+01	-4.003962e+02
6.300000e-07	-5.510038e-06	-6.665928e-09	-3.512439e+01	-3.985710e+02
6.400000e-07	-5.458203e-06	-6.616813e-09	-3.479396e+01	-3.967163e+02
6.500000e-07	-5.405556e-06	-6.588855e-09	-3.445836e+01	-3.948299e+02
6.600000e-07	-5.352110e-06	-6.571669e-09	-3.411766e+01	-3.929088e+02
6.700000e-07	-5.298072e-06	-6.537474e-09	-3.377318e+01	-3.909499e+02
6.800000e-07	-5.243370e-06	-6.484363e-09	-3.342448e+01	-3.889501e+02
6.900000e-07	-5.188039e-06	-6.449775e-09	-3.307177e+01	-3.869072e+02
7.000000e-07	-5.132197e-06	-6.425957e-09	-3.271580e+01	-3.848199e+02
7.100000e-07	-5.075806e-06	-6.393661e-09	-3.235632e+01	-3.826878e+02
7.200000e-07	-5.018791e-06	-6.344723e-09	-3.199287e+01	-3.805119e+02
7.300000e-07	-4.961065e-06	-6.306602e-09	-3.162489e+01	-3.782942e+02
7.400000e-07	-4.902570e-06	-6.277769e-09	-3.125201e+01	-3.760374e+02
7.500000e-07	-4.843521e-06	-6.240447e-09	-3.087559e+01	-3.737445e+02
7.600000e-07	-4.783917e-06	-6.189471e-09	-3.049564e+01	-3.714183e+02
7.700000e-07	-4.723754e-06	-6.147625e-09	-3.011213e+01	-3.690610e+02
7.800000e-07	-4.663024e-06	-6.120154e-09	-2.972500e+01	-3.666737e+02
7.900000e-07	-4.601730e-06	-6.082499e-09	-2.933427e+01	-3.642565e+02
8.000000e-07	-4.539996e-06	-6.031117e-09	-2.894074e+01	-3.618079e+02
8.100000e-07	-4.477669e-06	-5.985372e-09	-2.854343e+01	-3.593255e+02
8.200000e-07	-4.414759e-06	-5.949440e-09	-2.814240e+01	-3.568058e+02
8.300000e-07	-4.351406e-06	-5.909346e-09	-2.773855e+01	-3.542452e+02
8.400000e-07	-4.287650e-06	-5.860248e-09	-2.733213e+01	-3.516401e+02
8.500000e-07	-4.223508e-06	-5.814467e-09	-2.692325e+01	-3.489875e+02
8.600000e-07	-4.158856e-06	-5.776878e-09	-2.651112e+01	-3.462855e+02
8.700000e-07	-4.093543e-06	-5.736177e-09	-2.609477e+01	-3.435336e+02
8.800000e-07	-4.027661e-06	-5.686200e-09	-2.567480e+01	-3.407327e+02
8.900000e-07	-3.961267e-06	-5.635474e-09	-2.525156e+01	-3.378850e+02
9.000000e-07	-3.894278e-06	-5.591624e-09	-2.482453e+01	-3.349939e+02
9.100000e-07	-3.826815e-06	-5.541930e-09	-2.439448e+01	-3.320631e+02
9.200000e-07	-3.759073e-06	-5.485532e-09	-2.396265e+01	-3.290964e+02
9.300000e-07	-3.690968e-06	-5.429504e-09	-2.352851e+01	-3.260969e+02
9.400000e-07	-3.622312e-06	-5.381523e-09	-2.309085e+01	-3.230665e+02
9.500000e-07	-3.553182e-06	-5.335111e-09	-2.265018e+01	-3.200057e+02
9.600000e-07	-3.483692e-06	-5.284681e-09	-2.220720e+01	-3.169134e+02
9.700000e-07	-3.413838e-06	-5.231096e-09	-2.176192e+01	-3.137866e+02
9.800000e-07	-3.343631e-06	-5.181963e-09	-2.131437e+01	-3.106213e+02
9.900000e-07	-3.273035e-06	-5.128476e-09	-2.086434e+01	-3.074122e+02
1.000000e-06	-3.202085e-06	-5.068396e-09	-2.041207e+01	-3.041542e+02
1.010000e-06	-3.130775e-06	-5.007152e-09	-1.995750e+01	-3.008421e+02
1.020000e-06	-3.059123e-06	-4.954223e-09	-1.950074e+01	-2.974719e+02
1.030000e-06	-2.987170e-06	-4.904702e-09	-1.904206e+01	-2.940408e+02
1.040000e-06	-2.914919e-06	-4.847204e-09	-1.858149e+01	-2.905476e+02
1.050000e-06	-2.842355e-06	-4.785248e-09	-1.811892e+01	-2.869931e+02
1.060000e-06	-2.769330e-06	-4.725911e-09	-1.765342e+01	-2.833790e+02
1.070000e-06	-2.695766e-06	-4.666725e-09	-1.718448e+01	-2.797086e+02
1.080000e-06	-2.621732e-06	-4.600691e-09	-1.671254e+01	-2.759854e+02
1.090000e-06	-2.547342e-06	-4.533820e-09	-1.623833e+01	-2.722131e+02
1.100000e-06	-2.472608e-06	-4.472314e-09	-1.576193e+01	-2.683944e+02
1.110000e-06	-2.397546e-06	-4.413496e-09	-1.528344e+01	-2.645314e+02
1.120000e-06	-2.322269e-06	-4.349226e-09	-1.480358e+01	-2.606244e+02
1.130000e-06	-2.246758e-06	-4.283283e-09	-1.432223e+01	-2.566726e+02
1.140000e-06	-2.170959e-06	-4.217428e-09	-1.383904e+01	-2.526736e+02
1.150000e-06	-2.094806e-06	-4.151170e-09	-1.335359e+01	-2.486244e+02
1.160000e-06	-2.018294e-06	-4.082281e-09	-1.286585e+01	-2.445212e+02
1.170000e-06	-1.941514e-06	-4.013516e-09	-1.237641e+01	-2.403607e+02
1.180000e-06	-1.864455e-06	-3.946867e-09	-1.188519e+01	-2.361398e+02
1.190000e-06	-1.787080e-06	-3.879438e-09	-1.139195e+01	-2.318569e+02
1.200000e-06	-1.709484e-06	-3.805206e-09	-1.089731e+01	-2.275114e+02
1.210000e-06	-1.631695e-06	-3.729581e-09	-1.040143e+01	-2.231044e+02
1.220000e-06	-1.553690e-06	-3.656407e-09	-9.904181e+00	-2.186380e+02
1.230000e-06	-1.475529e-06	-3.579667e-09	-9.405935e+00	-2.141151e+02
1.240000e-06	-1.397147e-06	-3.501722e-09	-8.906277e+00	-2.095391e+02
1.250000e-06	-1.318530e-06	-3.423059e-09	-8.405122e+00	-2.049130e+02
1.260000e-06	-1.239835e-06	-3.347670e-09	-7.903473e+00	-2.002390e+02
1.270000e-06	-1.160976e-06	-3.270302e-09	-7.400779e+00	-1.955180e+02
1.280000e-06	-1.081836e-06	-3.185542e-09	-6.896292e+00	-1.907495e+02
1.290000e-06	-1.002574e-06	-3.101241e-09	-6.391024e+00	-1.859314e+02
1.300000e-06	-9.232331e-07	-3.020726e-09	-5.885258e+00	-1.810602e+02
1.310000e-06	-8.437187e-07	-2.939788e-09	-5.378384e+00	-1.761316e+02
1.320000e-06	-7.640988e-07	-2.855222e-09	-4.870838e+00	-1.711407e+02
1.330000e-06	-6.843297e-07	-2.770259e-09	-4.362340e+00	-1.660830e+02
1.340000e-06	-6.043675e-07	-2.687757e-09	-3.852612e+00	-1.609551e+02
1.350000e-06	-5.244076e-07	-2.601625e-09	-3.342898e+00	-1.557545e+02
1.360000e-06	-4.444150e-07	-2.508875e-09	-2.832976e+00	-1.504809e+02
1.370000e-06	-3.644168e-07	-2.415004e-09	-2.323018e+00	-1.451353e+02
1.380000e-06	-2.843229e-07	-2.322822e-09	-1.812450e+00	-1.397204e+02
1.390000e-06	-2.040658e-07	-2.231036e-09	-1.300841e+00	-1.342402e+02
1.400000e-06	-1.238556e-07	-2.140191e-09	-7.895323e-01	-1.286988e+02
1.410000e-06	-4.361702e-08	-2.044543e-09	-2.780418e-01	-1.231004e+02
1.420000e-06	3.665513e-08	-1.947816e-09	2.336625e-01	-1.174483e+02
1.430000e-06	1.169271e-07	-1.850974e-09	7.453658e-01	-1.117444e+02
1.440000e-06	1.971683e-07	-1.758381e-09	1.256872e+00	-1.059890e+02
1.450000e-06	2.773543e-07	-1.663026e-09	1.768028e+00	-1.001808e+02
1.460000e-06	3.575005e-07	-1.563162e-09	2.278929e+00	-9.431712e+01
1.470000e-06	4.376254e-07	-1.464648e-09	2.789695e+00	-8.839432e+01
1.480000e-06	5.177231e-07	-1.362177e-09	3.300287e+00	-8.240885e+01
1.490000e-06	5.976907e-07	-1.256320e-09	3.810050e+00	-7.635801e+01
1.500000e-06	6.775000e-07	-1.151163e-09	4.318804e+00	-7.024080e+01
1.510000e-06	7.572525e-07	-1.051911e-09	4.827196e+00	-6.405871e+01
1.520000e-06	8.368952e-07	-9.509095e-10	5.334887e+00	-5.781624e+01
1.530000e-06	9.163479e-07	-8.472380e-10	5.841368e+00	-5.152104e+01
1.540000e-06	9.956723e-07	-7.370208e-10	6.347030e+00	-4.518377e+01
1.550000e-06	1.074861e-06	-6.261117e-10	6.851827e+00	-3.881751e+01
1.560000e-06	1.153880e-06	-5.161595e-10	7.355546e+00	-3.243693e+01
1.570000e-06	1.232716e-06	-4.047506e-10	7.858095e+00	-2.605722e+01
1.580000e-06	1.311336e-06	-2.950622e-10	8.359265e+00	-1.969289e+01
1.590000e-06	1.389708e-06	-1.898602e-10	8.858857e+00	-1.335670e+01
1.600000e-06	1.467880e-06	-8.830983e-11	9.357174e+00	-7.058693e+00
1.610000e-06	1.545824e-06	1.272421e-11	9.854039e+00	-8.055857e-01
1.620000e-06	1.623552e-06	1.182917e-10	1.034952e+01	5.399539e+00
1.630000e-06	1.701046e-06	2.244847e-10	1.084352e+01	1.155709e+01
1.640000e-06	1.778317e-06	3.279182e-10	1.133609e+01	1.767050e+01
1.650000e-06	1.855363e-06	4.344724e-10	1.182723e+01	2.374538e+01
1.660000e-06	1.932199e-06	5.412387e-10	1.231703e+01	2.978861e+01
1.670000e-06	2.008836e-06	6.432512e-10	1.280556e+01	3.580721e+01
1.680000e-06	2.085162e-06	7.391084e-10	1.329211e+01	4.180741e+01
1.690000e-06	2.161214e-06	8.362294e-10	1.377692e+01	4.779381e+01
1.700000e-06	2.236997e-06	9.369725e-10	1.426000e+01	5.376887e+01
1.710000e-06	2.312428e-06	1.038279e-09	1.474085e+01	5.973271e+01
1.720000e-06	2.387560e-06	1.137610e-09	1.521978e+01	6.568329e+01
1.730000e-06	2.462437e-06	1.237305e-09	1.569710e+01	7.161679e+01
1.740000e-06	2.536932e-06	1.339614e-09	1.617197e+01	7.752829e+01
1.750000e-06	2.611064e-06	1.439678e-09	1.664453e+01	8.341254e+01
1.760000e-06	2.684790e-06	1.534515e-09	1.711451e+01	8.926468e+01
1.770000e-06	2.758044e-06	1.629551e-09	1.758148e+01	9.508087e+01
1.780000e-06	2.830847e-06	1.725404e-09	1.804557e+01	1.008588e+02
1.790000e-06	2.903253e-06	1.822740e-09	1.850713e+01	1.065976e+02
1.800000e-06	2.975378e-06	1.914508e-09	1.896690e+01	1.122981e+02
1.810000e-06	3.047196e-06	2.011019e-09	1.942471e+01	1.179621e+02
1.820000e-06	3.118693e-06	2.112923e-09	1.988047e+01	1.235922e+02
1.830000e-06	3.189925e-06	2.209821e-09	2.033455e+01	1.291909e+02
1.840000e-06	3.260761e-06	2.300798e-09	2.078611e+01	1.347598e+02
1.850000e-06	3.331131e-06	2.387111e-09	2.123469e+01	1.402997e+02
1.860000e-06	3.401159e-06	2.478075e-09	2.168109e+01	1.458097e+02
1.870000e-06	3.470862e-06	2.569118e-09	2.212542e+01	1.512873e+02
1.880000e-06	3.540199e-06	2.659809e-09	2.256742e+01	1.567289e+02
1.890000e-06	3.609120e-06	2.750546e-09	2.300676e+01	1.621295e+02
1.900000e-06	3.677612e-06	2.846024e-09	2.344337e+01	1.674840e+02
1.910000e-06	3.745602e-06	2.939634e-09	2.387678e+01	1.727875e+02
1.920000e-06	3.813150e-06	3.022833e-09	2.430738e+01	1.780358e+02
1.930000e-06	3.880364e-06	3.101000e-09	2.473584e+01	1.832262e+02
1.940000e-06	3.947129e-06	3.183793e-09	2.516144e+01	1.883577e+02
1.950000e-06	4.013264e-06	3.272187e-09	2.558302e+01	1.934310e+02
1.960000e-06	4.078734e-06	3.361441e-09	2.600037e+01	1.984484e+02
1.970000e-06	4.143615e-06	3.446777e-09	2.641396e+01	2.034134e+02
1.980000e-06	4.207961e-06	3.535477e-09	2.682414e+01	2.083300e+02
1.990000e-06	4.271820e-06	3.623660e-09	2.723122e+01	2.132025e+02
2.000000e-06	4.335255e-06	3.702703e-09	2.763559e+01	2.180340e+02
2.010000e-06	4.398292e-06	3.778067e-09	2.803743e+01	2.228269e+02
2.020000e-06	4.460828e-06	3.853662e-09	2.843607e+01	2.275815e+02
2.030000e-06	4.522850e-06	3.933541e-09	2.883144e+01	2.322969e+02
2.040000e-06	4.584402e-06	4.012382e-09	2.922381e+01	2.369704e+02
2.050000e-06	4.645501e-06	4.089715e-09	2.961329e+01	2.415982e+02
2.060000e-06	4.706102e-06	4.168302e-09	2.999960e+01	2.461762e+02
2.070000e-06	4.766195e-06	4.248702e-09	3.038267e+01	2.507001e+02
2.080000e-06	4.825813e-06	4.325590e-09	3.076271e+01	2.551664e+02
2.090000e-06	4.884774e-06	4.397811e-09	3.113857e+01	2.595728e+02
2.100000e-06	4.942959e-06	4.471188e-09	3.150947e+01	2.639187e+02
2.110000e-06	5.000307e-06	4.546841e-09	3.187504e+01	2.682053e+02
2.120000e-06	5.056876e-06	4.620194e-09	3.223565e+01	2.724350e+02
2.130000e-06	5.112913e-06	4.688898e-09	3.259287e+01	2.766116e+02
2.140000e-06	5.168508e-06	4.761094e-09	3.294726e+01	2.807393e+02
2.150000e-06	5.223652e-06	4.835310e-09	3.329879e+01	2.848225e+02
2.160000e-06	5.278180e-06	4.905979e-09	3.364638e+01	2.888644e+02
2.170000e-06	5.332063e-06	4.972600e-09	3.398986e+01	2.928671e+02
2.180000e-06	5.385390e-06	5.037275e-09	3.432980e+01	2.968310e+02
2.190000e-06	5.437957e-06	5.102381e-09	3.466490e+01	3.007546e+02
2.200000e-06	5.489732e-06	5.166081e-09	3.499494e+01	3.046347e+02
2.210000e-06	5.540687e-06	5.227787e-09	3.531976e+01	3.084668e+02
2.220000e-06	5.590663e-06	5.292143e-09	3.563834e+01	3.122457e+02
2.230000e-06	5.639755e-06	5.360031e-09	3.595128e+01	3.159661e+02
2.240000e-06	5.688175e-06	5.426074e-09	3.625994e+01	3.196236e+02
2.250000e-06	5.736008e-06	5.487953e-09	3.656486e+01	3.232150e+02
2.260000e-06	5.783200e-06	5.545205e-09	3.686569e+01	3.267387e+02
2.270000e-06	5.829690e-06	5.600046e-09	3.716205e+01	3.301952e+02
2.280000e-06	5.875490e-06	5.651740e-09	3.745400e+01	3.335868e+02
2.290000e-06	5.920600e-06	5.705309e-09	3.774156e+01	3.369171e+02
2.300000e-06	5.965112e-06	5.765102e-09	3.802531e+01	3.401906e+02
2.310000e-06	6.009109e-06	5.825046e-09	3.830577e+01	3.434122e+02
2.320000e-06	6.052464e-06	5.881128e-09	3.858214e+01	3.465858e+02
2.330000e-06	6.094913e-06	5.934187e-09	3.885274e+01	3.497144e+02
2.340000e-06	6.136308e-06	5.988196e-09	3.911662e+01	3.527994e+02
2.350000e-06	6.176821e-06	6.035229e-09	3.937487e+01	3.558400e+02
2.360000e-06	6.216679e-06	6.081781e-09	3.962896e+01	3.588338e+02
2.370000e-06	6.255925e-06	6.130083e-09	3.987913e+01	3.617770e+02
2.380000e-06	6.294513e-06	6.178509e-09	4.012512e+01	3.646647e+02
2.390000e-06	6.332348e-06	6.228297e-09	4.036630e+01	3.674921e+02
2.400000e-06	6.369409e-06	6.276337e-09	4.060255e+01	3.702550e+02
2.410000e-06	6.405838e-06	6.325983e-09	4.083477e+01	3.729502e+02
2.420000e-06	6.441674e-06	6.372694e-09	4.106321e+01	3.755767e+02
2.430000e-06	6.476714e-06	6.416973e-09	4.128658e+01	3.781354e+02
2.440000e-06	6.510679e-06	6.457912e-09	4.150309e+01	3.806292e+02
2.450000e-06	6.543624e-06	6.499247e-09	4.171310e+01	3.830628e+02
2.460000e-06	6.575855e-06	6.538735e-09	4.191856e+01	3.854418e+02
2.470000e-06	6.607420e-06	6.574016e-09	4.211978e+01	3.877722e+02
2.480000e-06	6.638257e-06	6.608761e-09	4.231635e+01	3.900594e+02
2.490000e-06	6.668276e-06	6.648311e-09	4.250771e+01	3.923076e+02
2.500000e-06	6.697458e-06	6.689717e-09	4.269374e+01	3.945189e+02
2.510000e-06	6.726008e-06	6.727424e-09	4.287573e+01	3.966931e+02
2.520000e-06	6.754031e-06	6.764613e-09	4.305437e+01	3.988277e+02
2.530000e-06	6.781304e-06	6.803305e-09	4.322822e+01	4.009183e+02
2.540000e-06	6.807507e-06	6.837641e-09	4.339526e+01	4.029589e+02
2.550000e-06	6.832637e-06	6.863182e-09	4.355545e+01	4.049429e+02
2.560000e-06	6.856987e-06	6.889855e-09	4.371067e+01	4.068639e+02
2.570000e-06	6.880644e-06	6.922913e-09	4.386148e+01	4.087168e+02
2.580000e-06	6.903466e-06	6.957377e-09	4.400696e+01	4.104983e+02
2.590000e-06	6.925443e-06	6.987668e-09	4.414705e+01	4.122076e+02
2.600000e-06	6.946658e-06	7.019442e-09	4.428229e+01	4.138465e+02
2.610000e-06	6.967195e-06	7.049565e-09	4.441321e+01	4.154192e+02
2.620000e-06	6.987114e-06	7.075307e-09	4.454018e+01	4.169319e+02
2.630000e-06	7.006329e-06	7.094721e-09	4.466267e+01	4.183920e+02
2.640000e-06	7.024667e-06	7.114064e-09	4.477957e+01	4.198071e+02
2.650000e-06	7.042178e-06	7.139108e-09	4.489119e+01	4.211842e+02
2.660000e-06	7.058864e-06	7.165471e-09	4.499756e+01	4.225287e+02
2.670000e-06	7.074481e-06	7.189904e-09	4.509712e+01	4.238436e+02
2.680000e-06	7.089083e-06	7.210238e-09	4.519020e+01	4.251297e+02
2.690000e-06	7.102847e-06	7.233312e-09	4.527794e+01	4.263849e+02
2.700000e-06	7.115755e-06	7.255954e-09	4.536022e+01	4.276048e+02
2.710000e-06	7.127810e-06	7.271292e-09	4.543707e+01	4.287835e+02
2.720000e-06	7.138806e-06	7.283168e-09	4.550716e+01	4.299143e+02
2.730000e-06	7.148442e-06	7.302593e-09	4.556859e+01	4.309906e+02
2.740000e-06	7.157042e-06	7.326040e-09	4.562341e+01	4.320067e+02
2.750000e-06	7.164980e-06	7.344377e-09	4.567401e+01	4.329588e+02
2.760000e-06	7.172161e-06	7.359856e-09	4.571979e+01	4.338455e+02
2.770000e-06	7.178489e-06	7.377061e-09	4.576012e+01	4.346678e+02
2.780000e-06	7.183887e-06	7.391718e-09	4.579454e+01	4.354290e+02
2.790000e-06	7.188546e-06	7.400971e-09	4.582424e+01	4.361341e+02
2.800000e-06	7.192670e-06	7.409144e-09	4.585053e+01	4.367898e+02
2.810000e-06	7.195918e-06	7.421261e-09	4.587122e+01	4.374025e+02
2.820000e-06	7.197973e-06	7.435149e-09	4.588433e+01	4.379786e+02
2.830000e-06	7.198977e-06	7.444589e-09	4.589073e+01	4.385232e+02
2.840000e-06	7.199271e-06	7.451040e-09	4.589260e+01	4.390395e+02
2.850000e-06	7.198864e-06	7.459149e-09	4.589001e+01	4.395288e+02
2.860000e-06	7.197592e-06	7.471794e-09	4.588190e+01	4.399904e+02
2.870000e-06	7.195493e-06	7.476539e-09	4.586852e+01	4.404221e+02
2.880000e-06	7.192623e-06	7.479727e-09	4.585022e+01	4.408209e+02
2.890000e-06	7.189167e-06	7.487828e-09	4.582819e+01	4.411833e+02
2.900000e-06	7.185201e-06	7.492759e-09	4.580291e+01	4.415065e+02
2.910000e-06	7.180369e-06	7.489998e-09	4.577211e+01	4.417892e+02
2.920000e-06	7.174357e-06	7.455113e-09	4.573378e+01	4.420317e+02
2.930000e-06	7.167315e-06	7.562260e-09	4.568889e+01	4.422365e+02
2.940000e-06	7.159421e-06	7.621067e-09	4.563857e+01	4.424082e+02
2.950000e-06	7.150457e-06	7.562553e-09	4.558143e+01	4.425532e+02
2.960000e-06	7.140279e-06	7.499646e-09	4.551655e+01	4.426787e+02
2.970000e-06	7.129349e-06	7.307888e-09	4.544688e+01	4.427925e+02
2.980000e-06	7.118118e-06	7.517601e-09	4.537529e+01	4.429015e+02
2.990000e-06	7.106205e-06	7.564960e-09	4.529934e+01	4.430111e+02
3.000000e-06	7.092754e-06	7.249419e-09	4.521360e+01	4.431243e+02
3.010000e-06	7.078205e-06	7.460642e-09	4.512086e+01	4.432413e+02
3.020000e-06	7.063089e-06	7.510832e-09	4.502449e+01	4.433594e+02
3.030000e-06	7.046915e-06	7.311390e-09	4.492139e+01	4.434727e+02
3.040000e-06	7.029929e-06	7.528112e-09	4.481311e+01	4.435727e+02
3.050000e-06	7.012335e-06	7.391980e-09	4.470095e+01	4.436492e+02
3.060000e-06	6.993823e-06	7.191464e-09	4.458295e+01	4.436907e+02
3.070000e-06	6.974633e-06	7.578192e-09	4.446062e+01	4.436858e+02
3.080000e-06	6.954785e-06	7.431904e-09	4.433410e+01	4.436236e+02
3.090000e-06	6.934152e-06	7.321138e-09	4.420257e+01	4.434949e+02
3.100000e-06	6.912671e-06	7.457494e-09	4.406563e+01	4.432927e+02
3.110000e-06	6.889905e-06	7.357404e-09	4.392051e+01	4.430122e+02
3.120000e-06	6.866215e-06	7.539399e-09	4.376950e+01	4.426515e+02
3.130000e-06	6.842016e-06	7.325175e-09	4.361524e+01	4.422108e+02
3.140000e-06	6.816937e-06	7.242131e-09	4.345537e+01	4.416927e+02
3.150000e-06	6.790853e-06	7.547544e-09	4.328910e+01	4.411011e+02
3.160000e-06	6.763984e-06	7.390063e-09	4.311781e+01	4.404411e+02
3.170000e-06	6.736553e-06	7.359035e-09	4.294295e+01	4.397184e+02
3.180000e-06	6.708394e-06	7.308026e-09	4.276345e+01	4.389386e+02
3.190000e-06	6.678961e-06	7.324606e-09	4.257583e+01	4.381071e+02
3.200000e-06	6.648459e-06	7.456886e-09	4.238139e+01	4.372289e+02
3.210000e-06	6.617329e-06	7.192761e-09	4.218294e+01	4.363080e+02
3.220000e-06	6.585573e-06	7.285699e-09	4.198051e+01	4.353482e+02
3.230000e-06	6.552957e-06	7.303035e-09	4.177260e+01	4.343522e+02
3.240000e-06	6.519426e-06	7.263278e-09	4.155885e+01	4.333225e+02
3.250000e-06	6.485287e-06	7.281861e-09	4.134123e+01	4.322611e+02
3.260000e-06	6.450508e-06	7.098798e-09	4.111952e+01	4.311696e+02
3.270000e-06	6.415046e-06	7.264179e-09	4.089347e+01	4.300491e+02
3.280000e-06	6.378927e-06	7.196473e-09	4.066322e+01	4.289004e+02
3.290000e-06	6.341923e-06	7.145418e-09	4.042734e+01	4.277237e+02
3.300000e-06	6.303912e-06	7.135762e-09	4.018503e+01	4.265188e+02
3.310000e-06	6.264982e-06	7.084665e-09	3.993687e+01	4.252848e+02
3.320000e-06	6.225340e-06	7.182452e-09	3.968417e+01	4.240202e+02
3.330000e-06	6.185023e-06	7.036780e-09	3.942716e+01	4.227231e+02
3.340000e-06	6.144008e-06	7.043707e-09	3.916570e+01	4.213912e+02
3.350000e-06	6.102295e-06	7.024765e-09	3.889980e+01	4.200224e+02
3.360000e-06	6.059826e-06	7.034646e-09	3.862908e+01	4.186143e+02
3.370000e-06	6.016757e-06	7.021554e-09	3.835453e+01	4.171655e+02
3.380000e-06	5.973220e-06	6.905381e-09	3.807700e+01	4.156748e+02
3.390000e-06	5.929067e-06	6.964356e-09	3.779554e+01	4.141423e+02
3.400000e-06	5.884154e-06	6.916833e-09	3.750923e+01	4.125687e+02
3.410000e-06	5.838625e-06	6.894874e-09	3.721900e+01	4.109557e+02
3.420000e-06	5.792447e-06	6.815068e-09	3.692464e+01	4.093056e+02
3.430000e-06	5.745510e-06	6.810926e-09	3.662543e+01	4.076210e+02
3.440000e-06	5.697783e-06	6.842829e-09	3.632119e+01	4.059045e+02
3.450000e-06	5.649253e-06	6.774882e-09	3.601183e+01	4.041584e+02
3.460000e-06	5.600051e-06	6.744231e-09	3.569818e+01	4.023842e+02
3.470000e-06	5.550136e-06	6.694237e-09	3.538000e+01	4.005824e+02
3.480000e-06	5.499481e-06	6.711081e-09	3.505709e+01	3.987524e+02
3.490000e-06	5.448075e-06	6.643137e-09	3.472940e+01	3.968926e+02
3.500000e-06	5.395897e-06	6.583657e-09	3.439678e+01	3.950006e+02
3.510000e-06	5.342793e-06	6.565583e-09	3.405826e+01	3.930733e+02
3.520000e-06	5.288796e-06	6.567274e-09	3.371406e+01	3.911075e+02
3.530000e-06	5.234139e-06	6.543089e-09	3.336564e+01	3.891005e+02
3.540000e-06	5.178814e-06	6.477022e-09	3.301296e+01	3.870500e+02
3.550000e-06	5.122841e-06	6.455397e-09	3.265616e+01	3.849549e+02
3.560000e-06	5.066258e-06	6.425294e-09	3.229546e+01	3.828151e+02
3.570000e-06	5.009152e-06	6.384372e-09	3.193143e+01	3.806318e+02
3.580000e-06	4.951517e-06	6.307476e-09	3.156403e+01	3.784073e+02
3.590000e-06	4.893244e-06	6.284502e-09	3.119256e+01	3.761441e+02
3.600000e-06	4.834405e-06	6.272580e-09	3.081748e+01	3.738454e+02
3.610000e-06	4.775087e-06	6.242560e-09	3.043936e+01	3.715139e+02
3.620000e-06	4.715276e-06	6.182149e-09	3.005808e+01	3.691515e+02
3.630000e-06	4.654852e-06	6.138208e-09	2.967290e+01	3.667593e+02
3.640000e-06	4.593693e-06	6.116613e-09	2.928304e+01	3.643370e+02
3.650000e-06	4.531784e-06	6.063382e-09	2.888839e+01	3.618829e+02
3.660000e-06	4.469355e-06	6.000360e-09	2.849043e+01	3.593944e+02
3.670000e-06	4.406487e-06	5.947740e-09	2.808967e+01	3.568680e+02
3.680000e-06	4.343038e-06	5.934480e-09	2.768521e+01	3.543000e+02
3.690000e-06	4.278983e-06	5.894664e-09	2.727688e+01	3.516868e+02
3.700000e-06	4.214404e-06	5.837608e-09	2.686521e+01	3.490257e+02
3.710000e-06	4.149374e-06	5.778448e-09	2.645067e+01	3.463150e+02
3.720000e-06	4.083970e-06	5.744651e-09	2.603375e+01	3.435544e+02
3.730000e-06	4.018172e-06	5.697653e-09	2.561431e+01	3.407452e+02
3.740000e-06	3.951835e-06	5.630369e-09	2.519144e+01	3.378897e+02
3.750000e-06	3.885038e-06	5.575625e-09	2.476563e+01	3.349915e+02
3.760000e-06	3.817910e-06	5.540134e-09	2.433772e+01	3.320544e+02
3.770000e-06	3.750489e-06	5.501043e-09	2.390793e+01	3.290819e+02
3.780000e-06	3.682738e-06	5.435156e-09	2.347605e+01	3.260771e+02
3.790000e-06	3.614461e-06	5.378552e-09	2.304081e+01	3.230417e+02
3.800000e-06	3.545492e-06	5.332759e-09	2.260116e+01	3.199758e+02
3.810000e-06	3.475924e-06	5.288737e-09	2.215768e+01	3.168779e+02
3.820000e-06	3.405883e-06	5.221666e-09	2.171120e+01	3.137449e+02
3.830000e-06	3.335512e-06	5.160706e-09	2.126261e+01	3.105724e+02
3.840000e-06	3.264794e-06	5.115417e-09	2.081182e+01	3.073553e+02
3.850000e-06	3.193680e-06	5.069833e-09	2.035849e+01	3.040881e+02
3.860000e-06	3.122255e-06	5.008248e-09	1.990318e+01	3.007660e+02
3.870000e-06	3.050333e-06	4.941652e-09	1.944471e+01	2.973852e+02
3.880000e-06	2.977949e-06	4.888471e-09	1.898328e+01	2.939431e+02
3.890000e-06	2.905257e-06	4.833130e-09	1.851990e+01	2.904390e+02
3.900000e-06	2.832267e-06	4.765980e-09	1.805462e+01	2.868738e+02
3.910000e-06	2.759013e-06	4.697386e-09	1.758765e+01	2.832495e+02
3.920000e-06	2.685526e-06	4.645133e-09	1.711920e+01	2.795696e+02
3.930000e-06	2.611775e-06	4.592528e-09	1.664907e+01	2.758376e+02
3.940000e-06	2.537608e-06	4.522772e-09	1.617628e+01	2.720570e+02
3.950000e-06	2.463076e-06	4.446472e-09	1.570117e+01	2.682306e+02
3.960000e-06	2.388235e-06	4.382389e-09	1.522409e+01	2.643600e+02
3.970000e-06	2.313119e-06	4.321536e-09	1.474525e+01	2.604453e+02
3.980000e-06	2.237794e-06	4.249792e-09	1.426508e+01	2.564855e+02
3.990000e-06	2.162216e-06	4.176671e-09	1.378330e+01	2.524780e+02
4.000000e-06	2.086288e-06	4.115342e-09	1.329929e+01	2.484196e+02
4.010000e-06	2.010074e-06	4.056661e-09	1.281345e+01	2.443066e+02
4.020000e-06	1.933534e-06	3.981949e-09	1.232554e+01	2.401355e+02
4.030000e-06	1.856586e-06	3.899408e-09	1.183502e+01	2.359037e+02
4.040000e-06	1.779337e-06	3.827077e-09	1.134260e+01	2.316097e+02
4.050000e-06	1.701731e-06	3.758526e-09	1.084789e+01	2.272533e+02
4.060000e-06	1.623815e-06	3.679397e-09	1.035120e+01	2.228356e+02
4.070000e-06	1.545754e-06	3.597585e-09	9.853589e+00	2.183590e+02
4.080000e-06	1.467612e-06	3.526654e-09	9.355463e+00	2.138266e+02
4.090000e-06	1.389338e-06	3.461160e-09	8.856500e+00	2.092416e+02
4.100000e-06	1.310895e-06	3.384877e-09	8.356457e+00	2.046070e+02
4.110000e-06	1.232329e-06	3.299127e-09	7.855625e+00	1.999248e+02
4.120000e-06	1.153621e-06	3.217660e-09	7.353891e+00	1.951956e+02
4.130000e-06	1.074742e-06	3.139655e-09	6.851069e+00	1.904187e+02
4.140000e-06	9.957267e-07	3.055620e-09	6.347377e+00	1.855916e+02
4.150000e-06	9.166909e-07	2.967203e-09	5.843554e+00	1.807106e+02
4.160000e-06	8.375742e-07	2.886418e-09	5.339215e+00	1.757713e+02
4.170000e-06	7.583082e-07	2.810377e-09	4.833925e+00	1.707688e+02
4.180000e-06	6.789272e-07	2.727414e-09	4.327902e+00	1.656989e+02
4.190000e-06	5.995085e-07	2.638029e-09	3.821637e+00	1.605581e+02
4.200000e-06	5.199602e-07	2.551438e-09	3.314547e+00	1.553445e+02
4.210000e-06	4.402251e-07	2.467051e-09	2.806267e+00	1.500578e+02
4.220000e-06	3.605002e-07	2.375254e-09	2.298051e+00	1.446996e+02
4.230000e-06	2.807753e-07	2.279103e-09	1.789835e+00	1.392729e+02
4.240000e-06	2.009649e-07	2.186920e-09	1.281074e+00	1.337814e+02
4.250000e-06	1.210704e-07	2.097482e-09	7.717775e-01	1.282297e+02
4.260000e-06	4.121022e-08	2.005150e-09	2.626994e-01	1.226217e+02
4.270000e-06	-3.865741e-08	1.907266e-09	-2.464262e-01	1.169604e+02
4.280000e-06	-1.186124e-07	1.811684e-09	-7.561086e-01	1.112475e+02
4.290000e-06	-1.985096e-07	1.718742e-09	-1.265423e+00	1.054830e+02
4.300000e-06	-2.782911e-07	1.621068e-09	-1.773999e+00	9.966534e+01
4.310000e-06	-3.580351e-07	1.518263e-09	-2.282337e+00	9.379147e+01
4.320000e-06	-4.378356e-07	1.417681e-09	-2.791035e+00	8.785782e+01
4.330000e-06	-5.175600e-07	1.317671e-09	-3.299247e+00	8.186091e+01
4.340000e-06	-5.970980e-07	1.216406e-09	-3.806272e+00	7.579828e+01
4.350000e-06	-6.765069e-07	1.111217e-09	-4.312473e+00	6.966935e+01
4.360000e-06	-7.558581e-07	1.002839e-09	-4.818307e+00	6.347614e+01
4.370000e-06	-8.351469e-07	8.990320e-10	-5.323743e+00	5.722375e+01
4.380000e-06	-9.143414e-07	7.933656e-10	-5.828577e+00	5.092041e+01
4.390000e-06	-9.935023e-07	6.837450e-10	-6.333198e+00	4.457729e+01
4.400000e-06	-1.072561e-06	5.761074e-10	-6.837166e+00	3.820784e+01
4.410000e-06	-1.151446e-06	4.699626e-10	-7.340025e+00	3.182692e+01
4.420000e-06	-1.230165e-06	3.618971e-10	-7.841833e+00	2.544966e+01
4.430000e-06	-1.308717e-06	2.517575e-10	-8.342572e+00	1.909035e+01
4.440000e-06	-1.387130e-06	1.438051e-10	-8.842426e+00	1.276129e+01
4.450000e-06	-1.465365e-06	4.206707e-11	-9.341141e+00	6.471947e+00
4.460000e-06	-1.543372e-06	-5.879378e-11	-9.838410e+00	2.283542e-01
4.470000e-06	-1.621126e-06	-1.645186e-10	-1.033406e+01	-5.967077e+00
4.480000e-06	-1.698657e-06	-2.705580e-10	-1.082829e+01	-1.211537e+01
4.490000e-06	-1.775973e-06	-3.739164e-10	-1.132115e+01	-1.822043e+01
4.500000e-06	-1.852890e-06	-4.751129e-10	-1.181147e+01	-2.428819e+01
4.510000e-06	-1.929365e-06	-5.774154e-10	-1.229897e+01	-3.032563e+01
4.520000e-06	-2.005465e-06	-6.824528e-10	-1.278407e+01	-3.633971e+01
4.530000e-06	-2.081252e-06	-7.837024e-10	-1.326719e+01	-4.233639e+01
4.540000e-06	-2.156814e-06	-8.833732e-10	-1.374887e+01	-4.831990e+01
4.550000e-06	-2.232158e-06	-9.824410e-10	-1.422916e+01	-5.429227e+01
4.560000e-06	-2.307281e-06	-1.082333e-09	-1.470803e+01	-6.025320e+01
4.570000e-06	-2.382152e-06	-1.180395e-09	-1.518531e+01	-6.620026e+01
4.580000e-06	-2.456701e-06	-1.277605e-09	-1.566053e+01	-7.212939e+01
4.590000e-06	-2.530893e-06	-1.377889e-09	-1.613347e+01	-7.803554e+01
4.600000e-06	-2.604728e-06	-1.476360e-09	-1.660415e+01	-8.391347e+01
4.610000e-06	-2.678250e-06	-1.573593e-09	-1.707282e+01	-8.975847e+01
4.620000e-06	-2.751531e-06	-1.670165e-09	-1.753996e+01	-9.556697e+01
4.630000e-06	-2.824553e-06	-1.765846e-09	-1.800545e+01	-1.013369e+02
4.640000e-06	-2.897273e-06	-1.861522e-09	-1.846901e+01	-1.070678e+02
4.650000e-06	-2.969701e-06	-1.954218e-09	-1.893071e+01	-1.127606e+02
4.660000e-06	-3.041767e-06	-2.045603e-09	-1.939010e+01	-1.184175e+02
4.670000e-06	-3.113439e-06	-2.142216e-09	-1.984698e+01	-1.240409e+02
4.680000e-06	-3.184785e-06	-2.238448e-09	-2.030179e+01	-1.296332e+02
4.690000e-06	-3.255812e-06	-2.333048e-09	-2.075456e+01	-1.351960e+02
4.700000e-06	-3.326439e-06	-2.425552e-09	-2.120478e+01	-1.407298e+02
4.710000e-06	-3.396587e-06	-2.518780e-09	-2.165194e+01	-1.462333e+02
4.720000e-06	-3.466197e-06	-2.611982e-09	-2.209568e+01	-1.517038e+02
4.730000e-06	-3.535303e-06	-2.700023e-09	-2.253621e+01	-1.571375e+02
4.740000e-06	-3.603915e-06	-2.786371e-09	-2.297358e+01	-1.625292e+02
4.750000e-06	-3.672034e-06	-2.875222e-09	-2.340782e+01	-1.678739e+02
4.760000e-06	-3.739718e-06	-2.967869e-09	-2.383927e+01	-1.731667e+02
4.770000e-06	-3.807015e-06	-3.056015e-09	-2.426826e+01	-1.784036e+02
4.780000e-06	-3.873956e-06	-3.140559e-09	-2.469499e+01	-1.835824e+02
4.790000e-06	-3.940466e-06	-3.226563e-09	-2.511896e+01	-1.887022e+02
4.800000e-06	-4.006502e-06	-3.312865e-09	-2.553992e+01	-1.937641e+02
4.810000e-06	-4.072107e-06	-3.394973e-09	-2.595813e+01	-1.987707e+02
4.820000e-06	-4.137205e-06	-3.475253e-09	-2.637310e+01	-2.037257e+02
4.830000e-06	-4.201784e-06	-3.555609e-09	-2.678477e+01	-2.086331e+02
4.840000e-06	-4.265909e-06	-3.637167e-09	-2.719354e+01	-2.134971e+02
4.850000e-06	-4.329545e-06	-3.719257e-09	-2.759920e+01	-2.183206e+02
4.860000e-06	-4.392744e-06	-3.800991e-09	-2.800207e+01	-2.231056e+02
4.870000e-06	-4.455490e-06	-3.881932e-09	-2.840205e+01	-2.278524e+02
4.880000e-06	-4.517701e-06	-3.959712e-09	-2.879862e+01	-2.325595e+02
4.890000e-06	-4.579245e-06	-4.036323e-09	-2.919093e+01	-2.372241e+02
4.900000e-06	-4.639950e-06	-4.113988e-09	-2.957791e+01	-2.418423e+02
4.910000e-06	-4.699974e-06	-4.191135e-09	-2.996054e+01	-2.464098e+02
4.920000e-06	-4.759508e-06	-4.267504e-09	-3.034004e+01	-2.509225e+02
4.930000e-06	-4.818641e-06	-4.344081e-09	-3.071699e+01	-2.553770e+02
4.940000e-06	-4.877343e-06	-4.417694e-09	-3.109120e+01	-2.597714e+02
4.950000e-06	-4.935439e-06	-4.487161e-09	-3.146154e+01	-2.641055e+02
4.960000e-06	-4.992958e-06	-4.555642e-09	-3.182820e+01	-2.683805e+02
4.970000e-06	-5.049943e-06	-4.626672e-09	-3.219145e+01	-2.725993e+02
4.980000e-06	-5.106337e-06	-4.697235e-09	-3.255095e+01	-2.767657e+02
4.990000e-06	-5.162105e-06	-4.767900e-09	-3.290645e+01	-2.808842e+02
5.000000e-06	-5.217369e-06	-4.837865e-09	-3.325873e+01	-2.849587e+02
5.010000e-06	-5.272047e-06	-4.908122e-09	-3.360728e+01	-2.889925e+02
5.020000e-06	-5.325889e-06	-4.976729e-09	-3.395050e+01	-2.929874e+02
5.030000e-06	-5.378879e-06	-5.042604e-09	-3.428830e+01	-2.969433e+02
5.040000e-06	-5.430982e-06	-5.107801e-09	-3.462043e+01	-3.008583e+02
5.050000e-06	-5.482441e-06	-5.172779e-09	-3.494847e+01	-3.047291e+02
5.060000e-06	-5.533279e-06	-5.236595e-09	-3.527254e+01	-3.085510e+02
5.070000e-06	-5.583252e-06	-5.297676e-09	-3.559109e+01	-3.123187e+02
5.080000e-06	-5.632414e-06	-5.361954e-09	-3.590448e+01	-3.160270e+02
5.090000e-06	-5.680722e-06	-5.426998e-09	-3.621243e+01	-3.196716e+02
5.100000e-06	-5.728103e-06	-5.489429e-09	-3.651447e+01	-3.232497e+02
5.110000e-06	-5.774636e-06	-5.549341e-09	-3.681110e+01	-3.267601e+02
5.120000e-06	-5.820527e-06	-5.606117e-09	-3.710363e+01	-3.302036e+02
5.130000e-06	-5.865852e-06	-5.662916e-09	-3.739256e+01	-3.335827e+02
5.140000e-06	-5.910590e-06	-5.718443e-09	-3.767776e+01	-3.369014e+02
5.150000e-06	-5.954710e-06	-5.772034e-09	-3.795900e+01	-3.401642e+02
5.160000e-06	-5.998236e-06	-5.825634e-09	-3.823646e+01	-3.433758e+02
5.170000e-06	-6.041217e-06	-5.879195e-09	-3.851045e+01	-3.465402e+02
5.180000e-06	-6.083612e-06	-5.931977e-09	-3.878070e+01	-3.496599e+02
5.190000e-06	-6.125331e-06	-5.982583e-09	-3.904664e+01	-3.527360e+02
5.200000e-06	-6.166375e-06	-6.032655e-09	-3.930828e+01	-3.557675e+02
5.210000e-06	-6.206712e-06	-6.081979e-09	-3.956542e+01	-3.587515e+02
5.220000e-06	-6.246404e-06	-6.129359e-09	-3.981844e+01	-3.616840e+02
5.230000e-06	-6.285464e-06	-6.178049e-09	-4.006743e+01	-3.645601e+02
5.240000e-06	-6.323605e-06	-6.225246e-09	-4.031057e+01	-3.673751e+02
5.250000e-06	-6.360688e-06	-6.266779e-09	-4.054696e+01	-3.701248e+02
5.260000e-06	-6.396854e-06	-6.311306e-09	-4.077750e+01	-3.728065e+02
5.270000e-06	-6.432401e-06	-6.357093e-09	-4.100410e+01	-3.754195e+02
5.280000e-06	-6.467357e-06	-6.399416e-09	-4.122693e+01	-3.779651e+02
5.290000e-06	-6.501539e-06	-6.438397e-09	-4.144482e+01	-3.804466e+02
5.300000e-06	-6.534896e-06	-6.476751e-09	-4.165746e+01	-3.828689e+02
5.310000e-06	-6.567451e-06	-6.515430e-09	-4.186499e+01	-3.852376e+02
5.320000e-06	-6.599366e-06	-6.551493e-09	-4.206843e+01	-3.875589e+02
5.330000e-06	-6.630745e-06	-6.587687e-09	-4.226847e+01	-3.898379e+02
5.340000e-06	-6.661306e-06	-6.625458e-09	-4.246328e+01	-3.920784e+02
5.350000e-06	-6.690639e-06	-6.664676e-09	-4.265027e+01	-3.942822e+02
5.360000e-06	-6.718883e-06	-6.699577e-09	-4.283031e+01	-3.964486e+02
5.370000e-06	-6.746529e-06	-6.732182e-09	-4.300654e+01	-3.985748e+02
5.380000e-06	-6.773604e-06	-6.765706e-09	-4.317914e+01	-4.006558e+02
5.390000e-06	-6.799817e-06	-6.798745e-09	-4.334624e+01	-4.026857e+02
5.400000e-06	-6.825161e-06	-6.831256e-09	-4.350779e+01	-4.046576e+02
5.410000e-06	-6.849697e-06	-6.862013e-09	-4.366420e+01	-4.065656e+02
5.420000e-06	-6.873569e-06	-6.894421e-09	-4.381637e+01	-4.084046e+02
5.430000e-06	-6.896943e-06	-6.925195e-09	-4.396537e+01	-4.101719e+02
5.440000e-06	-6.919401e-06	-6.952243e-09	-4.410854e+01	-4.118672e+02
5.450000e-06	-6.940533e-06	-6.977159e-09	-4.424325e+01	-4.134926e+02
5.460000e-06	-6.960640e-06	-7.000669e-09	-4.437142e+01	-4.150529e+02
5.470000e-06	-6.980127e-06	-7.024993e-09	-4.449564e+01	-4.165545e+02
5.480000e-06	-6.998916e-06	-7.048583e-09	-4.461542e+01	-4.180050e+02
5.490000e-06	-7.016913e-06	-7.072734e-09	-4.473014e+01	-4.194118e+02
5.500000e-06	-7.034159e-06	-7.096214e-09	-4.484007e+01	-4.207818e+02
5.510000e-06	-7.050569e-06	-7.116757e-09	-4.494468e+01	-4.221199e+02
5.520000e-06	-7.066269e-06	-7.137450e-09	-4.504476e+01	-4.234289e+02
5.530000e-06	-7.081280e-06	-7.157398e-09	-4.514045e+01	-4.247087e+02
5.540000e-06	-7.095059e-06	-7.177139e-09	-4.522829e+01	-4.259570e+02
5.550000e-06	-7.107538e-06	-7.197565e-09	-4.530784e+01	-4.271691e+02
5.560000e-06	-7.119086e-06	-7.218078e-09	-4.538145e+01	-4.283387e+02
5.570000e-06	-7.129759e-06	-7.237854e-09	-4.544949e+01	-4.294591e+02
5.580000e-06	-7.139579e-06	-7.255569e-09	-4.551209e+01	-4.305238e+02
5.590000e-06	-7.148597e-06	-7.272430e-09	-4.556957e+01	-4.315275e+02
5.600000e-06	-7.156855e-06	-7.290677e-09	-4.562222e+01	-4.324668e+02
5.610000e-06	-7.164501e-06	-7.305674e-09	-4.567096e+01	-4.333406e+02
5.620000e-06	-7.171419e-06	-7.315945e-09	-4.571506e+01	-4.341505e+02
5.630000e-06	-7.177077e-06	-7.325893e-09	-4.575113e+01	-4.349001e+02
5.640000e-06	-7.181516e-06	-7.337237e-09	-4.577942e+01	-4.355948e+02
5.650000e-06	-7.185253e-06	-7.348415e-09	-4.580324e+01	-4.362412e+02
5.660000e-06	-7.188395e-06	-7.359223e-09	-4.582327e+01	-4.368460e+02
5.670000e-06	-7.190765e-06	-7.372618e-09	-4.583838e+01	-4.374153e+02
5.680000e-06	-7.192353e-06	-7.387221e-09	-4.584851e+01	-4.379537e+02
5.690000e-06	-7.193088e-06	-7.401432e-09	-4.585319e+01	-4.384642e+02
