# Temperatura_=_20.0
# Concentracion g/m^3_=_12000.0
# C_Vs_to_Am_M_A/Vsm_=_59384043850.047264
# pendiente_HvsI_1/m_=_3716.3
# ordenada_HvsI_A/m_=_1297.0
# frecuencia_Hz_=_175536.1717799007

Tiempo_(s)	Campo_(V.s)	Magnetizacion_(V.s)	Campo_(kA/m)	Magnetizacion_(A/m)
0.000000e+00	-7.160785e-06	-7.424947e-09	-4.585439e+01	-4.403484e+02
1.000000e-08	-7.160334e-06	-7.427387e-09	-4.585150e+01	-4.407276e+02
2.000000e-08	-7.159142e-06	-7.431809e-09	-4.584387e+01	-4.410738e+02
3.000000e-08	-7.156794e-06	-7.441799e-09	-4.582883e+01	-4.413939e+02
4.000000e-08	-7.153406e-06	-7.448190e-09	-4.580714e+01	-4.416944e+02
5.000000e-08	-7.149259e-06	-7.452177e-09	-4.578058e+01	-4.419812e+02
6.000000e-08	-7.144526e-06	-7.458957e-09	-4.575027e+01	-4.422590e+02
7.000000e-08	-7.139038e-06	-7.472232e-09	-4.571513e+01	-4.425312e+02
8.000000e-08	-7.132673e-06	-7.488978e-09	-4.567437e+01	-4.427995e+02
9.000000e-08	-7.125412e-06	-7.441216e-09	-4.562787e+01	-4.430641e+02
1.000000e-07	-7.117217e-06	-7.404130e-09	-4.557540e+01	-4.433234e+02
1.100000e-07	-7.108128e-06	-7.440246e-09	-4.551720e+01	-4.435746e+02
1.200000e-07	-7.097862e-06	-7.484067e-09	-4.545146e+01	-4.438139e+02
1.300000e-07	-7.086478e-06	-7.582955e-09	-4.537856e+01	-4.440363e+02
1.400000e-07	-7.074365e-06	-7.480132e-09	-4.530100e+01	-4.442367e+02
1.500000e-07	-7.061424e-06	-7.374580e-09	-4.521813e+01	-4.444097e+02
1.600000e-07	-7.047639e-06	-7.573348e-09	-4.512985e+01	-4.445501e+02
1.700000e-07	-7.032978e-06	-7.523526e-09	-4.503597e+01	-4.446531e+02
1.800000e-07	-7.016956e-06	-7.411082e-09	-4.493337e+01	-4.447145e+02
1.900000e-07	-6.999828e-06	-7.493099e-09	-4.482369e+01	-4.447305e+02
2.000000e-07	-6.982188e-06	-7.429352e-09	-4.471073e+01	-4.446980e+02
2.100000e-07	-6.963808e-06	-7.467110e-09	-4.459304e+01	-4.446145e+02
2.200000e-07	-6.944542e-06	-7.574088e-09	-4.446967e+01	-4.444779e+02
2.300000e-07	-6.924643e-06	-7.414734e-09	-4.434224e+01	-4.442863e+02
2.400000e-07	-6.904115e-06	-7.389653e-09	-4.421079e+01	-4.440382e+02
2.500000e-07	-6.882887e-06	-7.462643e-09	-4.407486e+01	-4.437323e+02
2.600000e-07	-6.860841e-06	-7.428024e-09	-4.393368e+01	-4.433674e+02
2.700000e-07	-6.837941e-06	-7.427766e-09	-4.378705e+01	-4.429425e+02
2.800000e-07	-6.814277e-06	-7.352910e-09	-4.363551e+01	-4.424570e+02
2.900000e-07	-6.789927e-06	-7.397423e-09	-4.347958e+01	-4.419106e+02
3.000000e-07	-6.764826e-06	-7.464058e-09	-4.331885e+01	-4.413035e+02
3.100000e-07	-6.738612e-06	-7.377907e-09	-4.315098e+01	-4.406364e+02
3.200000e-07	-6.711261e-06	-7.302630e-09	-4.297584e+01	-4.399109e+02
3.300000e-07	-6.683076e-06	-7.330122e-09	-4.279536e+01	-4.391291e+02
3.400000e-07	-6.654217e-06	-7.384398e-09	-4.261056e+01	-4.382939e+02
3.500000e-07	-6.624637e-06	-7.334729e-09	-4.242114e+01	-4.374089e+02
3.600000e-07	-6.594272e-06	-7.280074e-09	-4.222670e+01	-4.364779e+02
3.700000e-07	-6.563159e-06	-7.299499e-09	-4.202747e+01	-4.355051e+02
3.800000e-07	-6.531368e-06	-7.288770e-09	-4.182389e+01	-4.344949e+02
3.900000e-07	-6.498943e-06	-7.263316e-09	-4.161625e+01	-4.334512e+02
4.000000e-07	-6.465848e-06	-7.206637e-09	-4.140433e+01	-4.323774e+02
4.100000e-07	-6.431788e-06	-7.179150e-09	-4.118622e+01	-4.312765e+02
4.200000e-07	-6.396572e-06	-7.226729e-09	-4.096072e+01	-4.301503e+02
4.300000e-07	-6.360525e-06	-7.208454e-09	-4.072989e+01	-4.289999e+02
4.400000e-07	-6.323883e-06	-7.160943e-09	-4.049525e+01	-4.278253e+02
4.500000e-07	-6.286569e-06	-7.120166e-09	-4.025631e+01	-4.266255e+02
4.600000e-07	-6.248463e-06	-7.120378e-09	-4.001229e+01	-4.253989e+02
4.700000e-07	-6.209571e-06	-7.101580e-09	-3.976325e+01	-4.241431e+02
4.800000e-07	-6.170020e-06	-7.054048e-09	-3.950998e+01	-4.228555e+02
4.900000e-07	-6.129927e-06	-7.036785e-09	-3.925325e+01	-4.215330e+02
5.000000e-07	-6.089144e-06	-7.037327e-09	-3.899209e+01	-4.201729e+02
5.100000e-07	-6.047495e-06	-7.036765e-09	-3.872539e+01	-4.187729e+02
5.200000e-07	-6.004868e-06	-6.982689e-09	-3.845242e+01	-4.173308e+02
5.300000e-07	-5.961305e-06	-6.932350e-09	-3.817347e+01	-4.158454e+02
5.400000e-07	-5.917030e-06	-6.923003e-09	-3.788995e+01	-4.143161e+02
5.500000e-07	-5.872144e-06	-6.905362e-09	-3.760252e+01	-4.127428e+02
5.600000e-07	-5.826607e-06	-6.864906e-09	-3.731092e+01	-4.111263e+02
5.700000e-07	-5.780361e-06	-6.824684e-09	-3.701479e+01	-4.094678e+02
5.800000e-07	-5.733469e-06	-6.821330e-09	-3.671451e+01	-4.077690e+02
5.900000e-07	-5.685898e-06	-6.806958e-09	-3.640988e+01	-4.060316e+02
6.000000e-07	-5.637724e-06	-6.762713e-09	-3.610140e+01	-4.042577e+02
6.100000e-07	-5.588930e-06	-6.718016e-09	-3.578895e+01	-4.024489e+02
6.200000e-07	-5.539253e-06	-6.695957e-09	-3.547084e+01	-4.006067e+02
6.300000e-07	-5.488574e-06	-6.681739e-09	-3.514631e+01	-3.987321e+02
6.400000e-07	-5.436971e-06	-6.635604e-09	-3.481587e+01	-3.968259e+02
6.500000e-07	-5.384579e-06	-6.591545e-09	-3.448038e+01	-3.948882e+02
6.600000e-07	-5.331450e-06	-6.570771e-09	-3.414016e+01	-3.929185e+02
6.700000e-07	-5.277645e-06	-6.551164e-09	-3.379562e+01	-3.909161e+02
6.800000e-07	-5.223259e-06	-6.505379e-09	-3.344736e+01	-3.888799e+02
6.900000e-07	-5.168325e-06	-6.459200e-09	-3.309558e+01	-3.868085e+02
7.000000e-07	-5.112761e-06	-6.433590e-09	-3.273978e+01	-3.847005e+02
7.100000e-07	-5.056618e-06	-6.410683e-09	-3.238027e+01	-3.825545e+02
7.200000e-07	-4.999979e-06	-6.364241e-09	-3.201758e+01	-3.803692e+02
7.300000e-07	-4.942758e-06	-6.311951e-09	-3.165116e+01	-3.781436e+02
7.400000e-07	-4.884771e-06	-6.280447e-09	-3.127984e+01	-3.758769e+02
7.500000e-07	-4.825977e-06	-6.256180e-09	-3.090335e+01	-3.735687e+02
7.600000e-07	-4.766441e-06	-6.213143e-09	-3.052211e+01	-3.712192e+02
7.700000e-07	-4.706276e-06	-6.163268e-09	-3.013683e+01	-3.688284e+02
7.800000e-07	-4.645685e-06	-6.131788e-09	-2.974884e+01	-3.663971e+02
7.900000e-07	-4.584654e-06	-6.103713e-09	-2.935803e+01	-3.639260e+02
8.000000e-07	-4.523087e-06	-6.055885e-09	-2.896378e+01	-3.614159e+02
8.100000e-07	-4.461004e-06	-5.998510e-09	-2.856623e+01	-3.588676e+02
8.200000e-07	-4.398430e-06	-5.955114e-09	-2.816553e+01	-3.562819e+02
8.300000e-07	-4.335338e-06	-5.920455e-09	-2.776152e+01	-3.536593e+02
8.400000e-07	-4.271794e-06	-5.874679e-09	-2.735461e+01	-3.510003e+02
8.500000e-07	-4.207884e-06	-5.822271e-09	-2.694536e+01	-3.483048e+02
8.600000e-07	-4.143440e-06	-5.783705e-09	-2.653269e+01	-3.455727e+02
8.700000e-07	-4.078432e-06	-5.754506e-09	-2.611641e+01	-3.428035e+02
8.800000e-07	-4.013030e-06	-5.709717e-09	-2.569761e+01	-3.399966e+02
8.900000e-07	-3.947169e-06	-5.649832e-09	-2.527586e+01	-3.371512e+02
9.000000e-07	-3.880698e-06	-5.600299e-09	-2.485022e+01	-3.342665e+02
9.100000e-07	-3.813613e-06	-5.559106e-09	-2.442063e+01	-3.313416e+02
9.200000e-07	-3.746044e-06	-5.508374e-09	-2.398795e+01	-3.283756e+02
9.300000e-07	-3.678060e-06	-5.446716e-09	-2.355261e+01	-3.253680e+02
9.400000e-07	-3.609669e-06	-5.395454e-09	-2.311467e+01	-3.223180e+02
9.500000e-07	-3.540931e-06	-5.355240e-09	-2.267450e+01	-3.192252e+02
9.600000e-07	-3.471867e-06	-5.307004e-09	-2.223225e+01	-3.160891e+02
9.700000e-07	-3.402341e-06	-5.246592e-09	-2.178703e+01	-3.129093e+02
9.800000e-07	-3.332425e-06	-5.190697e-09	-2.133933e+01	-3.096854e+02
9.900000e-07	-3.262134e-06	-5.142794e-09	-2.088921e+01	-3.064170e+02
1.000000e-06	-3.191474e-06	-5.090272e-09	-2.043674e+01	-3.031033e+02
1.010000e-06	-3.120511e-06	-5.028493e-09	-1.998232e+01	-2.997436e+02
1.020000e-06	-3.049177e-06	-4.969834e-09	-1.952553e+01	-2.963370e+02
1.030000e-06	-2.977553e-06	-4.917331e-09	-1.906689e+01	-2.928823e+02
1.040000e-06	-2.905634e-06	-4.859043e-09	-1.860635e+01	-2.893784e+02
1.050000e-06	-2.833345e-06	-4.793463e-09	-1.814344e+01	-2.858240e+02
1.060000e-06	-2.760597e-06	-4.731143e-09	-1.767760e+01	-2.822179e+02
1.070000e-06	-2.687365e-06	-4.674974e-09	-1.720866e+01	-2.785590e+02
1.080000e-06	-2.613851e-06	-4.616612e-09	-1.673791e+01	-2.748466e+02
1.090000e-06	-2.540104e-06	-4.551352e-09	-1.626566e+01	-2.710800e+02
1.100000e-06	-2.465949e-06	-4.484636e-09	-1.579081e+01	-2.672591e+02
1.110000e-06	-2.391304e-06	-4.424704e-09	-1.531282e+01	-2.633843e+02
1.120000e-06	-2.316212e-06	-4.359786e-09	-1.483196e+01	-2.594560e+02
1.130000e-06	-2.240800e-06	-4.288505e-09	-1.434905e+01	-2.554753e+02
1.140000e-06	-2.165052e-06	-4.217467e-09	-1.386400e+01	-2.514433e+02
1.150000e-06	-2.089021e-06	-4.151241e-09	-1.337713e+01	-2.473613e+02
1.160000e-06	-2.012832e-06	-4.085681e-09	-1.288925e+01	-2.432304e+02
1.170000e-06	-1.936407e-06	-4.013407e-09	-1.239987e+01	-2.390517e+02
1.180000e-06	-1.859697e-06	-3.940017e-09	-1.190865e+01	-2.348258e+02
1.190000e-06	-1.782772e-06	-3.872393e-09	-1.141606e+01	-2.305530e+02
1.200000e-06	-1.705650e-06	-3.804149e-09	-1.092220e+01	-2.262329e+02
1.210000e-06	-1.628309e-06	-3.729210e-09	-1.042694e+01	-2.218646e+02
1.220000e-06	-1.550712e-06	-3.652895e-09	-9.930050e+00	-2.174468e+02
1.230000e-06	-1.472936e-06	-3.579833e-09	-9.432005e+00	-2.129775e+02
1.240000e-06	-1.394986e-06	-3.508099e-09	-8.932853e+00	-2.084545e+02
1.250000e-06	-1.316828e-06	-3.429605e-09	-8.432362e+00	-2.038755e+02
1.260000e-06	-1.238514e-06	-3.348352e-09	-7.930876e+00	-1.992378e+02
1.270000e-06	-1.160078e-06	-3.271277e-09	-7.428610e+00	-1.945392e+02
1.280000e-06	-1.081435e-06	-3.195447e-09	-6.925017e+00	-1.897778e+02
1.290000e-06	-1.002655e-06	-3.114060e-09	-6.420546e+00	-1.849520e+02
1.300000e-06	-9.237631e-07	-3.031486e-09	-5.915356e+00	-1.800610e+02
1.310000e-06	-8.447453e-07	-2.952142e-09	-5.409362e+00	-1.751042e+02
1.320000e-06	-7.657158e-07	-2.870199e-09	-4.903293e+00	-1.700820e+02
1.330000e-06	-6.865251e-07	-2.780824e-09	-4.396193e+00	-1.649951e+02
1.340000e-06	-6.071347e-07	-2.689217e-09	-3.887813e+00	-1.598447e+02
1.350000e-06	-5.276336e-07	-2.605386e-09	-3.378724e+00	-1.546320e+02
1.360000e-06	-4.480900e-07	-2.526219e-09	-2.869363e+00	-1.493584e+02
1.370000e-06	-3.685738e-07	-2.438955e-09	-2.360178e+00	-1.440252e+02
1.380000e-06	-2.889674e-07	-2.344928e-09	-1.850415e+00	-1.386332e+02
1.390000e-06	-2.092855e-07	-2.252006e-09	-1.340169e+00	-1.331831e+02
1.400000e-06	-1.295829e-07	-2.163567e-09	-8.297892e-01	-1.276748e+02
1.410000e-06	-4.986917e-08	-2.069183e-09	-3.193394e-01	-1.221077e+02
1.420000e-06	2.983228e-08	-1.967983e-09	1.910322e-01	-1.164810e+02
1.430000e-06	1.095434e-07	-1.871494e-09	7.014658e-01	-1.107934e+02
1.440000e-06	1.891507e-07	-1.781296e-09	1.211234e+00	-1.050434e+02
1.450000e-06	2.687656e-07	-1.686079e-09	1.721052e+00	-9.923008e+01
1.460000e-06	3.484487e-07	-1.583673e-09	2.231306e+00	-9.335253e+01
1.470000e-06	4.281132e-07	-1.484589e-09	2.741441e+00	-8.741075e+01
1.480000e-06	5.076882e-07	-1.387792e-09	3.251003e+00	-8.140569e+01
1.490000e-06	5.871347e-07	-1.285853e-09	3.759742e+00	-7.533951e+01
1.500000e-06	6.664566e-07	-1.178851e-09	4.267683e+00	-6.921567e+01
1.510000e-06	7.457460e-07	-1.076786e-09	4.775416e+00	-6.303906e+01
1.520000e-06	8.250056e-07	-9.786434e-10	5.282958e+00	-5.681590e+01
1.530000e-06	9.040609e-07	-8.744581e-10	5.789192e+00	-5.055361e+01
1.540000e-06	9.829052e-07	-7.627639e-10	6.294075e+00	-4.426059e+01
1.550000e-06	1.061643e-06	-6.516805e-10	6.798276e+00	-3.794590e+01
1.560000e-06	1.140256e-06	-5.449536e-10	7.301680e+00	-3.161886e+01
1.570000e-06	1.218611e-06	-4.362569e-10	7.803430e+00	-2.528868e+01
1.580000e-06	1.296758e-06	-3.276014e-10	8.303844e+00	-1.896407e+01
1.590000e-06	1.374804e-06	-2.248111e-10	8.803614e+00	-1.265282e+01
1.600000e-06	1.452592e-06	-1.245061e-10	9.301734e+00	-6.361572e+00
1.610000e-06	1.530179e-06	-2.297360e-11	9.798565e+00	-9.555113e-02
1.620000e-06	1.607690e-06	8.473226e-11	1.029491e+01	6.141506e+00
1.630000e-06	1.685026e-06	1.920269e-10	1.079013e+01	1.234736e+01
1.640000e-06	1.762142e-06	2.961650e-10	1.128395e+01	1.852117e+01
1.650000e-06	1.838989e-06	4.027840e-10	1.177604e+01	2.466323e+01
1.660000e-06	1.915555e-06	5.129137e-10	1.226633e+01	3.077477e+01
1.670000e-06	1.991869e-06	6.171499e-10	1.275502e+01	3.685755e+01
1.680000e-06	2.067978e-06	7.117324e-10	1.324238e+01	4.291355e+01
1.690000e-06	2.143749e-06	8.062828e-10	1.372759e+01	4.894463e+01
1.700000e-06	2.219130e-06	9.054335e-10	1.421029e+01	5.495226e+01
1.710000e-06	2.294261e-06	1.006567e-09	1.469139e+01	6.093732e+01
1.720000e-06	2.369099e-06	1.105025e-09	1.517062e+01	6.689993e+01
1.730000e-06	2.443519e-06	1.204523e-09	1.564718e+01	7.283948e+01
1.740000e-06	2.517556e-06	1.310212e-09	1.612128e+01	7.875466e+01
1.750000e-06	2.591257e-06	1.415430e-09	1.659323e+01	8.464361e+01
1.760000e-06	2.664533e-06	1.512528e-09	1.706245e+01	9.050409e+01
1.770000e-06	2.737382e-06	1.605217e-09	1.752894e+01	9.633375e+01
1.780000e-06	2.809890e-06	1.700657e-09	1.799325e+01	1.021303e+02
1.790000e-06	2.882151e-06	1.800315e-09	1.845597e+01	1.078918e+02
1.800000e-06	2.954132e-06	1.895096e-09	1.891691e+01	1.136166e+02
1.810000e-06	3.025743e-06	1.991556e-09	1.937547e+01	1.193036e+02
1.820000e-06	3.097025e-06	2.091275e-09	1.983193e+01	1.249525e+02
1.830000e-06	3.167927e-06	2.189415e-09	2.028595e+01	1.305630e+02
1.840000e-06	3.238387e-06	2.282085e-09	2.073715e+01	1.361355e+02
1.850000e-06	3.308507e-06	2.370259e-09	2.118617e+01	1.416704e+02
1.860000e-06	3.378329e-06	2.460961e-09	2.163327e+01	1.471680e+02
1.870000e-06	3.447758e-06	2.552074e-09	2.207786e+01	1.526286e+02
1.880000e-06	3.516773e-06	2.645045e-09	2.251980e+01	1.580521e+02
1.890000e-06	3.585433e-06	2.736926e-09	2.295947e+01	1.634378e+02
1.900000e-06	3.653725e-06	2.831283e-09	2.339678e+01	1.687847e+02
1.910000e-06	3.721566e-06	2.922237e-09	2.383121e+01	1.740912e+02
1.920000e-06	3.788933e-06	3.005509e-09	2.426259e+01	1.793553e+02
1.930000e-06	3.855792e-06	3.087074e-09	2.469073e+01	1.845750e+02
1.940000e-06	3.922097e-06	3.171729e-09	2.511531e+01	1.897480e+02
1.950000e-06	3.987824e-06	3.259642e-09	2.553620e+01	1.948723e+02
1.960000e-06	4.053027e-06	3.347494e-09	2.595373e+01	1.999460e+02
1.970000e-06	4.117754e-06	3.434174e-09	2.636821e+01	2.049678e+02
1.980000e-06	4.182042e-06	3.521056e-09	2.677988e+01	2.099369e+02
1.990000e-06	4.245854e-06	3.606735e-09	2.718850e+01	2.148529e+02
2.000000e-06	4.309183e-06	3.687861e-09	2.759404e+01	2.197160e+02
2.010000e-06	4.372071e-06	3.766030e-09	2.799674e+01	2.245268e+02
2.020000e-06	4.434480e-06	3.841522e-09	2.839638e+01	2.292860e+02
2.030000e-06	4.496377e-06	3.918212e-09	2.879274e+01	2.339946e+02
2.040000e-06	4.557788e-06	3.997642e-09	2.918599e+01	2.386534e+02
2.050000e-06	4.618711e-06	4.075627e-09	2.957611e+01	2.432630e+02
2.060000e-06	4.679137e-06	4.152961e-09	2.996305e+01	2.478236e+02
2.070000e-06	4.739124e-06	4.232886e-09	3.034718e+01	2.523354e+02
2.080000e-06	4.798574e-06	4.310755e-09	3.072787e+01	2.567979e+02
2.090000e-06	4.857328e-06	4.381814e-09	3.110410e+01	2.612106e+02
2.100000e-06	4.915327e-06	4.451577e-09	3.147550e+01	2.655727e+02
2.110000e-06	4.972568e-06	4.523094e-09	3.184205e+01	2.698835e+02
2.120000e-06	5.029130e-06	4.597576e-09	3.220425e+01	2.741425e+02
2.130000e-06	5.085156e-06	4.668628e-09	3.256301e+01	2.783494e+02
2.140000e-06	5.140644e-06	4.739874e-09	3.291833e+01	2.825041e+02
2.150000e-06	5.195593e-06	4.814598e-09	3.327020e+01	2.866071e+02
2.160000e-06	5.249981e-06	4.886056e-09	3.361847e+01	2.906591e+02
2.170000e-06	5.303751e-06	4.951838e-09	3.396279e+01	2.946611e+02
2.180000e-06	5.356911e-06	5.015579e-09	3.430320e+01	2.986140e+02
2.190000e-06	5.409327e-06	5.079927e-09	3.463885e+01	3.025189e+02
2.200000e-06	5.460861e-06	5.142637e-09	3.496886e+01	3.063763e+02
2.210000e-06	5.511540e-06	5.205432e-09	3.529338e+01	3.101866e+02
2.220000e-06	5.561301e-06	5.270619e-09	3.561202e+01	3.139493e+02
2.230000e-06	5.610203e-06	5.337801e-09	3.592517e+01	3.176636e+02
2.240000e-06	5.658507e-06	5.403979e-09	3.623449e+01	3.213279e+02
2.250000e-06	5.706249e-06	5.468481e-09	3.654020e+01	3.249403e+02
2.260000e-06	5.753309e-06	5.528247e-09	3.684156e+01	3.284982e+02
2.270000e-06	5.799651e-06	5.583544e-09	3.713831e+01	3.319993e+02
2.280000e-06	5.845310e-06	5.635049e-09	3.743069e+01	3.354411e+02
2.290000e-06	5.890289e-06	5.688954e-09	3.771871e+01	3.388215e+02
2.300000e-06	5.934667e-06	5.749979e-09	3.800289e+01	3.421388e+02
2.310000e-06	5.978535e-06	5.810952e-09	3.828380e+01	3.453922e+02
2.320000e-06	6.021704e-06	5.867981e-09	3.856024e+01	3.485816e+02
2.330000e-06	6.063881e-06	5.923461e-09	3.883032e+01	3.517076e+02
2.340000e-06	6.105116e-06	5.977448e-09	3.909437e+01	3.547713e+02
2.350000e-06	6.145588e-06	6.024579e-09	3.935353e+01	3.577747e+02
2.360000e-06	6.185357e-06	6.071355e-09	3.960819e+01	3.607196e+02
2.370000e-06	6.224443e-06	6.121760e-09	3.985848e+01	3.636083e+02
2.380000e-06	6.262816e-06	6.173694e-09	4.010421e+01	3.664427e+02
2.390000e-06	6.300469e-06	6.224524e-09	4.034532e+01	3.692243e+02
2.400000e-06	6.337425e-06	6.271874e-09	4.058197e+01	3.719540e+02
2.410000e-06	6.373786e-06	6.319095e-09	4.081480e+01	3.746324e+02
2.420000e-06	6.409585e-06	6.362658e-09	4.104405e+01	3.772592e+02
2.430000e-06	6.444586e-06	6.404476e-09	4.126818e+01	3.798337e+02
2.440000e-06	6.478521e-06	6.444672e-09	4.148548e+01	3.823547e+02
2.450000e-06	6.511449e-06	6.489485e-09	4.169634e+01	3.848211e+02
2.460000e-06	6.543614e-06	6.535385e-09	4.190231e+01	3.872316e+02
2.470000e-06	6.575150e-06	6.574643e-09	4.210425e+01	3.895852e+02
2.480000e-06	6.605958e-06	6.611597e-09	4.230153e+01	3.918811e+02
2.490000e-06	6.636002e-06	6.650339e-09	4.249392e+01	3.941194e+02
2.500000e-06	6.665270e-06	6.686495e-09	4.268133e+01	3.963003e+02
2.510000e-06	6.693813e-06	6.719158e-09	4.286411e+01	3.984247e+02
2.520000e-06	6.721801e-06	6.754244e-09	4.304333e+01	4.004939e+02
2.530000e-06	6.749063e-06	6.793333e-09	4.321791e+01	4.025093e+02
2.540000e-06	6.775199e-06	6.830615e-09	4.338527e+01	4.044724e+02
2.550000e-06	6.800236e-06	6.860183e-09	4.354560e+01	4.063847e+02
2.560000e-06	6.824495e-06	6.889623e-09	4.370094e+01	4.082474e+02
2.570000e-06	6.848027e-06	6.920751e-09	4.385163e+01	4.100613e+02
2.580000e-06	6.870779e-06	6.951502e-09	4.399732e+01	4.118268e+02
2.590000e-06	6.892758e-06	6.979861e-09	4.413807e+01	4.135439e+02
2.600000e-06	6.913942e-06	7.011108e-09	4.427372e+01	4.152123e+02
2.610000e-06	6.934439e-06	7.043845e-09	4.440497e+01	4.168316e+02
2.620000e-06	6.954343e-06	7.072114e-09	4.453243e+01	4.184013e+02
2.630000e-06	6.973493e-06	7.094176e-09	4.465505e+01	4.199211e+02
2.640000e-06	6.991750e-06	7.115660e-09	4.477196e+01	4.213909e+02
2.650000e-06	7.009181e-06	7.139952e-09	4.488358e+01	4.228108e+02
2.660000e-06	7.025753e-06	7.163082e-09	4.498971e+01	4.241815e+02
2.670000e-06	7.041281e-06	7.185067e-09	4.508914e+01	4.255038e+02
2.680000e-06	7.055852e-06	7.206020e-09	4.518244e+01	4.267788e+02
2.690000e-06	7.069549e-06	7.229086e-09	4.527015e+01	4.280075e+02
2.700000e-06	7.082398e-06	7.249733e-09	4.535243e+01	4.291908e+02
2.710000e-06	7.094404e-06	7.264049e-09	4.542931e+01	4.303291e+02
2.720000e-06	7.105350e-06	7.277995e-09	4.549940e+01	4.314225e+02
2.730000e-06	7.115099e-06	7.297927e-09	4.556183e+01	4.324703e+02
2.740000e-06	7.123792e-06	7.318125e-09	4.561750e+01	4.334712e+02
2.750000e-06	7.131742e-06	7.333662e-09	4.566841e+01	4.344234e+02
2.760000e-06	7.138959e-06	7.348113e-09	4.571463e+01	4.353245e+02
2.770000e-06	7.145342e-06	7.363347e-09	4.575550e+01	4.361720e+02
2.780000e-06	7.150846e-06	7.379847e-09	4.579074e+01	4.369638e+02
2.790000e-06	7.155577e-06	7.392429e-09	4.582104e+01	4.376981e+02
2.800000e-06	7.159727e-06	7.400310e-09	4.584761e+01	4.383738e+02
2.810000e-06	7.163128e-06	7.411521e-09	4.586939e+01	4.389911e+02
2.820000e-06	7.165365e-06	7.423358e-09	4.588372e+01	4.395515e+02
2.830000e-06	7.166451e-06	7.430207e-09	4.589067e+01	4.400577e+02
2.840000e-06	7.166752e-06	7.433109e-09	4.589260e+01	4.405138e+02
2.850000e-06	7.166285e-06	7.439252e-09	4.588961e+01	4.409253e+02
2.860000e-06	7.165021e-06	7.449941e-09	4.588151e+01	4.412983e+02
2.870000e-06	7.163072e-06	7.456490e-09	4.586903e+01	4.416396e+02
2.880000e-06	7.160343e-06	7.460579e-09	4.585156e+01	4.419561e+02
2.890000e-06	7.156898e-06	7.468264e-09	4.582950e+01	4.422542e+02
2.900000e-06	7.152946e-06	7.476420e-09	4.580419e+01	4.425395e+02
2.910000e-06	7.148263e-06	7.478708e-09	4.577420e+01	4.428166e+02
2.920000e-06	7.142428e-06	7.457216e-09	4.573684e+01	4.430885e+02
2.930000e-06	7.135445e-06	7.507046e-09	4.569212e+01	4.433567e+02
2.940000e-06	7.127630e-06	7.579948e-09	4.564208e+01	4.436209e+02
2.950000e-06	7.118863e-06	7.555582e-09	4.558594e+01	4.438795e+02
2.960000e-06	7.108903e-06	7.509472e-09	4.552216e+01	4.441294e+02
2.970000e-06	7.098100e-06	7.369388e-09	4.545298e+01	4.443664e+02
2.980000e-06	7.086920e-06	7.458730e-09	4.538139e+01	4.445856e+02
2.990000e-06	7.075073e-06	7.599163e-09	4.530553e+01	4.447818e+02
3.000000e-06	7.061926e-06	7.392291e-09	4.522134e+01	4.449497e+02
3.010000e-06	7.047706e-06	7.472158e-09	4.513028e+01	4.450840e+02
3.020000e-06	7.032736e-06	7.604824e-09	4.503442e+01	4.451800e+02
3.030000e-06	7.016728e-06	7.434971e-09	4.493191e+01	4.452337e+02
3.040000e-06	6.999882e-06	7.536666e-09	4.482404e+01	4.452414e+02
3.050000e-06	6.982411e-06	7.547254e-09	4.471216e+01	4.452001e+02
3.060000e-06	6.964115e-06	7.338615e-09	4.459500e+01	4.451073e+02
3.070000e-06	6.945054e-06	7.548087e-09	4.447294e+01	4.449610e+02
3.080000e-06	6.925296e-06	7.578645e-09	4.434642e+01	4.447594e+02
3.090000e-06	6.904748e-06	7.442013e-09	4.421484e+01	4.445011e+02
3.100000e-06	6.883422e-06	7.530565e-09	4.407829e+01	4.441848e+02
3.110000e-06	6.860936e-06	7.453093e-09	4.393429e+01	4.438093e+02
3.120000e-06	6.837360e-06	7.551721e-09	4.378332e+01	4.433736e+02
3.130000e-06	6.813271e-06	7.528088e-09	4.362907e+01	4.428773e+02
3.140000e-06	6.788342e-06	7.342480e-09	4.346943e+01	4.423200e+02
3.150000e-06	6.762419e-06	7.518394e-09	4.330344e+01	4.417021e+02
3.160000e-06	6.735709e-06	7.530446e-09	4.313239e+01	4.410244e+02
3.170000e-06	6.708283e-06	7.455068e-09	4.295677e+01	4.402887e+02
3.180000e-06	6.680261e-06	7.412059e-09	4.277733e+01	4.394972e+02
3.190000e-06	6.651248e-06	7.363896e-09	4.259155e+01	4.386529e+02
3.200000e-06	6.621086e-06	7.483527e-09	4.239840e+01	4.377595e+02
3.210000e-06	6.590093e-06	7.356964e-09	4.219994e+01	4.368209e+02
3.220000e-06	6.558375e-06	7.311968e-09	4.199683e+01	4.358414e+02
3.230000e-06	6.525933e-06	7.366491e-09	4.178909e+01	4.348251e+02
3.240000e-06	6.492731e-06	7.335451e-09	4.157647e+01	4.337760e+02
3.250000e-06	6.458847e-06	7.378801e-09	4.135950e+01	4.326975e+02
3.260000e-06	6.424312e-06	7.225184e-09	4.113835e+01	4.315923e+02
3.270000e-06	6.389071e-06	7.245883e-09	4.091269e+01	4.304620e+02
3.280000e-06	6.353219e-06	7.283784e-09	4.068311e+01	4.293077e+02
3.290000e-06	6.316553e-06	7.224030e-09	4.044831e+01	4.281290e+02
3.300000e-06	6.278815e-06	7.221388e-09	4.020666e+01	4.269249e+02
3.310000e-06	6.240013e-06	7.150185e-09	3.995818e+01	4.256935e+02
3.320000e-06	6.200449e-06	7.220028e-09	3.970483e+01	4.244325e+02
3.330000e-06	6.160400e-06	7.169594e-09	3.944838e+01	4.231391e+02
3.340000e-06	6.119694e-06	7.096719e-09	3.918772e+01	4.218103e+02
3.350000e-06	6.078150e-06	7.074121e-09	3.892169e+01	4.204435e+02
3.360000e-06	6.035884e-06	7.064478e-09	3.865104e+01	4.190362e+02
3.370000e-06	5.993074e-06	7.101633e-09	3.837690e+01	4.175866e+02
3.380000e-06	5.949748e-06	7.002440e-09	3.809946e+01	4.160936e+02
3.390000e-06	5.905871e-06	6.989224e-09	3.781849e+01	4.145565e+02
3.400000e-06	5.861363e-06	6.987114e-09	3.753348e+01	4.129756e+02
3.410000e-06	5.816139e-06	6.969864e-09	3.724389e+01	4.113516e+02
3.420000e-06	5.770107e-06	6.911855e-09	3.694912e+01	4.096860e+02
3.430000e-06	5.723363e-06	6.846241e-09	3.664980e+01	4.079803e+02
3.440000e-06	5.675952e-06	6.877498e-09	3.634620e+01	4.062365e+02
3.450000e-06	5.627796e-06	6.850907e-09	3.603783e+01	4.044564e+02
3.460000e-06	5.578870e-06	6.803090e-09	3.572453e+01	4.026418e+02
3.470000e-06	5.529160e-06	6.735127e-09	3.540621e+01	4.007940e+02
3.480000e-06	5.478714e-06	6.733473e-09	3.508318e+01	3.989141e+02
3.490000e-06	5.427618e-06	6.724389e-09	3.475598e+01	3.970025e+02
3.500000e-06	5.375890e-06	6.662324e-09	3.442474e+01	3.950593e+02
3.510000e-06	5.323318e-06	6.618513e-09	3.408809e+01	3.930841e+02
3.520000e-06	5.269761e-06	6.600819e-09	3.374514e+01	3.910760e+02
3.530000e-06	5.215352e-06	6.595228e-09	3.339673e+01	3.890339e+02
3.540000e-06	5.160247e-06	6.526499e-09	3.304386e+01	3.869563e+02
3.550000e-06	5.104557e-06	6.468808e-09	3.268724e+01	3.848418e+02
3.560000e-06	5.048324e-06	6.443731e-09	3.232716e+01	3.826891e+02
3.570000e-06	4.991528e-06	6.434568e-09	3.196346e+01	3.804968e+02
3.580000e-06	4.934169e-06	6.381633e-09	3.159616e+01	3.782640e+02
3.590000e-06	4.876254e-06	6.324916e-09	3.122530e+01	3.759901e+02
3.600000e-06	4.817713e-06	6.307519e-09	3.085043e+01	3.736748e+02
3.610000e-06	4.758626e-06	6.286085e-09	3.047206e+01	3.713180e+02
3.620000e-06	4.699101e-06	6.231232e-09	3.009089e+01	3.689201e+02
3.630000e-06	4.639057e-06	6.158637e-09	2.970640e+01	3.664818e+02
3.640000e-06	4.578422e-06	6.131015e-09	2.931812e+01	3.640039e+02
3.650000e-06	4.517099e-06	6.106011e-09	2.892544e+01	3.614871e+02
3.660000e-06	4.455066e-06	6.056856e-09	2.852820e+01	3.589322e+02
3.670000e-06	4.392454e-06	5.990533e-09	2.812726e+01	3.563401e+02
3.680000e-06	4.329339e-06	5.957386e-09	2.772310e+01	3.537113e+02
3.690000e-06	4.265679e-06	5.934513e-09	2.731545e+01	3.510459e+02
3.700000e-06	4.201521e-06	5.881546e-09	2.690462e+01	3.483441e+02
3.710000e-06	4.136893e-06	5.810417e-09	2.649077e+01	3.456056e+02
3.720000e-06	4.071804e-06	5.759922e-09	2.607397e+01	3.428300e+02
3.730000e-06	4.006326e-06	5.731585e-09	2.565468e+01	3.400165e+02
3.740000e-06	3.940427e-06	5.678838e-09	2.523269e+01	3.371643e+02
3.750000e-06	3.874068e-06	5.614082e-09	2.480776e+01	3.342726e+02
3.760000e-06	3.807240e-06	5.564432e-09	2.437982e+01	3.313406e+02
3.770000e-06	3.739958e-06	5.533705e-09	2.394898e+01	3.283675e+02
3.780000e-06	3.672320e-06	5.479524e-09	2.351586e+01	3.253525e+02
3.790000e-06	3.604315e-06	5.411218e-09	2.308038e+01	3.222951e+02
3.800000e-06	3.535826e-06	5.358032e-09	2.264181e+01	3.191947e+02
3.810000e-06	3.466872e-06	5.320884e-09	2.220026e+01	3.160510e+02
3.820000e-06	3.397449e-06	5.267726e-09	2.175571e+01	3.128635e+02
3.830000e-06	3.327486e-06	5.195607e-09	2.130770e+01	3.096318e+02
3.840000e-06	3.257001e-06	5.138380e-09	2.085634e+01	3.063555e+02
3.850000e-06	3.186061e-06	5.095664e-09	2.040208e+01	3.030338e+02
3.860000e-06	3.114759e-06	5.040738e-09	1.994549e+01	2.996659e+02
3.870000e-06	3.043063e-06	4.968555e-09	1.948638e+01	2.962509e+02
3.880000e-06	2.971073e-06	4.907060e-09	1.902539e+01	2.927877e+02
3.890000e-06	2.898918e-06	4.856242e-09	1.856334e+01	2.892749e+02
3.900000e-06	2.826404e-06	4.796109e-09	1.809900e+01	2.857114e+02
3.910000e-06	2.753448e-06	4.723975e-09	1.763182e+01	2.820961e+02
3.920000e-06	2.680192e-06	4.660263e-09	1.716272e+01	2.784277e+02
3.930000e-06	2.606667e-06	4.606337e-09	1.669190e+01	2.747057e+02
3.940000e-06	2.532858e-06	4.543264e-09	1.621926e+01	2.709295e+02
3.950000e-06	2.458730e-06	4.469319e-09	1.574458e+01	2.670990e+02
3.960000e-06	2.384220e-06	4.400665e-09	1.526745e+01	2.632146e+02
3.970000e-06	2.309439e-06	4.342157e-09	1.478859e+01	2.592770e+02
3.980000e-06	2.234436e-06	4.278890e-09	1.430830e+01	2.552871e+02
3.990000e-06	2.159196e-06	4.206429e-09	1.382650e+01	2.512462e+02
4.000000e-06	2.083720e-06	4.134966e-09	1.334319e+01	2.471554e+02
4.010000e-06	2.007918e-06	4.069578e-09	1.285779e+01	2.430161e+02
4.020000e-06	1.931787e-06	4.000104e-09	1.237028e+01	2.388290e+02
4.030000e-06	1.855411e-06	3.921522e-09	1.188120e+01	2.345949e+02
4.040000e-06	1.778736e-06	3.845892e-09	1.139021e+01	2.303137e+02
4.050000e-06	1.701839e-06	3.777257e-09	1.089780e+01	2.259852e+02
4.060000e-06	1.624698e-06	3.704402e-09	1.040382e+01	2.216083e+02
4.070000e-06	1.547190e-06	3.624230e-09	9.907497e+00	2.171816e+02
4.080000e-06	1.469446e-06	3.548427e-09	9.409660e+00	2.127029e+02
4.090000e-06	1.391523e-06	3.477275e-09	8.910677e+00	2.081702e+02
4.100000e-06	1.313437e-06	3.402082e-09	8.410650e+00	2.035808e+02
4.110000e-06	1.235217e-06	3.320047e-09	7.909767e+00	1.989324e+02
4.120000e-06	1.156755e-06	3.237199e-09	7.407331e+00	1.942228e+02
4.130000e-06	1.078046e-06	3.159310e-09	6.903313e+00	1.894499e+02
4.140000e-06	9.992222e-07	3.078839e-09	6.398561e+00	1.846125e+02
4.150000e-06	9.203301e-07	2.992957e-09	5.893372e+00	1.797097e+02
4.160000e-06	8.413789e-07	2.907298e-09	5.387805e+00	1.747412e+02
4.170000e-06	7.622942e-07	2.824178e-09	4.881383e+00	1.697073e+02
4.180000e-06	6.830721e-07	2.740680e-09	4.374081e+00	1.646090e+02
4.190000e-06	6.037657e-07	2.652569e-09	3.866239e+00	1.594472e+02
4.200000e-06	5.244493e-07	2.563093e-09	3.358333e+00	1.542236e+02
4.210000e-06	4.451041e-07	2.475882e-09	2.850243e+00	1.489392e+02
4.220000e-06	3.656557e-07	2.387784e-09	2.341492e+00	1.435955e+02
4.230000e-06	2.861334e-07	2.295543e-09	1.832267e+00	1.381932e+02
4.240000e-06	2.066310e-07	2.200647e-09	1.323170e+00	1.327327e+02
4.250000e-06	1.271679e-07	2.108265e-09	8.143247e-01	1.272140e+02
4.260000e-06	4.768411e-08	2.017363e-09	3.053472e-01	1.216363e+02
4.270000e-06	-3.183196e-08	1.921313e-09	-2.038373e-01	1.159988e+02
4.280000e-06	-1.114034e-07	1.822445e-09	-7.133762e-01	1.103001e+02
4.290000e-06	-1.909834e-07	1.728662e-09	-1.222970e+00	1.045390e+02
4.300000e-06	-2.705034e-07	1.636195e-09	-1.732180e+00	9.871413e+01
4.310000e-06	-3.499590e-07	1.537637e-09	-2.240977e+00	9.282505e+01
4.320000e-06	-4.294260e-07	1.435459e-09	-2.749847e+00	8.687184e+01
4.330000e-06	-5.088624e-07	1.333430e-09	-3.258522e+00	8.085566e+01
4.340000e-06	-5.882037e-07	1.230358e-09	-3.766587e+00	7.477890e+01
4.350000e-06	-6.675364e-07	1.124135e-09	-4.274597e+00	6.864530e+01
4.360000e-06	-7.467759e-07	1.018239e-09	-4.782011e+00	6.245999e+01
4.370000e-06	-8.258867e-07	9.151131e-10	-5.288600e+00	5.622943e+01
4.380000e-06	-9.049315e-07	8.131841e-10	-5.794767e+00	4.996125e+01
4.390000e-06	-9.838145e-07	7.092362e-10	-6.299898e+00	4.366400e+01
4.400000e-06	-1.062529e-06	6.040448e-10	-6.803948e+00	3.734682e+01
4.410000e-06	-1.141053e-06	4.989407e-10	-7.306782e+00	3.101904e+01
4.420000e-06	-1.219442e-06	3.917677e-10	-7.808750e+00	2.468981e+01
4.430000e-06	-1.297701e-06	2.828584e-10	-8.309881e+00	1.836768e+01
4.440000e-06	-1.375647e-06	1.732266e-10	-8.809012e+00	1.206026e+01
4.450000e-06	-1.453378e-06	6.759781e-11	-9.306767e+00	5.773925e+00
4.460000e-06	-1.530912e-06	-3.408097e-11	-9.803260e+00	-4.863637e-01
4.470000e-06	-1.608089e-06	-1.386028e-10	-1.029747e+01	-6.717158e+00
4.480000e-06	-1.684923e-06	-2.436771e-10	-1.078947e+01	-1.291649e+01
4.490000e-06	-1.761524e-06	-3.448115e-10	-1.127999e+01	-1.908375e+01
4.500000e-06	-1.837929e-06	-4.453089e-10	-1.176926e+01	-2.521944e+01
4.510000e-06	-1.914092e-06	-5.488431e-10	-1.225697e+01	-3.132490e+01
4.520000e-06	-1.990029e-06	-6.553332e-10	-1.274323e+01	-3.740196e+01
4.530000e-06	-2.065687e-06	-7.606411e-10	-1.322771e+01	-4.345262e+01
4.540000e-06	-2.141049e-06	-8.643503e-10	-1.371030e+01	-4.947867e+01
4.550000e-06	-2.216184e-06	-9.669647e-10	-1.419143e+01	-5.548148e+01
4.560000e-06	-2.290992e-06	-1.068996e-09	-1.467046e+01	-6.146180e+01
4.570000e-06	-2.365463e-06	-1.168383e-09	-1.514734e+01	-6.741962e+01
4.580000e-06	-2.439665e-06	-1.265126e-09	-1.562249e+01	-7.335418e+01
4.590000e-06	-2.513566e-06	-1.363490e-09	-1.609572e+01	-7.926406e+01
4.600000e-06	-2.587212e-06	-1.462652e-09	-1.656732e+01	-8.514731e+01
4.610000e-06	-2.660577e-06	-1.562377e-09	-1.703712e+01	-9.100165e+01
4.620000e-06	-2.733640e-06	-1.661863e-09	-1.750498e+01	-9.682473e+01
4.630000e-06	-2.806409e-06	-1.760236e-09	-1.797096e+01	-1.026143e+02
4.640000e-06	-2.878818e-06	-1.859868e-09	-1.843463e+01	-1.083685e+02
4.650000e-06	-2.950938e-06	-1.956043e-09	-1.889646e+01	-1.140857e+02
4.660000e-06	-3.022774e-06	-2.048993e-09	-1.935646e+01	-1.197651e+02
4.670000e-06	-3.094287e-06	-2.145036e-09	-1.981440e+01	-1.254062e+02
4.680000e-06	-3.165434e-06	-2.241252e-09	-2.026999e+01	-1.310090e+02
4.690000e-06	-3.236212e-06	-2.336738e-09	-2.072322e+01	-1.365739e+02
4.700000e-06	-3.306505e-06	-2.426822e-09	-2.117334e+01	-1.421012e+02
4.710000e-06	-3.376269e-06	-2.516642e-09	-2.162008e+01	-1.475914e+02
4.720000e-06	-3.445544e-06	-2.609526e-09	-2.206369e+01	-1.530445e+02
4.730000e-06	-3.514353e-06	-2.701309e-09	-2.250431e+01	-1.584604e+02
4.740000e-06	-3.582763e-06	-2.791555e-09	-2.294237e+01	-1.638384e+02
4.750000e-06	-3.650706e-06	-2.880994e-09	-2.337745e+01	-1.691773e+02
4.760000e-06	-3.718237e-06	-2.974414e-09	-2.380989e+01	-1.744755e+02
4.770000e-06	-3.785345e-06	-3.065727e-09	-2.423962e+01	-1.797309e+02
4.780000e-06	-3.852038e-06	-3.152386e-09	-2.466669e+01	-1.849415e+02
4.790000e-06	-3.918327e-06	-3.237262e-09	-2.509117e+01	-1.901050e+02
4.800000e-06	-3.984117e-06	-3.321851e-09	-2.551246e+01	-1.952193e+02
4.810000e-06	-4.049430e-06	-3.406851e-09	-2.593070e+01	-2.002828e+02
4.820000e-06	-4.114340e-06	-3.490134e-09	-2.634635e+01	-2.052943e+02
4.830000e-06	-4.178773e-06	-3.570498e-09	-2.675895e+01	-2.102529e+02
4.840000e-06	-4.242699e-06	-3.653272e-09	-2.716830e+01	-2.151584e+02
4.850000e-06	-4.306186e-06	-3.739871e-09	-2.757484e+01	-2.200111e+02
4.860000e-06	-4.369179e-06	-3.823286e-09	-2.797822e+01	-2.248116e+02
4.870000e-06	-4.431621e-06	-3.899735e-09	-2.837807e+01	-2.295608e+02
4.880000e-06	-4.493412e-06	-3.975908e-09	-2.877375e+01	-2.342594e+02
4.890000e-06	-4.554532e-06	-4.053528e-09	-2.916513e+01	-2.389084e+02
4.900000e-06	-4.615054e-06	-4.129120e-09	-2.955269e+01	-2.435082e+02
4.910000e-06	-4.675013e-06	-4.203248e-09	-2.993664e+01	-2.480592e+02
4.920000e-06	-4.734515e-06	-4.277035e-09	-3.031766e+01	-2.525612e+02
4.930000e-06	-4.793541e-06	-4.354969e-09	-3.069564e+01	-2.570139e+02
4.940000e-06	-4.851927e-06	-4.430998e-09	-3.106952e+01	-2.614166e+02
4.950000e-06	-4.909748e-06	-4.502639e-09	-3.143978e+01	-2.657686e+02
4.960000e-06	-4.967066e-06	-4.574162e-09	-3.180682e+01	-2.700692e+02
4.970000e-06	-5.023810e-06	-4.646974e-09	-3.217018e+01	-2.743179e+02
4.980000e-06	-5.079968e-06	-4.716171e-09	-3.252979e+01	-2.785144e+02
4.990000e-06	-5.135579e-06	-4.779889e-09	-3.288590e+01	-2.826589e+02
5.000000e-06	-5.190608e-06	-4.845383e-09	-3.323828e+01	-2.867518e+02
5.010000e-06	-5.244945e-06	-4.915674e-09	-3.358623e+01	-2.907938e+02
5.020000e-06	-5.298491e-06	-4.985547e-09	-3.392911e+01	-2.947859e+02
5.030000e-06	-5.351201e-06	-5.053171e-09	-3.426664e+01	-2.987292e+02
5.040000e-06	-5.403166e-06	-5.118881e-09	-3.459940e+01	-3.026246e+02
5.050000e-06	-5.454405e-06	-5.184010e-09	-3.492751e+01	-3.064727e+02
5.060000e-06	-5.504865e-06	-5.247918e-09	-3.525063e+01	-3.102735e+02
5.070000e-06	-5.554610e-06	-5.307351e-09	-3.556918e+01	-3.140267e+02
5.080000e-06	-5.603549e-06	-5.366529e-09	-3.588256e+01	-3.177312e+02
5.090000e-06	-5.651592e-06	-5.429337e-09	-3.619021e+01	-3.213854e+02
5.100000e-06	-5.698734e-06	-5.494144e-09	-3.649208e+01	-3.249872e+02
5.110000e-06	-5.745066e-06	-5.552873e-09	-3.678877e+01	-3.285342e+02
5.120000e-06	-5.790889e-06	-5.608131e-09	-3.708220e+01	-3.320238e+02
5.130000e-06	-5.836112e-06	-5.663545e-09	-3.737179e+01	-3.354537e+02
5.140000e-06	-5.880693e-06	-5.721666e-09	-3.765726e+01	-3.388218e+02
5.150000e-06	-5.924750e-06	-5.779735e-09	-3.793939e+01	-3.421266e+02
5.160000e-06	-5.968298e-06	-5.833232e-09	-3.821825e+01	-3.453675e+02
5.170000e-06	-6.011199e-06	-5.886872e-09	-3.849297e+01	-3.485444e+02
5.180000e-06	-6.053406e-06	-5.942040e-09	-3.876324e+01	-3.516580e+02
5.190000e-06	-6.094982e-06	-5.992038e-09	-3.902947e+01	-3.547098e+02
5.200000e-06	-6.135863e-06	-6.033781e-09	-3.929126e+01	-3.577014e+02
5.210000e-06	-6.176092e-06	-6.077148e-09	-3.954887e+01	-3.606352e+02
5.220000e-06	-6.215687e-06	-6.127938e-09	-3.980241e+01	-3.635130e+02
5.230000e-06	-6.254613e-06	-6.182711e-09	-4.005168e+01	-3.663368e+02
5.240000e-06	-6.292683e-06	-6.232507e-09	-4.029546e+01	-3.691081e+02
5.250000e-06	-6.329671e-06	-6.277674e-09	-4.053232e+01	-3.718277e+02
5.260000e-06	-6.365744e-06	-6.323418e-09	-4.076331e+01	-3.744959e+02
5.270000e-06	-6.401184e-06	-6.367880e-09	-4.099025e+01	-3.771124e+02
5.280000e-06	-6.435987e-06	-6.407075e-09	-4.121311e+01	-3.796764e+02
5.290000e-06	-6.470082e-06	-6.446323e-09	-4.143144e+01	-3.821868e+02
5.300000e-06	-6.503489e-06	-6.490318e-09	-4.164537e+01	-3.846422e+02
5.310000e-06	-6.536093e-06	-6.535122e-09	-4.185415e+01	-3.870416e+02
5.320000e-06	-6.567939e-06	-6.576025e-09	-4.205807e+01	-3.893838e+02
5.330000e-06	-6.599120e-06	-6.612880e-09	-4.225774e+01	-3.916684e+02
5.340000e-06	-6.629456e-06	-6.650676e-09	-4.245200e+01	-3.938953e+02
5.350000e-06	-6.658689e-06	-6.688654e-09	-4.263919e+01	-3.960650e+02
5.360000e-06	-6.686911e-06	-6.722640e-09	-4.281991e+01	-3.981784e+02
5.370000e-06	-6.714444e-06	-6.751978e-09	-4.299623e+01	-4.002369e+02
5.380000e-06	-6.741347e-06	-6.783844e-09	-4.316850e+01	-4.022418e+02
5.390000e-06	-6.767485e-06	-6.820683e-09	-4.333587e+01	-4.041948e+02
5.400000e-06	-6.792830e-06	-6.852678e-09	-4.349817e+01	-4.060972e+02
5.410000e-06	-6.817402e-06	-6.878838e-09	-4.365552e+01	-4.079501e+02
5.420000e-06	-6.841239e-06	-6.909027e-09	-4.380816e+01	-4.097544e+02
5.430000e-06	-6.864448e-06	-6.940916e-09	-4.395678e+01	-4.115102e+02
5.440000e-06	-6.886808e-06	-6.970104e-09	-4.409996e+01	-4.132177e+02
5.450000e-06	-6.908001e-06	-6.995475e-09	-4.423568e+01	-4.148764e+02
5.460000e-06	-6.928179e-06	-7.021945e-09	-4.436488e+01	-4.164859e+02
5.470000e-06	-6.947682e-06	-7.049945e-09	-4.448977e+01	-4.180457e+02
5.480000e-06	-6.966428e-06	-7.073070e-09	-4.460981e+01	-4.195556e+02
5.490000e-06	-6.984378e-06	-7.091999e-09	-4.472476e+01	-4.210155e+02
5.500000e-06	-7.001565e-06	-7.113267e-09	-4.483482e+01	-4.224256e+02
5.510000e-06	-7.017946e-06	-7.141224e-09	-4.493971e+01	-4.237866e+02
5.520000e-06	-7.033641e-06	-7.165474e-09	-4.504022e+01	-4.250994e+02
5.530000e-06	-7.048587e-06	-7.184221e-09	-4.513592e+01	-4.263651e+02
5.540000e-06	-7.062394e-06	-7.204027e-09	-4.522434e+01	-4.275847e+02
5.550000e-06	-7.074915e-06	-7.226278e-09	-4.530451e+01	-4.287590e+02
5.560000e-06	-7.086477e-06	-7.245568e-09	-4.537856e+01	-4.298884e+02
5.570000e-06	-7.097209e-06	-7.260170e-09	-4.544728e+01	-4.309728e+02
5.580000e-06	-7.107091e-06	-7.274901e-09	-4.551055e+01	-4.320114e+02
5.590000e-06	-7.116219e-06	-7.293967e-09	-4.556901e+01	-4.330027e+02
5.600000e-06	-7.124564e-06	-7.315407e-09	-4.562245e+01	-4.339449e+02
5.610000e-06	-7.132184e-06	-7.331110e-09	-4.567124e+01	-4.348356e+02
5.620000e-06	-7.138990e-06	-7.342881e-09	-4.571482e+01	-4.356724e+02
5.630000e-06	-7.144724e-06	-7.353643e-09	-4.575154e+01	-4.364530e+02
5.640000e-06	-7.149372e-06	-7.365763e-09	-4.578131e+01	-4.371758e+02
5.650000e-06	-7.153158e-06	-7.374306e-09	-4.580555e+01	-4.378399e+02
5.660000e-06	-7.156222e-06	-7.381098e-09	-4.582517e+01	-4.384459e+02
5.670000e-06	-7.158538e-06	-7.391001e-09	-4.584000e+01	-4.389953e+02
5.680000e-06	-7.160115e-06	-7.402969e-09	-4.585010e+01	-4.394912e+02
5.690000e-06	-7.160819e-06	-7.416435e-09	-4.585460e+01	-4.399380e+02
