# Temperatura_=_20.0
# Concentracion g/m^3_=_12000.0
# C_Vs_to_Am_M_A/Vsm_=_59384043850.047264
# pendiente_HvsI_1/m_=_3716.3
# ordenada_HvsI_A/m_=_1297.0
# frecuencia_Hz_=_175535.09399420916

Tiempo_(s)	Campo_(V.s)	Magnetizacion_(V.s)	Campo_(kA/m)	Magnetizacion_(A/m)
0.000000e+00	-7.141544e-06	-7.400814e-09	-4.585801e+01	-4.380339e+02
1.000000e-08	-7.140990e-06	-7.403036e-09	-4.585444e+01	-4.384701e+02
2.000000e-08	-7.139600e-06	-7.411672e-09	-4.584552e+01	-4.388841e+02
3.000000e-08	-7.137078e-06	-7.420962e-09	-4.582933e+01	-4.392745e+02
4.000000e-08	-7.133567e-06	-7.426015e-09	-4.580678e+01	-4.396385e+02
5.000000e-08	-7.129380e-06	-7.430866e-09	-4.577989e+01	-4.399724e+02
6.000000e-08	-7.124464e-06	-7.439280e-09	-4.574833e+01	-4.402733e+02
7.000000e-08	-7.118720e-06	-7.451616e-09	-4.571144e+01	-4.405392e+02
8.000000e-08	-7.112202e-06	-7.444287e-09	-4.566959e+01	-4.407703e+02
9.000000e-08	-7.104730e-06	-7.395391e-09	-4.562161e+01	-4.409692e+02
1.000000e-07	-7.096339e-06	-7.415852e-09	-4.556773e+01	-4.411410e+02
1.100000e-07	-7.087011e-06	-7.454893e-09	-4.550783e+01	-4.412931e+02
1.200000e-07	-7.076585e-06	-7.486390e-09	-4.544088e+01	-4.414343e+02
1.300000e-07	-7.065235e-06	-7.499108e-09	-4.536800e+01	-4.415739e+02
1.400000e-07	-7.053091e-06	-7.338760e-09	-4.529002e+01	-4.417203e+02
1.500000e-07	-7.039990e-06	-7.455829e-09	-4.520590e+01	-4.418800e+02
1.600000e-07	-7.026043e-06	-7.559793e-09	-4.511634e+01	-4.420565e+02
1.700000e-07	-7.011151e-06	-7.355958e-09	-4.502071e+01	-4.422490e+02
1.800000e-07	-6.994918e-06	-7.437367e-09	-4.491647e+01	-4.424528e+02
1.900000e-07	-6.977782e-06	-7.472499e-09	-4.480644e+01	-4.426585e+02
2.000000e-07	-6.960047e-06	-7.375250e-09	-4.469256e+01	-4.428535e+02
2.100000e-07	-6.941556e-06	-7.496270e-09	-4.457382e+01	-4.430221e+02
2.200000e-07	-6.922280e-06	-7.456555e-09	-4.445004e+01	-4.431471e+02
2.300000e-07	-6.902320e-06	-7.302300e-09	-4.432187e+01	-4.432117e+02
2.400000e-07	-6.881729e-06	-7.444129e-09	-4.418965e+01	-4.432003e+02
2.500000e-07	-6.860408e-06	-7.425251e-09	-4.405274e+01	-4.431003e+02
2.600000e-07	-6.838264e-06	-7.361784e-09	-4.391055e+01	-4.429026e+02
2.700000e-07	-6.815347e-06	-7.349274e-09	-4.376340e+01	-4.426030e+02
2.800000e-07	-6.791687e-06	-7.312731e-09	-4.361147e+01	-4.422014e+02
2.900000e-07	-6.767272e-06	-7.426562e-09	-4.345469e+01	-4.417020e+02
3.000000e-07	-6.742106e-06	-7.345458e-09	-4.329309e+01	-4.411124e+02
3.100000e-07	-6.715950e-06	-7.263537e-09	-4.312513e+01	-4.404425e+02
3.200000e-07	-6.688624e-06	-7.319470e-09	-4.294967e+01	-4.397036e+02
3.300000e-07	-6.660424e-06	-7.347125e-09	-4.276859e+01	-4.389067e+02
3.400000e-07	-6.631577e-06	-7.303875e-09	-4.258335e+01	-4.380619e+02
3.500000e-07	-6.602016e-06	-7.252788e-09	-4.239353e+01	-4.371773e+02
3.600000e-07	-6.571671e-06	-7.271541e-09	-4.219868e+01	-4.362587e+02
3.700000e-07	-6.540466e-06	-7.276066e-09	-4.199830e+01	-4.353094e+02
3.800000e-07	-6.508552e-06	-7.230616e-09	-4.179337e+01	-4.343304e+02
3.900000e-07	-6.476131e-06	-7.218086e-09	-4.158518e+01	-4.333210e+02
4.000000e-07	-6.443088e-06	-7.173253e-09	-4.137301e+01	-4.322792e+02
4.100000e-07	-6.408949e-06	-7.192892e-09	-4.115379e+01	-4.312025e+02
4.200000e-07	-6.373654e-06	-7.190984e-09	-4.092715e+01	-4.300887e+02
4.300000e-07	-6.337572e-06	-7.136748e-09	-4.069546e+01	-4.289363e+02
4.400000e-07	-6.300829e-06	-7.137202e-09	-4.045952e+01	-4.277448e+02
4.500000e-07	-6.263380e-06	-7.110839e-09	-4.021905e+01	-4.265147e+02
4.600000e-07	-6.225228e-06	-7.097887e-09	-3.997406e+01	-4.252475e+02
4.700000e-07	-6.186380e-06	-7.052736e-09	-3.972461e+01	-4.239453e+02
4.800000e-07	-6.146787e-06	-7.033197e-09	-3.947037e+01	-4.226100e+02
4.900000e-07	-6.106628e-06	-7.022033e-09	-3.921250e+01	-4.212438e+02
5.000000e-07	-6.065923e-06	-7.002822e-09	-3.895112e+01	-4.198475e+02
5.100000e-07	-6.024372e-06	-6.984656e-09	-3.868431e+01	-4.184214e+02
5.200000e-07	-5.981736e-06	-6.943472e-09	-3.841053e+01	-4.169645e+02
5.300000e-07	-5.938133e-06	-6.925213e-09	-3.813054e+01	-4.154750e+02
5.400000e-07	-5.893894e-06	-6.902067e-09	-3.784647e+01	-4.139503e+02
5.500000e-07	-5.849119e-06	-6.868439e-09	-3.755895e+01	-4.123874e+02
5.600000e-07	-5.803694e-06	-6.837493e-09	-3.726727e+01	-4.107839e+02
5.700000e-07	-5.757583e-06	-6.811047e-09	-3.697118e+01	-4.091376e+02
5.800000e-07	-5.710781e-06	-6.798314e-09	-3.667064e+01	-4.074475e+02
5.900000e-07	-5.663239e-06	-6.764437e-09	-3.636536e+01	-4.057137e+02
6.000000e-07	-5.615015e-06	-6.733047e-09	-3.605570e+01	-4.039375e+02
6.100000e-07	-5.566167e-06	-6.703598e-09	-3.574203e+01	-4.021212e+02
6.200000e-07	-5.516460e-06	-6.676221e-09	-3.542285e+01	-4.002677e+02
6.300000e-07	-5.465746e-06	-6.643999e-09	-3.509720e+01	-3.983801e+02
6.400000e-07	-5.414199e-06	-6.604230e-09	-3.476620e+01	-3.964614e+02
6.500000e-07	-5.361897e-06	-6.574880e-09	-3.443035e+01	-3.945135e+02
6.600000e-07	-5.308785e-06	-6.544184e-09	-3.408930e+01	-3.925377e+02
6.700000e-07	-5.254937e-06	-6.509432e-09	-3.374353e+01	-3.905337e+02
6.800000e-07	-5.200566e-06	-6.468940e-09	-3.339440e+01	-3.885000e+02
6.900000e-07	-5.145648e-06	-6.436821e-09	-3.304176e+01	-3.864341e+02
7.000000e-07	-5.090074e-06	-6.407254e-09	-3.268490e+01	-3.843330e+02
7.100000e-07	-5.033946e-06	-6.375577e-09	-3.232448e+01	-3.821932e+02
7.200000e-07	-4.977423e-06	-6.333351e-09	-3.196153e+01	-3.800117e+02
7.300000e-07	-4.920335e-06	-6.290805e-09	-3.159495e+01	-3.777862e+02
7.400000e-07	-4.862486e-06	-6.253174e-09	-3.122348e+01	-3.755154e+02
7.500000e-07	-4.803838e-06	-6.215424e-09	-3.084689e+01	-3.731994e+02
7.600000e-07	-4.744367e-06	-6.171219e-09	-3.046501e+01	-3.708395e+02
7.700000e-07	-4.684297e-06	-6.131033e-09	-3.007928e+01	-3.684381e+02
7.800000e-07	-4.623796e-06	-6.099272e-09	-2.969078e+01	-3.659980e+02
7.900000e-07	-4.562897e-06	-6.062521e-09	-2.929973e+01	-3.635226e+02
8.000000e-07	-4.501506e-06	-6.014719e-09	-2.890552e+01	-3.610146e+02
8.100000e-07	-4.439508e-06	-5.965734e-09	-2.850741e+01	-3.584761e+02
8.200000e-07	-4.376960e-06	-5.922040e-09	-2.810578e+01	-3.559081e+02
8.300000e-07	-4.313953e-06	-5.880871e-09	-2.770119e+01	-3.533102e+02
8.400000e-07	-4.250542e-06	-5.834609e-09	-2.729401e+01	-3.506807e+02
8.500000e-07	-4.186658e-06	-5.790285e-09	-2.688379e+01	-3.480171e+02
8.600000e-07	-4.122279e-06	-5.752380e-09	-2.647039e+01	-3.453157e+02
8.700000e-07	-4.057457e-06	-5.714118e-09	-2.605415e+01	-3.425732e+02
8.800000e-07	-3.992209e-06	-5.665494e-09	-2.563518e+01	-3.397860e+02
8.900000e-07	-3.926453e-06	-5.611569e-09	-2.521293e+01	-3.369518e+02
9.000000e-07	-3.860021e-06	-5.564109e-09	-2.478636e+01	-3.340688e+02
9.100000e-07	-3.792999e-06	-5.516544e-09	-2.435599e+01	-3.311370e+02
9.200000e-07	-3.725541e-06	-5.464313e-09	-2.392282e+01	-3.281573e+02
9.300000e-07	-3.657605e-06	-5.409202e-09	-2.348658e+01	-3.251315e+02
9.400000e-07	-3.589259e-06	-5.360116e-09	-2.304771e+01	-3.220623e+02
9.500000e-07	-3.520600e-06	-5.312057e-09	-2.260683e+01	-3.189523e+02
9.600000e-07	-3.451641e-06	-5.259716e-09	-2.216402e+01	-3.158037e+02
9.700000e-07	-3.382357e-06	-5.203998e-09	-2.171914e+01	-3.126179e+02
9.800000e-07	-3.312643e-06	-5.151235e-09	-2.127148e+01	-3.093950e+02
9.900000e-07	-3.242470e-06	-5.097229e-09	-2.082088e+01	-3.061338e+02
1.000000e-06	-3.171961e-06	-5.038939e-09	-2.036811e+01	-3.028319e+02
1.010000e-06	-3.101046e-06	-4.977073e-09	-1.991275e+01	-2.994858e+02
1.020000e-06	-3.029699e-06	-4.921238e-09	-1.945461e+01	-2.960912e+02
1.030000e-06	-2.958060e-06	-4.869288e-09	-1.899459e+01	-2.926439e+02
1.040000e-06	-2.886167e-06	-4.813266e-09	-1.853295e+01	-2.891403e+02
1.050000e-06	-2.813930e-06	-4.752432e-09	-1.806909e+01	-2.855775e+02
1.060000e-06	-2.741336e-06	-4.692872e-09	-1.760294e+01	-2.819542e+02
1.070000e-06	-2.668438e-06	-4.634329e-09	-1.713484e+01	-2.782706e+02
1.080000e-06	-2.595266e-06	-4.570307e-09	-1.666498e+01	-2.745283e+02
1.090000e-06	-2.521741e-06	-4.502282e-09	-1.619286e+01	-2.707303e+02
1.100000e-06	-2.447698e-06	-4.437861e-09	-1.571741e+01	-2.668805e+02
1.110000e-06	-2.373244e-06	-4.379280e-09	-1.523931e+01	-2.629830e+02
1.120000e-06	-2.298467e-06	-4.317580e-09	-1.475915e+01	-2.590415e+02
1.130000e-06	-2.223342e-06	-4.251439e-09	-1.427675e+01	-2.550591e+02
1.140000e-06	-2.147874e-06	-4.183769e-09	-1.379215e+01	-2.510375e+02
1.150000e-06	-2.072051e-06	-4.117901e-09	-1.330526e+01	-2.469766e+02
1.160000e-06	-1.995908e-06	-4.048605e-09	-1.281632e+01	-2.428751e+02
1.170000e-06	-1.919531e-06	-3.976670e-09	-1.232589e+01	-2.387299e+02
1.180000e-06	-1.842952e-06	-3.906929e-09	-1.183415e+01	-2.345373e+02
1.190000e-06	-1.766098e-06	-3.841936e-09	-1.134064e+01	-2.302926e+02
1.200000e-06	-1.689049e-06	-3.774775e-09	-1.084589e+01	-2.259915e+02
1.210000e-06	-1.611909e-06	-3.702445e-09	-1.035055e+01	-2.216301e+02
1.220000e-06	-1.534552e-06	-3.629079e-09	-9.853818e+00	-2.172056e+02
1.230000e-06	-1.457032e-06	-3.554953e-09	-9.356038e+00	-2.127165e+02
1.240000e-06	-1.379407e-06	-3.481361e-09	-8.857587e+00	-2.081628e+02
1.250000e-06	-1.301600e-06	-3.402298e-09	-8.357965e+00	-2.035456e+02
1.260000e-06	-1.223571e-06	-3.322107e-09	-7.856917e+00	-1.988672e+02
1.270000e-06	-1.145362e-06	-3.244928e-09	-7.354712e+00	-1.941301e+02
1.280000e-06	-1.067015e-06	-3.165013e-09	-6.851627e+00	-1.893372e+02
1.290000e-06	-9.885081e-07	-3.080680e-09	-6.347508e+00	-1.844906e+02
1.300000e-06	-9.098124e-07	-2.998508e-09	-5.842179e+00	-1.795917e+02
1.310000e-06	-8.309857e-07	-2.920883e-09	-5.336009e+00	-1.746408e+02
1.320000e-06	-7.520462e-07	-2.839870e-09	-4.829115e+00	-1.696369e+02
1.330000e-06	-6.730313e-07	-2.754346e-09	-4.321736e+00	-1.645781e+02
1.340000e-06	-5.940455e-07	-2.666941e-09	-3.814545e+00	-1.594616e+02
1.350000e-06	-5.149629e-07	-2.583871e-09	-3.306732e+00	-1.542845e+02
1.360000e-06	-4.357226e-07	-2.501252e-09	-2.797906e+00	-1.490437e+02
1.370000e-06	-3.564137e-07	-2.408863e-09	-2.288640e+00	-1.437370e+02
1.380000e-06	-2.770193e-07	-2.312374e-09	-1.778824e+00	-1.383630e+02
1.390000e-06	-1.975697e-07	-2.218678e-09	-1.268655e+00	-1.329211e+02
1.400000e-06	-1.180848e-07	-2.130417e-09	-7.582583e-01	-1.274122e+02
1.410000e-06	-3.860179e-08	-2.035634e-09	-2.478737e-01	-1.218380e+02
1.420000e-06	4.084992e-08	-1.938241e-09	2.623096e-01	-1.162005e+02
1.430000e-06	1.202754e-07	-1.845845e-09	7.723245e-01	-1.105024e+02
1.440000e-06	1.996985e-07	-1.757369e-09	1.282324e+00	-1.047459e+02
1.450000e-06	2.791515e-07	-1.661080e-09	1.792516e+00	-9.893290e+01
1.460000e-06	3.585568e-07	-1.555218e-09	2.302401e+00	-9.306444e+01
1.470000e-06	4.379329e-07	-1.451888e-09	2.812099e+00	-8.714098e+01
1.480000e-06	5.172203e-07	-1.348634e-09	3.321227e+00	-8.116241e+01
1.490000e-06	5.964319e-07	-1.243500e-09	3.829869e+00	-7.512853e+01
1.500000e-06	6.756036e-07	-1.139007e-09	4.338254e+00	-6.903955e+01
1.510000e-06	7.546414e-07	-1.043225e-09	4.845779e+00	-6.289668e+01
1.520000e-06	8.335293e-07	-9.495472e-10	5.352343e+00	-5.670269e+01
1.530000e-06	9.122844e-07	-8.492316e-10	5.858053e+00	-5.046238e+01
1.540000e-06	9.909119e-07	-7.361236e-10	6.362944e+00	-4.418274e+01
1.550000e-06	1.069395e-06	-6.221739e-10	6.866908e+00	-3.787302e+01
1.560000e-06	1.147732e-06	-5.109213e-10	7.369933e+00	-3.154430e+01
1.570000e-06	1.225930e-06	-4.009412e-10	7.872067e+00	-2.520896e+01
1.580000e-06	1.303953e-06	-2.919883e-10	8.373076e+00	-1.887982e+01
1.590000e-06	1.381732e-06	-1.880323e-10	8.872517e+00	-1.256921e+01
1.600000e-06	1.459296e-06	-8.947864e-11	9.370578e+00	-6.288002e+00
1.610000e-06	1.536675e-06	1.112835e-11	9.867450e+00	-4.475551e-02
1.620000e-06	1.613845e-06	1.151967e-10	1.036299e+01	6.154913e+00
1.630000e-06	1.690828e-06	2.213166e-10	1.085732e+01	1.230866e+01
1.640000e-06	1.767621e-06	3.240342e-10	1.135043e+01	1.841737e+01
1.650000e-06	1.844246e-06	4.289126e-10	1.184246e+01	2.448479e+01
1.660000e-06	1.920652e-06	5.365784e-10	1.233308e+01	3.051680e+01
1.670000e-06	1.996735e-06	6.402830e-10	1.282164e+01	3.652049e+01
1.680000e-06	2.072551e-06	7.369784e-10	1.330848e+01	4.250307e+01
1.690000e-06	2.148063e-06	8.333239e-10	1.379336e+01	4.847088e+01
1.700000e-06	2.223265e-06	9.299566e-10	1.427625e+01	5.442849e+01
1.710000e-06	2.298079e-06	1.027160e-09	1.475665e+01	6.037805e+01
1.720000e-06	2.372400e-06	1.124233e-09	1.523389e+01	6.631905e+01
1.730000e-06	2.446307e-06	1.223665e-09	1.570847e+01	7.224836e+01
1.740000e-06	2.519850e-06	1.329456e-09	1.618071e+01	7.816069e+01
1.750000e-06	2.593171e-06	1.433842e-09	1.665153e+01	8.404930e+01
1.760000e-06	2.666268e-06	1.532044e-09	1.712091e+01	8.990687e+01
1.770000e-06	2.739026e-06	1.626827e-09	1.758811e+01	9.572651e+01
1.780000e-06	2.811407e-06	1.722505e-09	1.805289e+01	1.015025e+02
1.790000e-06	2.883431e-06	1.817034e-09	1.851538e+01	1.072313e+02
1.800000e-06	2.955126e-06	1.908217e-09	1.897575e+01	1.129112e+02
1.810000e-06	3.026438e-06	2.002900e-09	1.943367e+01	1.185433e+02
1.820000e-06	3.097451e-06	2.099684e-09	1.988967e+01	1.241305e+02
1.830000e-06	3.168194e-06	2.194529e-09	2.034392e+01	1.296771e+02
1.840000e-06	3.238535e-06	2.285882e-09	2.079561e+01	1.351883e+02
1.850000e-06	3.308430e-06	2.373189e-09	2.124442e+01	1.406687e+02
1.860000e-06	3.377924e-06	2.461545e-09	2.169067e+01	1.461223e+02
1.870000e-06	3.447080e-06	2.549953e-09	2.213474e+01	1.515509e+02
1.880000e-06	3.515888e-06	2.640401e-09	2.257658e+01	1.569544e+02
1.890000e-06	3.584398e-06	2.734358e-09	2.301650e+01	1.623304e+02
1.900000e-06	3.652565e-06	2.830103e-09	2.345422e+01	1.676745e+02
1.910000e-06	3.720273e-06	2.921044e-09	2.388899e+01	1.729807e+02
1.920000e-06	3.787470e-06	3.003666e-09	2.432049e+01	1.782422e+02
1.930000e-06	3.854082e-06	3.082907e-09	2.474822e+01	1.834523e+02
1.940000e-06	3.920028e-06	3.166593e-09	2.517168e+01	1.886053e+02
1.950000e-06	3.985385e-06	3.254724e-09	2.559136e+01	1.936969e+02
1.960000e-06	4.050315e-06	3.343549e-09	2.600829e+01	1.987249e+02
1.970000e-06	4.114760e-06	3.430882e-09	2.642211e+01	2.036895e+02
1.980000e-06	4.178710e-06	3.518662e-09	2.683276e+01	2.085926e+02
1.990000e-06	4.242199e-06	3.603766e-09	2.724044e+01	2.134382e+02
2.000000e-06	4.305280e-06	3.680662e-09	2.764550e+01	2.182311e+02
2.010000e-06	4.367971e-06	3.755298e-09	2.804806e+01	2.229762e+02
2.020000e-06	4.430146e-06	3.829524e-09	2.844730e+01	2.276782e+02
2.030000e-06	4.491793e-06	3.906877e-09	2.884316e+01	2.323404e+02
2.040000e-06	4.552949e-06	3.987231e-09	2.923585e+01	2.369646e+02
2.050000e-06	4.613683e-06	4.068134e-09	2.962585e+01	2.415505e+02
2.060000e-06	4.674074e-06	4.149538e-09	3.001364e+01	2.460964e+02
2.070000e-06	4.733972e-06	4.229084e-09	3.039826e+01	2.505990e+02
2.080000e-06	4.793137e-06	4.303052e-09	3.077817e+01	2.550541e+02
2.090000e-06	4.851554e-06	4.373439e-09	3.115329e+01	2.594576e+02
2.100000e-06	4.909248e-06	4.444719e-09	3.152376e+01	2.638059e+02
2.110000e-06	4.966194e-06	4.517226e-09	3.188943e+01	2.680965e+02
2.120000e-06	5.022493e-06	4.590575e-09	3.225094e+01	2.723284e+02
2.130000e-06	5.078246e-06	4.662435e-09	3.260895e+01	2.765026e+02
2.140000e-06	5.133479e-06	4.737206e-09	3.296361e+01	2.806213e+02
2.150000e-06	5.188183e-06	4.810970e-09	3.331489e+01	2.846880e+02
2.160000e-06	5.242288e-06	4.879420e-09	3.366231e+01	2.887067e+02
2.170000e-06	5.295759e-06	4.944616e-09	3.400566e+01	2.926812e+02
2.180000e-06	5.348563e-06	5.008008e-09	3.434473e+01	2.966145e+02
2.190000e-06	5.400651e-06	5.073033e-09	3.467921e+01	3.005079e+02
2.200000e-06	5.451931e-06	5.136084e-09	3.500849e+01	3.043612e+02
2.210000e-06	5.502286e-06	5.197492e-09	3.533183e+01	3.081720e+02
2.220000e-06	5.551759e-06	5.261959e-09	3.564952e+01	3.119362e+02
2.230000e-06	5.600501e-06	5.328300e-09	3.596250e+01	3.156487e+02
2.240000e-06	5.648559e-06	5.392840e-09	3.627110e+01	3.193036e+02
2.250000e-06	5.695964e-06	5.455397e-09	3.657550e+01	3.228954e+02
2.260000e-06	5.742800e-06	5.515023e-09	3.687625e+01	3.264197e+02
2.270000e-06	5.788955e-06	5.570493e-09	3.717262e+01	3.298739e+02
2.280000e-06	5.834325e-06	5.622846e-09	3.746395e+01	3.332573e+02
2.290000e-06	5.879098e-06	5.677771e-09	3.775145e+01	3.365720e+02
2.300000e-06	5.923386e-06	5.735045e-09	3.803584e+01	3.398219e+02
2.310000e-06	5.967099e-06	5.790841e-09	3.831654e+01	3.430127e+02
2.320000e-06	6.009976e-06	5.844262e-09	3.859186e+01	3.461507e+02
2.330000e-06	6.051795e-06	5.897149e-09	3.886039e+01	3.492426e+02
2.340000e-06	6.092758e-06	5.950218e-09	3.912343e+01	3.522936e+02
2.350000e-06	6.133065e-06	5.997932e-09	3.938226e+01	3.553076e+02
2.360000e-06	6.172688e-06	6.047261e-09	3.963669e+01	3.582859e+02
2.370000e-06	6.211639e-06	6.098761e-09	3.988680e+01	3.612271e+02
2.380000e-06	6.249854e-06	6.152935e-09	4.013219e+01	3.641275e+02
2.390000e-06	6.287306e-06	6.206499e-09	4.037269e+01	3.669814e+02
2.400000e-06	6.324097e-06	6.252847e-09	4.060893e+01	3.697816e+02
2.410000e-06	6.360290e-06	6.297593e-09	4.084133e+01	3.725207e+02
2.420000e-06	6.395826e-06	6.341648e-09	4.106952e+01	3.751920e+02
2.430000e-06	6.430445e-06	6.385454e-09	4.129182e+01	3.777904e+02
2.440000e-06	6.464028e-06	6.427592e-09	4.150747e+01	3.803131e+02
2.450000e-06	6.496762e-06	6.473053e-09	4.171766e+01	3.827601e+02
2.460000e-06	6.528747e-06	6.520031e-09	4.192305e+01	3.851341e+02
2.470000e-06	6.560074e-06	6.560211e-09	4.212421e+01	3.874403e+02
2.480000e-06	6.590786e-06	6.592519e-09	4.232142e+01	3.896858e+02
2.490000e-06	6.620724e-06	6.625434e-09	4.251366e+01	3.918784e+02
2.500000e-06	6.649852e-06	6.660211e-09	4.270070e+01	3.940256e+02
2.510000e-06	6.678386e-06	6.695062e-09	4.288392e+01	3.961338e+02
2.520000e-06	6.706305e-06	6.731409e-09	4.306320e+01	3.982076e+02
2.530000e-06	6.733316e-06	6.770250e-09	4.323665e+01	4.002486e+02
2.540000e-06	6.759206e-06	6.809478e-09	4.340290e+01	4.022559e+02
2.550000e-06	6.784044e-06	6.842071e-09	4.356239e+01	4.042260e+02
2.560000e-06	6.808137e-06	6.869169e-09	4.371710e+01	4.061532e+02
2.570000e-06	6.831544e-06	6.897156e-09	4.386740e+01	4.080309e+02
2.580000e-06	6.854230e-06	6.928756e-09	4.401307e+01	4.098520e+02
2.590000e-06	6.876146e-06	6.960309e-09	4.415380e+01	4.116105e+02
2.600000e-06	6.897244e-06	6.992325e-09	4.428928e+01	4.133018e+02
2.610000e-06	6.917702e-06	7.023196e-09	4.442065e+01	4.149238e+02
2.620000e-06	6.937546e-06	7.051821e-09	4.454807e+01	4.164770e+02
2.630000e-06	6.956553e-06	7.074882e-09	4.467012e+01	4.179643e+02
2.640000e-06	6.974588e-06	7.094697e-09	4.478593e+01	4.193907e+02
2.650000e-06	6.991762e-06	7.115466e-09	4.489621e+01	4.207626e+02
2.660000e-06	7.008137e-06	7.139514e-09	4.500136e+01	4.220867e+02
2.670000e-06	7.023533e-06	7.165700e-09	4.510022e+01	4.233694e+02
2.680000e-06	7.037982e-06	7.189426e-09	4.519300e+01	4.246152e+02
2.690000e-06	7.051539e-06	7.211331e-09	4.528005e+01	4.258270e+02
2.700000e-06	7.064228e-06	7.231955e-09	4.536153e+01	4.270048e+02
2.710000e-06	7.076126e-06	7.248863e-09	4.543794e+01	4.281465e+02
2.720000e-06	7.086884e-06	7.263021e-09	4.550701e+01	4.292477e+02
2.730000e-06	7.096343e-06	7.280411e-09	4.556776e+01	4.303028e+02
2.740000e-06	7.104930e-06	7.298459e-09	4.562289e+01	4.313056e+02
2.750000e-06	7.112826e-06	7.316306e-09	4.567360e+01	4.322506e+02
2.760000e-06	7.119866e-06	7.333544e-09	4.571880e+01	4.331333e+02
2.770000e-06	7.126061e-06	7.348395e-09	4.575858e+01	4.339517e+02
2.780000e-06	7.131479e-06	7.361939e-09	4.579337e+01	4.347058e+02
2.790000e-06	7.136185e-06	7.374545e-09	4.582359e+01	4.353985e+02
2.800000e-06	7.140285e-06	7.385622e-09	4.584992e+01	4.360349e+02
2.810000e-06	7.143559e-06	7.394760e-09	4.587094e+01	4.366214e+02
2.820000e-06	7.145638e-06	7.403604e-09	4.588429e+01	4.371655e+02
2.830000e-06	7.146643e-06	7.410764e-09	4.589074e+01	4.376743e+02
2.840000e-06	7.146932e-06	7.414083e-09	4.589260e+01	4.381539e+02
2.850000e-06	7.146473e-06	7.419311e-09	4.588965e+01	4.386090e+02
2.860000e-06	7.145244e-06	7.429946e-09	4.588176e+01	4.390416e+02
2.870000e-06	7.143307e-06	7.438189e-09	4.586932e+01	4.394520e+02
2.880000e-06	7.140574e-06	7.448317e-09	4.585177e+01	4.398383e+02
2.890000e-06	7.137157e-06	7.459691e-09	4.582983e+01	4.401975e+02
2.900000e-06	7.133106e-06	7.463633e-09	4.580382e+01	4.405260e+02
2.910000e-06	7.128188e-06	7.459626e-09	4.577224e+01	4.408210e+02
2.920000e-06	7.122158e-06	7.453259e-09	4.573352e+01	4.410809e+02
2.930000e-06	7.115146e-06	7.535172e-09	4.568849e+01	4.413063e+02
2.940000e-06	7.107289e-06	7.518781e-09	4.563804e+01	4.415002e+02
2.950000e-06	7.098351e-06	7.454522e-09	4.558065e+01	4.416684e+02
2.960000e-06	7.088199e-06	7.421901e-09	4.551546e+01	4.418183e+02
2.970000e-06	7.077281e-06	7.387820e-09	4.544535e+01	4.419591e+02
2.980000e-06	7.066026e-06	7.567498e-09	4.537308e+01	4.421000e+02
2.990000e-06	7.053948e-06	7.402653e-09	4.529552e+01	4.422491e+02
3.000000e-06	7.040518e-06	7.251981e-09	4.520928e+01	4.424124e+02
3.010000e-06	7.026222e-06	7.498231e-09	4.511749e+01	4.425926e+02
3.020000e-06	7.011133e-06	7.381168e-09	4.502060e+01	4.427883e+02
3.030000e-06	6.994958e-06	7.304757e-09	4.491673e+01	4.429939e+02
3.040000e-06	6.978132e-06	7.486724e-09	4.480868e+01	4.431993e+02
3.050000e-06	6.960629e-06	7.293746e-09	4.469629e+01	4.433912e+02
3.060000e-06	6.942234e-06	7.304112e-09	4.457818e+01	4.435535e+02
3.070000e-06	6.923112e-06	7.588505e-09	4.445539e+01	4.436691e+02
3.080000e-06	6.903287e-06	7.353727e-09	4.432808e+01	4.437211e+02
3.090000e-06	6.882878e-06	7.391347e-09	4.419703e+01	4.436946e+02
3.100000e-06	6.861703e-06	7.502410e-09	4.406106e+01	4.435774e+02
3.110000e-06	6.839174e-06	7.406709e-09	4.391640e+01	4.433614e+02
3.120000e-06	6.815635e-06	7.524580e-09	4.376524e+01	4.430432e+02
3.130000e-06	6.791492e-06	7.327860e-09	4.361021e+01	4.426234e+02
3.140000e-06	6.766509e-06	7.399393e-09	4.344979e+01	4.421070e+02
3.150000e-06	6.740688e-06	7.591178e-09	4.328398e+01	4.415021e+02
3.160000e-06	6.714047e-06	7.357885e-09	4.311292e+01	4.408191e+02
3.170000e-06	6.686728e-06	7.399912e-09	4.293749e+01	4.400690e+02
3.180000e-06	6.658705e-06	7.407327e-09	4.275755e+01	4.392630e+02
3.190000e-06	6.629585e-06	7.399963e-09	4.257056e+01	4.384108e+02
3.200000e-06	6.599442e-06	7.418933e-09	4.237700e+01	4.375200e+02
3.210000e-06	6.568460e-06	7.239262e-09	4.217806e+01	4.365961e+02
3.220000e-06	6.536730e-06	7.378431e-09	4.197431e+01	4.356418e+02
3.230000e-06	6.504262e-06	7.325216e-09	4.176582e+01	4.346579e+02
3.240000e-06	6.470993e-06	7.278945e-09	4.155219e+01	4.336431e+02
3.250000e-06	6.437110e-06	7.302698e-09	4.133462e+01	4.325955e+02
3.260000e-06	6.402467e-06	7.192322e-09	4.111217e+01	4.315126e+02
3.270000e-06	6.367063e-06	7.302921e-09	4.088483e+01	4.303923e+02
3.280000e-06	6.331118e-06	7.187218e-09	4.065401e+01	4.292332e+02
3.290000e-06	6.294453e-06	7.176996e-09	4.041858e+01	4.280350e+02
3.300000e-06	6.256735e-06	7.188884e-09	4.017638e+01	4.267984e+02
3.310000e-06	6.217921e-06	7.132424e-09	3.992714e+01	4.255251e+02
3.320000e-06	6.178382e-06	7.182167e-09	3.967325e+01	4.242171e+02
3.330000e-06	6.138242e-06	7.071151e-09	3.941550e+01	4.228765e+02
3.340000e-06	6.097452e-06	7.094168e-09	3.915358e+01	4.215051e+02
3.350000e-06	6.055990e-06	7.051224e-09	3.888733e+01	4.201039e+02
3.360000e-06	6.013825e-06	7.032167e-09	3.861658e+01	4.186727e+02
3.370000e-06	5.971031e-06	7.028896e-09	3.834179e+01	4.172105e+02
3.380000e-06	5.927659e-06	6.958491e-09	3.806328e+01	4.157152e+02
3.390000e-06	5.883734e-06	6.999457e-09	3.778122e+01	4.141841e+02
3.400000e-06	5.839093e-06	6.932609e-09	3.749457e+01	4.126144e+02
3.410000e-06	5.793764e-06	6.917930e-09	3.720350e+01	4.110036e+02
3.420000e-06	5.747815e-06	6.865551e-09	3.690845e+01	4.093498e+02
3.430000e-06	5.701141e-06	6.846939e-09	3.660874e+01	4.076520e+02
3.440000e-06	5.653869e-06	6.843972e-09	3.630519e+01	4.059107e+02
3.450000e-06	5.605821e-06	6.781336e-09	3.599666e+01	4.041274e+02
3.460000e-06	5.556800e-06	6.769437e-09	3.568188e+01	4.023045e+02
3.470000e-06	5.507079e-06	6.719566e-09	3.536261e+01	4.004449e+02
3.480000e-06	5.456765e-06	6.714496e-09	3.503953e+01	3.985519e+02
3.490000e-06	5.405758e-06	6.660863e-09	3.471200e+01	3.966282e+02
3.500000e-06	5.354044e-06	6.625471e-09	3.437992e+01	3.946757e+02
3.510000e-06	5.301525e-06	6.604799e-09	3.404269e+01	3.926952e+02
3.520000e-06	5.248061e-06	6.576379e-09	3.369938e+01	3.906863e+02
3.530000e-06	5.193720e-06	6.543575e-09	3.335044e+01	3.886474e+02
3.540000e-06	5.138701e-06	6.486043e-09	3.299714e+01	3.865758e+02
3.550000e-06	5.083117e-06	6.459829e-09	3.264023e+01	3.844683e+02
3.560000e-06	5.026941e-06	6.422420e-09	3.227950e+01	3.823215e+02
3.570000e-06	4.970172e-06	6.393139e-09	3.191497e+01	3.801325e+02
3.580000e-06	4.912836e-06	6.344035e-09	3.154680e+01	3.778991e+02
3.590000e-06	4.854979e-06	6.315732e-09	3.117528e+01	3.756204e+02
3.600000e-06	4.796568e-06	6.283365e-09	3.080021e+01	3.732967e+02
3.610000e-06	4.737551e-06	6.240657e-09	3.042124e+01	3.709294e+02
3.620000e-06	4.678075e-06	6.186923e-09	3.003933e+01	3.685211e+02
3.630000e-06	4.618117e-06	6.137642e-09	2.965432e+01	3.660747e+02
3.640000e-06	4.557600e-06	6.106543e-09	2.926572e+01	3.635936e+02
3.650000e-06	4.496448e-06	6.062151e-09	2.887304e+01	3.610803e+02
3.660000e-06	4.434594e-06	6.018023e-09	2.847586e+01	3.585369e+02
3.670000e-06	4.372014e-06	5.971400e-09	2.807402e+01	3.559639e+02
3.680000e-06	4.308785e-06	5.943196e-09	2.766801e+01	3.533609e+02
3.690000e-06	4.245127e-06	5.896697e-09	2.725924e+01	3.507258e+02
3.700000e-06	4.181069e-06	5.840535e-09	2.684790e+01	3.480560e+02
3.710000e-06	4.116588e-06	5.783457e-09	2.643385e+01	3.453478e+02
3.720000e-06	4.051651e-06	5.741490e-09	2.601687e+01	3.425977e+02
3.730000e-06	3.986238e-06	5.695196e-09	2.559683e+01	3.398025e+02
3.740000e-06	3.920415e-06	5.637161e-09	2.517416e+01	3.369598e+02
3.750000e-06	3.854144e-06	5.585787e-09	2.474862e+01	3.340682e+02
3.760000e-06	3.787379e-06	5.542198e-09	2.431990e+01	3.311279e+02
3.770000e-06	3.720260e-06	5.498929e-09	2.388891e+01	3.281400e+02
3.780000e-06	3.652810e-06	5.437774e-09	2.345579e+01	3.251065e+02
3.790000e-06	3.584975e-06	5.380789e-09	2.302021e+01	3.220300e+02
3.800000e-06	3.516738e-06	5.331000e-09	2.258203e+01	3.189132e+02
3.810000e-06	3.448076e-06	5.283658e-09	2.214114e+01	3.157582e+02
3.820000e-06	3.378943e-06	5.220446e-09	2.169721e+01	3.125660e+02
3.830000e-06	3.309156e-06	5.158756e-09	2.124909e+01	3.093367e+02
3.840000e-06	3.238741e-06	5.109795e-09	2.079693e+01	3.060687e+02
3.850000e-06	3.167911e-06	5.061636e-09	2.034211e+01	3.027594e+02
3.860000e-06	3.096711e-06	5.000481e-09	1.988491e+01	2.994051e+02
3.870000e-06	3.025093e-06	4.933122e-09	1.942504e+01	2.960015e+02
3.880000e-06	2.953133e-06	4.876780e-09	1.896296e+01	2.925446e+02
3.890000e-06	2.880984e-06	4.820917e-09	1.849966e+01	2.890306e+02
3.900000e-06	2.808567e-06	4.755382e-09	1.803466e+01	2.854572e+02
3.910000e-06	2.735755e-06	4.687617e-09	1.756711e+01	2.818231e+02
3.920000e-06	2.662578e-06	4.632048e-09	1.709722e+01	2.781289e+02
3.930000e-06	2.589156e-06	4.576151e-09	1.662575e+01	2.743765e+02
3.940000e-06	2.515528e-06	4.507368e-09	1.615296e+01	2.705691e+02
3.950000e-06	2.441570e-06	4.433072e-09	1.567806e+01	2.667106e+02
3.960000e-06	2.367272e-06	4.367124e-09	1.520096e+01	2.628052e+02
3.970000e-06	2.292751e-06	4.303239e-09	1.472244e+01	2.588564e+02
3.980000e-06	2.218007e-06	4.232556e-09	1.424249e+01	2.548672e+02
3.990000e-06	2.142903e-06	4.161664e-09	1.376023e+01	2.508388e+02
4.000000e-06	2.067497e-06	4.098416e-09	1.327602e+01	2.467711e+02
4.010000e-06	1.991905e-06	4.037161e-09	1.279062e+01	2.426622e+02
4.020000e-06	1.916010e-06	3.963931e-09	1.230328e+01	2.385091e+02
4.030000e-06	1.839773e-06	3.883931e-09	1.181373e+01	2.343077e+02
4.040000e-06	1.763285e-06	3.811030e-09	1.132258e+01	2.300533e+02
4.050000e-06	1.686593e-06	3.742765e-09	1.083012e+01	2.257418e+02
4.060000e-06	1.609747e-06	3.665452e-09	1.033667e+01	2.213693e+02
4.070000e-06	1.532780e-06	3.582974e-09	9.842441e+00	2.169334e+02
4.080000e-06	1.455564e-06	3.509310e-09	9.346612e+00	2.124327e+02
4.090000e-06	1.378020e-06	3.443084e-09	8.848681e+00	2.078676e+02
4.100000e-06	1.300283e-06	3.368050e-09	8.349510e+00	2.032393e+02
4.110000e-06	1.222288e-06	3.283383e-09	7.848678e+00	1.985503e+02
4.120000e-06	1.143979e-06	3.202825e-09	7.345835e+00	1.938032e+02
4.130000e-06	1.065465e-06	3.126197e-09	6.841674e+00	1.890006e+02
4.140000e-06	9.868574e-07	3.044210e-09	6.336908e+00	1.841448e+02
4.150000e-06	9.081047e-07	2.954265e-09	5.831213e+00	1.792367e+02
4.160000e-06	8.292729e-07	2.867299e-09	5.325011e+00	1.742766e+02
4.170000e-06	7.503780e-07	2.788378e-09	4.818403e+00	1.692632e+02
4.180000e-06	6.712874e-07	2.706178e-09	4.310539e+00	1.641943e+02
4.190000e-06	5.921048e-07	2.619394e-09	3.802083e+00	1.590673e+02
4.200000e-06	5.128600e-07	2.534470e-09	3.293228e+00	1.538791e+02
4.210000e-06	4.335591e-07	2.450627e-09	2.784014e+00	1.486267e+02
4.220000e-06	3.542228e-07	2.360357e-09	2.274571e+00	1.433081e+02
4.230000e-06	2.748992e-07	2.263419e-09	1.765210e+00	1.379219e+02
4.240000e-06	1.955672e-07	2.168089e-09	1.255796e+00	1.324680e+02
4.250000e-06	1.161477e-07	2.076986e-09	7.458191e-01	1.269473e+02
4.260000e-06	3.666876e-08	1.987813e-09	2.354611e-01	1.213616e+02
4.270000e-06	-4.283725e-08	1.892687e-09	-2.750709e-01	1.157132e+02
4.280000e-06	-1.223779e-07	1.795298e-09	-7.858255e-01	1.100045e+02
4.290000e-06	-2.018777e-07	1.702199e-09	-1.296317e+00	1.042379e+02
4.300000e-06	-2.812828e-07	1.609031e-09	-1.806202e+00	9.841506e+01
4.310000e-06	-3.607020e-07	1.509378e-09	-2.316176e+00	9.253687e+01
4.320000e-06	-4.400645e-07	1.406565e-09	-2.825787e+00	8.660369e+01
4.330000e-06	-5.192832e-07	1.303047e-09	-3.334473e+00	8.061536e+01
4.340000e-06	-5.984104e-07	1.201276e-09	-3.842573e+00	7.457171e+01
4.350000e-06	-6.774812e-07	1.095774e-09	-4.350311e+00	6.847309e+01
4.360000e-06	-7.565097e-07	9.887425e-10	-4.857777e+00	6.232097e+01
4.370000e-06	-8.354183e-07	8.904605e-10	-5.364472e+00	5.611846e+01
4.380000e-06	-9.141518e-07	7.904441e-10	-5.870044e+00	4.987077e+01
4.390000e-06	-9.927328e-07	6.836937e-10	-6.374636e+00	4.358532e+01
4.400000e-06	-1.071148e-06	5.752015e-10	-6.878163e+00	3.727174e+01
4.410000e-06	-1.149403e-06	4.687603e-10	-7.380662e+00	3.094141e+01
4.420000e-06	-1.227529e-06	3.624265e-10	-7.882333e+00	2.460686e+01
4.430000e-06	-1.305352e-06	2.532616e-10	-8.382055e+00	1.828088e+01
4.440000e-06	-1.382879e-06	1.457116e-10	-8.879882e+00	1.197561e+01
4.450000e-06	-1.460245e-06	4.382730e-11	-9.376671e+00	5.701550e+00
4.460000e-06	-1.537388e-06	-5.947706e-11	-9.872034e+00	-5.332596e-01
4.470000e-06	-1.614231e-06	-1.676651e-10	-1.036546e+01	-6.723797e+00
4.480000e-06	-1.690824e-06	-2.717549e-10	-1.085729e+01	-1.286834e+01
4.490000e-06	-1.767197e-06	-3.719264e-10	-1.134771e+01	-1.896835e+01
4.500000e-06	-1.843315e-06	-4.711038e-10	-1.183648e+01	-2.502804e+01
4.510000e-06	-1.919218e-06	-5.721363e-10	-1.232387e+01	-3.105358e+01
4.520000e-06	-1.994816e-06	-6.740058e-10	-1.280931e+01	-3.705218e+01
4.530000e-06	-2.070138e-06	-7.737680e-10	-1.329298e+01	-4.303095e+01
4.540000e-06	-2.145174e-06	-8.762091e-10	-1.377481e+01	-4.899597e+01
4.550000e-06	-2.219910e-06	-9.784159e-10	-1.425471e+01	-5.495139e+01
4.560000e-06	-2.294431e-06	-1.080354e-09	-1.473323e+01	-6.089887e+01
4.570000e-06	-2.368737e-06	-1.177497e-09	-1.521037e+01	-6.683739e+01
4.580000e-06	-2.442751e-06	-1.277037e-09	-1.568564e+01	-7.276337e+01
4.590000e-06	-2.516455e-06	-1.379801e-09	-1.615891e+01	-7.867120e+01
4.600000e-06	-2.589837e-06	-1.475114e-09	-1.663012e+01	-8.455395e+01
4.610000e-06	-2.662895e-06	-1.567745e-09	-1.709925e+01	-9.040431e+01
4.620000e-06	-2.735684e-06	-1.664323e-09	-1.756665e+01	-9.621556e+01
4.630000e-06	-2.808177e-06	-1.764279e-09	-1.803215e+01	-1.019823e+02
4.640000e-06	-2.880401e-06	-1.859376e-09	-1.849592e+01	-1.077013e+02
4.650000e-06	-2.952350e-06	-1.952603e-09	-1.895793e+01	-1.133716e+02
4.660000e-06	-3.024036e-06	-2.050555e-09	-1.941825e+01	-1.189944e+02
4.670000e-06	-3.095404e-06	-2.150140e-09	-1.987652e+01	-1.245730e+02
4.680000e-06	-3.166342e-06	-2.242869e-09	-2.033203e+01	-1.301120e+02
4.690000e-06	-3.236883e-06	-2.333577e-09	-2.078500e+01	-1.356164e+02
4.700000e-06	-3.306964e-06	-2.424085e-09	-2.123501e+01	-1.410910e+02
4.710000e-06	-3.376517e-06	-2.515496e-09	-2.168163e+01	-1.465392e+02
4.720000e-06	-3.445565e-06	-2.604775e-09	-2.212501e+01	-1.519626e+02
4.730000e-06	-3.514118e-06	-2.690697e-09	-2.256521e+01	-1.573606e+02
4.740000e-06	-3.582213e-06	-2.781419e-09	-2.300247e+01	-1.627304e+02
4.750000e-06	-3.649910e-06	-2.875158e-09	-2.343717e+01	-1.680673e+02
4.760000e-06	-3.717218e-06	-2.968367e-09	-2.386937e+01	-1.733650e+02
4.770000e-06	-3.784064e-06	-3.056548e-09	-2.429862e+01	-1.786168e+02
4.780000e-06	-3.850441e-06	-3.144400e-09	-2.472484e+01	-1.838160e+02
4.790000e-06	-3.916428e-06	-3.230845e-09	-2.514856e+01	-1.889572e+02
4.800000e-06	-3.982029e-06	-3.312416e-09	-2.556981e+01	-1.940363e+02
4.810000e-06	-4.047181e-06	-3.388817e-09	-2.598817e+01	-1.990518e+02
4.820000e-06	-4.111845e-06	-3.468411e-09	-2.640339e+01	-2.040040e+02
4.830000e-06	-4.176016e-06	-3.553162e-09	-2.681545e+01	-2.088955e+02
4.840000e-06	-4.239753e-06	-3.637991e-09	-2.722473e+01	-2.137302e+02
4.850000e-06	-4.303084e-06	-3.722758e-09	-2.763140e+01	-2.185131e+02
4.860000e-06	-4.365911e-06	-3.806488e-09	-2.803483e+01	-2.232492e+02
4.870000e-06	-4.428192e-06	-3.887852e-09	-2.843475e+01	-2.279429e+02
4.880000e-06	-4.489756e-06	-3.963421e-09	-2.883008e+01	-2.325974e+02
4.890000e-06	-4.550583e-06	-4.032469e-09	-2.922066e+01	-2.372138e+02
4.900000e-06	-4.610880e-06	-4.102269e-09	-2.960785e+01	-2.417919e+02
4.910000e-06	-4.670652e-06	-4.176723e-09	-2.999166e+01	-2.463293e+02
4.920000e-06	-4.729932e-06	-4.254867e-09	-3.037232e+01	-2.508227e+02
4.930000e-06	-4.788694e-06	-4.334407e-09	-3.074965e+01	-2.552679e+02
4.940000e-06	-4.846922e-06	-4.412389e-09	-3.112355e+01	-2.596607e+02
4.950000e-06	-4.904564e-06	-4.489580e-09	-3.149368e+01	-2.639977e+02
4.960000e-06	-4.961563e-06	-4.563204e-09	-3.185969e+01	-2.682767e+02
4.970000e-06	-5.018074e-06	-4.630524e-09	-3.222257e+01	-2.724971e+02
4.980000e-06	-5.074130e-06	-4.692451e-09	-3.258252e+01	-2.766601e+02
4.990000e-06	-5.129560e-06	-4.759252e-09	-3.293845e+01	-2.807681e+02
5.000000e-06	-5.184291e-06	-4.829389e-09	-3.328989e+01	-2.848249e+02
5.010000e-06	-5.238265e-06	-4.896880e-09	-3.363648e+01	-2.888345e+02
5.020000e-06	-5.291449e-06	-4.963927e-09	-3.397799e+01	-2.928004e+02
5.030000e-06	-5.343818e-06	-5.033490e-09	-3.431426e+01	-2.967256e+02
5.040000e-06	-5.395425e-06	-5.104259e-09	-3.464565e+01	-3.006110e+02
5.050000e-06	-5.446354e-06	-5.170915e-09	-3.497267e+01	-3.044559e+02
5.060000e-06	-5.496673e-06	-5.231129e-09	-3.529579e+01	-3.082577e+02
5.070000e-06	-5.546324e-06	-5.290080e-09	-3.561462e+01	-3.120121e+02
5.080000e-06	-5.595128e-06	-5.354251e-09	-3.592800e+01	-3.157136e+02
5.090000e-06	-5.642963e-06	-5.418594e-09	-3.623516e+01	-3.193565e+02
5.100000e-06	-5.689934e-06	-5.478574e-09	-3.653678e+01	-3.229354e+02
5.110000e-06	-5.736197e-06	-5.538462e-09	-3.683385e+01	-3.264461e+02
5.120000e-06	-5.781792e-06	-5.599861e-09	-3.712662e+01	-3.298863e+02
5.130000e-06	-5.826777e-06	-5.657835e-09	-3.741549e+01	-3.332561e+02
5.140000e-06	-5.871141e-06	-5.710380e-09	-3.770036e+01	-3.365577e+02
5.150000e-06	-5.914945e-06	-5.761729e-09	-3.798164e+01	-3.397954e+02
5.160000e-06	-5.958180e-06	-5.817003e-09	-3.825927e+01	-3.429752e+02
5.170000e-06	-6.000837e-06	-5.872870e-09	-3.853318e+01	-3.461035e+02
5.180000e-06	-6.042875e-06	-5.924950e-09	-3.880312e+01	-3.491867e+02
5.190000e-06	-6.084191e-06	-5.976176e-09	-3.906842e+01	-3.522300e+02
5.200000e-06	-6.124857e-06	-6.028251e-09	-3.932955e+01	-3.552367e+02
5.210000e-06	-6.164951e-06	-6.075499e-09	-3.958701e+01	-3.582075e+02
5.220000e-06	-6.204417e-06	-6.117690e-09	-3.984043e+01	-3.611409e+02
5.230000e-06	-6.243065e-06	-6.165119e-09	-4.008860e+01	-3.640325e+02
5.240000e-06	-6.280784e-06	-6.218373e-09	-4.033081e+01	-3.668763e+02
5.250000e-06	-6.317554e-06	-6.268127e-09	-4.056692e+01	-3.696650e+02
5.260000e-06	-6.353518e-06	-6.312562e-09	-4.079785e+01	-3.723913e+02
5.270000e-06	-6.388862e-06	-6.355742e-09	-4.102481e+01	-3.750486e+02
5.280000e-06	-6.423525e-06	-6.399432e-09	-4.124739e+01	-3.776323e+02
5.290000e-06	-6.457437e-06	-6.439260e-09	-4.146514e+01	-3.801401e+02
5.300000e-06	-6.490596e-06	-6.473814e-09	-4.167807e+01	-3.825725e+02
5.310000e-06	-6.522975e-06	-6.509379e-09	-4.188598e+01	-3.849328e+02
5.320000e-06	-6.554718e-06	-6.549797e-09	-4.208981e+01	-3.872265e+02
5.330000e-06	-6.585774e-06	-6.589618e-09	-4.228924e+01	-3.894609e+02
5.340000e-06	-6.615961e-06	-6.626492e-09	-4.248308e+01	-3.916437e+02
5.350000e-06	-6.645066e-06	-6.662307e-09	-4.266997e+01	-3.937826e+02
5.360000e-06	-6.673134e-06	-6.698958e-09	-4.285020e+01	-3.958835e+02
5.370000e-06	-6.700551e-06	-6.734209e-09	-4.302625e+01	-3.979505e+02
5.380000e-06	-6.727327e-06	-6.765469e-09	-4.319819e+01	-3.999848e+02
5.390000e-06	-6.753368e-06	-6.797005e-09	-4.336541e+01	-4.019848e+02
5.400000e-06	-6.778560e-06	-6.829222e-09	-4.352717e+01	-4.039467e+02
5.410000e-06	-6.802897e-06	-6.858315e-09	-4.368345e+01	-4.058646e+02
5.420000e-06	-6.826600e-06	-6.885121e-09	-4.383565e+01	-4.077316e+02
5.430000e-06	-6.849626e-06	-6.912821e-09	-4.398351e+01	-4.095408e+02
5.440000e-06	-6.871688e-06	-6.943591e-09	-4.412518e+01	-4.112864e+02
5.450000e-06	-6.892623e-06	-6.975956e-09	-4.425961e+01	-4.129642e+02
5.460000e-06	-6.912668e-06	-7.004703e-09	-4.438832e+01	-4.145726e+02
5.470000e-06	-6.932059e-06	-7.032390e-09	-4.451284e+01	-4.161125e+02
5.480000e-06	-6.950665e-06	-7.058166e-09	-4.463231e+01	-4.175873e+02
5.490000e-06	-6.968488e-06	-7.078557e-09	-4.474676e+01	-4.190024e+02
5.500000e-06	-6.985537e-06	-7.095197e-09	-4.485623e+01	-4.203643e+02
5.510000e-06	-7.001765e-06	-7.112143e-09	-4.496044e+01	-4.216796e+02
5.520000e-06	-7.017320e-06	-7.133423e-09	-4.506032e+01	-4.229544e+02
5.530000e-06	-7.032056e-06	-7.156535e-09	-4.515495e+01	-4.241932e+02
5.540000e-06	-7.045534e-06	-7.179286e-09	-4.524149e+01	-4.253980e+02
5.550000e-06	-7.057833e-06	-7.202338e-09	-4.532047e+01	-4.265687e+02
5.560000e-06	-7.069273e-06	-7.223832e-09	-4.539393e+01	-4.277025e+02
5.570000e-06	-7.079849e-06	-7.240226e-09	-4.546184e+01	-4.287950e+02
5.580000e-06	-7.089602e-06	-7.253174e-09	-4.552447e+01	-4.298402e+02
5.590000e-06	-7.098558e-06	-7.265878e-09	-4.558198e+01	-4.308320e+02
5.600000e-06	-7.106696e-06	-7.281088e-09	-4.563424e+01	-4.317649e+02
5.610000e-06	-7.114143e-06	-7.296266e-09	-4.568205e+01	-4.326351e+02
5.620000e-06	-7.120763e-06	-7.309152e-09	-4.572456e+01	-4.334407e+02
5.630000e-06	-7.126276e-06	-7.323644e-09	-4.575996e+01	-4.341824e+02
5.640000e-06	-7.130755e-06	-7.337663e-09	-4.578872e+01	-4.348636e+02
5.650000e-06	-7.134503e-06	-7.349881e-09	-4.581279e+01	-4.354894e+02
5.660000e-06	-7.137482e-06	-7.360694e-09	-4.583192e+01	-4.360668e+02
5.670000e-06	-7.139629e-06	-7.371930e-09	-4.584571e+01	-4.366031e+02
5.680000e-06	-7.141090e-06	-7.382906e-09	-4.585509e+01	-4.371055e+02
5.690000e-06	-7.141664e-06	-7.393734e-09	-4.585878e+01	-4.375797e+02
