# Temperatura_=_20.0
# Concentracion g/m^3_=_12000.0
# C_Vs_to_Am_M_A/Vsm_=_59384043850.047264
# pendiente_HvsI_1/m_=_3716.3
# ordenada_HvsI_A/m_=_1297.0
# frecuencia_Hz_=_175537.93005877658

Tiempo_(s)	Campo_(V.s)	Magnetizacion_(V.s)	Campo_(kA/m)	Magnetizacion_(A/m)
0.000000e+00	-7.145335e-06	-7.438228e-09	-4.585324e+01	-4.415610e+02
1.000000e-08	-7.144771e-06	-7.445257e-09	-4.584962e+01	-4.419310e+02
2.000000e-08	-7.143491e-06	-7.452027e-09	-4.584141e+01	-4.422587e+02
3.000000e-08	-7.141109e-06	-7.460161e-09	-4.582612e+01	-4.425532e+02
4.000000e-08	-7.137604e-06	-7.466517e-09	-4.580363e+01	-4.428234e+02
5.000000e-08	-7.133333e-06	-7.471961e-09	-4.577622e+01	-4.430775e+02
6.000000e-08	-7.128400e-06	-7.475119e-09	-4.574456e+01	-4.433221e+02
7.000000e-08	-7.122691e-06	-7.468672e-09	-4.570793e+01	-4.435620e+02
8.000000e-08	-7.116131e-06	-7.475180e-09	-4.566583e+01	-4.437992e+02
9.000000e-08	-7.108659e-06	-7.473978e-09	-4.561788e+01	-4.440335e+02
1.000000e-07	-7.100277e-06	-7.455621e-09	-4.556409e+01	-4.442621e+02
1.100000e-07	-7.091044e-06	-7.465412e-09	-4.550484e+01	-4.444803e+02
1.200000e-07	-7.080796e-06	-7.458116e-09	-4.543907e+01	-4.446821e+02
1.300000e-07	-7.069469e-06	-7.503590e-09	-4.536639e+01	-4.448609e+02
1.400000e-07	-7.057300e-06	-7.531834e-09	-4.528829e+01	-4.450101e+02
1.500000e-07	-7.044312e-06	-7.433382e-09	-4.520495e+01	-4.451238e+02
1.600000e-07	-7.030388e-06	-7.478634e-09	-4.511560e+01	-4.451975e+02
1.700000e-07	-7.015490e-06	-7.524123e-09	-4.501999e+01	-4.452279e+02
1.800000e-07	-6.999411e-06	-7.443162e-09	-4.491681e+01	-4.452135e+02
1.900000e-07	-6.982322e-06	-7.470310e-09	-4.480715e+01	-4.451539e+02
2.000000e-07	-6.964526e-06	-7.459414e-09	-4.469294e+01	-4.450498e+02
2.100000e-07	-6.945970e-06	-7.417071e-09	-4.457386e+01	-4.449022e+02
2.200000e-07	-6.926660e-06	-7.494271e-09	-4.444995e+01	-4.447121e+02
2.300000e-07	-6.906683e-06	-7.466697e-09	-4.432175e+01	-4.444799e+02
2.400000e-07	-6.886058e-06	-7.402789e-09	-4.418940e+01	-4.442049e+02
2.500000e-07	-6.864722e-06	-7.428971e-09	-4.405248e+01	-4.438856e+02
2.600000e-07	-6.842530e-06	-7.413991e-09	-4.391007e+01	-4.435190e+02
2.700000e-07	-6.819509e-06	-7.418788e-09	-4.376233e+01	-4.431013e+02
2.800000e-07	-6.795843e-06	-7.383378e-09	-4.361047e+01	-4.426284e+02
2.900000e-07	-6.771408e-06	-7.358653e-09	-4.345366e+01	-4.420959e+02
3.000000e-07	-6.746093e-06	-7.400425e-09	-4.329121e+01	-4.415004e+02
3.100000e-07	-6.719806e-06	-7.391843e-09	-4.312252e+01	-4.408393e+02
3.200000e-07	-6.692461e-06	-7.339923e-09	-4.294704e+01	-4.401117e+02
3.300000e-07	-6.664198e-06	-7.307503e-09	-4.276567e+01	-4.393187e+02
3.400000e-07	-6.635221e-06	-7.341308e-09	-4.257972e+01	-4.384631e+02
3.500000e-07	-6.605563e-06	-7.346116e-09	-4.238940e+01	-4.375494e+02
3.600000e-07	-6.575130e-06	-7.276841e-09	-4.219410e+01	-4.365837e+02
3.700000e-07	-6.543931e-06	-7.256669e-09	-4.199389e+01	-4.355725e+02
3.800000e-07	-6.512046e-06	-7.262925e-09	-4.178928e+01	-4.345227e+02
3.900000e-07	-6.479533e-06	-7.246691e-09	-4.158064e+01	-4.334407e+02
4.000000e-07	-6.446368e-06	-7.205943e-09	-4.136781e+01	-4.323319e+02
4.100000e-07	-6.412269e-06	-7.170986e-09	-4.114898e+01	-4.312000e+02
4.200000e-07	-6.377013e-06	-7.199605e-09	-4.092274e+01	-4.300473e+02
4.300000e-07	-6.340820e-06	-7.195196e-09	-4.069048e+01	-4.288741e+02
4.400000e-07	-6.304038e-06	-7.149699e-09	-4.045444e+01	-4.276790e+02
4.500000e-07	-6.266601e-06	-7.102295e-09	-4.021420e+01	-4.264594e+02
4.600000e-07	-6.228342e-06	-7.091514e-09	-3.996868e+01	-4.252120e+02
4.700000e-07	-6.189395e-06	-7.087489e-09	-3.971875e+01	-4.239329e+02
4.800000e-07	-6.149752e-06	-7.047040e-09	-3.946435e+01	-4.226186e+02
4.900000e-07	-6.109451e-06	-7.022578e-09	-3.920574e+01	-4.212662e+02
5.000000e-07	-6.068530e-06	-7.017428e-09	-3.894314e+01	-4.198736e+02
5.100000e-07	-6.026873e-06	-7.012640e-09	-3.867581e+01	-4.184398e+02
5.200000e-07	-5.984251e-06	-6.970127e-09	-3.840230e+01	-4.169649e+02
5.300000e-07	-5.940586e-06	-6.915037e-09	-3.812209e+01	-4.154500e+02
5.400000e-07	-5.896213e-06	-6.900953e-09	-3.783734e+01	-4.138965e+02
5.500000e-07	-5.851342e-06	-6.895248e-09	-3.754939e+01	-4.123064e+02
5.600000e-07	-5.805894e-06	-6.861658e-09	-3.725774e+01	-4.106815e+02
5.700000e-07	-5.759683e-06	-6.812526e-09	-3.696119e+01	-4.090232e+02
5.800000e-07	-5.712774e-06	-6.797137e-09	-3.666017e+01	-4.073324e+02
5.900000e-07	-5.665164e-06	-6.788760e-09	-3.635464e+01	-4.056093e+02
6.000000e-07	-5.616843e-06	-6.744117e-09	-3.604455e+01	-4.038534e+02
6.100000e-07	-5.567901e-06	-6.696294e-09	-3.573049e+01	-4.020636e+02
6.200000e-07	-5.518184e-06	-6.675915e-09	-3.541144e+01	-4.002386e+02
6.300000e-07	-5.467514e-06	-6.670813e-09	-3.508628e+01	-3.983770e+02
6.400000e-07	-5.415933e-06	-6.630485e-09	-3.475527e+01	-3.964772e+02
6.500000e-07	-5.363594e-06	-6.578535e-09	-3.441940e+01	-3.945385e+02
6.600000e-07	-5.310504e-06	-6.552005e-09	-3.407871e+01	-3.925602e+02
6.700000e-07	-5.256692e-06	-6.534538e-09	-3.373339e+01	-3.905424e+02
6.800000e-07	-5.202361e-06	-6.490044e-09	-3.338473e+01	-3.884855e+02
6.900000e-07	-5.147501e-06	-6.436559e-09	-3.303269e+01	-3.863902e+02
7.000000e-07	-5.091965e-06	-6.411095e-09	-3.267629e+01	-3.842575e+02
7.100000e-07	-5.035744e-06	-6.394440e-09	-3.231551e+01	-3.820881e+02
7.200000e-07	-4.978956e-06	-6.352223e-09	-3.195109e+01	-3.798826e+02
7.300000e-07	-4.921672e-06	-6.293777e-09	-3.158348e+01	-3.776410e+02
7.400000e-07	-4.863713e-06	-6.257888e-09	-3.121155e+01	-3.753630e+02
7.500000e-07	-4.804964e-06	-6.236040e-09	-3.083455e+01	-3.730478e+02
7.600000e-07	-4.745547e-06	-6.194176e-09	-3.045325e+01	-3.706942e+02
7.700000e-07	-4.685550e-06	-6.140780e-09	-3.006824e+01	-3.683011e+02
7.800000e-07	-4.624987e-06	-6.107216e-09	-2.967959e+01	-3.658673e+02
7.900000e-07	-4.563988e-06	-6.080973e-09	-2.928815e+01	-3.633919e+02
8.000000e-07	-4.502530e-06	-6.035577e-09	-2.889376e+01	-3.608745e+02
8.100000e-07	-4.440517e-06	-5.976541e-09	-2.849580e+01	-3.583152e+02
8.200000e-07	-4.377985e-06	-5.932124e-09	-2.809453e+01	-3.557149e+02
8.300000e-07	-4.314966e-06	-5.902490e-09	-2.769012e+01	-3.530748e+02
8.400000e-07	-4.251468e-06	-5.860360e-09	-2.728264e+01	-3.503963e+02
8.500000e-07	-4.187441e-06	-5.805700e-09	-2.687176e+01	-3.476813e+02
8.600000e-07	-4.122939e-06	-5.761697e-09	-2.645783e+01	-3.449311e+02
8.700000e-07	-4.058009e-06	-5.730836e-09	-2.604117e+01	-3.421467e+02
8.800000e-07	-3.992610e-06	-5.688105e-09	-2.562148e+01	-3.393286e+02
8.900000e-07	-3.926819e-06	-5.627855e-09	-2.519929e+01	-3.364764e+02
9.000000e-07	-3.860545e-06	-5.574610e-09	-2.477399e+01	-3.335890e+02
9.100000e-07	-3.793636e-06	-5.534517e-09	-2.434462e+01	-3.306647e+02
9.200000e-07	-3.726069e-06	-5.487692e-09	-2.391103e+01	-3.277012e+02
9.300000e-07	-3.657983e-06	-5.426342e-09	-2.347411e+01	-3.246962e+02
9.400000e-07	-3.589482e-06	-5.371625e-09	-2.303452e+01	-3.216474e+02
9.500000e-07	-3.520640e-06	-5.332106e-09	-2.259275e+01	-3.185528e+02
9.600000e-07	-3.451611e-06	-5.287109e-09	-2.214977e+01	-3.154110e+02
9.700000e-07	-3.382288e-06	-5.226634e-09	-2.170491e+01	-3.122213e+02
9.800000e-07	-3.312563e-06	-5.168267e-09	-2.125747e+01	-3.089837e+02
9.900000e-07	-3.242373e-06	-5.118501e-09	-2.080704e+01	-3.056985e+02
1.000000e-06	-3.171812e-06	-5.065402e-09	-2.035424e+01	-3.023669e+02
1.010000e-06	-3.100973e-06	-5.002062e-09	-1.989965e+01	-2.989896e+02
1.020000e-06	-3.029683e-06	-4.941390e-09	-1.944217e+01	-2.955674e+02
1.030000e-06	-2.957993e-06	-4.891862e-09	-1.898211e+01	-2.921007e+02
1.040000e-06	-2.885996e-06	-4.838866e-09	-1.852009e+01	-2.885888e+02
1.050000e-06	-2.813615e-06	-4.775792e-09	-1.805561e+01	-2.850307e+02
1.060000e-06	-2.740885e-06	-4.713476e-09	-1.758888e+01	-2.814245e+02
1.070000e-06	-2.667892e-06	-4.657303e-09	-1.712047e+01	-2.777676e+02
1.080000e-06	-2.594571e-06	-4.595804e-09	-1.664995e+01	-2.740575e+02
1.090000e-06	-2.520900e-06	-4.525444e-09	-1.617719e+01	-2.702914e+02
1.100000e-06	-2.446868e-06	-4.455679e-09	-1.570211e+01	-2.664674e+02
1.110000e-06	-2.372434e-06	-4.395102e-09	-1.522445e+01	-2.625839e+02
1.120000e-06	-2.297609e-06	-4.335278e-09	-1.474428e+01	-2.586408e+02
1.130000e-06	-2.222418e-06	-4.268888e-09	-1.426176e+01	-2.546389e+02
1.140000e-06	-2.146835e-06	-4.200684e-09	-1.377673e+01	-2.505801e+02
1.150000e-06	-2.070898e-06	-4.136492e-09	-1.328942e+01	-2.464673e+02
1.160000e-06	-1.994757e-06	-4.069864e-09	-1.280081e+01	-2.423038e+02
1.170000e-06	-1.918401e-06	-3.993184e-09	-1.231081e+01	-2.380928e+02
1.180000e-06	-1.841775e-06	-3.915258e-09	-1.181909e+01	-2.338372e+02
1.190000e-06	-1.764848e-06	-3.845105e-09	-1.132543e+01	-2.295389e+02
1.200000e-06	-1.687742e-06	-3.779451e-09	-1.083063e+01	-2.251986e+02
1.210000e-06	-1.610478e-06	-3.707095e-09	-1.033480e+01	-2.208152e+02
1.220000e-06	-1.532942e-06	-3.630507e-09	-9.837239e+00	-2.163863e+02
1.230000e-06	-1.455232e-06	-3.556937e-09	-9.338551e+00	-2.119081e+02
1.240000e-06	-1.377398e-06	-3.485082e-09	-8.839078e+00	-2.073758e+02
1.250000e-06	-1.299420e-06	-3.407487e-09	-8.338671e+00	-2.027841e+02
1.260000e-06	-1.221257e-06	-3.325399e-09	-7.837080e+00	-1.981281e+02
1.270000e-06	-1.142878e-06	-3.248077e-09	-7.334107e+00	-1.934033e+02
1.280000e-06	-1.064376e-06	-3.172978e-09	-6.830342e+00	-1.886067e+02
1.290000e-06	-9.857737e-07	-3.089097e-09	-6.325934e+00	-1.837372e+02
1.300000e-06	-9.070675e-07	-3.002164e-09	-5.820858e+00	-1.787951e+02
1.310000e-06	-8.282577e-07	-2.921033e-09	-5.315118e+00	-1.737830e+02
1.320000e-06	-7.493819e-07	-2.841904e-09	-4.808954e+00	-1.687046e+02
1.330000e-06	-6.703867e-07	-2.756614e-09	-4.302024e+00	-1.635649e+02
1.340000e-06	-5.912012e-07	-2.667110e-09	-3.793873e+00	-1.583693e+02
1.350000e-06	-5.119876e-07	-2.582883e-09	-3.285541e+00	-1.531228e+02
1.360000e-06	-4.326972e-07	-2.500559e-09	-2.776716e+00	-1.478294e+02
1.370000e-06	-3.533368e-07	-2.409159e-09	-2.267442e+00	-1.424916e+02
1.380000e-06	-2.739358e-07	-2.310533e-09	-1.757908e+00	-1.371101e+02
1.390000e-06	-1.944359e-07	-2.216738e-09	-1.247739e+00	-1.316835e+02
1.400000e-06	-1.149088e-07	-2.131650e-09	-7.373959e-01	-1.262085e+02
1.410000e-06	-3.542003e-08	-2.041822e-09	-2.272984e-01	-1.206804e+02
1.420000e-06	4.399245e-08	-1.945027e-09	2.823095e-01	-1.150935e+02
1.430000e-06	1.234518e-07	-1.851808e-09	7.922185e-01	-1.094419e+02
1.440000e-06	2.030032e-07	-1.761982e-09	1.302718e+00	-1.037202e+02
1.450000e-06	2.825457e-07	-1.664047e-09	1.813160e+00	-9.792444e+01
1.460000e-06	3.620420e-07	-1.559377e-09	2.323306e+00	-9.205257e+01
1.470000e-06	4.414929e-07	-1.460388e-09	2.833160e+00	-8.610483e+01
1.480000e-06	5.208498e-07	-1.363639e-09	3.342412e+00	-8.008401e+01
1.490000e-06	6.000306e-07	-1.260345e-09	3.850533e+00	-7.399538e+01
1.500000e-06	6.791597e-07	-1.151012e-09	4.358322e+00	-6.784638e+01
1.510000e-06	7.582581e-07	-1.048729e-09	4.865915e+00	-6.164611e+01
1.520000e-06	8.371667e-07	-9.514987e-10	5.372289e+00	-5.540474e+01
1.530000e-06	9.159472e-07	-8.477540e-10	5.877841e+00	-4.913285e+01
1.540000e-06	9.946770e-07	-7.363292e-10	6.383068e+00	-4.284076e+01
1.550000e-06	1.073249e-06	-6.260388e-10	6.887281e+00	-3.653801e+01
1.560000e-06	1.151571e-06	-5.210756e-10	7.389895e+00	-3.023294e+01
1.570000e-06	1.229790e-06	-4.136566e-10	7.891840e+00	-2.393248e+01
1.580000e-06	1.307874e-06	-3.038970e-10	8.392923e+00	-1.764211e+01
1.590000e-06	1.385745e-06	-1.986883e-10	8.892641e+00	-1.136595e+01
1.600000e-06	1.463418e-06	-1.006643e-10	9.391086e+00	-5.107007e+00
1.610000e-06	1.540864e-06	-3.258042e-12	9.888075e+00	1.132539e+00
1.620000e-06	1.618117e-06	1.045113e-10	1.038383e+01	7.351015e+00
1.630000e-06	1.695200e-06	2.133366e-10	1.087848e+01	1.354700e+01
1.640000e-06	1.772141e-06	3.164599e-10	1.137223e+01	1.971912e+01
1.650000e-06	1.848790e-06	4.212875e-10	1.186410e+01	2.586597e+01
1.660000e-06	1.925105e-06	5.323120e-10	1.235383e+01	3.198612e+01
1.670000e-06	2.001188e-06	6.383092e-10	1.284208e+01	3.807821e+01
1.680000e-06	2.077026e-06	7.331825e-10	1.332875e+01	4.414109e+01
1.690000e-06	2.152553e-06	8.290495e-10	1.381342e+01	5.017400e+01
1.700000e-06	2.227716e-06	9.318290e-10	1.429576e+01	5.617668e+01
1.710000e-06	2.302533e-06	1.036668e-09	1.477587e+01	6.214944e+01
1.720000e-06	2.376936e-06	1.134817e-09	1.525334e+01	6.809315e+01
1.730000e-06	2.450982e-06	1.232635e-09	1.572851e+01	7.400910e+01
1.740000e-06	2.524729e-06	1.336326e-09	1.620176e+01	7.989878e+01
1.750000e-06	2.598116e-06	1.437767e-09	1.667270e+01	8.576364e+01
1.760000e-06	2.671118e-06	1.532044e-09	1.714117e+01	9.160475e+01
1.770000e-06	2.743767e-06	1.626739e-09	1.760738e+01	9.742255e+01
1.780000e-06	2.816084e-06	1.727429e-09	1.807145e+01	1.032166e+02
1.790000e-06	2.888131e-06	1.828510e-09	1.853379e+01	1.089855e+02
1.800000e-06	2.959913e-06	1.922228e-09	1.899444e+01	1.147270e+02
1.810000e-06	3.031333e-06	2.017064e-09	1.945275e+01	1.204377e+02
1.820000e-06	3.102418e-06	2.117083e-09	1.990892e+01	1.261140e+02
1.830000e-06	3.173145e-06	2.214767e-09	2.036279e+01	1.317519e+02
1.840000e-06	3.243475e-06	2.306569e-09	2.081411e+01	1.373474e+02
1.850000e-06	3.313416e-06	2.396224e-09	2.126294e+01	1.428973e+02
1.860000e-06	3.382976e-06	2.489560e-09	2.170933e+01	1.483989e+02
1.870000e-06	3.452133e-06	2.581101e-09	2.215312e+01	1.538508e+02
1.880000e-06	3.520939e-06	2.670172e-09	2.259467e+01	1.592525e+02
1.890000e-06	3.589425e-06	2.760622e-09	2.303415e+01	1.646044e+02
1.900000e-06	3.657551e-06	2.855800e-09	2.347134e+01	1.699079e+02
1.910000e-06	3.725297e-06	2.947471e-09	2.390608e+01	1.751649e+02
1.920000e-06	3.792564e-06	3.030787e-09	2.433775e+01	1.803772e+02
1.930000e-06	3.859323e-06	3.111680e-09	2.476615e+01	1.855467e+02
1.940000e-06	3.925480e-06	3.196340e-09	2.519069e+01	1.906744e+02
1.950000e-06	3.990953e-06	3.283964e-09	2.561085e+01	1.957609e+02
1.960000e-06	4.055904e-06	3.369893e-09	2.602766e+01	2.008055e+02
1.970000e-06	4.120457e-06	3.454729e-09	2.644191e+01	2.058068e+02
1.980000e-06	4.184549e-06	3.542208e-09	2.685320e+01	2.107628e+02
1.990000e-06	4.248122e-06	3.630249e-09	2.726116e+01	2.156708e+02
2.000000e-06	4.311290e-06	3.710695e-09	2.766653e+01	2.205283e+02
2.010000e-06	4.374067e-06	3.786954e-09	2.806938e+01	2.253328e+02
2.020000e-06	4.436356e-06	3.863476e-09	2.846910e+01	2.300824e+02
2.030000e-06	4.498080e-06	3.942117e-09	2.886520e+01	2.347762e+02
2.040000e-06	4.559290e-06	4.019936e-09	2.925800e+01	2.394141e+02
2.050000e-06	4.620094e-06	4.094658e-09	2.964819e+01	2.439969e+02
2.060000e-06	4.680462e-06	4.171663e-09	3.003559e+01	2.485264e+02
2.070000e-06	4.740275e-06	4.252707e-09	3.041942e+01	2.530049e+02
2.080000e-06	4.799442e-06	4.330381e-09	3.079911e+01	2.574351e+02
2.090000e-06	4.857854e-06	4.402338e-09	3.117395e+01	2.618194e+02
2.100000e-06	4.915472e-06	4.474645e-09	3.154370e+01	2.661601e+02
2.110000e-06	4.972401e-06	4.548074e-09	3.190903e+01	2.704585e+02
2.120000e-06	5.028751e-06	4.620902e-09	3.227063e+01	2.747155e+02
2.130000e-06	5.084583e-06	4.691021e-09	3.262892e+01	2.789307e+02
2.140000e-06	5.139892e-06	4.764549e-09	3.298385e+01	2.831033e+02
2.150000e-06	5.194604e-06	4.838093e-09	3.333496e+01	2.872315e+02
2.160000e-06	5.248701e-06	4.908092e-09	3.368211e+01	2.913132e+02
2.170000e-06	5.302201e-06	4.975343e-09	3.402543e+01	2.953465e+02
2.180000e-06	5.355108e-06	5.042933e-09	3.436495e+01	2.993291e+02
2.190000e-06	5.407327e-06	5.108829e-09	3.470004e+01	3.032594e+02
2.200000e-06	5.458636e-06	5.169135e-09	3.502931e+01	3.071363e+02
2.210000e-06	5.508965e-06	5.231511e-09	3.535228e+01	3.109590e+02
2.220000e-06	5.558364e-06	5.298051e-09	3.566928e+01	3.147276e+02
2.230000e-06	5.607008e-06	5.365055e-09	3.598144e+01	3.184421e+02
2.240000e-06	5.655085e-06	5.427723e-09	3.628996e+01	3.221029e+02
2.250000e-06	5.702596e-06	5.489479e-09	3.659486e+01	3.257104e+02
2.260000e-06	5.749434e-06	5.547902e-09	3.689542e+01	3.292647e+02
2.270000e-06	5.795501e-06	5.603459e-09	3.719105e+01	3.327654e+02
2.280000e-06	5.840915e-06	5.658185e-09	3.748247e+01	3.362119e+02
2.290000e-06	5.885748e-06	5.715978e-09	3.777018e+01	3.396031e+02
2.300000e-06	5.930055e-06	5.777520e-09	3.805451e+01	3.429375e+02
2.310000e-06	5.973887e-06	5.834805e-09	3.833579e+01	3.462139e+02
2.320000e-06	6.016932e-06	5.889844e-09	3.861202e+01	3.494307e+02
2.330000e-06	6.058772e-06	5.944344e-09	3.888052e+01	3.525872e+02
2.340000e-06	6.099612e-06	5.995560e-09	3.914259e+01	3.556830e+02
2.350000e-06	6.139851e-06	6.041175e-09	3.940082e+01	3.587182e+02
2.360000e-06	6.179495e-06	6.086872e-09	3.965522e+01	3.616939e+02
2.370000e-06	6.218440e-06	6.136146e-09	3.990514e+01	3.646116e+02
2.380000e-06	6.256623e-06	6.187914e-09	4.015017e+01	3.674732e+02
2.390000e-06	6.294063e-06	6.238219e-09	4.039043e+01	3.702807e+02
2.400000e-06	6.330816e-06	6.286149e-09	4.062629e+01	3.730361e+02
2.410000e-06	6.367033e-06	6.333820e-09	4.085870e+01	3.757408e+02
2.420000e-06	6.402622e-06	6.378142e-09	4.108708e+01	3.783957e+02
2.430000e-06	6.437240e-06	6.420450e-09	4.130923e+01	3.810008e+02
2.440000e-06	6.470747e-06	6.461268e-09	4.152426e+01	3.835552e+02
2.450000e-06	6.503367e-06	6.506320e-09	4.173358e+01	3.860574e+02
2.460000e-06	6.535356e-06	6.554002e-09	4.193887e+01	3.885054e+02
2.470000e-06	6.566684e-06	6.595318e-09	4.213990e+01	3.908968e+02
2.480000e-06	6.597257e-06	6.630906e-09	4.233609e+01	3.932292e+02
2.490000e-06	6.627056e-06	6.667487e-09	4.252732e+01	3.955008e+02
2.500000e-06	6.656133e-06	6.703303e-09	4.271391e+01	3.977104e+02
2.510000e-06	6.684667e-06	6.735570e-09	4.289702e+01	3.998575e+02
2.520000e-06	6.712638e-06	6.768032e-09	4.307652e+01	4.019427e+02
2.530000e-06	6.739665e-06	6.804759e-09	4.324996e+01	4.039671e+02
2.540000e-06	6.765561e-06	6.843053e-09	4.341614e+01	4.059327e+02
2.550000e-06	6.790436e-06	6.876270e-09	4.357577e+01	4.078418e+02
2.560000e-06	6.814511e-06	6.906722e-09	4.373027e+01	4.096967e+02
2.570000e-06	6.837853e-06	6.937202e-09	4.388006e+01	4.114994e+02
2.580000e-06	6.860408e-06	6.967967e-09	4.402480e+01	4.132515e+02
2.590000e-06	6.882226e-06	6.995940e-09	4.416481e+01	4.149536e+02
2.600000e-06	6.903327e-06	7.024597e-09	4.430022e+01	4.166059e+02
2.610000e-06	6.923746e-06	7.053178e-09	4.443125e+01	4.182078e+02
2.620000e-06	6.943450e-06	7.081164e-09	4.455770e+01	4.197582e+02
2.630000e-06	6.962380e-06	7.105339e-09	4.467918e+01	4.212560e+02
2.640000e-06	6.980441e-06	7.126489e-09	4.479507e+01	4.227002e+02
2.650000e-06	6.997671e-06	7.149878e-09	4.490564e+01	4.240903e+02
2.660000e-06	7.014054e-06	7.172598e-09	4.501078e+01	4.254266e+02
2.670000e-06	7.029395e-06	7.195439e-09	4.510922e+01	4.267105e+02
2.680000e-06	7.043785e-06	7.217850e-09	4.520157e+01	4.279441e+02
2.690000e-06	7.057292e-06	7.239288e-09	4.528824e+01	4.291302e+02
2.700000e-06	7.069892e-06	7.258961e-09	4.536910e+01	4.302720e+02
2.710000e-06	7.081597e-06	7.274637e-09	4.544421e+01	4.313728e+02
2.720000e-06	7.092233e-06	7.290111e-09	4.551247e+01	4.324354e+02
2.730000e-06	7.101735e-06	7.307950e-09	4.557345e+01	4.334615e+02
2.740000e-06	7.110318e-06	7.325242e-09	4.562852e+01	4.344516e+02
2.750000e-06	7.118164e-06	7.342633e-09	4.567887e+01	4.354048e+02
2.760000e-06	7.125186e-06	7.360726e-09	4.572394e+01	4.363185e+02
2.770000e-06	7.131349e-06	7.376934e-09	4.576349e+01	4.371891e+02
2.780000e-06	7.136716e-06	7.388967e-09	4.579793e+01	4.380119e+02
2.790000e-06	7.141322e-06	7.400815e-09	4.582749e+01	4.387820e+02
2.800000e-06	7.145269e-06	7.411899e-09	4.585281e+01	4.394947e+02
2.810000e-06	7.148439e-06	7.423105e-09	4.587316e+01	4.401466e+02
2.820000e-06	7.150484e-06	7.434907e-09	4.588628e+01	4.407356e+02
2.830000e-06	7.151394e-06	7.445424e-09	4.589212e+01	4.412619e+02
2.840000e-06	7.151469e-06	7.453385e-09	4.589260e+01	4.417280e+02
2.850000e-06	7.150852e-06	7.458247e-09	4.588864e+01	4.421387e+02
2.860000e-06	7.149478e-06	7.463603e-09	4.587982e+01	4.425006e+02
2.870000e-06	7.147354e-06	7.468443e-09	4.586620e+01	4.428220e+02
2.880000e-06	7.144580e-06	7.473568e-09	4.584840e+01	4.431118e+02
2.890000e-06	7.141134e-06	7.480397e-09	4.582628e+01	4.433789e+02
2.900000e-06	7.137064e-06	7.486303e-09	4.580016e+01	4.436313e+02
2.910000e-06	7.132259e-06	7.500011e-09	4.576933e+01	4.438753e+02
2.920000e-06	7.126371e-06	7.506005e-09	4.573154e+01	4.441151e+02
2.930000e-06	7.119331e-06	7.503815e-09	4.568636e+01	4.443524e+02
2.940000e-06	7.111315e-06	7.529733e-09	4.563492e+01	4.445865e+02
2.950000e-06	7.102224e-06	7.522864e-09	4.557659e+01	4.448141e+02
2.960000e-06	7.092023e-06	7.539628e-09	4.551112e+01	4.450302e+02
2.970000e-06	7.081159e-06	7.491008e-09	4.544141e+01	4.452288e+02
2.980000e-06	7.069885e-06	7.431874e-09	4.536906e+01	4.454030e+02
2.990000e-06	7.057784e-06	7.549370e-09	4.529140e+01	4.455465e+02
3.000000e-06	7.044404e-06	7.504867e-09	4.520554e+01	4.456536e+02
3.010000e-06	7.030001e-06	7.437826e-09	4.511311e+01	4.457198e+02
3.020000e-06	7.014885e-06	7.550795e-09	4.501611e+01	4.457425e+02
3.030000e-06	6.998864e-06	7.489357e-09	4.491330e+01	4.457201e+02
3.040000e-06	6.981925e-06	7.463635e-09	4.480460e+01	4.456527e+02
3.050000e-06	6.964351e-06	7.565434e-09	4.469182e+01	4.455409e+02
3.060000e-06	6.946043e-06	7.455158e-09	4.457433e+01	4.453858e+02
3.070000e-06	6.926866e-06	7.452111e-09	4.445127e+01	4.451883e+02
3.080000e-06	6.906996e-06	7.536961e-09	4.432376e+01	4.449487e+02
3.090000e-06	6.886483e-06	7.453014e-09	4.419213e+01	4.446661e+02
3.100000e-06	6.865123e-06	7.481194e-09	4.405506e+01	4.443387e+02
3.110000e-06	6.842604e-06	7.460201e-09	4.391054e+01	4.439634e+02
3.120000e-06	6.819044e-06	7.467133e-09	4.375935e+01	4.435362e+02
3.130000e-06	6.794831e-06	7.540904e-09	4.360397e+01	4.430530e+02
3.140000e-06	6.769855e-06	7.407689e-09	4.344370e+01	4.425095e+02
3.150000e-06	6.743954e-06	7.418893e-09	4.327748e+01	4.419023e+02
3.160000e-06	6.717191e-06	7.474649e-09	4.310574e+01	4.412293e+02
3.170000e-06	6.689703e-06	7.446490e-09	4.292934e+01	4.404899e+02
3.180000e-06	6.661550e-06	7.430561e-09	4.274868e+01	4.396854e+02
3.190000e-06	6.632469e-06	7.331651e-09	4.256206e+01	4.388191e+02
3.200000e-06	6.602353e-06	7.408046e-09	4.236880e+01	4.378957e+02
3.210000e-06	6.571317e-06	7.398724e-09	4.216963e+01	4.369214e+02
3.220000e-06	6.539522e-06	7.292670e-09	4.196560e+01	4.359030e+02
3.230000e-06	6.507013e-06	7.329047e-09	4.175698e+01	4.348472e+02
3.240000e-06	6.473651e-06	7.312515e-09	4.154289e+01	4.337604e+02
3.250000e-06	6.439605e-06	7.349519e-09	4.132441e+01	4.326475e+02
3.260000e-06	6.405026e-06	7.252679e-09	4.110251e+01	4.315122e+02
3.270000e-06	6.369699e-06	7.194070e-09	4.087580e+01	4.303562e+02
3.280000e-06	6.333595e-06	7.254458e-09	4.064412e+01	4.291796e+02
3.290000e-06	6.296802e-06	7.209777e-09	4.040801e+01	4.279806e+02
3.300000e-06	6.259188e-06	7.203994e-09	4.016663e+01	4.267567e+02
3.310000e-06	6.220542e-06	7.142984e-09	3.991863e+01	4.255041e+02
3.320000e-06	6.180979e-06	7.170806e-09	3.966475e+01	4.242193e+02
3.330000e-06	6.140814e-06	7.166403e-09	3.940700e+01	4.228986e+02
3.340000e-06	6.099991e-06	7.081765e-09	3.914503e+01	4.215393e+02
3.350000e-06	6.058465e-06	7.058549e-09	3.887854e+01	4.201395e+02
3.360000e-06	6.016299e-06	7.032512e-09	3.860796e+01	4.186985e+02
3.370000e-06	5.973448e-06	7.074952e-09	3.833297e+01	4.172166e+02
3.380000e-06	5.929982e-06	7.008442e-09	3.805404e+01	4.156948e+02
3.390000e-06	5.885973e-06	6.954720e-09	3.777162e+01	4.141349e+02
3.400000e-06	5.841369e-06	6.961029e-09	3.748539e+01	4.125386e+02
3.410000e-06	5.796090e-06	6.950651e-09	3.719482e+01	4.109079e+02
3.420000e-06	5.750013e-06	6.913711e-09	3.689914e+01	4.092440e+02
3.430000e-06	5.703125e-06	6.836440e-09	3.659825e+01	4.075477e+02
3.440000e-06	5.655681e-06	6.854593e-09	3.629379e+01	4.058190e+02
3.450000e-06	5.607538e-06	6.844205e-09	3.598485e+01	4.040574e+02
3.460000e-06	5.558507e-06	6.791151e-09	3.567021e+01	4.022617e+02
3.470000e-06	5.508711e-06	6.722602e-09	3.535065e+01	4.004305e+02
3.480000e-06	5.458233e-06	6.708899e-09	3.502672e+01	3.985623e+02
3.490000e-06	5.407127e-06	6.719185e-09	3.469876e+01	3.966559e+02
3.500000e-06	5.355311e-06	6.661665e-09	3.436624e+01	3.947103e+02
3.510000e-06	5.302675e-06	6.611181e-09	3.402847e+01	3.927251e+02
3.520000e-06	5.249147e-06	6.588230e-09	3.368497e+01	3.907005e+02
3.530000e-06	5.194751e-06	6.584833e-09	3.333589e+01	3.886368e+02
3.540000e-06	5.139617e-06	6.520919e-09	3.298209e+01	3.865350e+02
3.550000e-06	5.083900e-06	6.454280e-09	3.262454e+01	3.843959e+02
3.560000e-06	5.027673e-06	6.430737e-09	3.226372e+01	3.822203e+02
3.570000e-06	4.970846e-06	6.425731e-09	3.189905e+01	3.800085e+02
3.580000e-06	4.913433e-06	6.384730e-09	3.153061e+01	3.777607e+02
3.590000e-06	4.855504e-06	6.319752e-09	3.115887e+01	3.754763e+02
3.600000e-06	4.796964e-06	6.292748e-09	3.078321e+01	3.731545e+02
3.610000e-06	4.737790e-06	6.267933e-09	3.040347e+01	3.707942e+02
3.620000e-06	4.678103e-06	6.218536e-09	3.002045e+01	3.683941e+02
3.630000e-06	4.617938e-06	6.149066e-09	2.963436e+01	3.659530e+02
3.640000e-06	4.557195e-06	6.117947e-09	2.924455e+01	3.634703e+02
3.650000e-06	4.495888e-06	6.097666e-09	2.885113e+01	3.609456e+02
3.660000e-06	4.434025e-06	6.052574e-09	2.845414e+01	3.583791e+02
3.670000e-06	4.371488e-06	5.986380e-09	2.805283e+01	3.557717e+02
3.680000e-06	4.308278e-06	5.941542e-09	2.764720e+01	3.531248e+02
3.690000e-06	4.244533e-06	5.915589e-09	2.723813e+01	3.504399e+02
3.700000e-06	4.180400e-06	5.863067e-09	2.682657e+01	3.477187e+02
3.710000e-06	4.115871e-06	5.794313e-09	2.641248e+01	3.449626e+02
3.720000e-06	4.050928e-06	5.741495e-09	2.599572e+01	3.421724e+02
3.730000e-06	3.985554e-06	5.713718e-09	2.557621e+01	3.393485e+02
3.740000e-06	3.919699e-06	5.664526e-09	2.515360e+01	3.364903e+02
3.750000e-06	3.853416e-06	5.599512e-09	2.472824e+01	3.335967e+02
3.760000e-06	3.786681e-06	5.546899e-09	2.429999e+01	3.306658e+02
3.770000e-06	3.719436e-06	5.513467e-09	2.386847e+01	3.276953e+02
3.780000e-06	3.651730e-06	5.462502e-09	2.343398e+01	3.246828e+02
3.790000e-06	3.583689e-06	5.391476e-09	2.299735e+01	3.216261e+02
3.800000e-06	3.515259e-06	5.335416e-09	2.255822e+01	3.185232e+02
3.810000e-06	3.446435e-06	5.295374e-09	2.211655e+01	3.153730e+02
3.820000e-06	3.377194e-06	5.245577e-09	2.167222e+01	3.121748e+02
3.830000e-06	3.307386e-06	5.174522e-09	2.122425e+01	3.089288e+02
3.840000e-06	3.237065e-06	5.114826e-09	2.077298e+01	3.056354e+02
3.850000e-06	3.166248e-06	5.070305e-09	2.031853e+01	3.022956e+02
3.860000e-06	3.094967e-06	5.015586e-09	1.986111e+01	2.989104e+02
3.870000e-06	3.023359e-06	4.942334e-09	1.940158e+01	2.954805e+02
3.880000e-06	2.951422e-06	4.876785e-09	1.893995e+01	2.920058e+02
3.890000e-06	2.879182e-06	4.826771e-09	1.847637e+01	2.884860e+02
3.900000e-06	2.806661e-06	4.770082e-09	1.801098e+01	2.849195e+02
3.910000e-06	2.733767e-06	4.701221e-09	1.754320e+01	2.813045e+02
3.920000e-06	2.660609e-06	4.636691e-09	1.707373e+01	2.776385e+02
3.930000e-06	2.587263e-06	4.583749e-09	1.660305e+01	2.739186e+02
3.940000e-06	2.513548e-06	4.524532e-09	1.613001e+01	2.701423e+02
3.950000e-06	2.439453e-06	4.448163e-09	1.565452e+01	2.663077e+02
3.960000e-06	2.365112e-06	4.372212e-09	1.517746e+01	2.624136e+02
3.970000e-06	2.290518e-06	4.312249e-09	1.469877e+01	2.584599e+02
3.980000e-06	2.215568e-06	4.251091e-09	1.421781e+01	2.544477e+02
3.990000e-06	2.140353e-06	4.177273e-09	1.373513e+01	2.503791e+02
4.000000e-06	2.064895e-06	4.103428e-09	1.325090e+01	2.462571e+02
4.010000e-06	1.989130e-06	4.041793e-09	1.276470e+01	2.420849e+02
4.020000e-06	1.913115e-06	3.977827e-09	1.227689e+01	2.378659e+02
4.030000e-06	1.836870e-06	3.895997e-09	1.178761e+01	2.336027e+02
4.040000e-06	1.760413e-06	3.813952e-09	1.129697e+01	2.292971e+02
4.050000e-06	1.683682e-06	3.744316e-09	1.080457e+01	2.249493e+02
4.060000e-06	1.606661e-06	3.675098e-09	1.031031e+01	2.205582e+02
4.070000e-06	1.529409e-06	3.594748e-09	9.814565e+00	2.161209e+02
4.080000e-06	1.451937e-06	3.515856e-09	9.317412e+00	2.116335e+02
4.090000e-06	1.374304e-06	3.449410e-09	8.819224e+00	2.070910e+02
4.100000e-06	1.296525e-06	3.381171e-09	8.320098e+00	2.024882e+02
4.110000e-06	1.218475e-06	3.297167e-09	7.819234e+00	1.978201e+02
4.120000e-06	1.140139e-06	3.208563e-09	7.316532e+00	1.930825e+02
4.130000e-06	1.061619e-06	3.129270e-09	6.812649e+00	1.882729e+02
4.140000e-06	9.830006e-07	3.048859e-09	6.308138e+00	1.833902e+02
4.150000e-06	9.043216e-07	2.958518e-09	5.803237e+00	1.784353e+02
4.160000e-06	8.254821e-07	2.869037e-09	5.297306e+00	1.734109e+02
4.170000e-06	7.465210e-07	2.790724e-09	4.790595e+00	1.683212e+02
4.180000e-06	6.674735e-07	2.711889e-09	4.283329e+00	1.631712e+02
4.190000e-06	5.883181e-07	2.622713e-09	3.775371e+00	1.579662e+02
4.200000e-06	5.090833e-07	2.529949e-09	3.266903e+00	1.527111e+02
4.210000e-06	4.298302e-07	2.442541e-09	2.758318e+00	1.474098e+02
4.220000e-06	3.504770e-07	2.354065e-09	2.249091e+00	1.420644e+02
4.230000e-06	2.710616e-07	2.257346e-09	1.739464e+00	1.366751e+02
4.240000e-06	1.916725e-07	2.159788e-09	1.230006e+00	1.312403e+02
4.250000e-06	1.121923e-07	2.070956e-09	7.199636e-01	1.257563e+02
4.260000e-06	3.271973e-08	1.986657e-09	2.099699e-01	1.202182e+02
4.270000e-06	-4.670739e-08	1.892442e-09	-2.997319e-01	1.146201e+02
4.280000e-06	-1.261767e-07	1.791810e-09	-8.097046e-01	1.089562e+02
4.290000e-06	-2.056938e-07	1.697180e-09	-1.319984e+00	1.032215e+02
4.300000e-06	-2.852158e-07	1.603753e-09	-1.830295e+00	9.741208e+01
4.310000e-06	-3.646836e-07	1.501559e-09	-2.340258e+00	9.152642e+01
4.320000e-06	-4.440398e-07	1.393421e-09	-2.849505e+00	8.556523e+01
4.330000e-06	-5.232936e-07	1.290028e-09	-3.358094e+00	7.953176e+01
4.340000e-06	-6.024451e-07	1.193169e-09	-3.866027e+00	7.343173e+01
4.350000e-06	-6.815238e-07	1.090672e-09	-4.373493e+00	6.727292e+01
4.360000e-06	-7.605255e-07	9.841042e-10	-4.880465e+00	6.106468e+01
4.370000e-06	-8.394643e-07	8.816222e-10	-5.387033e+00	5.481733e+01
4.380000e-06	-9.182568e-07	7.801043e-10	-5.892663e+00	4.854142e+01
4.390000e-06	-9.968592e-07	6.719124e-10	-6.397072e+00	4.224717e+01
4.400000e-06	-1.075289e-06	5.601871e-10	-6.900374e+00	3.594393e+01
4.410000e-06	-1.153552e-06	4.539775e-10	-7.402606e+00	2.963978e+01
4.420000e-06	-1.231656e-06	3.510789e-10	-7.903817e+00	2.334138e+01
4.430000e-06	-1.309522e-06	2.448595e-10	-8.403502e+00	1.705393e+01
4.440000e-06	-1.387189e-06	1.356936e-10	-8.901907e+00	1.078134e+01
4.450000e-06	-1.464635e-06	3.129940e-11	-9.398897e+00	4.526423e+00
4.460000e-06	-1.541808e-06	-6.970607e-11	-9.894134e+00	-1.708750e+00
4.470000e-06	-1.618714e-06	-1.743442e-10	-1.038766e+01	-7.922575e+00
4.480000e-06	-1.695379e-06	-2.812855e-10	-1.087963e+01	-1.411365e+01
4.490000e-06	-1.771733e-06	-3.848408e-10	-1.136961e+01	-2.028060e+01
4.500000e-06	-1.847829e-06	-4.840990e-10	-1.185794e+01	-2.642201e+01
4.510000e-06	-1.923766e-06	-5.861459e-10	-1.234524e+01	-3.253646e+01
4.520000e-06	-1.999440e-06	-6.922728e-10	-1.283086e+01	-3.862262e+01
4.530000e-06	-2.074858e-06	-7.970813e-10	-1.331483e+01	-4.467938e+01
4.540000e-06	-2.149977e-06	-8.983624e-10	-1.379689e+01	-5.070609e+01
4.550000e-06	-2.224731e-06	-9.987925e-10	-1.427660e+01	-5.670258e+01
4.560000e-06	-2.299231e-06	-1.101343e-09	-1.475469e+01	-6.266928e+01
4.570000e-06	-2.373557e-06	-1.200418e-09	-1.523165e+01	-6.860713e+01
4.580000e-06	-2.447558e-06	-1.295477e-09	-1.570654e+01	-7.451750e+01
4.590000e-06	-2.521253e-06	-1.392582e-09	-1.617946e+01	-8.040189e+01
4.600000e-06	-2.594720e-06	-1.491251e-09	-1.665091e+01	-8.626169e+01
4.610000e-06	-2.667920e-06	-1.589627e-09	-1.712065e+01	-9.209788e+01
4.620000e-06	-2.740791e-06	-1.686327e-09	-1.758828e+01	-9.791075e+01
4.630000e-06	-2.813267e-06	-1.785294e-09	-1.805337e+01	-1.036997e+02
4.640000e-06	-2.885441e-06	-1.886101e-09	-1.851653e+01	-1.094631e+02
4.650000e-06	-2.957378e-06	-1.981706e-09	-1.897817e+01	-1.151985e+02
4.660000e-06	-3.029097e-06	-2.073639e-09	-1.943840e+01	-1.209026e+02
4.670000e-06	-3.100516e-06	-2.166110e-09	-1.989671e+01	-1.265714e+02
4.680000e-06	-3.171539e-06	-2.259666e-09	-2.035248e+01	-1.322011e+02
4.690000e-06	-3.242094e-06	-2.352761e-09	-2.080525e+01	-1.377878e+02
4.700000e-06	-3.312113e-06	-2.444684e-09	-2.125458e+01	-1.433283e+02
4.710000e-06	-3.381610e-06	-2.538261e-09	-2.170056e+01	-1.488201e+02
4.720000e-06	-3.450663e-06	-2.632705e-09	-2.214369e+01	-1.542621e+02
4.730000e-06	-3.519252e-06	-2.723993e-09	-2.258384e+01	-1.596538e+02
4.740000e-06	-3.587400e-06	-2.811716e-09	-2.302116e+01	-1.649959e+02
4.750000e-06	-3.655108e-06	-2.897593e-09	-2.345566e+01	-1.702900e+02
4.760000e-06	-3.722372e-06	-2.984395e-09	-2.388730e+01	-1.755379e+02
4.770000e-06	-3.789280e-06	-3.069069e-09	-2.431667e+01	-1.807416e+02
4.780000e-06	-3.855747e-06	-3.154161e-09	-2.474321e+01	-1.859027e+02
4.790000e-06	-3.921766e-06	-3.242361e-09	-2.516686e+01	-1.910221e+02
4.800000e-06	-3.987369e-06	-3.331936e-09	-2.558785e+01	-1.961003e+02
4.810000e-06	-4.052479e-06	-3.418527e-09	-2.600568e+01	-2.011363e+02
4.820000e-06	-4.117076e-06	-3.499346e-09	-2.642021e+01	-2.061288e+02
4.830000e-06	-4.181294e-06	-3.577434e-09	-2.683231e+01	-2.110755e+02
4.840000e-06	-4.245158e-06	-3.657580e-09	-2.724215e+01	-2.159737e+02
4.850000e-06	-4.308550e-06	-3.741185e-09	-2.764895e+01	-2.208209e+02
4.860000e-06	-4.371358e-06	-3.823417e-09	-2.805200e+01	-2.256146e+02
4.870000e-06	-4.433562e-06	-3.903515e-09	-2.845117e+01	-2.303533e+02
4.880000e-06	-4.495102e-06	-3.982759e-09	-2.884609e+01	-2.350360e+02
4.890000e-06	-4.555903e-06	-4.061012e-09	-2.923627e+01	-2.396629e+02
4.900000e-06	-4.616104e-06	-4.135026e-09	-2.962259e+01	-2.442351e+02
4.910000e-06	-4.675842e-06	-4.205588e-09	-3.000594e+01	-2.487543e+02
4.920000e-06	-4.735144e-06	-4.279713e-09	-3.038649e+01	-2.532230e+02
4.930000e-06	-4.793923e-06	-4.356841e-09	-3.076370e+01	-2.576439e+02
4.940000e-06	-4.852100e-06	-4.431857e-09	-3.113703e+01	-2.620193e+02
4.950000e-06	-4.909656e-06	-4.503777e-09	-3.150637e+01	-2.663514e+02
4.960000e-06	-4.966626e-06	-4.577015e-09	-3.187197e+01	-2.706415e+02
4.970000e-06	-5.023033e-06	-4.651884e-09	-3.223394e+01	-2.748902e+02
4.980000e-06	-5.078957e-06	-4.721273e-09	-3.259282e+01	-2.790970e+02
4.990000e-06	-5.134421e-06	-4.787660e-09	-3.294875e+01	-2.832608e+02
5.000000e-06	-5.189295e-06	-4.854666e-09	-3.330088e+01	-2.873799e+02
5.010000e-06	-5.243422e-06	-4.923512e-09	-3.364823e+01	-2.914522e+02
5.020000e-06	-5.296655e-06	-4.992090e-09	-3.398984e+01	-2.954755e+02
5.030000e-06	-5.349009e-06	-5.060022e-09	-3.432580e+01	-2.994479e+02
5.040000e-06	-5.400627e-06	-5.128725e-09	-3.465705e+01	-3.033678e+02
5.050000e-06	-5.451588e-06	-5.197079e-09	-3.498408e+01	-3.072340e+02
5.060000e-06	-5.501830e-06	-5.261756e-09	-3.530649e+01	-3.110460e+02
5.070000e-06	-5.551330e-06	-5.322253e-09	-3.562414e+01	-3.148039e+02
5.080000e-06	-5.600079e-06	-5.382283e-09	-3.593698e+01	-3.185078e+02
5.090000e-06	-5.647845e-06	-5.443463e-09	-3.624351e+01	-3.221581e+02
5.100000e-06	-5.694656e-06	-5.504331e-09	-3.654390e+01	-3.257550e+02
5.110000e-06	-5.740774e-06	-5.562992e-09	-3.683985e+01	-3.292988e+02
5.120000e-06	-5.786363e-06	-5.622796e-09	-3.713240e+01	-3.327888e+02
5.130000e-06	-5.831447e-06	-5.685477e-09	-3.742172e+01	-3.362245e+02
5.140000e-06	-5.875913e-06	-5.746766e-09	-3.770707e+01	-3.396046e+02
5.150000e-06	-5.919786e-06	-5.800580e-09	-3.798861e+01	-3.429278e+02
5.160000e-06	-5.963061e-06	-5.849212e-09	-3.826632e+01	-3.461925e+02
5.170000e-06	-6.005743e-06	-5.900320e-09	-3.854022e+01	-3.493976e+02
5.180000e-06	-6.047818e-06	-5.954323e-09	-3.881022e+01	-3.525422e+02
5.190000e-06	-6.089234e-06	-6.007030e-09	-3.907600e+01	-3.556260e+02
5.200000e-06	-6.129952e-06	-6.057834e-09	-3.933729e+01	-3.586494e+02
5.210000e-06	-6.169917e-06	-6.107751e-09	-3.959376e+01	-3.616136e+02
5.220000e-06	-6.209266e-06	-6.157885e-09	-3.984627e+01	-3.645200e+02
5.230000e-06	-6.247948e-06	-6.207394e-09	-4.009450e+01	-3.673708e+02
5.240000e-06	-6.285642e-06	-6.254443e-09	-4.033639e+01	-3.701678e+02
5.250000e-06	-6.322289e-06	-6.299555e-09	-4.057157e+01	-3.729131e+02
5.260000e-06	-6.358103e-06	-6.345557e-09	-4.080139e+01	-3.756079e+02
5.270000e-06	-6.393369e-06	-6.389040e-09	-4.102770e+01	-3.782529e+02
5.280000e-06	-6.428049e-06	-6.428655e-09	-4.125025e+01	-3.808481e+02
5.290000e-06	-6.461964e-06	-6.467621e-09	-4.146789e+01	-3.833923e+02
5.300000e-06	-6.495092e-06	-6.508708e-09	-4.168048e+01	-3.858840e+02
5.310000e-06	-6.527497e-06	-6.551605e-09	-4.188843e+01	-3.883210e+02
5.320000e-06	-6.559264e-06	-6.592793e-09	-4.209228e+01	-3.907009e+02
5.330000e-06	-6.590334e-06	-6.630682e-09	-4.229167e+01	-3.930216e+02
5.340000e-06	-6.620527e-06	-6.668782e-09	-4.248543e+01	-3.952811e+02
5.350000e-06	-6.649617e-06	-6.706394e-09	-4.267210e+01	-3.974784e+02
5.360000e-06	-6.677727e-06	-6.739985e-09	-4.285249e+01	-3.996133e+02
5.370000e-06	-6.705141e-06	-6.772618e-09	-4.302841e+01	-4.016864e+02
5.380000e-06	-6.731898e-06	-6.807948e-09	-4.320012e+01	-4.036991e+02
5.390000e-06	-6.757831e-06	-6.843723e-09	-4.336654e+01	-4.056534e+02
5.400000e-06	-6.782979e-06	-6.871979e-09	-4.352791e+01	-4.075516e+02
5.410000e-06	-6.807362e-06	-6.896771e-09	-4.368439e+01	-4.093961e+02
5.420000e-06	-6.831015e-06	-6.926208e-09	-4.383618e+01	-4.111886e+02
5.430000e-06	-6.853965e-06	-6.956758e-09	-4.398345e+01	-4.129308e+02
5.440000e-06	-6.875896e-06	-6.983972e-09	-4.412419e+01	-4.146231e+02
5.450000e-06	-6.896757e-06	-7.011676e-09	-4.425806e+01	-4.162654e+02
5.460000e-06	-6.916735e-06	-7.041476e-09	-4.438626e+01	-4.178572e+02
5.470000e-06	-6.936064e-06	-7.069168e-09	-4.451030e+01	-4.193973e+02
5.480000e-06	-6.954702e-06	-7.090644e-09	-4.462990e+01	-4.208846e+02
5.490000e-06	-6.972545e-06	-7.108806e-09	-4.474441e+01	-4.223180e+02
5.500000e-06	-6.989576e-06	-7.129864e-09	-4.485370e+01	-4.236975e+02
5.510000e-06	-7.005792e-06	-7.152674e-09	-4.495776e+01	-4.250234e+02
5.520000e-06	-7.021360e-06	-7.174518e-09	-4.505766e+01	-4.262971e+02
5.530000e-06	-7.036146e-06	-7.194436e-09	-4.515254e+01	-4.275210e+02
5.540000e-06	-7.049693e-06	-7.215504e-09	-4.523948e+01	-4.286980e+02
5.550000e-06	-7.062024e-06	-7.238523e-09	-4.531861e+01	-4.298313e+02
5.560000e-06	-7.073435e-06	-7.258323e-09	-4.539184e+01	-4.309243e+02
5.570000e-06	-7.083969e-06	-7.274672e-09	-4.545944e+01	-4.319793e+02
5.580000e-06	-7.093677e-06	-7.288680e-09	-4.552174e+01	-4.329981e+02
5.590000e-06	-7.102544e-06	-7.304214e-09	-4.557864e+01	-4.339809e+02
5.600000e-06	-7.110633e-06	-7.320784e-09	-4.563055e+01	-4.349264e+02
5.610000e-06	-7.118062e-06	-7.334826e-09	-4.567822e+01	-4.358319e+02
5.620000e-06	-7.124723e-06	-7.349108e-09	-4.572096e+01	-4.366933e+02
5.630000e-06	-7.130317e-06	-7.365853e-09	-4.575686e+01	-4.375061e+02
5.640000e-06	-7.134725e-06	-7.382153e-09	-4.578515e+01	-4.382652e+02
5.650000e-06	-7.138301e-06	-7.394515e-09	-4.580810e+01	-4.389662e+02
5.660000e-06	-7.141281e-06	-7.404385e-09	-4.582722e+01	-4.396058e+02
5.670000e-06	-7.143479e-06	-7.413993e-09	-4.584133e+01	-4.401824e+02
5.680000e-06	-7.144876e-06	-7.422052e-09	-4.585029e+01	-4.406967e+02
5.690000e-06	-7.145442e-06	-7.429849e-09	-4.585393e+01	-4.411514e+02
