# Temperatura_=_20.0
# Concentracion g/m^3_=_9000.0
# C_Vs_to_Am_M_A/Vsm_=_59384043850.047264
# pendiente_HvsI_1/m_=_3716.3
# ordenada_HvsI_A/m_=_1297.0
# frecuencia_Hz_=_175588.6582708523

Tiempo_(s)	Campo_(V.s)	Magnetizacion_(V.s)	Campo_(kA/m)	Magnetizacion_(A/m)
0.000000e+00	-7.115063e-06	-1.007464e-08	-4.581799e+01	-5.980709e+02
1.000000e-08	-7.114974e-06	-1.007391e-08	-4.581741e+01	-5.980702e+02
2.000000e-08	-7.114334e-06	-1.007211e-08	-4.581329e+01	-5.980302e+02
3.000000e-08	-7.112820e-06	-1.007141e-08	-4.580354e+01	-5.979545e+02
4.000000e-08	-7.110272e-06	-1.007070e-08	-4.578714e+01	-5.978473e+02
5.000000e-08	-7.106734e-06	-1.007004e-08	-4.576435e+01	-5.977132e+02
6.000000e-08	-7.102356e-06	-1.006992e-08	-4.573616e+01	-5.975566e+02
7.000000e-08	-7.097322e-06	-1.007469e-08	-4.570374e+01	-5.973813e+02
8.000000e-08	-7.091535e-06	-1.007401e-08	-4.566648e+01	-5.971902e+02
9.000000e-08	-7.084831e-06	-1.002000e-08	-4.562330e+01	-5.969852e+02
1.000000e-07	-7.077203e-06	-9.989836e-09	-4.557418e+01	-5.967674e+02
1.100000e-07	-7.068696e-06	-1.003851e-08	-4.551940e+01	-5.965367e+02
1.200000e-07	-7.059239e-06	-1.007862e-08	-4.545850e+01	-5.962923e+02
1.300000e-07	-7.048753e-06	-1.013808e-08	-4.539098e+01	-5.960329e+02
1.400000e-07	-7.037314e-06	-1.002225e-08	-4.531731e+01	-5.957572e+02
1.500000e-07	-7.025045e-06	-9.905298e-09	-4.523830e+01	-5.954634e+02
1.600000e-07	-7.011924e-06	-1.012907e-08	-4.515382e+01	-5.951501e+02
1.700000e-07	-6.998028e-06	-1.006511e-08	-4.506433e+01	-5.948160e+02
1.800000e-07	-6.983081e-06	-9.891610e-09	-4.496808e+01	-5.944599e+02
1.900000e-07	-6.966867e-06	-1.002634e-08	-4.486367e+01	-5.940807e+02
2.000000e-07	-6.949792e-06	-9.981728e-09	-4.475371e+01	-5.936773e+02
2.100000e-07	-6.932012e-06	-9.983555e-09	-4.463921e+01	-5.932485e+02
2.200000e-07	-6.913414e-06	-1.008648e-08	-4.451945e+01	-5.927925e+02
2.300000e-07	-6.894069e-06	-9.914887e-09	-4.439488e+01	-5.923076e+02
2.400000e-07	-6.874060e-06	-9.876605e-09	-4.426603e+01	-5.917915e+02
2.500000e-07	-6.853392e-06	-1.000111e-08	-4.413294e+01	-5.912419e+02
2.600000e-07	-6.831997e-06	-9.949315e-09	-4.399516e+01	-5.906562e+02
2.700000e-07	-6.809785e-06	-9.923488e-09	-4.385213e+01	-5.900320e+02
2.800000e-07	-6.786797e-06	-9.862996e-09	-4.370409e+01	-5.893674e+02
2.900000e-07	-6.763054e-06	-9.902789e-09	-4.355120e+01	-5.886609e+02
3.000000e-07	-6.738608e-06	-9.981280e-09	-4.339377e+01	-5.879115e+02
3.100000e-07	-6.713359e-06	-9.840778e-09	-4.323118e+01	-5.871189e+02
3.200000e-07	-6.687005e-06	-9.786621e-09	-4.306148e+01	-5.862836e+02
3.300000e-07	-6.659573e-06	-9.862627e-09	-4.288483e+01	-5.854065e+02
3.400000e-07	-6.631345e-06	-9.867599e-09	-4.270305e+01	-5.844885e+02
3.500000e-07	-6.602427e-06	-9.784010e-09	-4.251683e+01	-5.835309e+02
3.600000e-07	-6.572813e-06	-9.755383e-09	-4.232612e+01	-5.825346e+02
3.700000e-07	-6.542437e-06	-9.788951e-09	-4.213052e+01	-5.815000e+02
3.800000e-07	-6.511251e-06	-9.762150e-09	-4.192969e+01	-5.804271e+02
3.900000e-07	-6.479346e-06	-9.729672e-09	-4.172424e+01	-5.793150e+02
4.000000e-07	-6.446854e-06	-9.707406e-09	-4.151500e+01	-5.781626e+02
4.100000e-07	-6.413650e-06	-9.679106e-09	-4.130118e+01	-5.769682e+02
4.200000e-07	-6.379419e-06	-9.702634e-09	-4.108075e+01	-5.757298e+02
4.300000e-07	-6.344174e-06	-9.665628e-09	-4.085379e+01	-5.744458e+02
4.400000e-07	-6.308104e-06	-9.622865e-09	-4.062151e+01	-5.731149e+02
4.500000e-07	-6.271298e-06	-9.610084e-09	-4.038450e+01	-5.717363e+02
4.600000e-07	-6.233762e-06	-9.589595e-09	-4.014278e+01	-5.703101e+02
4.700000e-07	-6.195439e-06	-9.563460e-09	-3.989600e+01	-5.688373e+02
4.800000e-07	-6.156426e-06	-9.524351e-09	-3.964477e+01	-5.673197e+02
4.900000e-07	-6.116888e-06	-9.512627e-09	-3.939016e+01	-5.657594e+02
5.000000e-07	-6.076786e-06	-9.491883e-09	-3.913192e+01	-5.641593e+02
5.100000e-07	-6.035942e-06	-9.463576e-09	-3.886890e+01	-5.625220e+02
5.200000e-07	-5.994236e-06	-9.425280e-09	-3.860034e+01	-5.608499e+02
5.300000e-07	-5.951636e-06	-9.394811e-09	-3.832601e+01	-5.591447e+02
5.400000e-07	-5.908140e-06	-9.377824e-09	-3.804592e+01	-5.574075e+02
5.500000e-07	-5.863891e-06	-9.343899e-09	-3.776097e+01	-5.556383e+02
5.600000e-07	-5.818996e-06	-9.315195e-09	-3.747187e+01	-5.538365e+02
5.700000e-07	-5.773409e-06	-9.291793e-09	-3.717830e+01	-5.520007e+02
5.800000e-07	-5.727158e-06	-9.260614e-09	-3.688047e+01	-5.501289e+02
5.900000e-07	-5.680260e-06	-9.220096e-09	-3.657846e+01	-5.482191e+02
6.000000e-07	-5.632706e-06	-9.180638e-09	-3.627223e+01	-5.462693e+02
6.100000e-07	-5.584596e-06	-9.153747e-09	-3.596243e+01	-5.442781e+02
6.200000e-07	-5.535766e-06	-9.123193e-09	-3.564799e+01	-5.422445e+02
6.300000e-07	-5.485977e-06	-9.091902e-09	-3.532737e+01	-5.401682e+02
6.400000e-07	-5.435283e-06	-9.058727e-09	-3.500091e+01	-5.380493e+02
6.500000e-07	-5.383781e-06	-9.028885e-09	-3.466926e+01	-5.358887e+02
6.600000e-07	-5.331489e-06	-8.988670e-09	-3.433252e+01	-5.336870e+02
6.700000e-07	-5.278388e-06	-8.940557e-09	-3.399058e+01	-5.314449e+02
6.800000e-07	-5.224595e-06	-8.899652e-09	-3.364418e+01	-5.291624e+02
6.900000e-07	-5.170264e-06	-8.864567e-09	-3.329430e+01	-5.268390e+02
7.000000e-07	-5.115319e-06	-8.827603e-09	-3.294049e+01	-5.244729e+02
7.100000e-07	-5.059793e-06	-8.786340e-09	-3.258292e+01	-5.220618e+02
7.200000e-07	-5.003791e-06	-8.749258e-09	-3.222229e+01	-5.196022e+02
7.300000e-07	-4.947261e-06	-8.709116e-09	-3.185826e+01	-5.170902e+02
7.400000e-07	-4.890067e-06	-8.662002e-09	-3.148996e+01	-5.145216e+02
7.500000e-07	-4.832117e-06	-8.612414e-09	-3.111678e+01	-5.118923e+02
7.600000e-07	-4.773481e-06	-8.567476e-09	-3.073919e+01	-5.091988e+02
7.700000e-07	-4.714229e-06	-8.526039e-09	-3.035764e+01	-5.064385e+02
7.800000e-07	-4.654379e-06	-8.480914e-09	-2.997222e+01	-5.036099e+02
7.900000e-07	-4.593967e-06	-8.430825e-09	-2.958320e+01	-5.007127e+02
8.000000e-07	-4.533013e-06	-8.381452e-09	-2.919068e+01	-4.977478e+02
8.100000e-07	-4.471529e-06	-8.330872e-09	-2.879475e+01	-4.947169e+02
8.200000e-07	-4.409617e-06	-8.276126e-09	-2.839606e+01	-4.916221e+02
8.300000e-07	-4.347224e-06	-8.218300e-09	-2.799428e+01	-4.884658e+02
8.400000e-07	-4.284337e-06	-8.166342e-09	-2.758931e+01	-4.852499e+02
8.500000e-07	-4.220981e-06	-8.118096e-09	-2.718133e+01	-4.819754e+02
8.600000e-07	-4.157114e-06	-8.063465e-09	-2.677005e+01	-4.786423e+02
8.700000e-07	-4.092778e-06	-8.003532e-09	-2.635575e+01	-4.752489e+02
8.800000e-07	-4.028019e-06	-7.948230e-09	-2.593873e+01	-4.717926e+02
8.900000e-07	-3.962796e-06	-7.894043e-09	-2.551872e+01	-4.682693e+02
9.000000e-07	-3.897038e-06	-7.833828e-09	-2.509527e+01	-4.646743e+02
9.100000e-07	-3.830804e-06	-7.767644e-09	-2.466875e+01	-4.610023e+02
9.200000e-07	-3.764114e-06	-7.703475e-09	-2.423929e+01	-4.572479e+02
9.300000e-07	-3.696924e-06	-7.643048e-09	-2.380662e+01	-4.534064e+02
9.400000e-07	-3.629243e-06	-7.578681e-09	-2.337079e+01	-4.494737e+02
9.500000e-07	-3.561085e-06	-7.509148e-09	-2.293187e+01	-4.454468e+02
9.600000e-07	-3.492518e-06	-7.440538e-09	-2.249033e+01	-4.413238e+02
9.700000e-07	-3.423556e-06	-7.374768e-09	-2.204624e+01	-4.371037e+02
9.800000e-07	-3.354229e-06	-7.304185e-09	-2.159981e+01	-4.327862e+02
9.900000e-07	-3.284524e-06	-7.227412e-09	-2.115094e+01	-4.283714e+02
1.000000e-06	-3.214445e-06	-7.150640e-09	-2.069966e+01	-4.238594e+02
1.010000e-06	-3.144044e-06	-7.075057e-09	-2.024631e+01	-4.192497e+02
1.020000e-06	-3.073302e-06	-6.996134e-09	-1.979076e+01	-4.145412e+02
1.030000e-06	-3.002180e-06	-6.913797e-09	-1.933276e+01	-4.097318e+02
1.040000e-06	-2.930694e-06	-6.833137e-09	-1.887243e+01	-4.048182e+02
1.050000e-06	-2.858921e-06	-6.751377e-09	-1.841024e+01	-3.997964e+02
1.060000e-06	-2.786845e-06	-6.662588e-09	-1.794610e+01	-3.946615e+02
1.070000e-06	-2.714350e-06	-6.571984e-09	-1.747926e+01	-3.894082e+02
1.080000e-06	-2.641421e-06	-6.481669e-09	-1.700963e+01	-3.840312e+02
1.090000e-06	-2.568220e-06	-6.390942e-09	-1.653825e+01	-3.785253e+02
1.100000e-06	-2.494663e-06	-6.297258e-09	-1.606457e+01	-3.728859e+02
1.110000e-06	-2.420708e-06	-6.199486e-09	-1.558833e+01	-3.671087e+02
1.120000e-06	-2.346450e-06	-6.100749e-09	-1.511014e+01	-3.611900e+02
1.130000e-06	-2.271889e-06	-5.998544e-09	-1.463000e+01	-3.551262e+02
1.140000e-06	-2.197043e-06	-5.890329e-09	-1.414802e+01	-3.489139e+02
1.150000e-06	-2.121882e-06	-5.777356e-09	-1.366402e+01	-3.425489e+02
1.160000e-06	-2.046404e-06	-5.666401e-09	-1.317797e+01	-3.360264e+02
1.170000e-06	-1.970650e-06	-5.559123e-09	-1.269015e+01	-3.293402e+02
1.180000e-06	-1.894573e-06	-5.448431e-09	-1.220025e+01	-3.224826e+02
1.190000e-06	-1.818247e-06	-5.332435e-09	-1.170874e+01	-3.154448e+02
1.200000e-06	-1.741708e-06	-5.211856e-09	-1.121586e+01	-3.082163e+02
1.210000e-06	-1.664904e-06	-5.086719e-09	-1.072128e+01	-3.007857e+02
1.220000e-06	-1.587850e-06	-4.952796e-09	-1.022508e+01	-2.931407e+02
1.230000e-06	-1.510626e-06	-4.814766e-09	-9.727793e+00	-2.852692e+02
1.240000e-06	-1.433322e-06	-4.675942e-09	-9.229988e+00	-2.771591e+02
1.250000e-06	-1.355841e-06	-4.538500e-09	-8.731041e+00	-2.687988e+02
1.260000e-06	-1.278168e-06	-4.401002e-09	-8.230858e+00	-2.601778e+02
1.270000e-06	-1.200311e-06	-4.255680e-09	-7.729491e+00	-2.512860e+02
1.280000e-06	-1.122305e-06	-4.101259e-09	-7.227168e+00	-2.421140e+02
1.290000e-06	-1.044204e-06	-3.942021e-09	-6.724227e+00	-2.326523e+02
1.300000e-06	-9.659467e-07	-3.776428e-09	-6.220287e+00	-2.228907e+02
1.310000e-06	-8.874935e-07	-3.600556e-09	-5.715081e+00	-2.128180e+02
1.320000e-06	-8.088890e-07	-3.420936e-09	-5.208902e+00	-2.024211e+02
1.330000e-06	-7.302112e-07	-3.242373e-09	-4.702250e+00	-1.916848e+02
1.340000e-06	-6.513988e-07	-3.059801e-09	-4.194731e+00	-1.805919e+02
1.350000e-06	-5.724932e-07	-2.865632e-09	-3.686613e+00	-1.691235e+02
1.360000e-06	-4.936103e-07	-2.662343e-09	-3.178641e+00	-1.572603e+02
1.370000e-06	-4.146127e-07	-2.454724e-09	-2.669930e+00	-1.449831e+02
1.380000e-06	-3.355051e-07	-2.239802e-09	-2.160510e+00	-1.322755e+02
1.390000e-06	-2.564245e-07	-2.015546e-09	-1.651265e+00	-1.191252e+02
1.400000e-06	-1.772237e-07	-1.785427e-09	-1.141245e+00	-1.055263e+02
1.410000e-06	-9.795116e-08	-1.550591e-09	-6.307639e-01	-9.148123e+01
1.420000e-06	-1.878421e-08	-1.307545e-09	-1.209624e-01	-7.700215e+01
1.430000e-06	6.039050e-08	-1.054650e-09	3.888892e-01	-6.211242e+01
1.440000e-06	1.395893e-07	-7.931197e-10	8.988958e-01	-4.684680e+01
1.450000e-06	2.187821e-07	-5.276897e-10	1.408864e+00	-3.125134e+01
1.460000e-06	2.979564e-07	-2.589592e-10	1.918713e+00	-1.538229e+01
1.470000e-06	3.770591e-07	1.627903e-11	2.428101e+00	6.955416e-01
1.480000e-06	4.561509e-07	2.918493e-10	2.937418e+00	1.691105e+01
1.490000e-06	5.352428e-07	5.646670e-10	3.446737e+00	3.318950e+01
1.500000e-06	6.142439e-07	8.364193e-10	3.955470e+00	4.945541e+01
1.510000e-06	6.931071e-07	1.109838e-09	4.463315e+00	6.563526e+01
1.520000e-06	7.719349e-07	1.380998e-09	4.970933e+00	8.166011e+01
1.530000e-06	8.506776e-07	1.645965e-09	5.478003e+00	9.746765e+01
1.540000e-06	9.292290e-07	1.907700e-09	5.983841e+00	1.130037e+02
1.550000e-06	1.007584e-06	2.167627e-09	6.488411e+00	1.282230e+02
1.560000e-06	1.085707e-06	2.421320e-09	6.991491e+00	1.430898e+02
1.570000e-06	1.163699e-06	2.664345e-09	7.493727e+00	1.575767e+02
1.580000e-06	1.241568e-06	2.899286e-09	7.995173e+00	1.716647e+02
1.590000e-06	1.319224e-06	3.128417e-09	8.495241e+00	1.853413e+02
1.600000e-06	1.396732e-06	3.352006e-09	8.994362e+00	1.985997e+02
1.610000e-06	1.474111e-06	3.568953e-09	9.492647e+00	2.114370e+02
1.620000e-06	1.551272e-06	3.777450e-09	9.989531e+00	2.238535e+02
1.630000e-06	1.628224e-06	3.978110e-09	1.048507e+01	2.358512e+02
1.640000e-06	1.704983e-06	4.174858e-09	1.097936e+01	2.474338e+02
1.650000e-06	1.781507e-06	4.364794e-09	1.147215e+01	2.586059e+02
1.660000e-06	1.857811e-06	4.544257e-09	1.196352e+01	2.693731e+02
1.670000e-06	1.933848e-06	4.714827e-09	1.245316e+01	2.797422e+02
1.680000e-06	2.009613e-06	4.880620e-09	1.294105e+01	2.897213e+02
1.690000e-06	2.085027e-06	5.042848e-09	1.342669e+01	2.993201e+02
1.700000e-06	2.160029e-06	5.196502e-09	1.390967e+01	3.085500e+02
1.710000e-06	2.234734e-06	5.344128e-09	1.439074e+01	3.174242e+02
1.720000e-06	2.309137e-06	5.487398e-09	1.486986e+01	3.259575e+02
1.730000e-06	2.383185e-06	5.625646e-09	1.534670e+01	3.341657e+02
1.740000e-06	2.456969e-06	5.756505e-09	1.582183e+01	3.420653e+02
1.750000e-06	2.530493e-06	5.880914e-09	1.629530e+01	3.496731e+02
1.760000e-06	2.603616e-06	6.005093e-09	1.676618e+01	3.570049e+02
1.770000e-06	2.676397e-06	6.126481e-09	1.723486e+01	3.640760e+02
1.780000e-06	2.748914e-06	6.241174e-09	1.770184e+01	3.708999e+02
1.790000e-06	2.821014e-06	6.349992e-09	1.816613e+01	3.774886e+02
1.800000e-06	2.892697e-06	6.456705e-09	1.862774e+01	3.838527e+02
1.810000e-06	2.964078e-06	6.559782e-09	1.908741e+01	3.900013e+02
1.820000e-06	3.035181e-06	6.654756e-09	1.954528e+01	3.959424e+02
1.830000e-06	3.105989e-06	6.746415e-09	2.000125e+01	4.016837e+02
1.840000e-06	3.176458e-06	6.840853e-09	2.045504e+01	4.072326e+02
1.850000e-06	3.246512e-06	6.933718e-09	2.090616e+01	4.125971e+02
1.860000e-06	3.316133e-06	7.020348e-09	2.135449e+01	4.177855e+02
1.870000e-06	3.385421e-06	7.103852e-09	2.180067e+01	4.228071e+02
1.880000e-06	3.454432e-06	7.187733e-09	2.224508e+01	4.276716e+02
1.890000e-06	3.523122e-06	7.268370e-09	2.268741e+01	4.323892e+02
1.900000e-06	3.591352e-06	7.342063e-09	2.312679e+01	4.369701e+02
1.910000e-06	3.659161e-06	7.412930e-09	2.356344e+01	4.414239e+02
1.920000e-06	3.726471e-06	7.485750e-09	2.399689e+01	4.457594e+02
1.930000e-06	3.793212e-06	7.560119e-09	2.442668e+01	4.499840e+02
1.940000e-06	3.859501e-06	7.631325e-09	2.485355e+01	4.541037e+02
1.950000e-06	3.925325e-06	7.699900e-09	2.527743e+01	4.581225e+02
1.960000e-06	3.990617e-06	7.767974e-09	2.569788e+01	4.620432e+02
1.970000e-06	4.055335e-06	7.834137e-09	2.611464e+01	4.658673e+02
1.980000e-06	4.119495e-06	7.895973e-09	2.652780e+01	4.695955e+02
1.990000e-06	4.183158e-06	7.953219e-09	2.693776e+01	4.732282e+02
2.000000e-06	4.246415e-06	8.011339e-09	2.734511e+01	4.767660e+02
2.010000e-06	4.309294e-06	8.072334e-09	2.775003e+01	4.802102e+02
2.020000e-06	4.371689e-06	8.132340e-09	2.815182e+01	4.835631e+02
2.030000e-06	4.433517e-06	8.188577e-09	2.854997e+01	4.868281e+02
2.040000e-06	4.494905e-06	8.243088e-09	2.894528e+01	4.900097e+02
2.050000e-06	4.555925e-06	8.297280e-09	2.933823e+01	4.931133e+02
2.060000e-06	4.616491e-06	8.350056e-09	2.972824e+01	4.961447e+02
2.070000e-06	4.676546e-06	8.399732e-09	3.011497e+01	4.991097e+02
2.080000e-06	4.735964e-06	8.447868e-09	3.049760e+01	5.020137e+02
2.090000e-06	4.794706e-06	8.496935e-09	3.087587e+01	5.048613e+02
2.100000e-06	4.852769e-06	8.544909e-09	3.124977e+01	5.076556e+02
2.110000e-06	4.910101e-06	8.590842e-09	3.161897e+01	5.103987e+02
2.120000e-06	4.966832e-06	8.637156e-09	3.198429e+01	5.130911e+02
2.130000e-06	5.023041e-06	8.682825e-09	3.234625e+01	5.157325e+02
2.140000e-06	5.078669e-06	8.726817e-09	3.270447e+01	5.183214e+02
2.150000e-06	5.133724e-06	8.771553e-09	3.305900e+01	5.208562e+02
2.160000e-06	5.188205e-06	8.815578e-09	3.340984e+01	5.233353e+02
2.170000e-06	5.242078e-06	8.857708e-09	3.375676e+01	5.257577e+02
2.180000e-06	5.295399e-06	8.898401e-09	3.410012e+01	5.281230e+02
2.190000e-06	5.347981e-06	8.936780e-09	3.443873e+01	5.304319e+02
2.200000e-06	5.399722e-06	8.973007e-09	3.477191e+01	5.326860e+02
2.210000e-06	5.450639e-06	9.009475e-09	3.509980e+01	5.348874e+02
2.220000e-06	5.500662e-06	9.046888e-09	3.542193e+01	5.370389e+02
2.230000e-06	5.549842e-06	9.084296e-09	3.573863e+01	5.391435e+02
2.240000e-06	5.598268e-06	9.119794e-09	3.605047e+01	5.412036e+02
2.250000e-06	5.646064e-06	9.153821e-09	3.635825e+01	5.432211e+02
2.260000e-06	5.693213e-06	9.190128e-09	3.666187e+01	5.451971e+02
2.270000e-06	5.739675e-06	9.224389e-09	3.696107e+01	5.471316e+02
2.280000e-06	5.785439e-06	9.254631e-09	3.725577e+01	5.490239e+02
2.290000e-06	5.830559e-06	9.285916e-09	3.754632e+01	5.508724e+02
2.300000e-06	5.875104e-06	9.318119e-09	3.783318e+01	5.526754e+02
2.310000e-06	5.919055e-06	9.348911e-09	3.811620e+01	5.544313e+02
2.320000e-06	5.962285e-06	9.375815e-09	3.839459e+01	5.561389e+02
2.330000e-06	6.004640e-06	9.400377e-09	3.866733e+01	5.577979e+02
2.340000e-06	6.046094e-06	9.426978e-09	3.893428e+01	5.594092e+02
2.350000e-06	6.086710e-06	9.454765e-09	3.919583e+01	5.609746e+02
2.360000e-06	6.126660e-06	9.481483e-09	3.945309e+01	5.624972e+02
2.370000e-06	6.166003e-06	9.507083e-09	3.970644e+01	5.639807e+02
2.380000e-06	6.204695e-06	9.532468e-09	3.995560e+01	5.654292e+02
2.390000e-06	6.242666e-06	9.557330e-09	4.020012e+01	5.668465e+02
2.400000e-06	6.279865e-06	9.578846e-09	4.043967e+01	5.682359e+02
2.410000e-06	6.316429e-06	9.598305e-09	4.067512e+01	5.695996e+02
2.420000e-06	6.352409e-06	9.618597e-09	4.090681e+01	5.709382e+02
2.430000e-06	6.387644e-06	9.641612e-09	4.113372e+01	5.722512e+02
2.440000e-06	6.421919e-06	9.665016e-09	4.135443e+01	5.735365e+02
2.450000e-06	6.455246e-06	9.686345e-09	4.156905e+01	5.747908e+02
2.460000e-06	6.487773e-06	9.708421e-09	4.177850e+01	5.760104e+02
2.470000e-06	6.519588e-06	9.730950e-09	4.198338e+01	5.771912e+02
2.480000e-06	6.550699e-06	9.749549e-09	4.218372e+01	5.783299e+02
2.490000e-06	6.581063e-06	9.763695e-09	4.237925e+01	5.794238e+02
2.500000e-06	6.610647e-06	9.777757e-09	4.256976e+01	5.804720e+02
2.510000e-06	6.639509e-06	9.794325e-09	4.275562e+01	5.814748e+02
2.520000e-06	6.667811e-06	9.812668e-09	4.293787e+01	5.824343e+02
2.530000e-06	6.695433e-06	9.830955e-09	4.311575e+01	5.833541e+02
2.540000e-06	6.722006e-06	9.846716e-09	4.328687e+01	5.842386e+02
2.550000e-06	6.747491e-06	9.860233e-09	4.345098e+01	5.850927e+02
2.560000e-06	6.772139e-06	9.874098e-09	4.360970e+01	5.859212e+02
2.570000e-06	6.795994e-06	9.887094e-09	4.376331e+01	5.867282e+02
2.580000e-06	6.819092e-06	9.898447e-09	4.391206e+01	5.875164e+02
2.590000e-06	6.841423e-06	9.909253e-09	4.405586e+01	5.882873e+02
2.600000e-06	6.862982e-06	9.921443e-09	4.419469e+01	5.890406e+02
2.610000e-06	6.883871e-06	9.934613e-09	4.432921e+01	5.897744e+02
2.620000e-06	6.904136e-06	9.947173e-09	4.445971e+01	5.904859e+02
2.630000e-06	6.923727e-06	9.958570e-09	4.458586e+01	5.911712e+02
2.640000e-06	6.942438e-06	9.970065e-09	4.470635e+01	5.918265e+02
2.650000e-06	6.960175e-06	9.980101e-09	4.482057e+01	5.924483e+02
2.660000e-06	6.977125e-06	9.987177e-09	4.492972e+01	5.930342e+02
2.670000e-06	6.993248e-06	9.994622e-09	4.503355e+01	5.935829e+02
2.680000e-06	7.008335e-06	1.000170e-08	4.513070e+01	5.940946e+02
2.690000e-06	7.022433e-06	1.001013e-08	4.522149e+01	5.945711e+02
2.700000e-06	7.035707e-06	1.001950e-08	4.530696e+01	5.950153e+02
2.710000e-06	7.048164e-06	1.002781e-08	4.538718e+01	5.954310e+02
2.720000e-06	7.059705e-06	1.003413e-08	4.546150e+01	5.958221e+02
2.730000e-06	7.070072e-06	1.003939e-08	4.552826e+01	5.961924e+02
2.740000e-06	7.079220e-06	1.004313e-08	4.558717e+01	5.965448e+02
2.750000e-06	7.087546e-06	1.004504e-08	4.564079e+01	5.968809e+02
2.760000e-06	7.095178e-06	1.004866e-08	4.568994e+01	5.972011e+02
2.770000e-06	7.102044e-06	1.005449e-08	4.573415e+01	5.975037e+02
2.780000e-06	7.108049e-06	1.006231e-08	4.577282e+01	5.977860e+02
2.790000e-06	7.113186e-06	1.006966e-08	4.580590e+01	5.980442e+02
2.800000e-06	7.117657e-06	1.007382e-08	4.583469e+01	5.982736e+02
2.810000e-06	7.121482e-06	1.007632e-08	4.585932e+01	5.984697e+02
2.820000e-06	7.124261e-06	1.007755e-08	4.587722e+01	5.986283e+02
2.830000e-06	7.125873e-06	1.007580e-08	4.588759e+01	5.987464e+02
2.840000e-06	7.126625e-06	1.007232e-08	4.589244e+01	5.988221e+02
2.850000e-06	7.126650e-06	1.007319e-08	4.589260e+01	5.988552e+02
2.860000e-06	7.125925e-06	1.008067e-08	4.588793e+01	5.988470e+02
2.870000e-06	7.124451e-06	1.008364e-08	4.587844e+01	5.988000e+02
2.880000e-06	7.122157e-06	1.008117e-08	4.586367e+01	5.987181e+02
2.890000e-06	7.119155e-06	1.008039e-08	4.584434e+01	5.986056e+02
2.900000e-06	7.115601e-06	1.007862e-08	4.582145e+01	5.984670e+02
2.910000e-06	7.111322e-06	1.006442e-08	4.579390e+01	5.983066e+02
2.920000e-06	7.106034e-06	1.004215e-08	4.575984e+01	5.981282e+02
2.930000e-06	7.099713e-06	1.009997e-08	4.571914e+01	5.979344e+02
2.940000e-06	7.092514e-06	1.016258e-08	4.567278e+01	5.977270e+02
2.950000e-06	7.084371e-06	1.009498e-08	4.562035e+01	5.975069e+02
2.960000e-06	7.075104e-06	1.001450e-08	4.556067e+01	5.972737e+02
2.970000e-06	7.064757e-06	9.911561e-09	4.549403e+01	5.970266e+02
2.980000e-06	7.053824e-06	1.006369e-08	4.542363e+01	5.967644e+02
2.990000e-06	7.042463e-06	1.017219e-08	4.535047e+01	5.964854e+02
3.000000e-06	7.030102e-06	9.872489e-09	4.527087e+01	5.961881e+02
3.010000e-06	7.016495e-06	1.001708e-08	4.518325e+01	5.958710e+02
3.020000e-06	7.001976e-06	1.018303e-08	4.508975e+01	5.955329e+02
3.030000e-06	6.986603e-06	9.952600e-09	4.499075e+01	5.951726e+02
3.040000e-06	6.970304e-06	1.008482e-08	4.488580e+01	5.947891e+02
3.050000e-06	6.953290e-06	1.007449e-08	4.477623e+01	5.943811e+02
3.060000e-06	6.935549e-06	9.840119e-09	4.466199e+01	5.939473e+02
3.070000e-06	6.917007e-06	1.009098e-08	4.454259e+01	5.934861e+02
3.080000e-06	6.897775e-06	1.008687e-08	4.441874e+01	5.929956e+02
3.090000e-06	6.877848e-06	9.867786e-09	4.429042e+01	5.924735e+02
3.100000e-06	6.857172e-06	9.989510e-09	4.415728e+01	5.919173e+02
3.110000e-06	6.835457e-06	9.935562e-09	4.401744e+01	5.913246e+02
3.120000e-06	6.812647e-06	9.995980e-09	4.387055e+01	5.906930e+02
3.130000e-06	6.789095e-06	9.957470e-09	4.371889e+01	5.900207e+02
3.140000e-06	6.764807e-06	9.792797e-09	4.356249e+01	5.893062e+02
3.150000e-06	6.739607e-06	1.004842e-08	4.340021e+01	5.885487e+02
3.160000e-06	6.713571e-06	1.000254e-08	4.323255e+01	5.877482e+02
3.170000e-06	6.686787e-06	9.822968e-09	4.306007e+01	5.869050e+02
3.180000e-06	6.659378e-06	9.879899e-09	4.288357e+01	5.860202e+02
3.190000e-06	6.631183e-06	9.876259e-09	4.270200e+01	5.850947e+02
3.200000e-06	6.601807e-06	9.923114e-09	4.251283e+01	5.841299e+02
3.210000e-06	6.571440e-06	9.791420e-09	4.231728e+01	5.831264e+02
3.220000e-06	6.540315e-06	9.776122e-09	4.211685e+01	5.820847e+02
3.230000e-06	6.508412e-06	9.867113e-09	4.191141e+01	5.810045e+02
3.240000e-06	6.475695e-06	9.764029e-09	4.170073e+01	5.798851e+02
3.250000e-06	6.442268e-06	9.779840e-09	4.148547e+01	5.787250e+02
3.260000e-06	6.408207e-06	9.705966e-09	4.126613e+01	5.775225e+02
3.270000e-06	6.373457e-06	9.733256e-09	4.104236e+01	5.762757e+02
3.280000e-06	6.338069e-06	9.747710e-09	4.081447e+01	5.749830e+02
3.290000e-06	6.302003e-06	9.634857e-09	4.058222e+01	5.736432e+02
3.300000e-06	6.265110e-06	9.667325e-09	4.034465e+01	5.722557e+02
3.310000e-06	6.227272e-06	9.621685e-09	4.010099e+01	5.708207e+02
3.320000e-06	6.188474e-06	9.627535e-09	3.985115e+01	5.693394e+02
3.330000e-06	6.148909e-06	9.576031e-09	3.959636e+01	5.678137e+02
3.340000e-06	6.108720e-06	9.522821e-09	3.933756e+01	5.662458e+02
3.350000e-06	6.067836e-06	9.547109e-09	3.907429e+01	5.646386e+02
3.360000e-06	6.026246e-06	9.494716e-09	3.880647e+01	5.629946e+02
3.370000e-06	5.984016e-06	9.479913e-09	3.853452e+01	5.613162e+02
3.380000e-06	5.941166e-06	9.417615e-09	3.825858e+01	5.596050e+02
3.390000e-06	5.897759e-06	9.417741e-09	3.797907e+01	5.578618e+02
3.400000e-06	5.853808e-06	9.395433e-09	3.769604e+01	5.560867e+02
3.410000e-06	5.809116e-06	9.326967e-09	3.740824e+01	5.542787e+02
3.420000e-06	5.763665e-06	9.308106e-09	3.711556e+01	5.524363e+02
3.430000e-06	5.717572e-06	9.271667e-09	3.681874e+01	5.505576e+02
3.440000e-06	5.670843e-06	9.265000e-09	3.651782e+01	5.486404e+02
3.450000e-06	5.623398e-06	9.208893e-09	3.621230e+01	5.466830e+02
3.460000e-06	5.575151e-06	9.179642e-09	3.590161e+01	5.446840e+02
3.470000e-06	5.526154e-06	9.158184e-09	3.558609e+01	5.426424e+02
3.480000e-06	5.476486e-06	9.115835e-09	3.526624e+01	5.405581e+02
3.490000e-06	5.426104e-06	9.073459e-09	3.494181e+01	5.384315e+02
3.500000e-06	5.374926e-06	9.023363e-09	3.461224e+01	5.362631e+02
3.510000e-06	5.323014e-06	9.005242e-09	3.427795e+01	5.340538e+02
3.520000e-06	5.270299e-06	8.962491e-09	3.393849e+01	5.318042e+02
3.530000e-06	5.216741e-06	8.920330e-09	3.359360e+01	5.295142e+02
3.540000e-06	5.162420e-06	8.879323e-09	3.324379e+01	5.271829e+02
3.550000e-06	5.107342e-06	8.847439e-09	3.288912e+01	5.248087e+02
3.560000e-06	5.051621e-06	8.807238e-09	3.253029e+01	5.223888e+02
3.570000e-06	4.995396e-06	8.755024e-09	3.216823e+01	5.199197e+02
3.580000e-06	4.938664e-06	8.712303e-09	3.180290e+01	5.173975e+02
3.590000e-06	4.881311e-06	8.673528e-09	3.143357e+01	5.148178e+02
3.600000e-06	4.823360e-06	8.633433e-09	3.106039e+01	5.121768e+02
3.610000e-06	4.764906e-06	8.578256e-09	3.068397e+01	5.094709e+02
3.620000e-06	4.705875e-06	8.533386e-09	3.030384e+01	5.066980e+02
3.630000e-06	4.646313e-06	8.490690e-09	2.992028e+01	5.038566e+02
3.640000e-06	4.586257e-06	8.446747e-09	2.953355e+01	5.009466e+02
3.650000e-06	4.525616e-06	8.391018e-09	2.914304e+01	4.979692e+02
3.660000e-06	4.464365e-06	8.337954e-09	2.874861e+01	4.949262e+02
3.670000e-06	4.402510e-06	8.289036e-09	2.835030e+01	4.918198e+02
3.680000e-06	4.340071e-06	8.233671e-09	2.794821e+01	4.886522e+02
3.690000e-06	4.277050e-06	8.172193e-09	2.754238e+01	4.854254e+02
3.700000e-06	4.213453e-06	8.111471e-09	2.713285e+01	4.821399e+02
3.710000e-06	4.149393e-06	8.060474e-09	2.672033e+01	4.787957e+02
3.720000e-06	4.084927e-06	8.005464e-09	2.630520e+01	4.753908e+02
3.730000e-06	4.019963e-06	7.946257e-09	2.588686e+01	4.719223e+02
3.740000e-06	3.954524e-06	7.882247e-09	2.546546e+01	4.683860e+02
3.750000e-06	3.888683e-06	7.824159e-09	2.504147e+01	4.647770e+02
3.760000e-06	3.822416e-06	7.762009e-09	2.461473e+01	4.610900e+02
3.770000e-06	3.755716e-06	7.693508e-09	2.418522e+01	4.573197e+02
3.780000e-06	3.688668e-06	7.625540e-09	2.375346e+01	4.534614e+02
3.790000e-06	3.621200e-06	7.561302e-09	2.331899e+01	4.495113e+02
3.800000e-06	3.553192e-06	7.496041e-09	2.288105e+01	4.454665e+02
3.810000e-06	3.484737e-06	7.422162e-09	2.244023e+01	4.413254e+02
3.820000e-06	3.415901e-06	7.347199e-09	2.199695e+01	4.370870e+02
3.830000e-06	3.346634e-06	7.274644e-09	2.155090e+01	4.327513e+02
3.840000e-06	3.276913e-06	7.202684e-09	2.110193e+01	4.283184e+02
3.850000e-06	3.206682e-06	7.124581e-09	2.064967e+01	4.237881e+02
3.860000e-06	3.136023e-06	7.043162e-09	2.019466e+01	4.191601e+02
3.870000e-06	3.064978e-06	6.962599e-09	1.973716e+01	4.144329e+02
3.880000e-06	2.993521e-06	6.881197e-09	1.927700e+01	4.096043e+02
3.890000e-06	2.921733e-06	6.796425e-09	1.881472e+01	4.046708e+02
3.900000e-06	2.849667e-06	6.711973e-09	1.835065e+01	3.996282e+02
3.910000e-06	2.777310e-06	6.628472e-09	1.788470e+01	3.944715e+02
3.920000e-06	2.704648e-06	6.541672e-09	1.741678e+01	3.891955e+02
3.930000e-06	2.631679e-06	6.449178e-09	1.694689e+01	3.837948e+02
3.940000e-06	2.558398e-06	6.353297e-09	1.647500e+01	3.782642e+02
3.950000e-06	2.484828e-06	6.258279e-09	1.600124e+01	3.725993e+02
3.960000e-06	2.410969e-06	6.162636e-09	1.552562e+01	3.667959e+02
3.970000e-06	2.336802e-06	6.062466e-09	1.504801e+01	3.608503e+02
3.980000e-06	2.262310e-06	5.959346e-09	1.456831e+01	3.547590e+02
3.990000e-06	2.187520e-06	5.857126e-09	1.408670e+01	3.485185e+02
4.000000e-06	2.112466e-06	5.752212e-09	1.360339e+01	3.421244e+02
4.010000e-06	2.037193e-06	5.640083e-09	1.311866e+01	3.355717e+02
4.020000e-06	1.961599e-06	5.523430e-09	1.263187e+01	3.288540e+02
4.030000e-06	1.885675e-06	5.405682e-09	1.214295e+01	3.219635e+02
4.040000e-06	1.809543e-06	5.285525e-09	1.165269e+01	3.148908e+02
4.050000e-06	1.733188e-06	5.162407e-09	1.116099e+01	3.076253e+02
4.060000e-06	1.656610e-06	5.036667e-09	1.066787e+01	3.001555e+02
4.070000e-06	1.579792e-06	4.910861e-09	1.017319e+01	2.924690e+02
4.080000e-06	1.502732e-06	4.781151e-09	9.676958e+00	2.845537e+02
4.090000e-06	1.425474e-06	4.643146e-09	9.179445e+00	2.763976e+02
4.100000e-06	1.348041e-06	4.498670e-09	8.680812e+00	2.679892e+02
4.110000e-06	1.270477e-06	4.351409e-09	8.181334e+00	2.593182e+02
4.120000e-06	1.192727e-06	4.200095e-09	7.680653e+00	2.503747e+02
4.130000e-06	1.114859e-06	4.041731e-09	7.179218e+00	2.411491e+02
4.140000e-06	1.036905e-06	3.881588e-09	6.677228e+00	2.316320e+02
4.150000e-06	9.587052e-07	3.719560e-09	6.173654e+00	2.218131e+02
4.160000e-06	8.803430e-07	3.549996e-09	5.669036e+00	2.116807e+02
4.170000e-06	8.018955e-07	3.372588e-09	5.163867e+00	2.012214e+02
4.180000e-06	7.233284e-07	3.189982e-09	4.657928e+00	1.904196e+02
4.190000e-06	6.446091e-07	3.003823e-09	4.151009e+00	1.792578e+02
4.200000e-06	5.658137e-07	2.809969e-09	3.643600e+00	1.677170e+02
4.210000e-06	4.870200e-07	2.606484e-09	3.136202e+00	1.557775e+02
4.220000e-06	4.080727e-07	2.399642e-09	2.627815e+00	1.434209e+02
4.230000e-06	3.290356e-07	2.190772e-09	2.118850e+00	1.306311e+02
4.240000e-06	2.499757e-07	1.972972e-09	1.609737e+00	1.173970e+02
4.250000e-06	1.708710e-07	1.742179e-09	1.100337e+00	1.037140e+02
4.260000e-06	9.172956e-08	1.503457e-09	5.906994e-01	8.958631e+01
4.270000e-06	1.250252e-08	1.261198e-09	8.051090e-02	7.502816e+01
4.280000e-06	-6.665256e-08	1.010398e-09	-4.292142e-01	6.006499e+01
4.290000e-06	-1.457314e-07	7.500729e-10	-9.384485e-01	4.473374e+01
4.300000e-06	-2.248150e-07	4.872377e-10	-1.447713e+00	2.908245e+01
4.310000e-06	-3.038521e-07	2.248502e-10	-1.956678e+00	1.316914e+01
4.320000e-06	-3.829334e-07	-4.440840e-11	-2.465928e+00	-2.940025e+00
4.330000e-06	-4.620421e-07	-3.217206e-10	-2.975355e+00	-1.917304e+01
4.340000e-06	-5.410905e-07	-5.980944e-10	-3.484393e+00	-3.545483e+01
4.350000e-06	-6.199986e-07	-8.679289e-10	-3.992528e+00	-5.171005e+01
4.360000e-06	-6.987364e-07	-1.134362e-09	-4.499566e+00	-6.786588e+01
4.370000e-06	-7.773571e-07	-1.402244e-09	-5.005850e+00	-8.385446e+01
4.380000e-06	-8.558536e-07	-1.667434e-09	-5.511334e+00	-9.961491e+01
4.390000e-06	-9.341818e-07	-1.927347e-09	-6.015734e+00	-1.150947e+02
4.400000e-06	-1.012361e-06	-2.183473e-09	-6.519174e+00	-1.302504e+02
4.410000e-06	-1.090340e-06	-2.435402e-09	-7.021327e+00	-1.450476e+02
4.420000e-06	-1.168093e-06	-2.678980e-09	-7.522021e+00	-1.594610e+02
4.430000e-06	-1.245652e-06	-2.912399e-09	-8.021472e+00	-1.734725e+02
4.440000e-06	-1.323051e-06	-3.140892e-09	-8.519886e+00	-1.870711e+02
4.450000e-06	-1.400309e-06	-3.363867e-09	-9.017396e+00	-2.002506e+02
4.460000e-06	-1.477334e-06	-3.578948e-09	-9.513401e+00	-2.130089e+02
4.470000e-06	-1.554095e-06	-3.785608e-09	-1.000771e+01	-2.253465e+02
4.480000e-06	-1.630696e-06	-3.986135e-09	-1.050099e+01	-2.372661e+02
4.490000e-06	-1.707187e-06	-4.181453e-09	-1.099356e+01	-2.487713e+02
4.500000e-06	-1.783464e-06	-4.370104e-09	-1.148475e+01	-2.598670e+02
4.510000e-06	-1.859387e-06	-4.551169e-09	-1.197367e+01	-2.705590e+02
4.520000e-06	-1.934917e-06	-4.724682e-09	-1.246004e+01	-2.808542e+02
4.530000e-06	-2.010108e-06	-4.894390e-09	-1.294424e+01	-2.907611e+02
4.540000e-06	-2.085027e-06	-5.057556e-09	-1.342669e+01	-3.002898e+02
4.550000e-06	-2.159717e-06	-5.211084e-09	-1.390766e+01	-3.094519e+02
4.560000e-06	-2.234152e-06	-5.356122e-09	-1.438699e+01	-3.182610e+02
4.570000e-06	-2.308358e-06	-5.497516e-09	-1.486485e+01	-3.267321e+02
4.580000e-06	-2.382326e-06	-5.638309e-09	-1.534117e+01	-3.348811e+02
4.590000e-06	-2.456003e-06	-5.774748e-09	-1.581562e+01	-3.427247e+02
4.600000e-06	-2.529346e-06	-5.902997e-09	-1.628792e+01	-3.502795e+02
4.610000e-06	-2.602400e-06	-6.028082e-09	-1.675835e+01	-3.575613e+02
4.620000e-06	-2.675178e-06	-6.149865e-09	-1.722701e+01	-3.645850e+02
4.630000e-06	-2.747655e-06	-6.263836e-09	-1.769374e+01	-3.713638e+02
4.640000e-06	-2.819922e-06	-6.368886e-09	-1.815910e+01	-3.779097e+02
4.650000e-06	-2.891976e-06	-6.473478e-09	-1.862310e+01	-3.842327e+02
4.660000e-06	-2.963732e-06	-6.582448e-09	-1.908518e+01	-3.903417e+02
4.670000e-06	-3.035082e-06	-6.685792e-09	-1.954464e+01	-3.962447e+02
4.680000e-06	-3.106009e-06	-6.780199e-09	-2.000138e+01	-4.019493e+02
4.690000e-06	-3.176528e-06	-6.872278e-09	-2.045549e+01	-4.074630e+02
4.700000e-06	-3.246601e-06	-6.964637e-09	-2.090673e+01	-4.127937e+02
4.710000e-06	-3.316233e-06	-7.053709e-09	-2.135513e+01	-4.179501e+02
4.720000e-06	-3.385417e-06	-7.137847e-09	-2.180065e+01	-4.229414e+02
4.730000e-06	-3.454150e-06	-7.218375e-09	-2.224326e+01	-4.277776e+02
4.740000e-06	-3.522448e-06	-7.298438e-09	-2.268307e+01	-4.324688e+02
4.750000e-06	-3.590303e-06	-7.374977e-09	-2.312002e+01	-4.370251e+02
4.760000e-06	-3.657696e-06	-7.446282e-09	-2.355401e+01	-4.414560e+02
4.770000e-06	-3.724642e-06	-7.516359e-09	-2.398511e+01	-4.457702e+02
4.780000e-06	-3.791180e-06	-7.589512e-09	-2.441359e+01	-4.499747e+02
4.790000e-06	-3.857355e-06	-7.662088e-09	-2.483973e+01	-4.540751e+02
4.800000e-06	-3.923084e-06	-7.731195e-09	-2.526300e+01	-4.580753e+02
4.810000e-06	-3.988270e-06	-7.798577e-09	-2.568277e+01	-4.619778e+02
4.820000e-06	-4.052987e-06	-7.862810e-09	-2.609952e+01	-4.657839e+02
4.830000e-06	-4.117339e-06	-7.921982e-09	-2.651392e+01	-4.694941e+02
4.840000e-06	-4.181262e-06	-7.975911e-09	-2.692555e+01	-4.731089e+02
4.850000e-06	-4.244724e-06	-8.030269e-09	-2.733422e+01	-4.766289e+02
4.860000e-06	-4.307713e-06	-8.088719e-09	-2.773984e+01	-4.800557e+02
4.870000e-06	-4.370136e-06	-8.147937e-09	-2.814182e+01	-4.833918e+02
4.880000e-06	-4.431972e-06	-8.203883e-09	-2.854002e+01	-4.866408e+02
4.890000e-06	-4.493105e-06	-8.257082e-09	-2.893369e+01	-4.898073e+02
4.900000e-06	-4.553613e-06	-8.310054e-09	-2.932334e+01	-4.928968e+02
4.910000e-06	-4.613570e-06	-8.361659e-09	-2.970943e+01	-4.959153e+02
4.920000e-06	-4.672990e-06	-8.408180e-09	-3.009207e+01	-4.988685e+02
4.930000e-06	-4.731933e-06	-8.450339e-09	-3.047164e+01	-5.017615e+02
4.940000e-06	-4.790348e-06	-8.495075e-09	-3.084781e+01	-5.045988e+02
4.950000e-06	-4.848189e-06	-8.543710e-09	-3.122028e+01	-5.073834e+02
4.960000e-06	-4.905442e-06	-8.592189e-09	-3.158897e+01	-5.101170e+02
4.970000e-06	-4.962147e-06	-8.637387e-09	-3.195412e+01	-5.127998e+02
4.980000e-06	-5.018319e-06	-8.681431e-09	-3.231584e+01	-5.154314e+02
4.990000e-06	-5.073930e-06	-8.726892e-09	-3.267396e+01	-5.180102e+02
5.000000e-06	-5.128947e-06	-8.769253e-09	-3.302824e+01	-5.205347e+02
5.010000e-06	-5.183292e-06	-8.806011e-09	-3.337820e+01	-5.230032e+02
5.020000e-06	-5.236831e-06	-8.842179e-09	-3.372297e+01	-5.254149e+02
5.030000e-06	-5.289574e-06	-8.880616e-09	-3.406261e+01	-5.277695e+02
5.040000e-06	-5.341596e-06	-8.918609e-09	-3.439761e+01	-5.300679e+02
5.050000e-06	-5.392835e-06	-8.954797e-09	-3.472757e+01	-5.323118e+02
5.060000e-06	-5.443331e-06	-8.991718e-09	-3.505274e+01	-5.345036e+02
5.070000e-06	-5.493210e-06	-9.032631e-09	-3.537394e+01	-5.366461e+02
5.080000e-06	-5.542222e-06	-9.072199e-09	-3.568956e+01	-5.387421e+02
5.090000e-06	-5.590309e-06	-9.105247e-09	-3.599922e+01	-5.407941e+02
5.100000e-06	-5.637651e-06	-9.134002e-09	-3.630408e+01	-5.428038e+02
5.110000e-06	-5.684190e-06	-9.163822e-09	-3.660377e+01	-5.447719e+02
5.120000e-06	-5.730058e-06	-9.194657e-09	-3.689914e+01	-5.466986e+02
5.130000e-06	-5.775439e-06	-9.223107e-09	-3.719138e+01	-5.485827e+02
5.140000e-06	-5.820202e-06	-9.253516e-09	-3.747963e+01	-5.504228e+02
5.150000e-06	-5.864319e-06	-9.289160e-09	-3.776372e+01	-5.522171e+02
5.160000e-06	-5.907871e-06	-9.325364e-09	-3.804418e+01	-5.539639e+02
5.170000e-06	-5.950827e-06	-9.354721e-09	-3.832080e+01	-5.556623e+02
5.180000e-06	-5.993211e-06	-9.377514e-09	-3.859373e+01	-5.573122e+02
5.190000e-06	-6.034924e-06	-9.399875e-09	-3.886235e+01	-5.589147e+02
5.200000e-06	-6.075909e-06	-9.423151e-09	-3.912628e+01	-5.604718e+02
5.210000e-06	-6.116224e-06	-9.447229e-09	-3.938589e+01	-5.619867e+02
5.220000e-06	-6.155889e-06	-9.473656e-09	-3.964131e+01	-5.634633e+02
5.230000e-06	-6.194916e-06	-9.502308e-09	-3.989263e+01	-5.649056e+02
5.240000e-06	-6.233131e-06	-9.530441e-09	-4.013872e+01	-5.663174e+02
5.250000e-06	-6.270366e-06	-9.554918e-09	-4.037850e+01	-5.677018e+02
5.260000e-06	-6.306716e-06	-9.577137e-09	-4.061258e+01	-5.690607e+02
5.270000e-06	-6.342325e-06	-9.598561e-09	-4.084188e+01	-5.703947e+02
5.280000e-06	-6.377280e-06	-9.620037e-09	-4.106698e+01	-5.717026e+02
5.290000e-06	-6.411580e-06	-9.641547e-09	-4.128785e+01	-5.729823e+02
5.300000e-06	-6.445189e-06	-9.660814e-09	-4.150428e+01	-5.742304e+02
5.310000e-06	-6.478030e-06	-9.680836e-09	-4.171577e+01	-5.754429e+02
5.320000e-06	-6.510103e-06	-9.701265e-09	-4.192230e+01	-5.766161e+02
5.330000e-06	-6.541516e-06	-9.720247e-09	-4.212458e+01	-5.777464e+02
5.340000e-06	-6.572229e-06	-9.737326e-09	-4.232237e+01	-5.788318e+02
5.350000e-06	-6.601939e-06	-9.754323e-09	-4.251368e+01	-5.798713e+02
5.360000e-06	-6.630546e-06	-9.773105e-09	-4.269790e+01	-5.808657e+02
5.370000e-06	-6.658318e-06	-9.792038e-09	-4.287674e+01	-5.818175e+02
5.380000e-06	-6.685406e-06	-9.806624e-09	-4.305118e+01	-5.827303e+02
5.390000e-06	-6.711820e-06	-9.817682e-09	-4.322127e+01	-5.836086e+02
5.400000e-06	-6.737472e-06	-9.832380e-09	-4.338646e+01	-5.844575e+02
5.410000e-06	-6.762315e-06	-9.849767e-09	-4.354644e+01	-5.852817e+02
5.420000e-06	-6.786405e-06	-9.864393e-09	-4.370157e+01	-5.860849e+02
5.430000e-06	-6.809855e-06	-9.877213e-09	-4.385257e+01	-5.868698e+02
5.440000e-06	-6.832541e-06	-9.891586e-09	-4.399866e+01	-5.876374e+02
5.450000e-06	-6.854057e-06	-9.905948e-09	-4.413722e+01	-5.883872e+02
5.460000e-06	-6.874436e-06	-9.916962e-09	-4.426845e+01	-5.891171e+02
5.470000e-06	-6.894066e-06	-9.926391e-09	-4.439486e+01	-5.898238e+02
5.480000e-06	-6.913073e-06	-9.937413e-09	-4.451725e+01	-5.905038e+02
5.490000e-06	-6.931348e-06	-9.950002e-09	-4.463494e+01	-5.911530e+02
5.500000e-06	-6.948804e-06	-9.961412e-09	-4.474735e+01	-5.917682e+02
5.510000e-06	-6.965465e-06	-9.970733e-09	-4.485464e+01	-5.923471e+02
5.520000e-06	-6.981421e-06	-9.982000e-09	-4.495738e+01	-5.928888e+02
5.530000e-06	-6.996635e-06	-9.993696e-09	-4.505536e+01	-5.933937e+02
5.540000e-06	-7.010865e-06	-1.000049e-08	-4.514700e+01	-5.938639e+02
5.550000e-06	-7.023916e-06	-1.000496e-08	-4.523104e+01	-5.943024e+02
5.560000e-06	-7.035900e-06	-1.001225e-08	-4.530821e+01	-5.947130e+02
5.570000e-06	-7.046949e-06	-1.002200e-08	-4.537936e+01	-5.950999e+02
5.580000e-06	-7.057156e-06	-1.003066e-08	-4.544509e+01	-5.954666e+02
5.590000e-06	-7.066561e-06	-1.003760e-08	-4.550565e+01	-5.958159e+02
5.600000e-06	-7.075136e-06	-1.004322e-08	-4.556087e+01	-5.961490e+02
5.610000e-06	-7.083006e-06	-1.004876e-08	-4.561155e+01	-5.964660e+02
5.620000e-06	-7.090161e-06	-1.005380e-08	-4.565762e+01	-5.967650e+02
5.630000e-06	-7.096366e-06	-1.005787e-08	-4.569759e+01	-5.970431e+02
5.640000e-06	-7.101470e-06	-1.006187e-08	-4.573045e+01	-5.972961e+02
5.650000e-06	-7.105616e-06	-1.006602e-08	-4.575715e+01	-5.975196e+02
5.660000e-06	-7.109056e-06	-1.007122e-08	-4.577930e+01	-5.977089e+02
5.670000e-06	-7.111736e-06	-1.007341e-08	-4.579656e+01	-5.978601e+02
5.680000e-06	-7.113601e-06	-1.007227e-08	-4.580857e+01	-5.979703e+02
5.690000e-06	-7.114672e-06	-1.007297e-08	-4.581547e+01	-5.980380e+02
