# Temperatura_=_20.0
# Concentracion g/m^3_=_9000.0
# C_Vs_to_Am_M_A/Vsm_=_59384043850.047264
# pendiente_HvsI_1/m_=_3716.3
# ordenada_HvsI_A/m_=_1297.0
# frecuencia_Hz_=_175589.05165981906

Tiempo_(s)	Campo_(V.s)	Magnetizacion_(V.s)	Campo_(kA/m)	Magnetizacion_(A/m)
0.000000e+00	-7.132711e-06	-1.003611e-08	-4.581829e+01	-5.958874e+02
1.000000e-08	-7.132143e-06	-1.003635e-08	-4.581463e+01	-5.958693e+02
2.000000e-08	-7.130785e-06	-1.003533e-08	-4.580591e+01	-5.958163e+02
3.000000e-08	-7.128418e-06	-1.002991e-08	-4.579071e+01	-5.957303e+02
4.000000e-08	-7.125041e-06	-1.002795e-08	-4.576901e+01	-5.956142e+02
5.000000e-08	-7.120779e-06	-1.002701e-08	-4.574164e+01	-5.954717e+02
6.000000e-08	-7.115855e-06	-1.002676e-08	-4.571001e+01	-5.953064e+02
7.000000e-08	-7.110235e-06	-1.001414e-08	-4.567391e+01	-5.951214e+02
8.000000e-08	-7.103738e-06	-9.980407e-09	-4.563217e+01	-5.949188e+02
9.000000e-08	-7.096355e-06	-9.993677e-09	-4.558474e+01	-5.946996e+02
1.000000e-07	-7.088097e-06	-1.002401e-08	-4.553170e+01	-5.944631e+02
1.100000e-07	-7.078852e-06	-1.003310e-08	-4.547231e+01	-5.942069e+02
1.200000e-07	-7.068455e-06	-1.003489e-08	-4.540553e+01	-5.939279e+02
1.300000e-07	-7.057068e-06	-9.928132e-09	-4.533238e+01	-5.936218e+02
1.400000e-07	-7.044901e-06	-9.970984e-09	-4.525422e+01	-5.932845e+02
1.500000e-07	-7.031913e-06	-1.008515e-08	-4.517079e+01	-5.929121e+02
1.600000e-07	-7.018031e-06	-9.931341e-09	-4.508162e+01	-5.925018e+02
1.700000e-07	-7.003172e-06	-9.933263e-09	-4.498617e+01	-5.920524e+02
1.800000e-07	-6.987254e-06	-1.001389e-08	-4.488391e+01	-5.915645e+02
1.900000e-07	-6.970269e-06	-9.930271e-09	-4.477481e+01	-5.910402e+02
2.000000e-07	-6.952498e-06	-9.983235e-09	-4.466065e+01	-5.904836e+02
2.100000e-07	-6.934088e-06	-9.988537e-09	-4.454239e+01	-5.898995e+02
2.200000e-07	-6.914872e-06	-9.864855e-09	-4.441896e+01	-5.892934e+02
2.300000e-07	-6.894951e-06	-9.928293e-09	-4.429099e+01	-5.886704e+02
2.400000e-07	-6.874364e-06	-9.946649e-09	-4.415875e+01	-5.880348e+02
2.500000e-07	-6.852953e-06	-9.876661e-09	-4.402121e+01	-5.873893e+02
2.600000e-07	-6.830746e-06	-9.868627e-09	-4.387855e+01	-5.867344e+02
2.700000e-07	-6.807761e-06	-9.852588e-09	-4.373091e+01	-5.860684e+02
2.800000e-07	-6.784114e-06	-9.918957e-09	-4.357901e+01	-5.853878e+02
2.900000e-07	-6.759856e-06	-9.879894e-09	-4.342318e+01	-5.846867e+02
3.000000e-07	-6.734653e-06	-9.791847e-09	-4.326128e+01	-5.839583e+02
3.100000e-07	-6.708410e-06	-9.830062e-09	-4.309271e+01	-5.831952e+02
3.200000e-07	-6.681230e-06	-9.844226e-09	-4.291811e+01	-5.823901e+02
3.300000e-07	-6.653199e-06	-9.784165e-09	-4.273805e+01	-5.815367e+02
3.400000e-07	-6.624424e-06	-9.740085e-09	-4.255321e+01	-5.806302e+02
3.500000e-07	-6.594831e-06	-9.762116e-09	-4.236312e+01	-5.796679e+02
3.600000e-07	-6.564469e-06	-9.769460e-09	-4.216808e+01	-5.786491e+02
3.700000e-07	-6.533332e-06	-9.718224e-09	-4.196807e+01	-5.775754e+02
3.800000e-07	-6.501453e-06	-9.700400e-09	-4.176328e+01	-5.764498e+02
3.900000e-07	-6.469045e-06	-9.688180e-09	-4.155510e+01	-5.752769e+02
4.000000e-07	-6.435964e-06	-9.671493e-09	-4.134260e+01	-5.740616e+02
4.100000e-07	-6.401900e-06	-9.645800e-09	-4.112378e+01	-5.728088e+02
4.200000e-07	-6.366761e-06	-9.600423e-09	-4.089806e+01	-5.715226e+02
4.300000e-07	-6.330777e-06	-9.606690e-09	-4.066691e+01	-5.702061e+02
4.400000e-07	-6.294111e-06	-9.595402e-09	-4.043138e+01	-5.688605e+02
4.500000e-07	-6.256684e-06	-9.559729e-09	-4.019097e+01	-5.674857e+02
4.600000e-07	-6.218509e-06	-9.522676e-09	-3.994574e+01	-5.660799e+02
4.700000e-07	-6.179681e-06	-9.508891e-09	-3.969632e+01	-5.646403e+02
4.800000e-07	-6.140200e-06	-9.495854e-09	-3.944271e+01	-5.631633e+02
4.900000e-07	-6.100068e-06	-9.454436e-09	-3.918491e+01	-5.616451e+02
5.000000e-07	-6.059279e-06	-9.425362e-09	-3.892290e+01	-5.600822e+02
5.100000e-07	-6.017702e-06	-9.408871e-09	-3.865582e+01	-5.584722e+02
5.200000e-07	-5.975119e-06	-9.391493e-09	-3.838228e+01	-5.568134e+02
5.300000e-07	-5.931579e-06	-9.349910e-09	-3.810259e+01	-5.551054e+02
5.400000e-07	-5.887410e-06	-9.306220e-09	-3.781887e+01	-5.533492e+02
5.500000e-07	-5.842631e-06	-9.288425e-09	-3.753122e+01	-5.515467e+02
5.600000e-07	-5.797104e-06	-9.269499e-09	-3.723876e+01	-5.497003e+02
5.700000e-07	-5.750919e-06	-9.232478e-09	-3.694209e+01	-5.478129e+02
5.800000e-07	-5.704136e-06	-9.187442e-09	-3.664157e+01	-5.458869e+02
5.900000e-07	-5.656676e-06	-9.161902e-09	-3.633670e+01	-5.439247e+02
6.000000e-07	-5.608578e-06	-9.137637e-09	-3.602774e+01	-5.419273e+02
6.100000e-07	-5.559776e-06	-9.091771e-09	-3.571425e+01	-5.398951e+02
6.200000e-07	-5.510118e-06	-9.050324e-09	-3.539526e+01	-5.378275e+02
6.300000e-07	-5.459468e-06	-9.026734e-09	-3.506990e+01	-5.357229e+02
6.400000e-07	-5.407897e-06	-9.003549e-09	-3.473862e+01	-5.335792e+02
6.500000e-07	-5.355597e-06	-8.953683e-09	-3.440266e+01	-5.313939e+02
6.600000e-07	-5.302552e-06	-8.903690e-09	-3.406192e+01	-5.291646e+02
6.700000e-07	-5.248834e-06	-8.875363e-09	-3.371685e+01	-5.268887e+02
6.800000e-07	-5.194584e-06	-8.846299e-09	-3.336837e+01	-5.245646e+02
6.900000e-07	-5.139763e-06	-8.797154e-09	-3.301622e+01	-5.221908e+02
7.000000e-07	-5.084288e-06	-8.747991e-09	-3.265986e+01	-5.197663e+02
7.100000e-07	-5.028203e-06	-8.717333e-09	-3.229959e+01	-5.172908e+02
7.200000e-07	-4.971585e-06	-8.682812e-09	-3.193589e+01	-5.147639e+02
7.300000e-07	-4.914406e-06	-8.627114e-09	-3.156859e+01	-5.121855e+02
7.400000e-07	-4.856501e-06	-8.571740e-09	-3.119663e+01	-5.095551e+02
7.500000e-07	-4.797799e-06	-8.535123e-09	-3.081955e+01	-5.068720e+02
7.600000e-07	-4.738420e-06	-8.500960e-09	-3.043811e+01	-5.041350e+02
7.700000e-07	-4.678453e-06	-8.451723e-09	-3.005291e+01	-5.013424e+02
7.800000e-07	-4.617989e-06	-8.396058e-09	-2.966451e+01	-4.984923e+02
7.900000e-07	-4.557001e-06	-8.351625e-09	-2.927273e+01	-4.955824e+02
8.000000e-07	-4.495497e-06	-8.309155e-09	-2.887765e+01	-4.926104e+02
8.100000e-07	-4.433520e-06	-8.251420e-09	-2.847954e+01	-4.895742e+02
8.200000e-07	-4.371018e-06	-8.186438e-09	-2.807804e+01	-4.864723e+02
8.300000e-07	-4.308008e-06	-8.133867e-09	-2.767328e+01	-4.833034e+02
8.400000e-07	-4.244558e-06	-8.089947e-09	-2.726570e+01	-4.800667e+02
8.500000e-07	-4.180664e-06	-8.036548e-09	-2.685527e+01	-4.767620e+02
8.600000e-07	-4.116286e-06	-7.976495e-09	-2.644172e+01	-4.733894e+02
8.700000e-07	-4.051468e-06	-7.923032e-09	-2.602536e+01	-4.699490e+02
8.800000e-07	-3.986145e-06	-7.874634e-09	-2.560574e+01	-4.664407e+02
8.900000e-07	-3.920271e-06	-7.815709e-09	-2.518258e+01	-4.628640e+02
9.000000e-07	-3.853903e-06	-7.743844e-09	-2.475626e+01	-4.592176e+02
9.100000e-07	-3.786993e-06	-7.675782e-09	-2.432645e+01	-4.554994e+02
9.200000e-07	-3.719554e-06	-7.616034e-09	-2.389324e+01	-4.517064e+02
9.300000e-07	-3.651661e-06	-7.552618e-09	-2.345712e+01	-4.478348e+02
9.400000e-07	-3.583436e-06	-7.481068e-09	-2.301886e+01	-4.438801e+02
9.500000e-07	-3.514851e-06	-7.413800e-09	-2.257829e+01	-4.398374e+02
9.600000e-07	-3.445872e-06	-7.353057e-09	-2.213520e+01	-4.357017e+02
9.700000e-07	-3.376596e-06	-7.285005e-09	-2.169019e+01	-4.314682e+02
9.800000e-07	-3.306866e-06	-7.205341e-09	-2.124226e+01	-4.271327e+02
9.900000e-07	-3.236653e-06	-7.126804e-09	-2.079124e+01	-4.226916e+02
1.000000e-06	-3.166134e-06	-7.056498e-09	-2.033824e+01	-4.181423e+02
1.010000e-06	-3.095290e-06	-6.980986e-09	-1.988317e+01	-4.134829e+02
1.020000e-06	-3.024028e-06	-6.894766e-09	-1.942540e+01	-4.087121e+02
1.030000e-06	-2.952441e-06	-6.811424e-09	-1.896555e+01	-4.038292e+02
1.040000e-06	-2.880530e-06	-6.733649e-09	-1.850361e+01	-3.988333e+02
1.050000e-06	-2.808287e-06	-6.649651e-09	-1.803955e+01	-3.937237e+02
1.060000e-06	-2.735666e-06	-6.554367e-09	-1.757305e+01	-3.884986e+02
1.070000e-06	-2.662691e-06	-6.461022e-09	-1.710429e+01	-3.831557e+02
1.080000e-06	-2.589443e-06	-6.376702e-09	-1.663376e+01	-3.776914e+02
1.090000e-06	-2.515835e-06	-6.287271e-09	-1.616093e+01	-3.721011e+02
1.100000e-06	-2.441727e-06	-6.185951e-09	-1.568489e+01	-3.663790e+02
1.110000e-06	-2.367236e-06	-6.083233e-09	-1.520638e+01	-3.605184e+02
1.120000e-06	-2.292519e-06	-5.983993e-09	-1.472642e+01	-3.545119e+02
1.130000e-06	-2.217480e-06	-5.879209e-09	-1.424439e+01	-3.483516e+02
1.140000e-06	-2.142124e-06	-5.764344e-09	-1.376033e+01	-3.420295e+02
1.150000e-06	-2.066434e-06	-5.650517e-09	-1.327412e+01	-3.355379e+02
1.160000e-06	-1.990529e-06	-5.544799e-09	-1.278653e+01	-3.288693e+02
1.170000e-06	-1.914343e-06	-5.435511e-09	-1.229714e+01	-3.220171e+02
1.180000e-06	-1.837860e-06	-5.316238e-09	-1.180583e+01	-3.149747e+02
1.190000e-06	-1.761206e-06	-5.192305e-09	-1.131343e+01	-3.077365e+02
1.200000e-06	-1.684329e-06	-5.066848e-09	-1.081960e+01	-3.002969e+02
1.210000e-06	-1.607197e-06	-4.933428e-09	-1.032413e+01	-2.926503e+02
1.220000e-06	-1.529828e-06	-4.791985e-09	-9.827132e+00	-2.847909e+02
1.230000e-06	-1.452278e-06	-4.652254e-09	-9.328978e+00	-2.767121e+02
1.240000e-06	-1.374526e-06	-4.518499e-09	-8.829523e+00	-2.684064e+02
1.250000e-06	-1.296629e-06	-4.379137e-09	-8.329133e+00	-2.598648e+02
1.260000e-06	-1.218644e-06	-4.229371e-09	-7.828182e+00	-2.510767e+02
1.270000e-06	-1.140526e-06	-4.077459e-09	-7.326380e+00	-2.420297e+02
1.280000e-06	-1.062325e-06	-3.925960e-09	-6.824038e+00	-2.327096e+02
1.290000e-06	-9.839748e-07	-3.764893e-09	-6.320744e+00	-2.231002e+02
1.300000e-06	-9.054223e-07	-3.590659e-09	-5.816147e+00	-2.131835e+02
1.310000e-06	-8.267186e-07	-3.413844e-09	-5.310579e+00	-2.029401e+02
1.320000e-06	-7.477831e-07	-3.238736e-09	-4.803523e+00	-1.923496e+02
1.330000e-06	-6.687913e-07	-3.056460e-09	-4.296105e+00	-1.813911e+02
1.340000e-06	-5.898105e-07	-2.859888e-09	-3.788756e+00	-1.700440e+02
1.350000e-06	-5.106824e-07	-2.656453e-09	-3.280462e+00	-1.582891e+02
1.360000e-06	-4.313854e-07	-2.453072e-09	-2.771084e+00	-1.461095e+02
1.370000e-06	-3.521069e-07	-2.244202e-09	-2.261823e+00	-1.334920e+02
1.380000e-06	-2.729220e-07	-2.020390e-09	-1.753165e+00	-1.204280e+02
1.390000e-06	-1.935766e-07	-1.787591e-09	-1.243475e+00	-1.069155e+02
1.400000e-06	-1.140482e-07	-1.552405e-09	-7.326098e-01	-9.295956e+01
1.410000e-06	-3.461933e-08	-1.309936e-09	-2.223837e-01	-7.857390e+01
1.420000e-06	4.479120e-08	-1.057279e-09	2.877245e-01	-6.378144e+01
1.430000e-06	1.243372e-07	-7.988550e-10	7.987031e-01	-4.861480e+01
1.440000e-06	2.038582e-07	-5.391768e-10	1.309521e+00	-3.311621e+01
1.450000e-06	2.832400e-07	-2.738069e-10	1.819444e+00	-1.733707e+01
1.460000e-06	3.626333e-07	-7.512217e-14	2.329442e+00	-1.336857e+00
1.470000e-06	4.420977e-07	2.766208e-10	2.839896e+00	1.481836e+01
1.480000e-06	5.214080e-07	5.506938e-10	3.349361e+00	3.105787e+01
1.490000e-06	6.005561e-07	8.227647e-10	3.857783e+00	4.730853e+01
1.500000e-06	6.796316e-07	1.097703e-09	4.365739e+00	6.349723e+01
1.510000e-06	7.585894e-07	1.370709e-09	4.872939e+00	7.955329e+01
1.520000e-06	8.374546e-07	1.635106e-09	5.379544e+00	9.541072e+01
1.530000e-06	9.162394e-07	1.894979e-09	5.885633e+00	1.110102e+02
1.540000e-06	9.948206e-07	2.154806e-09	6.390414e+00	1.263006e+02
1.550000e-06	1.073265e-06	2.411148e-09	6.894314e+00	1.412398e+02
1.560000e-06	1.151647e-06	2.658319e-09	7.397819e+00	1.557954e+02
1.570000e-06	1.229868e-06	2.893949e-09	7.900284e+00	1.699440e+02
1.580000e-06	1.307858e-06	3.124849e-09	8.401264e+00	1.836711e+02
1.590000e-06	1.385635e-06	3.349564e-09	8.900881e+00	1.969693e+02
1.600000e-06	1.463296e-06	3.563484e-09	9.399754e+00	2.098374e+02
1.610000e-06	1.540794e-06	3.769445e-09	9.897573e+00	2.222787e+02
1.620000e-06	1.618001e-06	3.970932e-09	1.039353e+01	2.342995e+02
1.630000e-06	1.694965e-06	4.169839e-09	1.088792e+01	2.459075e+02
1.640000e-06	1.771731e-06	4.361003e-09	1.138104e+01	2.571114e+02
1.650000e-06	1.848208e-06	4.542980e-09	1.187230e+01	2.679196e+02
1.660000e-06	1.924398e-06	4.717583e-09	1.236172e+01	2.783402e+02
1.670000e-06	2.000301e-06	4.887728e-09	1.284930e+01	2.883807e+02
1.680000e-06	2.075871e-06	5.049583e-09	1.333474e+01	2.980489e+02
1.690000e-06	2.151165e-06	5.202394e-09	1.381841e+01	3.073524e+02
1.700000e-06	2.226186e-06	5.347723e-09	1.430032e+01	3.163002e+02
1.710000e-06	2.300909e-06	5.490852e-09	1.478031e+01	3.249020e+02
1.720000e-06	2.375301e-06	5.632610e-09	1.525818e+01	3.331697e+02
1.730000e-06	2.449444e-06	5.765690e-09	1.573445e+01	3.411166e+02
1.740000e-06	2.523273e-06	5.893117e-09	1.620871e+01	3.487574e+02
1.750000e-06	2.596669e-06	6.019890e-09	1.668018e+01	3.561085e+02
1.760000e-06	2.669691e-06	6.143231e-09	1.714925e+01	3.631865e+02
1.770000e-06	2.742315e-06	6.256676e-09	1.761577e+01	3.700084e+02
1.780000e-06	2.814500e-06	6.363276e-09	1.807946e+01	3.765903e+02
1.790000e-06	2.886368e-06	6.469210e-09	1.854112e+01	3.829470e+02
1.800000e-06	2.958002e-06	6.574153e-09	1.900127e+01	3.890919e+02
1.810000e-06	3.029343e-06	6.673023e-09	1.945954e+01	3.950361e+02
1.820000e-06	3.100334e-06	6.767716e-09	1.991557e+01	4.007890e+02
1.830000e-06	3.170964e-06	6.860767e-09	2.036927e+01	4.063581e+02
1.840000e-06	3.241190e-06	6.954538e-09	2.082038e+01	4.117497e+02
1.850000e-06	3.311057e-06	7.042952e-09	2.126918e+01	4.169692e+02
1.860000e-06	3.380576e-06	7.126006e-09	2.171575e+01	4.220220e+02
1.870000e-06	3.449726e-06	7.208241e-09	2.215995e+01	4.269136e+02
1.880000e-06	3.518505e-06	7.288050e-09	2.260177e+01	4.316504e+02
1.890000e-06	3.586885e-06	7.362823e-09	2.304102e+01	4.362396e+02
1.900000e-06	3.654856e-06	7.432729e-09	2.347764e+01	4.406896e+02
1.910000e-06	3.722392e-06	7.504178e-09	2.391147e+01	4.450092e+02
1.920000e-06	3.789534e-06	7.578042e-09	2.434277e+01	4.492080e+02
1.930000e-06	3.856208e-06	7.651281e-09	2.477106e+01	4.532949e+02
1.940000e-06	3.922264e-06	7.720090e-09	2.519539e+01	4.572785e+02
1.950000e-06	3.987652e-06	7.787274e-09	2.561542e+01	4.611660e+02
1.960000e-06	4.052509e-06	7.852607e-09	2.603204e+01	4.649629e+02
1.970000e-06	4.116943e-06	7.915794e-09	2.644595e+01	4.686731e+02
1.980000e-06	4.180918e-06	7.974156e-09	2.685690e+01	4.722986e+02
1.990000e-06	4.244490e-06	8.029164e-09	2.726526e+01	4.758398e+02
2.000000e-06	4.307660e-06	8.087358e-09	2.767105e+01	4.792962e+02
2.010000e-06	4.370319e-06	8.146776e-09	2.807355e+01	4.826666e+02
2.020000e-06	4.432471e-06	8.203004e-09	2.847280e+01	4.859499e+02
2.030000e-06	4.494166e-06	8.257591e-09	2.886911e+01	4.891459e+02
2.040000e-06	4.555404e-06	8.312074e-09	2.926248e+01	4.922553e+02
2.050000e-06	4.616185e-06	8.366950e-09	2.965291e+01	4.952806e+02
2.060000e-06	4.676443e-06	8.419830e-09	3.004000e+01	4.982257e+02
2.070000e-06	4.736115e-06	8.467060e-09	3.042331e+01	5.010960e+02
2.080000e-06	4.795205e-06	8.512450e-09	3.080288e+01	5.038978e+02
2.090000e-06	4.853688e-06	8.558133e-09	3.117856e+01	5.066382e+02
2.100000e-06	4.911394e-06	8.603734e-09	3.154924e+01	5.093239e+02
2.110000e-06	4.968307e-06	8.646212e-09	3.191484e+01	5.119613e+02
2.120000e-06	5.024644e-06	8.688299e-09	3.227673e+01	5.145550e+02
2.130000e-06	5.080507e-06	8.734076e-09	3.263557e+01	5.171084e+02
2.140000e-06	5.135835e-06	8.781161e-09	3.299099e+01	5.196228e+02
2.150000e-06	5.190571e-06	8.826076e-09	3.334259e+01	5.220976e+02
2.160000e-06	5.244769e-06	8.866975e-09	3.369074e+01	5.245310e+02
2.170000e-06	5.298375e-06	8.905746e-09	3.403509e+01	5.269195e+02
2.180000e-06	5.351259e-06	8.942210e-09	3.437480e+01	5.292595e+02
2.190000e-06	5.403399e-06	8.976458e-09	3.470973e+01	5.315471e+02
2.200000e-06	5.454690e-06	9.010682e-09	3.503921e+01	5.337790e+02
2.210000e-06	5.505034e-06	9.047611e-09	3.536260e+01	5.359529e+02
2.220000e-06	5.554469e-06	9.086693e-09	3.568016e+01	5.380680e+02
2.230000e-06	5.603106e-06	9.124560e-09	3.599259e+01	5.401244e+02
2.240000e-06	5.651107e-06	9.161366e-09	3.630093e+01	5.421240e+02
2.250000e-06	5.698498e-06	9.197620e-09	3.660535e+01	5.440692e+02
2.260000e-06	5.745208e-06	9.231936e-09	3.690540e+01	5.459634e+02
2.270000e-06	5.791265e-06	9.258354e-09	3.720126e+01	5.478100e+02
2.280000e-06	5.836673e-06	9.280493e-09	3.749294e+01	5.496121e+02
2.290000e-06	5.881449e-06	9.307634e-09	3.778057e+01	5.513722e+02
2.300000e-06	5.925612e-06	9.341215e-09	3.806426e+01	5.530922e+02
2.310000e-06	5.969210e-06	9.373342e-09	3.834432e+01	5.547728e+02
2.320000e-06	6.012018e-06	9.401456e-09	3.861931e+01	5.564142e+02
2.330000e-06	6.053774e-06	9.431089e-09	3.888753e+01	5.580158e+02
2.340000e-06	6.094669e-06	9.460707e-09	3.915023e+01	5.595769e+02
2.350000e-06	6.134911e-06	9.484958e-09	3.940873e+01	5.610969e+02
2.360000e-06	6.174489e-06	9.505003e-09	3.966297e+01	5.625757e+02
2.370000e-06	6.213394e-06	9.525754e-09	3.991288e+01	5.640138e+02
2.380000e-06	6.251564e-06	9.549592e-09	4.015808e+01	5.654124e+02
2.390000e-06	6.288994e-06	9.571442e-09	4.039851e+01	5.667737e+02
2.400000e-06	6.325731e-06	9.591084e-09	4.063450e+01	5.681002e+02
2.410000e-06	6.361841e-06	9.611790e-09	4.086646e+01	5.693948e+02
2.420000e-06	6.397311e-06	9.634121e-09	4.109431e+01	5.706602e+02
2.430000e-06	6.431809e-06	9.657898e-09	4.131591e+01	5.718986e+02
2.440000e-06	6.465249e-06	9.679416e-09	4.153072e+01	5.731116e+02
2.450000e-06	6.497854e-06	9.700211e-09	4.174016e+01	5.742993e+02
2.460000e-06	6.529776e-06	9.720430e-09	4.194522e+01	5.754611e+02
2.470000e-06	6.561026e-06	9.737532e-09	4.214596e+01	5.765952e+02
2.480000e-06	6.591548e-06	9.751532e-09	4.234202e+01	5.776988e+02
2.490000e-06	6.621338e-06	9.765125e-09	4.253339e+01	5.787690e+02
2.500000e-06	6.650403e-06	9.781724e-09	4.272009e+01	5.798028e+02
2.510000e-06	6.678815e-06	9.801775e-09	4.290260e+01	5.807979e+02
2.520000e-06	6.706553e-06	9.821755e-09	4.308078e+01	5.817525e+02
2.530000e-06	6.733408e-06	9.840094e-09	4.325329e+01	5.826666e+02
2.540000e-06	6.759186e-06	9.858506e-09	4.341888e+01	5.835410e+02
2.550000e-06	6.783953e-06	9.873668e-09	4.357797e+01	5.843780e+02
2.560000e-06	6.808006e-06	9.884664e-09	4.373248e+01	5.851811e+02
2.570000e-06	6.831398e-06	9.894040e-09	4.388275e+01	5.859541e+02
2.580000e-06	6.853973e-06	9.902919e-09	4.402776e+01	5.867010e+02
2.590000e-06	6.875731e-06	9.914396e-09	4.416753e+01	5.874257e+02
2.600000e-06	6.896783e-06	9.927334e-09	4.430276e+01	5.881308e+02
2.610000e-06	6.917140e-06	9.939028e-09	4.443353e+01	5.888180e+02
2.620000e-06	6.936762e-06	9.950510e-09	4.455957e+01	5.894873e+02
2.630000e-06	6.955603e-06	9.962749e-09	4.468060e+01	5.901375e+02
2.640000e-06	6.973537e-06	9.974925e-09	4.479580e+01	5.907660e+02
2.650000e-06	6.990614e-06	9.983608e-09	4.490550e+01	5.913694e+02
2.660000e-06	7.006938e-06	9.989969e-09	4.501036e+01	5.919437e+02
2.670000e-06	7.022281e-06	9.997853e-09	4.510892e+01	5.924854e+02
2.680000e-06	7.036618e-06	1.000611e-08	4.520101e+01	5.929914e+02
2.690000e-06	7.050144e-06	1.001310e-08	4.528790e+01	5.934597e+02
2.700000e-06	7.062830e-06	1.002014e-08	4.536939e+01	5.938897e+02
2.710000e-06	7.074604e-06	1.003024e-08	4.544502e+01	5.942821e+02
2.720000e-06	7.085320e-06	1.003938e-08	4.551386e+01	5.946390e+02
2.730000e-06	7.094853e-06	1.004325e-08	4.557510e+01	5.949633e+02
2.740000e-06	7.103397e-06	1.004555e-08	4.562998e+01	5.952584e+02
2.750000e-06	7.111202e-06	1.004879e-08	4.568012e+01	5.955278e+02
2.760000e-06	7.118277e-06	1.005283e-08	4.572556e+01	5.957744e+02
2.770000e-06	7.124467e-06	1.005699e-08	4.576533e+01	5.960001e+02
2.780000e-06	7.129838e-06	1.006217e-08	4.579983e+01	5.962057e+02
2.790000e-06	7.134522e-06	1.006988e-08	4.582992e+01	5.963906e+02
2.800000e-06	7.138399e-06	1.007612e-08	4.585482e+01	5.965531e+02
2.810000e-06	7.141375e-06	1.007670e-08	4.587394e+01	5.966904e+02
2.820000e-06	7.143304e-06	1.007379e-08	4.588633e+01	5.967996e+02
2.830000e-06	7.144160e-06	1.007154e-08	4.589183e+01	5.968775e+02
2.840000e-06	7.144280e-06	1.007142e-08	4.589260e+01	5.969216e+02
2.850000e-06	7.143758e-06	1.007434e-08	4.588925e+01	5.969304e+02
2.860000e-06	7.142458e-06	1.007721e-08	4.588090e+01	5.969035e+02
2.870000e-06	7.140364e-06	1.008004e-08	4.586745e+01	5.968420e+02
2.880000e-06	7.137553e-06	1.008233e-08	4.584939e+01	5.967481e+02
2.890000e-06	7.134099e-06	1.008086e-08	4.582720e+01	5.966251e+02
2.900000e-06	7.130002e-06	1.007071e-08	4.580089e+01	5.964766e+02
2.910000e-06	7.124998e-06	1.006460e-08	4.576874e+01	5.963061e+02
2.920000e-06	7.118899e-06	1.011779e-08	4.572956e+01	5.961166e+02
2.930000e-06	7.111858e-06	1.011211e-08	4.568433e+01	5.959099e+02
2.940000e-06	7.103904e-06	1.005179e-08	4.563324e+01	5.956865e+02
2.950000e-06	7.094861e-06	1.001286e-08	4.557515e+01	5.954453e+02
2.960000e-06	7.084733e-06	1.000372e-08	4.551009e+01	5.951838e+02
2.970000e-06	7.073872e-06	1.014083e-08	4.544032e+01	5.948984e+02
2.980000e-06	7.062482e-06	1.001538e-08	4.536716e+01	5.945849e+02
2.990000e-06	7.050275e-06	9.875715e-09	4.528874e+01	5.942392e+02
3.000000e-06	7.036910e-06	1.010084e-08	4.520289e+01	5.938575e+02
3.010000e-06	7.022485e-06	1.002082e-08	4.511023e+01	5.934375e+02
3.020000e-06	7.007173e-06	9.904509e-09	4.501187e+01	5.929784e+02
3.030000e-06	6.991035e-06	1.005498e-08	4.490820e+01	5.924811e+02
3.040000e-06	6.974076e-06	9.919942e-09	4.479926e+01	5.919484e+02
3.050000e-06	6.956377e-06	9.887240e-09	4.468557e+01	5.913844e+02
3.060000e-06	6.937976e-06	1.009029e-08	4.456737e+01	5.907943e+02
3.070000e-06	6.918818e-06	9.920831e-09	4.444430e+01	5.901835e+02
3.080000e-06	6.899002e-06	9.861053e-09	4.431701e+01	5.895571e+02
3.090000e-06	6.878357e-06	9.942234e-09	4.418440e+01	5.889188e+02
3.100000e-06	6.856688e-06	9.876526e-09	4.404520e+01	5.882710e+02
3.110000e-06	6.834050e-06	9.910542e-09	4.389978e+01	5.876136e+02
3.120000e-06	6.810503e-06	9.788068e-09	4.374853e+01	5.869444e+02
3.130000e-06	6.786253e-06	9.825425e-09	4.359275e+01	5.862592e+02
3.140000e-06	6.761255e-06	9.964116e-09	4.343217e+01	5.855520e+02
3.150000e-06	6.735363e-06	9.789443e-09	4.326585e+01	5.848157e+02
3.160000e-06	6.708644e-06	9.794282e-09	4.309421e+01	5.840428e+02
3.170000e-06	6.681210e-06	9.848883e-09	4.291798e+01	5.832261e+02
3.180000e-06	6.653033e-06	9.822504e-09	4.273698e+01	5.823598e+02
3.190000e-06	6.623850e-06	9.797986e-09	4.254952e+01	5.814396e+02
3.200000e-06	6.593634e-06	9.695114e-09	4.235542e+01	5.804631e+02
3.210000e-06	6.562567e-06	9.789039e-09	4.215586e+01	5.794304e+02
3.220000e-06	6.530803e-06	9.758749e-09	4.195182e+01	5.783434e+02
3.230000e-06	6.498332e-06	9.671888e-09	4.174323e+01	5.772055e+02
3.240000e-06	6.465029e-06	9.694059e-09	4.152931e+01	5.760216e+02
3.250000e-06	6.431002e-06	9.657268e-09	4.131073e+01	5.747965e+02
3.260000e-06	6.396353e-06	9.697287e-09	4.108815e+01	5.735350e+02
3.270000e-06	6.361050e-06	9.610655e-09	4.086138e+01	5.722410e+02
3.280000e-06	6.325037e-06	9.579484e-09	4.063004e+01	5.709172e+02
3.290000e-06	6.288200e-06	9.608558e-09	4.039342e+01	5.695644e+02
3.300000e-06	6.250408e-06	9.560557e-09	4.015065e+01	5.681821e+02
3.310000e-06	6.211681e-06	9.547479e-09	3.990188e+01	5.667681e+02
3.320000e-06	6.172176e-06	9.487159e-09	3.964811e+01	5.653196e+02
3.330000e-06	6.132038e-06	9.504196e-09	3.939028e+01	5.638326e+02
3.340000e-06	6.091297e-06	9.479769e-09	3.912857e+01	5.623035e+02
3.350000e-06	6.049799e-06	9.415724e-09	3.886200e+01	5.607292e+02
3.360000e-06	6.007548e-06	9.391859e-09	3.859059e+01	5.591070e+02
3.370000e-06	5.964656e-06	9.368387e-09	3.831507e+01	5.574359e+02
3.380000e-06	5.921244e-06	9.377510e-09	3.803620e+01	5.557158e+02
3.390000e-06	5.877325e-06	9.307720e-09	3.775408e+01	5.539478e+02
3.400000e-06	5.832711e-06	9.264647e-09	3.746750e+01	5.521341e+02
3.410000e-06	5.787304e-06	9.252636e-09	3.717581e+01	5.502772e+02
3.420000e-06	5.741184e-06	9.226292e-09	3.687955e+01	5.483799e+02
3.430000e-06	5.694468e-06	9.179990e-09	3.657947e+01	5.464448e+02
3.440000e-06	5.646969e-06	9.123804e-09	3.627435e+01	5.444736e+02
3.450000e-06	5.598651e-06	9.129235e-09	3.596397e+01	5.424676e+02
3.460000e-06	5.549639e-06	9.104160e-09	3.564913e+01	5.404266e+02
3.470000e-06	5.499949e-06	9.047236e-09	3.532994e+01	5.383500e+02
3.480000e-06	5.449540e-06	8.991049e-09	3.500613e+01	5.362358e+02
3.490000e-06	5.398347e-06	8.971540e-09	3.467728e+01	5.340820e+02
3.500000e-06	5.346425e-06	8.951524e-09	3.434375e+01	5.318860e+02
3.510000e-06	5.293759e-06	8.890154e-09	3.400544e+01	5.296452e+02
3.520000e-06	5.240234e-06	8.844283e-09	3.366161e+01	5.273575e+02
3.530000e-06	5.185825e-06	8.823918e-09	3.331210e+01	5.250210e+02
3.540000e-06	5.130763e-06	8.798172e-09	3.295840e+01	5.226346e+02
3.550000e-06	5.075168e-06	8.733743e-09	3.260128e+01	5.201975e+02
3.560000e-06	5.018994e-06	8.675236e-09	3.224044e+01	5.177091e+02
3.570000e-06	4.962210e-06	8.645558e-09	3.187567e+01	5.151694e+02
3.580000e-06	4.904877e-06	8.616833e-09	3.150738e+01	5.125781e+02
3.590000e-06	4.846978e-06	8.561076e-09	3.113546e+01	5.099346e+02
3.600000e-06	4.788471e-06	8.504603e-09	3.075962e+01	5.072382e+02
3.610000e-06	4.729453e-06	8.470814e-09	3.038051e+01	5.044875e+02
3.620000e-06	4.669966e-06	8.431303e-09	2.999839e+01	5.016807e+02
3.630000e-06	4.609943e-06	8.367086e-09	2.961282e+01	4.988158e+02
3.640000e-06	4.549292e-06	8.301635e-09	2.922322e+01	4.958906e+02
3.650000e-06	4.487973e-06	8.264363e-09	2.882932e+01	4.929028e+02
3.660000e-06	4.426010e-06	8.230437e-09	2.843129e+01	4.898504e+02
3.670000e-06	4.363442e-06	8.173353e-09	2.802937e+01	4.867318e+02
3.680000e-06	4.300265e-06	8.107884e-09	2.762355e+01	4.835460e+02
3.690000e-06	4.236584e-06	8.059220e-09	2.721448e+01	4.802923e+02
3.700000e-06	4.172478e-06	8.008730e-09	2.680268e+01	4.769707e+02
3.710000e-06	4.107947e-06	7.937783e-09	2.638816e+01	4.735811e+02
3.720000e-06	4.042932e-06	7.861804e-09	2.597052e+01	4.701238e+02
3.730000e-06	3.977462e-06	7.807625e-09	2.554996e+01	4.665985e+02
3.740000e-06	3.911557e-06	7.763454e-09	2.512661e+01	4.630045e+02
3.750000e-06	3.845195e-06	7.701543e-09	2.470032e+01	4.593404e+02
3.760000e-06	3.778410e-06	7.628091e-09	2.427131e+01	4.556038e+02
3.770000e-06	3.711204e-06	7.567308e-09	2.383960e+01	4.517916e+02
3.780000e-06	3.643653e-06	7.511979e-09	2.340568e+01	4.478997e+02
3.790000e-06	3.575728e-06	7.439022e-09	2.296935e+01	4.439234e+02
3.800000e-06	3.507347e-06	7.357622e-09	2.253009e+01	4.398580e+02
3.810000e-06	3.438449e-06	7.287413e-09	2.208751e+01	4.356982e+02
3.820000e-06	3.369073e-06	7.226444e-09	2.164186e+01	4.314396e+02
3.830000e-06	3.299194e-06	7.152829e-09	2.119298e+01	4.270781e+02
3.840000e-06	3.228838e-06	7.070841e-09	2.074104e+01	4.226102e+02
3.850000e-06	3.158079e-06	6.996885e-09	2.028650e+01	4.180335e+02
3.860000e-06	3.086900e-06	6.927099e-09	1.982927e+01	4.133464e+02
3.870000e-06	3.015358e-06	6.843060e-09	1.936971e+01	4.085476e+02
3.880000e-06	2.943529e-06	6.747365e-09	1.890830e+01	4.036366e+02
3.890000e-06	2.871424e-06	6.658929e-09	1.844512e+01	3.986124e+02
3.900000e-06	2.798927e-06	6.580825e-09	1.797942e+01	3.934740e+02
3.910000e-06	2.726064e-06	6.493616e-09	1.751138e+01	3.882198e+02
3.920000e-06	2.652964e-06	6.394076e-09	1.704181e+01	3.828469e+02
3.930000e-06	2.579586e-06	6.299481e-09	1.657045e+01	3.773516e+02
3.940000e-06	2.505881e-06	6.212306e-09	1.609699e+01	3.717290e+02
3.950000e-06	2.431950e-06	6.118976e-09	1.562208e+01	3.659730e+02
3.960000e-06	2.357723e-06	6.013342e-09	1.514527e+01	3.600767e+02
3.970000e-06	2.283159e-06	5.909631e-09	1.466629e+01	3.540324e+02
3.980000e-06	2.208334e-06	5.811262e-09	1.418564e+01	3.478324e+02
3.990000e-06	2.133216e-06	5.707534e-09	1.370311e+01	3.414687e+02
4.000000e-06	2.057798e-06	5.591313e-09	1.321864e+01	3.349335e+02
4.010000e-06	1.982129e-06	5.475082e-09	1.273257e+01	3.282197e+02
4.020000e-06	1.906157e-06	5.364147e-09	1.224455e+01	3.213205e+02
4.030000e-06	1.829931e-06	5.245372e-09	1.175490e+01	3.142297e+02
4.040000e-06	1.753450e-06	5.116503e-09	1.126361e+01	3.069417e+02
4.050000e-06	1.676687e-06	4.989903e-09	1.077051e+01	2.994509e+02
4.060000e-06	1.599709e-06	4.868204e-09	1.027603e+01	2.917517e+02
4.070000e-06	1.522461e-06	4.737749e-09	9.779812e+00	2.838381e+02
4.080000e-06	1.444941e-06	4.597393e-09	9.281846e+00	2.757033e+02
4.090000e-06	1.367232e-06	4.456633e-09	8.782664e+00	2.673396e+02
4.100000e-06	1.289370e-06	4.318375e-09	8.282506e+00	2.587374e+02
4.110000e-06	1.211340e-06	4.170768e-09	7.781268e+00	2.498858e+02
4.120000e-06	1.133155e-06	4.010876e-09	7.279032e+00	2.407720e+02
4.130000e-06	1.054852e-06	3.850479e-09	6.776038e+00	2.313812e+02
4.140000e-06	9.764218e-07	3.690245e-09	6.272226e+00	2.216967e+02
4.150000e-06	8.978773e-07	3.521104e-09	5.767680e+00	2.117002e+02
4.160000e-06	8.192737e-07	3.341409e-09	5.262756e+00	2.013720e+02
4.170000e-06	7.405235e-07	3.164708e-09	4.756889e+00	1.906915e+02
4.180000e-06	6.616383e-07	2.989041e-09	4.250155e+00	1.796377e+02
4.190000e-06	5.826841e-07	2.799812e-09	3.742979e+00	1.681904e+02
4.200000e-06	5.036368e-07	2.595799e-09	3.235204e+00	1.563308e+02
4.210000e-06	4.244922e-07	2.387907e-09	2.726804e+00	1.440429e+02
4.220000e-06	3.453710e-07	2.178583e-09	2.218554e+00	1.313143e+02
4.230000e-06	2.662605e-07	1.957078e-09	1.710374e+00	1.181382e+02
4.240000e-06	1.870353e-07	1.721549e-09	1.201456e+00	1.045140e+02
4.250000e-06	1.077431e-07	1.485536e-09	6.921078e-01	9.044900e+01
4.260000e-06	2.846892e-08	1.251444e-09	1.828753e-01	7.595913e+01
4.270000e-06	-5.074650e-08	1.006867e-09	-3.259795e-01	6.106971e+01
4.280000e-06	-1.300080e-07	7.500861e-10	-8.351306e-01	4.581576e+01
4.290000e-06	-2.092926e-07	4.911571e-10	-1.344429e+00	3.024190e+01
4.300000e-06	-2.885813e-07	2.320455e-10	-1.853755e+00	1.440164e+01
4.310000e-06	-3.678667e-07	-3.745058e-11	-2.363060e+00	-1.643722e+00
4.320000e-06	-4.471010e-07	-3.179132e-10	-2.872036e+00	-1.782676e+01
4.330000e-06	-5.262360e-07	-5.965820e-10	-3.380374e+00	-3.407594e+01
4.340000e-06	-6.052326e-07	-8.633055e-10	-3.887823e+00	-5.031790e+01
4.350000e-06	-6.842144e-07	-1.129346e-09	-4.395178e+00	-6.647990e+01
4.360000e-06	-7.631463e-07	-1.397580e-09	-4.902211e+00	-8.249224e+01
4.370000e-06	-8.418764e-07	-1.659515e-09	-5.407948e+00	-9.829044e+01
4.380000e-06	-9.204443e-07	-1.914927e-09	-5.912644e+00	-1.138171e+02
4.390000e-06	-9.989742e-07	-2.170355e-09	-6.417095e+00	-1.290232e+02
4.400000e-06	-1.077390e-06	-2.426061e-09	-6.920813e+00	-1.438692e+02
4.410000e-06	-1.155593e-06	-2.672197e-09	-7.423165e+00	-1.583249e+02
4.420000e-06	-1.233563e-06	-2.904710e-09	-7.924023e+00	-1.723692e+02
4.430000e-06	-1.311377e-06	-3.131756e-09	-8.423870e+00	-1.859894e+02
4.440000e-06	-1.389038e-06	-3.356571e-09	-8.922743e+00	-1.991800e+02
4.450000e-06	-1.466514e-06	-3.571085e-09	-9.420422e+00	-2.119410e+02
4.460000e-06	-1.543662e-06	-3.775182e-09	-9.915998e+00	-2.242764e+02
4.470000e-06	-1.620482e-06	-3.973397e-09	-1.040946e+01	-2.361932e+02
4.480000e-06	-1.697098e-06	-4.170822e-09	-1.090162e+01	-2.476994e+02
4.490000e-06	-1.773460e-06	-4.361812e-09	-1.139215e+01	-2.588036e+02
4.500000e-06	-1.849572e-06	-4.541182e-09	-1.188107e+01	-2.695141e+02
4.510000e-06	-1.925443e-06	-4.714941e-09	-1.236844e+01	-2.798390e+02
4.520000e-06	-2.001034e-06	-4.886404e-09	-1.285401e+01	-2.897857e+02
4.530000e-06	-2.076313e-06	-5.051418e-09	-1.333758e+01	-2.993619e+02
4.540000e-06	-2.151293e-06	-5.206086e-09	-1.381923e+01	-3.085756e+02
4.550000e-06	-2.225988e-06	-5.353258e-09	-1.429904e+01	-3.174359e+02
4.560000e-06	-2.300391e-06	-5.495984e-09	-1.477698e+01	-3.259530e+02
4.570000e-06	-2.374511e-06	-5.633041e-09	-1.525311e+01	-3.341392e+02
4.580000e-06	-2.448354e-06	-5.764341e-09	-1.572745e+01	-3.420080e+02
4.590000e-06	-2.521898e-06	-5.891317e-09	-1.619988e+01	-3.495749e+02
4.600000e-06	-2.595198e-06	-6.017228e-09	-1.667073e+01	-3.568561e+02
4.610000e-06	-2.668232e-06	-6.139556e-09	-1.713988e+01	-3.638685e+02
4.620000e-06	-2.740994e-06	-6.254815e-09	-1.760728e+01	-3.706289e+02
4.630000e-06	-2.813483e-06	-6.364699e-09	-1.807293e+01	-3.771531e+02
4.640000e-06	-2.885684e-06	-6.472037e-09	-1.853672e+01	-3.834557e+02
4.650000e-06	-2.957515e-06	-6.576050e-09	-1.899814e+01	-3.895495e+02
4.660000e-06	-3.028959e-06	-6.673703e-09	-1.945708e+01	-3.954450e+02
4.670000e-06	-3.100125e-06	-6.767541e-09	-1.991423e+01	-4.011513e+02
4.680000e-06	-3.170896e-06	-6.861149e-09	-2.036883e+01	-4.066755e+02
4.690000e-06	-3.241287e-06	-6.952198e-09	-2.082100e+01	-4.120235e+02
4.700000e-06	-3.311300e-06	-7.039835e-09	-2.127075e+01	-4.172009e+02
4.710000e-06	-3.380805e-06	-7.126326e-09	-2.171722e+01	-4.222128e+02
4.720000e-06	-3.449853e-06	-7.211304e-09	-2.216077e+01	-4.270650e+02
4.730000e-06	-3.518462e-06	-7.292788e-09	-2.260149e+01	-4.317641e+02
4.740000e-06	-3.586540e-06	-7.367562e-09	-2.303880e+01	-4.363177e+02
4.750000e-06	-3.654098e-06	-7.439483e-09	-2.347277e+01	-4.407343e+02
4.760000e-06	-3.721256e-06	-7.509773e-09	-2.390417e+01	-4.450228e+02
4.770000e-06	-3.788024e-06	-7.578099e-09	-2.433307e+01	-4.491927e+02
4.780000e-06	-3.854396e-06	-7.644743e-09	-2.475942e+01	-4.532531e+02
4.790000e-06	-3.920293e-06	-7.712854e-09	-2.518272e+01	-4.572120e+02
4.800000e-06	-3.985777e-06	-7.781284e-09	-2.560338e+01	-4.610763e+02
4.810000e-06	-4.050908e-06	-7.845103e-09	-2.602176e+01	-4.648513e+02
4.820000e-06	-4.115566e-06	-7.906522e-09	-2.643710e+01	-4.685402e+02
4.830000e-06	-4.179691e-06	-7.963656e-09	-2.684902e+01	-4.721446e+02
4.840000e-06	-4.243341e-06	-8.019490e-09	-2.725788e+01	-4.756647e+02
4.850000e-06	-4.306533e-06	-8.076485e-09	-2.766381e+01	-4.790997e+02
4.860000e-06	-4.369222e-06	-8.131489e-09	-2.806651e+01	-4.824483e+02
4.870000e-06	-4.431379e-06	-8.184063e-09	-2.846578e+01	-4.857098e+02
4.880000e-06	-4.492840e-06	-8.235121e-09	-2.886059e+01	-4.888840e+02
4.890000e-06	-4.553589e-06	-8.286045e-09	-2.925082e+01	-4.919721e+02
4.900000e-06	-4.613758e-06	-8.338147e-09	-2.963732e+01	-4.949769e+02
4.910000e-06	-4.673406e-06	-8.387296e-09	-3.002049e+01	-4.979027e+02
4.920000e-06	-4.732567e-06	-8.433295e-09	-3.040052e+01	-5.007552e+02
4.930000e-06	-4.791225e-06	-8.479225e-09	-3.077732e+01	-5.035410e+02
4.940000e-06	-4.849340e-06	-8.526163e-09	-3.115063e+01	-5.062671e+02
4.950000e-06	-4.906858e-06	-8.570348e-09	-3.152011e+01	-5.089402e+02
4.960000e-06	-4.963804e-06	-8.611100e-09	-3.188591e+01	-5.115662e+02
4.970000e-06	-5.020183e-06	-8.651419e-09	-3.224807e+01	-5.141496e+02
4.980000e-06	-5.075987e-06	-8.692264e-09	-3.260654e+01	-5.166932e+02
4.990000e-06	-5.131256e-06	-8.734350e-09	-3.296157e+01	-5.191978e+02
5.000000e-06	-5.185914e-06	-8.774371e-09	-3.331267e+01	-5.216625e+02
5.010000e-06	-5.239816e-06	-8.813583e-09	-3.365892e+01	-5.240850e+02
5.020000e-06	-5.292828e-06	-8.852521e-09	-3.399946e+01	-5.264617e+02
5.030000e-06	-5.345029e-06	-8.891247e-09	-3.433478e+01	-5.287889e+02
5.040000e-06	-5.396505e-06	-8.927640e-09	-3.466545e+01	-5.310628e+02
5.050000e-06	-5.447322e-06	-8.961299e-09	-3.499188e+01	-5.332804e+02
5.060000e-06	-5.497499e-06	-8.996591e-09	-3.531420e+01	-5.354397e+02
5.070000e-06	-5.546943e-06	-9.031959e-09	-3.563181e+01	-5.375400e+02
5.080000e-06	-5.595482e-06	-9.065958e-09	-3.594361e+01	-5.395820e+02
5.090000e-06	-5.643091e-06	-9.100428e-09	-3.624944e+01	-5.415676e+02
5.100000e-06	-5.689921e-06	-9.132875e-09	-3.655026e+01	-5.434998e+02
5.110000e-06	-5.736029e-06	-9.162541e-09	-3.684644e+01	-5.453818e+02
5.120000e-06	-5.781501e-06	-9.191110e-09	-3.713854e+01	-5.472169e+02
5.130000e-06	-5.826420e-06	-9.220047e-09	-3.742708e+01	-5.490083e+02
5.140000e-06	-5.870706e-06	-9.250133e-09	-3.771156e+01	-5.507583e+02
5.150000e-06	-5.914401e-06	-9.281014e-09	-3.799225e+01	-5.524683e+02
5.160000e-06	-5.957657e-06	-9.311615e-09	-3.827011e+01	-5.541392e+02
5.170000e-06	-6.000352e-06	-9.338649e-09	-3.854437e+01	-5.557706e+02
5.180000e-06	-6.042291e-06	-9.364224e-09	-3.881377e+01	-5.573621e+02
5.190000e-06	-6.083547e-06	-9.389304e-09	-3.907879e+01	-5.589130e+02
5.200000e-06	-6.124159e-06	-9.412935e-09	-3.933966e+01	-5.604227e+02
5.210000e-06	-6.164073e-06	-9.436929e-09	-3.959606e+01	-5.618912e+02
5.220000e-06	-6.203287e-06	-9.462075e-09	-3.984796e+01	-5.633193e+02
5.230000e-06	-6.241650e-06	-9.489724e-09	-4.009439e+01	-5.647083e+02
5.240000e-06	-6.279037e-06	-9.519002e-09	-4.033455e+01	-5.660606e+02
5.250000e-06	-6.315545e-06	-9.546161e-09	-4.056907e+01	-5.673789e+02
5.260000e-06	-6.351348e-06	-9.569020e-09	-4.079906e+01	-5.686659e+02
5.270000e-06	-6.386541e-06	-9.588024e-09	-4.102512e+01	-5.699244e+02
5.280000e-06	-6.421038e-06	-9.607530e-09	-4.124672e+01	-5.711563e+02
5.290000e-06	-6.454757e-06	-9.628298e-09	-4.146332e+01	-5.723630e+02
5.300000e-06	-6.487798e-06	-9.646999e-09	-4.167557e+01	-5.735444e+02
5.310000e-06	-6.520152e-06	-9.666235e-09	-4.188340e+01	-5.746994e+02
5.320000e-06	-6.551753e-06	-9.686356e-09	-4.208639e+01	-5.758261e+02
5.330000e-06	-6.582612e-06	-9.704950e-09	-4.228462e+01	-5.769216e+02
5.340000e-06	-6.612509e-06	-9.722630e-09	-4.247667e+01	-5.779830e+02
5.350000e-06	-6.641311e-06	-9.740541e-09	-4.266169e+01	-5.790073e+02
5.360000e-06	-6.669309e-06	-9.758685e-09	-4.284154e+01	-5.799923e+02
5.370000e-06	-6.696596e-06	-9.775125e-09	-4.301682e+01	-5.809368e+02
5.380000e-06	-6.723102e-06	-9.788183e-09	-4.318708e+01	-5.818408e+02
5.390000e-06	-6.748879e-06	-9.803777e-09	-4.335267e+01	-5.827056e+02
5.400000e-06	-6.773896e-06	-9.818279e-09	-4.351337e+01	-5.835338e+02
5.410000e-06	-6.798112e-06	-9.828936e-09	-4.366893e+01	-5.843289e+02
5.420000e-06	-6.821653e-06	-9.839163e-09	-4.382015e+01	-5.850950e+02
5.430000e-06	-6.844497e-06	-9.853411e-09	-4.396689e+01	-5.858360e+02
5.440000e-06	-6.866376e-06	-9.870638e-09	-4.410743e+01	-5.865556e+02
5.450000e-06	-6.887194e-06	-9.882756e-09	-4.424116e+01	-5.872561e+02
5.460000e-06	-6.907124e-06	-9.893454e-09	-4.436919e+01	-5.879389e+02
5.470000e-06	-6.926288e-06	-9.905732e-09	-4.449229e+01	-5.886036e+02
5.480000e-06	-6.944725e-06	-9.917076e-09	-4.461072e+01	-5.892486e+02
5.490000e-06	-6.962440e-06	-9.924414e-09	-4.472452e+01	-5.898711e+02
5.500000e-06	-6.979398e-06	-9.934051e-09	-4.483345e+01	-5.904676e+02
5.510000e-06	-6.995654e-06	-9.945948e-09	-4.493788e+01	-5.910341e+02
5.520000e-06	-7.011118e-06	-9.957536e-09	-4.503721e+01	-5.915671e+02
5.530000e-06	-7.025574e-06	-9.967626e-09	-4.513007e+01	-5.920637e+02
5.540000e-06	-7.038934e-06	-9.976455e-09	-4.521589e+01	-5.925224e+02
5.550000e-06	-7.051142e-06	-9.986054e-09	-4.529431e+01	-5.929429e+02
5.560000e-06	-7.062335e-06	-9.994762e-09	-4.536621e+01	-5.933262e+02
5.570000e-06	-7.072714e-06	-9.999692e-09	-4.543288e+01	-5.936746e+02
5.580000e-06	-7.082266e-06	-1.000374e-08	-4.549424e+01	-5.939913e+02
5.590000e-06	-7.091002e-06	-1.000929e-08	-4.555036e+01	-5.942797e+02
5.600000e-06	-7.099050e-06	-1.001582e-08	-4.560206e+01	-5.945431e+02
5.610000e-06	-7.106366e-06	-1.002076e-08	-4.564905e+01	-5.947843e+02
5.620000e-06	-7.112762e-06	-1.002566e-08	-4.569014e+01	-5.950050e+02
5.630000e-06	-7.118150e-06	-1.003201e-08	-4.572475e+01	-5.952055e+02
5.640000e-06	-7.122560e-06	-1.003603e-08	-4.575308e+01	-5.953850e+02
5.650000e-06	-7.126086e-06	-1.004118e-08	-4.577573e+01	-5.955414e+02
5.660000e-06	-7.128911e-06	-1.004291e-08	-4.579388e+01	-5.956720e+02
5.670000e-06	-7.131058e-06	-1.004149e-08	-4.580766e+01	-5.957736e+02
5.680000e-06	-7.132330e-06	-1.003875e-08	-4.581584e+01	-5.958432e+02
5.690000e-06	-7.132785e-06	-1.003729e-08	-4.581876e+01	-5.958786e+02
