# Temperatura_=_20.0
# Concentracion g/m^3_=_9000.0
# C_Vs_to_Am_M_A/Vsm_=_59384043850.047264
# pendiente_HvsI_1/m_=_3716.3
# ordenada_HvsI_A/m_=_1297.0
# frecuencia_Hz_=_175589.28362867967

Tiempo_(s)	Campo_(V.s)	Magnetizacion_(V.s)	Campo_(kA/m)	Magnetizacion_(A/m)
0.000000e+00	-7.106792e-06	-1.007272e-08	-4.581874e+01	-5.978070e+02
1.000000e-08	-7.106225e-06	-1.007358e-08	-4.581508e+01	-5.977273e+02
2.000000e-08	-7.104913e-06	-1.007114e-08	-4.580662e+01	-5.976284e+02
3.000000e-08	-7.102500e-06	-1.006695e-08	-4.579107e+01	-5.975167e+02
4.000000e-08	-7.098994e-06	-1.006731e-08	-4.576846e+01	-5.973974e+02
5.000000e-08	-7.094728e-06	-1.006724e-08	-4.574096e+01	-5.972734e+02
6.000000e-08	-7.089811e-06	-1.006842e-08	-4.570925e+01	-5.971457e+02
7.000000e-08	-7.084181e-06	-1.006625e-08	-4.567296e+01	-5.970128e+02
8.000000e-08	-7.077721e-06	-1.003384e-08	-4.563131e+01	-5.968715e+02
9.000000e-08	-7.070295e-06	-1.001422e-08	-4.558343e+01	-5.967172e+02
1.000000e-07	-7.061922e-06	-1.003069e-08	-4.552945e+01	-5.965444e+02
1.100000e-07	-7.052639e-06	-1.006668e-08	-4.546960e+01	-5.963478e+02
1.200000e-07	-7.042244e-06	-1.012041e-08	-4.540258e+01	-5.961226e+02
1.300000e-07	-7.030726e-06	-1.005420e-08	-4.532833e+01	-5.958653e+02
1.400000e-07	-7.018471e-06	-9.988872e-09	-4.524931e+01	-5.955743e+02
1.500000e-07	-7.005463e-06	-1.007377e-08	-4.516545e+01	-5.952492e+02
1.600000e-07	-6.991566e-06	-1.005272e-08	-4.507585e+01	-5.948916e+02
1.700000e-07	-6.976684e-06	-9.980317e-09	-4.497990e+01	-5.945041e+02
1.800000e-07	-6.960495e-06	-1.000108e-08	-4.487554e+01	-5.940902e+02
1.900000e-07	-6.943324e-06	-9.978479e-09	-4.476483e+01	-5.936534e+02
2.000000e-07	-6.925576e-06	-9.996398e-09	-4.465040e+01	-5.931968e+02
2.100000e-07	-6.907098e-06	-1.005020e-08	-4.453127e+01	-5.927221e+02
2.200000e-07	-6.887803e-06	-9.975495e-09	-4.440687e+01	-5.922301e+02
2.300000e-07	-6.867792e-06	-9.933419e-09	-4.427786e+01	-5.917196e+02
2.400000e-07	-6.847116e-06	-9.949905e-09	-4.414456e+01	-5.911880e+02
2.500000e-07	-6.825795e-06	-9.944984e-09	-4.400710e+01	-5.906312e+02
2.600000e-07	-6.803721e-06	-9.931444e-09	-4.386479e+01	-5.900444e+02
2.700000e-07	-6.780781e-06	-9.891730e-09	-4.371688e+01	-5.894222e+02
2.800000e-07	-6.757172e-06	-9.906435e-09	-4.356467e+01	-5.887593e+02
2.900000e-07	-6.732881e-06	-9.931181e-09	-4.340807e+01	-5.880511e+02
3.000000e-07	-6.707771e-06	-9.899119e-09	-4.324618e+01	-5.872940e+02
3.100000e-07	-6.681604e-06	-9.844663e-09	-4.307747e+01	-5.864856e+02
3.200000e-07	-6.654294e-06	-9.829391e-09	-4.290140e+01	-5.856248e+02
3.300000e-07	-6.626134e-06	-9.844858e-09	-4.271985e+01	-5.847119e+02
3.400000e-07	-6.597267e-06	-9.823419e-09	-4.253374e+01	-5.837481e+02
3.500000e-07	-6.567716e-06	-9.796388e-09	-4.234322e+01	-5.827355e+02
3.600000e-07	-6.537435e-06	-9.784086e-09	-4.214799e+01	-5.816762e+02
3.700000e-07	-6.506340e-06	-9.765357e-09	-4.194752e+01	-5.805725e+02
3.800000e-07	-6.474459e-06	-9.760060e-09	-4.174197e+01	-5.794265e+02
3.900000e-07	-6.441989e-06	-9.732201e-09	-4.153263e+01	-5.782397e+02
4.000000e-07	-6.408961e-06	-9.695116e-09	-4.131969e+01	-5.770130e+02
4.100000e-07	-6.374976e-06	-9.683094e-09	-4.110059e+01	-5.757469e+02
4.200000e-07	-6.339826e-06	-9.677972e-09	-4.087397e+01	-5.744418e+02
4.300000e-07	-6.303803e-06	-9.658735e-09	-4.064172e+01	-5.730976e+02
4.400000e-07	-6.267134e-06	-9.616173e-09	-4.040531e+01	-5.717144e+02
4.500000e-07	-6.229786e-06	-9.586753e-09	-4.016452e+01	-5.702926e+02
4.600000e-07	-6.191721e-06	-9.568366e-09	-3.991911e+01	-5.688329e+02
4.700000e-07	-6.152950e-06	-9.548720e-09	-3.966915e+01	-5.673361e+02
4.800000e-07	-6.113497e-06	-9.517464e-09	-3.941479e+01	-5.658034e+02
4.900000e-07	-6.073377e-06	-9.485629e-09	-3.915613e+01	-5.642360e+02
5.000000e-07	-6.032631e-06	-9.474177e-09	-3.889343e+01	-5.626347e+02
5.100000e-07	-5.991116e-06	-9.453059e-09	-3.862578e+01	-5.610002e+02
5.200000e-07	-5.948668e-06	-9.411622e-09	-3.835210e+01	-5.593322e+02
5.300000e-07	-5.905250e-06	-9.367148e-09	-3.807218e+01	-5.576299e+02
5.400000e-07	-5.861034e-06	-9.342499e-09	-3.778712e+01	-5.558917e+02
5.500000e-07	-5.816293e-06	-9.329707e-09	-3.749866e+01	-5.541154e+02
5.600000e-07	-5.770934e-06	-9.298335e-09	-3.720622e+01	-5.522984e+02
5.700000e-07	-5.724801e-06	-9.258505e-09	-3.690880e+01	-5.504381e+02
5.800000e-07	-5.678003e-06	-9.224881e-09	-3.660708e+01	-5.485320e+02
5.900000e-07	-5.630567e-06	-9.202588e-09	-3.630126e+01	-5.465784e+02
6.000000e-07	-5.582467e-06	-9.163986e-09	-3.599115e+01	-5.445764e+02
6.100000e-07	-5.533776e-06	-9.115981e-09	-3.567723e+01	-5.425260e+02
6.200000e-07	-5.484344e-06	-9.084621e-09	-3.535853e+01	-5.404283e+02
6.300000e-07	-5.433971e-06	-9.064674e-09	-3.503377e+01	-5.382853e+02
6.400000e-07	-5.382508e-06	-9.030326e-09	-3.470198e+01	-5.360993e+02
6.500000e-07	-5.330199e-06	-8.977385e-09	-3.436473e+01	-5.338727e+02
6.600000e-07	-5.277293e-06	-8.937246e-09	-3.402363e+01	-5.316077e+02
6.700000e-07	-5.223660e-06	-8.908589e-09	-3.367785e+01	-5.293056e+02
6.800000e-07	-5.169413e-06	-8.869397e-09	-3.332811e+01	-5.269665e+02
6.900000e-07	-5.114686e-06	-8.817190e-09	-3.297528e+01	-5.245892e+02
7.000000e-07	-5.059326e-06	-8.778776e-09	-3.261836e+01	-5.221709e+02
7.100000e-07	-5.003335e-06	-8.752738e-09	-3.225738e+01	-5.197077e+02
7.200000e-07	-4.946865e-06	-8.711682e-09	-3.189331e+01	-5.171947e+02
7.300000e-07	-4.889798e-06	-8.653380e-09	-3.152538e+01	-5.146265e+02
7.400000e-07	-4.832000e-06	-8.603774e-09	-3.115275e+01	-5.119979e+02
7.500000e-07	-4.773436e-06	-8.568316e-09	-3.077518e+01	-5.093042e+02
7.600000e-07	-4.714130e-06	-8.525808e-09	-3.039283e+01	-5.065420e+02
7.700000e-07	-4.654201e-06	-8.471219e-09	-3.000645e+01	-5.037092e+02
7.800000e-07	-4.593805e-06	-8.422510e-09	-2.961707e+01	-5.008055e+02
7.900000e-07	-4.533040e-06	-8.381996e-09	-2.922530e+01	-4.978321e+02
8.000000e-07	-4.471813e-06	-8.332921e-09	-2.883056e+01	-4.947914e+02
8.100000e-07	-4.410032e-06	-8.271165e-09	-2.843225e+01	-4.916866e+02
8.200000e-07	-4.347686e-06	-8.213178e-09	-2.803029e+01	-4.885210e+02
8.300000e-07	-4.284864e-06	-8.168161e-09	-2.762527e+01	-4.852977e+02
8.400000e-07	-4.221652e-06	-8.120263e-09	-2.721773e+01	-4.820184e+02
8.500000e-07	-4.157932e-06	-8.059882e-09	-2.680692e+01	-4.786837e+02
8.600000e-07	-4.093681e-06	-8.000192e-09	-2.639268e+01	-4.752919e+02
8.700000e-07	-4.029030e-06	-7.948817e-09	-2.597586e+01	-4.718400e+02
8.800000e-07	-3.963979e-06	-7.895382e-09	-2.555647e+01	-4.683230e+02
8.900000e-07	-3.898465e-06	-7.832784e-09	-2.513409e+01	-4.647348e+02
9.000000e-07	-3.832370e-06	-7.769522e-09	-2.470796e+01	-4.610687e+02
9.100000e-07	-3.765646e-06	-7.713045e-09	-2.427778e+01	-4.573177e+02
9.200000e-07	-3.698406e-06	-7.653668e-09	-2.384427e+01	-4.534755e+02
9.300000e-07	-3.630723e-06	-7.582041e-09	-2.340791e+01	-4.495372e+02
9.400000e-07	-3.562631e-06	-7.507322e-09	-2.296891e+01	-4.454991e+02
9.500000e-07	-3.494158e-06	-7.441270e-09	-2.252745e+01	-4.413594e+02
9.600000e-07	-3.425383e-06	-7.373680e-09	-2.208404e+01	-4.371177e+02
9.700000e-07	-3.356251e-06	-7.297998e-09	-2.163834e+01	-4.327752e+02
9.800000e-07	-3.286684e-06	-7.221455e-09	-2.118983e+01	-4.283338e+02
9.900000e-07	-3.216708e-06	-7.149775e-09	-2.073868e+01	-4.237959e+02
1.000000e-06	-3.146409e-06	-7.076758e-09	-2.028545e+01	-4.191633e+02
1.010000e-06	-3.075783e-06	-6.994942e-09	-1.983011e+01	-4.144372e+02
1.020000e-06	-3.004794e-06	-6.912422e-09	-1.937243e+01	-4.096173e+02
1.030000e-06	-2.933455e-06	-6.833565e-09	-1.891250e+01	-4.047018e+02
1.040000e-06	-2.861772e-06	-6.751468e-09	-1.845035e+01	-3.996874e+02
1.050000e-06	-2.789771e-06	-6.662137e-09	-1.798614e+01	-3.945690e+02
1.060000e-06	-2.717417e-06	-6.570449e-09	-1.751966e+01	-3.893405e+02
1.070000e-06	-2.644787e-06	-6.482402e-09	-1.705141e+01	-3.839949e+02
1.080000e-06	-2.571896e-06	-6.392900e-09	-1.658146e+01	-3.785249e+02
1.090000e-06	-2.498580e-06	-6.296918e-09	-1.610878e+01	-3.729235e+02
1.100000e-06	-2.424795e-06	-6.199243e-09	-1.563308e+01	-3.671839e+02
1.110000e-06	-2.350633e-06	-6.101534e-09	-1.515495e+01	-3.612999e+02
1.120000e-06	-2.276161e-06	-6.001145e-09	-1.467481e+01	-3.552661e+02
1.130000e-06	-2.201303e-06	-5.895113e-09	-1.419218e+01	-3.490776e+02
1.140000e-06	-2.126149e-06	-5.784670e-09	-1.370765e+01	-3.427294e+02
1.150000e-06	-2.050782e-06	-5.673671e-09	-1.322175e+01	-3.362168e+02
1.160000e-06	-1.975152e-06	-5.562169e-09	-1.273415e+01	-3.295344e+02
1.170000e-06	-1.899195e-06	-5.446840e-09	-1.224444e+01	-3.226758e+02
1.180000e-06	-1.822947e-06	-5.327542e-09	-1.175286e+01	-3.156339e+02
1.190000e-06	-1.746441e-06	-5.208954e-09	-1.125961e+01	-3.084001e+02
1.200000e-06	-1.669702e-06	-5.085101e-09	-1.076486e+01	-3.009651e+02
1.210000e-06	-1.592851e-06	-4.953270e-09	-1.026939e+01	-2.933186e+02
1.220000e-06	-1.515768e-06	-4.817477e-09	-9.772423e+00	-2.854498e+02
1.230000e-06	-1.438460e-06	-4.680118e-09	-9.274002e+00	-2.773476e+02
1.240000e-06	-1.360930e-06	-4.541621e-09	-8.774153e+00	-2.690011e+02
1.250000e-06	-1.283295e-06	-4.396872e-09	-8.273629e+00	-2.603998e+02
1.260000e-06	-1.205600e-06	-4.246324e-09	-7.772718e+00	-2.515331e+02
1.270000e-06	-1.127731e-06	-4.094334e-09	-7.270677e+00	-2.423909e+02
1.280000e-06	-1.049684e-06	-3.940217e-09	-6.767496e+00	-2.329628e+02
1.290000e-06	-9.714577e-07	-3.775643e-09	-6.263158e+00	-2.232377e+02
1.300000e-06	-8.930953e-07	-3.601632e-09	-5.757942e+00	-2.132035e+02
1.310000e-06	-8.146791e-07	-3.426554e-09	-5.252379e+00	-2.028463e+02
1.320000e-06	-7.362078e-07	-3.248753e-09	-4.746461e+00	-1.921508e+02
1.330000e-06	-6.575616e-07	-3.060890e-09	-4.239415e+00	-1.810995e+02
1.340000e-06	-5.787533e-07	-2.864634e-09	-3.731324e+00	-1.696740e+02
1.350000e-06	-4.998545e-07	-2.664167e-09	-3.222649e+00	-1.578550e+02
1.360000e-06	-4.208831e-07	-2.460271e-09	-2.713507e+00	-1.456240e+02
1.370000e-06	-3.418952e-07	-2.246442e-09	-2.204259e+00	-1.329650e+02
1.380000e-06	-2.628793e-07	-2.021175e-09	-1.694829e+00	-1.198657e+02
1.390000e-06	-1.837863e-07	-1.791849e-09	-1.184902e+00	-1.063203e+02
1.400000e-06	-1.046790e-07	-1.560297e-09	-6.748836e-01	-9.233046e+01
1.410000e-06	-2.558006e-08	-1.318752e-09	-1.649192e-01	-7.790768e+01
1.420000e-06	5.354526e-08	-1.065390e-09	3.452157e-01	-6.307393e+01
1.430000e-06	1.326701e-07	-8.081654e-10	8.553471e-01	-4.786240e+01
1.440000e-06	2.117788e-07	-5.474835e-10	1.365375e+00	-3.231733e+01
1.450000e-06	2.908708e-07	-2.775389e-10	1.875295e+00	-1.649317e+01
1.460000e-06	3.700011e-07	6.040808e-14	2.385462e+00	-4.530452e-01
1.470000e-06	4.491036e-07	2.746923e-10	2.895450e+00	1.573334e+01
1.480000e-06	5.280108e-07	5.437549e-10	3.404178e+00	3.199226e+01
1.490000e-06	6.067033e-07	8.158099e-10	3.911523e+00	4.824865e+01
1.500000e-06	6.852424e-07	1.093250e-09	4.417878e+00	6.442896e+01
1.510000e-06	7.637193e-07	1.364502e-09	4.923832e+00	8.046361e+01
1.520000e-06	8.421483e-07	1.625859e-09	5.429478e+00	9.628921e+01
1.530000e-06	9.204704e-07	1.885578e-09	5.934434e+00	1.118502e+02
1.540000e-06	9.987046e-07	2.147532e-09	6.438824e+00	1.270997e+02
1.550000e-06	1.076808e-06	2.401510e-09	6.942369e+00	1.420003e+02
1.560000e-06	1.154697e-06	2.643960e-09	7.444535e+00	1.565232e+02
1.570000e-06	1.232436e-06	2.881689e-09	7.945728e+00	1.706481e+02
1.580000e-06	1.310093e-06	3.114803e-09	8.446401e+00	1.843619e+02
1.590000e-06	1.387601e-06	3.337296e-09	8.946105e+00	1.976572e+02
1.600000e-06	1.464911e-06	3.546172e-09	9.444540e+00	2.105313e+02
1.610000e-06	1.542020e-06	3.750893e-09	9.941676e+00	2.229847e+02
1.620000e-06	1.618942e-06	3.955429e-09	1.043760e+01	2.350203e+02
1.630000e-06	1.695668e-06	4.156406e-09	1.093227e+01	2.466423e+02
1.640000e-06	1.772102e-06	4.347166e-09	1.142505e+01	2.578562e+02
1.650000e-06	1.848280e-06	4.528112e-09	1.191618e+01	2.686679e+02
1.660000e-06	1.924235e-06	4.704709e-09	1.240588e+01	2.790846e+02
1.670000e-06	1.999900e-06	4.873251e-09	1.289371e+01	2.891142e+02
1.680000e-06	2.075287e-06	5.029406e-09	1.337974e+01	2.987659e+02
1.690000e-06	2.150398e-06	5.179223e-09	1.386399e+01	3.080502e+02
1.700000e-06	2.225170e-06	5.329188e-09	1.434606e+01	3.169791e+02
1.710000e-06	2.299602e-06	5.474693e-09	1.482594e+01	3.255661e+02
1.720000e-06	2.373701e-06	5.612794e-09	1.530367e+01	3.338258e+02
1.730000e-06	2.447437e-06	5.744933e-09	1.577905e+01	3.417736e+02
1.740000e-06	2.520797e-06	5.875999e-09	1.625202e+01	3.494253e+02
1.750000e-06	2.593801e-06	6.004648e-09	1.672269e+01	3.567966e+02
1.760000e-06	2.666418e-06	6.123833e-09	1.719087e+01	3.639026e+02
1.770000e-06	2.738647e-06	6.233767e-09	1.765654e+01	3.707576e+02
1.780000e-06	2.810593e-06	6.342800e-09	1.812038e+01	3.773744e+02
1.790000e-06	2.882285e-06	6.452788e-09	1.858260e+01	3.837648e+02
1.800000e-06	2.953693e-06	6.555712e-09	1.904297e+01	3.899390e+02
1.810000e-06	3.024783e-06	6.650435e-09	1.950130e+01	3.959065e+02
1.820000e-06	3.095616e-06	6.746985e-09	1.995798e+01	4.016758e+02
1.830000e-06	3.166160e-06	6.844969e-09	2.041279e+01	4.072551e+02
1.840000e-06	3.236267e-06	6.938961e-09	2.086478e+01	4.126522e+02
1.850000e-06	3.305923e-06	7.023861e-09	2.131387e+01	4.178753e+02
1.860000e-06	3.375203e-06	7.104800e-09	2.176052e+01	4.229327e+02
1.870000e-06	3.444109e-06	7.189511e-09	2.220478e+01	4.278328e+02
1.880000e-06	3.512641e-06	7.270002e-09	2.264662e+01	4.325844e+02
1.890000e-06	3.580797e-06	7.344211e-09	2.308603e+01	4.371961e+02
1.900000e-06	3.648547e-06	7.416732e-09	2.352283e+01	4.416762e+02
1.910000e-06	3.715883e-06	7.491642e-09	2.395695e+01	4.460325e+02
1.920000e-06	3.782715e-06	7.566446e-09	2.438783e+01	4.502718e+02
1.930000e-06	3.848996e-06	7.634892e-09	2.481515e+01	4.544002e+02
1.940000e-06	3.914694e-06	7.701702e-09	2.523872e+01	4.584227e+02
1.950000e-06	3.979719e-06	7.770943e-09	2.565794e+01	4.623432e+02
1.960000e-06	4.044197e-06	7.839020e-09	2.607365e+01	4.661649e+02
1.970000e-06	4.108330e-06	7.900741e-09	2.648712e+01	4.698906e+02
1.980000e-06	4.172093e-06	7.957347e-09	2.689821e+01	4.735226e+02
1.990000e-06	4.235357e-06	8.016880e-09	2.730609e+01	4.770633e+02
2.000000e-06	4.298129e-06	8.078259e-09	2.771079e+01	4.805156e+02
2.010000e-06	4.360479e-06	8.135330e-09	2.811277e+01	4.838823e+02
2.020000e-06	4.422418e-06	8.189160e-09	2.851211e+01	4.871671e+02
2.030000e-06	4.483894e-06	8.243437e-09	2.890845e+01	4.903739e+02
2.040000e-06	4.544897e-06	8.299924e-09	2.930175e+01	4.935067e+02
2.050000e-06	4.605420e-06	8.352438e-09	2.969195e+01	4.965698e+02
2.060000e-06	4.665464e-06	8.399777e-09	3.007907e+01	4.995669e+02
2.070000e-06	4.725024e-06	8.450290e-09	3.046306e+01	5.025014e+02
2.080000e-06	4.783850e-06	8.504079e-09	3.084232e+01	5.053761e+02
2.090000e-06	4.841877e-06	8.553722e-09	3.121643e+01	5.081928e+02
2.100000e-06	4.899180e-06	8.597382e-09	3.158587e+01	5.109528e+02
2.110000e-06	4.955834e-06	8.641320e-09	3.195113e+01	5.136565e+02
2.120000e-06	5.011991e-06	8.686409e-09	3.231319e+01	5.163039e+02
2.130000e-06	5.067688e-06	8.727806e-09	3.267227e+01	5.188950e+02
2.140000e-06	5.122800e-06	8.766364e-09	3.302759e+01	5.214297e+02
2.150000e-06	5.177318e-06	8.810473e-09	3.337908e+01	5.239082e+02
2.160000e-06	5.231242e-06	8.857523e-09	3.372674e+01	5.263311e+02
2.170000e-06	5.284478e-06	8.899781e-09	3.406996e+01	5.286995e+02
2.180000e-06	5.337048e-06	8.937350e-09	3.440889e+01	5.310152e+02
2.190000e-06	5.388827e-06	8.974688e-09	3.474271e+01	5.332801e+02
2.200000e-06	5.439702e-06	9.012040e-09	3.507072e+01	5.354962e+02
2.210000e-06	5.489727e-06	9.043911e-09	3.539323e+01	5.376654e+02
2.220000e-06	5.538908e-06	9.072810e-09	3.571031e+01	5.397891e+02
2.230000e-06	5.587362e-06	9.105225e-09	3.602270e+01	5.418682e+02
2.240000e-06	5.635206e-06	9.143902e-09	3.633116e+01	5.439027e+02
2.250000e-06	5.682417e-06	9.183598e-09	3.663554e+01	5.458920e+02
2.260000e-06	5.728957e-06	9.218081e-09	3.693559e+01	5.478348e+02
2.270000e-06	5.774796e-06	9.247763e-09	3.723112e+01	5.497296e+02
2.280000e-06	5.819886e-06	9.277755e-09	3.752183e+01	5.515747e+02
2.290000e-06	5.864369e-06	9.309155e-09	3.780862e+01	5.533688e+02
2.300000e-06	5.908416e-06	9.337182e-09	3.809259e+01	5.551112e+02
2.310000e-06	5.951880e-06	9.362317e-09	3.837282e+01	5.568022e+02
2.320000e-06	5.994366e-06	9.388904e-09	3.864673e+01	5.584431e+02
2.330000e-06	6.035775e-06	9.417244e-09	3.891370e+01	5.600362e+02
2.340000e-06	6.076429e-06	9.441910e-09	3.917580e+01	5.615848e+02
2.350000e-06	6.116528e-06	9.464149e-09	3.943433e+01	5.630929e+02
2.360000e-06	6.155969e-06	9.489520e-09	3.968861e+01	5.645644e+02
2.370000e-06	6.194664e-06	9.519184e-09	3.993809e+01	5.660031e+02
2.380000e-06	6.232572e-06	9.547358e-09	4.018248e+01	5.674124e+02
2.390000e-06	6.269721e-06	9.568960e-09	4.042199e+01	5.687942e+02
2.400000e-06	6.306268e-06	9.587930e-09	4.065762e+01	5.701497e+02
2.410000e-06	6.342257e-06	9.608372e-09	4.088964e+01	5.714785e+02
2.420000e-06	6.377551e-06	9.627883e-09	4.111719e+01	5.727790e+02
2.430000e-06	6.411878e-06	9.648679e-09	4.133850e+01	5.740489e+02
2.440000e-06	6.445134e-06	9.672023e-09	4.155291e+01	5.752855e+02
2.450000e-06	6.477606e-06	9.697530e-09	4.176226e+01	5.764859e+02
2.460000e-06	6.509480e-06	9.720722e-09	4.196776e+01	5.776477e+02
2.470000e-06	6.540615e-06	9.738153e-09	4.216849e+01	5.787696e+02
2.480000e-06	6.571017e-06	9.752302e-09	4.236450e+01	5.798511e+02
2.490000e-06	6.600736e-06	9.765330e-09	4.255610e+01	5.808933e+02
2.500000e-06	6.629696e-06	9.778147e-09	4.274281e+01	5.818984e+02
2.510000e-06	6.657985e-06	9.792172e-09	4.292520e+01	5.828691e+02
2.520000e-06	6.685626e-06	9.810906e-09	4.310341e+01	5.838092e+02
2.530000e-06	6.712320e-06	9.830578e-09	4.327551e+01	5.847218e+02
2.540000e-06	6.737896e-06	9.848469e-09	4.344040e+01	5.856101e+02
2.550000e-06	6.762511e-06	9.863458e-09	4.359910e+01	5.864758e+02
2.560000e-06	6.786361e-06	9.879291e-09	4.375286e+01	5.873196e+02
2.570000e-06	6.809464e-06	9.895610e-09	4.390181e+01	5.881408e+02
2.580000e-06	6.831795e-06	9.909320e-09	4.404578e+01	5.889372e+02
2.590000e-06	6.853350e-06	9.922085e-09	4.418475e+01	5.897059e+02
2.600000e-06	6.874161e-06	9.934013e-09	4.431892e+01	5.904430e+02
2.610000e-06	6.894394e-06	9.944609e-09	4.444937e+01	5.911451e+02
2.620000e-06	6.913928e-06	9.955024e-09	4.457531e+01	5.918090e+02
2.630000e-06	6.932579e-06	9.963714e-09	4.469555e+01	5.924328e+02
2.640000e-06	6.950386e-06	9.972413e-09	4.481036e+01	5.930159e+02
2.650000e-06	6.967393e-06	9.982009e-09	4.492000e+01	5.935596e+02
2.660000e-06	6.983473e-06	9.991263e-09	4.502367e+01	5.940666e+02
2.670000e-06	6.998582e-06	1.000132e-08	4.512109e+01	5.945409e+02
2.680000e-06	7.012768e-06	1.000950e-08	4.521254e+01	5.949875e+02
2.690000e-06	7.026060e-06	1.001507e-08	4.529824e+01	5.954114e+02
2.700000e-06	7.038565e-06	1.002137e-08	4.537886e+01	5.958171e+02
2.710000e-06	7.050200e-06	1.002882e-08	4.545388e+01	5.962081e+02
2.720000e-06	7.060671e-06	1.003277e-08	4.552139e+01	5.965861e+02
2.730000e-06	7.069967e-06	1.003385e-08	4.558132e+01	5.969507e+02
2.740000e-06	7.078425e-06	1.003712e-08	4.563585e+01	5.972998e+02
2.750000e-06	7.086105e-06	1.004335e-08	4.568536e+01	5.976292e+02
2.760000e-06	7.093014e-06	1.005079e-08	4.572991e+01	5.979334e+02
2.770000e-06	7.099068e-06	1.006001e-08	4.576894e+01	5.982063e+02
2.780000e-06	7.104290e-06	1.006881e-08	4.580261e+01	5.984419e+02
2.790000e-06	7.108872e-06	1.007468e-08	4.583214e+01	5.986350e+02
2.800000e-06	7.112775e-06	1.007556e-08	4.585731e+01	5.987822e+02
2.810000e-06	7.115744e-06	1.007227e-08	4.587645e+01	5.988818e+02
2.820000e-06	7.117480e-06	1.006434e-08	4.588764e+01	5.989347e+02
2.830000e-06	7.118197e-06	1.005560e-08	4.589226e+01	5.989441e+02
2.840000e-06	7.118249e-06	1.005386e-08	4.589260e+01	5.989152e+02
2.850000e-06	7.117602e-06	1.006004e-08	4.588843e+01	5.988545e+02
2.860000e-06	7.116167e-06	1.006672e-08	4.587918e+01	5.987691e+02
2.870000e-06	7.113932e-06	1.006900e-08	4.586477e+01	5.986664e+02
2.880000e-06	7.110932e-06	1.007019e-08	4.584543e+01	5.985523e+02
2.890000e-06	7.107316e-06	1.006914e-08	4.582211e+01	5.984315e+02
2.900000e-06	7.103094e-06	1.005625e-08	4.579489e+01	5.983065e+02
2.910000e-06	7.097947e-06	1.003522e-08	4.576171e+01	5.981776e+02
2.920000e-06	7.091732e-06	1.006889e-08	4.572164e+01	5.980429e+02
2.930000e-06	7.084538e-06	1.010191e-08	4.567526e+01	5.978987e+02
2.940000e-06	7.076454e-06	1.008692e-08	4.562314e+01	5.977401e+02
2.950000e-06	7.067358e-06	1.002810e-08	4.556450e+01	5.975617e+02
2.960000e-06	7.057198e-06	9.949934e-09	4.549899e+01	5.973583e+02
2.970000e-06	7.046324e-06	1.003270e-08	4.542889e+01	5.971252e+02
2.980000e-06	7.034923e-06	1.007210e-08	4.535538e+01	5.968595e+02
2.990000e-06	7.022697e-06	9.951675e-09	4.527656e+01	5.965598e+02
3.000000e-06	7.009264e-06	9.983759e-09	4.518995e+01	5.962263e+02
3.010000e-06	6.994771e-06	1.004827e-08	4.509651e+01	5.958608e+02
3.020000e-06	6.979436e-06	9.996374e-09	4.499765e+01	5.954663e+02
3.030000e-06	6.963215e-06	1.004063e-08	4.489307e+01	5.950462e+02
3.040000e-06	6.946285e-06	1.001645e-08	4.478392e+01	5.946041e+02
3.050000e-06	6.928701e-06	9.929428e-09	4.467055e+01	5.941427e+02
3.060000e-06	6.910293e-06	1.002142e-08	4.455187e+01	5.936636e+02
3.070000e-06	6.891102e-06	1.002982e-08	4.442814e+01	5.931671e+02
3.080000e-06	6.871184e-06	9.997446e-09	4.429973e+01	5.926515e+02
3.090000e-06	6.850580e-06	1.000074e-08	4.416689e+01	5.921139e+02
3.100000e-06	6.829150e-06	9.959311e-09	4.402873e+01	5.915500e+02
3.110000e-06	6.806587e-06	1.000104e-08	4.388326e+01	5.909548e+02
3.120000e-06	6.783018e-06	9.961398e-09	4.373131e+01	5.903227e+02
3.130000e-06	6.758841e-06	9.917167e-09	4.357544e+01	5.896488e+02
3.140000e-06	6.733924e-06	9.986245e-09	4.341479e+01	5.889286e+02
3.150000e-06	6.708037e-06	9.978694e-09	4.324789e+01	5.881587e+02
3.160000e-06	6.681333e-06	9.960331e-09	4.307573e+01	5.873371e+02
3.170000e-06	6.653950e-06	9.916659e-09	4.289918e+01	5.864631e+02
3.180000e-06	6.625795e-06	9.895508e-09	4.271766e+01	5.855372e+02
3.190000e-06	6.596686e-06	9.906052e-09	4.252999e+01	5.845609e+02
3.200000e-06	6.566583e-06	9.853816e-09	4.233592e+01	5.835363e+02
3.210000e-06	6.535579e-06	9.859252e-09	4.213603e+01	5.824656e+02
3.220000e-06	6.503828e-06	9.824768e-09	4.193132e+01	5.813511e+02
3.230000e-06	6.471323e-06	9.806376e-09	4.172176e+01	5.801946e+02
3.240000e-06	6.438050e-06	9.818667e-09	4.150724e+01	5.789976e+02
3.250000e-06	6.404140e-06	9.765349e-09	4.128862e+01	5.777609e+02
3.260000e-06	6.369564e-06	9.753111e-09	4.106570e+01	5.764850e+02
3.270000e-06	6.334265e-06	9.717725e-09	4.083812e+01	5.751700e+02
3.280000e-06	6.298304e-06	9.715054e-09	4.060627e+01	5.738159e+02
3.290000e-06	6.261583e-06	9.699974e-09	4.036952e+01	5.724229e+02
3.300000e-06	6.223910e-06	9.653337e-09	4.012664e+01	5.709915e+02
3.310000e-06	6.185231e-06	9.642063e-09	3.987727e+01	5.695223e+02
3.320000e-06	6.145743e-06	9.609071e-09	3.962268e+01	5.680163e+02
3.330000e-06	6.105693e-06	9.598297e-09	3.936447e+01	5.664747e+02
3.340000e-06	6.065031e-06	9.545027e-09	3.910232e+01	5.648986e+02
3.350000e-06	6.023545e-06	9.514979e-09	3.883485e+01	5.632889e+02
3.360000e-06	5.981315e-06	9.508699e-09	3.856259e+01	5.616460e+02
3.370000e-06	5.938518e-06	9.482454e-09	3.828667e+01	5.599694e+02
3.380000e-06	5.895108e-06	9.456522e-09	3.800679e+01	5.582582e+02
3.390000e-06	5.851034e-06	9.399873e-09	3.772265e+01	5.565106e+02
3.400000e-06	5.806383e-06	9.380516e-09	3.743477e+01	5.547243e+02
3.410000e-06	5.761154e-06	9.351430e-09	3.714317e+01	5.528966e+02
3.420000e-06	5.715227e-06	9.311341e-09	3.684707e+01	5.510249e+02
3.430000e-06	5.668545e-06	9.267035e-09	3.654610e+01	5.491069e+02
3.440000e-06	5.621121e-06	9.243671e-09	3.624036e+01	5.471412e+02
3.450000e-06	5.573007e-06	9.236078e-09	3.593015e+01	5.451269e+02
3.460000e-06	5.524022e-06	9.185906e-09	3.561434e+01	5.430645e+02
3.470000e-06	5.474305e-06	9.134656e-09	3.529381e+01	5.409552e+02
3.480000e-06	5.424027e-06	9.098770e-09	3.496966e+01	5.388010e+02
3.490000e-06	5.373048e-06	9.081179e-09	3.464098e+01	5.366045e+02
3.500000e-06	5.321379e-06	9.034215e-09	3.430786e+01	5.343681e+02
3.510000e-06	5.268898e-06	8.978049e-09	3.396951e+01	5.320936e+02
3.520000e-06	5.215605e-06	8.945602e-09	3.362592e+01	5.297822e+02
3.530000e-06	5.161457e-06	8.919357e-09	3.327682e+01	5.274336e+02
3.540000e-06	5.106559e-06	8.869760e-09	3.292288e+01	5.250462e+02
3.550000e-06	5.051056e-06	8.805775e-09	3.256505e+01	5.226170e+02
3.560000e-06	4.994977e-06	8.771723e-09	3.220349e+01	5.201418e+02
3.570000e-06	4.938387e-06	8.743042e-09	3.183865e+01	5.176154e+02
3.580000e-06	4.881259e-06	8.697690e-09	3.147033e+01	5.150325e+02
3.590000e-06	4.823526e-06	8.636770e-09	3.109812e+01	5.123878e+02
3.600000e-06	4.765161e-06	8.595961e-09	3.072183e+01	5.096772e+02
3.610000e-06	4.706226e-06	8.560731e-09	3.034186e+01	5.068973e+02
3.620000e-06	4.646817e-06	8.504548e-09	2.995885e+01	5.040467e+02
3.630000e-06	4.586991e-06	8.438400e-09	2.957314e+01	5.011253e+02
3.640000e-06	4.526630e-06	8.390260e-09	2.918398e+01	4.981347e+02
3.650000e-06	4.465582e-06	8.357105e-09	2.879039e+01	4.950776e+02
3.660000e-06	4.403854e-06	8.303581e-09	2.839242e+01	4.919571e+02
3.670000e-06	4.341452e-06	8.238292e-09	2.799010e+01	4.887768e+02
3.680000e-06	4.278446e-06	8.181913e-09	2.758389e+01	4.855392e+02
3.690000e-06	4.214982e-06	8.136264e-09	2.717473e+01	4.822460e+02
3.700000e-06	4.151059e-06	8.074476e-09	2.676261e+01	4.788971e+02
3.710000e-06	4.086697e-06	8.003509e-09	2.634765e+01	4.754906e+02
3.720000e-06	4.021939e-06	7.940734e-09	2.593015e+01	4.720228e+02
3.730000e-06	3.956702e-06	7.889538e-09	2.550955e+01	4.684885e+02
3.740000e-06	3.890976e-06	7.829467e-09	2.508580e+01	4.648814e+02
3.750000e-06	3.824805e-06	7.755552e-09	2.465919e+01	4.611945e+02
3.760000e-06	3.758233e-06	7.690858e-09	2.422999e+01	4.574212e+02
3.770000e-06	3.691313e-06	7.635462e-09	2.379854e+01	4.535553e+02
3.780000e-06	3.624040e-06	7.573779e-09	2.336482e+01	4.495922e+02
3.790000e-06	3.556381e-06	7.496937e-09	2.292861e+01	4.455287e+02
3.800000e-06	3.488317e-06	7.423834e-09	2.248979e+01	4.413633e+02
3.810000e-06	3.419748e-06	7.357886e-09	2.204771e+01	4.370962e+02
3.820000e-06	3.350630e-06	7.283679e-09	2.160210e+01	4.327287e+02
3.830000e-06	3.281044e-06	7.197751e-09	2.115346e+01	4.282628e+02
3.840000e-06	3.210890e-06	7.118233e-09	2.070117e+01	4.237009e+02
3.850000e-06	3.140261e-06	7.050403e-09	2.024582e+01	4.190448e+02
3.860000e-06	3.069252e-06	6.974018e-09	1.978801e+01	4.142952e+02
3.870000e-06	2.997870e-06	6.885795e-09	1.932780e+01	4.094516e+02
3.880000e-06	2.926135e-06	6.799178e-09	1.886531e+01	4.045117e+02
3.890000e-06	2.854114e-06	6.719930e-09	1.840097e+01	3.994716e+02
3.900000e-06	2.781809e-06	6.635930e-09	1.793481e+01	3.943262e+02
3.910000e-06	2.709139e-06	6.539082e-09	1.746630e+01	3.890690e+02
3.920000e-06	2.636225e-06	6.444032e-09	1.699620e+01	3.836929e+02
3.930000e-06	2.563064e-06	6.355504e-09	1.652452e+01	3.781906e+02
3.940000e-06	2.489633e-06	6.262860e-09	1.605110e+01	3.725552e+02
3.950000e-06	2.415939e-06	6.162959e-09	1.557598e+01	3.667799e+02
3.960000e-06	2.341912e-06	6.061480e-09	1.509872e+01	3.608588e+02
3.970000e-06	2.267581e-06	5.963087e-09	1.461950e+01	3.547867e+02
3.980000e-06	2.193011e-06	5.864049e-09	1.413873e+01	3.485586e+02
3.990000e-06	2.118216e-06	5.755398e-09	1.365651e+01	3.421697e+02
4.000000e-06	2.043148e-06	5.642095e-09	1.317253e+01	3.356151e+02
4.010000e-06	1.967795e-06	5.529905e-09	1.268672e+01	3.288891e+02
4.020000e-06	1.892167e-06	5.414274e-09	1.219913e+01	3.219853e+02
4.030000e-06	1.816283e-06	5.289365e-09	1.170990e+01	3.148961e+02
4.040000e-06	1.740171e-06	5.158568e-09	1.121919e+01	3.076129e+02
4.050000e-06	1.663731e-06	5.034273e-09	1.072637e+01	3.001259e+02
4.060000e-06	1.587000e-06	4.910724e-09	1.023167e+01	2.924247e+02
4.070000e-06	1.510122e-06	4.777632e-09	9.736022e+00	2.844984e+02
4.080000e-06	1.432994e-06	4.640340e-09	9.238764e+00	2.763361e+02
4.090000e-06	1.355697e-06	4.504656e-09	8.740415e+00	2.679268e+02
4.100000e-06	1.278245e-06	4.364944e-09	8.241069e+00	2.592600e+02
4.110000e-06	1.200460e-06	4.208738e-09	7.739577e+00	2.503253e+02
4.120000e-06	1.122451e-06	4.043275e-09	7.236636e+00	2.411125e+02
4.130000e-06	1.044279e-06	3.881211e-09	6.732652e+00	2.316111e+02
4.140000e-06	9.660215e-07	3.720146e-09	6.228110e+00	2.218098e+02
4.150000e-06	8.876566e-07	3.549035e-09	5.722878e+00	2.116961e+02
4.160000e-06	8.091429e-07	3.367506e-09	5.216686e+00	2.012558e+02
4.170000e-06	7.305505e-07	3.188795e-09	4.709987e+00	1.904728e+02
4.180000e-06	6.518963e-07	3.008878e-09	4.202890e+00	1.793297e+02
4.190000e-06	5.730992e-07	2.815942e-09	3.694871e+00	1.678075e+02
4.200000e-06	4.942168e-07	2.608788e-09	3.186302e+00	1.558870e+02
4.210000e-06	4.152976e-07	2.399424e-09	2.677497e+00	1.435504e+02
4.220000e-06	3.362707e-07	2.190925e-09	2.167996e+00	1.307821e+02
4.230000e-06	2.573057e-07	1.970528e-09	1.658895e+00	1.175715e+02
4.240000e-06	1.783163e-07	1.735845e-09	1.149636e+00	1.039143e+02
4.250000e-06	9.918870e-08	1.498783e-09	6.394869e-01	8.981465e+01
4.260000e-06	2.003790e-08	1.261869e-09	1.291879e-01	7.528653e+01
4.270000e-06	-5.903866e-08	1.014272e-09	-3.806326e-01	6.035467e+01
4.280000e-06	-1.380507e-07	7.546574e-10	-8.900373e-01	4.505508e+01
4.290000e-06	-2.171042e-07	4.929905e-10	-1.399709e+00	2.943465e+01
4.300000e-06	-2.960957e-07	2.333682e-10	-1.908981e+00	1.355018e+01
4.310000e-06	-3.750865e-07	-3.517195e-11	-2.418248e+00	-2.533357e+00
4.320000e-06	-4.540553e-07	-3.155802e-10	-2.927374e+00	-1.874500e+01
4.330000e-06	-5.329066e-07	-5.937581e-10	-3.435742e+00	-3.501041e+01
4.340000e-06	-6.117308e-07	-8.617896e-10	-3.943936e+00	-5.125468e+01
4.350000e-06	-6.904691e-07	-1.128712e-09	-4.451576e+00	-6.740499e+01
4.360000e-06	-7.691307e-07	-1.397695e-09	-4.958721e+00	-8.339315e+01
4.370000e-06	-8.476983e-07	-1.660233e-09	-5.465260e+00	-9.915758e+01
4.380000e-06	-9.261075e-07	-1.912753e-09	-5.970778e+00	-1.146448e+02
4.390000e-06	-1.004354e-06	-2.162723e-09	-6.475244e+00	-1.298104e+02
4.400000e-06	-1.082390e-06	-2.415654e-09	-6.978356e+00	-1.446190e+02
4.410000e-06	-1.160208e-06	-2.662494e-09	-7.480063e+00	-1.590441e+02
4.420000e-06	-1.237934e-06	-2.898286e-09	-7.981176e+00	-1.730674e+02
4.430000e-06	-1.315520e-06	-3.128529e-09	-8.481390e+00	-1.866771e+02
4.440000e-06	-1.392859e-06	-3.355134e-09	-8.980005e+00	-1.998673e+02
4.450000e-06	-1.469893e-06	-3.571440e-09	-9.476655e+00	-2.126362e+02
4.460000e-06	-1.546610e-06	-3.773630e-09	-9.971264e+00	-2.249849e+02
4.470000e-06	-1.623067e-06	-3.967453e-09	-1.046420e+01	-2.369168e+02
4.480000e-06	-1.699271e-06	-4.160321e-09	-1.095550e+01	-2.484363e+02
4.490000e-06	-1.775219e-06	-4.350470e-09	-1.144515e+01	-2.595492e+02
4.500000e-06	-1.850908e-06	-4.532885e-09	-1.193313e+01	-2.702616e+02
4.510000e-06	-1.926307e-06	-4.709531e-09	-1.241924e+01	-2.805808e+02
4.520000e-06	-2.001492e-06	-4.883736e-09	-1.290397e+01	-2.905151e+02
4.530000e-06	-2.076445e-06	-5.050281e-09	-1.338720e+01	-3.000740e+02
4.540000e-06	-2.151090e-06	-5.205479e-09	-1.386845e+01	-3.092684e+02
4.550000e-06	-2.225498e-06	-5.349892e-09	-1.434818e+01	-3.181106e+02
4.560000e-06	-2.299680e-06	-5.489220e-09	-1.482644e+01	-3.266145e+02
4.570000e-06	-2.373605e-06	-5.628287e-09	-1.530305e+01	-3.347948e+02
4.580000e-06	-2.447217e-06	-5.763255e-09	-1.577764e+01	-3.426672e+02
4.590000e-06	-2.520560e-06	-5.890544e-09	-1.625049e+01	-3.502475e+02
4.600000e-06	-2.593622e-06	-6.014814e-09	-1.672153e+01	-3.575512e+02
4.610000e-06	-2.666333e-06	-6.138791e-09	-1.719032e+01	-3.645933e+02
4.620000e-06	-2.738776e-06	-6.255985e-09	-1.765737e+01	-3.713877e+02
4.630000e-06	-2.810932e-06	-6.365070e-09	-1.812257e+01	-3.779470e+02
4.640000e-06	-2.882814e-06	-6.471843e-09	-1.858601e+01	-3.842825e+02
4.650000e-06	-2.954426e-06	-6.579431e-09	-1.904770e+01	-3.904043e+02
4.660000e-06	-3.025655e-06	-6.681221e-09	-1.950693e+01	-3.963216e+02
4.670000e-06	-3.096635e-06	-6.774544e-09	-1.996455e+01	-4.020427e+02
4.680000e-06	-3.167263e-06	-6.864728e-09	-2.041990e+01	-4.075758e+02
4.690000e-06	-3.237396e-06	-6.955538e-09	-2.087206e+01	-4.129288e+02
4.700000e-06	-3.307085e-06	-7.044710e-09	-2.132136e+01	-4.181098e+02
4.710000e-06	-3.376240e-06	-7.129256e-09	-2.176721e+01	-4.231272e+02
4.720000e-06	-3.444896e-06	-7.213769e-09	-2.220985e+01	-4.279894e+02
4.730000e-06	-3.513112e-06	-7.296962e-09	-2.264965e+01	-4.327054e+02
4.740000e-06	-3.580795e-06	-7.376384e-09	-2.308601e+01	-4.372835e+02
4.750000e-06	-3.648032e-06	-7.451063e-09	-2.351950e+01	-4.417321e+02
4.760000e-06	-3.714961e-06	-7.521757e-09	-2.395101e+01	-4.460586e+02
4.770000e-06	-3.781490e-06	-7.591406e-09	-2.437993e+01	-4.502698e+02
4.780000e-06	-3.847586e-06	-7.659840e-09	-2.480606e+01	-4.543714e+02
4.790000e-06	-3.913205e-06	-7.728595e-09	-2.522912e+01	-4.583681e+02
4.800000e-06	-3.978441e-06	-7.796523e-09	-2.564971e+01	-4.622637e+02
4.810000e-06	-4.043243e-06	-7.862984e-09	-2.606750e+01	-4.660613e+02
4.820000e-06	-4.107582e-06	-7.925903e-09	-2.648230e+01	-4.697635e+02
4.830000e-06	-4.171475e-06	-7.983531e-09	-2.689423e+01	-4.733725e+02
4.840000e-06	-4.234872e-06	-8.038519e-09	-2.730296e+01	-4.768910e+02
4.850000e-06	-4.297847e-06	-8.095168e-09	-2.770897e+01	-4.803217e+02
4.860000e-06	-4.360247e-06	-8.154385e-09	-2.811128e+01	-4.836677e+02
4.870000e-06	-4.422001e-06	-8.210980e-09	-2.850941e+01	-4.869327e+02
4.880000e-06	-4.483140e-06	-8.261557e-09	-2.890359e+01	-4.901207e+02
4.890000e-06	-4.543570e-06	-8.311994e-09	-2.929319e+01	-4.932358e+02
4.900000e-06	-4.603420e-06	-8.363329e-09	-2.967905e+01	-4.962822e+02
4.910000e-06	-4.662814e-06	-8.411603e-09	-3.006198e+01	-4.992635e+02
4.920000e-06	-4.721683e-06	-8.457094e-09	-3.044152e+01	-5.021829e+02
4.930000e-06	-4.780069e-06	-8.504519e-09	-3.081794e+01	-5.050431e+02
4.940000e-06	-4.837922e-06	-8.557434e-09	-3.119093e+01	-5.078456e+02
4.950000e-06	-4.895229e-06	-8.606688e-09	-3.156040e+01	-5.105916e+02
4.960000e-06	-4.951974e-06	-8.649703e-09	-3.192624e+01	-5.132813e+02
4.970000e-06	-5.008115e-06	-8.690734e-09	-3.228820e+01	-5.159148e+02
4.980000e-06	-5.063715e-06	-8.732150e-09	-3.264666e+01	-5.184919e+02
4.990000e-06	-5.118778e-06	-8.772305e-09	-3.300166e+01	-5.210126e+02
5.000000e-06	-5.173159e-06	-8.809374e-09	-3.335226e+01	-5.234772e+02
5.010000e-06	-5.226722e-06	-8.846580e-09	-3.369760e+01	-5.258865e+02
5.020000e-06	-5.279408e-06	-8.885285e-09	-3.403727e+01	-5.282417e+02
5.030000e-06	-5.331278e-06	-8.923921e-09	-3.437168e+01	-5.305446e+02
5.040000e-06	-5.382490e-06	-8.959851e-09	-3.470186e+01	-5.327972e+02
5.050000e-06	-5.433088e-06	-8.995761e-09	-3.502807e+01	-5.350016e+02
5.060000e-06	-5.482985e-06	-9.035830e-09	-3.534977e+01	-5.371594e+02
5.070000e-06	-5.532073e-06	-9.072411e-09	-3.566625e+01	-5.392720e+02
5.080000e-06	-5.580314e-06	-9.102025e-09	-3.597726e+01	-5.413400e+02
5.090000e-06	-5.627627e-06	-9.131891e-09	-3.628230e+01	-5.433634e+02
5.100000e-06	-5.674181e-06	-9.164019e-09	-3.658244e+01	-5.453413e+02
5.110000e-06	-5.720131e-06	-9.196308e-09	-3.687869e+01	-5.472724e+02
5.120000e-06	-5.765461e-06	-9.225696e-09	-3.717094e+01	-5.491550e+02
5.130000e-06	-5.810212e-06	-9.257665e-09	-3.745945e+01	-5.509876e+02
5.140000e-06	-5.854335e-06	-9.294373e-09	-3.774393e+01	-5.527689e+02
5.150000e-06	-5.897844e-06	-9.327936e-09	-3.802443e+01	-5.544985e+02
5.160000e-06	-5.940851e-06	-9.354893e-09	-3.830171e+01	-5.561769e+02
5.170000e-06	-5.983263e-06	-9.377361e-09	-3.857515e+01	-5.578057e+02
5.180000e-06	-6.024945e-06	-9.400489e-09	-3.884388e+01	-5.593875e+02
5.190000e-06	-6.065959e-06	-9.424470e-09	-3.910830e+01	-5.609257e+02
5.200000e-06	-6.106298e-06	-9.446593e-09	-3.936837e+01	-5.624244e+02
5.210000e-06	-6.146030e-06	-9.469935e-09	-3.962454e+01	-5.638874e+02
5.220000e-06	-6.185118e-06	-9.496996e-09	-3.987654e+01	-5.653186e+02
5.230000e-06	-6.223379e-06	-9.526621e-09	-4.012322e+01	-5.667210e+02
5.240000e-06	-6.260656e-06	-9.553354e-09	-4.036355e+01	-5.680963e+02
5.250000e-06	-6.296949e-06	-9.576967e-09	-4.059754e+01	-5.694453e+02
5.260000e-06	-6.332527e-06	-9.598181e-09	-4.082691e+01	-5.707673e+02
5.270000e-06	-6.367559e-06	-9.617350e-09	-4.105277e+01	-5.720605e+02
5.280000e-06	-6.401895e-06	-9.635900e-09	-4.127414e+01	-5.733225e+02
5.290000e-06	-6.435385e-06	-9.655323e-09	-4.149006e+01	-5.745504e+02
5.300000e-06	-6.468108e-06	-9.676703e-09	-4.170103e+01	-5.757415e+02
5.310000e-06	-6.500168e-06	-9.698599e-09	-4.190772e+01	-5.768935e+02
5.320000e-06	-6.531593e-06	-9.717780e-09	-4.211033e+01	-5.780054e+02
5.330000e-06	-6.562279e-06	-9.736135e-09	-4.230816e+01	-5.790770e+02
5.340000e-06	-6.591930e-06	-9.755888e-09	-4.249933e+01	-5.801098e+02
5.350000e-06	-6.620549e-06	-9.775084e-09	-4.268384e+01	-5.811061e+02
5.360000e-06	-6.648413e-06	-9.792220e-09	-4.286348e+01	-5.820690e+02
5.370000e-06	-6.675596e-06	-9.806256e-09	-4.303874e+01	-5.830019e+02
5.380000e-06	-6.702006e-06	-9.821353e-09	-4.320901e+01	-5.839084e+02
5.390000e-06	-6.727579e-06	-9.837523e-09	-4.337388e+01	-5.847910e+02
5.400000e-06	-6.752387e-06	-9.853366e-09	-4.353382e+01	-5.856513e+02
5.410000e-06	-6.776490e-06	-9.868092e-09	-4.368922e+01	-5.864897e+02
5.420000e-06	-6.800016e-06	-9.883111e-09	-4.384089e+01	-5.873050e+02
5.430000e-06	-6.822750e-06	-9.896609e-09	-4.398747e+01	-5.880950e+02
5.440000e-06	-6.844261e-06	-9.909476e-09	-4.412615e+01	-5.888562e+02
5.450000e-06	-6.864697e-06	-9.923261e-09	-4.425791e+01	-5.895850e+02
5.460000e-06	-6.884376e-06	-9.934806e-09	-4.438478e+01	-5.902779e+02
5.470000e-06	-6.903402e-06	-9.944733e-09	-4.450744e+01	-5.909321e+02
5.480000e-06	-6.921716e-06	-9.953714e-09	-4.462552e+01	-5.915458e+02
5.490000e-06	-6.939249e-06	-9.963353e-09	-4.473856e+01	-5.921190e+02
5.500000e-06	-6.956005e-06	-9.974323e-09	-4.484659e+01	-5.926532e+02
5.510000e-06	-6.971984e-06	-9.984288e-09	-4.494960e+01	-5.931517e+02
5.520000e-06	-6.987280e-06	-9.993487e-09	-4.504822e+01	-5.936188e+02
5.530000e-06	-7.001695e-06	-1.000460e-08	-4.514116e+01	-5.940593e+02
5.540000e-06	-7.014830e-06	-1.001575e-08	-4.522584e+01	-5.944784e+02
5.550000e-06	-7.026826e-06	-1.002476e-08	-4.530318e+01	-5.948803e+02
5.560000e-06	-7.037941e-06	-1.003109e-08	-4.537484e+01	-5.952680e+02
5.570000e-06	-7.048151e-06	-1.003674e-08	-4.544066e+01	-5.956429e+02
5.580000e-06	-7.057557e-06	-1.004430e-08	-4.550131e+01	-5.960041e+02
5.590000e-06	-7.066220e-06	-1.004960e-08	-4.555716e+01	-5.963488e+02
5.600000e-06	-7.074164e-06	-1.005209e-08	-4.560838e+01	-5.966725e+02
5.610000e-06	-7.081416e-06	-1.005764e-08	-4.565513e+01	-5.969696e+02
5.620000e-06	-7.087791e-06	-1.006598e-08	-4.569623e+01	-5.972338e+02
5.630000e-06	-7.093048e-06	-1.007331e-08	-4.573012e+01	-5.974593e+02
5.640000e-06	-7.097332e-06	-1.007662e-08	-4.575775e+01	-5.976413e+02
5.650000e-06	-7.100868e-06	-1.007996e-08	-4.578054e+01	-5.977767e+02
5.660000e-06	-7.103599e-06	-1.008489e-08	-4.579815e+01	-5.978646e+02
5.670000e-06	-7.105526e-06	-1.008336e-08	-4.581057e+01	-5.979064e+02
5.680000e-06	-7.106649e-06	-1.007824e-08	-4.581782e+01	-5.979058e+02
5.690000e-06	-7.106970e-06	-1.007430e-08	-4.581988e+01	-5.978684e+02
