# Temperatura_=_20.0
# Concentracion g/m^3_=_9000.0
# C_Vs_to_Am_M_A/Vsm_=_59384043850.047264
# pendiente_HvsI_1/m_=_3716.3
# ordenada_HvsI_A/m_=_1297.0
# frecuencia_Hz_=_175587.43695500772

Tiempo_(s)	Campo_(V.s)	Magnetizacion_(V.s)	Campo_(kA/m)	Magnetizacion_(A/m)
0.000000e+00	-7.129215e-06	-1.003728e-08	-4.582406e+01	-5.955720e+02
1.000000e-08	-7.129107e-06	-1.003944e-08	-4.582337e+01	-5.955866e+02
2.000000e-08	-7.128421e-06	-1.003472e-08	-4.581896e+01	-5.955777e+02
3.000000e-08	-7.126833e-06	-1.002579e-08	-4.580875e+01	-5.955464e+02
4.000000e-08	-7.124114e-06	-1.002246e-08	-4.579128e+01	-5.954934e+02
5.000000e-08	-7.120388e-06	-1.002400e-08	-4.576733e+01	-5.954187e+02
6.000000e-08	-7.115951e-06	-1.002731e-08	-4.573881e+01	-5.953218e+02
7.000000e-08	-7.110870e-06	-1.003312e-08	-4.570615e+01	-5.952014e+02
8.000000e-08	-7.105006e-06	-1.002974e-08	-4.566846e+01	-5.950559e+02
9.000000e-08	-7.098292e-06	-1.000714e-08	-4.562530e+01	-5.948830e+02
1.000000e-07	-7.090661e-06	-9.990160e-09	-4.557626e+01	-5.946807e+02
1.100000e-07	-7.082132e-06	-9.979539e-09	-4.552143e+01	-5.944471e+02
1.200000e-07	-7.072652e-06	-1.001240e-08	-4.546050e+01	-5.941810e+02
1.300000e-07	-7.062000e-06	-1.004711e-08	-4.539203e+01	-5.938816e+02
1.400000e-07	-7.050373e-06	-1.000247e-08	-4.531729e+01	-5.935495e+02
1.500000e-07	-7.038007e-06	-9.997831e-09	-4.523781e+01	-5.931860e+02
1.600000e-07	-7.024759e-06	-9.996900e-09	-4.515266e+01	-5.927934e+02
1.700000e-07	-7.010651e-06	-9.984443e-09	-4.506198e+01	-5.923746e+02
1.800000e-07	-6.995574e-06	-9.991135e-09	-4.496507e+01	-5.919329e+02
1.900000e-07	-6.979205e-06	-9.937085e-09	-4.485986e+01	-5.914717e+02
2.000000e-07	-6.961871e-06	-9.926805e-09	-4.474844e+01	-5.909941e+02
2.100000e-07	-6.943980e-06	-9.971183e-09	-4.463344e+01	-5.905022e+02
2.200000e-07	-6.925328e-06	-9.962964e-09	-4.451355e+01	-5.899974e+02
2.300000e-07	-6.905865e-06	-9.930478e-09	-4.438845e+01	-5.894798e+02
2.400000e-07	-6.885704e-06	-9.910876e-09	-4.425886e+01	-5.889481e+02
2.500000e-07	-6.864869e-06	-9.880925e-09	-4.412494e+01	-5.884001e+02
2.600000e-07	-6.843323e-06	-9.902806e-09	-4.398645e+01	-5.878323e+02
2.700000e-07	-6.820973e-06	-9.888498e-09	-4.384279e+01	-5.872404e+02
2.800000e-07	-6.797922e-06	-9.852910e-09	-4.369463e+01	-5.866200e+02
2.900000e-07	-6.774171e-06	-9.857590e-09	-4.354197e+01	-5.859664e+02
3.000000e-07	-6.749624e-06	-9.848697e-09	-4.338419e+01	-5.852752e+02
3.100000e-07	-6.724277e-06	-9.837235e-09	-4.322127e+01	-5.845426e+02
3.200000e-07	-6.697860e-06	-9.792410e-09	-4.305147e+01	-5.837655e+02
3.300000e-07	-6.670365e-06	-9.775868e-09	-4.287474e+01	-5.829419e+02
3.400000e-07	-6.642038e-06	-9.783153e-09	-4.269266e+01	-5.820705e+02
3.500000e-07	-6.612972e-06	-9.775764e-09	-4.250584e+01	-5.811509e+02
3.600000e-07	-6.583197e-06	-9.754461e-09	-4.231445e+01	-5.801834e+02
3.700000e-07	-6.552620e-06	-9.718581e-09	-4.211792e+01	-5.791686e+02
3.800000e-07	-6.521253e-06	-9.704796e-09	-4.191630e+01	-5.781077e+02
3.900000e-07	-6.489180e-06	-9.702057e-09	-4.171014e+01	-5.770019e+02
4.000000e-07	-6.456506e-06	-9.669630e-09	-4.150013e+01	-5.758522e+02
4.100000e-07	-6.423191e-06	-9.642660e-09	-4.128599e+01	-5.746598e+02
4.200000e-07	-6.388883e-06	-9.630825e-09	-4.106547e+01	-5.734253e+02
4.300000e-07	-6.353495e-06	-9.632925e-09	-4.083801e+01	-5.721495e+02
4.400000e-07	-6.317310e-06	-9.608306e-09	-4.060542e+01	-5.708327e+02
4.500000e-07	-6.280481e-06	-9.563000e-09	-4.036870e+01	-5.694753e+02
4.600000e-07	-6.242889e-06	-9.540326e-09	-4.012707e+01	-5.680777e+02
4.700000e-07	-6.204516e-06	-9.523299e-09	-3.988043e+01	-5.666400e+02
4.800000e-07	-6.165467e-06	-9.502933e-09	-3.962943e+01	-5.651625e+02
4.900000e-07	-6.125741e-06	-9.467829e-09	-3.937409e+01	-5.636455e+02
5.000000e-07	-6.085367e-06	-9.446807e-09	-3.911458e+01	-5.620891e+02
5.100000e-07	-6.044367e-06	-9.433169e-09	-3.885105e+01	-5.604935e+02
5.200000e-07	-6.002586e-06	-9.404633e-09	-3.858249e+01	-5.588587e+02
5.300000e-07	-5.959834e-06	-9.367158e-09	-3.830770e+01	-5.571844e+02
5.400000e-07	-5.916145e-06	-9.329795e-09	-3.802688e+01	-5.554702e+02
5.500000e-07	-5.871712e-06	-9.307501e-09	-3.774128e+01	-5.537158e+02
5.600000e-07	-5.826715e-06	-9.286478e-09	-3.745206e+01	-5.519204e+02
5.700000e-07	-5.781112e-06	-9.254288e-09	-3.715894e+01	-5.500834e+02
5.800000e-07	-5.734806e-06	-9.218418e-09	-3.686130e+01	-5.482044e+02
5.900000e-07	-5.687818e-06	-9.188343e-09	-3.655927e+01	-5.462829e+02
6.000000e-07	-5.640114e-06	-9.163292e-09	-3.625265e+01	-5.443189e+02
6.100000e-07	-5.591733e-06	-9.120080e-09	-3.594168e+01	-5.423123e+02
6.200000e-07	-5.542727e-06	-9.078830e-09	-3.562668e+01	-5.402638e+02
6.300000e-07	-5.492942e-06	-9.050442e-09	-3.530668e+01	-5.381738e+02
6.400000e-07	-5.442168e-06	-9.026789e-09	-3.498033e+01	-5.360429e+02
6.500000e-07	-5.390416e-06	-8.987138e-09	-3.464768e+01	-5.338717e+02
6.600000e-07	-5.337950e-06	-8.938755e-09	-3.431045e+01	-5.316604e+02
6.700000e-07	-5.284809e-06	-8.903155e-09	-3.396888e+01	-5.294089e+02
6.800000e-07	-5.230923e-06	-8.870523e-09	-3.362252e+01	-5.271163e+02
6.900000e-07	-5.176442e-06	-8.828091e-09	-3.327233e+01	-5.247813e+02
7.000000e-07	-5.121417e-06	-8.781899e-09	-3.291865e+01	-5.224018e+02
7.100000e-07	-5.065803e-06	-8.749010e-09	-3.256118e+01	-5.199752e+02
7.200000e-07	-5.009588e-06	-8.716470e-09	-3.219985e+01	-5.174986e+02
7.300000e-07	-4.952841e-06	-8.670408e-09	-3.183510e+01	-5.149688e+02
7.400000e-07	-4.895608e-06	-8.616898e-09	-3.146723e+01	-5.123828e+02
7.500000e-07	-4.837672e-06	-8.574793e-09	-3.109484e+01	-5.097379e+02
7.600000e-07	-4.778839e-06	-8.538186e-09	-3.071668e+01	-5.070321e+02
7.700000e-07	-4.719243e-06	-8.493232e-09	-3.033362e+01	-5.042638e+02
7.800000e-07	-4.659071e-06	-8.440194e-09	-2.994685e+01	-5.014326e+02
7.900000e-07	-4.598420e-06	-8.392749e-09	-2.955701e+01	-4.985385e+02
8.000000e-07	-4.537354e-06	-8.348549e-09	-2.916450e+01	-4.955822e+02
8.100000e-07	-4.475855e-06	-8.296583e-09	-2.876921e+01	-4.925648e+02
8.200000e-07	-4.413820e-06	-8.236807e-09	-2.837047e+01	-4.894874e+02
8.300000e-07	-4.351240e-06	-8.183322e-09	-2.796823e+01	-4.863509e+02
8.400000e-07	-4.288182e-06	-8.139374e-09	-2.756291e+01	-4.831555e+02
8.500000e-07	-4.224629e-06	-8.089575e-09	-2.715442e+01	-4.799009e+02
8.600000e-07	-4.160579e-06	-8.029334e-09	-2.674272e+01	-4.765856e+02
8.700000e-07	-4.096093e-06	-7.972124e-09	-2.632823e+01	-4.732071e+02
8.800000e-07	-4.031195e-06	-7.922049e-09	-2.591109e+01	-4.697624e+02
8.900000e-07	-3.965844e-06	-7.866637e-09	-2.549104e+01	-4.662473e+02
9.000000e-07	-3.900014e-06	-7.801112e-09	-2.506791e+01	-4.626574e+02
9.100000e-07	-3.833674e-06	-7.736128e-09	-2.464150e+01	-4.589883e+02
9.200000e-07	-3.766803e-06	-7.677974e-09	-2.421167e+01	-4.552357e+02
9.300000e-07	-3.699323e-06	-7.617560e-09	-2.377794e+01	-4.513958e+02
9.400000e-07	-3.631321e-06	-7.547356e-09	-2.334085e+01	-4.474654e+02
9.500000e-07	-3.562968e-06	-7.476864e-09	-2.290150e+01	-4.434422e+02
9.600000e-07	-3.494286e-06	-7.412293e-09	-2.246003e+01	-4.393248e+02
9.700000e-07	-3.425265e-06	-7.343819e-09	-2.201639e+01	-4.351122e+02
9.800000e-07	-3.355842e-06	-7.267806e-09	-2.157016e+01	-4.308039e+02
9.900000e-07	-3.285987e-06	-7.190720e-09	-2.112116e+01	-4.263999e+02
1.000000e-06	-3.215737e-06	-7.119362e-09	-2.066961e+01	-4.218995e+02
1.010000e-06	-3.145153e-06	-7.044488e-09	-2.021592e+01	-4.173020e+02
1.020000e-06	-3.074292e-06	-6.962049e-09	-1.976046e+01	-4.126059e+02
1.030000e-06	-3.003091e-06	-6.880365e-09	-1.930280e+01	-4.078089e+02
1.040000e-06	-2.931464e-06	-6.803234e-09	-1.884241e+01	-4.029077e+02
1.050000e-06	-2.859444e-06	-6.721873e-09	-1.837949e+01	-3.978985e+02
1.060000e-06	-2.787054e-06	-6.632512e-09	-1.791420e+01	-3.927767e+02
1.070000e-06	-2.714281e-06	-6.542414e-09	-1.744643e+01	-3.875372e+02
1.080000e-06	-2.641252e-06	-6.454497e-09	-1.697703e+01	-3.821745e+02
1.090000e-06	-2.568041e-06	-6.364152e-09	-1.650646e+01	-3.766835e+02
1.100000e-06	-2.494515e-06	-6.267468e-09	-1.603385e+01	-3.710587e+02
1.110000e-06	-2.420622e-06	-6.168230e-09	-1.555890e+01	-3.652951e+02
1.120000e-06	-2.346349e-06	-6.070747e-09	-1.508150e+01	-3.593876e+02
1.130000e-06	-2.271629e-06	-5.971509e-09	-1.460123e+01	-3.533315e+02
1.140000e-06	-2.196563e-06	-5.864833e-09	-1.411873e+01	-3.471218e+02
1.150000e-06	-2.121098e-06	-5.753672e-09	-1.363366e+01	-3.407532e+02
1.160000e-06	-2.045190e-06	-5.643898e-09	-1.314576e+01	-3.342202e+02
1.170000e-06	-1.969052e-06	-5.533921e-09	-1.265637e+01	-3.275166e+02
1.180000e-06	-1.892644e-06	-5.419004e-09	-1.216525e+01	-3.206354e+02
1.190000e-06	-1.815989e-06	-5.299238e-09	-1.167253e+01	-3.135693e+02
1.200000e-06	-1.739131e-06	-5.178299e-09	-1.117852e+01	-3.063099e+02
1.210000e-06	-1.662141e-06	-5.054846e-09	-1.068365e+01	-2.988487e+02
1.220000e-06	-1.585027e-06	-4.924006e-09	-1.018799e+01	-2.911767e+02
1.230000e-06	-1.507735e-06	-4.787947e-09	-9.691185e+00	-2.832846e+02
1.240000e-06	-1.430404e-06	-4.651741e-09	-9.194129e+00	-2.751631e+02
1.250000e-06	-1.352901e-06	-4.514186e-09	-8.695970e+00	-2.668028e+02
1.260000e-06	-1.275084e-06	-4.369621e-09	-8.195785e+00	-2.581940e+02
1.270000e-06	-1.197033e-06	-4.217451e-09	-7.694105e+00	-2.493267e+02
1.280000e-06	-1.118842e-06	-4.063095e-09	-7.191521e+00	-2.401899e+02
1.290000e-06	-1.040473e-06	-3.909069e-09	-6.687791e+00	-2.307718e+02
1.300000e-06	-9.620178e-07	-3.747049e-09	-6.183509e+00	-2.210588e+02
1.310000e-06	-8.834529e-07	-3.574866e-09	-5.678522e+00	-2.110357e+02
1.320000e-06	-8.047663e-07	-3.398604e-09	-5.172752e+00	-2.006851e+02
1.330000e-06	-7.260059e-07	-3.219245e-09	-4.666508e+00	-1.899882e+02
1.340000e-06	-6.470851e-07	-3.031700e-09	-4.159233e+00	-1.789246e+02
1.350000e-06	-5.680265e-07	-2.836209e-09	-3.651073e+00	-1.674734e+02
1.360000e-06	-4.889279e-07	-2.637372e-09	-3.142655e+00	-1.556142e+02
1.370000e-06	-4.098149e-07	-2.434050e-09	-2.634145e+00	-1.433288e+02
1.380000e-06	-3.306491e-07	-2.220531e-09	-2.125295e+00	-1.306023e+02
1.390000e-06	-2.514356e-07	-1.994950e-09	-1.616139e+00	-1.174254e+02
1.400000e-06	-1.721045e-07	-1.762236e-09	-1.106226e+00	-1.037959e+02
1.410000e-06	-9.271692e-08	-1.524065e-09	-5.959515e-01	-8.971996e+01
1.420000e-06	-1.336219e-08	-1.277619e-09	-8.588744e-02	-7.521363e+01
1.430000e-06	6.595281e-08	-1.023593e-09	4.239212e-01	-6.030338e+01
1.440000e-06	1.452644e-07	-7.663090e-10	9.337080e-01	-4.502629e+01
1.450000e-06	2.245825e-07	-5.067936e-10	1.443537e+00	-2.942952e+01
1.460000e-06	3.039197e-07	-2.398041e-10	1.953488e+00	-1.356934e+01
1.470000e-06	3.832817e-07	3.513646e-11	2.463599e+00	2.490565e+00
1.480000e-06	4.625503e-07	3.123283e-10	2.973109e+00	1.868108e+01
1.490000e-06	5.416900e-07	5.874544e-10	3.481791e+00	3.493002e+01
1.500000e-06	6.208221e-07	8.614651e-10	3.990424e+00	5.116460e+01
1.510000e-06	6.999531e-07	1.135488e-09	4.499050e+00	6.731383e+01
1.520000e-06	7.788967e-07	1.403612e-09	5.006472e+00	8.331072e+01
1.530000e-06	8.576766e-07	1.664534e-09	5.512841e+00	9.909411e+01
1.540000e-06	9.363669e-07	1.924444e-09	6.018634e+00	1.146101e+02
1.550000e-06	1.014861e-06	2.185453e-09	6.523165e+00	1.298127e+02
1.560000e-06	1.093213e-06	2.439363e-09	7.026784e+00	1.446646e+02
1.570000e-06	1.171434e-06	2.681965e-09	7.529560e+00	1.591366e+02
1.580000e-06	1.249470e-06	2.917939e-09	8.031149e+00	1.732072e+02
1.590000e-06	1.327332e-06	3.150134e-09	8.531620e+00	1.868619e+02
1.600000e-06	1.405001e-06	3.372833e-09	9.030849e+00	2.000919e+02
1.610000e-06	1.482484e-06	3.584712e-09	9.528883e+00	2.128934e+02
1.620000e-06	1.559765e-06	3.792305e-09	1.002562e+01	2.252663e+02
1.630000e-06	1.636843e-06	3.998604e-09	1.052105e+01	2.372130e+02
1.640000e-06	1.713740e-06	4.197052e-09	1.101531e+01	2.487386e+02
1.650000e-06	1.790454e-06	4.381249e-09	1.150840e+01	2.598492e+02
1.660000e-06	1.866975e-06	4.555323e-09	1.200025e+01	2.705525e+02
1.670000e-06	1.943217e-06	4.724779e-09	1.249031e+01	2.808572e+02
1.680000e-06	2.019110e-06	4.890073e-09	1.297812e+01	2.907730e+02
1.690000e-06	2.094708e-06	5.049504e-09	1.346404e+01	3.003108e+02
1.700000e-06	2.170036e-06	5.203428e-09	1.394822e+01	3.094823e+02
1.710000e-06	2.245010e-06	5.353286e-09	1.443013e+01	3.183002e+02
1.720000e-06	2.319632e-06	5.498693e-09	1.490977e+01	3.267782e+02
1.730000e-06	2.393905e-06	5.635471e-09	1.538718e+01	3.349308e+02
1.740000e-06	2.467785e-06	5.763707e-09	1.586205e+01	3.427725e+02
1.750000e-06	2.541293e-06	5.887430e-09	1.633453e+01	3.503184e+02
1.760000e-06	2.614420e-06	6.010781e-09	1.680457e+01	3.575831e+02
1.770000e-06	2.687175e-06	6.129627e-09	1.727221e+01	3.645810e+02
1.780000e-06	2.759634e-06	6.241830e-09	1.773795e+01	3.713257e+02
1.790000e-06	2.831778e-06	6.351958e-09	1.820166e+01	3.778301e+02
1.800000e-06	2.903544e-06	6.460393e-09	1.866295e+01	3.841061e+02
1.810000e-06	2.975010e-06	6.562259e-09	1.912231e+01	3.901651e+02
1.820000e-06	3.046287e-06	6.654863e-09	1.958045e+01	3.960177e+02
1.830000e-06	3.117288e-06	6.745669e-09	2.003682e+01	4.016740e+02
1.840000e-06	3.187896e-06	6.838412e-09	2.049066e+01	4.071436e+02
1.850000e-06	3.258079e-06	6.928542e-09	2.094178e+01	4.124362e+02
1.860000e-06	3.327869e-06	7.013172e-09	2.139036e+01	4.175610e+02
1.870000e-06	3.397260e-06	7.096304e-09	2.183638e+01	4.225273e+02
1.880000e-06	3.466255e-06	7.179189e-09	2.227986e+01	4.273440e+02
1.890000e-06	3.534913e-06	7.259700e-09	2.272117e+01	4.320197e+02
1.900000e-06	3.603153e-06	7.335404e-09	2.315979e+01	4.365623e+02
1.910000e-06	3.671027e-06	7.407247e-09	2.359606e+01	4.409793e+02
1.920000e-06	3.738544e-06	7.478954e-09	2.403003e+01	4.452769e+02
1.930000e-06	3.805559e-06	7.551232e-09	2.446079e+01	4.494606e+02
1.940000e-06	3.871952e-06	7.621903e-09	2.488753e+01	4.535349e+02
1.950000e-06	3.937671e-06	7.690802e-09	2.530996e+01	4.575034e+02
1.960000e-06	4.002806e-06	7.758305e-09	2.572862e+01	4.613689e+02
1.970000e-06	4.067476e-06	7.823332e-09	2.614429e+01	4.651338e+02
1.980000e-06	4.131688e-06	7.884667e-09	2.655703e+01	4.688005e+02
1.990000e-06	4.195487e-06	7.942571e-09	2.696710e+01	4.723712e+02
2.000000e-06	4.258941e-06	7.999756e-09	2.737496e+01	4.758490e+02
2.010000e-06	4.321913e-06	8.058587e-09	2.777972e+01	4.792371e+02
2.020000e-06	4.384292e-06	8.116781e-09	2.818067e+01	4.825395e+02
2.030000e-06	4.446191e-06	8.172537e-09	2.857854e+01	4.857610e+02
2.040000e-06	4.507682e-06	8.225732e-09	2.897378e+01	4.889067e+02
2.050000e-06	4.568706e-06	8.277339e-09	2.936602e+01	4.919819e+02
2.060000e-06	4.629231e-06	8.329207e-09	2.975505e+01	4.949917e+02
2.070000e-06	4.689296e-06	8.379195e-09	3.014113e+01	4.979411e+02
2.080000e-06	4.748886e-06	8.427445e-09	3.052415e+01	5.008341e+02
2.090000e-06	4.807851e-06	8.477263e-09	3.090316e+01	5.036737e+02
2.100000e-06	4.866028e-06	8.527961e-09	3.127710e+01	5.064620e+02
2.110000e-06	4.923381e-06	8.575604e-09	3.164574e+01	5.091998e+02
2.120000e-06	4.980100e-06	8.620879e-09	3.201032e+01	5.118871e+02
2.130000e-06	5.036262e-06	8.665962e-09	3.237131e+01	5.145228e+02
2.140000e-06	5.091909e-06	8.711203e-09	3.272899e+01	5.171056e+02
2.150000e-06	5.147129e-06	8.755184e-09	3.308392e+01	5.196340e+02
2.160000e-06	5.201744e-06	8.797835e-09	3.343497e+01	5.221067e+02
2.170000e-06	5.255714e-06	8.840656e-09	3.378186e+01	5.245227e+02
2.180000e-06	5.309099e-06	8.883606e-09	3.412500e+01	5.268819e+02
2.190000e-06	5.361752e-06	8.924536e-09	3.446344e+01	5.291848e+02
2.200000e-06	5.413587e-06	8.962233e-09	3.479662e+01	5.314326e+02
2.210000e-06	5.464574e-06	8.998798e-09	3.512434e+01	5.336271e+02
2.220000e-06	5.514630e-06	9.035758e-09	3.544608e+01	5.357705e+02
2.230000e-06	5.563793e-06	9.071463e-09	3.576209e+01	5.378650e+02
2.240000e-06	5.612233e-06	9.105395e-09	3.607344e+01	5.399127e+02
2.250000e-06	5.660054e-06	9.139720e-09	3.638082e+01	5.419151e+02
2.260000e-06	5.707210e-06	9.174886e-09	3.668392e+01	5.438732e+02
2.270000e-06	5.753731e-06	9.208248e-09	3.698294e+01	5.457873e+02
2.280000e-06	5.799602e-06	9.239390e-09	3.727778e+01	5.476573e+02
2.290000e-06	5.844755e-06	9.271573e-09	3.756801e+01	5.494824e+02
2.300000e-06	5.889329e-06	9.304604e-09	3.785452e+01	5.512618e+02
2.310000e-06	5.933438e-06	9.334573e-09	3.813803e+01	5.529944e+02
2.320000e-06	5.976925e-06	9.359074e-09	3.841755e+01	5.546800e+02
2.330000e-06	6.019395e-06	9.382126e-09	3.869054e+01	5.563183e+02
2.340000e-06	6.060767e-06	9.408377e-09	3.895646e+01	5.579103e+02
2.350000e-06	6.101368e-06	9.437214e-09	3.921743e+01	5.594573e+02
2.360000e-06	6.141363e-06	9.463888e-09	3.947451e+01	5.609614e+02
2.370000e-06	6.180712e-06	9.487207e-09	3.972742e+01	5.624255e+02
2.380000e-06	6.219363e-06	9.512088e-09	3.997586e+01	5.638524e+02
2.390000e-06	6.257278e-06	9.538093e-09	4.021956e+01	5.652449e+02
2.400000e-06	6.294465e-06	9.558546e-09	4.045859e+01	5.666057e+02
2.410000e-06	6.331014e-06	9.575814e-09	4.069351e+01	5.679365e+02
2.420000e-06	6.366962e-06	9.595059e-09	4.092457e+01	5.692386e+02
2.430000e-06	6.402189e-06	9.617787e-09	4.115100e+01	5.705122e+02
2.440000e-06	6.436411e-06	9.639895e-09	4.137097e+01	5.717565e+02
2.450000e-06	6.469589e-06	9.659313e-09	4.158422e+01	5.729701e+02
2.460000e-06	6.501999e-06	9.679785e-09	4.179254e+01	5.741513e+02
2.470000e-06	6.533794e-06	9.701134e-09	4.199691e+01	5.752981e+02
2.480000e-06	6.564891e-06	9.720130e-09	4.219679e+01	5.764084e+02
2.490000e-06	6.595221e-06	9.735081e-09	4.239174e+01	5.774810e+02
2.500000e-06	6.624791e-06	9.748777e-09	4.258181e+01	5.785151e+02
2.510000e-06	6.653686e-06	9.764594e-09	4.276753e+01	5.795108e+02
2.520000e-06	6.682033e-06	9.781613e-09	4.294974e+01	5.804692e+02
2.530000e-06	6.709707e-06	9.798237e-09	4.312762e+01	5.813920e+02
2.540000e-06	6.736408e-06	9.814519e-09	4.329924e+01	5.822815e+02
2.550000e-06	6.761956e-06	9.829874e-09	4.346346e+01	5.831404e+02
2.560000e-06	6.786528e-06	9.844682e-09	4.362139e+01	5.839714e+02
2.570000e-06	6.810356e-06	9.857336e-09	4.377455e+01	5.847767e+02
2.580000e-06	6.833445e-06	9.868102e-09	4.392296e+01	5.855582e+02
2.590000e-06	6.855734e-06	9.879261e-09	4.406622e+01	5.863169e+02
2.600000e-06	6.877238e-06	9.892626e-09	4.420445e+01	5.870532e+02
2.610000e-06	6.898066e-06	9.905115e-09	4.433832e+01	5.877665e+02
2.620000e-06	6.918233e-06	9.915156e-09	4.446795e+01	5.884556e+02
2.630000e-06	6.937669e-06	9.925243e-09	4.459288e+01	5.891192e+02
2.640000e-06	6.956225e-06	9.937010e-09	4.471214e+01	5.897552e+02
2.650000e-06	6.973977e-06	9.947948e-09	4.482625e+01	5.903623e+02
2.660000e-06	6.990967e-06	9.956440e-09	4.493546e+01	5.909388e+02
2.670000e-06	7.006947e-06	9.964164e-09	4.503817e+01	5.914841e+02
2.680000e-06	7.021900e-06	9.971806e-09	4.513428e+01	5.919976e+02
2.690000e-06	7.035953e-06	9.979645e-09	4.522461e+01	5.924797e+02
2.700000e-06	7.049188e-06	9.986836e-09	4.530968e+01	5.929310e+02
2.710000e-06	7.061624e-06	9.994407e-09	4.538961e+01	5.933524e+02
2.720000e-06	7.073122e-06	1.000214e-08	4.546352e+01	5.937450e+02
2.730000e-06	7.083465e-06	1.000877e-08	4.553000e+01	5.941099e+02
2.740000e-06	7.092661e-06	1.001352e-08	4.558911e+01	5.944478e+02
2.750000e-06	7.100967e-06	1.001600e-08	4.564249e+01	5.947591e+02
2.760000e-06	7.108532e-06	1.001874e-08	4.569112e+01	5.950439e+02
2.770000e-06	7.115309e-06	1.002272e-08	4.573468e+01	5.953018e+02
2.780000e-06	7.121242e-06	1.002793e-08	4.577282e+01	5.955324e+02
2.790000e-06	7.126450e-06	1.003240e-08	4.580629e+01	5.957349e+02
2.800000e-06	7.130964e-06	1.003605e-08	4.583530e+01	5.959089e+02
2.810000e-06	7.134693e-06	1.004081e-08	4.585927e+01	5.960541e+02
2.820000e-06	7.137438e-06	1.004236e-08	4.587692e+01	5.961705e+02
2.830000e-06	7.139108e-06	1.003905e-08	4.588765e+01	5.962586e+02
2.840000e-06	7.139878e-06	1.003489e-08	4.589260e+01	5.963195e+02
2.850000e-06	7.139876e-06	1.003474e-08	4.589259e+01	5.963543e+02
2.860000e-06	7.139141e-06	1.003737e-08	4.588787e+01	5.963645e+02
2.870000e-06	7.137616e-06	1.003841e-08	4.587806e+01	5.963513e+02
2.880000e-06	7.135301e-06	1.003863e-08	4.586319e+01	5.963159e+02
2.890000e-06	7.132222e-06	1.004090e-08	4.584339e+01	5.962589e+02
2.900000e-06	7.128530e-06	1.004084e-08	4.581966e+01	5.961802e+02
2.910000e-06	7.124213e-06	1.003082e-08	4.579191e+01	5.960790e+02
2.920000e-06	7.118947e-06	1.002904e-08	4.575806e+01	5.959541e+02
2.930000e-06	7.112590e-06	1.006186e-08	4.571720e+01	5.958036e+02
2.940000e-06	7.105250e-06	1.007720e-08	4.567003e+01	5.956255e+02
2.950000e-06	7.097039e-06	1.007629e-08	4.561725e+01	5.954175e+02
2.960000e-06	7.087784e-06	1.001017e-08	4.555776e+01	5.951779e+02
2.970000e-06	7.077404e-06	9.955345e-09	4.549104e+01	5.949056e+02
2.980000e-06	7.066237e-06	9.991459e-09	4.541927e+01	5.946001e+02
2.990000e-06	7.054624e-06	9.967122e-09	4.534462e+01	5.942620e+02
3.000000e-06	7.042219e-06	9.978759e-09	4.526488e+01	5.938929e+02
3.010000e-06	7.028504e-06	9.999141e-09	4.517673e+01	5.934952e+02
3.020000e-06	7.013876e-06	9.972972e-09	4.508271e+01	5.930719e+02
3.030000e-06	6.998543e-06	1.000994e-08	4.498415e+01	5.926263e+02
3.040000e-06	6.982223e-06	1.000509e-08	4.487925e+01	5.921619e+02
3.050000e-06	6.965096e-06	9.936012e-09	4.476916e+01	5.916815e+02
3.060000e-06	6.947307e-06	9.944148e-09	4.465483e+01	5.911872e+02
3.070000e-06	6.928712e-06	9.953751e-09	4.453530e+01	5.906800e+02
3.080000e-06	6.909330e-06	9.934341e-09	4.441072e+01	5.901600e+02
3.090000e-06	6.889240e-06	9.965708e-09	4.428159e+01	5.896255e+02
3.100000e-06	6.868448e-06	9.906302e-09	4.414794e+01	5.890741e+02
3.110000e-06	6.846737e-06	9.891733e-09	4.400839e+01	5.885021e+02
3.120000e-06	6.823850e-06	9.917325e-09	4.386129e+01	5.879053e+02
3.130000e-06	6.800056e-06	9.868202e-09	4.370835e+01	5.872791e+02
3.140000e-06	6.775610e-06	9.888047e-09	4.355122e+01	5.866188e+02
3.150000e-06	6.750373e-06	9.885858e-09	4.338900e+01	5.859201e+02
3.160000e-06	6.724274e-06	9.899383e-09	4.322125e+01	5.851794e+02
3.170000e-06	6.697360e-06	9.906238e-09	4.304826e+01	5.843938e+02
3.180000e-06	6.669694e-06	9.841568e-09	4.287043e+01	5.835614e+02
3.190000e-06	6.641311e-06	9.836317e-09	4.268799e+01	5.826810e+02
3.200000e-06	6.611955e-06	9.809785e-09	4.249930e+01	5.817524e+02
3.210000e-06	6.581541e-06	9.807384e-09	4.230381e+01	5.807760e+02
3.220000e-06	6.550321e-06	9.801379e-09	4.210314e+01	5.797525e+02
3.230000e-06	6.518382e-06	9.734520e-09	4.189784e+01	5.786832e+02
3.240000e-06	6.485657e-06	9.758283e-09	4.168750e+01	5.775691e+02
3.250000e-06	6.452216e-06	9.740718e-09	4.147255e+01	5.764114e+02
3.260000e-06	6.418190e-06	9.709281e-09	4.125385e+01	5.752110e+02
3.270000e-06	6.383437e-06	9.677001e-09	4.103047e+01	5.739688e+02
3.280000e-06	6.347920e-06	9.643780e-09	4.080218e+01	5.726853e+02
3.290000e-06	6.311741e-06	9.665561e-09	4.056963e+01	5.713609e+02
3.300000e-06	6.274754e-06	9.613417e-09	4.033189e+01	5.699961e+02
3.310000e-06	6.236862e-06	9.587283e-09	4.008834e+01	5.685909e+02
3.320000e-06	6.198011e-06	9.570027e-09	3.983862e+01	5.671458e+02
3.330000e-06	6.158338e-06	9.554871e-09	3.958361e+01	5.656610e+02
3.340000e-06	6.118048e-06	9.536153e-09	3.932464e+01	5.641366e+02
3.350000e-06	6.077114e-06	9.475229e-09	3.906154e+01	5.625729e+02
3.360000e-06	6.035458e-06	9.463361e-09	3.879378e+01	5.609700e+02
3.370000e-06	5.993091e-06	9.431726e-09	3.852146e+01	5.593278e+02
3.380000e-06	5.950101e-06	9.412679e-09	3.824514e+01	5.576461e+02
3.390000e-06	5.906526e-06	9.372710e-09	3.796506e+01	5.559245e+02
3.400000e-06	5.862347e-06	9.327540e-09	3.768108e+01	5.541625e+02
3.410000e-06	5.817506e-06	9.319905e-09	3.739286e+01	5.523594e+02
3.420000e-06	5.771961e-06	9.289561e-09	3.710012e+01	5.505146e+02
3.430000e-06	5.725706e-06	9.256620e-09	3.680280e+01	5.486277e+02
3.440000e-06	5.678813e-06	9.205796e-09	3.650140e+01	5.466983e+02
3.450000e-06	5.631254e-06	9.190780e-09	3.619571e+01	5.447263e+02
3.460000e-06	5.582951e-06	9.165501e-09	3.588523e+01	5.427119e+02
3.470000e-06	5.533907e-06	9.110426e-09	3.556999e+01	5.406556e+02
3.480000e-06	5.484066e-06	9.065625e-09	3.524963e+01	5.385579e+02
3.490000e-06	5.433495e-06	9.041579e-09	3.492458e+01	5.364195e+02
3.500000e-06	5.382295e-06	9.025195e-09	3.459548e+01	5.342408e+02
3.510000e-06	5.330401e-06	8.972581e-09	3.426193e+01	5.320220e+02
3.520000e-06	5.277673e-06	8.926342e-09	3.392301e+01	5.297629e+02
3.530000e-06	5.224054e-06	8.895451e-09	3.357836e+01	5.274626e+02
3.540000e-06	5.169593e-06	8.862172e-09	3.322831e+01	5.251194e+02
3.550000e-06	5.114358e-06	8.805311e-09	3.287328e+01	5.227313e+02
3.560000e-06	5.058502e-06	8.753682e-09	3.251425e+01	5.202957e+02
3.570000e-06	5.002157e-06	8.725882e-09	3.215209e+01	5.178094e+02
3.580000e-06	4.945306e-06	8.692866e-09	3.178667e+01	5.152693e+02
3.590000e-06	4.887883e-06	8.642349e-09	3.141758e+01	5.126725e+02
3.600000e-06	4.829855e-06	8.586926e-09	3.104459e+01	5.100164e+02
3.610000e-06	4.771282e-06	8.549365e-09	3.066811e+01	5.072990e+02
3.620000e-06	4.712156e-06	8.506499e-09	3.028807e+01	5.045190e+02
3.630000e-06	4.652470e-06	8.451791e-09	2.990443e+01	5.016760e+02
3.640000e-06	4.592262e-06	8.395198e-09	2.951743e+01	4.987702e+02
3.650000e-06	4.531488e-06	8.352437e-09	2.912680e+01	4.958024e+02
3.660000e-06	4.470121e-06	8.309936e-09	2.873235e+01	4.927737e+02
3.670000e-06	4.408120e-06	8.250249e-09	2.833383e+01	4.896852e+02
3.680000e-06	4.345443e-06	8.187054e-09	2.793096e+01	4.865377e+02
3.690000e-06	4.282175e-06	8.132006e-09	2.752430e+01	4.833313e+02
3.700000e-06	4.218453e-06	8.083722e-09	2.711472e+01	4.800655e+02
3.710000e-06	4.154298e-06	8.023034e-09	2.670236e+01	4.767386e+02
3.720000e-06	4.089759e-06	7.960177e-09	2.628752e+01	4.733481e+02
3.730000e-06	4.024738e-06	7.905050e-09	2.586959e+01	4.698905e+02
3.740000e-06	3.959204e-06	7.853665e-09	2.544836e+01	4.663617e+02
3.750000e-06	3.893305e-06	7.790180e-09	2.502478e+01	4.627574e+02
3.760000e-06	3.827023e-06	7.715331e-09	2.459875e+01	4.590730e+02
3.770000e-06	3.760296e-06	7.649924e-09	2.416985e+01	4.553044e+02
3.780000e-06	3.693097e-06	7.589460e-09	2.373791e+01	4.514477e+02
3.790000e-06	3.625459e-06	7.520792e-09	2.330317e+01	4.475001e+02
3.800000e-06	3.557373e-06	7.448572e-09	2.286553e+01	4.434594e+02
3.810000e-06	3.488863e-06	7.386055e-09	2.242518e+01	4.393242e+02
3.820000e-06	3.420043e-06	7.324774e-09	2.198282e+01	4.350938e+02
3.830000e-06	3.350771e-06	7.251624e-09	2.153757e+01	4.307676e+02
3.840000e-06	3.280931e-06	7.167223e-09	2.108866e+01	4.263456e+02
3.850000e-06	3.210573e-06	7.087909e-09	2.063643e+01	4.218272e+02
3.860000e-06	3.139693e-06	7.011587e-09	2.018083e+01	4.172114e+02
3.870000e-06	3.068322e-06	6.925447e-09	1.972208e+01	4.124966e+02
3.880000e-06	2.996591e-06	6.838252e-09	1.926103e+01	4.076803e+02
3.890000e-06	2.924586e-06	6.760333e-09	1.879820e+01	4.027593e+02
3.900000e-06	2.852366e-06	6.686403e-09	1.833399e+01	3.977294e+02
3.910000e-06	2.779913e-06	6.601891e-09	1.786829e+01	3.925859e+02
3.920000e-06	2.707119e-06	6.509261e-09	1.740040e+01	3.873238e+02
3.930000e-06	2.633979e-06	6.415675e-09	1.693028e+01	3.819375e+02
3.940000e-06	2.560503e-06	6.322255e-09	1.645800e+01	3.764218e+02
3.950000e-06	2.486730e-06	6.223765e-09	1.598382e+01	3.707715e+02
3.960000e-06	2.412686e-06	6.121784e-09	1.550789e+01	3.649813e+02
3.970000e-06	2.338418e-06	6.024080e-09	1.503052e+01	3.590464e+02
3.980000e-06	2.263958e-06	5.926916e-09	1.455192e+01	3.529619e+02
3.990000e-06	2.189188e-06	5.824657e-09	1.407132e+01	3.467228e+02
4.000000e-06	2.114029e-06	5.715474e-09	1.358823e+01	3.403239e+02
4.010000e-06	2.038537e-06	5.604522e-09	1.310299e+01	3.337594e+02
4.020000e-06	1.962768e-06	5.494052e-09	1.261597e+01	3.270231e+02
4.030000e-06	1.886736e-06	5.377499e-09	1.212727e+01	3.201079e+02
4.040000e-06	1.810439e-06	5.252301e-09	1.163686e+01	3.130062e+02
4.050000e-06	1.733882e-06	5.126431e-09	1.114478e+01	3.057098e+02
4.060000e-06	1.657114e-06	5.002060e-09	1.065134e+01	2.982098e+02
4.070000e-06	1.580203e-06	4.872040e-09	1.015698e+01	2.904972e+02
4.080000e-06	1.503109e-06	4.734666e-09	9.661449e+00	2.825629e+02
4.090000e-06	1.425788e-06	4.597919e-09	9.164460e+00	2.743973e+02
4.100000e-06	1.348285e-06	4.463713e-09	8.666299e+00	2.659912e+02
4.110000e-06	1.270596e-06	4.322505e-09	8.166943e+00	2.573348e+02
4.120000e-06	1.192721e-06	4.169010e-09	7.666390e+00	2.484179e+02
4.130000e-06	1.114652e-06	4.010930e-09	7.164587e+00	2.392294e+02
4.140000e-06	1.036335e-06	3.852650e-09	6.661193e+00	2.297571e+02
4.150000e-06	9.577893e-07	3.688875e-09	6.156330e+00	2.199872e+02
4.160000e-06	8.791281e-07	3.515225e-09	5.650723e+00	2.099041e+02
4.170000e-06	8.003193e-07	3.336707e-09	5.144168e+00	1.994901e+02
4.180000e-06	7.213976e-07	3.159096e-09	4.636888e+00	1.887261e+02
4.190000e-06	6.424472e-07	2.975645e-09	4.129423e+00	1.775914e+02
4.200000e-06	5.633772e-07	2.779044e-09	3.621189e+00	1.660653e+02
4.210000e-06	4.841607e-07	2.573144e-09	3.112013e+00	1.541276e+02
4.220000e-06	4.048836e-07	2.368197e-09	2.602448e+00	1.417604e+02
4.230000e-06	3.255827e-07	2.159296e-09	2.092730e+00	1.289501e+02
4.240000e-06	2.462052e-07	1.936907e-09	1.582520e+00	1.156883e+02
4.250000e-06	1.667237e-07	1.703560e-09	1.071641e+00	1.019744e+02
4.260000e-06	8.721575e-08	1.466521e-09	5.605919e-01	8.781625e+01
4.270000e-06	7.752796e-09	1.226724e-09	4.983222e-02	7.323190e+01
4.280000e-06	-7.168920e-08	9.756736e-10	-4.607927e-01	5.824977e+01
4.290000e-06	-1.511270e-07	7.149746e-10	-9.713910e-01	4.290890e+01
4.300000e-06	-2.305367e-07	4.529263e-10	-1.481808e+00	2.725826e+01
4.310000e-06	-3.099140e-07	1.891728e-10	-1.992017e+00	1.135563e+01
4.320000e-06	-3.892767e-07	-8.137193e-11	-2.502133e+00	-4.734111e+00
4.330000e-06	-4.686147e-07	-3.587111e-10	-3.012089e+00	-2.094108e+01
4.340000e-06	-5.478833e-07	-6.330489e-10	-3.521600e+00	-3.719281e+01
4.350000e-06	-6.269608e-07	-9.026206e-10	-4.029882e+00	-5.341665e+01
4.360000e-06	-7.058985e-07	-1.171772e-09	-4.537265e+00	-6.954222e+01
4.370000e-06	-7.848122e-07	-1.441018e-09	-5.044495e+00	-8.550350e+01
4.380000e-06	-8.636412e-07	-1.705350e-09	-5.551179e+00	-1.012406e+02
4.390000e-06	-9.422827e-07	-1.963147e-09	-6.056659e+00	-1.167010e+02
4.400000e-06	-1.020705e-06	-2.218399e-09	-6.560729e+00	-1.318404e+02
4.410000e-06	-1.098948e-06	-2.469657e-09	-7.063649e+00	-1.466230e+02
4.420000e-06	-1.177024e-06	-2.709914e-09	-7.565493e+00	-1.610211e+02
4.430000e-06	-1.254911e-06	-2.941047e-09	-8.066122e+00	-1.750146e+02
4.440000e-06	-1.332587e-06	-3.169335e-09	-8.565399e+00	-1.885901e+02
4.450000e-06	-1.410073e-06	-3.394207e-09	-9.063446e+00	-2.017399e+02
4.460000e-06	-1.487374e-06	-3.611731e-09	-9.560312e+00	-2.144609e+02
4.470000e-06	-1.564447e-06	-3.817915e-09	-1.005571e+01	-2.267536e+02
4.480000e-06	-1.641271e-06	-4.017297e-09	-1.054951e+01	-2.386209e+02
4.490000e-06	-1.717798e-06	-4.212439e-09	-1.104140e+01	-2.500680e+02
4.500000e-06	-1.794031e-06	-4.398916e-09	-1.153139e+01	-2.611016e+02
4.510000e-06	-1.869992e-06	-4.576258e-09	-1.201964e+01	-2.717295e+02
4.520000e-06	-1.945672e-06	-4.748296e-09	-1.250609e+01	-2.819604e+02
4.530000e-06	-2.021050e-06	-4.915828e-09	-1.299059e+01	-2.918045e+02
4.540000e-06	-2.096100e-06	-5.077806e-09	-1.347299e+01	-3.012726e+02
4.550000e-06	-2.170859e-06	-5.231626e-09	-1.395351e+01	-3.103767e+02
4.560000e-06	-2.245383e-06	-5.379756e-09	-1.443253e+01	-3.191298e+02
4.570000e-06	-2.319704e-06	-5.523255e-09	-1.491024e+01	-3.275457e+02
4.580000e-06	-2.393770e-06	-5.661214e-09	-1.538630e+01	-3.356387e+02
4.590000e-06	-2.467518e-06	-5.790872e-09	-1.586033e+01	-3.434238e+02
4.600000e-06	-2.540998e-06	-5.915254e-09	-1.633264e+01	-3.509158e+02
4.610000e-06	-2.614236e-06	-6.039460e-09	-1.680338e+01	-3.581294e+02
4.620000e-06	-2.687175e-06	-6.158679e-09	-1.727220e+01	-3.650788e+02
4.630000e-06	-2.759815e-06	-6.271725e-09	-1.773911e+01	-3.717774e+02
4.640000e-06	-2.832132e-06	-6.379301e-09	-1.820394e+01	-3.782380e+02
4.650000e-06	-2.904174e-06	-6.486033e-09	-1.866700e+01	-3.844725e+02
4.660000e-06	-2.975962e-06	-6.589791e-09	-1.912842e+01	-3.904920e+02
4.670000e-06	-3.047432e-06	-6.685969e-09	-1.958781e+01	-3.963070e+02
4.680000e-06	-3.118566e-06	-6.778992e-09	-2.004504e+01	-4.019274e+02
4.690000e-06	-3.189278e-06	-6.872272e-09	-2.049955e+01	-4.073631e+02
4.700000e-06	-3.259520e-06	-6.963810e-09	-2.095104e+01	-4.126235e+02
4.710000e-06	-3.329273e-06	-7.051803e-09	-2.139939e+01	-4.177178e+02
4.720000e-06	-3.398529e-06	-7.136392e-09	-2.184454e+01	-4.226554e+02
4.730000e-06	-3.467299e-06	-7.217862e-09	-2.228657e+01	-4.274449e+02
4.740000e-06	-3.535547e-06	-7.294560e-09	-2.272524e+01	-4.320950e+02
4.750000e-06	-3.603326e-06	-7.367557e-09	-2.316090e+01	-4.366135e+02
4.760000e-06	-3.670740e-06	-7.439180e-09	-2.359421e+01	-4.410076e+02
4.770000e-06	-3.737741e-06	-7.509868e-09	-2.402487e+01	-4.452834e+02
4.780000e-06	-3.804334e-06	-7.580460e-09	-2.445291e+01	-4.494463e+02
4.790000e-06	-3.870592e-06	-7.649506e-09	-2.487879e+01	-4.535005e+02
4.800000e-06	-3.936388e-06	-7.718186e-09	-2.530171e+01	-4.574494e+02
4.810000e-06	-4.001691e-06	-7.784133e-09	-2.572145e+01	-4.612958e+02
4.820000e-06	-4.066589e-06	-7.847029e-09	-2.613859e+01	-4.650421e+02
4.830000e-06	-4.131000e-06	-7.904901e-09	-2.655260e+01	-4.686905e+02
4.840000e-06	-4.194953e-06	-7.959468e-09	-2.696367e+01	-4.722436e+02
4.850000e-06	-4.258462e-06	-8.014365e-09	-2.737188e+01	-4.757042e+02
4.860000e-06	-4.321455e-06	-8.070138e-09	-2.777678e+01	-4.790758e+02
4.870000e-06	-4.383943e-06	-8.127842e-09	-2.817843e+01	-4.823627e+02
4.880000e-06	-4.445800e-06	-8.184988e-09	-2.857603e+01	-4.855696e+02
4.890000e-06	-4.506998e-06	-8.238605e-09	-2.896939e+01	-4.887016e+02
4.900000e-06	-4.567577e-06	-8.290313e-09	-2.935877e+01	-4.917640e+02
4.910000e-06	-4.627543e-06	-8.340452e-09	-2.974421e+01	-4.947622e+02
4.920000e-06	-4.686988e-06	-8.385845e-09	-3.012630e+01	-4.977007e+02
4.930000e-06	-4.745954e-06	-8.428504e-09	-3.050531e+01	-5.005834e+02
4.940000e-06	-4.804359e-06	-8.474194e-09	-3.088072e+01	-5.034132e+02
4.950000e-06	-4.862211e-06	-8.524091e-09	-3.125256e+01	-5.061919e+02
4.960000e-06	-4.919585e-06	-8.571115e-09	-3.162135e+01	-5.089203e+02
4.970000e-06	-4.976444e-06	-8.614657e-09	-3.198682e+01	-5.115979e+02
4.980000e-06	-5.032691e-06	-8.658369e-09	-3.234835e+01	-5.142238e+02
4.990000e-06	-5.088344e-06	-8.701549e-09	-3.270607e+01	-5.167965e+02
5.000000e-06	-5.143441e-06	-8.741864e-09	-3.306021e+01	-5.193145e+02
5.010000e-06	-5.197900e-06	-8.778677e-09	-3.341025e+01	-5.217765e+02
5.020000e-06	-5.251599e-06	-8.814267e-09	-3.375541e+01	-5.241818e+02
5.030000e-06	-5.304362e-06	-8.851432e-09	-3.409456e+01	-5.265303e+02
5.040000e-06	-5.356288e-06	-8.888395e-09	-3.442832e+01	-5.288227e+02
5.050000e-06	-5.407564e-06	-8.925357e-09	-3.475790e+01	-5.310603e+02
5.060000e-06	-5.458134e-06	-8.964133e-09	-3.508295e+01	-5.332451e+02
5.070000e-06	-5.508010e-06	-9.003965e-09	-3.540353e+01	-5.353791e+02
5.080000e-06	-5.557124e-06	-9.041937e-09	-3.571922e+01	-5.374646e+02
5.090000e-06	-5.605317e-06	-9.075443e-09	-3.602899e+01	-5.395037e+02
5.100000e-06	-5.652634e-06	-9.105782e-09	-3.633313e+01	-5.414976e+02
5.110000e-06	-5.699182e-06	-9.135232e-09	-3.663232e+01	-5.434475e+02
5.120000e-06	-5.745052e-06	-9.162454e-09	-3.692715e+01	-5.453533e+02
5.130000e-06	-5.790390e-06	-9.189777e-09	-3.721857e+01	-5.472149e+02
5.140000e-06	-5.835221e-06	-9.220817e-09	-3.750673e+01	-5.490315e+02
5.150000e-06	-5.879428e-06	-9.255348e-09	-3.779088e+01	-5.508021e+02
5.160000e-06	-5.922986e-06	-9.289524e-09	-3.807085e+01	-5.525259e+02
5.170000e-06	-5.965967e-06	-9.318791e-09	-3.834712e+01	-5.542025e+02
5.180000e-06	-6.008383e-06	-9.345697e-09	-3.861975e+01	-5.558320e+02
5.190000e-06	-6.050165e-06	-9.371655e-09	-3.888832e+01	-5.574154e+02
5.200000e-06	-6.091240e-06	-9.396115e-09	-3.915233e+01	-5.589541e+02
5.210000e-06	-6.131592e-06	-9.418983e-09	-3.941170e+01	-5.604505e+02
5.220000e-06	-6.171324e-06	-9.439562e-09	-3.966708e+01	-5.619073e+02
5.230000e-06	-6.210468e-06	-9.463916e-09	-3.991868e+01	-5.633275e+02
5.240000e-06	-6.248752e-06	-9.491793e-09	-4.016476e+01	-5.647138e+02
5.250000e-06	-6.286020e-06	-9.518398e-09	-4.040431e+01	-5.660688e+02
5.260000e-06	-6.322395e-06	-9.542626e-09	-4.063811e+01	-5.673942e+02
5.270000e-06	-6.358025e-06	-9.565934e-09	-4.086713e+01	-5.686909e+02
5.280000e-06	-6.392999e-06	-9.589083e-09	-4.109193e+01	-5.699590e+02
5.290000e-06	-6.427289e-06	-9.608209e-09	-4.131234e+01	-5.711976e+02
5.300000e-06	-6.460831e-06	-9.626261e-09	-4.152793e+01	-5.724053e+02
5.310000e-06	-6.493596e-06	-9.645592e-09	-4.173853e+01	-5.735802e+02
5.320000e-06	-6.525677e-06	-9.665435e-09	-4.194474e+01	-5.747201e+02
5.330000e-06	-6.557147e-06	-9.683565e-09	-4.214701e+01	-5.758235e+02
5.340000e-06	-6.587747e-06	-9.700480e-09	-4.234370e+01	-5.768888e+02
5.350000e-06	-6.617264e-06	-9.720015e-09	-4.253342e+01	-5.779156e+02
5.360000e-06	-6.645828e-06	-9.739578e-09	-4.271702e+01	-5.789042e+02
5.370000e-06	-6.673603e-06	-9.756005e-09	-4.289555e+01	-5.798557e+02
5.380000e-06	-6.700713e-06	-9.770043e-09	-4.306981e+01	-5.807721e+02
5.390000e-06	-6.727115e-06	-9.784395e-09	-4.323951e+01	-5.816556e+02
5.400000e-06	-6.752705e-06	-9.800376e-09	-4.340399e+01	-5.825090e+02
5.410000e-06	-6.777470e-06	-9.814285e-09	-4.356317e+01	-5.833349e+02
5.420000e-06	-6.801477e-06	-9.826412e-09	-4.371748e+01	-5.841356e+02
5.430000e-06	-6.824852e-06	-9.838485e-09	-4.386772e+01	-5.849127e+02
5.440000e-06	-6.847496e-06	-9.852415e-09	-4.401327e+01	-5.856672e+02
5.450000e-06	-6.869037e-06	-9.867151e-09	-4.415173e+01	-5.863992e+02
5.460000e-06	-6.889441e-06	-9.877861e-09	-4.428288e+01	-5.871080e+02
5.470000e-06	-6.909080e-06	-9.888459e-09	-4.440911e+01	-5.877925e+02
5.480000e-06	-6.928079e-06	-9.901074e-09	-4.453123e+01	-5.884509e+02
5.490000e-06	-6.946327e-06	-9.913550e-09	-4.464853e+01	-5.890816e+02
5.500000e-06	-6.963789e-06	-9.924108e-09	-4.476076e+01	-5.896830e+02
5.510000e-06	-6.980464e-06	-9.934071e-09	-4.486795e+01	-5.902537e+02
5.520000e-06	-6.996416e-06	-9.946800e-09	-4.497048e+01	-5.907930e+02
5.530000e-06	-7.011650e-06	-9.956512e-09	-4.506840e+01	-5.913005e+02
5.540000e-06	-7.025871e-06	-9.960422e-09	-4.515981e+01	-5.917767e+02
5.550000e-06	-7.038869e-06	-9.963236e-09	-4.524335e+01	-5.922223e+02
5.560000e-06	-7.050779e-06	-9.968816e-09	-4.531991e+01	-5.926381e+02
5.570000e-06	-7.061768e-06	-9.977818e-09	-4.539054e+01	-5.930255e+02
5.580000e-06	-7.071914e-06	-9.986698e-09	-4.545575e+01	-5.933852e+02
5.590000e-06	-7.081267e-06	-9.996300e-09	-4.551587e+01	-5.937180e+02
5.600000e-06	-7.089813e-06	-1.000610e-08	-4.557080e+01	-5.940243e+02
5.610000e-06	-7.097609e-06	-1.001357e-08	-4.562091e+01	-5.943040e+02
5.620000e-06	-7.104752e-06	-1.001688e-08	-4.566682e+01	-5.945568e+02
5.630000e-06	-7.110977e-06	-1.001649e-08	-4.570683e+01	-5.947822e+02
5.640000e-06	-7.115998e-06	-1.001609e-08	-4.573911e+01	-5.949793e+02
5.650000e-06	-7.120006e-06	-1.001739e-08	-4.576487e+01	-5.951479e+02
5.660000e-06	-7.123339e-06	-1.002038e-08	-4.578629e+01	-5.952876e+02
5.670000e-06	-7.126002e-06	-1.002432e-08	-4.580341e+01	-5.953986e+02
5.680000e-06	-7.127881e-06	-1.002750e-08	-4.581549e+01	-5.954815e+02
5.690000e-06	-7.128892e-06	-1.003201e-08	-4.582199e+01	-5.955373e+02
