# Temperatura_=_20.0
# Concentracion g/m^3_=_9000.0
# C_Vs_to_Am_M_A/Vsm_=_59384043850.047264
# pendiente_HvsI_1/m_=_3716.3
# ordenada_HvsI_A/m_=_1297.0
# frecuencia_Hz_=_175590.0020580185

Tiempo_(s)	Campo_(V.s)	Magnetizacion_(V.s)	Campo_(kA/m)	Magnetizacion_(A/m)
0.000000e+00	-7.087320e-06	-1.000479e-08	-4.582066e+01	-5.930743e+02
1.000000e-08	-7.086774e-06	-1.000167e-08	-4.581712e+01	-5.930410e+02
2.000000e-08	-7.085327e-06	-1.000197e-08	-4.580777e+01	-5.929703e+02
3.000000e-08	-7.082740e-06	-9.999132e-09	-4.579105e+01	-5.928671e+02
4.000000e-08	-7.079147e-06	-9.993416e-09	-4.576781e+01	-5.927368e+02
5.000000e-08	-7.074912e-06	-9.993208e-09	-4.574043e+01	-5.925851e+02
6.000000e-08	-7.070066e-06	-9.998737e-09	-4.570910e+01	-5.924168e+02
7.000000e-08	-7.064371e-06	-1.000352e-08	-4.567228e+01	-5.922356e+02
8.000000e-08	-7.057843e-06	-9.980705e-09	-4.563008e+01	-5.920434e+02
9.000000e-08	-7.050433e-06	-9.925805e-09	-4.558218e+01	-5.918405e+02
1.000000e-07	-7.042078e-06	-9.935139e-09	-4.552815e+01	-5.916256e+02
1.100000e-07	-7.032841e-06	-9.996570e-09	-4.546844e+01	-5.913961e+02
1.200000e-07	-7.022525e-06	-1.003762e-08	-4.540175e+01	-5.911490e+02
1.300000e-07	-7.011122e-06	-1.003207e-08	-4.532802e+01	-5.908817e+02
1.400000e-07	-6.998985e-06	-9.895899e-09	-4.524955e+01	-5.905922e+02
1.500000e-07	-6.986095e-06	-9.941005e-09	-4.516622e+01	-5.902798e+02
1.600000e-07	-6.972314e-06	-1.008208e-08	-4.507712e+01	-5.899456e+02
1.700000e-07	-6.957597e-06	-9.901790e-09	-4.498197e+01	-5.895924e+02
1.800000e-07	-6.941626e-06	-9.877071e-09	-4.487872e+01	-5.892241e+02
1.900000e-07	-6.924648e-06	-9.960297e-09	-4.476895e+01	-5.888453e+02
2.000000e-07	-6.907011e-06	-9.883067e-09	-4.465493e+01	-5.884604e+02
2.100000e-07	-6.888570e-06	-9.969867e-09	-4.453570e+01	-5.880728e+02
2.200000e-07	-6.869271e-06	-9.982975e-09	-4.441093e+01	-5.876840e+02
2.300000e-07	-6.849299e-06	-9.831128e-09	-4.428181e+01	-5.872928e+02
2.400000e-07	-6.828823e-06	-9.877264e-09	-4.414943e+01	-5.868953e+02
2.500000e-07	-6.807682e-06	-9.904016e-09	-4.401275e+01	-5.864844e+02
2.600000e-07	-6.785739e-06	-9.861694e-09	-4.387088e+01	-5.860506e+02
2.700000e-07	-6.762989e-06	-9.837011e-09	-4.372380e+01	-5.855825e+02
2.800000e-07	-6.739468e-06	-9.773019e-09	-4.357173e+01	-5.850681e+02
2.900000e-07	-6.715193e-06	-9.871745e-09	-4.341479e+01	-5.844957e+02
3.000000e-07	-6.690077e-06	-9.873190e-09	-4.325241e+01	-5.838552e+02
3.100000e-07	-6.663922e-06	-9.759612e-09	-4.308332e+01	-5.831394e+02
3.200000e-07	-6.636723e-06	-9.751998e-09	-4.290747e+01	-5.823443e+02
3.300000e-07	-6.608630e-06	-9.788162e-09	-4.272585e+01	-5.814698e+02
3.400000e-07	-6.579877e-06	-9.777919e-09	-4.253996e+01	-5.805196e+02
3.500000e-07	-6.550434e-06	-9.717321e-09	-4.234960e+01	-5.795007e+02
3.600000e-07	-6.520241e-06	-9.694739e-09	-4.215440e+01	-5.784224e+02
3.700000e-07	-6.489266e-06	-9.699911e-09	-4.195414e+01	-5.772951e+02
3.800000e-07	-6.457535e-06	-9.695461e-09	-4.174899e+01	-5.761292e+02
3.900000e-07	-6.425246e-06	-9.681047e-09	-4.154024e+01	-5.749339e+02
4.000000e-07	-6.392367e-06	-9.615585e-09	-4.132767e+01	-5.737161e+02
4.100000e-07	-6.358436e-06	-9.597398e-09	-4.110830e+01	-5.724794e+02
4.200000e-07	-6.323345e-06	-9.628635e-09	-4.088143e+01	-5.712246e+02
4.300000e-07	-6.287436e-06	-9.593180e-09	-4.064927e+01	-5.699489e+02
4.400000e-07	-6.250875e-06	-9.548155e-09	-4.041291e+01	-5.686471e+02
4.500000e-07	-6.213618e-06	-9.510527e-09	-4.017203e+01	-5.673125e+02
4.600000e-07	-6.175616e-06	-9.519500e-09	-3.992634e+01	-5.659374e+02
4.700000e-07	-6.136890e-06	-9.502027e-09	-3.967597e+01	-5.645148e+02
4.800000e-07	-6.097482e-06	-9.448982e-09	-3.942119e+01	-5.630391e+02
4.900000e-07	-6.057505e-06	-9.417949e-09	-3.916274e+01	-5.615069e+02
5.000000e-07	-6.016898e-06	-9.418300e-09	-3.890020e+01	-5.599175e+02
5.100000e-07	-5.975467e-06	-9.415876e-09	-3.863235e+01	-5.582727e+02
5.200000e-07	-5.933046e-06	-9.353879e-09	-3.835809e+01	-5.565766e+02
5.300000e-07	-5.889706e-06	-9.304667e-09	-3.807789e+01	-5.548351e+02
5.400000e-07	-5.845671e-06	-9.293356e-09	-3.779320e+01	-5.530547e+02
5.500000e-07	-5.801053e-06	-9.276544e-09	-3.750473e+01	-5.512416e+02
5.600000e-07	-5.755810e-06	-9.231166e-09	-3.721223e+01	-5.494011e+02
5.700000e-07	-5.709913e-06	-9.184909e-09	-3.691550e+01	-5.475364e+02
5.800000e-07	-5.663282e-06	-9.176115e-09	-3.661402e+01	-5.456487e+02
5.900000e-07	-5.615929e-06	-9.159343e-09	-3.630788e+01	-5.437368e+02
6.000000e-07	-5.568021e-06	-9.110492e-09	-3.599814e+01	-5.417972e+02
6.100000e-07	-5.519550e-06	-9.057723e-09	-3.568477e+01	-5.398251e+02
6.200000e-07	-5.470290e-06	-9.037222e-09	-3.536629e+01	-5.378146e+02
6.300000e-07	-5.419977e-06	-9.023253e-09	-3.504101e+01	-5.357601e+02
6.400000e-07	-5.368747e-06	-8.977019e-09	-3.470981e+01	-5.336563e+02
6.500000e-07	-5.316715e-06	-8.927239e-09	-3.437341e+01	-5.314997e+02
6.600000e-07	-5.263884e-06	-8.899493e-09	-3.403185e+01	-5.292881e+02
6.700000e-07	-5.210394e-06	-8.880930e-09	-3.368603e+01	-5.270214e+02
6.800000e-07	-5.156252e-06	-8.831713e-09	-3.333599e+01	-5.247008e+02
6.900000e-07	-5.101576e-06	-8.773965e-09	-3.298250e+01	-5.223289e+02
7.000000e-07	-5.046340e-06	-8.738759e-09	-3.262539e+01	-5.199083e+02
7.100000e-07	-4.990493e-06	-8.718118e-09	-3.226433e+01	-5.174416e+02
7.200000e-07	-4.934125e-06	-8.672585e-09	-3.189990e+01	-5.149304e+02
7.300000e-07	-4.877207e-06	-8.610875e-09	-3.153192e+01	-5.123748e+02
7.400000e-07	-4.819685e-06	-8.570341e-09	-3.116003e+01	-5.097731e+02
7.500000e-07	-4.761434e-06	-8.543815e-09	-3.078343e+01	-5.071220e+02
7.600000e-07	-4.702450e-06	-8.494971e-09	-3.040209e+01	-5.044168e+02
7.700000e-07	-4.642822e-06	-8.431906e-09	-3.001659e+01	-5.016519e+02
7.800000e-07	-4.582626e-06	-8.388750e-09	-2.962741e+01	-4.988217e+02
7.900000e-07	-4.521932e-06	-8.357966e-09	-2.923501e+01	-4.959210e+02
8.000000e-07	-4.460793e-06	-8.309063e-09	-2.883974e+01	-4.929459e+02
8.100000e-07	-4.399247e-06	-8.242797e-09	-2.844184e+01	-4.898944e+02
8.200000e-07	-4.337187e-06	-8.189498e-09	-2.804061e+01	-4.867664e+02
8.300000e-07	-4.274568e-06	-8.149363e-09	-2.763577e+01	-4.835635e+02
8.400000e-07	-4.211417e-06	-8.094553e-09	-2.722748e+01	-4.802892e+02
8.500000e-07	-4.147810e-06	-8.024067e-09	-2.681625e+01	-4.769475e+02
8.600000e-07	-4.083769e-06	-7.967479e-09	-2.640222e+01	-4.735429e+02
8.700000e-07	-4.019302e-06	-7.925035e-09	-2.598543e+01	-4.700788e+02
8.800000e-07	-3.954349e-06	-7.870262e-09	-2.556549e+01	-4.665572e+02
8.900000e-07	-3.888935e-06	-7.799388e-09	-2.514259e+01	-4.629781e+02
9.000000e-07	-3.823037e-06	-7.738313e-09	-2.471655e+01	-4.593390e+02
9.100000e-07	-3.756501e-06	-7.686761e-09	-2.428638e+01	-4.556351e+02
9.200000e-07	-3.689446e-06	-7.624901e-09	-2.385286e+01	-4.518595e+02
9.300000e-07	-3.621941e-06	-7.548703e-09	-2.341643e+01	-4.480038e+02
9.400000e-07	-3.553983e-06	-7.478245e-09	-2.297707e+01	-4.440591e+02
9.500000e-07	-3.485628e-06	-7.418666e-09	-2.253514e+01	-4.400170e+02
9.600000e-07	-3.416944e-06	-7.352554e-09	-2.209109e+01	-4.358699e+02
9.700000e-07	-3.347941e-06	-7.274381e-09	-2.164497e+01	-4.316123e+02
9.800000e-07	-3.278570e-06	-7.198592e-09	-2.119648e+01	-4.272411e+02
9.900000e-07	-3.208773e-06	-7.131863e-09	-2.074523e+01	-4.227553e+02
1.000000e-06	-3.138545e-06	-7.059105e-09	-2.029119e+01	-4.181563e+02
1.010000e-06	-3.067934e-06	-6.970865e-09	-1.983468e+01	-4.134468e+02
1.020000e-06	-2.996990e-06	-6.884344e-09	-1.937602e+01	-4.086306e+02
1.030000e-06	-2.925757e-06	-6.809452e-09	-1.891549e+01	-4.037110e+02
1.040000e-06	-2.854257e-06	-6.731951e-09	-1.845322e+01	-3.986907e+02
1.050000e-06	-2.782475e-06	-6.638860e-09	-1.798915e+01	-3.935705e+02
1.060000e-06	-2.710369e-06	-6.544533e-09	-1.752297e+01	-3.883486e+02
1.070000e-06	-2.637900e-06	-6.461331e-09	-1.705444e+01	-3.830212e+02
1.080000e-06	-2.565146e-06	-6.373526e-09	-1.658408e+01	-3.775816e+02
1.090000e-06	-2.492044e-06	-6.274973e-09	-1.611146e+01	-3.720213e+02
1.100000e-06	-2.418507e-06	-6.175145e-09	-1.563603e+01	-3.663305e+02
1.110000e-06	-2.344622e-06	-6.082081e-09	-1.515835e+01	-3.604987e+02
1.120000e-06	-2.270376e-06	-5.986790e-09	-1.467834e+01	-3.545156e+02
1.130000e-06	-2.195837e-06	-5.877456e-09	-1.419643e+01	-3.483720e+02
1.140000e-06	-2.121025e-06	-5.762128e-09	-1.371277e+01	-3.420600e+02
1.150000e-06	-2.045916e-06	-5.653871e-09	-1.322717e+01	-3.355734e+02
1.160000e-06	-1.970472e-06	-5.546718e-09	-1.273942e+01	-3.289078e+02
1.170000e-06	-1.894643e-06	-5.429217e-09	-1.224917e+01	-3.220598e+02
1.180000e-06	-1.818523e-06	-5.305524e-09	-1.175704e+01	-3.150270e+02
1.190000e-06	-1.742199e-06	-5.190282e-09	-1.126359e+01	-3.078067e+02
1.200000e-06	-1.665698e-06	-5.071089e-09	-1.076900e+01	-3.003955e+02
1.210000e-06	-1.589083e-06	-4.936426e-09	-1.027367e+01	-2.927887e+02
1.220000e-06	-1.512329e-06	-4.797909e-09	-9.777450e+00	-2.849792e+02
1.230000e-06	-1.435348e-06	-4.664573e-09	-9.279756e+00	-2.769578e+02
1.240000e-06	-1.358173e-06	-4.531072e-09	-8.780807e+00	-2.687128e+02
1.250000e-06	-1.280798e-06	-4.384882e-09	-8.280564e+00	-2.602303e+02
1.260000e-06	-1.203272e-06	-4.236534e-09	-7.779348e+00	-2.514948e+02
1.270000e-06	-1.125658e-06	-4.090542e-09	-7.277557e+00	-2.424892e+02
1.280000e-06	-1.047883e-06	-3.941210e-09	-6.774733e+00	-2.331959e+02
1.290000e-06	-9.699482e-07	-3.779980e-09	-6.270870e+00	-2.235974e+02
1.300000e-06	-8.919529e-07	-3.606320e-09	-5.766617e+00	-2.136761e+02
1.310000e-06	-8.137566e-07	-3.431286e-09	-5.261066e+00	-2.034155e+02
1.320000e-06	-7.353649e-07	-3.253323e-09	-4.754251e+00	-1.927995e+02
1.330000e-06	-6.568964e-07	-3.064401e-09	-4.246940e+00	-1.818135e+02
1.340000e-06	-5.783806e-07	-2.870151e-09	-3.739323e+00	-1.704435e+02
1.350000e-06	-4.997774e-07	-2.677403e-09	-3.231141e+00	-1.586769e+02
1.360000e-06	-4.210461e-07	-2.480178e-09	-2.722130e+00	-1.465024e+02
1.370000e-06	-3.422266e-07	-2.268010e-09	-2.212549e+00	-1.339111e+02
1.380000e-06	-2.633116e-07	-2.041713e-09	-1.702351e+00	-1.208964e+02
1.390000e-06	-1.844613e-07	-1.813120e-09	-1.192572e+00	-1.074560e+02
1.400000e-06	-1.056473e-07	-1.580334e-09	-6.830265e-01	-9.359253e+01
1.410000e-06	-2.680127e-08	-1.336743e-09	-1.732745e-01	-7.931532e+01
1.420000e-06	5.200166e-08	-1.085387e-09	3.361990e-01	-6.464153e+01
1.430000e-06	1.308377e-07	-8.386785e-10	8.458864e-01	-4.959736e+01
1.440000e-06	2.097493e-07	-5.896879e-10	1.356063e+00	-3.421886e+01
1.450000e-06	2.886107e-07	-3.258031e-10	1.865914e+00	-1.855205e+01
1.460000e-06	3.674224e-07	-4.873102e-11	2.375444e+00	-2.652582e+00
1.470000e-06	4.461951e-07	2.281510e-10	2.884723e+00	1.341548e+01
1.480000e-06	5.248697e-07	4.997636e-10	3.393366e+00	2.958143e+01
1.490000e-06	6.034845e-07	7.745036e-10	3.901624e+00	4.577031e+01
1.500000e-06	6.820647e-07	1.048446e-09	4.409657e+00	6.190572e+01
1.510000e-06	7.605804e-07	1.313497e-09	4.917274e+00	7.791281e+01
1.520000e-06	8.390007e-07	1.567988e-09	5.424273e+00	9.372121e+01
1.530000e-06	9.172510e-07	1.827133e-09	5.930174e+00	1.092676e+02
1.540000e-06	9.953771e-07	2.091963e-09	6.435271e+00	1.244978e+02
1.550000e-06	1.073354e-06	2.347835e-09	6.939405e+00	1.393681e+02
1.560000e-06	1.151119e-06	2.590914e-09	7.442165e+00	1.538460e+02
1.570000e-06	1.228712e-06	2.829849e-09	7.943816e+00	1.679095e+02
1.580000e-06	1.306109e-06	3.064615e-09	8.444204e+00	1.815467e+02
1.590000e-06	1.383330e-06	3.283011e-09	8.943449e+00	1.947537e+02
1.600000e-06	1.460390e-06	3.486971e-09	9.441651e+00	2.075331e+02
1.610000e-06	1.537302e-06	3.688522e-09	9.938901e+00	2.198914e+02
1.620000e-06	1.614021e-06	3.893823e-09	1.043490e+01	2.318376e+02
1.630000e-06	1.690520e-06	4.093180e-09	1.092948e+01	2.433809e+02
1.640000e-06	1.766827e-06	4.281095e-09	1.142282e+01	2.545300e+02
1.650000e-06	1.842907e-06	4.463768e-09	1.191469e+01	2.652919e+02
1.660000e-06	1.918661e-06	4.643194e-09	1.240445e+01	2.756724e+02
1.670000e-06	1.994103e-06	4.811801e-09	1.289220e+01	2.856760e+02
1.680000e-06	2.069243e-06	4.966213e-09	1.337798e+01	2.953069e+02
1.690000e-06	2.144032e-06	5.114115e-09	1.386151e+01	3.045697e+02
1.700000e-06	2.218480e-06	5.262899e-09	1.434282e+01	3.134707e+02
1.710000e-06	2.292581e-06	5.407769e-09	1.482190e+01	3.220187e+02
1.720000e-06	2.366363e-06	5.543119e-09	1.529891e+01	3.302249e+02
1.730000e-06	2.439753e-06	5.672929e-09	1.577339e+01	3.381040e+02
1.740000e-06	2.512823e-06	5.803622e-09	1.624580e+01	3.456730e+02
1.750000e-06	2.585576e-06	5.932885e-09	1.671616e+01	3.529510e+02
1.760000e-06	2.657977e-06	6.050135e-09	1.718425e+01	3.599581e+02
1.770000e-06	2.730062e-06	6.159508e-09	1.765029e+01	3.667144e+02
1.780000e-06	2.801831e-06	6.270589e-09	1.811429e+01	3.732388e+02
1.790000e-06	2.873353e-06	6.380623e-09	1.857669e+01	3.795480e+02
1.800000e-06	2.944575e-06	6.479990e-09	1.903714e+01	3.856560e+02
1.810000e-06	3.015494e-06	6.571716e-09	1.949565e+01	3.915737e+02
1.820000e-06	3.086045e-06	6.665717e-09	1.995177e+01	3.973092e+02
1.830000e-06	3.156218e-06	6.761180e-09	2.040545e+01	4.028678e+02
1.840000e-06	3.226065e-06	6.855223e-09	2.085702e+01	4.082534e+02
1.850000e-06	3.295513e-06	6.943512e-09	2.130602e+01	4.134689e+02
1.860000e-06	3.364577e-06	7.030913e-09	2.175252e+01	4.185175e+02
1.870000e-06	3.433341e-06	7.117355e-09	2.219710e+01	4.234030e+02
1.880000e-06	3.501837e-06	7.192663e-09	2.263993e+01	4.281309e+02
1.890000e-06	3.569893e-06	7.259733e-09	2.307993e+01	4.327084e+02
1.900000e-06	3.637511e-06	7.329543e-09	2.351709e+01	4.371443e+02
1.910000e-06	3.704737e-06	7.405677e-09	2.395172e+01	4.414488e+02
1.920000e-06	3.771366e-06	7.480959e-09	2.438248e+01	4.456323e+02
1.930000e-06	3.837442e-06	7.550262e-09	2.480968e+01	4.497053e+02
1.940000e-06	3.902987e-06	7.617356e-09	2.523343e+01	4.536771e+02
1.950000e-06	3.967953e-06	7.685844e-09	2.565345e+01	4.575553e+02
1.960000e-06	4.032420e-06	7.749429e-09	2.607024e+01	4.613453e+02
1.970000e-06	4.096464e-06	7.805124e-09	2.648429e+01	4.650504e+02
1.980000e-06	4.160071e-06	7.860784e-09	2.689552e+01	4.686713e+02
1.990000e-06	4.223250e-06	7.920813e-09	2.730399e+01	4.722075e+02
2.000000e-06	4.286036e-06	7.982686e-09	2.770991e+01	4.756572e+02
2.010000e-06	4.348361e-06	8.038789e-09	2.811285e+01	4.790186e+02
2.020000e-06	4.410179e-06	8.090624e-09	2.851251e+01	4.822908e+02
2.030000e-06	4.471493e-06	8.144521e-09	2.890892e+01	4.854741e+02
2.040000e-06	4.532357e-06	8.197210e-09	2.930241e+01	4.885708e+02
2.050000e-06	4.592762e-06	8.244996e-09	2.969294e+01	4.915853e+02
2.060000e-06	4.652682e-06	8.291965e-09	3.008033e+01	4.945240e+02
2.070000e-06	4.711992e-06	8.344241e-09	3.046378e+01	4.973944e+02
2.080000e-06	4.770551e-06	8.396545e-09	3.084237e+01	5.002050e+02
2.090000e-06	4.828431e-06	8.444578e-09	3.121658e+01	5.029640e+02
2.100000e-06	4.885589e-06	8.487660e-09	3.158611e+01	5.056785e+02
2.110000e-06	4.942096e-06	8.531304e-09	3.195144e+01	5.083538e+02
2.120000e-06	4.998032e-06	8.574461e-09	3.231307e+01	5.109926e+02
2.130000e-06	5.053421e-06	8.610530e-09	3.267118e+01	5.135952e+02
2.140000e-06	5.108372e-06	8.649030e-09	3.302644e+01	5.161593e+02
2.150000e-06	5.162740e-06	8.696934e-09	3.337794e+01	5.186803e+02
2.160000e-06	5.216504e-06	8.748392e-09	3.372553e+01	5.211524e+02
2.170000e-06	5.269733e-06	8.793378e-09	3.406966e+01	5.235693e+02
2.180000e-06	5.322304e-06	8.830333e-09	3.440954e+01	5.259251e+02
2.190000e-06	5.374002e-06	8.865190e-09	3.474378e+01	5.282152e+02
2.200000e-06	5.424752e-06	8.899714e-09	3.507189e+01	5.304367e+02
2.210000e-06	5.474626e-06	8.929038e-09	3.539433e+01	5.325893e+02
2.220000e-06	5.523707e-06	8.958077e-09	3.571164e+01	5.346749e+02
2.230000e-06	5.572032e-06	8.994206e-09	3.602408e+01	5.366976e+02
2.240000e-06	5.619680e-06	9.035678e-09	3.633212e+01	5.386630e+02
2.250000e-06	5.666732e-06	9.075686e-09	3.663633e+01	5.405773e+02
2.260000e-06	5.713075e-06	9.107521e-09	3.693594e+01	5.424470e+02
2.270000e-06	5.758699e-06	9.135564e-09	3.723091e+01	5.442776e+02
2.280000e-06	5.803677e-06	9.163388e-09	3.752170e+01	5.460732e+02
2.290000e-06	5.848021e-06	9.190648e-09	3.780839e+01	5.478361e+02
2.300000e-06	5.891826e-06	9.217073e-09	3.809160e+01	5.495667e+02
2.310000e-06	5.935064e-06	9.244936e-09	3.837114e+01	5.512637e+02
2.320000e-06	5.977467e-06	9.273406e-09	3.864527e+01	5.529246e+02
2.330000e-06	6.018816e-06	9.301671e-09	3.891260e+01	5.545461e+02
2.340000e-06	6.059362e-06	9.329714e-09	3.917474e+01	5.561250e+02
2.350000e-06	6.099278e-06	9.355613e-09	3.943280e+01	5.576590e+02
2.360000e-06	6.138536e-06	9.382756e-09	3.968661e+01	5.591467e+02
2.370000e-06	6.177173e-06	9.410417e-09	3.993641e+01	5.605886e+02
2.380000e-06	6.215048e-06	9.434836e-09	4.018128e+01	5.619866e+02
2.390000e-06	6.252160e-06	9.453710e-09	4.042121e+01	5.633439e+02
2.400000e-06	6.288663e-06	9.471442e-09	4.065721e+01	5.646648e+02
2.410000e-06	6.324602e-06	9.491350e-09	4.088956e+01	5.659538e+02
2.420000e-06	6.359829e-06	9.512129e-09	4.111731e+01	5.672152e+02
2.430000e-06	6.394042e-06	9.532673e-09	4.133850e+01	5.684523e+02
2.440000e-06	6.427257e-06	9.554440e-09	4.155324e+01	5.696669e+02
2.450000e-06	6.459661e-06	9.579111e-09	4.176274e+01	5.708592e+02
2.460000e-06	6.491376e-06	9.600331e-09	4.196778e+01	5.720279e+02
2.470000e-06	6.522479e-06	9.615903e-09	4.216886e+01	5.731700e+02
2.480000e-06	6.552854e-06	9.631463e-09	4.236525e+01	5.742818e+02
2.490000e-06	6.582437e-06	9.649236e-09	4.255650e+01	5.753593e+02
2.500000e-06	6.611285e-06	9.668296e-09	4.274301e+01	5.763989e+02
2.510000e-06	6.639478e-06	9.685975e-09	4.292528e+01	5.773980e+02
2.520000e-06	6.666982e-06	9.704375e-09	4.310310e+01	5.783554e+02
2.530000e-06	6.693592e-06	9.722543e-09	4.327514e+01	5.792718e+02
2.540000e-06	6.719117e-06	9.736976e-09	4.344016e+01	5.801494e+02
2.550000e-06	6.743633e-06	9.750001e-09	4.359866e+01	5.809921e+02
2.560000e-06	6.767433e-06	9.762683e-09	4.375253e+01	5.818045e+02
2.570000e-06	6.790550e-06	9.779578e-09	4.390199e+01	5.825915e+02
2.580000e-06	6.812839e-06	9.794454e-09	4.404609e+01	5.833577e+02
2.590000e-06	6.834325e-06	9.807154e-09	4.418500e+01	5.841064e+02
2.600000e-06	6.855107e-06	9.819323e-09	4.431936e+01	5.848396e+02
2.610000e-06	6.875250e-06	9.829140e-09	4.444958e+01	5.855574e+02
2.620000e-06	6.894745e-06	9.836706e-09	4.457562e+01	5.862578e+02
2.630000e-06	6.913458e-06	9.843947e-09	4.469661e+01	5.869376e+02
2.640000e-06	6.931217e-06	9.854124e-09	4.481143e+01	5.875923e+02
2.650000e-06	6.948155e-06	9.866961e-09	4.492093e+01	5.882173e+02
2.660000e-06	6.964296e-06	9.878088e-09	4.502529e+01	5.888080e+02
2.670000e-06	6.979358e-06	9.886171e-09	4.512266e+01	5.893609e+02
2.680000e-06	6.993394e-06	9.894142e-09	4.521341e+01	5.898740e+02
2.690000e-06	7.006628e-06	9.903050e-09	4.529897e+01	5.903472e+02
2.700000e-06	7.019103e-06	9.913107e-09	4.537962e+01	5.907820e+02
2.710000e-06	7.030677e-06	9.917903e-09	4.545445e+01	5.911814e+02
2.720000e-06	7.041083e-06	9.919270e-09	4.552172e+01	5.915497e+02
2.730000e-06	7.050290e-06	9.920277e-09	4.558125e+01	5.918911e+02
2.740000e-06	7.058626e-06	9.922080e-09	4.563514e+01	5.922100e+02
2.750000e-06	7.066315e-06	9.925087e-09	4.568485e+01	5.925095e+02
2.760000e-06	7.073237e-06	9.929726e-09	4.572961e+01	5.927912e+02
2.770000e-06	7.079302e-06	9.937484e-09	4.576882e+01	5.930549e+02
2.780000e-06	7.084555e-06	9.947333e-09	4.580278e+01	5.932986e+02
2.790000e-06	7.089064e-06	9.954035e-09	4.583193e+01	5.935190e+02
2.800000e-06	7.092860e-06	9.954543e-09	4.585647e+01	5.937115e+02
2.810000e-06	7.095822e-06	9.949677e-09	4.587562e+01	5.938712e+02
2.820000e-06	7.097635e-06	9.944190e-09	4.588734e+01	5.939936e+02
2.830000e-06	7.098390e-06	9.941207e-09	4.589222e+01	5.940754e+02
2.840000e-06	7.098448e-06	9.940376e-09	4.589260e+01	5.941148e+02
2.850000e-06	7.097783e-06	9.945040e-09	4.588830e+01	5.941119e+02
2.860000e-06	7.096327e-06	9.951815e-09	4.587888e+01	5.940689e+02
2.870000e-06	7.094113e-06	9.952067e-09	4.586457e+01	5.939896e+02
2.880000e-06	7.091106e-06	9.950291e-09	4.584513e+01	5.938790e+02
2.890000e-06	7.087436e-06	9.948564e-09	4.582141e+01	5.937428e+02
2.900000e-06	7.083297e-06	9.936530e-09	4.579464e+01	5.935866e+02
2.910000e-06	7.078423e-06	9.916954e-09	4.576314e+01	5.934148e+02
2.920000e-06	7.072335e-06	9.927495e-09	4.572378e+01	5.932307e+02
2.930000e-06	7.065188e-06	1.001115e-08	4.567757e+01	5.930359e+02
2.940000e-06	7.057128e-06	1.000857e-08	4.562546e+01	5.928301e+02
2.950000e-06	7.047992e-06	9.914759e-09	4.556639e+01	5.926118e+02
2.960000e-06	7.037832e-06	9.849838e-09	4.550071e+01	5.923782e+02
2.970000e-06	7.026949e-06	9.847109e-09	4.543035e+01	5.921263e+02
2.980000e-06	7.015643e-06	9.996917e-09	4.535725e+01	5.918536e+02
2.990000e-06	7.003545e-06	9.902931e-09	4.527903e+01	5.915583e+02
3.000000e-06	6.990144e-06	9.778555e-09	4.519239e+01	5.912403e+02
3.010000e-06	6.975766e-06	9.984407e-09	4.509944e+01	5.909011e+02
3.020000e-06	6.960649e-06	9.929971e-09	4.500170e+01	5.905437e+02
3.030000e-06	6.944630e-06	9.848727e-09	4.489814e+01	5.901723e+02
3.040000e-06	6.927791e-06	9.997863e-09	4.478928e+01	5.897916e+02
3.050000e-06	6.910164e-06	9.849370e-09	4.467531e+01	5.894057e+02
3.060000e-06	6.891796e-06	9.814400e-09	4.455656e+01	5.890178e+02
3.070000e-06	6.872709e-06	1.004559e-08	4.443316e+01	5.886286e+02
3.080000e-06	6.852836e-06	9.924469e-09	4.430467e+01	5.882363e+02
3.090000e-06	6.832261e-06	9.895515e-09	4.417166e+01	5.878362e+02
3.100000e-06	6.810919e-06	9.936641e-09	4.403368e+01	5.874205e+02
3.110000e-06	6.788360e-06	9.891433e-09	4.388783e+01	5.869793e+02
3.120000e-06	6.764791e-06	9.995436e-09	4.373545e+01	5.865008e+02
3.130000e-06	6.740632e-06	9.844307e-09	4.357926e+01	5.859729e+02
3.140000e-06	6.715691e-06	9.858100e-09	4.341801e+01	5.853843e+02
3.150000e-06	6.689847e-06	1.003246e-08	4.325093e+01	5.847256e+02
3.160000e-06	6.663166e-06	9.910140e-09	4.307843e+01	5.839901e+02
3.170000e-06	6.635779e-06	9.887377e-09	4.290137e+01	5.831750e+02
3.180000e-06	6.607673e-06	9.864645e-09	4.271966e+01	5.822811e+02
3.190000e-06	6.578537e-06	9.869482e-09	4.253129e+01	5.813130e+02
3.200000e-06	6.548440e-06	9.905234e-09	4.233671e+01	5.802783e+02
3.210000e-06	6.517542e-06	9.775217e-09	4.213695e+01	5.791867e+02
3.220000e-06	6.485830e-06	9.805196e-09	4.193192e+01	5.780488e+02
3.230000e-06	6.453366e-06	9.773812e-09	4.172204e+01	5.768748e+02
3.240000e-06	6.420167e-06	9.769575e-09	4.150740e+01	5.756733e+02
3.250000e-06	6.386313e-06	9.782060e-09	4.128853e+01	5.744506e+02
3.260000e-06	6.351758e-06	9.666007e-09	4.106513e+01	5.732094e+02
3.270000e-06	6.316541e-06	9.723771e-09	4.083744e+01	5.719497e+02
3.280000e-06	6.280762e-06	9.687375e-09	4.060612e+01	5.706681e+02
3.290000e-06	6.244267e-06	9.673589e-09	4.037018e+01	5.693588e+02
3.300000e-06	6.206852e-06	9.630083e-09	4.012829e+01	5.680147e+02
3.310000e-06	6.168370e-06	9.566722e-09	3.987950e+01	5.666284e+02
3.320000e-06	6.128919e-06	9.628207e-09	3.962444e+01	5.651930e+02
3.330000e-06	6.088827e-06	9.564262e-09	3.936524e+01	5.637034e+02
3.340000e-06	6.048211e-06	9.525584e-09	3.910265e+01	5.621568e+02
3.350000e-06	6.006926e-06	9.469645e-09	3.883574e+01	5.605533e+02
3.360000e-06	5.964873e-06	9.478425e-09	3.856385e+01	5.588952e+02
3.370000e-06	5.922168e-06	9.473244e-09	3.828776e+01	5.571872e+02
3.380000e-06	5.878893e-06	9.379538e-09	3.800798e+01	5.554353e+02
3.390000e-06	5.835045e-06	9.368426e-09	3.772450e+01	5.536461e+02
3.400000e-06	5.790569e-06	9.345870e-09	3.743695e+01	5.518258e+02
3.410000e-06	5.745406e-06	9.344069e-09	3.714496e+01	5.499790e+02
3.420000e-06	5.699607e-06	9.265959e-09	3.684886e+01	5.481085e+02
3.430000e-06	5.653112e-06	9.213118e-09	3.654827e+01	5.462150e+02
3.440000e-06	5.605859e-06	9.219071e-09	3.624277e+01	5.442965e+02
3.450000e-06	5.557850e-06	9.193780e-09	3.593239e+01	5.423493e+02
3.460000e-06	5.509210e-06	9.151143e-09	3.561792e+01	5.403681e+02
3.470000e-06	5.459826e-06	9.082116e-09	3.529864e+01	5.383472e+02
3.480000e-06	5.409601e-06	9.083637e-09	3.497393e+01	5.362808e+02
3.490000e-06	5.358840e-06	9.059573e-09	3.464576e+01	5.341641e+02
3.500000e-06	5.307477e-06	8.999872e-09	3.431368e+01	5.319938e+02
3.510000e-06	5.255235e-06	8.938526e-09	3.397593e+01	5.297684e+02
3.520000e-06	5.202093e-06	8.917548e-09	3.363236e+01	5.274880e+02
3.530000e-06	5.148083e-06	8.905678e-09	3.328318e+01	5.251544e+02
3.540000e-06	5.093272e-06	8.837531e-09	3.292881e+01	5.227700e+02
3.550000e-06	5.037813e-06	8.773846e-09	3.257027e+01	5.203377e+02
3.560000e-06	4.981721e-06	8.742525e-09	3.220762e+01	5.178598e+02
3.570000e-06	4.925118e-06	8.730745e-09	3.184167e+01	5.153375e+02
3.580000e-06	4.868131e-06	8.670829e-09	3.147324e+01	5.127706e+02
3.590000e-06	4.810592e-06	8.608749e-09	3.110124e+01	5.101569e+02
3.600000e-06	4.752411e-06	8.577266e-09	3.072509e+01	5.074927e+02
3.610000e-06	4.693674e-06	8.555989e-09	3.034535e+01	5.047732e+02
3.620000e-06	4.634485e-06	8.492294e-09	2.996268e+01	5.019925e+02
3.630000e-06	4.574785e-06	8.412673e-09	2.957672e+01	4.991451e+02
3.640000e-06	4.514504e-06	8.373145e-09	2.918699e+01	4.962261e+02
3.650000e-06	4.453591e-06	8.347655e-09	2.879318e+01	4.932320e+02
3.660000e-06	4.392051e-06	8.296274e-09	2.839531e+01	4.901613e+02
3.670000e-06	4.329854e-06	8.218686e-09	2.799320e+01	4.870143e+02
3.680000e-06	4.267025e-06	8.176249e-09	2.758700e+01	4.837932e+02
3.690000e-06	4.203719e-06	8.141823e-09	2.717771e+01	4.805016e+02
3.700000e-06	4.139938e-06	8.078520e-09	2.676536e+01	4.771439e+02
3.710000e-06	4.075682e-06	7.991090e-09	2.634994e+01	4.737240e+02
3.720000e-06	4.011028e-06	7.931090e-09	2.593194e+01	4.702454e+02
3.730000e-06	3.945945e-06	7.891735e-09	2.551116e+01	4.667096e+02
3.740000e-06	3.880413e-06	7.828148e-09	2.508749e+01	4.631158e+02
3.750000e-06	3.814408e-06	7.745746e-09	2.466075e+01	4.594611e+02
3.760000e-06	3.747882e-06	7.684369e-09	2.423066e+01	4.557399e+02
3.770000e-06	3.681007e-06	7.648880e-09	2.379829e+01	4.519451e+02
3.780000e-06	3.613881e-06	7.587612e-09	2.336432e+01	4.480680e+02
3.790000e-06	3.546426e-06	7.501596e-09	2.292821e+01	4.440997e+02
3.800000e-06	3.478482e-06	7.427107e-09	2.248894e+01	4.400319e+02
3.810000e-06	3.410026e-06	7.372466e-09	2.204636e+01	4.358577e+02
3.820000e-06	3.341117e-06	7.296830e-09	2.160085e+01	4.315719e+02
3.830000e-06	3.271736e-06	7.202489e-09	2.115229e+01	4.271720e+02
3.840000e-06	3.201853e-06	7.123595e-09	2.070049e+01	4.226578e+02
3.850000e-06	3.131547e-06	7.066777e-09	2.024595e+01	4.180308e+02
3.860000e-06	3.060856e-06	6.995576e-09	1.978892e+01	4.132943e+02
3.870000e-06	2.989751e-06	6.898081e-09	1.932922e+01	4.084519e+02
3.880000e-06	2.918226e-06	6.807732e-09	1.886679e+01	4.035070e+02
3.890000e-06	2.846294e-06	6.734612e-09	1.840174e+01	3.984617e+02
3.900000e-06	2.774069e-06	6.652537e-09	1.793480e+01	3.933163e+02
3.910000e-06	2.701571e-06	6.547622e-09	1.746609e+01	3.880685e+02
3.920000e-06	2.628822e-06	6.450990e-09	1.699575e+01	3.827137e+02
3.930000e-06	2.555799e-06	6.373069e-09	1.652364e+01	3.772448e+02
3.940000e-06	2.482496e-06	6.286628e-09	1.604974e+01	3.716528e+02
3.950000e-06	2.408868e-06	6.177775e-09	1.557372e+01	3.659277e+02
3.960000e-06	2.334900e-06	6.070902e-09	1.509550e+01	3.600590e+02
3.970000e-06	2.260709e-06	5.977789e-09	1.461585e+01	3.540367e+02
3.980000e-06	2.186282e-06	5.880165e-09	1.413466e+01	3.478516e+02
3.990000e-06	2.111629e-06	5.763429e-09	1.365202e+01	3.414965e+02
4.000000e-06	2.036765e-06	5.645717e-09	1.316801e+01	3.349655e+02
4.010000e-06	1.961651e-06	5.542095e-09	1.268238e+01	3.282545e+02
4.020000e-06	1.886266e-06	5.432897e-09	1.219501e+01	3.213606e+02
4.030000e-06	1.810577e-06	5.303720e-09	1.170567e+01	3.142811e+02
4.040000e-06	1.734627e-06	5.170237e-09	1.121464e+01	3.070135e+02
4.050000e-06	1.658473e-06	5.051323e-09	1.072229e+01	2.995539e+02
4.060000e-06	1.582098e-06	4.929640e-09	1.022851e+01	2.918972e+02
4.070000e-06	1.505432e-06	4.788206e-09	9.732858e+00	2.840356e+02
4.080000e-06	1.428502e-06	4.642647e-09	9.235494e+00	2.759595e+02
4.090000e-06	1.351394e-06	4.510366e-09	8.736977e+00	2.676565e+02
4.100000e-06	1.274041e-06	4.377343e-09	8.236881e+00	2.591123e+02
4.110000e-06	1.196494e-06	4.224714e-09	7.735525e+00	2.503108e+02
4.120000e-06	1.118804e-06	4.064204e-09	7.233244e+00	2.412350e+02
4.130000e-06	1.040995e-06	3.910291e-09	6.730198e+00	2.318671e+02
4.140000e-06	9.631085e-07	3.751564e-09	6.226650e+00	2.221895e+02
4.150000e-06	8.850205e-07	3.571218e-09	5.721798e+00	2.121849e+02
4.160000e-06	8.067336e-07	3.385507e-09	5.215662e+00	2.018368e+02
4.170000e-06	7.283878e-07	3.211481e-09	4.709143e+00	1.911298e+02
4.180000e-06	6.499130e-07	3.037479e-09	4.201791e+00	1.800490e+02
4.190000e-06	5.713397e-07	2.844134e-09	3.693802e+00	1.685809e+02
4.200000e-06	4.927264e-07	2.639283e-09	3.185555e+00	1.567133e+02
4.210000e-06	4.140884e-07	2.437928e-09	2.677147e+00	1.444354e+02
4.220000e-06	3.355157e-07	2.231606e-09	2.169163e+00	1.317387e+02
4.230000e-06	2.568844e-07	2.006943e-09	1.660799e+00	1.186176e+02
4.240000e-06	1.781526e-07	1.769489e-09	1.151785e+00	1.050709e+02
4.250000e-06	9.938801e-08	1.536401e-09	6.425593e-01	9.110290e+01
4.260000e-06	2.059255e-08	1.304418e-09	1.331341e-01	7.672460e+01
4.270000e-06	-5.817099e-08	1.057111e-09	-3.760847e-01	6.195537e+01
4.280000e-06	-1.369202e-07	7.993573e-10	-8.852109e-01	4.682385e+01
4.290000e-06	-2.157383e-07	5.436002e-10	-1.394783e+00	3.136856e+01
4.300000e-06	-2.945517e-07	2.884645e-10	-1.904323e+00	1.563801e+01
4.310000e-06	-3.732719e-07	2.124895e-11	-2.413263e+00	-3.099152e-01
4.320000e-06	-4.519265e-07	-2.599797e-10	-2.921777e+00	-1.640930e+01
4.330000e-06	-5.304315e-07	-5.339622e-10	-3.429324e+00	-3.258811e+01
4.340000e-06	-6.088038e-07	-8.019177e-10	-3.936014e+00	-4.877078e+01
4.350000e-06	-6.871578e-07	-1.072302e-09	-4.442585e+00	-6.488101e+01
4.360000e-06	-7.655185e-07	-1.343471e-09	-4.949199e+00	-8.084480e+01
4.370000e-06	-8.437458e-07	-1.604995e-09	-5.454951e+00	-9.659331e+01
4.380000e-06	-9.218251e-07	-1.854651e-09	-5.959746e+00	-1.120653e+02
4.390000e-06	-9.997961e-07	-2.106466e-09	-6.463841e+00	-1.272092e+02
4.400000e-06	-1.077583e-06	-2.361558e-09	-6.966747e+00	-1.419841e+02
4.410000e-06	-1.155194e-06	-2.606884e-09	-7.468513e+00	-1.563600e+02
4.420000e-06	-1.232589e-06	-2.839045e-09	-7.968883e+00	-1.703177e+02
4.430000e-06	-1.309754e-06	-3.067489e-09	-8.467770e+00	-1.838474e+02
4.440000e-06	-1.386784e-06	-3.293039e-09	-8.965777e+00	-1.969471e+02
4.450000e-06	-1.463697e-06	-3.507149e-09	-9.463038e+00	-2.096205e+02
4.460000e-06	-1.540358e-06	-3.707218e-09	-9.958661e+00	-2.218750e+02
4.470000e-06	-1.616674e-06	-3.902677e-09	-1.045205e+01	-2.337196e+02
4.480000e-06	-1.692632e-06	-4.098544e-09	-1.094313e+01	-2.451636e+02
4.490000e-06	-1.768290e-06	-4.287922e-09	-1.143228e+01	-2.562152e+02
4.500000e-06	-1.843697e-06	-4.467774e-09	-1.191980e+01	-2.668813e+02
4.510000e-06	-1.918918e-06	-4.643688e-09	-1.240611e+01	-2.771672e+02
4.520000e-06	-1.993896e-06	-4.815990e-09	-1.289086e+01	-2.870773e+02
4.530000e-06	-2.068643e-06	-4.977102e-09	-1.337410e+01	-2.966156e+02
4.540000e-06	-2.143147e-06	-5.126561e-09	-1.385578e+01	-3.057873e+02
4.550000e-06	-2.217343e-06	-5.275991e-09	-1.433548e+01	-3.145992e+02
4.560000e-06	-2.291325e-06	-5.423859e-09	-1.481378e+01	-3.230605e+02
4.570000e-06	-2.365064e-06	-5.563362e-09	-1.529051e+01	-3.311835e+02
4.580000e-06	-2.438511e-06	-5.695180e-09	-1.576536e+01	-3.389834e+02
4.590000e-06	-2.511641e-06	-5.822760e-09	-1.623816e+01	-3.464778e+02
4.600000e-06	-2.584500e-06	-5.946875e-09	-1.670920e+01	-3.536861e+02
4.610000e-06	-2.657142e-06	-6.062613e-09	-1.717885e+01	-3.606287e+02
4.620000e-06	-2.729512e-06	-6.169805e-09	-1.764673e+01	-3.673253e+02
4.630000e-06	-2.801622e-06	-6.278280e-09	-1.811293e+01	-3.737945e+02
4.640000e-06	-2.873422e-06	-6.390770e-09	-1.857713e+01	-3.800522e+02
4.650000e-06	-2.944863e-06	-6.499446e-09	-1.903901e+01	-3.861117e+02
4.660000e-06	-3.015881e-06	-6.600090e-09	-1.949815e+01	-3.919832e+02
4.670000e-06	-3.086497e-06	-6.696110e-09	-1.995470e+01	-3.976740e+02
4.680000e-06	-3.156757e-06	-6.792554e-09	-2.040893e+01	-4.031891e+02
4.690000e-06	-3.226542e-06	-6.883892e-09	-2.086011e+01	-4.085320e+02
4.700000e-06	-3.295907e-06	-6.966697e-09	-2.130856e+01	-4.137054e+02
4.710000e-06	-3.364826e-06	-7.046695e-09	-2.175414e+01	-4.187128e+02
4.720000e-06	-3.433239e-06	-7.129575e-09	-2.219644e+01	-4.235583e+02
4.730000e-06	-3.501256e-06	-7.213183e-09	-2.263618e+01	-4.282479e+02
4.740000e-06	-3.568908e-06	-7.293024e-09	-2.307356e+01	-4.327891e+02
4.750000e-06	-3.636159e-06	-7.370675e-09	-2.350835e+01	-4.371912e+02
4.760000e-06	-3.703032e-06	-7.447911e-09	-2.394069e+01	-4.414644e+02
4.770000e-06	-3.769506e-06	-7.519274e-09	-2.437046e+01	-4.456194e+02
4.780000e-06	-3.835510e-06	-7.582664e-09	-2.479718e+01	-4.496663e+02
4.790000e-06	-3.901007e-06	-7.644560e-09	-2.522063e+01	-4.536140e+02
4.800000e-06	-3.966060e-06	-7.708509e-09	-2.564121e+01	-4.574698e+02
4.810000e-06	-4.030629e-06	-7.774811e-09	-2.605866e+01	-4.612384e+02
4.820000e-06	-4.094783e-06	-7.841869e-09	-2.647342e+01	-4.649224e+02
4.830000e-06	-4.158576e-06	-7.905219e-09	-2.688586e+01	-4.685223e+02
4.840000e-06	-4.221831e-06	-7.964389e-09	-2.729481e+01	-4.720370e+02
4.850000e-06	-4.284566e-06	-8.022480e-09	-2.770040e+01	-4.754648e+02
4.860000e-06	-4.346716e-06	-8.077162e-09	-2.810221e+01	-4.788040e+02
4.870000e-06	-4.408199e-06	-8.126794e-09	-2.849971e+01	-4.820538e+02
4.880000e-06	-4.469141e-06	-8.176438e-09	-2.889371e+01	-4.852152e+02
4.890000e-06	-4.529530e-06	-8.229005e-09	-2.928413e+01	-4.882909e+02
4.900000e-06	-4.589223e-06	-8.281681e-09	-2.967006e+01	-4.912858e+02
4.910000e-06	-4.648364e-06	-8.330334e-09	-3.005241e+01	-4.942066e+02
4.920000e-06	-4.707150e-06	-8.375446e-09	-3.043247e+01	-4.970613e+02
4.930000e-06	-4.765435e-06	-8.422342e-09	-3.080929e+01	-4.998583e+02
4.940000e-06	-4.823093e-06	-8.469195e-09	-3.118207e+01	-5.026056e+02
4.950000e-06	-4.880126e-06	-8.511830e-09	-3.155079e+01	-5.053099e+02
4.960000e-06	-4.936682e-06	-8.553353e-09	-3.191643e+01	-5.079759e+02
4.970000e-06	-4.992829e-06	-8.597721e-09	-3.227944e+01	-5.106057e+02
4.980000e-06	-5.048400e-06	-8.642588e-09	-3.263871e+01	-5.131990e+02
4.990000e-06	-5.103259e-06	-8.683668e-09	-3.299338e+01	-5.157528e+02
5.000000e-06	-5.157398e-06	-8.720286e-09	-3.334340e+01	-5.182621e+02
5.010000e-06	-5.210833e-06	-8.755696e-09	-3.368886e+01	-5.207211e+02
5.020000e-06	-5.263498e-06	-8.792463e-09	-3.402935e+01	-5.231232e+02
5.030000e-06	-5.315276e-06	-8.828515e-09	-3.436411e+01	-5.254630e+02
5.040000e-06	-5.366314e-06	-8.865173e-09	-3.469407e+01	-5.277360e+02
5.050000e-06	-5.416765e-06	-8.904523e-09	-3.502025e+01	-5.299403e+02
5.060000e-06	-5.466514e-06	-8.946376e-09	-3.534188e+01	-5.320759e+02
5.070000e-06	-5.515449e-06	-8.983650e-09	-3.565826e+01	-5.341453e+02
5.080000e-06	-5.563549e-06	-9.013935e-09	-3.596923e+01	-5.361531e+02
5.090000e-06	-5.610803e-06	-9.041964e-09	-3.627474e+01	-5.381051e+02
5.100000e-06	-5.657234e-06	-9.071155e-09	-3.657492e+01	-5.400077e+02
5.110000e-06	-5.703033e-06	-9.098710e-09	-3.687102e+01	-5.418672e+02
5.120000e-06	-5.748228e-06	-9.124153e-09	-3.716321e+01	-5.436887e+02
5.130000e-06	-5.792826e-06	-9.153816e-09	-3.745154e+01	-5.454760e+02
5.140000e-06	-5.836891e-06	-9.189546e-09	-3.773643e+01	-5.472309e+02
5.150000e-06	-5.880420e-06	-9.225463e-09	-3.801785e+01	-5.489533e+02
5.160000e-06	-5.923388e-06	-9.256085e-09	-3.829564e+01	-5.506415e+02
5.170000e-06	-5.965698e-06	-9.284853e-09	-3.856919e+01	-5.522929e+02
5.180000e-06	-6.007305e-06	-9.312332e-09	-3.883818e+01	-5.539040e+02
5.190000e-06	-6.048241e-06	-9.335228e-09	-3.910284e+01	-5.554719e+02
5.200000e-06	-6.088500e-06	-9.354070e-09	-3.936312e+01	-5.569944e+02
5.210000e-06	-6.128173e-06	-9.375149e-09	-3.961961e+01	-5.584706e+02
5.220000e-06	-6.167134e-06	-9.401289e-09	-3.987151e+01	-5.599013e+02
5.230000e-06	-6.205117e-06	-9.430016e-09	-4.011707e+01	-5.612887e+02
5.240000e-06	-6.242114e-06	-9.458057e-09	-4.035626e+01	-5.626365e+02
5.250000e-06	-6.278297e-06	-9.486289e-09	-4.059019e+01	-5.639490e+02
5.260000e-06	-6.313851e-06	-9.511834e-09	-4.082006e+01	-5.652308e+02
5.270000e-06	-6.348821e-06	-9.532365e-09	-4.104614e+01	-5.664859e+02
5.280000e-06	-6.383142e-06	-9.550023e-09	-4.126803e+01	-5.677172e+02
5.290000e-06	-6.416689e-06	-9.566968e-09	-4.148492e+01	-5.689263e+02
5.300000e-06	-6.449483e-06	-9.586806e-09	-4.169694e+01	-5.701129e+02
5.310000e-06	-6.481517e-06	-9.608225e-09	-4.190404e+01	-5.712752e+02
5.320000e-06	-6.512876e-06	-9.629437e-09	-4.210678e+01	-5.724101e+02
5.330000e-06	-6.543497e-06	-9.650023e-09	-4.230475e+01	-5.735138e+02
5.340000e-06	-6.573027e-06	-9.670218e-09	-4.249567e+01	-5.745821e+02
5.350000e-06	-6.601569e-06	-9.690416e-09	-4.268020e+01	-5.756118e+02
5.360000e-06	-6.629399e-06	-9.709312e-09	-4.286012e+01	-5.766005e+02
5.370000e-06	-6.656572e-06	-9.725183e-09	-4.303580e+01	-5.775475e+02
5.380000e-06	-6.682931e-06	-9.739617e-09	-4.320621e+01	-5.784539e+02
5.390000e-06	-6.708418e-06	-9.754808e-09	-4.337099e+01	-5.793224e+02
5.400000e-06	-6.733130e-06	-9.768438e-09	-4.353076e+01	-5.801571e+02
5.410000e-06	-6.757181e-06	-9.780064e-09	-4.368625e+01	-5.809627e+02
5.420000e-06	-6.780600e-06	-9.792732e-09	-4.383766e+01	-5.817441e+02
5.430000e-06	-6.803221e-06	-9.807910e-09	-4.398391e+01	-5.825056e+02
5.440000e-06	-6.824826e-06	-9.822864e-09	-4.412359e+01	-5.832504e+02
5.450000e-06	-6.845404e-06	-9.835437e-09	-4.425663e+01	-5.839798e+02
5.460000e-06	-6.865189e-06	-9.847873e-09	-4.438454e+01	-5.846935e+02
5.470000e-06	-6.884262e-06	-9.861331e-09	-4.450785e+01	-5.853891e+02
5.480000e-06	-6.902525e-06	-9.872598e-09	-4.462593e+01	-5.860631e+02
5.490000e-06	-6.919958e-06	-9.881274e-09	-4.473863e+01	-5.867109e+02
5.500000e-06	-6.936616e-06	-9.892594e-09	-4.484633e+01	-5.873276e+02
5.510000e-06	-6.952606e-06	-9.905304e-09	-4.494970e+01	-5.879091e+02
5.520000e-06	-6.967952e-06	-9.915387e-09	-4.504892e+01	-5.884522e+02
5.530000e-06	-6.982337e-06	-9.922922e-09	-4.514192e+01	-5.889554e+02
5.540000e-06	-6.995487e-06	-9.931959e-09	-4.522694e+01	-5.894187e+02
5.550000e-06	-7.007545e-06	-9.943863e-09	-4.530490e+01	-5.898443e+02
5.560000e-06	-7.018718e-06	-9.954122e-09	-4.537713e+01	-5.902356e+02
5.570000e-06	-7.029012e-06	-9.959995e-09	-4.544368e+01	-5.905967e+02
5.580000e-06	-7.038425e-06	-9.964498e-09	-4.550454e+01	-5.909322e+02
5.590000e-06	-7.046944e-06	-9.970828e-09	-4.555961e+01	-5.912460e+02
5.600000e-06	-7.054775e-06	-9.976125e-09	-4.561025e+01	-5.915409e+02
5.610000e-06	-7.062049e-06	-9.977568e-09	-4.565727e+01	-5.918182e+02
5.620000e-06	-7.068387e-06	-9.980457e-09	-4.569825e+01	-5.920771e+02
5.630000e-06	-7.073490e-06	-9.988864e-09	-4.573124e+01	-5.923155e+02
5.640000e-06	-7.077636e-06	-9.997226e-09	-4.575805e+01	-5.925293e+02
5.650000e-06	-7.081156e-06	-1.000221e-08	-4.578080e+01	-5.927141e+02
5.660000e-06	-7.083895e-06	-1.000572e-08	-4.579851e+01	-5.928648e+02
5.670000e-06	-7.085870e-06	-1.000950e-08	-4.581128e+01	-5.929774e+02
5.680000e-06	-7.087069e-06	-1.001159e-08	-4.581903e+01	-5.930487e+02
5.690000e-06	-7.087435e-06	-1.000871e-08	-4.582140e+01	-5.930774e+02
