# Temperatura_=_20.0
# Concentracion g/m^3_=_9000.0
# C_Vs_to_Am_M_A/Vsm_=_59384043850.047264
# pendiente_HvsI_1/m_=_3716.3
# ordenada_HvsI_A/m_=_1297.0
# frecuencia_Hz_=_175588.96625620863

Tiempo_(s)	Campo_(V.s)	Magnetizacion_(V.s)	Campo_(kA/m)	Magnetizacion_(A/m)
0.000000e+00	-7.095487e-06	-9.970168e-09	-4.582263e+01	-5.927097e+02
1.000000e-08	-7.095050e-06	-9.963443e-09	-4.581981e+01	-5.926893e+02
2.000000e-08	-7.093708e-06	-9.961071e-09	-4.581114e+01	-5.926262e+02
3.000000e-08	-7.091176e-06	-9.960891e-09	-4.579479e+01	-5.925243e+02
4.000000e-08	-7.087629e-06	-9.959455e-09	-4.577188e+01	-5.923897e+02
5.000000e-08	-7.083439e-06	-9.961253e-09	-4.574483e+01	-5.922296e+02
6.000000e-08	-7.078679e-06	-9.968341e-09	-4.571409e+01	-5.920514e+02
7.000000e-08	-7.073112e-06	-9.980870e-09	-4.567813e+01	-5.918621e+02
8.000000e-08	-7.066679e-06	-9.951705e-09	-4.563659e+01	-5.916669e+02
9.000000e-08	-7.059302e-06	-9.864728e-09	-4.558895e+01	-5.914688e+02
1.000000e-07	-7.051012e-06	-9.862503e-09	-4.553542e+01	-5.912684e+02
1.100000e-07	-7.041809e-06	-9.932758e-09	-4.547598e+01	-5.910632e+02
1.200000e-07	-7.031474e-06	-1.002388e-08	-4.540924e+01	-5.908486e+02
1.300000e-07	-7.020090e-06	-1.004488e-08	-4.533572e+01	-5.906183e+02
1.400000e-07	-7.007943e-06	-9.806804e-09	-4.525727e+01	-5.903648e+02
1.500000e-07	-6.994942e-06	-9.868209e-09	-4.517331e+01	-5.900810e+02
1.600000e-07	-6.981135e-06	-1.008059e-08	-4.508415e+01	-5.897602e+02
1.700000e-07	-6.966430e-06	-9.840034e-09	-4.498918e+01	-5.893979e+02
1.800000e-07	-6.950292e-06	-9.814234e-09	-4.488497e+01	-5.889912e+02
1.900000e-07	-6.933114e-06	-9.909797e-09	-4.477403e+01	-5.885397e+02
2.000000e-07	-6.915434e-06	-9.821852e-09	-4.465985e+01	-5.880454e+02
2.100000e-07	-6.897044e-06	-9.965453e-09	-4.454109e+01	-5.875115e+02
2.200000e-07	-6.877822e-06	-9.953125e-09	-4.441695e+01	-5.869427e+02
2.300000e-07	-6.857909e-06	-9.711512e-09	-4.428835e+01	-5.863436e+02
2.400000e-07	-6.837419e-06	-9.813607e-09	-4.415603e+01	-5.857185e+02
2.500000e-07	-6.816281e-06	-9.904954e-09	-4.401952e+01	-5.850704e+02
2.600000e-07	-6.794336e-06	-9.847760e-09	-4.387780e+01	-5.844005e+02
2.700000e-07	-6.771568e-06	-9.786895e-09	-4.373076e+01	-5.837084e+02
2.800000e-07	-6.748034e-06	-9.730611e-09	-4.357878e+01	-5.829916e+02
2.900000e-07	-6.723791e-06	-9.881751e-09	-4.342222e+01	-5.822462e+02
3.000000e-07	-6.698795e-06	-9.848023e-09	-4.326080e+01	-5.814674e+02
3.100000e-07	-6.672852e-06	-9.670689e-09	-4.309326e+01	-5.806504e+02
3.200000e-07	-6.645707e-06	-9.694175e-09	-4.291795e+01	-5.797906e+02
3.300000e-07	-6.617593e-06	-9.791261e-09	-4.273639e+01	-5.788847e+02
3.400000e-07	-6.588844e-06	-9.762293e-09	-4.255074e+01	-5.779310e+02
3.500000e-07	-6.559408e-06	-9.652497e-09	-4.236064e+01	-5.769295e+02
3.600000e-07	-6.529192e-06	-9.650018e-09	-4.216550e+01	-5.758817e+02
3.700000e-07	-6.498103e-06	-9.686975e-09	-4.196473e+01	-5.747909e+02
3.800000e-07	-6.466287e-06	-9.650296e-09	-4.175926e+01	-5.736610e+02
3.900000e-07	-6.433986e-06	-9.613866e-09	-4.155066e+01	-5.724960e+02
4.000000e-07	-6.401103e-06	-9.574251e-09	-4.133830e+01	-5.712998e+02
4.100000e-07	-6.367190e-06	-9.601000e-09	-4.111929e+01	-5.700749e+02
4.200000e-07	-6.332072e-06	-9.618850e-09	-4.089250e+01	-5.688227e+02
4.300000e-07	-6.296137e-06	-9.536921e-09	-4.066043e+01	-5.675425e+02
4.400000e-07	-6.259636e-06	-9.501594e-09	-4.042471e+01	-5.662325e+02
4.500000e-07	-6.222468e-06	-9.494969e-09	-4.018468e+01	-5.648890e+02
4.600000e-07	-6.184511e-06	-9.493841e-09	-3.993955e+01	-5.635080e+02
4.700000e-07	-6.145810e-06	-9.446900e-09	-3.968962e+01	-5.620849e+02
4.800000e-07	-6.106458e-06	-9.412615e-09	-3.943549e+01	-5.606156e+02
4.900000e-07	-6.066534e-06	-9.415334e-09	-3.917766e+01	-5.590970e+02
5.000000e-07	-6.026039e-06	-9.397418e-09	-3.891614e+01	-5.575276e+02
5.100000e-07	-5.984741e-06	-9.353403e-09	-3.864944e+01	-5.559074e+02
5.200000e-07	-5.942346e-06	-9.294573e-09	-3.837565e+01	-5.542379e+02
5.300000e-07	-5.898963e-06	-9.280534e-09	-3.809548e+01	-5.525224e+02
5.400000e-07	-5.854898e-06	-9.270144e-09	-3.781091e+01	-5.507647e+02
5.500000e-07	-5.810259e-06	-9.226456e-09	-3.752263e+01	-5.489694e+02
5.600000e-07	-5.765050e-06	-9.187443e-09	-3.723067e+01	-5.471404e+02
5.700000e-07	-5.719214e-06	-9.167416e-09	-3.693467e+01	-5.452811e+02
5.800000e-07	-5.672652e-06	-9.148296e-09	-3.663397e+01	-5.433935e+02
5.900000e-07	-5.625352e-06	-9.096210e-09	-3.632850e+01	-5.414779e+02
6.000000e-07	-5.577429e-06	-9.050725e-09	-3.601902e+01	-5.395330e+02
6.100000e-07	-5.528914e-06	-9.029623e-09	-3.570571e+01	-5.375562e+02
6.200000e-07	-5.479491e-06	-9.007128e-09	-3.538654e+01	-5.355434e+02
6.300000e-07	-5.429058e-06	-8.966100e-09	-3.506084e+01	-5.334903e+02
6.400000e-07	-5.377821e-06	-8.921091e-09	-3.472995e+01	-5.313921e+02
6.500000e-07	-5.325793e-06	-8.895239e-09	-3.439396e+01	-5.292448e+02
6.600000e-07	-5.273055e-06	-8.861548e-09	-3.405337e+01	-5.270449e+02
6.700000e-07	-5.219602e-06	-8.816148e-09	-3.370818e+01	-5.247904e+02
6.800000e-07	-5.165437e-06	-8.773033e-09	-3.335837e+01	-5.224804e+02
6.900000e-07	-5.110724e-06	-8.745993e-09	-3.300504e+01	-5.201150e+02
7.000000e-07	-5.055478e-06	-8.711704e-09	-3.264826e+01	-5.176952e+02
7.100000e-07	-4.999694e-06	-8.663560e-09	-3.228801e+01	-5.152225e+02
7.200000e-07	-4.943399e-06	-8.612699e-09	-3.192445e+01	-5.126985e+02
7.300000e-07	-4.886547e-06	-8.570590e-09	-3.155731e+01	-5.101242e+02
7.400000e-07	-4.829048e-06	-8.532008e-09	-3.118597e+01	-5.075001e+02
7.500000e-07	-4.770750e-06	-8.486409e-09	-3.080949e+01	-5.048255e+02
7.600000e-07	-4.711661e-06	-8.441433e-09	-3.042789e+01	-5.020989e+02
7.700000e-07	-4.651952e-06	-8.402795e-09	-3.004229e+01	-4.993179e+02
7.800000e-07	-4.591747e-06	-8.359952e-09	-2.965349e+01	-4.964795e+02
7.900000e-07	-4.531037e-06	-8.304381e-09	-2.926143e+01	-4.935806e+02
8.000000e-07	-4.469922e-06	-8.247048e-09	-2.886674e+01	-4.906180e+02
8.100000e-07	-4.408316e-06	-8.198368e-09	-2.846889e+01	-4.875893e+02
8.200000e-07	-4.346126e-06	-8.151274e-09	-2.806727e+01	-4.844927e+02
8.300000e-07	-4.283430e-06	-8.097464e-09	-2.766238e+01	-4.813272e+02
8.400000e-07	-4.220338e-06	-8.042407e-09	-2.725493e+01	-4.780927e+02
8.500000e-07	-4.156839e-06	-7.991922e-09	-2.684485e+01	-4.747897e+02
8.600000e-07	-4.092816e-06	-7.939399e-09	-2.643139e+01	-4.714187e+02
8.700000e-07	-4.028305e-06	-7.881499e-09	-2.601478e+01	-4.679806e+02
8.800000e-07	-3.963317e-06	-7.821816e-09	-2.559509e+01	-4.644752e+02
8.900000e-07	-3.897793e-06	-7.764727e-09	-2.517193e+01	-4.609018e+02
9.000000e-07	-3.831682e-06	-7.706166e-09	-2.474499e+01	-4.572584e+02
9.100000e-07	-3.765044e-06	-7.639450e-09	-2.431464e+01	-4.535420e+02
9.200000e-07	-3.698010e-06	-7.574649e-09	-2.388174e+01	-4.497484e+02
9.300000e-07	-3.630567e-06	-7.512148e-09	-2.344619e+01	-4.458726e+02
9.400000e-07	-3.562639e-06	-7.446923e-09	-2.300751e+01	-4.419094e+02
9.500000e-07	-3.494276e-06	-7.374111e-09	-2.256603e+01	-4.378537e+02
9.600000e-07	-3.425547e-06	-7.303180e-09	-2.212217e+01	-4.337007e+02
9.700000e-07	-3.356504e-06	-7.237436e-09	-2.167629e+01	-4.294468e+02
9.800000e-07	-3.287136e-06	-7.166727e-09	-2.122831e+01	-4.250895e+02
9.900000e-07	-3.217360e-06	-7.089491e-09	-2.077770e+01	-4.206277e+02
1.000000e-06	-3.147150e-06	-7.011492e-09	-2.032429e+01	-4.160613e+02
1.010000e-06	-3.076588e-06	-6.934020e-09	-1.986859e+01	-4.113913e+02
1.020000e-06	-3.005625e-06	-6.852611e-09	-1.941032e+01	-4.066189e+02
1.030000e-06	-2.934323e-06	-6.768758e-09	-1.894985e+01	-4.017453e+02
1.040000e-06	-2.862773e-06	-6.688413e-09	-1.848778e+01	-3.967710e+02
1.050000e-06	-2.790944e-06	-6.607248e-09	-1.802391e+01	-3.916951e+02
1.060000e-06	-2.718755e-06	-6.521272e-09	-1.755771e+01	-3.865156e+02
1.070000e-06	-2.646133e-06	-6.430666e-09	-1.708872e+01	-3.812281e+02
1.080000e-06	-2.573197e-06	-6.336597e-09	-1.661770e+01	-3.758270e+02
1.090000e-06	-2.499936e-06	-6.242012e-09	-1.614458e+01	-3.703049e+02
1.100000e-06	-2.426336e-06	-6.143727e-09	-1.566927e+01	-3.646531e+02
1.110000e-06	-2.352399e-06	-6.044566e-09	-1.519178e+01	-3.588623e+02
1.120000e-06	-2.278103e-06	-5.945354e-09	-1.471198e+01	-3.529231e+02
1.130000e-06	-2.203438e-06	-5.843182e-09	-1.422979e+01	-3.468264e+02
1.140000e-06	-2.128438e-06	-5.733853e-09	-1.374545e+01	-3.405637e+02
1.150000e-06	-2.053136e-06	-5.621055e-09	-1.325914e+01	-3.341276e+02
1.160000e-06	-1.977571e-06	-5.510614e-09	-1.277115e+01	-3.275118e+02
1.170000e-06	-1.901740e-06	-5.396996e-09	-1.228143e+01	-3.207109e+02
1.180000e-06	-1.825632e-06	-5.279463e-09	-1.178993e+01	-3.137202e+02
1.190000e-06	-1.749247e-06	-5.159494e-09	-1.129663e+01	-3.065354e+02
1.200000e-06	-1.672641e-06	-5.035379e-09	-1.080191e+01	-2.991518e+02
1.210000e-06	-1.595921e-06	-4.904021e-09	-1.030645e+01	-2.915642e+02
1.220000e-06	-1.518953e-06	-4.767333e-09	-9.809396e+00	-2.837662e+02
1.230000e-06	-1.441778e-06	-4.631822e-09	-9.310998e+00	-2.757501e+02
1.240000e-06	-1.364533e-06	-4.495386e-09	-8.812148e+00	-2.675065e+02
1.250000e-06	-1.287171e-06	-4.355279e-09	-8.312548e+00	-2.590243e+02
1.260000e-06	-1.209623e-06	-4.211435e-09	-7.811742e+00	-2.502909e+02
1.270000e-06	-1.131882e-06	-4.061938e-09	-7.309692e+00	-2.412921e+02
1.280000e-06	-1.054004e-06	-3.906440e-09	-6.806753e+00	-2.320123e+02
1.290000e-06	-9.760000e-07	-3.742478e-09	-6.303005e+00	-2.224353e+02
1.300000e-06	-8.978817e-07	-3.570855e-09	-5.798517e+00	-2.125437e+02
1.310000e-06	-8.195719e-07	-3.395923e-09	-5.292793e+00	-2.023200e+02
1.320000e-06	-7.410728e-07	-3.218336e-09	-4.785846e+00	-1.917463e+02
1.330000e-06	-6.625534e-07	-3.034756e-09	-4.278768e+00	-1.808052e+02
1.340000e-06	-5.839813e-07	-2.843650e-09	-3.771349e+00	-1.694796e+02
1.350000e-06	-5.052333e-07	-2.644165e-09	-3.262795e+00	-1.577536e+02
1.360000e-06	-4.264147e-07	-2.438856e-09	-2.753785e+00	-1.456134e+02
1.370000e-06	-3.475538e-07	-2.228919e-09	-2.244501e+00	-1.330476e+02
1.380000e-06	-2.686216e-07	-2.010439e-09	-1.734758e+00	-1.200489e+02
1.390000e-06	-1.896942e-07	-1.781847e-09	-1.225044e+00	-1.066146e+02
1.400000e-06	-1.107430e-07	-1.546224e-09	-7.151782e-01	-9.274858e+01
1.410000e-06	-3.172478e-08	-1.304758e-09	-2.048785e-01	-7.846197e+01
1.420000e-06	4.737733e-08	-1.054738e-09	3.059627e-01	-6.377445e+01
1.430000e-06	1.263993e-07	-8.010045e-10	8.162861e-01	-4.871495e+01
1.440000e-06	2.053670e-07	-5.427563e-10	1.326259e+00	-3.332202e+01
1.450000e-06	2.843884e-07	-2.792649e-10	1.836579e+00	-1.764370e+01
1.460000e-06	3.633195e-07	-1.089687e-11	2.346316e+00	-1.736713e+00
1.470000e-06	4.422002e-07	2.609041e-10	2.855727e+00	1.433475e+01
1.480000e-06	5.210996e-07	5.322371e-10	3.365259e+00	3.050094e+01
1.490000e-06	5.998327e-07	8.069553e-10	3.873718e+00	4.668879e+01
1.500000e-06	6.784123e-07	1.082034e-09	4.381184e+00	6.282448e+01
1.510000e-06	7.569869e-07	1.353317e-09	4.888619e+00	7.883608e+01
1.520000e-06	8.354013e-07	1.617364e-09	5.395019e+00	9.465602e+01
1.530000e-06	9.136715e-07	1.873938e-09	5.900488e+00	1.102234e+02
1.540000e-06	9.919094e-07	2.128168e-09	6.405748e+00	1.254855e+02
1.550000e-06	1.069942e-06	2.379366e-09	6.909681e+00	1.403992e+02
1.560000e-06	1.147715e-06	2.624859e-09	7.411938e+00	1.549313e+02
1.570000e-06	1.225390e-06	2.862864e-09	7.913563e+00	1.690580e+02
1.580000e-06	1.302941e-06	3.096837e-09	8.414390e+00	1.827647e+02
1.590000e-06	1.380267e-06	3.321222e-09	8.913757e+00	1.960443e+02
1.600000e-06	1.457413e-06	3.534761e-09	9.411971e+00	2.088957e+02
1.610000e-06	1.534420e-06	3.740983e-09	9.909282e+00	2.213220e+02
1.620000e-06	1.611207e-06	3.942278e-09	1.040517e+01	2.333294e+02
1.630000e-06	1.687775e-06	4.139778e-09	1.089964e+01	2.449251e+02
1.640000e-06	1.764133e-06	4.328475e-09	1.139277e+01	2.561168e+02
1.650000e-06	1.840178e-06	4.509154e-09	1.188387e+01	2.669119e+02
1.660000e-06	1.915922e-06	4.683231e-09	1.237302e+01	2.773173e+02
1.670000e-06	1.991417e-06	4.850853e-09	1.286057e+01	2.873395e+02
1.680000e-06	2.066614e-06	5.011980e-09	1.334619e+01	2.969853e+02
1.690000e-06	2.141434e-06	5.167722e-09	1.382937e+01	3.062620e+02
1.700000e-06	2.215984e-06	5.317202e-09	1.431082e+01	3.151784e+02
1.710000e-06	2.290234e-06	5.462272e-09	1.479032e+01	3.237449e+02
1.720000e-06	2.364176e-06	5.600687e-09	1.526784e+01	3.319742e+02
1.730000e-06	2.437877e-06	5.731752e-09	1.574380e+01	3.398807e+02
1.740000e-06	2.511229e-06	5.857184e-09	1.621751e+01	3.474807e+02
1.750000e-06	2.584240e-06	5.980745e-09	1.668901e+01	3.547917e+02
1.760000e-06	2.656948e-06	6.099421e-09	1.715856e+01	3.618315e+02
1.770000e-06	2.729258e-06	6.213004e-09	1.762554e+01	3.686176e+02
1.780000e-06	2.801170e-06	6.324932e-09	1.808994e+01	3.751662e+02
1.790000e-06	2.872824e-06	6.433141e-09	1.855269e+01	3.814918e+02
1.800000e-06	2.944202e-06	6.535895e-09	1.901364e+01	3.876070e+02
1.810000e-06	3.015252e-06	6.631420e-09	1.947249e+01	3.935218e+02
1.820000e-06	3.085914e-06	6.725606e-09	1.992882e+01	3.992444e+02
1.830000e-06	3.156160e-06	6.819732e-09	2.038247e+01	4.047813e+02
1.840000e-06	3.226073e-06	6.911750e-09	2.083397e+01	4.101380e+02
1.850000e-06	3.295611e-06	7.000033e-09	2.128304e+01	4.153199e+02
1.860000e-06	3.364796e-06	7.086355e-09	2.172984e+01	4.203324e+02
1.870000e-06	3.433703e-06	7.170198e-09	2.217484e+01	4.251821e+02
1.880000e-06	3.502338e-06	7.249124e-09	2.261809e+01	4.298767e+02
1.890000e-06	3.570528e-06	7.322902e-09	2.305846e+01	4.344250e+02
1.900000e-06	3.638179e-06	7.393565e-09	2.349535e+01	4.388370e+02
1.910000e-06	3.705315e-06	7.464983e-09	2.392891e+01	4.431232e+02
1.920000e-06	3.771950e-06	7.537068e-09	2.435924e+01	4.472938e+02
1.930000e-06	3.838155e-06	7.607066e-09	2.478679e+01	4.513585e+02
1.940000e-06	3.903841e-06	7.673754e-09	2.521099e+01	4.553255e+02
1.950000e-06	3.968974e-06	7.739783e-09	2.563162e+01	4.592012e+02
1.960000e-06	4.033625e-06	7.804976e-09	2.604914e+01	4.629898e+02
1.970000e-06	4.097892e-06	7.868485e-09	2.646417e+01	4.666933e+02
1.980000e-06	4.161688e-06	7.926692e-09	2.687617e+01	4.703122e+02
1.990000e-06	4.224977e-06	7.982680e-09	2.728489e+01	4.738453e+02
2.000000e-06	4.287831e-06	8.042553e-09	2.769080e+01	4.772911e+02
2.010000e-06	4.350186e-06	8.102371e-09	2.809349e+01	4.806481e+02
2.020000e-06	4.412023e-06	8.156576e-09	2.849283e+01	4.839157e+02
2.030000e-06	4.473385e-06	8.208134e-09	2.888911e+01	4.870948e+02
2.040000e-06	4.534328e-06	8.262499e-09	2.928268e+01	4.901880e+02
2.050000e-06	4.594819e-06	8.315847e-09	2.967332e+01	4.931996e+02
2.060000e-06	4.654765e-06	8.365096e-09	3.006045e+01	4.961353e+02
2.070000e-06	4.714035e-06	8.412184e-09	3.044322e+01	4.990022e+02
2.080000e-06	4.772615e-06	8.462361e-09	3.082153e+01	5.018073e+02
2.090000e-06	4.830567e-06	8.511412e-09	3.119578e+01	5.045574e+02
2.100000e-06	4.887859e-06	8.554969e-09	3.156578e+01	5.072580e+02
2.110000e-06	4.944538e-06	8.596587e-09	3.193181e+01	5.099129e+02
2.120000e-06	5.000661e-06	8.639515e-09	3.229426e+01	5.125240e+02
2.130000e-06	5.056248e-06	8.683066e-09	3.265323e+01	5.150908e+02
2.140000e-06	5.111304e-06	8.727598e-09	3.300879e+01	5.176111e+02
2.150000e-06	5.165799e-06	8.772680e-09	3.336072e+01	5.200813e+02
2.160000e-06	5.219647e-06	8.816594e-09	3.370846e+01	5.224973e+02
2.170000e-06	5.272851e-06	8.859290e-09	3.405205e+01	5.248552e+02
2.180000e-06	5.325391e-06	8.897309e-09	3.439136e+01	5.271520e+02
2.190000e-06	5.377106e-06	8.930698e-09	3.472534e+01	5.293862e+02
2.200000e-06	5.427910e-06	8.963196e-09	3.505343e+01	5.315586e+02
2.210000e-06	5.477867e-06	8.996993e-09	3.537605e+01	5.336719e+02
2.220000e-06	5.527028e-06	9.031452e-09	3.569353e+01	5.357306e+02
2.230000e-06	5.575432e-06	9.066956e-09	3.600612e+01	5.377406e+02
2.240000e-06	5.623141e-06	9.102951e-09	3.631423e+01	5.397083e+02
2.250000e-06	5.670159e-06	9.139259e-09	3.661787e+01	5.416399e+02
2.260000e-06	5.716531e-06	9.173427e-09	3.691734e+01	5.435402e+02
2.270000e-06	5.762254e-06	9.202985e-09	3.721262e+01	5.454125e+02
2.280000e-06	5.807355e-06	9.231054e-09	3.750388e+01	5.472574e+02
2.290000e-06	5.851938e-06	9.261685e-09	3.779180e+01	5.490733e+02
2.300000e-06	5.895898e-06	9.292586e-09	3.807569e+01	5.508562e+02
2.310000e-06	5.939147e-06	9.320084e-09	3.835499e+01	5.526005e+02
2.320000e-06	5.981602e-06	9.346802e-09	3.862917e+01	5.542995e+02
2.330000e-06	6.023164e-06	9.375872e-09	3.889758e+01	5.559467e+02
2.340000e-06	6.063934e-06	9.405276e-09	3.916087e+01	5.575364e+02
2.350000e-06	6.103925e-06	9.431896e-09	3.941913e+01	5.590649e+02
2.360000e-06	6.143209e-06	9.455895e-09	3.967282e+01	5.605308e+02
2.370000e-06	6.181818e-06	9.481303e-09	3.992216e+01	5.619356e+02
2.380000e-06	6.219678e-06	9.507620e-09	4.016666e+01	5.632833e+02
2.390000e-06	6.256857e-06	9.528132e-09	4.040676e+01	5.645803e+02
2.400000e-06	6.293454e-06	9.545289e-09	4.064310e+01	5.658342e+02
2.410000e-06	6.329447e-06	9.563749e-09	4.087555e+01	5.670535e+02
2.420000e-06	6.364640e-06	9.584496e-09	4.110282e+01	5.682460e+02
2.430000e-06	6.398859e-06	9.606681e-09	4.132381e+01	5.694183e+02
2.440000e-06	6.432146e-06	9.628887e-09	4.153878e+01	5.705748e+02
2.450000e-06	6.464724e-06	9.651599e-09	4.174917e+01	5.717171e+02
2.460000e-06	6.496637e-06	9.672309e-09	4.195526e+01	5.728443e+02
2.470000e-06	6.527794e-06	9.689869e-09	4.215647e+01	5.739533e+02
2.480000e-06	6.558164e-06	9.704811e-09	4.235260e+01	5.750387e+02
2.490000e-06	6.587743e-06	9.718459e-09	4.254362e+01	5.760946e+02
2.500000e-06	6.616655e-06	9.734838e-09	4.273033e+01	5.771149e+02
2.510000e-06	6.644992e-06	9.752726e-09	4.291334e+01	5.780945e+02
2.520000e-06	6.672703e-06	9.770788e-09	4.309230e+01	5.790299e+02
2.530000e-06	6.699457e-06	9.788747e-09	4.326507e+01	5.799199e+02
2.540000e-06	6.725033e-06	9.805561e-09	4.343024e+01	5.807659e+02
2.550000e-06	6.749650e-06	9.822081e-09	4.358922e+01	5.815712e+02
2.560000e-06	6.773552e-06	9.836376e-09	4.374358e+01	5.823411e+02
2.570000e-06	6.796667e-06	9.846732e-09	4.389286e+01	5.830818e+02
2.580000e-06	6.818951e-06	9.856447e-09	4.403677e+01	5.837995e+02
2.590000e-06	6.840467e-06	9.867196e-09	4.417572e+01	5.844997e+02
2.600000e-06	6.861306e-06	9.878720e-09	4.431029e+01	5.851860e+02
2.610000e-06	6.881544e-06	9.890394e-09	4.444099e+01	5.858600e+02
2.620000e-06	6.901110e-06	9.903261e-09	4.456735e+01	5.865209e+02
2.630000e-06	6.919803e-06	9.916739e-09	4.468807e+01	5.871656e+02
2.640000e-06	6.937617e-06	9.928116e-09	4.480311e+01	5.877892e+02
2.650000e-06	6.954613e-06	9.936634e-09	4.491287e+01	5.883855e+02
2.660000e-06	6.970794e-06	9.945203e-09	4.501736e+01	5.889484e+02
2.670000e-06	6.986032e-06	9.952369e-09	4.511578e+01	5.894724e+02
2.680000e-06	7.000254e-06	9.956038e-09	4.520762e+01	5.899534e+02
2.690000e-06	7.013585e-06	9.961710e-09	4.529371e+01	5.903896e+02
2.700000e-06	7.026070e-06	9.972571e-09	4.537434e+01	5.907817e+02
2.710000e-06	7.037638e-06	9.985571e-09	4.544905e+01	5.911326e+02
2.720000e-06	7.048051e-06	9.992196e-09	4.551629e+01	5.914473e+02
2.730000e-06	7.057332e-06	9.995528e-09	4.557623e+01	5.917320e+02
2.740000e-06	7.065769e-06	9.996830e-09	4.563071e+01	5.919935e+02
2.750000e-06	7.073464e-06	9.997480e-09	4.568040e+01	5.922378e+02
2.760000e-06	7.080381e-06	9.998754e-09	4.572508e+01	5.924696e+02
2.770000e-06	7.086492e-06	1.000180e-08	4.576454e+01	5.926915e+02
2.780000e-06	7.091793e-06	1.000724e-08	4.579877e+01	5.929037e+02
2.790000e-06	7.096413e-06	1.001134e-08	4.582861e+01	5.931039e+02
2.800000e-06	7.100435e-06	1.001610e-08	4.585459e+01	5.932876e+02
2.810000e-06	7.103516e-06	1.001858e-08	4.587448e+01	5.934487e+02
2.820000e-06	7.105379e-06	1.001778e-08	4.588651e+01	5.935808e+02
2.830000e-06	7.106226e-06	1.001420e-08	4.589198e+01	5.936774e+02
2.840000e-06	7.106321e-06	1.001074e-08	4.589260e+01	5.937336e+02
2.850000e-06	7.105723e-06	1.001297e-08	4.588874e+01	5.937463e+02
2.860000e-06	7.104336e-06	1.001913e-08	4.587978e+01	5.937150e+02
2.870000e-06	7.102130e-06	1.001892e-08	4.586553e+01	5.936417e+02
2.880000e-06	7.099180e-06	1.001784e-08	4.584648e+01	5.935311e+02
2.890000e-06	7.095642e-06	1.001775e-08	4.582363e+01	5.933894e+02
2.900000e-06	7.091460e-06	1.000743e-08	4.579662e+01	5.932241e+02
2.910000e-06	7.086458e-06	9.978808e-09	4.576433e+01	5.930426e+02
2.920000e-06	7.080383e-06	9.977924e-09	4.572509e+01	5.928514e+02
2.930000e-06	7.073246e-06	1.008746e-08	4.567900e+01	5.926553e+02
2.940000e-06	7.065278e-06	1.010381e-08	4.562754e+01	5.924568e+02
2.950000e-06	7.056255e-06	1.000731e-08	4.556927e+01	5.922555e+02
2.960000e-06	7.046077e-06	9.859103e-09	4.550355e+01	5.920485e+02
2.970000e-06	7.035129e-06	9.811056e-09	4.543284e+01	5.918306e+02
2.980000e-06	7.023807e-06	1.009833e-08	4.535972e+01	5.915952e+02
2.990000e-06	7.011744e-06	9.992818e-09	4.528182e+01	5.913349e+02
3.000000e-06	6.998376e-06	9.798026e-09	4.519549e+01	5.910423e+02
3.010000e-06	6.984118e-06	1.008972e-08	4.510341e+01	5.907116e+02
3.020000e-06	6.969070e-06	1.001893e-08	4.500623e+01	5.903383e+02
3.030000e-06	6.952924e-06	9.915904e-09	4.490196e+01	5.899204e+02
3.040000e-06	6.936070e-06	1.010351e-08	4.479312e+01	5.894581e+02
3.050000e-06	6.918565e-06	9.841837e-09	4.468007e+01	5.889535e+02
3.060000e-06	6.900156e-06	9.784323e-09	4.456119e+01	5.884104e+02
3.070000e-06	6.881007e-06	1.008819e-08	4.443752e+01	5.878336e+02
3.080000e-06	6.861236e-06	9.852553e-09	4.430984e+01	5.872277e+02
3.090000e-06	6.840839e-06	9.768021e-09	4.417811e+01	5.865966e+02
3.100000e-06	6.819647e-06	9.855590e-09	4.404126e+01	5.859431e+02
3.110000e-06	6.797106e-06	9.840647e-09	4.389569e+01	5.852678e+02
3.120000e-06	6.773485e-06	9.940848e-09	4.374314e+01	5.845698e+02
3.130000e-06	6.749383e-06	9.684776e-09	4.358750e+01	5.838463e+02
3.140000e-06	6.724480e-06	9.734438e-09	4.342667e+01	5.830930e+02
3.150000e-06	6.698622e-06	9.998747e-09	4.325968e+01	5.823052e+02
3.160000e-06	6.671906e-06	9.774021e-09	4.308715e+01	5.814779e+02
3.170000e-06	6.644495e-06	9.686288e-09	4.291013e+01	5.806068e+02
3.180000e-06	6.616535e-06	9.706033e-09	4.272957e+01	5.796891e+02
3.190000e-06	6.587597e-06	9.783898e-09	4.254268e+01	5.787234e+02
3.200000e-06	6.557524e-06	9.792630e-09	4.234847e+01	5.777101e+02
3.210000e-06	6.526559e-06	9.583430e-09	4.214850e+01	5.766513e+02
3.220000e-06	6.494861e-06	9.698769e-09	4.194379e+01	5.755503e+02
3.230000e-06	6.462446e-06	9.713737e-09	4.173446e+01	5.744113e+02
3.240000e-06	6.429239e-06	9.646690e-09	4.152001e+01	5.732382e+02
3.250000e-06	6.395333e-06	9.605679e-09	4.130104e+01	5.720346e+02
3.260000e-06	6.360685e-06	9.518444e-09	4.107729e+01	5.708029e+02
3.270000e-06	6.325368e-06	9.657895e-09	4.084921e+01	5.695438e+02
3.280000e-06	6.289542e-06	9.571723e-09	4.061784e+01	5.682565e+02
3.290000e-06	6.253118e-06	9.503946e-09	4.038262e+01	5.669385e+02
3.300000e-06	6.215804e-06	9.507548e-09	4.014164e+01	5.655861e+02
3.310000e-06	6.177249e-06	9.486360e-09	3.989266e+01	5.641949e+02
3.320000e-06	6.137719e-06	9.512874e-09	3.963737e+01	5.627606e+02
3.330000e-06	6.097615e-06	9.377888e-09	3.937838e+01	5.612793e+02
3.340000e-06	6.057037e-06	9.386926e-09	3.911633e+01	5.597481e+02
3.350000e-06	6.015741e-06	9.400005e-09	3.884964e+01	5.581660e+02
3.360000e-06	5.973613e-06	9.384850e-09	3.857757e+01	5.565332e+02
3.370000e-06	5.930918e-06	9.330496e-09	3.830185e+01	5.548520e+02
3.380000e-06	5.887639e-06	9.250637e-09	3.802235e+01	5.531255e+02
3.390000e-06	5.843755e-06	9.300631e-09	3.773895e+01	5.513581e+02
3.400000e-06	5.799264e-06	9.245598e-09	3.745163e+01	5.495539e+02
3.410000e-06	5.754150e-06	9.189960e-09	3.716028e+01	5.477172e+02
3.420000e-06	5.708310e-06	9.141822e-09	3.686425e+01	5.458507e+02
3.430000e-06	5.661734e-06	9.151285e-09	3.656346e+01	5.439561e+02
3.440000e-06	5.614548e-06	9.145439e-09	3.625873e+01	5.420334e+02
3.450000e-06	5.566637e-06	9.057210e-09	3.594932e+01	5.400809e+02
3.460000e-06	5.517964e-06	9.030522e-09	3.563499e+01	5.380954e+02
3.470000e-06	5.468520e-06	9.008884e-09	3.531569e+01	5.360731e+02
3.480000e-06	5.418318e-06	8.996938e-09	3.499148e+01	5.340091e+02
3.490000e-06	5.367494e-06	8.923800e-09	3.466326e+01	5.318990e+02
3.500000e-06	5.316017e-06	8.881330e-09	3.433082e+01	5.297388e+02
3.510000e-06	5.263764e-06	8.873423e-09	3.399337e+01	5.275255e+02
3.520000e-06	5.210636e-06	8.836758e-09	3.365027e+01	5.252572e+02
3.530000e-06	5.156584e-06	8.774375e-09	3.330120e+01	5.229333e+02
3.540000e-06	5.101722e-06	8.713475e-09	3.294691e+01	5.205542e+02
3.550000e-06	5.046250e-06	8.701752e-09	3.258867e+01	5.181210e+02
3.560000e-06	4.990227e-06	8.664096e-09	3.222687e+01	5.156354e+02
3.570000e-06	4.933704e-06	8.606846e-09	3.186185e+01	5.130988e+02
3.580000e-06	4.876693e-06	8.546005e-09	3.149367e+01	5.105121e+02
3.590000e-06	4.819031e-06	8.521701e-09	3.112129e+01	5.078754e+02
3.600000e-06	4.760698e-06	8.483006e-09	3.074457e+01	5.051880e+02
3.610000e-06	4.701934e-06	8.417470e-09	3.036508e+01	5.024481e+02
3.620000e-06	4.642819e-06	8.361480e-09	2.998331e+01	4.996531e+02
3.630000e-06	4.583138e-06	8.328582e-09	2.959789e+01	4.967999e+02
3.640000e-06	4.522798e-06	8.296430e-09	2.920821e+01	4.938853e+02
3.650000e-06	4.461837e-06	8.231317e-09	2.881453e+01	4.909065e+02
3.660000e-06	4.400291e-06	8.172725e-09	2.841707e+01	4.878610e+02
3.670000e-06	4.338169e-06	8.125511e-09	2.801588e+01	4.847472e+02
3.680000e-06	4.275421e-06	8.082249e-09	2.761066e+01	4.815645e+02
3.690000e-06	4.212042e-06	8.014035e-09	2.720135e+01	4.783128e+02
3.700000e-06	4.148138e-06	7.950852e-09	2.678866e+01	4.749927e+02
3.710000e-06	4.083821e-06	7.902315e-09	2.637330e+01	4.716050e+02
3.720000e-06	4.019116e-06	7.854311e-09	2.595544e+01	4.681501e+02
3.730000e-06	3.953980e-06	7.785286e-09	2.553479e+01	4.646278e+02
3.740000e-06	3.888375e-06	7.711606e-09	2.511111e+01	4.610372e+02
3.750000e-06	3.822291e-06	7.655886e-09	2.468434e+01	4.573759e+02
3.760000e-06	3.755772e-06	7.599679e-09	2.425476e+01	4.536406e+02
3.770000e-06	3.688950e-06	7.533626e-09	2.382323e+01	4.498269e+02
3.780000e-06	3.621769e-06	7.462260e-09	2.338937e+01	4.459299e+02
3.790000e-06	3.554153e-06	7.405942e-09	2.295271e+01	4.419441e+02
3.800000e-06	3.486130e-06	7.344256e-09	2.251342e+01	4.378644e+02
3.810000e-06	3.417656e-06	7.269379e-09	2.207121e+01	4.336865e+02
3.820000e-06	3.348699e-06	7.187944e-09	2.162589e+01	4.294070e+02
3.830000e-06	3.279339e-06	7.116258e-09	2.117796e+01	4.250236e+02
3.840000e-06	3.209529e-06	7.046648e-09	2.072713e+01	4.205357e+02
3.850000e-06	3.139197e-06	6.965892e-09	2.027292e+01	4.159433e+02
3.860000e-06	3.068499e-06	6.881683e-09	1.981636e+01	4.112476e+02
3.870000e-06	2.997327e-06	6.801334e-09	1.935673e+01	4.064498e+02
3.880000e-06	2.925626e-06	6.722383e-09	1.889368e+01	4.015511e+02
3.890000e-06	2.853603e-06	6.634207e-09	1.842856e+01	3.965515e+02
3.900000e-06	2.781315e-06	6.544246e-09	1.796172e+01	3.914500e+02
3.910000e-06	2.708773e-06	6.458619e-09	1.749325e+01	3.862440e+02
3.920000e-06	2.635987e-06	6.373497e-09	1.702320e+01	3.809287e+02
3.930000e-06	2.562979e-06	6.281043e-09	1.655171e+01	3.754982e+02
3.940000e-06	2.489708e-06	6.183200e-09	1.607853e+01	3.699444e+02
3.950000e-06	2.416090e-06	6.088599e-09	1.560310e+01	3.642588e+02
3.960000e-06	2.342103e-06	5.994042e-09	1.512529e+01	3.584318e+02
3.970000e-06	2.267807e-06	5.891839e-09	1.464549e+01	3.524541e+02
3.980000e-06	2.193293e-06	5.783705e-09	1.416428e+01	3.463167e+02
3.990000e-06	2.118542e-06	5.679553e-09	1.368154e+01	3.400113e+02
4.000000e-06	2.043560e-06	5.575858e-09	1.319730e+01	3.335308e+02
4.010000e-06	1.968391e-06	5.462011e-09	1.271186e+01	3.268693e+02
4.020000e-06	1.892958e-06	5.339559e-09	1.222472e+01	3.200214e+02
4.030000e-06	1.817220e-06	5.218078e-09	1.173560e+01	3.129826e+02
4.040000e-06	1.741143e-06	5.097686e-09	1.124430e+01	3.057486e+02
4.050000e-06	1.664702e-06	4.971203e-09	1.075064e+01	2.983145e+02
4.060000e-06	1.587995e-06	4.840833e-09	1.025527e+01	2.906749e+02
4.070000e-06	1.511042e-06	4.711064e-09	9.758306e+00	2.828232e+02
4.080000e-06	1.433891e-06	4.580141e-09	9.260063e+00	2.747512e+02
4.090000e-06	1.356624e-06	4.442547e-09	8.761072e+00	2.664491e+02
4.100000e-06	1.279239e-06	4.296160e-09	8.261318e+00	2.579054e+02
4.110000e-06	1.201681e-06	4.144946e-09	7.760449e+00	2.491071e+02
4.120000e-06	1.123988e-06	3.989336e-09	7.258711e+00	2.400395e+02
4.130000e-06	1.046162e-06	3.830692e-09	6.756114e+00	2.306870e+02
4.140000e-06	9.682005e-07	3.667377e-09	6.252636e+00	2.210330e+02
4.150000e-06	8.901339e-07	3.497332e-09	5.748482e+00	2.110601e+02
4.160000e-06	8.118657e-07	3.325194e-09	5.243026e+00	2.007506e+02
4.170000e-06	7.335349e-07	3.151333e-09	4.737166e+00	1.900867e+02
4.180000e-06	6.551898e-07	2.969849e-09	4.231214e+00	1.790510e+02
4.190000e-06	5.767323e-07	2.774311e-09	3.724535e+00	1.676268e+02
4.200000e-06	4.981889e-07	2.570977e-09	3.217302e+00	1.557985e+02
4.210000e-06	4.195899e-07	2.366045e-09	2.709710e+00	1.435528e+02
4.220000e-06	3.409428e-07	2.156501e-09	2.201807e+00	1.308794e+02
4.230000e-06	2.622311e-07	1.937274e-09	1.693487e+00	1.177718e+02
4.240000e-06	1.834289e-07	1.709291e-09	1.184584e+00	1.042290e+02
4.250000e-06	1.046004e-07	1.476965e-09	6.755090e-01	9.025644e+01
4.260000e-06	2.577475e-08	1.239664e-09	1.664532e-01	7.586744e+01
4.270000e-06	-5.306061e-08	9.924162e-10	-3.426652e-01	6.108386e+01
4.280000e-06	-1.319547e-07	7.366849e-10	-8.521632e-01	4.593703e+01
4.290000e-06	-2.108332e-07	4.787629e-10	-1.361560e+00	3.046792e+01
4.300000e-06	-2.895728e-07	2.176795e-10	-1.870060e+00	1.472681e+01
4.310000e-06	-3.683152e-07	-4.957486e-11	-2.378578e+00	-1.227537e+00
4.320000e-06	-4.470717e-07	-3.219561e-10	-2.887188e+00	-1.732937e+01
4.330000e-06	-5.257544e-07	-5.937303e-10	-3.395320e+00	-3.350787e+01
4.340000e-06	-6.042124e-07	-8.645803e-10	-3.902002e+00	-4.968955e+01
4.350000e-06	-6.825745e-07	-1.133943e-09	-4.408064e+00	-6.580082e+01
4.360000e-06	-7.609079e-07	-1.400973e-09	-4.913940e+00	-8.177059e+01
4.370000e-06	-8.391110e-07	-1.664079e-09	-5.418976e+00	-9.753277e+01
4.380000e-06	-9.172363e-07	-1.922111e-09	-5.923509e+00	-1.130284e+02
4.390000e-06	-9.951644e-07	-2.176416e-09	-6.426769e+00	-1.282070e+02
4.400000e-06	-1.072898e-06	-2.424535e-09	-6.928773e+00	-1.430280e+02
4.410000e-06	-1.150525e-06	-2.664990e-09	-7.430087e+00	-1.574606e+02
4.420000e-06	-1.227983e-06	-2.898750e-09	-7.930312e+00	-1.714834e+02
4.430000e-06	-1.305279e-06	-3.127030e-09	-8.429486e+00	-1.850837e+02
4.440000e-06	-1.382443e-06	-3.350118e-09	-8.927815e+00	-1.982561e+02
4.450000e-06	-1.459432e-06	-3.566848e-09	-9.425005e+00	-2.110007e+02
4.460000e-06	-1.536214e-06	-3.774364e-09	-9.920864e+00	-2.233217e+02
4.470000e-06	-1.612669e-06	-3.973279e-09	-1.041461e+01	-2.352254e+02
4.480000e-06	-1.688853e-06	-4.165377e-09	-1.090661e+01	-2.467194e+02
4.490000e-06	-1.764781e-06	-4.351989e-09	-1.139695e+01	-2.578113e+02
4.500000e-06	-1.840418e-06	-4.531215e-09	-1.188541e+01	-2.685083e+02
4.510000e-06	-1.915760e-06	-4.703966e-09	-1.237197e+01	-2.788172e+02
4.520000e-06	-1.990783e-06	-4.872956e-09	-1.285647e+01	-2.887447e+02
4.530000e-06	-2.065607e-06	-5.037520e-09	-1.333968e+01	-2.982974e+02
4.540000e-06	-2.140246e-06	-5.195240e-09	-1.382170e+01	-3.074831e+02
4.550000e-06	-2.214557e-06	-5.344300e-09	-1.430160e+01	-3.163110e+02
4.560000e-06	-2.288585e-06	-5.484679e-09	-1.477967e+01	-3.247919e+02
4.570000e-06	-2.362409e-06	-5.619529e-09	-1.525643e+01	-3.329390e+02
4.580000e-06	-2.435975e-06	-5.751235e-09	-1.573152e+01	-3.407673e+02
4.590000e-06	-2.509228e-06	-5.877857e-09	-1.620458e+01	-3.482934e+02
4.600000e-06	-2.582118e-06	-6.001093e-09	-1.667531e+01	-3.555349e+02
4.610000e-06	-2.654770e-06	-6.121711e-09	-1.714450e+01	-3.625097e+02
4.620000e-06	-2.727228e-06	-6.238850e-09	-1.761243e+01	-3.692349e+02
4.630000e-06	-2.799433e-06	-6.350717e-09	-1.807873e+01	-3.757264e+02
4.640000e-06	-2.871382e-06	-6.456739e-09	-1.854337e+01	-3.819984e+02
4.650000e-06	-2.942945e-06	-6.559583e-09	-1.900553e+01	-3.880625e+02
4.660000e-06	-3.014100e-06	-6.657181e-09	-1.946505e+01	-3.939286e+02
4.670000e-06	-3.084859e-06	-6.749259e-09	-1.992201e+01	-3.996042e+02
4.680000e-06	-3.155155e-06	-6.838791e-09	-2.037598e+01	-4.050955e+02
4.690000e-06	-3.225054e-06	-6.929493e-09	-2.082739e+01	-4.104080e+02
4.700000e-06	-3.294576e-06	-7.019685e-09	-2.127636e+01	-4.155469e+02
4.710000e-06	-3.363681e-06	-7.105518e-09	-2.172264e+01	-4.205181e+02
4.720000e-06	-3.432330e-06	-7.188116e-09	-2.216597e+01	-4.253282e+02
4.730000e-06	-3.500500e-06	-7.268700e-09	-2.260622e+01	-4.299853e+02
4.740000e-06	-3.568179e-06	-7.345669e-09	-2.304329e+01	-4.344986e+02
4.750000e-06	-3.635421e-06	-7.417787e-09	-2.347754e+01	-4.388781e+02
4.760000e-06	-3.702267e-06	-7.486202e-09	-2.390923e+01	-4.431344e+02
4.770000e-06	-3.768747e-06	-7.553786e-09	-2.433855e+01	-4.472777e+02
4.780000e-06	-3.834894e-06	-7.621895e-09	-2.476573e+01	-4.513172e+02
4.790000e-06	-3.900570e-06	-7.689644e-09	-2.518987e+01	-4.552609e+02
4.800000e-06	-3.965780e-06	-7.756672e-09	-2.561100e+01	-4.591145e+02
4.810000e-06	-4.030611e-06	-7.822078e-09	-2.602967e+01	-4.628816e+02
4.820000e-06	-4.094971e-06	-7.885552e-09	-2.644531e+01	-4.665640e+02
4.830000e-06	-4.158857e-06	-7.944372e-09	-2.685789e+01	-4.701615e+02
4.840000e-06	-4.222215e-06	-7.998915e-09	-2.726705e+01	-4.736729e+02
4.850000e-06	-4.284984e-06	-8.054062e-09	-2.767241e+01	-4.770966e+02
4.860000e-06	-4.347198e-06	-8.110283e-09	-2.807419e+01	-4.804313e+02
4.870000e-06	-4.408887e-06	-8.162974e-09	-2.847258e+01	-4.836766e+02
4.880000e-06	-4.469988e-06	-8.210970e-09	-2.886717e+01	-4.868339e+02
4.890000e-06	-4.530489e-06	-8.259678e-09	-2.925788e+01	-4.899062e+02
4.900000e-06	-4.590430e-06	-8.312174e-09	-2.964498e+01	-4.928982e+02
4.910000e-06	-4.649796e-06	-8.363177e-09	-3.002837e+01	-4.958161e+02
4.920000e-06	-4.708661e-06	-8.409017e-09	-3.040852e+01	-4.986668e+02
4.930000e-06	-4.767058e-06	-8.455753e-09	-3.078565e+01	-5.014575e+02
4.940000e-06	-4.824862e-06	-8.504055e-09	-3.115894e+01	-5.041947e+02
4.950000e-06	-4.882054e-06	-8.546340e-09	-3.152829e+01	-5.068836e+02
4.960000e-06	-4.938766e-06	-8.582614e-09	-3.189454e+01	-5.095275e+02
4.970000e-06	-4.994958e-06	-8.622044e-09	-3.225742e+01	-5.121276e+02
4.980000e-06	-5.050559e-06	-8.667964e-09	-3.261650e+01	-5.146830e+02
4.990000e-06	-5.105510e-06	-8.710995e-09	-3.297137e+01	-5.171911e+02
5.000000e-06	-5.159720e-06	-8.748892e-09	-3.332146e+01	-5.196482e+02
5.010000e-06	-5.213177e-06	-8.785182e-09	-3.366668e+01	-5.220500e+02
5.020000e-06	-5.265821e-06	-8.821819e-09	-3.400665e+01	-5.243928e+02
5.030000e-06	-5.317749e-06	-8.856223e-09	-3.434201e+01	-5.266739e+02
5.040000e-06	-5.369071e-06	-8.887370e-09	-3.467344e+01	-5.288926e+02
5.050000e-06	-5.419655e-06	-8.922190e-09	-3.500012e+01	-5.310498e+02
5.060000e-06	-5.469544e-06	-8.962461e-09	-3.532230e+01	-5.331490e+02
5.070000e-06	-5.518682e-06	-9.001973e-09	-3.563963e+01	-5.351949e+02
5.080000e-06	-5.566799e-06	-9.034671e-09	-3.595037e+01	-5.371937e+02
5.090000e-06	-5.613981e-06	-9.061010e-09	-3.625507e+01	-5.391518e+02
5.100000e-06	-5.660541e-06	-9.088361e-09	-3.655575e+01	-5.410751e+02
5.110000e-06	-5.706497e-06	-9.118444e-09	-3.685254e+01	-5.429682e+02
5.120000e-06	-5.751782e-06	-9.145711e-09	-3.714499e+01	-5.448336e+02
5.130000e-06	-5.796454e-06	-9.173334e-09	-3.743348e+01	-5.466715e+02
5.140000e-06	-5.840569e-06	-9.207837e-09	-3.771838e+01	-5.484796e+02
5.150000e-06	-5.884147e-06	-9.245874e-09	-3.799981e+01	-5.502534e+02
5.160000e-06	-5.927115e-06	-9.277893e-09	-3.827729e+01	-5.519870e+02
5.170000e-06	-5.969468e-06	-9.303468e-09	-3.855080e+01	-5.536736e+02
5.180000e-06	-6.011138e-06	-9.327229e-09	-3.881991e+01	-5.553069e+02
5.190000e-06	-6.052136e-06	-9.350227e-09	-3.908468e+01	-5.568815e+02
5.200000e-06	-6.092561e-06	-9.369778e-09	-3.934574e+01	-5.583944e+02
5.210000e-06	-6.132337e-06	-9.388898e-09	-3.960261e+01	-5.598448e+02
5.220000e-06	-6.171352e-06	-9.415764e-09	-3.985457e+01	-5.612348e+02
5.230000e-06	-6.209533e-06	-9.446414e-09	-4.010114e+01	-5.625691e+02
5.240000e-06	-6.246859e-06	-9.474529e-09	-4.034219e+01	-5.638545e+02
5.250000e-06	-6.283333e-06	-9.499514e-09	-4.057774e+01	-5.650990e+02
5.260000e-06	-6.319117e-06	-9.523515e-09	-4.080884e+01	-5.663109e+02
5.270000e-06	-6.354178e-06	-9.540796e-09	-4.103526e+01	-5.674978e+02
5.280000e-06	-6.388436e-06	-9.551217e-09	-4.125650e+01	-5.686658e+02
5.290000e-06	-6.421991e-06	-9.563625e-09	-4.147320e+01	-5.698186e+02
5.300000e-06	-6.454841e-06	-9.584477e-09	-4.168534e+01	-5.709573e+02
5.310000e-06	-6.486983e-06	-9.610613e-09	-4.189291e+01	-5.720804e+02
5.320000e-06	-6.518433e-06	-9.634662e-09	-4.209602e+01	-5.731839e+02
5.330000e-06	-6.549030e-06	-9.656747e-09	-4.229362e+01	-5.742626e+02
5.340000e-06	-6.578598e-06	-9.676772e-09	-4.248456e+01	-5.753101e+02
5.350000e-06	-6.607198e-06	-9.693273e-09	-4.266926e+01	-5.763206e+02
5.360000e-06	-6.635070e-06	-9.704323e-09	-4.284926e+01	-5.772893e+02
5.370000e-06	-6.662298e-06	-9.714576e-09	-4.302510e+01	-5.782134e+02
5.380000e-06	-6.688784e-06	-9.727404e-09	-4.319615e+01	-5.790922e+02
5.390000e-06	-6.714486e-06	-9.744108e-09	-4.336213e+01	-5.799276e+02
5.400000e-06	-6.739342e-06	-9.761419e-09	-4.352265e+01	-5.807235e+02
5.410000e-06	-6.763467e-06	-9.776755e-09	-4.367845e+01	-5.814855e+02
5.420000e-06	-6.787013e-06	-9.793498e-09	-4.383051e+01	-5.822198e+02
5.430000e-06	-6.809767e-06	-9.809458e-09	-4.397745e+01	-5.829327e+02
5.440000e-06	-6.831332e-06	-9.821125e-09	-4.411672e+01	-5.836291e+02
5.450000e-06	-6.851821e-06	-9.828979e-09	-4.424904e+01	-5.843122e+02
5.460000e-06	-6.871609e-06	-9.838613e-09	-4.437683e+01	-5.849831e+02
5.470000e-06	-6.890682e-06	-9.849032e-09	-4.450001e+01	-5.856403e+02
5.480000e-06	-6.908968e-06	-9.856824e-09	-4.461810e+01	-5.862803e+02
5.490000e-06	-6.926556e-06	-9.865489e-09	-4.473168e+01	-5.868976e+02
5.500000e-06	-6.943390e-06	-9.880222e-09	-4.484039e+01	-5.874861e+02
5.510000e-06	-6.959449e-06	-9.896134e-09	-4.494410e+01	-5.880397e+02
5.520000e-06	-6.974791e-06	-9.906436e-09	-4.504318e+01	-5.885532e+02
5.530000e-06	-6.989162e-06	-9.911537e-09	-4.513599e+01	-5.890231e+02
5.540000e-06	-7.002314e-06	-9.916667e-09	-4.522092e+01	-5.894481e+02
5.550000e-06	-7.014436e-06	-9.923277e-09	-4.529920e+01	-5.898295e+02
5.560000e-06	-7.025617e-06	-9.927930e-09	-4.537141e+01	-5.901708e+02
5.570000e-06	-7.035936e-06	-9.931989e-09	-4.543806e+01	-5.904774e+02
5.580000e-06	-7.045472e-06	-9.938326e-09	-4.549964e+01	-5.907557e+02
5.590000e-06	-7.054131e-06	-9.945440e-09	-4.555556e+01	-5.910123e+02
5.600000e-06	-7.062114e-06	-9.950589e-09	-4.560711e+01	-5.912530e+02
5.610000e-06	-7.069508e-06	-9.954827e-09	-4.565486e+01	-5.914822e+02
5.620000e-06	-7.075972e-06	-9.959172e-09	-4.569660e+01	-5.917017e+02
5.630000e-06	-7.081183e-06	-9.963866e-09	-4.573026e+01	-5.919112e+02
5.640000e-06	-7.085434e-06	-9.967598e-09	-4.575771e+01	-5.921077e+02
5.650000e-06	-7.088992e-06	-9.971144e-09	-4.578069e+01	-5.922864e+02
5.660000e-06	-7.091740e-06	-9.973406e-09	-4.579844e+01	-5.924408e+02
5.670000e-06	-7.093766e-06	-9.974546e-09	-4.581152e+01	-5.925646e+02
5.680000e-06	-7.095072e-06	-9.975427e-09	-4.581996e+01	-5.926515e+02
5.690000e-06	-7.095534e-06	-9.973774e-09	-4.582294e+01	-5.926970e+02
