# Temperatura_=_20.0
# Concentracion g/m^3_=_12000.0
# C_Vs_to_Am_M_A/Vsm_=_59384043850.047264
# pendiente_HvsI_1/m_=_3716.3
# ordenada_HvsI_A/m_=_1297.0
# frecuencia_Hz_=_269400.3532914241

Tiempo_(s)	Campo_(V.s)	Magnetizacion_(V.s)	Campo_(kA/m)	Magnetizacion_(A/m)
0.000000e+00	-3.142274e-06	-3.470668e-09	-2.349118e+01	-2.092316e+02
1.000000e-08	-3.142026e-06	-3.479819e-09	-2.348933e+01	-2.096116e+02
2.000000e-08	-3.141152e-06	-3.484287e-09	-2.348279e+01	-2.099457e+02
3.000000e-08	-3.139203e-06	-3.487070e-09	-2.346822e+01	-2.102407e+02
4.000000e-08	-3.135985e-06	-3.490761e-09	-2.344417e+01	-2.105011e+02
5.000000e-08	-3.131878e-06	-3.493568e-09	-2.341347e+01	-2.107276e+02
6.000000e-08	-3.127145e-06	-3.498934e-09	-2.337808e+01	-2.109159e+02
7.000000e-08	-3.121632e-06	-3.506146e-09	-2.333686e+01	-2.110561e+02
8.000000e-08	-3.115165e-06	-3.479187e-09	-2.328852e+01	-2.111338e+02
9.000000e-08	-3.107683e-06	-3.432120e-09	-2.323258e+01	-2.111327e+02
1.000000e-07	-3.099256e-06	-3.470090e-09	-2.316959e+01	-2.110370e+02
1.100000e-07	-3.090065e-06	-3.550400e-09	-2.310087e+01	-2.108357e+02
1.200000e-07	-3.080052e-06	-3.501388e-09	-2.302602e+01	-2.105254e+02
1.300000e-07	-3.068919e-06	-3.400926e-09	-2.294280e+01	-2.101125e+02
1.400000e-07	-3.056701e-06	-3.507084e-09	-2.285145e+01	-2.096124e+02
1.500000e-07	-3.043645e-06	-3.616329e-09	-2.275385e+01	-2.090476e+02
1.600000e-07	-3.029749e-06	-3.478551e-09	-2.264996e+01	-2.084433e+02
1.700000e-07	-3.014613e-06	-3.438041e-09	-2.253681e+01	-2.078223e+02
1.800000e-07	-2.998276e-06	-3.593273e-09	-2.241468e+01	-2.072002e+02
1.900000e-07	-2.981261e-06	-3.532407e-09	-2.228748e+01	-2.065823e+02
2.000000e-07	-2.963495e-06	-3.375716e-09	-2.215466e+01	-2.059626e+02
2.100000e-07	-2.944693e-06	-3.528898e-09	-2.201410e+01	-2.053255e+02
2.200000e-07	-2.925145e-06	-3.639342e-09	-2.186796e+01	-2.046503e+02
2.300000e-07	-2.905100e-06	-3.437468e-09	-2.171811e+01	-2.039164e+02
2.400000e-07	-2.884364e-06	-3.350995e-09	-2.156309e+01	-2.031083e+02
2.500000e-07	-2.862823e-06	-3.482711e-09	-2.140205e+01	-2.022198e+02
2.600000e-07	-2.840547e-06	-3.491897e-09	-2.123551e+01	-2.012547e+02
2.700000e-07	-2.817435e-06	-3.359497e-09	-2.106273e+01	-2.002253e+02
2.800000e-07	-2.793520e-06	-3.310916e-09	-2.088395e+01	-1.991485e+02
2.900000e-07	-2.769011e-06	-3.410246e-09	-2.070073e+01	-1.980408e+02
3.000000e-07	-2.743779e-06	-3.480511e-09	-2.051209e+01	-1.969137e+02
3.100000e-07	-2.717460e-06	-3.346091e-09	-2.031533e+01	-1.957705e+02
3.200000e-07	-2.689998e-06	-3.187232e-09	-2.011004e+01	-1.946058e+02
3.300000e-07	-2.661748e-06	-3.269261e-09	-1.989884e+01	-1.934071e+02
3.400000e-07	-2.632895e-06	-3.391717e-09	-1.968314e+01	-1.921590e+02
3.500000e-07	-2.603406e-06	-3.293604e-09	-1.946268e+01	-1.908471e+02
3.600000e-07	-2.573182e-06	-3.139643e-09	-1.923673e+01	-1.894620e+02
3.700000e-07	-2.542187e-06	-3.163345e-09	-1.900502e+01	-1.880016e+02
3.800000e-07	-2.510492e-06	-3.296041e-09	-1.876807e+01	-1.864708e+02
3.900000e-07	-2.478298e-06	-3.228749e-09	-1.852740e+01	-1.848799e+02
4.000000e-07	-2.445652e-06	-2.987212e-09	-1.828334e+01	-1.832405e+02
4.100000e-07	-2.412203e-06	-2.988077e-09	-1.803328e+01	-1.815630e+02
4.200000e-07	-2.377642e-06	-3.192984e-09	-1.777491e+01	-1.798530e+02
4.300000e-07	-2.342104e-06	-3.141050e-09	-1.750923e+01	-1.781113e+02
4.400000e-07	-2.305954e-06	-2.905654e-09	-1.723898e+01	-1.763339e+02
4.500000e-07	-2.269297e-06	-2.894918e-09	-1.696494e+01	-1.745143e+02
4.600000e-07	-2.232122e-06	-3.032667e-09	-1.668702e+01	-1.726462e+02
4.700000e-07	-2.194361e-06	-2.990144e-09	-1.640472e+01	-1.707253e+02
4.800000e-07	-2.155933e-06	-2.791036e-09	-1.611744e+01	-1.687507e+02
4.900000e-07	-2.116834e-06	-2.733576e-09	-1.582514e+01	-1.667244e+02
5.000000e-07	-2.077160e-06	-2.862235e-09	-1.552855e+01	-1.646504e+02
5.100000e-07	-2.037131e-06	-2.884325e-09	-1.522930e+01	-1.625326e+02
5.200000e-07	-1.996802e-06	-2.696026e-09	-1.492780e+01	-1.603733e+02
5.300000e-07	-1.956044e-06	-2.586793e-09	-1.462310e+01	-1.581727e+02
5.400000e-07	-1.914556e-06	-2.681699e-09	-1.431294e+01	-1.559294e+02
5.500000e-07	-1.872098e-06	-2.714722e-09	-1.399553e+01	-1.536412e+02
5.600000e-07	-1.828819e-06	-2.552295e-09	-1.367198e+01	-1.513069e+02
5.700000e-07	-1.784991e-06	-2.430183e-09	-1.334433e+01	-1.489271e+02
5.800000e-07	-1.740770e-06	-2.501800e-09	-1.301374e+01	-1.465047e+02
5.900000e-07	-1.696244e-06	-2.554948e-09	-1.268087e+01	-1.440432e+02
6.000000e-07	-1.651281e-06	-2.413217e-09	-1.234474e+01	-1.415459e+02
6.100000e-07	-1.605797e-06	-2.264149e-09	-1.200470e+01	-1.390134e+02
6.200000e-07	-1.559829e-06	-2.304552e-09	-1.166106e+01	-1.364424e+02
6.300000e-07	-1.513387e-06	-2.365145e-09	-1.131386e+01	-1.338265e+02
6.400000e-07	-1.466473e-06	-2.249308e-09	-1.096314e+01	-1.311568e+02
6.500000e-07	-1.419064e-06	-2.105679e-09	-1.060871e+01	-1.284255e+02
6.600000e-07	-1.371281e-06	-2.119633e-09	-1.025149e+01	-1.256285e+02
6.700000e-07	-1.323222e-06	-2.164734e-09	-9.892217e+00	-1.227677e+02
6.800000e-07	-1.274891e-06	-2.064117e-09	-9.530897e+00	-1.198518e+02
6.900000e-07	-1.226220e-06	-1.919529e-09	-9.167045e+00	-1.168945e+02
7.000000e-07	-1.177102e-06	-1.903251e-09	-8.799843e+00	-1.139121e+02
7.100000e-07	-1.127438e-06	-1.943868e-09	-8.428561e+00	-1.109183e+02
7.200000e-07	-1.077184e-06	-1.873982e-09	-8.052875e+00	-1.079207e+02
7.300000e-07	-1.026512e-06	-1.743621e-09	-7.674056e+00	-1.049180e+02
7.400000e-07	-9.754552e-07	-1.706024e-09	-7.292361e+00	-1.019003e+02
7.500000e-07	-9.239176e-07	-1.726727e-09	-6.907074e+00	-9.885105e+01
7.600000e-07	-8.720189e-07	-1.664739e-09	-6.519086e+00	-9.575175e+01
7.700000e-07	-8.198954e-07	-1.538741e-09	-6.129419e+00	-9.258722e+01
7.800000e-07	-7.675730e-07	-1.482256e-09	-5.738264e+00	-8.934994e+01
7.900000e-07	-7.150766e-07	-1.491227e-09	-5.345809e+00	-8.604253e+01
8.000000e-07	-6.624216e-07	-1.443677e-09	-4.952168e+00	-8.267723e+01
8.100000e-07	-6.095827e-07	-1.328412e-09	-4.557152e+00	-7.927285e+01
8.200000e-07	-5.565925e-07	-1.255751e-09	-4.161005e+00	-7.584973e+01
8.300000e-07	-5.034201e-07	-1.248761e-09	-3.763495e+00	-7.242445e+01
8.400000e-07	-4.500855e-07	-1.208614e-09	-3.364774e+00	-6.900568e+01
8.500000e-07	-3.966808e-07	-1.106984e-09	-2.965528e+00	-6.559239e+01
8.600000e-07	-3.431588e-07	-1.031136e-09	-2.565405e+00	-6.217486e+01
8.700000e-07	-2.894773e-07	-1.012268e-09	-2.164090e+00	-5.873812e+01
8.800000e-07	-2.356795e-07	-9.726493e-10	-1.761906e+00	-5.526661e+01
8.900000e-07	-1.818296e-07	-8.760229e-10	-1.359332e+00	-5.174873e+01
9.000000e-07	-1.279938e-07	-7.923041e-10	-9.568633e-01	-4.817979e+01
9.100000e-07	-7.412120e-08	-7.606317e-10	-5.541193e-01	-4.456269e+01
9.200000e-07	-2.014739e-08	-7.219439e-10	-1.506189e-01	-4.090616e+01
9.300000e-07	3.384252e-08	-6.406804e-10	2.530018e-01	-3.722136e+01
9.400000e-07	8.774492e-08	-5.617622e-10	6.559682e-01	-3.351808e+01
9.500000e-07	1.415697e-07	-5.164590e-10	1.058354e+00	-2.980168e+01
9.600000e-07	1.954110e-07	-4.671233e-10	1.460864e+00	-2.607198e+01
9.700000e-07	2.492328e-07	-3.827849e-10	1.863228e+00	-2.232417e+01
9.800000e-07	3.029626e-07	-2.983677e-10	2.264904e+00	-1.855139e+01
9.900000e-07	3.565496e-07	-2.466230e-10	2.665513e+00	-1.474808e+01
1.000000e-06	4.100200e-07	-2.003376e-10	3.065250e+00	-1.091272e+01
1.010000e-06	4.634101e-07	-1.285430e-10	3.464387e+00	-7.049081e+00
1.020000e-06	5.166181e-07	-4.941520e-11	3.862162e+00	-3.165477e+00
1.030000e-06	5.696223e-07	1.006152e-11	4.258413e+00	7.276579e-01
1.040000e-06	6.224448e-07	6.264914e-11	4.653307e+00	4.621089e+00
1.050000e-06	6.751529e-07	1.329960e-10	5.047345e+00	8.509740e+00
1.060000e-06	7.277314e-07	2.124346e-10	5.440414e+00	1.239423e+01
1.070000e-06	7.801253e-07	2.787520e-10	5.832104e+00	1.628038e+01
1.080000e-06	8.323329e-07	3.358100e-10	6.222399e+00	2.017676e+01
1.090000e-06	8.843493e-07	4.001220e-10	6.611267e+00	2.409103e+01
1.100000e-06	9.360958e-07	4.707121e-10	6.998116e+00	2.802634e+01
1.110000e-06	9.874292e-07	5.363185e-10	7.381877e+00	3.197892e+01
1.120000e-06	1.038326e-06	5.974222e-10	7.762372e+00	3.593783e+01
1.130000e-06	1.088669e-06	6.628231e-10	8.138729e+00	3.988694e+01
1.140000e-06	1.138389e-06	7.331332e-10	8.510429e+00	4.380873e+01
1.150000e-06	1.187543e-06	8.014877e-10	8.877899e+00	4.768857e+01
1.160000e-06	1.236207e-06	8.665796e-10	9.241704e+00	5.151827e+01
1.170000e-06	1.284558e-06	9.298891e-10	9.603170e+00	5.529772e+01
1.180000e-06	1.332720e-06	9.907088e-10	9.963221e+00	5.903403e+01
1.190000e-06	1.380631e-06	1.051278e-09	1.032139e+01	6.273856e+01
1.200000e-06	1.428142e-06	1.115267e-09	1.067658e+01	6.642263e+01
1.210000e-06	1.475198e-06	1.180671e-09	1.102837e+01	7.009339e+01
1.220000e-06	1.521785e-06	1.240916e-09	1.137664e+01	7.375109e+01
1.230000e-06	1.567889e-06	1.298491e-09	1.172131e+01	7.738866e+01
1.240000e-06	1.613494e-06	1.359680e-09	1.206224e+01	8.099367e+01
1.250000e-06	1.658624e-06	1.421707e-09	1.239963e+01	8.455216e+01
1.260000e-06	1.703366e-06	1.479390e-09	1.273412e+01	8.805286e+01
1.270000e-06	1.747808e-06	1.534395e-09	1.306636e+01	9.149070e+01
1.280000e-06	1.792005e-06	1.594456e-09	1.339677e+01	9.486833e+01
1.290000e-06	1.835816e-06	1.656192e-09	1.372429e+01	9.819513e+01
1.300000e-06	1.879067e-06	1.710790e-09	1.404763e+01	1.014841e+02
1.310000e-06	1.921464e-06	1.762434e-09	1.436458e+01	1.047477e+02
1.320000e-06	1.962956e-06	1.819959e-09	1.467477e+01	1.079935e+02
1.330000e-06	2.003797e-06	1.880681e-09	1.498010e+01	1.112218e+02
1.340000e-06	2.044173e-06	1.933701e-09	1.528194e+01	1.144253e+02
1.350000e-06	2.084244e-06	1.981045e-09	1.558150e+01	1.175910e+02
1.360000e-06	2.123785e-06	2.034283e-09	1.587710e+01	1.207039e+02
1.370000e-06	2.162624e-06	2.090544e-09	1.616746e+01	1.237519e+02
1.380000e-06	2.200887e-06	2.140786e-09	1.645351e+01	1.267285e+02
1.390000e-06	2.238574e-06	2.185066e-09	1.673525e+01	1.296353e+02
1.400000e-06	2.275620e-06	2.235114e-09	1.701220e+01	1.324808e+02
1.410000e-06	2.312119e-06	2.292381e-09	1.728507e+01	1.352780e+02
1.420000e-06	2.348237e-06	2.343550e-09	1.755508e+01	1.380405e+02
1.430000e-06	2.383814e-06	2.384963e-09	1.782105e+01	1.407782e+02
1.440000e-06	2.418530e-06	2.428985e-09	1.808058e+01	1.434952e+02
1.450000e-06	2.452212e-06	2.480104e-09	1.833238e+01	1.461887e+02
1.460000e-06	2.484980e-06	2.525153e-09	1.857735e+01	1.488506e+02
1.470000e-06	2.517200e-06	2.561701e-09	1.881822e+01	1.514699e+02
1.480000e-06	2.548860e-06	2.603538e-09	1.905490e+01	1.540367e+02
1.490000e-06	2.579793e-06	2.657808e-09	1.928615e+01	1.565447e+02
1.500000e-06	2.610009e-06	2.708318e-09	1.951205e+01	1.589928e+02
1.510000e-06	2.639503e-06	2.743811e-09	1.973254e+01	1.613847e+02
1.520000e-06	2.668339e-06	2.778820e-09	1.994812e+01	1.637267e+02
1.530000e-06	2.696654e-06	2.822021e-09	2.015979e+01	1.660254e+02
1.540000e-06	2.724416e-06	2.859864e-09	2.036734e+01	1.682841e+02
1.550000e-06	2.751206e-06	2.887795e-09	2.056762e+01	1.705018e+02
1.560000e-06	2.776752e-06	2.921240e-09	2.075860e+01	1.726723e+02
1.570000e-06	2.801384e-06	2.966951e-09	2.094274e+01	1.747862e+02
1.580000e-06	2.825353e-06	3.010792e-09	2.112193e+01	1.768328e+02
1.590000e-06	2.848552e-06	3.042005e-09	2.129536e+01	1.788036e+02
1.600000e-06	2.870951e-06	3.071636e-09	2.146282e+01	1.806941e+02
1.610000e-06	2.892563e-06	3.108442e-09	2.162438e+01	1.825056e+02
1.620000e-06	2.913399e-06	3.141080e-09	2.178015e+01	1.842440e+02
1.630000e-06	2.933639e-06	3.162813e-09	2.193146e+01	1.859189e+02
1.640000e-06	2.953266e-06	3.184548e-09	2.207819e+01	1.875406e+02
1.650000e-06	2.971916e-06	3.215171e-09	2.221761e+01	1.891179e+02
1.660000e-06	2.989638e-06	3.247327e-09	2.235010e+01	1.906558e+02
1.670000e-06	3.006645e-06	3.269653e-09	2.247724e+01	1.921551e+02
1.680000e-06	3.022821e-06	3.291355e-09	2.259817e+01	1.936125e+02
1.690000e-06	3.038044e-06	3.321906e-09	2.271197e+01	1.950223e+02
1.700000e-06	3.052321e-06	3.351942e-09	2.281871e+01	1.963780e+02
1.710000e-06	3.065706e-06	3.372048e-09	2.291877e+01	1.976740e+02
1.720000e-06	3.078284e-06	3.387511e-09	2.301280e+01	1.989072e+02
1.730000e-06	3.089996e-06	3.408359e-09	2.310036e+01	2.000770e+02
1.740000e-06	3.100556e-06	3.429659e-09	2.317931e+01	2.011853e+02
1.750000e-06	3.109884e-06	3.443838e-09	2.324904e+01	2.022350e+02
1.760000e-06	3.118315e-06	3.456857e-09	2.331207e+01	2.032296e+02
1.770000e-06	3.125986e-06	3.477255e-09	2.336942e+01	2.041712e+02
1.780000e-06	3.132797e-06	3.501594e-09	2.342034e+01	2.050607e+02
1.790000e-06	3.138684e-06	3.519719e-09	2.346434e+01	2.058969e+02
1.800000e-06	3.143694e-06	3.529427e-09	2.350180e+01	2.066774e+02
1.810000e-06	3.148055e-06	3.539806e-09	2.353440e+01	2.073991e+02
1.820000e-06	3.151709e-06	3.551627e-09	2.356172e+01	2.080587e+02
1.830000e-06	3.154272e-06	3.560770e-09	2.358088e+01	2.086546e+02
1.840000e-06	3.155643e-06	3.566291e-09	2.359113e+01	2.091866e+02
1.850000e-06	3.156134e-06	3.572206e-09	2.359480e+01	2.096572e+02
1.860000e-06	3.155851e-06	3.584220e-09	2.359268e+01	2.100711e+02
1.870000e-06	3.154720e-06	3.597828e-09	2.358423e+01	2.104347e+02
1.880000e-06	3.152719e-06	3.604155e-09	2.356927e+01	2.107551e+02
1.890000e-06	3.149942e-06	3.607853e-09	2.354851e+01	2.110384e+02
1.900000e-06	3.146520e-06	3.616013e-09	2.352293e+01	2.112880e+02
1.910000e-06	3.142423e-06	3.618357e-09	2.349229e+01	2.115026e+02
1.920000e-06	3.137403e-06	3.603552e-09	2.345477e+01	2.116759e+02
1.930000e-06	3.131252e-06	3.626904e-09	2.340878e+01	2.117962e+02
1.940000e-06	3.124005e-06	3.692945e-09	2.335461e+01	2.118480e+02
1.950000e-06	3.115546e-06	3.651539e-09	2.329137e+01	2.118147e+02
1.960000e-06	3.105863e-06	3.553874e-09	2.321898e+01	2.116820e+02
1.970000e-06	3.095671e-06	3.597756e-09	2.314279e+01	2.114414e+02
1.980000e-06	3.085361e-06	3.700723e-09	2.306571e+01	2.110931e+02
1.990000e-06	3.074133e-06	3.583985e-09	2.298177e+01	2.106469e+02
2.000000e-06	3.061199e-06	3.449679e-09	2.288508e+01	2.101213e+02
2.010000e-06	3.047318e-06	3.583352e-09	2.278130e+01	2.095404e+02
2.020000e-06	3.033023e-06	3.595659e-09	2.267444e+01	2.089291e+02
2.030000e-06	3.017562e-06	3.365477e-09	2.255886e+01	2.083080e+02
2.040000e-06	3.000969e-06	3.415250e-09	2.243480e+01	2.076892e+02
2.050000e-06	2.983889e-06	3.614656e-09	2.230712e+01	2.070736e+02
2.060000e-06	2.966177e-06	3.391132e-09	2.217471e+01	2.064512e+02
2.070000e-06	2.947434e-06	3.209040e-09	2.203459e+01	2.058040e+02
2.080000e-06	2.927982e-06	3.468555e-09	2.188917e+01	2.051107e+02
2.090000e-06	2.907993e-06	3.544466e-09	2.173973e+01	2.043520e+02
2.100000e-06	2.886997e-06	3.323257e-09	2.158277e+01	2.035156e+02
2.110000e-06	2.864778e-06	3.289063e-09	2.141666e+01	2.025991e+02
2.120000e-06	2.841584e-06	3.410940e-09	2.124327e+01	2.016098e+02
2.130000e-06	2.817704e-06	3.420517e-09	2.106474e+01	2.005621e+02
2.140000e-06	2.793281e-06	3.279958e-09	2.088216e+01	1.994736e+02
2.150000e-06	2.768060e-06	3.134426e-09	2.069362e+01	1.983594e+02
2.160000e-06	2.741839e-06	3.258630e-09	2.049759e+01	1.972280e+02
2.170000e-06	2.714888e-06	3.446097e-09	2.029611e+01	1.960795e+02
2.180000e-06	2.687324e-06	3.243856e-09	2.009004e+01	1.949054e+02
2.190000e-06	2.659043e-06	3.045395e-09	1.987862e+01	1.936917e+02
2.200000e-06	2.630020e-06	3.206624e-09	1.966165e+01	1.924228e+02
2.210000e-06	2.599969e-06	3.296262e-09	1.943699e+01	1.910858e+02
2.220000e-06	2.568888e-06	3.141716e-09	1.920463e+01	1.896740e+02
2.230000e-06	2.537123e-06	2.991317e-09	1.896716e+01	1.881880e+02
2.240000e-06	2.504613e-06	3.039902e-09	1.872412e+01	1.866350e+02
2.250000e-06	2.471401e-06	3.224603e-09	1.847583e+01	1.850262e+02
2.260000e-06	2.437707e-06	3.134316e-09	1.822395e+01	1.833731e+02
2.270000e-06	2.403397e-06	2.845704e-09	1.796744e+01	1.816847e+02
2.280000e-06	2.368386e-06	2.898793e-09	1.770571e+01	1.799647e+02
2.290000e-06	2.332875e-06	3.110289e-09	1.744023e+01	1.782119e+02
2.300000e-06	2.296853e-06	3.000710e-09	1.717094e+01	1.764211e+02
2.310000e-06	2.260118e-06	2.772239e-09	1.689632e+01	1.745857e+02
2.320000e-06	2.222441e-06	2.793735e-09	1.661465e+01	1.726998e+02
2.330000e-06	2.183810e-06	2.958222e-09	1.632584e+01	1.707603e+02
2.340000e-06	2.144546e-06	2.901215e-09	1.603232e+01	1.687676e+02
2.350000e-06	2.104860e-06	2.649512e-09	1.573563e+01	1.667246e+02
2.360000e-06	2.064753e-06	2.617546e-09	1.543579e+01	1.646355e+02
2.370000e-06	2.024103e-06	2.790104e-09	1.513190e+01	1.625036e+02
2.380000e-06	1.982848e-06	2.772688e-09	1.482348e+01	1.603305e+02
2.390000e-06	1.941079e-06	2.556431e-09	1.451122e+01	1.581159e+02
2.400000e-06	1.898801e-06	2.488300e-09	1.419516e+01	1.558576e+02
2.410000e-06	1.855982e-06	2.622501e-09	1.387505e+01	1.535538e+02
2.420000e-06	1.812731e-06	2.624090e-09	1.355171e+01	1.512039e+02
2.430000e-06	1.769158e-06	2.411205e-09	1.322597e+01	1.488094e+02
2.440000e-06	1.725293e-06	2.314944e-09	1.289804e+01	1.463735e+02
2.450000e-06	1.680962e-06	2.431427e-09	1.256663e+01	1.439000e+02
2.460000e-06	1.635953e-06	2.464726e-09	1.223015e+01	1.413913e+02
2.470000e-06	1.590340e-06	2.279902e-09	1.188915e+01	1.388466e+02
2.480000e-06	1.544278e-06	2.152075e-09	1.154480e+01	1.362614e+02
2.490000e-06	1.497903e-06	2.245473e-09	1.119810e+01	1.336280e+02
2.500000e-06	1.451134e-06	2.284472e-09	1.084847e+01	1.309376e+02
2.510000e-06	1.403896e-06	2.112889e-09	1.049532e+01	1.281836e+02
2.520000e-06	1.356239e-06	1.979752e-09	1.013904e+01	1.253637e+02
2.530000e-06	1.308140e-06	2.037110e-09	9.779464e+00	1.224825e+02
2.540000e-06	1.259516e-06	2.077731e-09	9.415958e+00	1.195509e+02
2.550000e-06	1.210460e-06	1.938299e-09	9.049221e+00	1.165841e+02
2.560000e-06	1.161095e-06	1.796808e-09	8.680180e+00	1.135977e+02
2.570000e-06	1.111428e-06	1.824002e-09	8.308872e+00	1.106036e+02
2.580000e-06	1.061392e-06	1.861876e-09	7.934813e+00	1.076064e+02
2.590000e-06	1.010935e-06	1.748280e-09	7.557600e+00	1.046014e+02
2.600000e-06	9.602084e-07	1.614058e-09	7.178379e+00	1.015757e+02
2.610000e-06	9.091957e-07	1.614219e-09	6.797015e+00	9.851140e+01
2.620000e-06	8.578935e-07	1.644922e-09	6.413487e+00	9.539075e+01
2.630000e-06	8.064019e-07	1.549428e-09	6.028544e+00	9.220096e+01
2.640000e-06	7.547643e-07	1.413936e-09	5.642508e+00	8.893818e+01
2.650000e-06	7.029445e-07	1.389491e-09	5.255111e+00	8.560884e+01
2.660000e-06	6.509456e-07	1.409558e-09	4.866375e+00	8.222815e+01
2.670000e-06	5.988020e-07	1.331232e-09	4.476557e+00	7.881611e+01
2.680000e-06	5.464270e-07	1.199825e-09	4.085009e+00	7.539225e+01
2.690000e-06	4.938072e-07	1.157163e-09	3.691631e+00	7.197057e+01
2.700000e-06	4.410232e-07	1.170559e-09	3.297026e+00	6.855615e+01
2.710000e-06	3.880152e-07	1.104566e-09	2.900745e+00	6.514445e+01
2.720000e-06	3.348546e-07	9.843317e-10	2.503324e+00	6.172328e+01
2.730000e-06	2.816103e-07	9.314045e-10	2.105278e+00	5.827686e+01
2.740000e-06	2.281666e-07	9.324588e-10	1.705740e+00	5.479065e+01
2.750000e-06	1.746181e-07	8.748212e-10	1.305419e+00	5.125541e+01
2.760000e-06	1.209630e-07	7.597573e-10	9.043021e-01	4.766936e+01
2.770000e-06	6.724495e-08	6.932685e-10	5.027134e-01	4.403790e+01
2.780000e-06	1.349006e-08	6.807418e-10	1.008497e-01	4.037111e+01
2.790000e-06	-4.031942e-08	6.280624e-10	-3.014221e-01	3.668009e+01
2.800000e-06	-9.407479e-08	5.274705e-10	-7.032895e-01	3.297321e+01
2.810000e-06	-1.477984e-07	4.580473e-10	-1.104919e+00	2.925380e+01
2.820000e-06	-2.014531e-07	4.318881e-10	-1.506034e+00	2.551971e+01
2.830000e-06	-2.550109e-07	3.789237e-10	-1.906424e+00	2.176500e+01
2.840000e-06	-3.084646e-07	2.835979e-10	-2.306037e+00	1.798292e+01
2.850000e-06	-3.617692e-07	2.088777e-10	-2.704534e+00	1.416916e+01
2.860000e-06	-4.149481e-07	1.703629e-10	-3.102092e+00	1.032413e+01
2.870000e-06	-4.678950e-07	1.167463e-10	-3.497915e+00	6.453512e+00
2.880000e-06	-5.205916e-07	3.232755e-11	-3.891867e+00	2.566763e+00
2.890000e-06	-5.730778e-07	-4.064113e-11	-4.284247e+00	-1.325734e+00
2.900000e-06	-6.252652e-07	-8.612543e-11	-4.674392e+00	-5.216014e+00
2.910000e-06	-6.772381e-07	-1.398818e-10	-5.062934e+00	-9.101058e+00
2.920000e-06	-7.290356e-07	-2.196838e-10	-5.450164e+00	-1.298361e+01
2.930000e-06	-7.806787e-07	-2.948278e-10	-5.836240e+00	-1.687089e+01
2.940000e-06	-8.321770e-07	-3.495715e-10	-6.221234e+00	-2.077159e+01
2.950000e-06	-8.834627e-07	-4.084651e-10	-6.604639e+00	-2.469206e+01
2.960000e-06	-9.345664e-07	-4.854765e-10	-6.986682e+00	-2.863304e+01
2.970000e-06	-9.853596e-07	-5.616114e-10	-7.366405e+00	-3.258795e+01
2.980000e-06	-1.035733e-06	-6.199530e-10	-7.742989e+00	-3.654358e+01
2.990000e-06	-1.085762e-06	-6.776780e-10	-8.116995e+00	-4.048277e+01
3.000000e-06	-1.135469e-06	-7.465690e-10	-8.488604e+00	-4.438860e+01
3.010000e-06	-1.184860e-06	-8.144600e-10	-8.857844e+00	-4.824852e+01
3.020000e-06	-1.233881e-06	-8.744650e-10	-9.224317e+00	-5.205730e+01
3.030000e-06	-1.282375e-06	-9.360290e-10	-9.586846e+00	-5.581776e+01
3.040000e-06	-1.330213e-06	-1.003830e-09	-9.944481e+00	-5.953906e+01
3.050000e-06	-1.377353e-06	-1.068311e-09	-1.029689e+01	-6.323307e+01
3.060000e-06	-1.423938e-06	-1.124962e-09	-1.064515e+01	-6.690999e+01
3.070000e-06	-1.470204e-06	-1.182345e-09	-1.099103e+01	-7.057457e+01
3.080000e-06	-1.516169e-06	-1.244961e-09	-1.133466e+01	-7.422424e+01
3.090000e-06	-1.561874e-06	-1.305051e-09	-1.167634e+01	-7.784957e+01
3.100000e-06	-1.607267e-06	-1.363924e-09	-1.201570e+01	-8.143706e+01
3.110000e-06	-1.652200e-06	-1.426062e-09	-1.235160e+01	-8.497326e+01
3.120000e-06	-1.696575e-06	-1.488863e-09	-1.268335e+01	-8.844891e+01
3.130000e-06	-1.740447e-06	-1.544083e-09	-1.301133e+01	-9.186180e+01
3.140000e-06	-1.784053e-06	-1.594461e-09	-1.333732e+01	-9.521732e+01
3.150000e-06	-1.827419e-06	-1.650629e-09	-1.366152e+01	-9.852668e+01
3.160000e-06	-1.870340e-06	-1.708642e-09	-1.398239e+01	-1.018032e+02
3.170000e-06	-1.912682e-06	-1.760147e-09	-1.429893e+01	-1.050579e+02
3.180000e-06	-1.954494e-06	-1.810227e-09	-1.461152e+01	-1.082959e+02
3.190000e-06	-1.995885e-06	-1.868227e-09	-1.492095e+01	-1.115145e+02
3.200000e-06	-2.036729e-06	-1.927335e-09	-1.522629e+01	-1.147039e+02
3.210000e-06	-2.076953e-06	-1.976332e-09	-1.552700e+01	-1.178498e+02
3.220000e-06	-2.116696e-06	-2.020374e-09	-1.582411e+01	-1.209379e+02
3.230000e-06	-2.156034e-06	-2.070530e-09	-1.611820e+01	-1.239578e+02
3.240000e-06	-2.194914e-06	-2.126026e-09	-1.640886e+01	-1.269059e+02
3.250000e-06	-2.233022e-06	-2.174962e-09	-1.669375e+01	-1.297868e+02
3.260000e-06	-2.270152e-06	-2.218832e-09	-1.697133e+01	-1.326109e+02
3.270000e-06	-2.306368e-06	-2.267569e-09	-1.724207e+01	-1.353919e+02
3.280000e-06	-2.341992e-06	-2.316336e-09	-1.750839e+01	-1.381425e+02
3.290000e-06	-2.377177e-06	-2.356230e-09	-1.777143e+01	-1.408707e+02
3.300000e-06	-2.411644e-06	-2.393049e-09	-1.802910e+01	-1.435779e+02
3.310000e-06	-2.445400e-06	-2.437474e-09	-1.828145e+01	-1.462591e+02
3.320000e-06	-2.478517e-06	-2.484845e-09	-1.852903e+01	-1.489046e+02
3.330000e-06	-2.510941e-06	-2.527261e-09	-1.877143e+01	-1.515036e+02
3.340000e-06	-2.542777e-06	-2.568344e-09	-1.900943e+01	-1.540472e+02
3.350000e-06	-2.574046e-06	-2.613951e-09	-1.924319e+01	-1.565309e+02
3.360000e-06	-2.604518e-06	-2.660227e-09	-1.947100e+01	-1.589556e+02
3.370000e-06	-2.633878e-06	-2.695353e-09	-1.969049e+01	-1.613263e+02
3.380000e-06	-2.662186e-06	-2.722097e-09	-1.990211e+01	-1.636498e+02
3.390000e-06	-2.689823e-06	-2.756451e-09	-2.010873e+01	-1.659317e+02
3.400000e-06	-2.716888e-06	-2.798057e-09	-2.031106e+01	-1.681737e+02
3.410000e-06	-2.743191e-06	-2.836212e-09	-2.050770e+01	-1.703730e+02
3.420000e-06	-2.768665e-06	-2.869328e-09	-2.069814e+01	-1.725219e+02
3.430000e-06	-2.793292e-06	-2.906332e-09	-2.088224e+01	-1.746100e+02
3.440000e-06	-2.817215e-06	-2.945120e-09	-2.106109e+01	-1.766274e+02
3.450000e-06	-2.840626e-06	-2.975685e-09	-2.123611e+01	-1.785666e+02
3.460000e-06	-2.863289e-06	-2.998030e-09	-2.140554e+01	-1.804254e+02
3.470000e-06	-2.884819e-06	-3.022801e-09	-2.156649e+01	-1.822069e+02
3.480000e-06	-2.905211e-06	-3.053627e-09	-2.171894e+01	-1.839186e+02
3.490000e-06	-2.924861e-06	-3.082500e-09	-2.186583e+01	-1.855707e+02
3.500000e-06	-2.943886e-06	-3.105678e-09	-2.200807e+01	-1.871733e+02
3.510000e-06	-2.962128e-06	-3.129894e-09	-2.214444e+01	-1.887337e+02
3.520000e-06	-2.979592e-06	-3.159998e-09	-2.227499e+01	-1.902557e+02
3.530000e-06	-2.996231e-06	-3.187550e-09	-2.239939e+01	-1.917381e+02
3.540000e-06	-3.012141e-06	-3.206185e-09	-2.251833e+01	-1.931768e+02
3.550000e-06	-3.027450e-06	-3.225396e-09	-2.263278e+01	-1.945654e+02
3.560000e-06	-3.041743e-06	-3.250757e-09	-2.273963e+01	-1.958976e+02
3.570000e-06	-3.054682e-06	-3.272868e-09	-2.283636e+01	-1.971686e+02
3.580000e-06	-3.066544e-06	-3.288877e-09	-2.292504e+01	-1.983763e+02
3.590000e-06	-3.077510e-06	-3.306070e-09	-2.300702e+01	-1.995211e+02
3.600000e-06	-3.087613e-06	-3.326875e-09	-2.308255e+01	-2.006053e+02
3.610000e-06	-3.096921e-06	-3.344235e-09	-2.315213e+01	-2.016324e+02
3.620000e-06	-3.105378e-06	-3.356914e-09	-2.321536e+01	-2.026052e+02
3.630000e-06	-3.113135e-06	-3.370874e-09	-2.327334e+01	-2.035256e+02
3.640000e-06	-3.120216e-06	-3.388301e-09	-2.332628e+01	-2.043937e+02
3.650000e-06	-3.126220e-06	-3.403283e-09	-2.337116e+01	-2.052077e+02
3.660000e-06	-3.130979e-06	-3.412633e-09	-2.340674e+01	-2.059649e+02
3.670000e-06	-3.134833e-06	-3.422125e-09	-2.343556e+01	-2.066619e+02
3.680000e-06	-3.137928e-06	-3.433218e-09	-2.345870e+01	-2.072961e+02
3.690000e-06	-3.140154e-06	-3.441293e-09	-2.347534e+01	-2.078663e+02
3.700000e-06	-3.141596e-06	-3.446339e-09	-2.348612e+01	-2.083732e+02
3.710000e-06	-3.142215e-06	-3.456511e-09	-2.349074e+01	-2.088202e+02
