# Temperatura_=_20.0
# Concentracion g/m^3_=_12000.0
# C_Vs_to_Am_M_A/Vsm_=_59384043850.047264
# pendiente_HvsI_1/m_=_3716.3
# ordenada_HvsI_A/m_=_1297.0
# frecuencia_Hz_=_269403.2951916332

Tiempo_(s)	Campo_(V.s)	Magnetizacion_(V.s)	Campo_(kA/m)	Magnetizacion_(A/m)
0.000000e+00	-3.138261e-06	-3.448352e-09	-2.349839e+01	-2.082200e+02
1.000000e-08	-3.138166e-06	-3.457923e-09	-2.349767e+01	-2.086854e+02
2.000000e-08	-3.137396e-06	-3.464296e-09	-2.349191e+01	-2.090993e+02
3.000000e-08	-3.135580e-06	-3.468212e-09	-2.347832e+01	-2.094562e+02
4.000000e-08	-3.132569e-06	-3.473079e-09	-2.345577e+01	-2.097530e+02
5.000000e-08	-3.128659e-06	-3.479900e-09	-2.342649e+01	-2.099896e+02
6.000000e-08	-3.124116e-06	-3.487971e-09	-2.339247e+01	-2.101691e+02
7.000000e-08	-3.118854e-06	-3.493678e-09	-2.335308e+01	-2.102955e+02
8.000000e-08	-3.112688e-06	-3.493761e-09	-2.330690e+01	-2.103715e+02
9.000000e-08	-3.105490e-06	-3.438542e-09	-2.325301e+01	-2.103960e+02
1.000000e-07	-3.097249e-06	-3.408073e-09	-2.319130e+01	-2.103635e+02
1.100000e-07	-3.088049e-06	-3.474830e-09	-2.312241e+01	-2.102639e+02
1.200000e-07	-3.078050e-06	-3.555612e-09	-2.304754e+01	-2.100858e+02
1.300000e-07	-3.067230e-06	-3.483677e-09	-2.296653e+01	-2.098195e+02
1.400000e-07	-3.055358e-06	-3.370750e-09	-2.287764e+01	-2.094609e+02
1.500000e-07	-3.042529e-06	-3.554394e-09	-2.278157e+01	-2.090142e+02
1.600000e-07	-3.028919e-06	-3.568314e-09	-2.267967e+01	-2.084921e+02
1.700000e-07	-3.014204e-06	-3.452787e-09	-2.256948e+01	-2.079136e+02
1.800000e-07	-2.998120e-06	-3.490459e-09	-2.244905e+01	-2.073006e+02
1.900000e-07	-2.981258e-06	-3.557205e-09	-2.232280e+01	-2.066717e+02
2.000000e-07	-2.963777e-06	-3.467699e-09	-2.219190e+01	-2.060386e+02
2.100000e-07	-2.945261e-06	-3.394918e-09	-2.205326e+01	-2.054025e+02
2.200000e-07	-2.925934e-06	-3.653032e-09	-2.190855e+01	-2.047543e+02
2.300000e-07	-2.906064e-06	-3.536483e-09	-2.175977e+01	-2.040769e+02
2.400000e-07	-2.885520e-06	-3.265064e-09	-2.160594e+01	-2.033501e+02
2.500000e-07	-2.864194e-06	-3.452759e-09	-2.144625e+01	-2.025561e+02
2.600000e-07	-2.842149e-06	-3.587406e-09	-2.128119e+01	-2.016833e+02
2.700000e-07	-2.819286e-06	-3.373907e-09	-2.110999e+01	-2.007296e+02
2.800000e-07	-2.795598e-06	-3.261152e-09	-2.093263e+01	-1.997012e+02
2.900000e-07	-2.771285e-06	-3.404814e-09	-2.075058e+01	-1.986108e+02
3.000000e-07	-2.746219e-06	-3.522090e-09	-2.056289e+01	-1.974724e+02
3.100000e-07	-2.720162e-06	-3.370691e-09	-2.036778e+01	-1.962977e+02
3.200000e-07	-2.692997e-06	-3.192612e-09	-2.016438e+01	-1.950923e+02
3.300000e-07	-2.664958e-06	-3.245261e-09	-1.995443e+01	-1.938548e+02
3.400000e-07	-2.636370e-06	-3.395457e-09	-1.974037e+01	-1.925783e+02
3.500000e-07	-2.607143e-06	-3.338177e-09	-1.952153e+01	-1.912528e+02
3.600000e-07	-2.577117e-06	-3.142118e-09	-1.929670e+01	-1.898690e+02
3.700000e-07	-2.546303e-06	-3.176915e-09	-1.906598e+01	-1.884218e+02
3.800000e-07	-2.514777e-06	-3.277772e-09	-1.882992e+01	-1.869110e+02
3.900000e-07	-2.482725e-06	-3.262355e-09	-1.858992e+01	-1.853414e+02
4.000000e-07	-2.450283e-06	-3.064720e-09	-1.834700e+01	-1.837207e+02
4.100000e-07	-2.417165e-06	-2.973245e-09	-1.809903e+01	-1.820564e+02
4.200000e-07	-2.382935e-06	-3.142641e-09	-1.784273e+01	-1.803533e+02
4.300000e-07	-2.347553e-06	-3.200985e-09	-1.757780e+01	-1.786118e+02
4.400000e-07	-2.311484e-06	-2.977766e-09	-1.730772e+01	-1.768286e+02
4.500000e-07	-2.275014e-06	-2.862635e-09	-1.703464e+01	-1.749977e+02
4.600000e-07	-2.238045e-06	-3.017777e-09	-1.675783e+01	-1.731134e+02
4.700000e-07	-2.200460e-06	-3.031412e-09	-1.647641e+01	-1.711729e+02
4.800000e-07	-2.162216e-06	-2.852283e-09	-1.619005e+01	-1.691774e+02
4.900000e-07	-2.123426e-06	-2.736682e-09	-1.589960e+01	-1.671322e+02
5.000000e-07	-2.084073e-06	-2.837406e-09	-1.560494e+01	-1.650453e+02
5.100000e-07	-2.044210e-06	-2.902090e-09	-1.530645e+01	-1.629248e+02
5.200000e-07	-2.004026e-06	-2.756246e-09	-1.500556e+01	-1.607759e+02
5.300000e-07	-1.963464e-06	-2.601283e-09	-1.470185e+01	-1.585998e+02
5.400000e-07	-1.922245e-06	-2.648698e-09	-1.439321e+01	-1.563933e+02
5.500000e-07	-1.880036e-06	-2.731564e-09	-1.407717e+01	-1.541495e+02
5.600000e-07	-1.836908e-06	-2.608074e-09	-1.375423e+01	-1.518608e+02
5.700000e-07	-1.793198e-06	-2.464049e-09	-1.342695e+01	-1.495211e+02
5.800000e-07	-1.749117e-06	-2.486022e-09	-1.309688e+01	-1.471278e+02
5.900000e-07	-1.704730e-06	-2.560501e-09	-1.276453e+01	-1.446824e+02
6.000000e-07	-1.659972e-06	-2.462398e-09	-1.242939e+01	-1.421892e+02
6.100000e-07	-1.614723e-06	-2.303382e-09	-1.209058e+01	-1.396535e+02
6.200000e-07	-1.568931e-06	-2.288394e-09	-1.174770e+01	-1.370792e+02
6.300000e-07	-1.522662e-06	-2.357340e-09	-1.140125e+01	-1.344672e+02
6.400000e-07	-1.475940e-06	-2.301176e-09	-1.105141e+01	-1.318144e+02
6.500000e-07	-1.428753e-06	-2.148078e-09	-1.069809e+01	-1.291152e+02
6.600000e-07	-1.381207e-06	-2.114891e-09	-1.034208e+01	-1.263639e+02
6.700000e-07	-1.333346e-06	-2.160848e-09	-9.983709e+00	-1.235569e+02
6.800000e-07	-1.285159e-06	-2.111707e-09	-9.622901e+00	-1.206953e+02
6.900000e-07	-1.236691e-06	-1.965710e-09	-9.259983e+00	-1.177850e+02
7.000000e-07	-1.187861e-06	-1.908629e-09	-8.894360e+00	-1.148361e+02
7.100000e-07	-1.138385e-06	-1.941640e-09	-8.523893e+00	-1.118597e+02
7.200000e-07	-1.088211e-06	-1.907884e-09	-8.148210e+00	-1.088648e+02
7.300000e-07	-1.037584e-06	-1.786687e-09	-7.769131e+00	-1.058555e+02
7.400000e-07	-9.865570e-07	-1.716123e-09	-7.387052e+00	-1.028293e+02
7.500000e-07	-9.351129e-07	-1.732574e-09	-7.001854e+00	-9.977787e+01
7.600000e-07	-8.833310e-07	-1.698927e-09	-6.614126e+00	-9.668940e+01
7.700000e-07	-8.313019e-07	-1.587462e-09	-6.224548e+00	-9.355240e+01
7.800000e-07	-7.791110e-07	-1.502144e-09	-5.833757e+00	-9.035939e+01
7.900000e-07	-7.267104e-07	-1.495903e-09	-5.441396e+00	-8.710937e+01
8.000000e-07	-6.740988e-07	-1.468937e-09	-5.047456e+00	-8.380837e+01
8.100000e-07	-6.213448e-07	-1.372891e-09	-4.652450e+00	-8.046763e+01
8.200000e-07	-5.684379e-07	-1.288379e-09	-4.256298e+00	-7.710017e+01
8.300000e-07	-5.153928e-07	-1.265120e-09	-3.859112e+00	-7.371679e+01
8.400000e-07	-4.621733e-07	-1.238982e-09	-3.460620e+00	-7.032280e+01
8.500000e-07	-4.087658e-07	-1.150668e-09	-3.060720e+00	-6.691655e+01
8.600000e-07	-3.552719e-07	-1.062623e-09	-2.660173e+00	-6.349031e+01
8.700000e-07	-3.017557e-07	-1.025973e-09	-2.259459e+00	-6.003312e+01
8.800000e-07	-2.481581e-07	-9.966563e-10	-1.858136e+00	-5.653475e+01
8.900000e-07	-1.944676e-07	-9.163846e-10	-1.456117e+00	-5.298933e+01
9.000000e-07	-1.407638e-07	-8.267730e-10	-1.053999e+00	-4.939755e+01
9.100000e-07	-8.700796e-08	-7.798207e-10	-6.514903e-01	-4.576656e+01
9.200000e-07	-3.318598e-08	-7.440347e-10	-2.484870e-01	-4.210767e+01
9.300000e-07	2.063004e-08	-6.736489e-10	1.544718e-01	-3.843263e+01
9.400000e-07	7.441915e-08	-5.893340e-10	5.572290e-01	-3.474961e+01
9.500000e-07	1.281638e-07	-5.350945e-10	9.596532e-01	-3.106052e+01
9.600000e-07	1.819305e-07	-4.899054e-10	1.362243e+00	-2.736032e+01
9.700000e-07	2.357120e-07	-4.205342e-10	1.764943e+00	-2.363879e+01
9.800000e-07	2.893802e-07	-3.371242e-10	2.166795e+00	-1.988416e+01
9.900000e-07	3.428473e-07	-2.750780e-10	2.567141e+00	-1.608731e+01
1.000000e-06	3.961750e-07	-2.261878e-10	2.966443e+00	-1.224532e+01
1.010000e-06	4.495028e-07	-1.604037e-10	3.365746e+00	-8.363018e+00
1.020000e-06	5.027455e-07	-8.034089e-11	3.764413e+00	-4.452023e+00
1.030000e-06	5.557931e-07	-1.297191e-11	4.161617e+00	-5.276088e-01
1.040000e-06	6.086785e-07	3.895521e-11	4.557608e+00	3.395631e+00
1.050000e-06	6.613897e-07	1.018827e-10	4.952294e+00	7.307862e+00
1.060000e-06	7.139049e-07	1.766799e-10	5.345513e+00	1.120648e+01
1.070000e-06	7.662010e-07	2.482079e-10	5.737090e+00	1.509614e+01
1.080000e-06	8.183224e-07	3.084179e-10	6.127361e+00	1.898629e+01
1.090000e-06	8.702572e-07	3.715730e-10	6.516233e+00	2.288703e+01
1.100000e-06	9.218934e-07	4.431055e-10	6.902870e+00	2.680473e+01
1.110000e-06	9.731896e-07	5.125236e-10	7.286961e+00	3.073874e+01
1.120000e-06	1.024080e-06	5.757980e-10	7.668011e+00	3.468050e+01
1.130000e-06	1.074453e-06	6.389761e-10	8.045193e+00	3.861514e+01
1.140000e-06	1.124253e-06	7.066599e-10	8.418077e+00	4.252540e+01
1.150000e-06	1.173455e-06	7.741103e-10	8.786493e+00	4.639622e+01
1.160000e-06	1.222201e-06	8.384810e-10	9.151485e+00	5.021886e+01
1.170000e-06	1.270634e-06	9.007106e-10	9.514135e+00	5.399293e+01
1.180000e-06	1.318764e-06	9.642398e-10	9.874524e+00	5.772572e+01
1.190000e-06	1.366600e-06	1.027889e-09	1.023270e+01	6.142918e+01
1.200000e-06	1.414042e-06	1.091387e-09	1.058794e+01	6.511527e+01
1.210000e-06	1.461055e-06	1.155773e-09	1.093996e+01	6.879142e+01
1.220000e-06	1.507717e-06	1.218166e-09	1.128934e+01	7.245756e+01
1.230000e-06	1.553907e-06	1.278200e-09	1.163521e+01	7.610557e+01
1.240000e-06	1.599559e-06	1.337669e-09	1.197704e+01	7.972150e+01
1.250000e-06	1.644813e-06	1.397679e-09	1.231588e+01	8.328981e+01
1.260000e-06	1.689647e-06	1.456598e-09	1.265158e+01	8.679813e+01
1.270000e-06	1.734098e-06	1.514316e-09	1.298442e+01	9.024116e+01
1.280000e-06	1.778264e-06	1.573426e-09	1.331512e+01	9.362224e+01
1.290000e-06	1.822083e-06	1.635072e-09	1.364323e+01	9.695224e+01
1.300000e-06	1.865396e-06	1.693664e-09	1.396754e+01	1.002460e+02
1.310000e-06	1.907951e-06	1.747334e-09	1.428618e+01	1.035173e+02
1.320000e-06	1.949632e-06	1.802325e-09	1.459828e+01	1.067746e+02
1.330000e-06	1.990555e-06	1.859423e-09	1.490469e+01	1.100178e+02
1.340000e-06	2.030921e-06	1.913543e-09	1.520694e+01	1.132385e+02
1.350000e-06	2.070903e-06	1.962748e-09	1.550632e+01	1.164218e+02
1.360000e-06	2.110474e-06	2.016489e-09	1.580262e+01	1.195513e+02
1.370000e-06	2.149494e-06	2.075112e-09	1.609479e+01	1.226138e+02
1.380000e-06	2.187923e-06	2.129492e-09	1.638253e+01	1.256027e+02
1.390000e-06	2.225767e-06	2.176544e-09	1.666590e+01	1.285201e+02
1.400000e-06	2.263028e-06	2.224499e-09	1.694490e+01	1.313756e+02
1.410000e-06	2.299727e-06	2.276974e-09	1.721969e+01	1.341831e+02
1.420000e-06	2.335899e-06	2.326026e-09	1.749054e+01	1.369564e+02
1.430000e-06	2.371571e-06	2.370888e-09	1.775763e+01	1.397049e+02
1.440000e-06	2.406548e-06	2.418613e-09	1.801953e+01	1.424315e+02
1.450000e-06	2.440535e-06	2.470263e-09	1.827402e+01	1.451316e+02
1.460000e-06	2.473545e-06	2.518008e-09	1.852119e+01	1.477957e+02
1.470000e-06	2.505821e-06	2.558843e-09	1.876286e+01	1.504122e+02
1.480000e-06	2.537546e-06	2.600723e-09	1.900041e+01	1.529714e+02
1.490000e-06	2.568636e-06	2.649403e-09	1.923320e+01	1.554683e+02
1.500000e-06	2.598996e-06	2.696403e-09	1.946053e+01	1.579031e+02
1.510000e-06	2.628665e-06	2.734409e-09	1.968268e+01	1.602807e+02
1.520000e-06	2.657593e-06	2.771333e-09	1.989928e+01	1.626080e+02
1.530000e-06	2.685910e-06	2.815008e-09	2.011132e+01	1.648904e+02
1.540000e-06	2.713684e-06	2.856903e-09	2.031928e+01	1.671298e+02
1.550000e-06	2.740597e-06	2.888692e-09	2.052079e+01	1.693235e+02
1.560000e-06	2.766369e-06	2.920231e-09	2.071377e+01	1.714644e+02
1.570000e-06	2.791135e-06	2.959147e-09	2.089921e+01	1.735436e+02
1.580000e-06	2.815200e-06	2.998512e-09	2.107940e+01	1.755535e+02
1.590000e-06	2.838528e-06	3.030114e-09	2.125407e+01	1.774898e+02
1.600000e-06	2.861098e-06	3.060570e-09	2.142307e+01	1.793535e+02
1.610000e-06	2.882892e-06	3.097190e-09	2.158626e+01	1.811500e+02
1.620000e-06	2.903860e-06	3.132171e-09	2.174326e+01	1.828879e+02
1.630000e-06	2.924186e-06	3.157422e-09	2.189545e+01	1.845760e+02
1.640000e-06	2.943930e-06	3.178707e-09	2.204330e+01	1.862205e+02
1.650000e-06	2.962872e-06	3.206322e-09	2.218513e+01	1.878235e+02
1.660000e-06	2.980877e-06	3.235361e-09	2.231994e+01	1.893829e+02
1.670000e-06	2.998045e-06	3.257881e-09	2.244849e+01	1.908932e+02
1.680000e-06	3.014390e-06	3.281089e-09	2.257088e+01	1.923479e+02
1.690000e-06	3.029818e-06	3.311681e-09	2.268639e+01	1.937420e+02
1.700000e-06	3.044294e-06	3.342233e-09	2.279479e+01	1.950737e+02
1.710000e-06	3.057924e-06	3.363987e-09	2.289685e+01	1.963444e+02
1.720000e-06	3.070674e-06	3.380583e-09	2.299232e+01	1.975583e+02
1.730000e-06	3.082513e-06	3.400030e-09	2.308096e+01	1.987207e+02
1.740000e-06	3.093330e-06	3.420336e-09	2.316196e+01	1.998351e+02
1.750000e-06	3.102901e-06	3.437017e-09	2.323362e+01	2.009028e+02
1.760000e-06	3.111447e-06	3.452323e-09	2.329761e+01	2.019215e+02
1.770000e-06	3.119255e-06	3.472016e-09	2.335607e+01	2.028868e+02
1.780000e-06	3.126282e-06	3.493059e-09	2.340869e+01	2.037938e+02
1.790000e-06	3.132462e-06	3.509248e-09	2.345497e+01	2.046390e+02
1.800000e-06	3.137735e-06	3.520153e-09	2.349445e+01	2.054221e+02
1.810000e-06	3.142229e-06	3.531222e-09	2.352810e+01	2.061460e+02
1.820000e-06	3.146041e-06	3.543558e-09	2.355664e+01	2.068163e+02
1.830000e-06	3.148862e-06	3.552853e-09	2.357777e+01	2.074393e+02
1.840000e-06	3.150489e-06	3.562993e-09	2.358995e+01	2.080197e+02
1.850000e-06	3.151137e-06	3.572892e-09	2.359480e+01	2.085592e+02
1.860000e-06	3.151041e-06	3.582500e-09	2.359408e+01	2.090557e+02
1.870000e-06	3.150204e-06	3.590998e-09	2.358782e+01	2.095045e+02
1.880000e-06	3.148549e-06	3.598296e-09	2.357542e+01	2.098996e+02
1.890000e-06	3.146020e-06	3.604962e-09	2.355649e+01	2.102362e+02
1.900000e-06	3.142709e-06	3.612079e-09	2.353169e+01	2.105122e+02
1.910000e-06	3.138799e-06	3.616377e-09	2.350241e+01	2.107290e+02
1.920000e-06	3.134141e-06	3.610560e-09	2.346754e+01	2.108901e+02
1.930000e-06	3.128359e-06	3.606986e-09	2.342424e+01	2.109994e+02
1.940000e-06	3.121400e-06	3.666057e-09	2.337214e+01	2.110585e+02
1.950000e-06	3.113280e-06	3.699308e-09	2.331134e+01	2.110645e+02
1.960000e-06	3.103939e-06	3.617867e-09	2.324139e+01	2.110102e+02
1.970000e-06	3.093788e-06	3.550104e-09	2.316539e+01	2.108845e+02
1.980000e-06	3.083515e-06	3.612497e-09	2.308846e+01	2.106762e+02
1.990000e-06	3.072691e-06	3.708702e-09	2.300742e+01	2.103774e+02
2.000000e-06	3.060316e-06	3.519059e-09	2.291476e+01	2.099868e+02
2.010000e-06	3.046654e-06	3.483521e-09	2.281246e+01	2.095119e+02
2.020000e-06	3.032578e-06	3.608559e-09	2.270706e+01	2.089682e+02
2.030000e-06	3.017620e-06	3.511607e-09	2.259506e+01	2.083762e+02
2.040000e-06	3.001249e-06	3.382699e-09	2.247248e+01	2.077573e+02
2.050000e-06	2.984233e-06	3.502226e-09	2.234507e+01	2.071281e+02
2.060000e-06	2.966817e-06	3.580098e-09	2.221467e+01	2.064963e+02
2.070000e-06	2.948381e-06	3.217750e-09	2.207662e+01	2.058592e+02
2.080000e-06	2.929011e-06	3.301420e-09	2.193159e+01	2.052043e+02
2.090000e-06	2.909144e-06	3.674323e-09	2.178283e+01	2.045128e+02
2.100000e-06	2.888461e-06	3.404106e-09	2.162796e+01	2.037646e+02
2.110000e-06	2.866563e-06	3.176911e-09	2.146399e+01	2.029440e+02
2.120000e-06	2.843631e-06	3.439539e-09	2.129228e+01	2.020426e+02
2.130000e-06	2.819988e-06	3.513021e-09	2.111525e+01	2.010617e+02
2.140000e-06	2.795761e-06	3.270711e-09	2.093384e+01	2.000104e+02
2.150000e-06	2.770823e-06	3.139648e-09	2.074712e+01	1.989024e+02
2.160000e-06	2.744867e-06	3.275686e-09	2.055277e+01	1.977513e+02
2.170000e-06	2.718047e-06	3.413499e-09	2.035195e+01	1.965668e+02
2.180000e-06	2.690640e-06	3.317279e-09	2.014673e+01	1.953519e+02
2.190000e-06	2.662532e-06	3.079713e-09	1.993627e+01	1.941028e+02
2.200000e-06	2.633680e-06	3.141529e-09	1.972023e+01	1.928111e+02
2.210000e-06	2.603965e-06	3.329374e-09	1.949774e+01	1.914667e+02
2.220000e-06	2.573181e-06	3.170578e-09	1.926723e+01	1.900615e+02
2.230000e-06	2.541580e-06	3.000727e-09	1.903062e+01	1.885922e+02
2.240000e-06	2.509341e-06	3.042959e-09	1.878921e+01	1.870605e+02
2.250000e-06	2.476339e-06	3.168241e-09	1.854211e+01	1.854728e+02
2.260000e-06	2.442731e-06	3.164797e-09	1.829046e+01	1.838370e+02
2.270000e-06	2.408555e-06	2.924724e-09	1.803456e+01	1.821598e+02
2.280000e-06	2.373681e-06	2.832707e-09	1.777343e+01	1.804444e+02
2.290000e-06	2.338241e-06	3.057686e-09	1.750807e+01	1.786899e+02
2.300000e-06	2.302327e-06	3.059879e-09	1.723916e+01	1.768915e+02
2.310000e-06	2.265882e-06	2.795111e-09	1.696627e+01	1.750432e+02
2.320000e-06	2.228635e-06	2.767346e-09	1.668738e+01	1.731400e+02
2.330000e-06	2.190325e-06	2.913692e-09	1.640052e+01	1.711804e+02
2.340000e-06	2.151158e-06	2.919835e-09	1.610725e+01	1.691675e+02
2.350000e-06	2.111541e-06	2.704527e-09	1.581061e+01	1.671077e+02
2.360000e-06	2.071554e-06	2.588387e-09	1.551119e+01	1.650093e+02
2.370000e-06	2.030996e-06	2.734858e-09	1.520751e+01	1.628797e+02
2.380000e-06	1.989828e-06	2.787841e-09	1.489925e+01	1.607227e+02
2.390000e-06	1.948208e-06	2.597108e-09	1.458761e+01	1.585379e+02
2.400000e-06	1.906145e-06	2.479375e-09	1.427266e+01	1.563202e+02
2.410000e-06	1.863494e-06	2.578911e-09	1.395331e+01	1.540625e+02
2.420000e-06	1.820337e-06	2.626986e-09	1.363016e+01	1.517572e+02
2.430000e-06	1.776850e-06	2.466489e-09	1.330454e+01	1.493995e+02
2.440000e-06	1.733053e-06	2.315823e-09	1.297660e+01	1.469884e+02
2.450000e-06	1.688856e-06	2.391087e-09	1.264567e+01	1.445264e+02
2.460000e-06	1.644079e-06	2.455394e-09	1.231039e+01	1.420186e+02
2.470000e-06	1.598674e-06	2.325121e-09	1.197041e+01	1.394702e+02
2.480000e-06	1.552794e-06	2.175578e-09	1.162687e+01	1.368839e+02
2.490000e-06	1.506500e-06	2.201864e-09	1.128024e+01	1.342591e+02
2.500000e-06	1.459799e-06	2.276831e-09	1.093055e+01	1.315916e+02
2.510000e-06	1.412821e-06	2.159492e-09	1.057880e+01	1.288755e+02
2.520000e-06	1.365481e-06	1.999506e-09	1.022432e+01	1.261055e+02
2.530000e-06	1.317550e-06	2.008399e-09	9.865429e+00	1.232796e+02
2.540000e-06	1.269110e-06	2.067674e-09	9.502730e+00	1.204008e+02
2.550000e-06	1.220283e-06	1.979120e-09	9.137123e+00	1.174767e+02
2.560000e-06	1.171030e-06	1.826468e-09	8.768335e+00	1.145182e+02
2.570000e-06	1.121392e-06	1.802492e-09	8.396659e+00	1.115360e+02
2.580000e-06	1.071465e-06	1.852674e-09	8.022817e+00	1.085376e+02
2.590000e-06	1.021256e-06	1.783221e-09	7.646869e+00	1.055246e+02
2.600000e-06	9.707293e-07	1.640230e-09	7.268539e+00	1.024922e+02
2.610000e-06	9.198934e-07	1.600605e-09	6.887895e+00	9.943035e+01
2.620000e-06	8.687559e-07	1.629542e-09	6.504992e+00	9.632689e+01
2.630000e-06	8.173398e-07	1.579428e-09	6.120003e+00	9.317145e+01
2.640000e-06	7.657358e-07	1.450165e-09	5.733607e+00	8.995879e+01
2.650000e-06	7.139927e-07	1.390648e-09	5.346170e+00	8.669061e+01
2.660000e-06	6.621194e-07	1.403413e-09	4.957758e+00	8.337521e+01
2.670000e-06	6.100709e-07	1.356397e-09	4.568034e+00	8.002495e+01
2.680000e-06	5.578289e-07	1.238990e-09	4.176861e+00	7.665250e+01
2.690000e-06	5.054051e-07	1.163775e-09	3.784326e+00	7.326689e+01
2.700000e-06	4.527116e-07	1.163582e-09	3.389773e+00	6.987086e+01
2.710000e-06	3.997526e-07	1.128887e-09	2.993232e+00	6.646028e+01
2.720000e-06	3.466722e-07	1.026738e-09	2.595781e+00	6.302576e+01
2.730000e-06	2.934759e-07	9.497413e-10	2.197462e+00	5.955617e+01
2.740000e-06	2.401628e-07	9.329233e-10	1.798269e+00	5.604251e+01
2.750000e-06	1.867975e-07	8.927167e-10	1.398685e+00	5.248125e+01
2.760000e-06	1.333769e-07	7.940212e-10	9.986874e-01	4.887564e+01
2.770000e-06	7.987130e-08	7.081461e-10	5.980531e-01	4.523475e+01
2.780000e-06	2.633385e-08	6.764270e-10	1.971803e-01	4.157054e+01
2.790000e-06	-2.717686e-08	6.409342e-10	-2.034925e-01	3.789384e+01
2.800000e-06	-8.070155e-08	5.585910e-10	-6.042698e-01	3.421071e+01
2.810000e-06	-1.342218e-07	4.816414e-10	-1.005014e+00	3.052039e+01
2.820000e-06	-1.876966e-07	4.400564e-10	-1.405418e+00	2.681556e+01
2.830000e-06	-2.410955e-07	3.944112e-10	-1.805253e+00	2.308495e+01
2.840000e-06	-2.944281e-07	3.120114e-10	-2.204592e+00	1.931728e+01
2.850000e-06	-3.476242e-07	2.284538e-10	-2.602909e+00	1.550544e+01
2.860000e-06	-4.005970e-07	1.754548e-10	-2.999554e+00	1.164936e+01
2.870000e-06	-4.533550e-07	1.267554e-10	-3.394591e+00	7.756657e+00
2.880000e-06	-5.059362e-07	5.687680e-11	-3.788304e+00	3.840779e+00
2.890000e-06	-5.583464e-07	-1.821493e-11	-4.180736e+00	-8.272558e-02
2.900000e-06	-6.105577e-07	-7.557457e-11	-4.571679e+00	-4.000630e+00
2.910000e-06	-6.626001e-07	-1.337478e-10	-4.961357e+00	-7.905645e+00
2.920000e-06	-7.144737e-07	-2.071551e-10	-5.349772e+00	-1.179803e+01
2.930000e-06	-7.661902e-07	-2.824994e-10	-5.737010e+00	-1.568462e+01
2.940000e-06	-8.177309e-07	-3.442358e-10	-6.122931e+00	-1.957567e+01
2.950000e-06	-8.690123e-07	-4.013057e-10	-6.506912e+00	-2.348035e+01
2.960000e-06	-9.200106e-07	-4.682094e-10	-6.888772e+00	-2.740267e+01
2.970000e-06	-9.707403e-07	-5.378020e-10	-7.268621e+00	-3.133899e+01
2.980000e-06	-1.021129e-06	-6.017696e-10	-7.645919e+00	-3.527805e+01
2.990000e-06	-1.071173e-06	-6.651360e-10	-8.020634e+00	-3.920355e+01
3.000000e-06	-1.120941e-06	-7.338354e-10	-8.393284e+00	-4.309852e+01
3.010000e-06	-1.170374e-06	-8.007248e-10	-8.763423e+00	-4.694987e+01
3.020000e-06	-1.219392e-06	-8.624204e-10	-9.130451e+00	-5.075188e+01
3.030000e-06	-1.267826e-06	-9.231627e-10	-9.493116e+00	-5.450728e+01
3.040000e-06	-1.315663e-06	-9.870869e-10	-9.851300e+00	-5.822556e+01
3.050000e-06	-1.362948e-06	-1.048827e-09	-1.020536e+01	-6.191925e+01
3.060000e-06	-1.409706e-06	-1.106309e-09	-1.055547e+01	-6.559910e+01
3.070000e-06	-1.456128e-06	-1.168250e-09	-1.090306e+01	-6.926996e+01
3.080000e-06	-1.502241e-06	-1.234568e-09	-1.124835e+01	-7.292864e+01
3.090000e-06	-1.548005e-06	-1.295650e-09	-1.159101e+01	-7.656444e+01
3.100000e-06	-1.593387e-06	-1.353172e-09	-1.193082e+01	-8.016227e+01
3.110000e-06	-1.638285e-06	-1.415195e-09	-1.226700e+01	-8.370722e+01
3.120000e-06	-1.682714e-06	-1.475935e-09	-1.259967e+01	-8.718921e+01
3.130000e-06	-1.726757e-06	-1.528059e-09	-1.292945e+01	-9.060616e+01
3.140000e-06	-1.770448e-06	-1.575567e-09	-1.325660e+01	-9.396450e+01
3.150000e-06	-1.813822e-06	-1.631712e-09	-1.358137e+01	-9.727711e+01
3.160000e-06	-1.856777e-06	-1.693756e-09	-1.390300e+01	-1.005590e+02
3.170000e-06	-1.899206e-06	-1.748300e-09	-1.422070e+01	-1.038225e+02
3.180000e-06	-1.941176e-06	-1.797872e-09	-1.453496e+01	-1.070730e+02
3.190000e-06	-1.982683e-06	-1.854338e-09	-1.484575e+01	-1.103072e+02
3.200000e-06	-2.023614e-06	-1.913003e-09	-1.515223e+01	-1.135137e+02
3.210000e-06	-2.063926e-06	-1.961059e-09	-1.545408e+01	-1.166768e+02
3.220000e-06	-2.103734e-06	-2.001385e-09	-1.575215e+01	-1.197804e+02
3.230000e-06	-2.143115e-06	-2.047757e-09	-1.604702e+01	-1.228136e+02
3.240000e-06	-2.181983e-06	-2.102189e-09	-1.633806e+01	-1.257730e+02
3.250000e-06	-2.220127e-06	-2.153495e-09	-1.662367e+01	-1.286637e+02
3.260000e-06	-2.257324e-06	-2.198675e-09	-1.690218e+01	-1.314975e+02
3.270000e-06	-2.293654e-06	-2.246349e-09	-1.717422e+01	-1.342887e+02
3.280000e-06	-2.329387e-06	-2.296903e-09	-1.744177e+01	-1.370499e+02
3.290000e-06	-2.364615e-06	-2.339803e-09	-1.770555e+01	-1.397883e+02
3.300000e-06	-2.399256e-06	-2.375364e-09	-1.796493e+01	-1.425038e+02
3.310000e-06	-2.433220e-06	-2.412596e-09	-1.821924e+01	-1.451898e+02
3.320000e-06	-2.466471e-06	-2.456623e-09	-1.846822e+01	-1.478353e+02
3.330000e-06	-2.498989e-06	-2.501011e-09	-1.871171e+01	-1.504293e+02
3.340000e-06	-2.530894e-06	-2.543542e-09	-1.895060e+01	-1.529634e+02
3.350000e-06	-2.562293e-06	-2.587519e-09	-1.918570e+01	-1.554347e+02
3.360000e-06	-2.592943e-06	-2.633540e-09	-1.941521e+01	-1.578453e+02
3.370000e-06	-2.622520e-06	-2.673091e-09	-1.963667e+01	-1.602013e+02
3.380000e-06	-2.651033e-06	-2.703171e-09	-1.985016e+01	-1.625092e+02
3.390000e-06	-2.678810e-06	-2.734075e-09	-2.005815e+01	-1.647735e+02
3.400000e-06	-2.705993e-06	-2.769217e-09	-2.026169e+01	-1.669944e+02
3.410000e-06	-2.732449e-06	-2.804674e-09	-2.045978e+01	-1.691672e+02
3.420000e-06	-2.758151e-06	-2.838219e-09	-2.065223e+01	-1.712840e+02
3.430000e-06	-2.783030e-06	-2.874628e-09	-2.083852e+01	-1.733360e+02
3.440000e-06	-2.807118e-06	-2.913598e-09	-2.101889e+01	-1.753166e+02
3.450000e-06	-2.830631e-06	-2.948315e-09	-2.119495e+01	-1.772233e+02
3.460000e-06	-2.853414e-06	-2.976251e-09	-2.136554e+01	-1.790589e+02
3.470000e-06	-2.875075e-06	-3.002592e-09	-2.152772e+01	-1.808303e+02
3.480000e-06	-2.895631e-06	-3.029011e-09	-2.168165e+01	-1.825466e+02
3.490000e-06	-2.915416e-06	-3.054516e-09	-2.182979e+01	-1.842158e+02
3.500000e-06	-2.934586e-06	-3.078725e-09	-2.197333e+01	-1.858427e+02
3.510000e-06	-2.953045e-06	-3.105196e-09	-2.211154e+01	-1.874279e+02
3.520000e-06	-2.970722e-06	-3.135947e-09	-2.224390e+01	-1.889676e+02
3.530000e-06	-2.987571e-06	-3.163914e-09	-2.237007e+01	-1.904558e+02
3.540000e-06	-3.003616e-06	-3.185852e-09	-2.249020e+01	-1.918862e+02
3.550000e-06	-3.019046e-06	-3.205336e-09	-2.260574e+01	-1.932549e+02
3.560000e-06	-3.033604e-06	-3.226995e-09	-2.271475e+01	-1.945614e+02
3.570000e-06	-3.046876e-06	-3.246738e-09	-2.281413e+01	-1.958082e+02
3.580000e-06	-3.058987e-06	-3.262112e-09	-2.290480e+01	-1.970002e+02
3.590000e-06	-3.070225e-06	-3.278850e-09	-2.298895e+01	-1.981423e+02
3.600000e-06	-3.080623e-06	-3.301529e-09	-2.306681e+01	-1.992373e+02
3.610000e-06	-3.090159e-06	-3.322517e-09	-2.313821e+01	-2.002850e+02
3.620000e-06	-3.098850e-06	-3.335832e-09	-2.320329e+01	-2.012822e+02
3.630000e-06	-3.106777e-06	-3.346666e-09	-2.326264e+01	-2.022242e+02
3.640000e-06	-3.114043e-06	-3.363095e-09	-2.331705e+01	-2.031063e+02
3.650000e-06	-3.120308e-06	-3.380276e-09	-2.336396e+01	-2.039261e+02
3.660000e-06	-3.125322e-06	-3.389543e-09	-2.340151e+01	-2.046844e+02
3.670000e-06	-3.129369e-06	-3.397901e-09	-2.343181e+01	-2.053855e+02
3.680000e-06	-3.132703e-06	-3.410813e-09	-2.345677e+01	-2.060354e+02
3.690000e-06	-3.135275e-06	-3.424847e-09	-2.347603e+01	-2.066400e+02
3.700000e-06	-3.137044e-06	-3.432834e-09	-2.348928e+01	-2.072030e+02
3.710000e-06	-3.137960e-06	-3.439283e-09	-2.349613e+01	-2.077248e+02
