# Temperatura_=_20.0
# Concentracion g/m^3_=_12000.0
# C_Vs_to_Am_M_A/Vsm_=_59384043850.047264
# pendiente_HvsI_1/m_=_3716.3
# ordenada_HvsI_A/m_=_1297.0
# frecuencia_Hz_=_269400.7237732703

Tiempo_(s)	Campo_(V.s)	Magnetizacion_(V.s)	Campo_(kA/m)	Magnetizacion_(A/m)
0.000000e+00	-3.137223e-06	-3.444388e-09	-2.349630e+01	-2.075984e+02
1.000000e-08	-3.137103e-06	-3.456173e-09	-2.349540e+01	-2.080578e+02
2.000000e-08	-3.136348e-06	-3.463125e-09	-2.348974e+01	-2.084645e+02
3.000000e-08	-3.134625e-06	-3.463207e-09	-2.347684e+01	-2.088150e+02
4.000000e-08	-3.131686e-06	-3.462191e-09	-2.345482e+01	-2.091077e+02
5.000000e-08	-3.127846e-06	-3.465358e-09	-2.342607e+01	-2.093434e+02
6.000000e-08	-3.123341e-06	-3.476305e-09	-2.339233e+01	-2.095241e+02
7.000000e-08	-3.118051e-06	-3.493524e-09	-2.335271e+01	-2.096519e+02
8.000000e-08	-3.111787e-06	-3.488269e-09	-2.330580e+01	-2.097264e+02
9.000000e-08	-3.104482e-06	-3.425748e-09	-2.325109e+01	-2.097434e+02
1.000000e-07	-3.096202e-06	-3.401866e-09	-2.318907e+01	-2.096946e+02
1.100000e-07	-3.087114e-06	-3.502693e-09	-2.312101e+01	-2.095689e+02
1.200000e-07	-3.077335e-06	-3.556668e-09	-2.304777e+01	-2.093558e+02
1.300000e-07	-3.066579e-06	-3.431133e-09	-2.296721e+01	-2.090481e+02
1.400000e-07	-3.054667e-06	-3.387758e-09	-2.287799e+01	-2.086461e+02
1.500000e-07	-3.041861e-06	-3.557655e-09	-2.278208e+01	-2.081590e+02
1.600000e-07	-3.028303e-06	-3.565484e-09	-2.268054e+01	-2.076040e+02
1.700000e-07	-3.013552e-06	-3.419819e-09	-2.257006e+01	-2.070039e+02
1.800000e-07	-2.997401e-06	-3.487263e-09	-2.244910e+01	-2.063820e+02
1.900000e-07	-2.980441e-06	-3.562222e-09	-2.232208e+01	-2.057564e+02
2.000000e-07	-2.962890e-06	-3.411370e-09	-2.219063e+01	-2.051357e+02
2.100000e-07	-2.944391e-06	-3.442937e-09	-2.205208e+01	-2.045165e+02
2.200000e-07	-2.925040e-06	-3.641742e-09	-2.190715e+01	-2.038843e+02
2.300000e-07	-2.905151e-06	-3.486410e-09	-2.175819e+01	-2.032167e+02
2.400000e-07	-2.884597e-06	-3.287010e-09	-2.160425e+01	-2.024897e+02
2.500000e-07	-2.863264e-06	-3.451479e-09	-2.144447e+01	-2.016837e+02
2.600000e-07	-2.841218e-06	-3.548503e-09	-2.127937e+01	-2.007882e+02
2.700000e-07	-2.818395e-06	-3.354542e-09	-2.110843e+01	-1.998046e+02
2.800000e-07	-2.794712e-06	-3.260976e-09	-2.093105e+01	-1.987451e+02
2.900000e-07	-2.770337e-06	-3.399771e-09	-2.074850e+01	-1.976290e+02
3.000000e-07	-2.745267e-06	-3.495055e-09	-2.056074e+01	-1.964768e+02
3.100000e-07	-2.719198e-06	-3.364146e-09	-2.036549e+01	-1.953048e+02
3.200000e-07	-2.692042e-06	-3.178184e-09	-2.016210e+01	-1.941204e+02
3.300000e-07	-2.664035e-06	-3.237319e-09	-1.995234e+01	-1.929207e+02
3.400000e-07	-2.635469e-06	-3.399533e-09	-1.973840e+01	-1.916935e+02
3.500000e-07	-2.606312e-06	-3.302879e-09	-1.952003e+01	-1.904219e+02
3.600000e-07	-2.576335e-06	-3.120628e-09	-1.929551e+01	-1.890884e+02
3.700000e-07	-2.545536e-06	-3.158022e-09	-1.906484e+01	-1.876807e+02
3.800000e-07	-2.514014e-06	-3.272600e-09	-1.882876e+01	-1.861944e+02
3.900000e-07	-2.481941e-06	-3.232684e-09	-1.858855e+01	-1.846336e+02
4.000000e-07	-2.449491e-06	-3.043741e-09	-1.834551e+01	-1.830093e+02
4.100000e-07	-2.416370e-06	-2.974667e-09	-1.809745e+01	-1.813357e+02
4.200000e-07	-2.382098e-06	-3.134156e-09	-1.784077e+01	-1.796257e+02
4.300000e-07	-2.346691e-06	-3.179469e-09	-1.757559e+01	-1.778879e+02
4.400000e-07	-2.310614e-06	-2.952905e-09	-1.730539e+01	-1.761240e+02
4.500000e-07	-2.274123e-06	-2.849270e-09	-1.703209e+01	-1.743301e+02
4.600000e-07	-2.237139e-06	-2.994447e-09	-1.675510e+01	-1.724978e+02
4.700000e-07	-2.199555e-06	-3.019235e-09	-1.647361e+01	-1.706180e+02
4.800000e-07	-2.161347e-06	-2.832271e-09	-1.618745e+01	-1.686836e+02
4.900000e-07	-2.122574e-06	-2.730105e-09	-1.589706e+01	-1.666913e+02
5.000000e-07	-2.083175e-06	-2.836362e-09	-1.560198e+01	-1.646423e+02
5.100000e-07	-2.043233e-06	-2.899431e-09	-1.530284e+01	-1.625414e+02
5.200000e-07	-2.003001e-06	-2.747046e-09	-1.500152e+01	-1.603946e+02
5.300000e-07	-1.962425e-06	-2.588787e-09	-1.469763e+01	-1.582072e+02
5.400000e-07	-1.921169e-06	-2.644797e-09	-1.438863e+01	-1.559826e+02
5.500000e-07	-1.878922e-06	-2.722376e-09	-1.407222e+01	-1.537210e+02
5.600000e-07	-1.835800e-06	-2.594389e-09	-1.374926e+01	-1.514209e+02
5.700000e-07	-1.792114e-06	-2.445281e-09	-1.342207e+01	-1.490797e+02
5.800000e-07	-1.748017e-06	-2.486397e-09	-1.309181e+01	-1.466954e+02
5.900000e-07	-1.703578e-06	-2.558800e-09	-1.275899e+01	-1.442676e+02
6.000000e-07	-1.658744e-06	-2.455843e-09	-1.242320e+01	-1.417973e+02
6.100000e-07	-1.613482e-06	-2.299114e-09	-1.208420e+01	-1.392861e+02
6.200000e-07	-1.567739e-06	-2.291289e-09	-1.174162e+01	-1.367349e+02
6.300000e-07	-1.521501e-06	-2.356155e-09	-1.139531e+01	-1.341433e+02
6.400000e-07	-1.474873e-06	-2.289020e-09	-1.104609e+01	-1.315082e+02
6.500000e-07	-1.427758e-06	-2.141566e-09	-1.069322e+01	-1.288257e+02
6.600000e-07	-1.380193e-06	-2.110969e-09	-1.033699e+01	-1.260912e+02
6.700000e-07	-1.332296e-06	-2.160274e-09	-9.978262e+00	-1.233025e+02
6.800000e-07	-1.284028e-06	-2.105589e-09	-9.616758e+00	-1.204607e+02
6.900000e-07	-1.235494e-06	-1.965095e-09	-9.253257e+00	-1.175708e+02
7.000000e-07	-1.186623e-06	-1.911229e-09	-8.887237e+00	-1.146413e+02
7.100000e-07	-1.137216e-06	-1.943774e-09	-8.517204e+00	-1.116818e+02
7.200000e-07	-1.087220e-06	-1.908082e-09	-8.142756e+00	-1.087005e+02
7.300000e-07	-1.036735e-06	-1.783039e-09	-7.764651e+00	-1.057016e+02
7.400000e-07	-9.858593e-07	-1.711505e-09	-7.383614e+00	-1.026835e+02
7.500000e-07	-9.344794e-07	-1.725399e-09	-6.998803e+00	-9.963922e+01
7.600000e-07	-8.826817e-07	-1.694870e-09	-6.610863e+00	-9.655767e+01
7.700000e-07	-8.306715e-07	-1.582445e-09	-6.221332e+00	-9.342712e+01
7.800000e-07	-7.785244e-07	-1.501649e-09	-5.830775e+00	-9.023845e+01
7.900000e-07	-7.262022e-07	-1.498580e-09	-5.438906e+00	-8.698806e+01
8.000000e-07	-6.736473e-07	-1.474347e-09	-5.045296e+00	-8.367907e+01
8.100000e-07	-6.208908e-07	-1.377786e-09	-4.650175e+00	-8.032084e+01
8.200000e-07	-5.679541e-07	-1.288844e-09	-4.253704e+00	-7.692651e+01
8.300000e-07	-5.148608e-07	-1.262662e-09	-3.856061e+00	-7.350967e+01
8.400000e-07	-4.616134e-07	-1.232253e-09	-3.457263e+00	-7.008095e+01
8.500000e-07	-4.082280e-07	-1.142546e-09	-3.057432e+00	-6.664570e+01
8.600000e-07	-3.547294e-07	-1.051477e-09	-2.656753e+00	-6.320325e+01
8.700000e-07	-3.011387e-07	-1.015933e-09	-2.255385e+00	-5.974805e+01
8.800000e-07	-2.474571e-07	-9.896879e-10	-1.853335e+00	-5.627207e+01
8.900000e-07	-1.937109e-07	-9.156718e-10	-1.450802e+00	-5.276775e+01
9.000000e-07	-1.399316e-07	-8.294539e-10	-1.048020e+00	-4.923038e+01
9.100000e-07	-8.611535e-08	-7.800415e-10	-6.449627e-01	-4.565923e+01
9.200000e-07	-3.228356e-08	-7.409062e-10	-2.417884e-01	-4.205715e+01
9.300000e-07	2.154179e-08	-6.681679e-10	1.613377e-01	-3.842882e+01
9.400000e-07	7.531904e-08	-5.845456e-10	5.641035e-01	-3.477847e+01
9.500000e-07	1.290688e-07	-5.284218e-10	9.666635e-01	-3.110791e+01
9.600000e-07	1.828662e-07	-4.831332e-10	1.369581e+00	-2.741558e+01
9.700000e-07	2.365959e-07	-4.166736e-10	1.771990e+00	-2.369710e+01
9.800000e-07	2.901602e-07	-3.375104e-10	2.173161e+00	-1.994702e+01
9.900000e-07	3.436506e-07	-2.750989e-10	2.573779e+00	-1.616121e+01
1.000000e-06	3.970901e-07	-2.243535e-10	2.974015e+00	-1.233897e+01
1.010000e-06	4.504594e-07	-1.605147e-10	3.373725e+00	-8.484098e+00
1.020000e-06	5.036782e-07	-8.437439e-11	3.772309e+00	-4.604398e+00
1.030000e-06	5.567026e-07	-1.680359e-11	4.169436e+00	-7.098313e-01
1.040000e-06	6.095744e-07	3.999397e-11	4.565420e+00	3.190153e+00
1.050000e-06	6.622713e-07	1.043420e-10	4.960095e+00	7.089146e+00
1.060000e-06	7.148177e-07	1.792204e-10	5.353642e+00	1.098526e+01
1.070000e-06	7.672207e-07	2.513134e-10	5.746116e+00	1.488102e+01
1.080000e-06	8.194323e-07	3.125707e-10	6.137155e+00	1.878157e+01
1.090000e-06	8.713753e-07	3.733471e-10	6.526184e+00	2.269185e+01
1.100000e-06	9.229123e-07	4.398181e-10	6.912171e+00	2.661364e+01
1.110000e-06	9.739941e-07	5.071497e-10	7.294749e+00	3.054351e+01
1.120000e-06	1.024654e-06	5.719512e-10	7.674167e+00	3.447253e+01
1.130000e-06	1.074941e-06	6.368322e-10	8.050796e+00	3.838784e+01
1.140000e-06	1.124744e-06	7.049213e-10	8.423797e+00	4.227577e+01
1.150000e-06	1.173945e-06	7.741628e-10	8.792284e+00	4.612539e+01
1.160000e-06	1.222647e-06	8.425853e-10	9.157042e+00	4.993152e+01
1.170000e-06	1.271017e-06	9.067269e-10	9.519305e+00	5.369586e+01
1.180000e-06	1.319160e-06	9.657611e-10	9.879877e+00	5.742615e+01
1.190000e-06	1.367057e-06	1.024049e-09	1.023860e+01	6.113315e+01
1.200000e-06	1.414562e-06	1.085535e-09	1.059439e+01	6.482663e+01
1.210000e-06	1.461577e-06	1.150861e-09	1.094651e+01	6.851145e+01
1.220000e-06	1.508133e-06	1.215554e-09	1.129520e+01	7.218513e+01
1.230000e-06	1.554261e-06	1.277008e-09	1.164067e+01	7.583763e+01
1.240000e-06	1.599923e-06	1.340586e-09	1.198265e+01	7.945362e+01
1.250000e-06	1.645156e-06	1.405238e-09	1.232143e+01	8.301651e+01
1.260000e-06	1.689990e-06	1.462819e-09	1.265722e+01	8.651312e+01
1.270000e-06	1.734432e-06	1.513111e-09	1.299007e+01	8.993750e+01
1.280000e-06	1.778593e-06	1.569658e-09	1.332081e+01	9.329268e+01
1.290000e-06	1.822413e-06	1.631890e-09	1.364900e+01	9.658988e+01
1.300000e-06	1.865723e-06	1.686746e-09	1.397337e+01	9.984528e+01
1.310000e-06	1.908309e-06	1.736219e-09	1.429232e+01	1.030753e+02
1.320000e-06	1.950015e-06	1.791743e-09	1.460468e+01	1.062918e+02
1.330000e-06	1.990923e-06	1.855020e-09	1.491106e+01	1.094989e+02
1.340000e-06	2.031330e-06	1.911918e-09	1.521369e+01	1.126917e+02
1.350000e-06	2.071390e-06	1.959524e-09	1.551372e+01	1.158579e+02
1.360000e-06	2.111003e-06	2.012263e-09	1.581040e+01	1.189815e+02
1.370000e-06	2.149992e-06	2.072071e-09	1.610241e+01	1.220474e+02
1.380000e-06	2.188378e-06	2.126025e-09	1.638990e+01	1.250453e+02
1.390000e-06	2.226211e-06	2.168445e-09	1.667325e+01	1.279725e+02
1.400000e-06	2.263334e-06	2.212724e-09	1.695129e+01	1.308340e+02
1.410000e-06	2.299874e-06	2.265991e-09	1.722495e+01	1.336403e+02
1.420000e-06	2.336061e-06	2.318394e-09	1.749598e+01	1.364040e+02
1.430000e-06	2.371784e-06	2.363115e-09	1.776353e+01	1.391359e+02
1.440000e-06	2.406715e-06	2.409398e-09	1.802514e+01	1.418417e+02
1.450000e-06	2.440581e-06	2.464273e-09	1.827878e+01	1.445208e+02
1.460000e-06	2.473515e-06	2.515279e-09	1.852544e+01	1.471669e+02
1.470000e-06	2.505819e-06	2.553657e-09	1.876738e+01	1.497703e+02
1.480000e-06	2.537520e-06	2.589441e-09	1.900481e+01	1.523207e+02
1.490000e-06	2.568602e-06	2.634686e-09	1.923760e+01	1.548103e+02
1.500000e-06	2.599008e-06	2.681356e-09	1.946532e+01	1.572357e+02
1.510000e-06	2.628646e-06	2.717948e-09	1.968730e+01	1.595978e+02
1.520000e-06	2.657581e-06	2.753650e-09	1.990401e+01	1.619009e+02
1.530000e-06	2.685961e-06	2.798786e-09	2.011656e+01	1.641503e+02
1.540000e-06	2.713748e-06	2.843305e-09	2.032467e+01	1.663506e+02
1.550000e-06	2.740635e-06	2.877556e-09	2.052604e+01	1.685039e+02
1.560000e-06	2.766423e-06	2.908398e-09	2.071919e+01	1.706092e+02
1.570000e-06	2.791191e-06	2.945934e-09	2.090469e+01	1.726635e+02
1.580000e-06	2.815175e-06	2.984662e-09	2.108431e+01	1.746629e+02
1.590000e-06	2.838439e-06	3.014129e-09	2.125855e+01	1.766044e+02
1.600000e-06	2.860900e-06	3.040987e-09	2.142677e+01	1.784872e+02
1.610000e-06	2.882645e-06	3.076438e-09	2.158963e+01	1.803126e+02
1.620000e-06	2.903695e-06	3.114833e-09	2.174728e+01	1.820838e+02
1.630000e-06	2.924089e-06	3.144239e-09	2.190003e+01	1.838042e+02
1.640000e-06	2.943844e-06	3.169399e-09	2.204798e+01	1.854760e+02
1.650000e-06	2.962735e-06	3.200818e-09	2.218946e+01	1.870997e+02
1.660000e-06	2.980705e-06	3.233879e-09	2.232405e+01	1.886731e+02
1.670000e-06	2.997884e-06	3.256211e-09	2.245271e+01	1.901930e+02
1.680000e-06	3.014191e-06	3.272712e-09	2.257485e+01	1.916554e+02
1.690000e-06	3.029491e-06	3.295676e-09	2.268944e+01	1.930578e+02
1.700000e-06	3.043840e-06	3.322372e-09	2.279690e+01	1.943995e+02
1.710000e-06	3.057345e-06	3.343884e-09	2.289805e+01	1.956821e+02
1.720000e-06	3.070065e-06	3.362014e-09	2.299332e+01	1.969083e+02
1.730000e-06	3.081938e-06	3.385273e-09	2.308224e+01	1.980815e+02
1.740000e-06	3.092667e-06	3.411955e-09	2.316259e+01	1.992037e+02
1.750000e-06	3.102120e-06	3.432409e-09	2.323340e+01	2.002751e+02
1.760000e-06	3.110586e-06	3.445944e-09	2.329680e+01	2.012939e+02
1.770000e-06	3.118362e-06	3.458987e-09	2.335503e+01	2.022569e+02
1.780000e-06	3.125397e-06	3.474443e-09	2.340773e+01	2.031612e+02
1.790000e-06	3.131542e-06	3.489168e-09	2.345375e+01	2.040050e+02
1.800000e-06	3.136841e-06	3.498585e-09	2.349344e+01	2.047891e+02
1.810000e-06	3.141402e-06	3.509436e-09	2.352760e+01	2.055163e+02
1.820000e-06	3.145270e-06	3.525613e-09	2.355656e+01	2.061913e+02
1.830000e-06	3.148142e-06	3.541794e-09	2.357807e+01	2.068184e+02
1.840000e-06	3.149753e-06	3.553810e-09	2.359014e+01	2.074009e+02
1.850000e-06	3.150375e-06	3.562056e-09	2.359480e+01	2.079392e+02
1.860000e-06	3.150213e-06	3.569316e-09	2.359359e+01	2.084313e+02
1.870000e-06	3.149238e-06	3.576420e-09	2.358628e+01	2.088735e+02
1.880000e-06	3.147491e-06	3.580718e-09	2.357320e+01	2.092614e+02
1.890000e-06	3.144942e-06	3.581383e-09	2.355411e+01	2.095923e+02
1.900000e-06	3.141626e-06	3.585488e-09	2.352927e+01	2.098654e+02
1.910000e-06	3.137716e-06	3.590743e-09	2.349999e+01	2.100821e+02
1.920000e-06	3.133099e-06	3.582246e-09	2.346541e+01	2.102449e+02
1.930000e-06	3.127303e-06	3.586407e-09	2.342200e+01	2.103549e+02
1.940000e-06	3.120250e-06	3.662386e-09	2.336918e+01	2.104105e+02
1.950000e-06	3.112091e-06	3.695386e-09	2.330807e+01	2.104060e+02
1.960000e-06	3.102730e-06	3.572600e-09	2.323796e+01	2.103317e+02
1.970000e-06	3.092649e-06	3.507099e-09	2.316246e+01	2.101763e+02
1.980000e-06	3.082526e-06	3.628547e-09	2.308664e+01	2.099302e+02
1.990000e-06	3.071794e-06	3.655869e-09	2.300627e+01	2.095887e+02
2.000000e-06	3.059447e-06	3.474865e-09	2.291379e+01	2.091552e+02
2.010000e-06	3.045816e-06	3.464304e-09	2.281171e+01	2.086422e+02
2.020000e-06	3.031681e-06	3.592553e-09	2.270584e+01	2.080694e+02
2.030000e-06	3.016592e-06	3.452151e-09	2.259283e+01	2.074606e+02
2.040000e-06	3.000204e-06	3.336093e-09	2.247009e+01	2.068376e+02
2.050000e-06	2.983223e-06	3.544481e-09	2.234291e+01	2.062154e+02
2.060000e-06	2.965749e-06	3.502073e-09	2.221204e+01	2.055983e+02
2.070000e-06	2.947223e-06	3.184323e-09	2.207329e+01	2.049784e+02
2.080000e-06	2.927831e-06	3.339460e-09	2.192805e+01	2.043377e+02
2.090000e-06	2.907962e-06	3.596041e-09	2.177924e+01	2.036526e+02
2.100000e-06	2.887224e-06	3.345348e-09	2.162393e+01	2.028999e+02
2.110000e-06	2.865283e-06	3.185761e-09	2.145960e+01	2.020629e+02
2.120000e-06	2.842363e-06	3.412063e-09	2.128794e+01	2.011355e+02
2.130000e-06	2.818736e-06	3.469557e-09	2.111098e+01	2.001235e+02
2.140000e-06	2.794513e-06	3.255227e-09	2.092956e+01	1.990423e+02
2.150000e-06	2.769531e-06	3.131218e-09	2.074246e+01	1.979124e+02
2.160000e-06	2.743555e-06	3.234869e-09	2.054791e+01	1.967532e+02
2.170000e-06	2.716727e-06	3.408519e-09	2.034699e+01	1.955783e+02
2.180000e-06	2.689309e-06	3.289226e-09	2.014163e+01	1.943910e+02
2.190000e-06	2.661280e-06	3.028235e-09	1.993171e+01	1.931847e+02
2.200000e-06	2.632522e-06	3.145591e-09	1.971633e+01	1.919450e+02
2.210000e-06	2.602821e-06	3.316409e-09	1.949388e+01	1.906540e+02
2.220000e-06	2.572016e-06	3.141145e-09	1.926317e+01	1.892958e+02
2.230000e-06	2.540430e-06	2.986219e-09	1.902660e+01	1.878606e+02
2.240000e-06	2.508232e-06	3.051631e-09	1.878546e+01	1.863474e+02
2.250000e-06	2.475260e-06	3.169174e-09	1.853851e+01	1.847632e+02
2.260000e-06	2.441685e-06	3.149463e-09	1.828705e+01	1.831208e+02
2.270000e-06	2.407565e-06	2.917136e-09	1.803151e+01	1.814342e+02
2.280000e-06	2.372708e-06	2.836997e-09	1.777045e+01	1.797151e+02
2.290000e-06	2.337266e-06	3.046359e-09	1.750500e+01	1.779696e+02
2.300000e-06	2.301427e-06	3.045473e-09	1.723658e+01	1.761972e+02
2.310000e-06	2.265030e-06	2.796041e-09	1.696399e+01	1.743920e+02
2.320000e-06	2.227760e-06	2.752679e-09	1.668485e+01	1.725449e+02
2.330000e-06	2.189426e-06	2.912160e-09	1.639775e+01	1.706473e+02
2.340000e-06	2.150276e-06	2.922874e-09	1.610454e+01	1.686932e+02
2.350000e-06	2.110714e-06	2.703793e-09	1.580824e+01	1.666813e+02
2.360000e-06	2.070755e-06	2.589219e-09	1.550896e+01	1.646142e+02
2.370000e-06	2.030174e-06	2.737734e-09	1.520503e+01	1.624973e+02
2.380000e-06	1.988973e-06	2.791430e-09	1.489645e+01	1.603367e+02
2.390000e-06	1.947320e-06	2.588962e-09	1.458450e+01	1.581371e+02
2.400000e-06	1.905247e-06	2.464677e-09	1.426938e+01	1.559007e+02
2.410000e-06	1.862578e-06	2.573065e-09	1.394982e+01	1.536269e+02
2.420000e-06	1.819373e-06	2.625263e-09	1.362624e+01	1.513137e+02
2.430000e-06	1.775886e-06	2.451998e-09	1.330054e+01	1.489585e+02
2.440000e-06	1.732127e-06	2.318398e-09	1.297280e+01	1.465598e+02
2.450000e-06	1.687976e-06	2.400154e-09	1.264213e+01	1.441179e+02
2.460000e-06	1.643218e-06	2.461475e-09	1.230692e+01	1.416340e+02
2.470000e-06	1.597846e-06	2.324930e-09	1.196710e+01	1.391098e+02
2.480000e-06	1.551972e-06	2.169071e-09	1.162353e+01	1.365456e+02
2.490000e-06	1.505651e-06	2.199199e-09	1.127660e+01	1.339401e+02
2.500000e-06	1.459030e-06	2.268816e-09	1.092743e+01	1.312898e+02
2.510000e-06	1.412138e-06	2.153067e-09	1.057623e+01	1.285901e+02
2.520000e-06	1.364785e-06	1.997740e-09	1.022159e+01	1.258375e+02
2.530000e-06	1.316845e-06	2.011646e-09	9.862541e+00	1.230305e+02
2.540000e-06	1.268392e-06	2.072811e-09	9.499649e+00	1.201718e+02
2.550000e-06	1.219471e-06	1.985081e-09	9.133254e+00	1.172679e+02
2.560000e-06	1.170200e-06	1.830882e-09	8.764234e+00	1.143280e+02
2.570000e-06	1.120681e-06	1.805221e-09	8.393365e+00	1.113615e+02
2.580000e-06	1.070822e-06	1.852950e-09	8.019940e+00	1.083754e+02
2.590000e-06	1.020544e-06	1.782243e-09	7.643384e+00	1.053718e+02
2.600000e-06	9.699217e-07	1.638370e-09	7.264249e+00	1.023470e+02
2.610000e-06	9.190079e-07	1.597589e-09	6.882929e+00	9.929212e+01
2.620000e-06	8.678105e-07	1.631451e-09	6.499485e+00	9.619549e+01
2.630000e-06	8.164410e-07	1.580819e-09	6.114752e+00	9.304595e+01
2.640000e-06	7.649119e-07	1.450589e-09	5.728824e+00	8.983619e+01
2.650000e-06	7.131982e-07	1.390925e-09	5.341513e+00	8.656507e+01
2.660000e-06	6.613252e-07	1.404691e-09	4.953009e+00	8.323824e+01
2.670000e-06	6.092450e-07	1.356872e-09	4.562953e+00	7.986681e+01
2.680000e-06	5.569356e-07	1.233759e-09	4.171181e+00	7.646451e+01
2.690000e-06	5.044397e-07	1.157402e-09	3.778011e+00	7.304420e+01
2.700000e-06	4.517573e-07	1.158569e-09	3.383446e+00	6.961472e+01
2.710000e-06	3.989234e-07	1.123212e-09	2.987745e+00	6.617914e+01
2.720000e-06	3.458850e-07	1.018000e-09	2.590513e+00	6.273473e+01
2.730000e-06	2.926932e-07	9.431079e-10	2.192132e+00	5.927470e+01
2.740000e-06	2.395060e-07	9.312030e-10	1.793785e+00	5.579085e+01
2.750000e-06	1.862579e-07	8.942627e-10	1.394982e+00	5.227646e+01
2.760000e-06	1.328407e-07	7.956149e-10	9.949132e-01	4.872828e+01
2.770000e-06	7.932755e-08	7.101413e-10	5.941254e-01	4.514704e+01
2.780000e-06	2.577489e-08	6.791838e-10	1.930416e-01	4.153651e+01
2.790000e-06	-2.786262e-08	6.417170e-10	-2.086777e-01	3.790151e+01
2.800000e-06	-8.147556e-08	5.583329e-10	-6.102129e-01	3.424553e+01
2.810000e-06	-1.350795e-07	4.789951e-10	-1.011681e+00	3.056915e+01
2.820000e-06	-1.886305e-07	4.381210e-10	-1.412752e+00	2.686962e+01
2.830000e-06	-2.420134e-07	3.948538e-10	-1.812565e+00	2.314189e+01
2.840000e-06	-2.952044e-07	3.153285e-10	-2.210940e+00	1.938073e+01
2.850000e-06	-3.482539e-07	2.324403e-10	-2.608255e+00	1.558309e+01
2.860000e-06	-4.011909e-07	1.795627e-10	-3.004728e+00	1.174991e+01
2.870000e-06	-4.539687e-07	1.325188e-10	-3.400008e+00	7.886627e+00
2.880000e-06	-5.066380e-07	6.131201e-11	-3.794476e+00	4.002134e+00
2.890000e-06	-5.591010e-07	-1.683717e-11	-4.187399e+00	1.065262e-01
2.900000e-06	-6.113739e-07	-7.822195e-11	-4.578898e+00	-3.791629e+00
2.910000e-06	-6.634153e-07	-1.340877e-10	-4.968663e+00	-7.687524e+00
2.920000e-06	-7.152219e-07	-2.028919e-10	-5.356670e+00	-1.158103e+01
2.930000e-06	-7.669261e-07	-2.756403e-10	-5.743909e+00	-1.547594e+01
2.940000e-06	-8.184435e-07	-3.368971e-10	-6.129750e+00	-1.937769e+01
2.950000e-06	-8.696998e-07	-3.922113e-10	-6.513635e+00	-2.329035e+01
2.960000e-06	-9.207067e-07	-4.557836e-10	-6.895652e+00	-2.721389e+01
2.970000e-06	-9.714477e-07	-5.263362e-10	-7.275678e+00	-3.114277e+01
2.980000e-06	-1.021832e-06	-5.935676e-10	-7.653029e+00	-3.506630e+01
2.990000e-06	-1.071877e-06	-6.599190e-10	-8.027843e+00	-3.897089e+01
3.000000e-06	-1.121640e-06	-7.283785e-10	-8.400544e+00	-4.284349e+01
3.010000e-06	-1.171088e-06	-7.941974e-10	-8.770886e+00	-4.667507e+01
3.020000e-06	-1.220074e-06	-8.546430e-10	-9.137770e+00	-5.046297e+01
3.030000e-06	-1.268499e-06	-9.135584e-10	-9.500453e+00	-5.421141e+01
3.040000e-06	-1.316311e-06	-9.723534e-10	-9.858541e+00	-5.792969e+01
3.050000e-06	-1.363539e-06	-1.029723e-09	-1.021225e+01	-6.162868e+01
3.060000e-06	-1.410241e-06	-1.087851e-09	-1.056203e+01	-6.531672e+01
3.070000e-06	-1.456557e-06	-1.150849e-09	-1.090892e+01	-6.899610e+01
3.080000e-06	-1.502612e-06	-1.218285e-09	-1.125384e+01	-7.266139e+01
3.090000e-06	-1.548363e-06	-1.281515e-09	-1.159650e+01	-7.630018e+01
3.100000e-06	-1.593790e-06	-1.341560e-09	-1.193672e+01	-7.989613e+01
3.110000e-06	-1.638739e-06	-1.404496e-09	-1.227337e+01	-8.343340e+01
3.120000e-06	-1.683122e-06	-1.463591e-09	-1.260578e+01	-8.690117e+01
3.130000e-06	-1.727047e-06	-1.511222e-09	-1.293475e+01	-9.029678e+01
3.140000e-06	-1.770657e-06	-1.556540e-09	-1.326138e+01	-9.362656e+01
3.150000e-06	-1.814022e-06	-1.612836e-09	-1.358615e+01	-9.690409e+01
3.160000e-06	-1.857006e-06	-1.674400e-09	-1.390809e+01	-1.001462e+02
3.170000e-06	-1.899435e-06	-1.728664e-09	-1.422586e+01	-1.033681e+02
3.180000e-06	-1.941371e-06	-1.780488e-09	-1.453994e+01	-1.065791e+02
3.190000e-06	-1.982819e-06	-1.840049e-09	-1.485037e+01	-1.097799e+02
3.200000e-06	-2.023690e-06	-1.899647e-09	-1.515647e+01	-1.129625e+02
3.210000e-06	-2.064032e-06	-1.945168e-09	-1.545861e+01	-1.161127e+02
3.220000e-06	-2.103860e-06	-1.984590e-09	-1.575690e+01	-1.192143e+02
3.230000e-06	-2.143215e-06	-2.034585e-09	-1.605165e+01	-1.222535e+02
3.240000e-06	-2.182071e-06	-2.090848e-09	-1.634267e+01	-1.252228e+02
3.250000e-06	-2.220165e-06	-2.138705e-09	-1.662797e+01	-1.281224e+02
3.260000e-06	-2.257309e-06	-2.181246e-09	-1.690617e+01	-1.309598e+02
3.270000e-06	-2.293630e-06	-2.232161e-09	-1.717819e+01	-1.337467e+02
3.280000e-06	-2.329379e-06	-2.285612e-09	-1.744593e+01	-1.364954e+02
3.290000e-06	-2.364619e-06	-2.325800e-09	-1.770986e+01	-1.392152e+02
3.300000e-06	-2.399204e-06	-2.358852e-09	-1.796889e+01	-1.419094e+02
3.310000e-06	-2.433121e-06	-2.401904e-09	-1.822291e+01	-1.445752e+02
3.320000e-06	-2.466368e-06	-2.453064e-09	-1.847191e+01	-1.472045e+02
3.330000e-06	-2.498954e-06	-2.497979e-09	-1.871597e+01	-1.497871e+02
3.340000e-06	-2.530956e-06	-2.535442e-09	-1.895565e+01	-1.523135e+02
3.350000e-06	-2.562334e-06	-2.577260e-09	-1.919066e+01	-1.547772e+02
3.360000e-06	-2.592910e-06	-2.624140e-09	-1.941966e+01	-1.571766e+02
3.370000e-06	-2.622408e-06	-2.660954e-09	-1.964058e+01	-1.595139e+02
3.380000e-06	-2.650894e-06	-2.685721e-09	-1.985393e+01	-1.617942e+02
3.390000e-06	-2.678677e-06	-2.717780e-09	-2.006201e+01	-1.640229e+02
3.400000e-06	-2.705817e-06	-2.761598e-09	-2.026527e+01	-1.662035e+02
3.410000e-06	-2.732226e-06	-2.802956e-09	-2.046307e+01	-1.683371e+02
3.420000e-06	-2.757865e-06	-2.835500e-09	-2.065509e+01	-1.704217e+02
3.430000e-06	-2.782718e-06	-2.867595e-09	-2.084122e+01	-1.724538e+02
3.440000e-06	-2.806807e-06	-2.904390e-09	-2.102164e+01	-1.744298e+02
3.450000e-06	-2.830300e-06	-2.936010e-09	-2.119759e+01	-1.763473e+02
3.460000e-06	-2.853079e-06	-2.956356e-09	-2.136819e+01	-1.782063e+02
3.470000e-06	-2.874756e-06	-2.977000e-09	-2.153055e+01	-1.800090e+02
3.480000e-06	-2.895307e-06	-3.008574e-09	-2.168447e+01	-1.817588e+02
3.490000e-06	-2.915107e-06	-3.044329e-09	-2.183275e+01	-1.834588e+02
3.500000e-06	-2.934299e-06	-3.073525e-09	-2.197649e+01	-1.851107e+02
3.510000e-06	-2.952716e-06	-3.099242e-09	-2.211443e+01	-1.867138e+02
3.520000e-06	-2.970357e-06	-3.129309e-09	-2.224655e+01	-1.882657e+02
3.530000e-06	-2.987218e-06	-3.158361e-09	-2.237283e+01	-1.897624e+02
3.540000e-06	-3.003324e-06	-3.175494e-09	-2.249346e+01	-1.912006e+02
3.550000e-06	-3.018786e-06	-3.187313e-09	-2.260926e+01	-1.925782e+02
3.560000e-06	-3.033334e-06	-3.207523e-09	-2.271822e+01	-1.938954e+02
3.570000e-06	-3.046609e-06	-3.233768e-09	-2.281764e+01	-1.951545e+02
3.580000e-06	-3.058674e-06	-3.254752e-09	-2.290800e+01	-1.963585e+02
3.590000e-06	-3.069803e-06	-3.270663e-09	-2.299135e+01	-1.975104e+02
3.600000e-06	-3.080117e-06	-3.292307e-09	-2.306860e+01	-1.986117e+02
3.610000e-06	-3.089585e-06	-3.317244e-09	-2.313951e+01	-1.996617e+02
3.620000e-06	-3.098233e-06	-3.333279e-09	-2.320428e+01	-2.006580e+02
3.630000e-06	-3.106174e-06	-3.340360e-09	-2.326376e+01	-2.015973e+02
3.640000e-06	-3.113398e-06	-3.351067e-09	-2.331786e+01	-2.024770e+02
3.650000e-06	-3.119643e-06	-3.367071e-09	-2.336463e+01	-2.032962e+02
3.660000e-06	-3.124702e-06	-3.377785e-09	-2.340252e+01	-2.040565e+02
3.670000e-06	-3.128742e-06	-3.384752e-09	-2.343278e+01	-2.047616e+02
3.680000e-06	-3.132001e-06	-3.398097e-09	-2.345719e+01	-2.054162e+02
3.690000e-06	-3.134518e-06	-3.415929e-09	-2.347604e+01	-2.060244e+02
3.700000e-06	-3.136213e-06	-3.428046e-09	-2.348873e+01	-2.065884e+02
3.710000e-06	-3.136983e-06	-3.435184e-09	-2.349450e+01	-2.071078e+02
