# Temperatura_=_20.0
# Concentracion g/m^3_=_12000.0
# C_Vs_to_Am_M_A/Vsm_=_59384043850.047264
# pendiente_HvsI_1/m_=_3716.3
# ordenada_HvsI_A/m_=_1297.0
# frecuencia_Hz_=_269411.9169885442

Tiempo_(s)	Campo_(V.s)	Magnetizacion_(V.s)	Campo_(kA/m)	Magnetizacion_(A/m)
0.000000e+00	-3.143149e-06	-1.884455e-10	-2.349124e+01	-1.394059e+01
1.000000e-08	-3.142958e-06	-1.902225e-10	-2.348981e+01	-1.393704e+01
2.000000e-08	-3.142135e-06	-1.925939e-10	-2.348367e+01	-1.391385e+01
3.000000e-08	-3.140343e-06	-1.908737e-10	-2.347027e+01	-1.387465e+01
4.000000e-08	-3.137375e-06	-1.859996e-10	-2.344809e+01	-1.382770e+01
5.000000e-08	-3.133493e-06	-1.840844e-10	-2.341908e+01	-1.378342e+01
6.000000e-08	-3.128922e-06	-1.877568e-10	-2.338491e+01	-1.375096e+01
7.000000e-08	-3.123578e-06	-1.909021e-10	-2.334497e+01	-1.373481e+01
8.000000e-08	-3.117278e-06	-1.677000e-10	-2.329789e+01	-1.373272e+01
9.000000e-08	-3.109936e-06	-1.346487e-10	-2.324302e+01	-1.373554e+01
1.000000e-07	-3.101616e-06	-1.761721e-10	-2.318084e+01	-1.372942e+01
1.100000e-07	-3.092517e-06	-2.335697e-10	-2.311283e+01	-1.369968e+01
1.200000e-07	-3.082680e-06	-2.163745e-10	-2.303931e+01	-1.363531e+01
1.300000e-07	-3.071883e-06	-1.274245e-10	-2.295861e+01	-1.353274e+01
1.400000e-07	-3.059957e-06	-1.816276e-10	-2.286948e+01	-1.339770e+01
1.500000e-07	-3.047111e-06	-2.558709e-10	-2.277347e+01	-1.324435e+01
1.600000e-07	-3.033409e-06	-1.756742e-10	-2.267107e+01	-1.309193e+01
1.700000e-07	-3.018503e-06	-1.866682e-10	-2.255967e+01	-1.295968e+01
1.800000e-07	-3.002407e-06	-2.649658e-10	-2.243936e+01	-1.286150e+01
1.900000e-07	-2.985489e-06	-2.767161e-10	-2.231293e+01	-1.280190e+01
2.000000e-07	-2.967860e-06	-1.979164e-10	-2.218117e+01	-1.277444e+01
2.100000e-07	-2.949306e-06	-2.328508e-10	-2.204250e+01	-1.276311e+01
2.200000e-07	-2.929980e-06	-2.952735e-10	-2.189806e+01	-1.274641e+01
2.300000e-07	-2.910062e-06	-2.063967e-10	-2.174919e+01	-1.270294e+01
2.400000e-07	-2.889420e-06	-1.646174e-10	-2.159492e+01	-1.261694e+01
2.500000e-07	-2.868056e-06	-2.427196e-10	-2.143525e+01	-1.248228e+01
2.600000e-07	-2.845938e-06	-2.948965e-10	-2.126995e+01	-1.230373e+01
2.700000e-07	-2.823009e-06	-2.408914e-10	-2.109858e+01	-1.209543e+01
2.800000e-07	-2.799292e-06	-1.483318e-10	-2.092133e+01	-1.187682e+01
2.900000e-07	-2.774879e-06	-1.920285e-10	-2.073887e+01	-1.166748e+01
3.000000e-07	-2.749740e-06	-3.092463e-10	-2.055098e+01	-1.148226e+01
3.100000e-07	-2.723618e-06	-2.501572e-10	-2.035575e+01	-1.132806e+01
3.200000e-07	-2.696416e-06	-1.339217e-10	-2.015245e+01	-1.120307e+01
3.300000e-07	-2.668361e-06	-1.919095e-10	-1.994277e+01	-1.109835e+01
3.400000e-07	-2.639672e-06	-3.306431e-10	-1.972836e+01	-1.100134e+01
3.500000e-07	-2.610349e-06	-2.747043e-10	-1.950921e+01	-1.089982e+01
3.600000e-07	-2.580306e-06	-1.139431e-10	-1.928467e+01	-1.078530e+01
3.700000e-07	-2.549496e-06	-1.242178e-10	-1.905440e+01	-1.065481e+01
3.800000e-07	-2.517966e-06	-3.007681e-10	-1.881876e+01	-1.051066e+01
3.900000e-07	-2.485883e-06	-3.189254e-10	-1.857897e+01	-1.035862e+01
4.000000e-07	-2.453328e-06	-1.224338e-10	-1.833566e+01	-1.020509e+01
4.100000e-07	-2.420038e-06	-1.116868e-10	-1.808686e+01	-1.005451e+01
4.200000e-07	-2.385644e-06	-3.058101e-10	-1.782980e+01	-9.907680e+00
4.300000e-07	-2.350223e-06	-3.101181e-10	-1.756508e+01	-9.761703e+00
4.400000e-07	-2.314157e-06	-1.055393e-10	-1.729553e+01	-9.611278e+00
4.500000e-07	-2.277621e-06	-8.649380e-11	-1.702246e+01	-9.450918e+00
4.600000e-07	-2.240589e-06	-2.626888e-10	-1.674569e+01	-9.277190e+00
4.700000e-07	-2.202938e-06	-3.012476e-10	-1.646430e+01	-9.090173e+00
4.800000e-07	-2.164655e-06	-1.404203e-10	-1.617818e+01	-8.893621e+00
4.900000e-07	-2.125781e-06	-6.646074e-11	-1.588764e+01	-8.693780e+00
5.000000e-07	-2.086247e-06	-2.083253e-10	-1.559218e+01	-8.497297e+00
5.100000e-07	-2.046204e-06	-2.892041e-10	-1.529290e+01	-8.308968e+00
5.200000e-07	-2.005877e-06	-1.582447e-10	-1.499151e+01	-8.130098e+00
5.300000e-07	-1.965144e-06	-5.857208e-11	-1.468708e+01	-7.958052e+00
5.400000e-07	-1.923685e-06	-1.725629e-10	-1.437722e+01	-7.787136e+00
5.500000e-07	-1.881283e-06	-2.681038e-10	-1.406032e+01	-7.610495e+00
5.600000e-07	-1.838024e-06	-1.597017e-10	-1.373701e+01	-7.422367e+00
5.700000e-07	-1.794226e-06	-4.438143e-11	-1.340967e+01	-7.219932e+00
5.800000e-07	-1.750094e-06	-1.235349e-10	-1.307984e+01	-7.004121e+00
5.900000e-07	-1.705650e-06	-2.440681e-10	-1.274767e+01	-6.779143e+00
6.000000e-07	-1.660764e-06	-1.793386e-10	-1.241220e+01	-6.550917e+00
6.100000e-07	-1.615351e-06	-5.414157e-11	-1.207280e+01	-6.324975e+00
6.200000e-07	-1.569456e-06	-9.546106e-11	-1.172979e+01	-6.104575e+00
6.300000e-07	-1.523085e-06	-2.118969e-10	-1.138322e+01	-5.889676e+00
6.400000e-07	-1.476243e-06	-1.695367e-10	-1.103313e+01	-5.677137e+00
6.500000e-07	-1.428963e-06	-4.906498e-11	-1.067978e+01	-5.462055e+00
6.600000e-07	-1.381303e-06	-7.046528e-11	-1.032357e+01	-5.239776e+00
6.700000e-07	-1.333327e-06	-1.795201e-10	-9.965006e+00	-5.007862e+00
6.800000e-07	-1.285049e-06	-1.651282e-10	-9.604188e+00	-4.767332e+00
6.900000e-07	-1.236468e-06	-5.120254e-11	-9.241105e+00	-4.522715e+00
7.000000e-07	-1.187455e-06	-4.413806e-11	-8.874789e+00	-4.280877e+00
7.100000e-07	-1.137888e-06	-1.378665e-10	-8.504337e+00	-4.048985e+00
7.200000e-07	-1.087692e-06	-1.490978e-10	-8.129181e+00	-3.832274e+00
7.300000e-07	-1.036970e-06	-5.835885e-11	-7.750099e+00	-3.632358e+00
7.400000e-07	-9.858332e-07	-3.546101e-11	-7.367913e+00	-3.446625e+00
7.500000e-07	-9.342315e-07	-1.064145e-10	-6.982252e+00	-3.268937e+00
7.600000e-07	-8.823278e-07	-1.237697e-10	-6.594335e+00	-3.091403e+00
7.700000e-07	-8.302452e-07	-5.033118e-11	-6.205080e+00	-2.906646e+00
7.800000e-07	-7.779704e-07	-1.596801e-11	-5.814389e+00	-2.709870e+00
7.900000e-07	-7.255176e-07	-7.359684e-11	-5.422367e+00	-2.500056e+00
8.000000e-07	-6.729008e-07	-1.076843e-10	-5.029120e+00	-2.279962e+00
8.100000e-07	-6.201134e-07	-5.861750e-11	-4.634599e+00	-2.054967e+00
8.200000e-07	-5.671204e-07	-1.726323e-11	-4.238540e+00	-1.831178e+00
8.300000e-07	-5.139550e-07	-5.081168e-11	-3.841193e+00	-1.613440e+00
8.400000e-07	-4.606141e-07	-8.049130e-11	-3.442534e+00	-1.403889e+00
8.500000e-07	-4.070811e-07	-4.244403e-11	-3.042439e+00	-1.201480e+00
8.600000e-07	-3.535152e-07	-7.055304e-14	-2.642099e+00	-1.002597e+00
8.700000e-07	-2.999388e-07	-1.933196e-11	-2.241680e+00	-8.024493e-01
8.800000e-07	-2.462021e-07	-5.294110e-11	-1.840063e+00	-5.967590e-01
8.900000e-07	-1.923289e-07	-3.395839e-11	-1.437426e+00	-3.831408e-01
9.000000e-07	-1.384551e-07	1.319264e-12	-1.034784e+00	-1.617224e-01
9.100000e-07	-8.461639e-08	-6.066968e-12	-6.324053e-01	6.515533e-02
9.200000e-07	-3.079961e-08	-3.186116e-11	-2.301898e-01	2.939952e-01
9.300000e-07	2.306998e-08	-2.009242e-11	1.724203e-01	5.215316e-01
9.400000e-07	7.697937e-08	1.154301e-11	5.753278e-01	7.459237e-01
9.500000e-07	1.308111e-07	1.373854e-11	9.776548e-01	9.673186e-01
9.600000e-07	1.845966e-07	-4.366251e-12	1.379636e+00	1.187591e+00
9.700000e-07	2.384302e-07	-1.405596e-13	1.781978e+00	1.409376e+00
9.800000e-07	2.922486e-07	2.373774e-11	2.184205e+00	1.634771e+00
9.900000e-07	3.459308e-07	3.131838e-11	2.585415e+00	1.864207e+00
1.000000e-06	3.994477e-07	1.970915e-11	2.985389e+00	2.095930e+00
1.010000e-06	4.529034e-07	1.684222e-11	3.384905e+00	2.326315e+00
1.020000e-06	5.062847e-07	3.228853e-11	3.783867e+00	2.550934e+00
1.030000e-06	5.594557e-07	4.159122e-11	4.181255e+00	2.766025e+00
1.040000e-06	6.124236e-07	3.619411e-11	4.577126e+00	2.969862e+00
1.050000e-06	6.652194e-07	3.573322e-11	4.971711e+00	3.163540e+00
1.060000e-06	7.178674e-07	5.071409e-11	5.365192e+00	3.350882e+00
1.070000e-06	7.703033e-07	6.447111e-11	5.757087e+00	3.537484e+00
1.080000e-06	8.224798e-07	6.415163e-11	6.147043e+00	3.729188e+00
1.090000e-06	8.744786e-07	5.934264e-11	6.535671e+00	3.930485e+00
1.100000e-06	9.262436e-07	6.045618e-11	6.922552e+00	4.143354e+00
1.110000e-06	9.776260e-07	6.661119e-11	7.306573e+00	4.366918e+00
1.120000e-06	1.028594e-06	7.052354e-11	7.687494e+00	4.597987e+00
1.130000e-06	1.079053e-06	7.174703e-11	8.064616e+00	4.832299e+00
1.140000e-06	1.128954e-06	7.628505e-11	8.437570e+00	5.065987e+00
1.150000e-06	1.178339e-06	8.663184e-11	8.806658e+00	5.296787e+00
1.160000e-06	1.227234e-06	9.702630e-11	9.172091e+00	5.524551e+00
1.170000e-06	1.275736e-06	1.008685e-10	9.534583e+00	5.750924e+00
1.180000e-06	1.323977e-06	9.826219e-11	9.895128e+00	5.978306e+00
1.190000e-06	1.371923e-06	9.908222e-11	1.025347e+01	6.208503e+00
1.200000e-06	1.419494e-06	1.079364e-10	1.060900e+01	6.441551e+00
1.210000e-06	1.466666e-06	1.151431e-10	1.096155e+01	6.675192e+00
1.220000e-06	1.513344e-06	1.152221e-10	1.131042e+01	6.905184e+00
1.230000e-06	1.559527e-06	1.152177e-10	1.165558e+01	7.126420e+00
1.240000e-06	1.605247e-06	1.235760e-10	1.199728e+01	7.334467e+00
1.250000e-06	1.650496e-06	1.346791e-10	1.233546e+01	7.527057e+00
1.260000e-06	1.695333e-06	1.366957e-10	1.267057e+01	7.705001e+00
1.270000e-06	1.739834e-06	1.340453e-10	1.300316e+01	7.872222e+00
1.280000e-06	1.784066e-06	1.400089e-10	1.333373e+01	8.034868e+00
1.290000e-06	1.828034e-06	1.509999e-10	1.366235e+01	8.199748e+00
1.300000e-06	1.871485e-06	1.512554e-10	1.398709e+01	8.372579e+00
1.310000e-06	1.914084e-06	1.447166e-10	1.430546e+01	8.556531e+00
1.320000e-06	1.955788e-06	1.484371e-10	1.461715e+01	8.751516e+00
1.330000e-06	1.996791e-06	1.609937e-10	1.492360e+01	8.954361e+00
1.340000e-06	2.037306e-06	1.664915e-10	1.522640e+01	9.159770e+00
1.350000e-06	2.077377e-06	1.640617e-10	1.552589e+01	9.361732e+00
1.360000e-06	2.116982e-06	1.701366e-10	1.582189e+01	9.554934e+00
1.370000e-06	2.156095e-06	1.842616e-10	1.611420e+01	9.735779e+00
1.380000e-06	2.194584e-06	1.893061e-10	1.640186e+01	9.902785e+00
1.390000e-06	2.232406e-06	1.826315e-10	1.668454e+01	1.005637e+01
1.400000e-06	2.269592e-06	1.804255e-10	1.696246e+01	1.019823e+01
1.410000e-06	2.306261e-06	1.879116e-10	1.723652e+01	1.033064e+01
1.420000e-06	2.342510e-06	1.933759e-10	1.750743e+01	1.045593e+01
1.430000e-06	2.378255e-06	1.907656e-10	1.777458e+01	1.057631e+01
1.440000e-06	2.413211e-06	1.927436e-10	1.803583e+01	1.069406e+01
1.450000e-06	2.447111e-06	2.059301e-10	1.828920e+01	1.081179e+01
1.460000e-06	2.480106e-06	2.145707e-10	1.853580e+01	1.093255e+01
1.470000e-06	2.512440e-06	2.095112e-10	1.877745e+01	1.105969e+01
1.480000e-06	2.544175e-06	2.050348e-10	1.901463e+01	1.119615e+01
1.490000e-06	2.575245e-06	2.134717e-10	1.924684e+01	1.134363e+01
1.500000e-06	2.605633e-06	2.224132e-10	1.947396e+01	1.150167e+01
1.510000e-06	2.635283e-06	2.196197e-10	1.969556e+01	1.166722e+01
1.520000e-06	2.664195e-06	2.151324e-10	1.991164e+01	1.183481e+01
1.530000e-06	2.692581e-06	2.228579e-10	2.012379e+01	1.199745e+01
1.540000e-06	2.720361e-06	2.335214e-10	2.033141e+01	1.214810e+01
1.550000e-06	2.747263e-06	2.338355e-10	2.053247e+01	1.228133e+01
1.560000e-06	2.773092e-06	2.321964e-10	2.072551e+01	1.239461e+01
1.570000e-06	2.797943e-06	2.387345e-10	2.091125e+01	1.248887e+01
1.580000e-06	2.822037e-06	2.467761e-10	2.109132e+01	1.256810e+01
1.590000e-06	2.845376e-06	2.445638e-10	2.126575e+01	1.263817e+01
1.600000e-06	2.867956e-06	2.381923e-10	2.143450e+01	1.270507e+01
1.610000e-06	2.889700e-06	2.403868e-10	2.159702e+01	1.277327e+01
1.620000e-06	2.910661e-06	2.474598e-10	2.175368e+01	1.284470e+01
1.630000e-06	2.930993e-06	2.493871e-10	2.190563e+01	1.291857e+01
1.640000e-06	2.950692e-06	2.469870e-10	2.205286e+01	1.299219e+01
1.650000e-06	2.969614e-06	2.509255e-10	2.219428e+01	1.306239e+01
1.660000e-06	2.987614e-06	2.598661e-10	2.232880e+01	1.312708e+01
1.670000e-06	3.004806e-06	2.612692e-10	2.245729e+01	1.318630e+01
1.680000e-06	3.021209e-06	2.569897e-10	2.257989e+01	1.324244e+01
1.690000e-06	3.036642e-06	2.580870e-10	2.269523e+01	1.329945e+01
1.700000e-06	3.051051e-06	2.644843e-10	2.280292e+01	1.336138e+01
1.710000e-06	3.064521e-06	2.666609e-10	2.290359e+01	1.343066e+01
1.720000e-06	3.077176e-06	2.626367e-10	2.299818e+01	1.350684e+01
1.730000e-06	3.088970e-06	2.624602e-10	2.308632e+01	1.358635e+01
1.740000e-06	3.099675e-06	2.679815e-10	2.316633e+01	1.366322e+01
1.750000e-06	3.109176e-06	2.723997e-10	2.323733e+01	1.373084e+01
1.760000e-06	3.117712e-06	2.739261e-10	2.330113e+01	1.378406e+01
1.770000e-06	3.125501e-06	2.763614e-10	2.335934e+01	1.382090e+01
1.780000e-06	3.132504e-06	2.806681e-10	2.341168e+01	1.384331e+01
1.790000e-06	3.138602e-06	2.823256e-10	2.345726e+01	1.385663e+01
1.800000e-06	3.143804e-06	2.784512e-10	2.349614e+01	1.386780e+01
1.810000e-06	3.148287e-06	2.745575e-10	2.352965e+01	1.388303e+01
1.820000e-06	3.152056e-06	2.740469e-10	2.355781e+01	1.390551e+01
1.830000e-06	3.154814e-06	2.756283e-10	2.357842e+01	1.393415e+01
1.840000e-06	3.156385e-06	2.777573e-10	2.359016e+01	1.396369e+01
1.850000e-06	3.157005e-06	2.806684e-10	2.359480e+01	1.398636e+01
1.860000e-06	3.156840e-06	2.838315e-10	2.359357e+01	1.399456e+01
1.870000e-06	3.155844e-06	2.853534e-10	2.358612e+01	1.398360e+01
1.880000e-06	3.154050e-06	2.827860e-10	2.357271e+01	1.395373e+01
1.890000e-06	3.151491e-06	2.790013e-10	2.355359e+01	1.391051e+01
1.900000e-06	3.148207e-06	2.789112e-10	2.352904e+01	1.386336e+01
1.910000e-06	3.144263e-06	2.772694e-10	2.349957e+01	1.382266e+01
1.920000e-06	3.139459e-06	2.697023e-10	2.346366e+01	1.379616e+01
1.930000e-06	3.133542e-06	2.934538e-10	2.341944e+01	1.378598e+01
1.940000e-06	3.126510e-06	3.336309e-10	2.336689e+01	1.378716e+01
1.950000e-06	3.118281e-06	2.852732e-10	2.330538e+01	1.378843e+01
1.960000e-06	3.108815e-06	2.309588e-10	2.323464e+01	1.377511e+01
1.970000e-06	3.098717e-06	2.474162e-10	2.315917e+01	1.373338e+01
1.980000e-06	3.088440e-06	3.300075e-10	2.308236e+01	1.365465e+01
1.990000e-06	3.077378e-06	2.766683e-10	2.299968e+01	1.353877e+01
2.000000e-06	3.064811e-06	2.033447e-10	2.290576e+01	1.339487e+01
2.010000e-06	3.051179e-06	2.989247e-10	2.280387e+01	1.323953e+01
2.020000e-06	3.037008e-06	2.791325e-10	2.269796e+01	1.309263e+01
2.030000e-06	3.021786e-06	1.519429e-10	2.258420e+01	1.297200e+01
2.040000e-06	3.005414e-06	1.333073e-10	2.246184e+01	1.288838e+01
2.050000e-06	2.988436e-06	2.410073e-10	2.233495e+01	1.284220e+01
2.060000e-06	2.970817e-06	2.039252e-10	2.220327e+01	1.282310e+01
2.070000e-06	2.952260e-06	1.234171e-10	2.206457e+01	1.281243e+01
2.080000e-06	2.932931e-06	2.294229e-10	2.192012e+01	1.278805e+01
2.090000e-06	2.912995e-06	2.898088e-10	2.177112e+01	1.273006e+01
2.100000e-06	2.892128e-06	1.951906e-10	2.161516e+01	1.262598e+01
2.110000e-06	2.870069e-06	1.104529e-10	2.145030e+01	1.247377e+01
2.120000e-06	2.847012e-06	1.402056e-10	2.127797e+01	1.228206e+01
2.130000e-06	2.823283e-06	2.686608e-10	2.110063e+01	1.206752e+01
2.140000e-06	2.799007e-06	2.249049e-10	2.091920e+01	1.185029e+01
2.150000e-06	2.773897e-06	4.545004e-11	2.073153e+01	1.164866e+01
2.160000e-06	2.747771e-06	1.256831e-10	2.053627e+01	1.147478e+01
2.170000e-06	2.720891e-06	3.018972e-10	2.033537e+01	1.133223e+01
2.180000e-06	2.693405e-06	1.874516e-10	2.012995e+01	1.121620e+01
2.190000e-06	2.665261e-06	9.404387e-12	1.991961e+01	1.111595e+01
2.200000e-06	2.636357e-06	1.131455e-10	1.970359e+01	1.101858e+01
2.210000e-06	2.606418e-06	2.735479e-10	1.947983e+01	1.091294e+01
2.220000e-06	2.575444e-06	2.200800e-10	1.924834e+01	1.079250e+01
2.230000e-06	2.543790e-06	2.452241e-11	1.901176e+01	1.065641e+01
2.240000e-06	2.511490e-06	3.015945e-11	1.877035e+01	1.050857e+01
2.250000e-06	2.478472e-06	2.580310e-10	1.852359e+01	1.035531e+01
2.260000e-06	2.444888e-06	2.378654e-10	1.827258e+01	1.020258e+01
2.270000e-06	2.410672e-06	-5.315849e-12	1.801686e+01	1.005356e+01
2.280000e-06	2.375728e-06	3.237070e-11	1.775570e+01	9.907595e+00
2.290000e-06	2.340278e-06	2.692559e-10	1.749075e+01	9.760670e+00
2.300000e-06	2.304409e-06	2.307076e-10	1.722267e+01	9.607132e+00
2.310000e-06	2.267929e-06	4.565155e-12	1.695003e+01	9.442028e+00
2.320000e-06	2.230471e-06	-2.940172e-13	1.667008e+01	9.263135e+00
2.330000e-06	2.191961e-06	2.004665e-10	1.638226e+01	9.071967e+00
2.340000e-06	2.152743e-06	2.292426e-10	1.608915e+01	8.873412e+00
2.350000e-06	2.113091e-06	3.593986e-11	1.579280e+01	8.674140e+00
2.360000e-06	2.073021e-06	-3.220689e-12	1.549332e+01	8.480352e+00
2.370000e-06	2.032390e-06	1.751773e-10	1.518966e+01	8.295669e+00
2.380000e-06	1.991183e-06	2.226296e-10	1.488168e+01	8.119899e+00
2.390000e-06	1.949507e-06	4.583528e-11	1.457021e+01	7.949091e+00
2.400000e-06	1.907356e-06	-2.413715e-11	1.425518e+01	7.776857e+00
2.410000e-06	1.864651e-06	1.329423e-10	1.393601e+01	7.596493e+00
2.420000e-06	1.821438e-06	2.161558e-10	1.361305e+01	7.403169e+00
2.430000e-06	1.777864e-06	7.434714e-11	1.328739e+01	7.195446e+00
2.440000e-06	1.733990e-06	-3.205056e-11	1.295948e+01	6.975605e+00
2.450000e-06	1.689688e-06	8.357019e-11	1.262838e+01	6.748724e+00
2.460000e-06	1.644767e-06	1.881328e-10	1.229264e+01	6.520830e+00
2.470000e-06	1.599236e-06	7.840577e-11	1.195235e+01	6.296788e+00
2.480000e-06	1.553293e-06	-3.652056e-11	1.160899e+01	6.078675e+00
2.490000e-06	1.506984e-06	6.239673e-11	1.126288e+01	5.865199e+00
2.500000e-06	1.460332e-06	1.740477e-10	1.091422e+01	5.652350e+00
2.510000e-06	1.413338e-06	8.242942e-11	1.056299e+01	5.435070e+00
2.520000e-06	1.365816e-06	-4.270835e-11	1.020783e+01	5.209330e+00
2.530000e-06	1.317729e-06	1.857957e-11	9.848434e+00	4.973900e+00
2.540000e-06	1.269099e-06	1.330542e-10	9.484981e+00	4.731180e+00
2.550000e-06	1.219999e-06	7.976256e-11	9.118016e+00	4.486771e+00
2.560000e-06	1.170580e-06	-3.187728e-11	8.748673e+00	4.247916e+00
2.570000e-06	1.120877e-06	4.705058e-12	8.377204e+00	4.021306e+00
2.580000e-06	1.070865e-06	1.072486e-10	8.003422e+00	3.810967e+00
2.590000e-06	1.020470e-06	7.704377e-11	7.626784e+00	3.616929e+00
2.600000e-06	9.696909e-07	-2.392269e-11	7.247268e+00	3.435110e+00
2.610000e-06	9.186322e-07	-1.029698e-11	6.865666e+00	3.258463e+00
2.620000e-06	8.673857e-07	7.883330e-11	6.482660e+00	3.079021e+00
2.630000e-06	8.159243e-07	6.817965e-11	6.098048e+00	2.890167e+00
2.640000e-06	7.643083e-07	-2.289985e-11	5.712281e+00	2.688441e+00
2.650000e-06	7.125413e-07	-2.954757e-11	5.325385e+00	2.474308e+00
2.660000e-06	6.605811e-07	4.632041e-11	4.937046e+00	2.251697e+00
2.670000e-06	6.084665e-07	5.715055e-11	4.547552e+00	2.026502e+00
2.680000e-06	5.561459e-07	-1.235085e-11	4.156519e+00	1.804573e+00
2.690000e-06	5.036003e-07	-2.956912e-11	3.763804e+00	1.589863e+00
2.700000e-06	4.507991e-07	2.625157e-11	3.369179e+00	1.383310e+00
2.710000e-06	3.977568e-07	3.919479e-11	2.972751e+00	1.182783e+00
2.720000e-06	3.445534e-07	-1.781794e-11	2.575121e+00	9.840311e-01
2.730000e-06	2.912250e-07	-4.300717e-11	2.176555e+00	7.822640e-01
2.740000e-06	2.377857e-07	-7.173544e-13	1.777161e+00	5.737852e-01
2.750000e-06	1.842207e-07	2.120363e-11	1.376827e+00	3.571282e-01
2.760000e-06	1.305184e-07	-1.689311e-11	9.754675e-01	1.333332e-01
2.770000e-06	7.675211e-08	-4.396286e-11	5.736293e-01	-9.467250e-02
2.780000e-06	2.296626e-08	-1.682964e-11	1.716451e-01	-3.233149e-01
2.790000e-06	-3.087087e-08	3.908078e-12	-2.307225e-01	-5.497491e-01
2.800000e-06	-8.466523e-08	-2.371131e-11	-6.327703e-01	-7.728572e-01
2.810000e-06	-1.384122e-07	-5.114199e-11	-1.034464e+00	-9.935080e-01
2.820000e-06	-1.921426e-07	-3.894902e-11	-1.436034e+00	-1.214003e+00
2.830000e-06	-2.457545e-07	-2.230872e-11	-1.836718e+00	-1.436929e+00
2.840000e-06	-2.992199e-07	-3.896855e-11	-2.236307e+00	-1.663867e+00
2.850000e-06	-3.525581e-07	-5.938391e-11	-2.634946e+00	-1.894447e+00
2.860000e-06	-4.056735e-07	-5.261885e-11	-3.031919e+00	-2.126130e+00
2.870000e-06	-4.585233e-07	-3.929416e-11	-3.426908e+00	-2.354833e+00
2.880000e-06	-5.112003e-07	-4.624059e-11	-3.820604e+00	-2.576200e+00
2.890000e-06	-5.637350e-07	-6.104874e-11	-4.213238e+00	-2.787095e+00
2.900000e-06	-6.160879e-07	-6.026032e-11	-4.604513e+00	-2.986800e+00
2.910000e-06	-6.681921e-07	-5.370534e-11	-4.993929e+00	-3.177495e+00
2.920000e-06	-7.200883e-07	-5.946616e-11	-5.381790e+00	-3.363818e+00
2.930000e-06	-7.718002e-07	-7.206867e-11	-5.768274e+00	-3.551652e+00
2.940000e-06	-8.232951e-07	-7.527153e-11	-6.153136e+00	-3.746509e+00
2.950000e-06	-8.745579e-07	-7.149375e-11	-6.536264e+00	-3.952032e+00
2.960000e-06	-9.255800e-07	-7.250932e-11	-6.917593e+00	-4.169124e+00
2.970000e-06	-9.763459e-07	-7.792900e-11	-7.297006e+00	-4.395929e+00
2.980000e-06	-1.026783e-06	-8.057213e-11	-7.673962e+00	-4.628689e+00
2.990000e-06	-1.076887e-06	-8.284703e-11	-8.048431e+00	-4.863118e+00
3.000000e-06	-1.126676e-06	-8.789664e-11	-8.420539e+00	-5.095842e+00
3.010000e-06	-1.176143e-06	-9.252527e-11	-8.790251e+00	-5.325372e+00
3.020000e-06	-1.225211e-06	-9.677256e-11	-9.156974e+00	-5.552317e+00
3.030000e-06	-1.273647e-06	-1.022856e-10	-9.518972e+00	-5.778754e+00
3.040000e-06	-1.321431e-06	-1.059301e-10	-9.876104e+00	-6.007018e+00
3.050000e-06	-1.368656e-06	-1.042238e-10	-1.022905e+01	-6.238364e+00
3.060000e-06	-1.415384e-06	-1.051054e-10	-1.057829e+01	-6.471986e+00
3.070000e-06	-1.461744e-06	-1.119159e-10	-1.092477e+01	-6.704797e+00
3.080000e-06	-1.507777e-06	-1.166692e-10	-1.126881e+01	-6.932068e+00
3.090000e-06	-1.553531e-06	-1.139443e-10	-1.161077e+01	-7.148753e+00
3.100000e-06	-1.598982e-06	-1.141582e-10	-1.195046e+01	-7.351081e+00
3.110000e-06	-1.643944e-06	-1.237796e-10	-1.228650e+01	-7.537871e+00
3.120000e-06	-1.688383e-06	-1.319816e-10	-1.261863e+01	-7.711150e+00
3.130000e-06	-1.732398e-06	-1.290161e-10	-1.294758e+01	-7.875825e+00
3.140000e-06	-1.776080e-06	-1.244309e-10	-1.327405e+01	-8.038496e+00
3.150000e-06	-1.819438e-06	-1.315352e-10	-1.359810e+01	-8.205764e+00
3.160000e-06	-1.862363e-06	-1.390023e-10	-1.391892e+01	-8.382526e+00
3.170000e-06	-1.904822e-06	-1.353661e-10	-1.423625e+01	-8.570768e+00
3.180000e-06	-1.946787e-06	-1.315787e-10	-1.454988e+01	-8.769179e+00
3.190000e-06	-1.988261e-06	-1.395105e-10	-1.485985e+01	-8.973641e+00
3.200000e-06	-2.029199e-06	-1.490324e-10	-1.516581e+01	-9.178417e+00
3.210000e-06	-2.069502e-06	-1.461553e-10	-1.546703e+01	-9.377604e+00
3.220000e-06	-2.109316e-06	-1.399336e-10	-1.576459e+01	-9.566446e+00
3.230000e-06	-2.148735e-06	-1.461637e-10	-1.605920e+01	-9.742127e+00
3.240000e-06	-2.187606e-06	-1.592259e-10	-1.634971e+01	-9.903931e+00
3.250000e-06	-2.225672e-06	-1.609492e-10	-1.663421e+01	-1.005284e+01
3.260000e-06	-2.262803e-06	-1.553087e-10	-1.691172e+01	-1.019085e+01
3.270000e-06	-2.299092e-06	-1.582635e-10	-1.718294e+01	-1.032028e+01
3.280000e-06	-2.334783e-06	-1.634844e-10	-1.744969e+01	-1.044344e+01
3.290000e-06	-2.369994e-06	-1.569895e-10	-1.771284e+01	-1.056252e+01
3.300000e-06	-2.404600e-06	-1.477525e-10	-1.797148e+01	-1.067989e+01
3.310000e-06	-2.438555e-06	-1.537512e-10	-1.822526e+01	-1.079834e+01
3.320000e-06	-2.471845e-06	-1.682195e-10	-1.847406e+01	-1.092107e+01
3.330000e-06	-2.504380e-06	-1.716644e-10	-1.871721e+01	-1.105137e+01
3.340000e-06	-2.536260e-06	-1.669806e-10	-1.895548e+01	-1.119183e+01
3.350000e-06	-2.567603e-06	-1.693821e-10	-1.918973e+01	-1.134341e+01
3.360000e-06	-2.598193e-06	-1.767209e-10	-1.941835e+01	-1.150474e+01
3.370000e-06	-2.627739e-06	-1.736910e-10	-1.963918e+01	-1.167177e+01
3.380000e-06	-2.656266e-06	-1.638366e-10	-1.985238e+01	-1.183832e+01
3.390000e-06	-2.684092e-06	-1.655350e-10	-2.006035e+01	-1.199720e+01
3.400000e-06	-2.711332e-06	-1.783681e-10	-2.026393e+01	-1.214179e+01
3.410000e-06	-2.737842e-06	-1.859250e-10	-2.046206e+01	-1.226762e+01
3.420000e-06	-2.763556e-06	-1.825857e-10	-2.065424e+01	-1.237343e+01
3.430000e-06	-2.788456e-06	-1.822154e-10	-2.084034e+01	-1.246142e+01
3.440000e-06	-2.812603e-06	-1.877953e-10	-2.102081e+01	-1.253645e+01
3.450000e-06	-2.836137e-06	-1.881081e-10	-2.119670e+01	-1.260464e+01
3.460000e-06	-2.858880e-06	-1.792610e-10	-2.136668e+01	-1.267158e+01
3.470000e-06	-2.880555e-06	-1.750962e-10	-2.152867e+01	-1.274089e+01
3.480000e-06	-2.901220e-06	-1.824008e-10	-2.168312e+01	-1.281342e+01
3.490000e-06	-2.921076e-06	-1.885377e-10	-2.183152e+01	-1.288754e+01
3.500000e-06	-2.940242e-06	-1.854001e-10	-2.197476e+01	-1.296018e+01
3.510000e-06	-2.958687e-06	-1.818884e-10	-2.211261e+01	-1.302843e+01
3.520000e-06	-2.976344e-06	-1.872083e-10	-2.224457e+01	-1.309089e+01
3.530000e-06	-2.993174e-06	-1.915513e-10	-2.237036e+01	-1.314853e+01
3.540000e-06	-3.009266e-06	-1.862379e-10	-2.249063e+01	-1.320446e+01
3.550000e-06	-3.024705e-06	-1.811283e-10	-2.260601e+01	-1.326286e+01
3.560000e-06	-3.039230e-06	-1.861736e-10	-2.271458e+01	-1.332735e+01
3.570000e-06	-3.052550e-06	-1.919163e-10	-2.281412e+01	-1.339941e+01
3.580000e-06	-3.064751e-06	-1.884700e-10	-2.290531e+01	-1.347738e+01
3.590000e-06	-3.075981e-06	-1.835710e-10	-2.298924e+01	-1.355664e+01
3.600000e-06	-3.086282e-06	-1.862971e-10	-2.306623e+01	-1.363074e+01
3.610000e-06	-3.095777e-06	-1.909707e-10	-2.313719e+01	-1.369339e+01
3.620000e-06	-3.104462e-06	-1.893038e-10	-2.320210e+01	-1.374046e+01
3.630000e-06	-3.112386e-06	-1.847046e-10	-2.326133e+01	-1.377142e+01
3.640000e-06	-3.119562e-06	-1.873778e-10	-2.331496e+01	-1.378962e+01
3.650000e-06	-3.125724e-06	-1.933049e-10	-2.336101e+01	-1.380127e+01
3.660000e-06	-3.130719e-06	-1.906011e-10	-2.339834e+01	-1.381332e+01
3.670000e-06	-3.134755e-06	-1.855681e-10	-2.342851e+01	-1.383107e+01
3.680000e-06	-3.138082e-06	-1.868126e-10	-2.345338e+01	-1.385621e+01
3.690000e-06	-3.140624e-06	-1.893036e-10	-2.347237e+01	-1.388595e+01
3.700000e-06	-3.142265e-06	-1.872620e-10	-2.348464e+01	-1.391384e+01
3.710000e-06	-3.142983e-06	-1.862763e-10	-2.349000e+01	-1.393184e+01
