# Temperatura_=_20.0
# Concentracion g/m^3_=_12000.0
# C_Vs_to_Am_M_A/Vsm_=_59384043850.047264
# pendiente_HvsI_1/m_=_3716.3
# ordenada_HvsI_A/m_=_1297.0
# frecuencia_Hz_=_269402.70573518187

Tiempo_(s)	Campo_(V.s)	Magnetizacion_(V.s)	Campo_(kA/m)	Magnetizacion_(A/m)
0.000000e+00	-3.140355e-06	-3.463065e-09	-2.349133e+01	-2.052294e+02
1.000000e-08	-3.140138e-06	-3.473384e-09	-2.348970e+01	-2.056836e+02
2.000000e-08	-3.139249e-06	-3.478141e-09	-2.348305e+01	-2.060861e+02
3.000000e-08	-3.137362e-06	-3.480619e-09	-2.346894e+01	-2.064250e+02
4.000000e-08	-3.134267e-06	-3.486545e-09	-2.344579e+01	-2.066911e+02
5.000000e-08	-3.130227e-06	-3.495100e-09	-2.341556e+01	-2.068823e+02
6.000000e-08	-3.125545e-06	-3.503917e-09	-2.338054e+01	-2.070055e+02
7.000000e-08	-3.120079e-06	-3.508380e-09	-2.333965e+01	-2.070760e+02
8.000000e-08	-3.113690e-06	-3.495447e-09	-2.329186e+01	-2.071149e+02
9.000000e-08	-3.106335e-06	-3.453490e-09	-2.323684e+01	-2.071435e+02
1.000000e-07	-3.097957e-06	-3.466875e-09	-2.317417e+01	-2.071776e+02
1.100000e-07	-3.088742e-06	-3.531066e-09	-2.310524e+01	-2.072220e+02
1.200000e-07	-3.078814e-06	-3.569113e-09	-2.303097e+01	-2.072687e+02
1.300000e-07	-3.067855e-06	-3.483108e-09	-2.294900e+01	-2.072975e+02
1.400000e-07	-3.055774e-06	-3.432664e-09	-2.285862e+01	-2.072797e+02
1.500000e-07	-3.042788e-06	-3.536017e-09	-2.276148e+01	-2.071853e+02
1.600000e-07	-3.028979e-06	-3.514535e-09	-2.265818e+01	-2.069891e+02
1.700000e-07	-3.013968e-06	-3.437728e-09	-2.254589e+01	-2.066774e+02
1.800000e-07	-2.997650e-06	-3.399346e-09	-2.242382e+01	-2.062502e+02
1.900000e-07	-2.980610e-06	-3.440969e-09	-2.229636e+01	-2.057212e+02
2.000000e-07	-2.962886e-06	-3.452470e-09	-2.216378e+01	-2.051136e+02
2.100000e-07	-2.944251e-06	-3.430909e-09	-2.202438e+01	-2.044541e+02
2.200000e-07	-2.924878e-06	-3.465064e-09	-2.187946e+01	-2.037661e+02
2.300000e-07	-2.904897e-06	-3.374887e-09	-2.172999e+01	-2.030639e+02
2.400000e-07	-2.884173e-06	-3.351646e-09	-2.157497e+01	-2.023503e+02
2.500000e-07	-2.862666e-06	-3.452299e-09	-2.141408e+01	-2.016170e+02
2.600000e-07	-2.840471e-06	-3.392964e-09	-2.124805e+01	-2.008475e+02
2.700000e-07	-2.817513e-06	-3.263608e-09	-2.107631e+01	-2.000228e+02
2.800000e-07	-2.793716e-06	-3.311112e-09	-2.089830e+01	-1.991268e+02
2.900000e-07	-2.769277e-06	-3.400236e-09	-2.071549e+01	-1.981502e+02
3.000000e-07	-2.744157e-06	-3.327873e-09	-2.052758e+01	-1.970929e+02
3.100000e-07	-2.717940e-06	-3.206840e-09	-2.033147e+01	-1.959627e+02
3.200000e-07	-2.690516e-06	-3.249434e-09	-2.012632e+01	-1.947726e+02
3.300000e-07	-2.662325e-06	-3.301449e-09	-1.991544e+01	-1.935362e+02
3.400000e-07	-2.633735e-06	-3.241895e-09	-1.970157e+01	-1.922634e+02
3.500000e-07	-2.604526e-06	-3.160239e-09	-1.948307e+01	-1.909582e+02
3.600000e-07	-2.574349e-06	-3.155337e-09	-1.925734e+01	-1.896174e+02
3.700000e-07	-2.543289e-06	-3.189077e-09	-1.902499e+01	-1.882323e+02
3.800000e-07	-2.511600e-06	-3.152882e-09	-1.878794e+01	-1.867917e+02
3.900000e-07	-2.479438e-06	-3.094089e-09	-1.854736e+01	-1.852856e+02
4.000000e-07	-2.446790e-06	-3.040717e-09	-1.830314e+01	-1.837078e+02
4.100000e-07	-2.413348e-06	-3.060797e-09	-1.805298e+01	-1.820583e+02
4.200000e-07	-2.378816e-06	-3.067208e-09	-1.779466e+01	-1.803425e+02
4.300000e-07	-2.343299e-06	-2.985794e-09	-1.752897e+01	-1.785702e+02
4.400000e-07	-2.307203e-06	-2.919695e-09	-1.725896e+01	-1.767522e+02
4.500000e-07	-2.270699e-06	-2.946907e-09	-1.698589e+01	-1.748976e+02
4.600000e-07	-2.233645e-06	-2.944895e-09	-1.670871e+01	-1.730119e+02
4.700000e-07	-2.195932e-06	-2.846595e-09	-1.642660e+01	-1.710957e+02
4.800000e-07	-2.157586e-06	-2.796523e-09	-1.613975e+01	-1.691456e+02
4.900000e-07	-2.118594e-06	-2.804910e-09	-1.584808e+01	-1.671557e+02
5.000000e-07	-2.078944e-06	-2.798186e-09	-1.555147e+01	-1.651198e+02
5.100000e-07	-2.038867e-06	-2.724453e-09	-1.525168e+01	-1.630338e+02
5.200000e-07	-1.998523e-06	-2.664958e-09	-1.494989e+01	-1.608969e+02
5.300000e-07	-1.957742e-06	-2.662189e-09	-1.464482e+01	-1.587117e+02
5.400000e-07	-1.916269e-06	-2.653535e-09	-1.433459e+01	-1.564837e+02
5.500000e-07	-1.873979e-06	-2.585141e-09	-1.401824e+01	-1.542197e+02
5.600000e-07	-1.830859e-06	-2.512461e-09	-1.369569e+01	-1.519253e+02
5.700000e-07	-1.787089e-06	-2.503694e-09	-1.336826e+01	-1.496039e+02
5.800000e-07	-1.742928e-06	-2.490805e-09	-1.303792e+01	-1.472556e+02
5.900000e-07	-1.698444e-06	-2.427822e-09	-1.270516e+01	-1.448769e+02
6.000000e-07	-1.653608e-06	-2.351841e-09	-1.236976e+01	-1.424617e+02
6.100000e-07	-1.608242e-06	-2.334936e-09	-1.203040e+01	-1.400027e+02
6.200000e-07	-1.562312e-06	-2.326312e-09	-1.168682e+01	-1.374928e+02
6.300000e-07	-1.515995e-06	-2.264252e-09	-1.134035e+01	-1.349270e+02
6.400000e-07	-1.469254e-06	-2.188150e-09	-1.099071e+01	-1.323030e+02
6.500000e-07	-1.422004e-06	-2.164252e-09	-1.063726e+01	-1.296214e+02
6.600000e-07	-1.374327e-06	-2.155142e-09	-1.028061e+01	-1.268857e+02
6.700000e-07	-1.326339e-06	-2.084320e-09	-9.921638e+00	-1.241014e+02
6.800000e-07	-1.278102e-06	-2.001299e-09	-9.560803e+00	-1.212744e+02
6.900000e-07	-1.229479e-06	-1.966151e-09	-9.197078e+00	-1.184102e+02
7.000000e-07	-1.180317e-06	-1.953330e-09	-8.829323e+00	-1.155126e+02
7.100000e-07	-1.130698e-06	-1.892428e-09	-8.458152e+00	-1.125833e+02
7.200000e-07	-1.080577e-06	-1.813657e-09	-8.083220e+00	-1.096218e+02
7.300000e-07	-1.029903e-06	-1.778082e-09	-7.704157e+00	-1.066254e+02
7.400000e-07	-9.787641e-07	-1.760781e-09	-7.321614e+00	-1.035907e+02
7.500000e-07	-9.272405e-07	-1.699820e-09	-6.936193e+00	-1.005141e+02
7.600000e-07	-8.754284e-07	-1.612729e-09	-6.548615e+00	-9.739341e+01
7.700000e-07	-8.233576e-07	-1.566768e-09	-6.159101e+00	-9.422803e+01
7.800000e-07	-7.710622e-07	-1.540863e-09	-5.767907e+00	-9.101987e+01
7.900000e-07	-7.186293e-07	-1.481412e-09	-5.375684e+00	-8.777286e+01
8.000000e-07	-6.660580e-07	-1.396749e-09	-4.982426e+00	-8.449230e+01
8.100000e-07	-6.133169e-07	-1.346982e-09	-4.587898e+00	-8.118368e+01
8.200000e-07	-5.603554e-07	-1.321208e-09	-4.191721e+00	-7.785150e+01
8.300000e-07	-5.071941e-07	-1.263884e-09	-3.794050e+00	-7.449821e+01
8.400000e-07	-4.539056e-07	-1.180750e-09	-3.395426e+00	-7.112376e+01
8.500000e-07	-4.004297e-07	-1.124744e-09	-2.995402e+00	-6.772575e+01
8.600000e-07	-3.468322e-07	-1.095608e-09	-2.594467e+00	-6.430020e+01
8.700000e-07	-2.932179e-07	-1.035516e-09	-2.193407e+00	-6.084279e+01
8.800000e-07	-2.395838e-07	-9.485556e-10	-1.792199e+00	-5.735014e+01
8.900000e-07	-1.858721e-07	-8.854321e-10	-1.390410e+00	-5.382078e+01
9.000000e-07	-1.320648e-07	-8.529954e-10	-9.879063e-01	-5.025559e+01
9.100000e-07	-7.821171e-08	-7.977475e-10	-5.850603e-01	-4.665743e+01
9.200000e-07	-2.435834e-08	-7.130362e-10	-1.822118e-01	-4.303028e+01
9.300000e-07	2.946168e-08	-6.505864e-10	2.203871e-01	-3.937797e+01
9.400000e-07	8.332100e-08	-6.168186e-10	6.232801e-01	-3.570308e+01
9.500000e-07	1.372252e-07	-5.605313e-10	1.026509e+00	-3.200629e+01
9.600000e-07	1.910420e-07	-4.694644e-10	1.429084e+00	-2.828641e+01
9.700000e-07	2.447555e-07	-3.964438e-10	1.830886e+00	-2.454115e+01
9.800000e-07	2.983798e-07	-3.534542e-10	2.232021e+00	-2.076834e+01
9.900000e-07	3.519393e-07	-2.974291e-10	2.632671e+00	-1.696717e+01
1.000000e-06	4.054721e-07	-2.131754e-10	3.033121e+00	-1.313907e+01
1.010000e-06	4.589351e-07	-1.431278e-10	3.433050e+00	-9.287849e+00
1.020000e-06	5.122968e-07	-1.014180e-10	3.832220e+00	-5.419062e+00
1.030000e-06	5.654900e-07	-4.694178e-11	4.230130e+00	-1.538750e+00
1.040000e-06	6.184378e-07	3.793567e-11	4.626204e+00	2.348015e+00
1.050000e-06	6.711496e-07	1.153985e-10	5.020514e+00	6.238278e+00
1.060000e-06	7.236810e-07	1.659604e-10	5.413473e+00	1.013161e+01
1.070000e-06	7.760734e-07	2.246952e-10	5.805393e+00	1.402962e+01
1.080000e-06	8.282239e-07	3.080355e-10	6.195503e+00	1.793456e+01
1.090000e-06	8.800758e-07	3.833370e-10	6.583379e+00	2.184768e+01
1.100000e-06	9.316826e-07	4.303165e-10	6.969422e+00	2.576756e+01
1.110000e-06	9.829963e-07	4.832026e-10	7.353273e+00	2.968930e+01
1.120000e-06	1.033833e-06	5.628311e-10	7.733552e+00	3.360470e+01
1.130000e-06	1.084055e-06	6.398098e-10	8.109241e+00	3.750359e+01
1.140000e-06	1.133726e-06	6.918697e-10	8.480800e+00	4.137582e+01
1.150000e-06	1.182890e-06	7.449669e-10	8.848569e+00	4.521350e+01
1.160000e-06	1.231606e-06	8.214967e-10	9.212993e+00	4.901255e+01
1.170000e-06	1.280029e-06	8.958169e-10	9.575217e+00	5.277324e+01
1.180000e-06	1.328181e-06	9.467402e-10	9.935416e+00	5.649946e+01
1.190000e-06	1.375983e-06	9.970519e-10	1.029300e+01	6.019678e+01
1.200000e-06	1.423421e-06	1.070752e-09	1.064786e+01	6.387003e+01
1.210000e-06	1.470388e-06	1.146107e-09	1.099919e+01	6.752114e+01
1.220000e-06	1.516910e-06	1.197580e-09	1.134720e+01	7.114785e+01
1.230000e-06	1.563069e-06	1.244369e-09	1.169249e+01	7.474377e+01
1.240000e-06	1.608747e-06	1.308909e-09	1.203418e+01	7.829994e+01
1.250000e-06	1.653941e-06	1.377215e-09	1.237225e+01	8.180719e+01
1.260000e-06	1.698699e-06	1.427283e-09	1.270706e+01	8.525878e+01
1.270000e-06	1.743117e-06	1.472749e-09	1.303933e+01	8.865241e+01
1.280000e-06	1.787290e-06	1.536480e-09	1.336977e+01	9.199091e+01
1.290000e-06	1.831077e-06	1.605979e-09	1.369732e+01	9.528140e+01
1.300000e-06	1.874304e-06	1.657565e-09	1.402067e+01	9.853318e+01
1.310000e-06	1.916817e-06	1.700428e-09	1.433869e+01	1.017549e+02
1.320000e-06	1.958472e-06	1.756640e-09	1.465029e+01	1.049521e+02
1.330000e-06	1.999348e-06	1.818209e-09	1.495606e+01	1.081252e+02
1.340000e-06	2.039713e-06	1.864993e-09	1.525801e+01	1.112701e+02
1.350000e-06	2.079730e-06	1.904341e-09	1.555736e+01	1.143788e+02
1.360000e-06	2.119270e-06	1.959790e-09	1.585313e+01	1.174424e+02
1.370000e-06	2.158204e-06	2.025362e-09	1.614438e+01	1.204535e+02
1.380000e-06	2.196517e-06	2.078164e-09	1.643098e+01	1.234087e+02
1.390000e-06	2.234229e-06	2.117802e-09	1.671308e+01	1.263090e+02
1.400000e-06	2.271358e-06	2.165544e-09	1.699082e+01	1.291597e+02
1.410000e-06	2.307927e-06	2.220444e-09	1.726437e+01	1.319679e+02
1.420000e-06	2.344066e-06	2.264535e-09	1.753471e+01	1.347405e+02
1.430000e-06	2.379725e-06	2.298995e-09	1.780146e+01	1.374816e+02
1.440000e-06	2.414543e-06	2.344941e-09	1.806192e+01	1.401911e+02
1.450000e-06	2.448326e-06	2.403510e-09	1.831462e+01	1.428648e+02
1.460000e-06	2.481213e-06	2.450515e-09	1.856063e+01	1.454958e+02
1.470000e-06	2.513455e-06	2.485028e-09	1.880182e+01	1.480763e+02
1.480000e-06	2.545128e-06	2.525851e-09	1.903875e+01	1.506004e+02
1.490000e-06	2.576171e-06	2.576898e-09	1.927097e+01	1.530655e+02
1.500000e-06	2.606494e-06	2.619744e-09	1.949780e+01	1.554727e+02
1.510000e-06	2.636060e-06	2.648744e-09	1.971897e+01	1.578258e+02
1.520000e-06	2.664920e-06	2.683373e-09	1.993485e+01	1.601299e+02
1.530000e-06	2.693222e-06	2.729237e-09	2.014656e+01	1.623885e+02
1.540000e-06	2.720961e-06	2.767938e-09	2.035406e+01	1.646024e+02
1.550000e-06	2.747726e-06	2.795046e-09	2.055428e+01	1.667691e+02
1.560000e-06	2.773353e-06	2.828739e-09	2.074598e+01	1.688829e+02
1.570000e-06	2.798051e-06	2.873544e-09	2.093073e+01	1.709376e+02
1.580000e-06	2.821980e-06	2.911967e-09	2.110973e+01	1.729279e+02
1.590000e-06	2.845153e-06	2.937671e-09	2.128308e+01	1.748519e+02
1.600000e-06	2.867578e-06	2.966760e-09	2.145083e+01	1.767115e+02
1.610000e-06	2.889258e-06	3.005328e-09	2.161300e+01	1.785124e+02
1.620000e-06	2.910147e-06	3.037814e-09	2.176926e+01	1.802621e+02
1.630000e-06	2.930405e-06	3.058758e-09	2.192080e+01	1.819673e+02
1.640000e-06	2.950093e-06	3.082182e-09	2.206808e+01	1.836319e+02
1.650000e-06	2.968922e-06	3.114886e-09	2.220893e+01	1.852553e+02
1.660000e-06	2.986798e-06	3.145238e-09	2.234265e+01	1.868326e+02
1.670000e-06	3.003881e-06	3.165897e-09	2.247044e+01	1.883557e+02
1.680000e-06	3.020136e-06	3.188751e-09	2.259204e+01	1.898161e+02
1.690000e-06	3.035371e-06	3.220263e-09	2.270600e+01	1.912071e+02
1.700000e-06	3.049642e-06	3.248257e-09	2.281275e+01	1.925264e+02
1.710000e-06	3.063081e-06	3.264753e-09	2.291329e+01	1.937760e+02
1.720000e-06	3.075663e-06	3.279191e-09	2.300740e+01	1.949617e+02
1.730000e-06	3.087341e-06	3.300438e-09	2.309476e+01	1.960912e+02
1.740000e-06	3.097914e-06	3.321389e-09	2.317385e+01	1.971711e+02
1.750000e-06	3.107318e-06	3.335890e-09	2.324419e+01	1.982049e+02
1.760000e-06	3.115800e-06	3.350808e-09	2.330764e+01	1.991919e+02
1.770000e-06	3.123515e-06	3.371552e-09	2.336536e+01	2.001279e+02
1.780000e-06	3.130375e-06	3.390682e-09	2.341667e+01	2.010070e+02
1.790000e-06	3.136323e-06	3.402960e-09	2.346116e+01	2.018239e+02
1.800000e-06	3.141441e-06	3.412699e-09	2.349945e+01	2.025770e+02
1.810000e-06	3.145847e-06	3.425626e-09	2.353241e+01	2.032688e+02
1.820000e-06	3.149566e-06	3.438423e-09	2.356023e+01	2.039062e+02
1.830000e-06	3.152244e-06	3.446034e-09	2.358027e+01	2.044978e+02
1.840000e-06	3.153687e-06	3.451633e-09	2.359106e+01	2.050514e+02
1.850000e-06	3.154187e-06	3.460045e-09	2.359480e+01	2.055707e+02
1.860000e-06	3.153920e-06	3.469652e-09	2.359280e+01	2.060535e+02
1.870000e-06	3.152841e-06	3.475925e-09	2.358473e+01	2.064916e+02
1.880000e-06	3.150934e-06	3.482033e-09	2.357046e+01	2.068736e+02
1.890000e-06	3.148215e-06	3.489856e-09	2.355012e+01	2.071879e+02
1.900000e-06	3.144796e-06	3.496555e-09	2.352455e+01	2.074277e+02
1.910000e-06	3.140784e-06	3.495936e-09	2.349454e+01	2.075940e+02
1.920000e-06	3.135966e-06	3.487438e-09	2.345849e+01	2.076972e+02
1.930000e-06	3.129962e-06	3.501391e-09	2.341358e+01	2.077552e+02
1.940000e-06	3.122749e-06	3.553298e-09	2.335963e+01	2.077899e+02
1.950000e-06	3.114378e-06	3.535530e-09	2.329701e+01	2.078211e+02
1.960000e-06	3.104897e-06	3.457058e-09	2.322609e+01	2.078611e+02
1.970000e-06	3.094808e-06	3.419674e-09	2.315062e+01	2.079100e+02
1.980000e-06	3.084532e-06	3.508873e-09	2.307375e+01	2.079548e+02
1.990000e-06	3.073480e-06	3.567132e-09	2.299107e+01	2.079717e+02
2.000000e-06	3.060850e-06	3.463756e-09	2.289659e+01	2.079306e+02
2.010000e-06	3.047104e-06	3.478919e-09	2.279377e+01	2.078024e+02
2.020000e-06	3.032865e-06	3.556406e-09	2.268725e+01	2.075657e+02
2.030000e-06	3.017579e-06	3.548848e-09	2.257290e+01	2.072118e+02
2.040000e-06	3.001039e-06	3.472105e-09	2.244918e+01	2.067462e+02
2.050000e-06	2.983988e-06	3.459690e-09	2.232163e+01	2.061866e+02
2.060000e-06	2.966371e-06	3.468719e-09	2.218985e+01	2.055584e+02
2.070000e-06	2.947648e-06	3.394734e-09	2.204979e+01	2.048878e+02
2.080000e-06	2.928176e-06	3.472246e-09	2.190413e+01	2.041953e+02
2.090000e-06	2.908231e-06	3.511267e-09	2.175493e+01	2.034911e+02
2.100000e-06	2.887351e-06	3.362626e-09	2.159874e+01	2.027736e+02
2.110000e-06	2.865224e-06	3.386678e-09	2.143322e+01	2.020309e+02
2.120000e-06	2.842062e-06	3.488394e-09	2.125996e+01	2.012448e+02
2.130000e-06	2.818230e-06	3.387938e-09	2.108168e+01	2.003969e+02
2.140000e-06	2.793838e-06	3.261711e-09	2.089922e+01	1.994732e+02
2.150000e-06	2.768600e-06	3.326682e-09	2.071043e+01	1.984678e+02
2.160000e-06	2.742399e-06	3.418433e-09	2.051443e+01	1.973839e+02
2.170000e-06	2.715527e-06	3.328731e-09	2.031342e+01	1.962315e+02
2.180000e-06	2.688075e-06	3.236865e-09	2.010806e+01	1.950245e+02
2.190000e-06	2.659826e-06	3.270876e-09	1.989674e+01	1.937755e+02
2.200000e-06	2.630800e-06	3.320123e-09	1.967962e+01	1.924924e+02
2.210000e-06	2.600854e-06	3.231714e-09	1.945561e+01	1.911765e+02
2.220000e-06	2.569829e-06	3.135216e-09	1.922353e+01	1.898223e+02
2.230000e-06	2.538075e-06	3.168678e-09	1.898599e+01	1.884197e+02
2.240000e-06	2.505725e-06	3.185183e-09	1.874399e+01	1.869575e+02
2.250000e-06	2.472725e-06	3.143650e-09	1.849714e+01	1.854269e+02
2.260000e-06	2.439089e-06	3.086235e-09	1.824553e+01	1.838238e+02
2.270000e-06	2.404731e-06	3.045783e-09	1.798851e+01	1.821505e+02
2.280000e-06	2.369675e-06	3.058949e-09	1.772628e+01	1.804142e+02
2.290000e-06	2.334174e-06	3.056564e-09	1.746072e+01	1.786255e+02
2.300000e-06	2.298164e-06	2.953333e-09	1.719134e+01	1.767948e+02
2.310000e-06	2.261457e-06	2.902255e-09	1.691676e+01	1.749301e+02
2.320000e-06	2.223842e-06	2.949912e-09	1.663538e+01	1.730350e+02
2.330000e-06	2.185225e-06	2.920302e-09	1.634651e+01	1.711087e+02
2.340000e-06	2.145968e-06	2.834811e-09	1.605285e+01	1.691464e+02
2.350000e-06	2.106291e-06	2.787033e-09	1.575605e+01	1.671418e+02
2.360000e-06	2.066138e-06	2.799647e-09	1.545568e+01	1.650894e+02
2.370000e-06	2.025443e-06	2.785807e-09	1.515126e+01	1.629861e+02
2.380000e-06	1.984236e-06	2.699295e-09	1.484302e+01	1.608325e+02
2.390000e-06	1.942532e-06	2.641504e-09	1.453105e+01	1.586325e+02
2.400000e-06	1.900294e-06	2.657823e-09	1.421509e+01	1.563922e+02
2.410000e-06	1.857478e-06	2.640542e-09	1.389480e+01	1.541182e+02
2.420000e-06	1.814189e-06	2.552733e-09	1.357098e+01	1.518154e+02
2.430000e-06	1.770609e-06	2.491344e-09	1.324499e+01	1.494861e+02
2.440000e-06	1.726720e-06	2.492723e-09	1.291668e+01	1.471289e+02
2.450000e-06	1.682407e-06	2.487446e-09	1.258519e+01	1.447393e+02
2.460000e-06	1.637567e-06	2.403385e-09	1.224977e+01	1.423104e+02
2.470000e-06	1.592087e-06	2.329489e-09	1.190956e+01	1.398350e+02
2.480000e-06	1.546072e-06	2.325276e-09	1.156535e+01	1.373066e+02
2.490000e-06	1.499768e-06	2.314745e-09	1.121897e+01	1.347210e+02
2.500000e-06	1.453121e-06	2.237305e-09	1.087003e+01	1.320771e+02
2.510000e-06	1.406011e-06	2.154658e-09	1.051762e+01	1.293766e+02
2.520000e-06	1.358417e-06	2.142386e-09	1.016160e+01	1.266240e+02
2.530000e-06	1.310303e-06	2.132315e-09	9.801684e+00	1.238249e+02
2.540000e-06	1.261710e-06	2.053191e-09	9.438185e+00	1.209854e+02
2.550000e-06	1.212685e-06	1.966799e-09	9.071451e+00	1.181102e+02
2.560000e-06	1.163288e-06	1.944444e-09	8.701939e+00	1.152026e+02
2.570000e-06	1.113604e-06	1.924918e-09	8.330276e+00	1.122634e+02
2.580000e-06	1.063571e-06	1.847441e-09	7.956009e+00	1.092910e+02
2.590000e-06	1.013167e-06	1.763282e-09	7.578964e+00	1.062827e+02
2.600000e-06	9.624368e-07	1.738885e-09	7.199478e+00	1.032346e+02
2.610000e-06	9.113614e-07	1.724045e-09	6.817410e+00	1.001436e+02
2.620000e-06	8.601006e-07	1.647758e-09	6.433956e+00	9.700805e+01
2.630000e-06	8.087100e-07	1.557715e-09	6.049530e+00	9.382824e+01
2.640000e-06	7.570758e-07	1.518093e-09	5.663282e+00	9.060690e+01
2.650000e-06	7.052345e-07	1.496389e-09	5.275485e+00	8.734860e+01
2.660000e-06	6.532510e-07	1.422737e-09	4.886624e+00	8.405884e+01
2.670000e-06	6.010528e-07	1.330224e-09	4.496156e+00	8.074290e+01
2.680000e-06	5.486601e-07	1.287585e-09	4.104234e+00	7.740459e+01
2.690000e-06	4.960761e-07	1.266831e-09	3.710882e+00	7.404546e+01
2.700000e-06	4.432714e-07	1.202197e-09	3.315878e+00	7.066451e+01
2.710000e-06	3.903987e-07	1.111227e-09	2.920365e+00	6.725863e+01
2.720000e-06	3.374122e-07	1.061219e-09	2.524001e+00	6.382357e+01
2.730000e-06	2.842234e-07	1.033649e-09	2.126124e+00	6.035520e+01
2.740000e-06	2.308397e-07	9.633127e-10	1.726789e+00	5.685078e+01
2.750000e-06	1.773820e-07	8.670593e-10	1.326901e+00	5.330971e+01
2.760000e-06	1.238957e-07	8.100819e-10	9.267980e-01	4.973368e+01
2.770000e-06	7.028982e-08	7.808346e-10	5.258008e-01	4.612611e+01
2.780000e-06	1.663985e-08	7.197598e-10	1.244739e-01	4.249107e+01
2.790000e-06	-3.695209e-08	6.327377e-10	-2.764190e-01	3.883203e+01
2.800000e-06	-9.050281e-08	5.753997e-10	-6.770034e-01	3.515091e+01
2.810000e-06	-1.439798e-07	5.410436e-10	-1.077037e+00	3.144762e+01
2.820000e-06	-1.973857e-07	4.709766e-10	-1.476537e+00	2.772046e+01
2.830000e-06	-2.507466e-07	3.731807e-10	-1.875702e+00	2.396703e+01
2.840000e-06	-3.040698e-07	3.061288e-10	-2.274585e+00	2.018552e+01
2.850000e-06	-3.572870e-07	2.699433e-10	-2.672674e+00	1.637590e+01
2.860000e-06	-4.103073e-07	2.087009e-10	-3.069291e+00	1.254051e+01
2.870000e-06	-4.631852e-07	1.201128e-10	-3.464843e+00	8.683942e+00
2.880000e-06	-5.158114e-07	5.637271e-11	-3.858511e+00	4.812094e+00
2.890000e-06	-5.681983e-07	1.810116e-11	-4.250389e+00	9.308101e-01
2.900000e-06	-6.204133e-07	-4.479929e-11	-4.640983e+00	-2.955529e+00
2.910000e-06	-6.724416e-07	-1.366262e-10	-5.030178e+00	-6.844917e+00
2.920000e-06	-7.243279e-07	-2.080636e-10	-5.418313e+00	-1.073780e+01
2.930000e-06	-7.760184e-07	-2.506119e-10	-5.804982e+00	-1.463620e+01
2.940000e-06	-8.274463e-07	-3.094325e-10	-6.189686e+00	-1.854224e+01
2.950000e-06	-8.786643e-07	-3.957447e-10	-6.572821e+00	-2.245629e+01
2.960000e-06	-9.296638e-07	-4.669466e-10	-6.954321e+00	-2.637568e+01
2.970000e-06	-9.803984e-07	-5.117886e-10	-7.333839e+00	-3.029420e+01
2.980000e-06	-1.030860e-06	-5.697988e-10	-7.711316e+00	-3.420270e+01
2.990000e-06	-1.081006e-06	-6.540919e-10	-8.086432e+00	-3.809076e+01
3.000000e-06	-1.130804e-06	-7.280166e-10	-8.458943e+00	-4.194884e+01
3.010000e-06	-1.180242e-06	-7.748951e-10	-8.828762e+00	-4.577033e+01
3.020000e-06	-1.229205e-06	-8.315403e-10	-9.195031e+00	-4.955279e+01
3.030000e-06	-1.277472e-06	-9.128084e-10	-9.556089e+00	-5.329801e+01
3.040000e-06	-1.325036e-06	-9.828432e-10	-9.911889e+00	-5.701078e+01
3.050000e-06	-1.372078e-06	-1.026338e-09	-1.026378e+01	-6.069667e+01
3.060000e-06	-1.418731e-06	-1.077197e-09	-1.061277e+01	-6.435966e+01
3.070000e-06	-1.465073e-06	-1.153680e-09	-1.095944e+01	-6.800017e+01
3.080000e-06	-1.511150e-06	-1.225232e-09	-1.130411e+01	-7.161431e+01
3.090000e-06	-1.556898e-06	-1.273382e-09	-1.164633e+01	-7.519450e+01
3.100000e-06	-1.602200e-06	-1.325896e-09	-1.198521e+01	-7.873138e+01
3.110000e-06	-1.647009e-06	-1.398410e-09	-1.232040e+01	-8.221639e+01
3.120000e-06	-1.691376e-06	-1.463545e-09	-1.265229e+01	-8.564430e+01
3.130000e-06	-1.735342e-06	-1.503899e-09	-1.298117e+01	-8.901471e+01
3.140000e-06	-1.778984e-06	-1.546200e-09	-1.330764e+01	-9.233225e+01
3.150000e-06	-1.822360e-06	-1.613500e-09	-1.363211e+01	-9.560515e+01
3.160000e-06	-1.865330e-06	-1.681806e-09	-1.395354e+01	-9.884283e+01
3.170000e-06	-1.907730e-06	-1.730648e-09	-1.427071e+01	-1.020530e+02
3.180000e-06	-1.949586e-06	-1.776958e-09	-1.458382e+01	-1.052394e+02
3.190000e-06	-1.990988e-06	-1.838513e-09	-1.489353e+01	-1.084008e+02
3.200000e-06	-2.031881e-06	-1.898774e-09	-1.519942e+01	-1.115312e+02
3.210000e-06	-2.072206e-06	-1.937565e-09	-1.550107e+01	-1.146220e+02
3.220000e-06	-2.111991e-06	-1.973630e-09	-1.579868e+01	-1.176647e+02
3.230000e-06	-2.151321e-06	-2.029637e-09	-1.609289e+01	-1.206530e+02
3.240000e-06	-2.190189e-06	-2.092370e-09	-1.638364e+01	-1.235853e+02
3.250000e-06	-2.228323e-06	-2.141196e-09	-1.666890e+01	-1.264643e+02
3.260000e-06	-2.265517e-06	-2.184638e-09	-1.694713e+01	-1.292962e+02
3.270000e-06	-2.301833e-06	-2.238673e-09	-1.721879e+01	-1.320884e+02
3.280000e-06	-2.337516e-06	-2.291310e-09	-1.748571e+01	-1.348470e+02
3.290000e-06	-2.372685e-06	-2.326557e-09	-1.774880e+01	-1.375745e+02
3.300000e-06	-2.407226e-06	-2.358289e-09	-1.800718e+01	-1.402694e+02
3.310000e-06	-2.441115e-06	-2.405176e-09	-1.826069e+01	-1.429260e+02
3.320000e-06	-2.474317e-06	-2.459436e-09	-1.850905e+01	-1.455369e+02
3.330000e-06	-2.506763e-06	-2.501756e-09	-1.875176e+01	-1.480949e+02
3.340000e-06	-2.538582e-06	-2.540519e-09	-1.898978e+01	-1.505950e+02
3.350000e-06	-2.569866e-06	-2.589090e-09	-1.922380e+01	-1.530362e+02
3.360000e-06	-2.600350e-06	-2.638765e-09	-1.945184e+01	-1.554206e+02
3.370000e-06	-2.629748e-06	-2.673627e-09	-1.967174e+01	-1.577528e+02
3.380000e-06	-2.658139e-06	-2.699523e-09	-1.988412e+01	-1.600376e+02
3.390000e-06	-2.685825e-06	-2.736372e-09	-2.009123e+01	-1.622776e+02
3.400000e-06	-2.712918e-06	-2.780733e-09	-2.029390e+01	-1.644723e+02
3.410000e-06	-2.739273e-06	-2.817384e-09	-2.049105e+01	-1.666180e+02
3.420000e-06	-2.764774e-06	-2.847789e-09	-2.068181e+01	-1.687084e+02
3.430000e-06	-2.789474e-06	-2.884933e-09	-2.086657e+01	-1.707375e+02
3.440000e-06	-2.813476e-06	-2.926081e-09	-2.104612e+01	-1.727010e+02
3.450000e-06	-2.836878e-06	-2.958253e-09	-2.122118e+01	-1.745984e+02
3.460000e-06	-2.859493e-06	-2.982688e-09	-2.139035e+01	-1.764333e+02
3.470000e-06	-2.881020e-06	-3.011503e-09	-2.155138e+01	-1.782121e+02
3.480000e-06	-2.901520e-06	-3.044221e-09	-2.170473e+01	-1.799425e+02
3.490000e-06	-2.921259e-06	-3.071953e-09	-2.185239e+01	-1.816303e+02
3.500000e-06	-2.940380e-06	-3.093498e-09	-2.199542e+01	-1.832778e+02
3.510000e-06	-2.958756e-06	-3.119114e-09	-2.213288e+01	-1.848828e+02
3.520000e-06	-2.976300e-06	-3.151760e-09	-2.226412e+01	-1.864388e+02
3.530000e-06	-2.992997e-06	-3.180933e-09	-2.238902e+01	-1.879374e+02
3.540000e-06	-3.008952e-06	-3.201079e-09	-2.250837e+01	-1.893704e+02
3.550000e-06	-3.024236e-06	-3.221752e-09	-2.262270e+01	-1.907327e+02
3.560000e-06	-3.038541e-06	-3.247095e-09	-2.272971e+01	-1.920234e+02
3.570000e-06	-3.051567e-06	-3.268227e-09	-2.282715e+01	-1.932462e+02
3.580000e-06	-3.063456e-06	-3.283249e-09	-2.291609e+01	-1.944080e+02
3.590000e-06	-3.074505e-06	-3.298815e-09	-2.299874e+01	-1.955163e+02
3.600000e-06	-3.084760e-06	-3.319076e-09	-2.307545e+01	-1.965768e+02
3.610000e-06	-3.094200e-06	-3.337296e-09	-2.314607e+01	-1.975914e+02
3.620000e-06	-3.102819e-06	-3.350307e-09	-2.321054e+01	-1.985580e+02
3.630000e-06	-3.110635e-06	-3.363665e-09	-2.326901e+01	-1.994714e+02
3.640000e-06	-3.117681e-06	-3.380506e-09	-2.332172e+01	-2.003257e+02
3.650000e-06	-3.123721e-06	-3.394307e-09	-2.336689e+01	-2.011167e+02
3.660000e-06	-3.128569e-06	-3.402541e-09	-2.340316e+01	-2.018443e+02
3.670000e-06	-3.132443e-06	-3.412559e-09	-2.343214e+01	-2.025128e+02
3.680000e-06	-3.135578e-06	-3.426763e-09	-2.345559e+01	-2.031300e+02
3.690000e-06	-3.137975e-06	-3.439042e-09	-2.347352e+01	-2.037047e+02
3.700000e-06	-3.139553e-06	-3.445540e-09	-2.348533e+01	-2.042434e+02
3.710000e-06	-3.140232e-06	-3.452210e-09	-2.349041e+01	-2.047476e+02
