# Temperatura_=_24.1
# Concentracion g/m^3_=_10000.0
# C_Vs_to_Am_M_A/Vsm_=_59384043850.047264
# pendiente_HvsI_1/m_=_3716.3
# ordenada_HvsI_A/m_=_1297.0
# frecuencia_Hz_=_301644.9413927531

Tiempo_(s)	Campo_(V.s)	Magnetizacion_(V.s)	Campo_(kA/m)	Magnetizacion_(A/m)
0.000000e+00	-8.109580e-06	-7.907404e-09	-5.683049e+01	-4.681724e+02
1.000000e-08	-8.105950e-06	-7.901093e-09	-5.680505e+01	-4.680482e+02
2.000000e-08	-8.099712e-06	-7.897980e-09	-5.676134e+01	-4.678841e+02
3.000000e-08	-8.090818e-06	-7.893945e-09	-5.669901e+01	-4.676862e+02
4.000000e-08	-8.079030e-06	-7.888999e-09	-5.661640e+01	-4.674526e+02
5.000000e-08	-8.064293e-06	-7.883955e-09	-5.651313e+01	-4.671729e+02
6.000000e-08	-8.046727e-06	-7.879407e-09	-5.639002e+01	-4.668317e+02
7.000000e-08	-8.026708e-06	-7.868914e-09	-5.624973e+01	-4.664133e+02
8.000000e-08	-8.004118e-06	-7.837156e-09	-5.609143e+01	-4.659068e+02
9.000000e-08	-7.978346e-06	-7.801942e-09	-5.591082e+01	-4.653098e+02
1.000000e-07	-7.949293e-06	-7.805132e-09	-5.570723e+01	-4.646286e+02
1.100000e-07	-7.917339e-06	-7.824836e-09	-5.548329e+01	-4.638755e+02
1.200000e-07	-7.882597e-06	-7.822734e-09	-5.523983e+01	-4.630633e+02
1.300000e-07	-7.845345e-06	-7.805115e-09	-5.497878e+01	-4.622000e+02
1.400000e-07	-7.805933e-06	-7.806188e-09	-5.470259e+01	-4.612855e+02
1.500000e-07	-7.764067e-06	-7.805170e-09	-5.440919e+01	-4.603118e+02
1.600000e-07	-7.719342e-06	-7.757962e-09	-5.409577e+01	-4.592659e+02
1.700000e-07	-7.671920e-06	-7.725715e-09	-5.376344e+01	-4.581359e+02
1.800000e-07	-7.621648e-06	-7.680349e-09	-5.341115e+01	-4.569167e+02
1.900000e-07	-7.568199e-06	-7.669841e-09	-5.303659e+01	-4.556129e+02
2.000000e-07	-7.511924e-06	-7.677589e-09	-5.264222e+01	-4.542390e+02
2.100000e-07	-7.452899e-06	-7.638226e-09	-5.222858e+01	-4.528142e+02
2.200000e-07	-7.391227e-06	-7.620578e-09	-5.179640e+01	-4.513559e+02
2.300000e-07	-7.326923e-06	-7.598957e-09	-5.134577e+01	-4.498729e+02
2.400000e-07	-7.259801e-06	-7.579882e-09	-5.087538e+01	-4.483608e+02
2.500000e-07	-7.190051e-06	-7.529322e-09	-5.038659e+01	-4.468024e+02
2.600000e-07	-7.117663e-06	-7.478759e-09	-4.987931e+01	-4.451720e+02
2.700000e-07	-7.042492e-06	-7.468703e-09	-4.935253e+01	-4.434433e+02
2.800000e-07	-6.964525e-06	-7.459201e-09	-4.880615e+01	-4.415967e+02
2.900000e-07	-6.883790e-06	-7.420588e-09	-4.824037e+01	-4.396257e+02
3.000000e-07	-6.800601e-06	-7.365933e-09	-4.765740e+01	-4.375371e+02
3.100000e-07	-6.715195e-06	-7.339516e-09	-4.705888e+01	-4.353483e+02
3.200000e-07	-6.627483e-06	-7.306197e-09	-4.644422e+01	-4.330795e+02
3.300000e-07	-6.537423e-06	-7.254330e-09	-4.581309e+01	-4.307459e+02
3.400000e-07	-6.445021e-06	-7.207484e-09	-4.516556e+01	-4.283517e+02
3.500000e-07	-6.350289e-06	-7.173273e-09	-4.450169e+01	-4.258882e+02
3.600000e-07	-6.253221e-06	-7.142877e-09	-4.382145e+01	-4.233357e+02
3.700000e-07	-6.153881e-06	-7.094464e-09	-4.312530e+01	-4.206703e+02
3.800000e-07	-6.052327e-06	-7.034473e-09	-4.241363e+01	-4.178710e+02
3.900000e-07	-5.948537e-06	-6.983031e-09	-4.168628e+01	-4.149258e+02
4.000000e-07	-5.842628e-06	-6.939324e-09	-4.094409e+01	-4.118342e+02
4.100000e-07	-5.734673e-06	-6.886064e-09	-4.018757e+01	-4.086056e+02
4.200000e-07	-5.624669e-06	-6.823148e-09	-3.941667e+01	-4.052545e+02
4.300000e-07	-5.512602e-06	-6.767969e-09	-3.863133e+01	-4.017934e+02
4.400000e-07	-5.398343e-06	-6.713808e-09	-3.783063e+01	-3.982277e+02
4.500000e-07	-5.281916e-06	-6.646577e-09	-3.701472e+01	-3.945527e+02
4.600000e-07	-5.163503e-06	-6.570053e-09	-3.618491e+01	-3.907546e+02
4.700000e-07	-5.043225e-06	-6.501354e-09	-3.534202e+01	-3.868140e+02
4.800000e-07	-4.921196e-06	-6.440407e-09	-3.448686e+01	-3.827115e+02
4.900000e-07	-4.797345e-06	-6.370877e-09	-3.361894e+01	-3.784317e+02
5.000000e-07	-4.671745e-06	-6.294069e-09	-3.273876e+01	-3.739660e+02
5.100000e-07	-4.544483e-06	-6.219101e-09	-3.184692e+01	-3.693120e+02
5.200000e-07	-4.415512e-06	-6.139644e-09	-3.094312e+01	-3.644703e+02
5.300000e-07	-4.285028e-06	-6.046764e-09	-3.002871e+01	-3.594407e+02
5.400000e-07	-4.152979e-06	-5.948679e-09	-2.910334e+01	-3.542193e+02
5.500000e-07	-4.019428e-06	-5.856283e-09	-2.816743e+01	-3.487961e+02
5.600000e-07	-3.884417e-06	-5.766787e-09	-2.722130e+01	-3.431566e+02
5.700000e-07	-3.747890e-06	-5.670320e-09	-2.626454e+01	-3.372838e+02
5.800000e-07	-3.610047e-06	-5.566577e-09	-2.529857e+01	-3.311617e+02
5.900000e-07	-3.470879e-06	-5.462186e-09	-2.432330e+01	-3.247774e+02
6.000000e-07	-3.330136e-06	-5.353101e-09	-2.333700e+01	-3.181215e+02
6.100000e-07	-3.187953e-06	-5.231103e-09	-2.234061e+01	-3.111874e+02
6.200000e-07	-3.044640e-06	-5.101992e-09	-2.133630e+01	-3.039674e+02
6.300000e-07	-2.900261e-06	-4.973045e-09	-2.032451e+01	-2.964499e+02
6.400000e-07	-2.754791e-06	-4.844627e-09	-1.930509e+01	-2.886166e+02
6.500000e-07	-2.608254e-06	-4.708954e-09	-1.827818e+01	-2.804421e+02
6.600000e-07	-2.460855e-06	-4.564554e-09	-1.724523e+01	-2.718942e+02
6.700000e-07	-2.312680e-06	-4.416429e-09	-1.620685e+01	-2.629375e+02
6.800000e-07	-2.163757e-06	-4.263258e-09	-1.516322e+01	-2.535363e+02
6.900000e-07	-2.014156e-06	-4.097140e-09	-1.411485e+01	-2.436573e+02
7.000000e-07	-1.863854e-06	-3.915659e-09	-1.306156e+01	-2.332711e+02
7.100000e-07	-1.712895e-06	-3.728091e-09	-1.200366e+01	-2.223518e+02
7.200000e-07	-1.561329e-06	-3.536351e-09	-1.094151e+01	-2.108739e+02
7.300000e-07	-1.409145e-06	-3.333003e-09	-9.875037e+00	-1.988084e+02
7.400000e-07	-1.256414e-06	-3.115218e-09	-8.804725e+00	-1.861185e+02
7.500000e-07	-1.103197e-06	-2.889634e-09	-7.731010e+00	-1.727557e+02
7.600000e-07	-9.495554e-07	-2.655628e-09	-6.654314e+00	-1.586581e+02
7.700000e-07	-7.956275e-07	-2.403777e-09	-5.575615e+00	-1.437514e+02
7.800000e-07	-6.414996e-07	-2.131773e-09	-4.495515e+00	-1.279541e+02
7.900000e-07	-4.871593e-07	-1.847726e-09	-3.413925e+00	-1.111870e+02
8.000000e-07	-3.326264e-07	-1.552982e-09	-2.330987e+00	-9.338610e+01
8.100000e-07	-1.780076e-07	-1.238633e-09	-1.247446e+00	-7.451811e+01
8.200000e-07	-2.330048e-08	-9.004179e-10	-1.632856e-01	-5.459623e+01
8.300000e-07	1.314769e-07	-5.448016e-10	9.213667e-01	-3.369318e+01
8.400000e-07	2.861852e-07	-1.788059e-10	2.005535e+00	-1.194864e+01
8.500000e-07	4.407475e-07	1.982736e-10	3.088680e+00	1.043161e+01
8.600000e-07	5.951791e-07	5.846936e-10	4.170909e+00	3.318593e+01
8.700000e-07	7.494157e-07	9.708055e-10	5.251771e+00	5.601600e+01
8.800000e-07	9.033948e-07	1.347146e-09	6.330830e+00	7.861229e+01
8.900000e-07	1.057098e-06	1.713000e-09	7.407956e+00	1.006820e+02
9.000000e-07	1.210423e-06	2.069758e-09	8.482426e+00	1.219745e+02
9.100000e-07	1.363327e-06	2.412428e-09	9.553948e+00	1.422998e+02
9.200000e-07	1.515730e-06	2.736004e-09	1.062196e+01	1.615375e+02
9.300000e-07	1.667544e-06	3.039275e-09	1.168585e+01	1.796348e+02
9.400000e-07	1.818695e-06	3.324655e-09	1.274509e+01	1.965953e+02
9.500000e-07	1.969162e-06	3.592580e-09	1.379954e+01	2.124620e+02
9.600000e-07	2.118950e-06	3.841472e-09	1.484923e+01	2.272989e+02
9.700000e-07	2.267976e-06	4.070484e-09	1.589357e+01	2.411751e+02
9.800000e-07	2.416222e-06	4.284235e-09	1.693245e+01	2.541539e+02
9.900000e-07	2.563597e-06	4.488198e-09	1.796523e+01	2.662888e+02
1.000000e-06	2.710103e-06	4.678190e-09	1.899192e+01	2.776247e+02
1.010000e-06	2.855661e-06	4.854653e-09	2.001196e+01	2.882027e+02
1.020000e-06	3.000100e-06	5.021133e-09	2.102417e+01	2.980651e+02
1.030000e-06	3.143496e-06	5.176590e-09	2.202906e+01	3.072594e+02
1.040000e-06	3.285802e-06	5.318841e-09	2.302632e+01	3.158388e+02
1.050000e-06	3.426819e-06	5.451642e-09	2.401453e+01	3.238597e+02
1.060000e-06	3.566409e-06	5.578413e-09	2.499276e+01	3.313775e+02
1.070000e-06	3.704632e-06	5.698186e-09	2.596140e+01	3.384424e+02
1.080000e-06	3.841499e-06	5.808691e-09	2.692054e+01	3.450963e+02
1.090000e-06	3.976880e-06	5.911341e-09	2.786927e+01	3.513718e+02
1.100000e-06	4.110807e-06	6.010786e-09	2.880780e+01	3.572946e+02
1.110000e-06	4.243325e-06	6.105184e-09	2.973646e+01	3.628868e+02
1.120000e-06	4.374313e-06	6.193699e-09	3.065440e+01	3.681703e+02
1.130000e-06	4.503728e-06	6.278200e-09	3.156132e+01	3.731702e+02
1.140000e-06	4.631603e-06	6.358963e-09	3.245745e+01	3.779149e+02
1.150000e-06	4.757882e-06	6.434317e-09	3.334238e+01	3.824352e+02
1.160000e-06	4.882510e-06	6.505325e-09	3.421576e+01	3.867609e+02
1.170000e-06	5.005404e-06	6.574197e-09	3.507698e+01	3.909171e+02
1.180000e-06	5.126465e-06	6.642674e-09	3.592535e+01	3.949219e+02
1.190000e-06	5.245620e-06	6.708621e-09	3.676037e+01	3.987844e+02
1.200000e-06	5.362800e-06	6.769664e-09	3.758154e+01	4.025062e+02
1.210000e-06	5.477936e-06	6.827773e-09	3.838839e+01	4.060840e+02
1.220000e-06	5.590972e-06	6.885554e-09	3.918054e+01	4.095133e+02
1.230000e-06	5.701945e-06	6.942225e-09	3.995821e+01	4.127925e+02
1.240000e-06	5.810950e-06	6.995748e-09	4.072210e+01	4.159255e+02
1.250000e-06	5.917993e-06	7.047697e-09	4.147224e+01	4.189220e+02
1.260000e-06	6.022900e-06	7.098730e-09	4.220740e+01	4.217963e+02
1.270000e-06	6.125527e-06	7.147051e-09	4.292660e+01	4.245639e+02
1.280000e-06	6.225970e-06	7.189370e-09	4.363048e+01	4.272384e+02
1.290000e-06	6.324192e-06	7.227642e-09	4.431880e+01	4.298278e+02
1.300000e-06	6.420107e-06	7.267614e-09	4.499096e+01	4.323332e+02
1.310000e-06	6.513783e-06	7.309789e-09	4.564742e+01	4.347496e+02
1.320000e-06	6.605229e-06	7.349019e-09	4.628826e+01	4.370679e+02
1.330000e-06	6.694348e-06	7.385739e-09	4.691280e+01	4.392788e+02
1.340000e-06	6.781122e-06	7.423101e-09	4.752089e+01	4.413766e+02
1.350000e-06	6.865586e-06	7.460143e-09	4.811280e+01	4.433608e+02
1.360000e-06	6.947589e-06	7.492560e-09	4.868747e+01	4.452375e+02
1.370000e-06	7.027029e-06	7.519120e-09	4.924416e+01	4.470173e+02
1.380000e-06	7.103923e-06	7.546044e-09	4.978302e+01	4.487125e+02
1.390000e-06	7.178164e-06	7.575053e-09	5.030329e+01	4.503336e+02
1.400000e-06	7.249741e-06	7.600581e-09	5.080489e+01	4.518869e+02
1.410000e-06	7.318748e-06	7.622356e-09	5.128848e+01	4.533735e+02
1.420000e-06	7.385107e-06	7.645634e-09	5.175351e+01	4.547904e+02
1.430000e-06	7.448815e-06	7.671502e-09	5.219996e+01	4.561331e+02
1.440000e-06	7.509981e-06	7.694547e-09	5.262860e+01	4.573985e+02
1.450000e-06	7.568554e-06	7.709821e-09	5.303908e+01	4.585874e+02
1.460000e-06	7.624416e-06	7.725292e-09	5.343055e+01	4.597048e+02
1.470000e-06	7.677359e-06	7.741389e-09	5.380156e+01	4.607589e+02
1.480000e-06	7.727103e-06	7.757010e-09	5.415016e+01	4.617582e+02
1.490000e-06	7.773851e-06	7.771512e-09	5.447776e+01	4.627086e+02
1.500000e-06	7.817893e-06	7.787910e-09	5.478640e+01	4.636109e+02
1.510000e-06	7.859109e-06	7.804639e-09	5.507523e+01	4.644605e+02
1.520000e-06	7.897534e-06	7.816924e-09	5.534451e+01	4.652492e+02
1.530000e-06	7.933304e-06	7.824793e-09	5.559517e+01	4.659685e+02
1.540000e-06	7.966211e-06	7.831119e-09	5.582579e+01	4.666124e+02
1.550000e-06	7.996337e-06	7.838803e-09	5.603690e+01	4.671806e+02
1.560000e-06	8.023784e-06	7.843457e-09	5.622925e+01	4.676781e+02
1.570000e-06	8.048300e-06	7.849299e-09	5.640105e+01	4.681138e+02
1.580000e-06	8.069974e-06	7.858535e-09	5.655294e+01	4.684969e+02
1.590000e-06	8.088947e-06	7.868424e-09	5.668589e+01	4.688335e+02
1.600000e-06	8.104989e-06	7.870513e-09	5.679831e+01	4.691240e+02
1.610000e-06	8.117915e-06	7.869567e-09	5.688890e+01	4.693633e+02
1.620000e-06	8.127686e-06	7.871186e-09	5.695737e+01	4.695429e+02
1.630000e-06	8.134483e-06	7.873921e-09	5.700500e+01	4.696548e+02
1.640000e-06	8.138525e-06	7.873560e-09	5.703333e+01	4.696955e+02
1.650000e-06	8.139691e-06	7.871117e-09	5.704150e+01	4.696677e+02
1.660000e-06	8.138084e-06	7.872220e-09	5.703023e+01	4.695802e+02
1.670000e-06	8.133829e-06	7.875062e-09	5.700042e+01	4.694448e+02
1.680000e-06	8.126802e-06	7.872385e-09	5.695117e+01	4.692718e+02
1.690000e-06	8.117068e-06	7.864990e-09	5.688296e+01	4.690652e+02
1.700000e-06	8.104512e-06	7.859219e-09	5.679497e+01	4.688210e+02
1.710000e-06	8.089137e-06	7.854233e-09	5.668723e+01	4.685273e+02
1.720000e-06	8.071297e-06	7.851958e-09	5.656220e+01	4.681679e+02
1.730000e-06	8.051057e-06	7.865004e-09	5.642037e+01	4.677279e+02
1.740000e-06	8.027800e-06	7.898067e-09	5.625739e+01	4.671984e+02
1.750000e-06	8.000824e-06	7.885162e-09	5.606834e+01	4.665792e+02
1.760000e-06	7.970184e-06	7.838614e-09	5.585363e+01	4.658785e+02
1.770000e-06	7.936618e-06	7.802749e-09	5.561840e+01	4.651092e+02
1.780000e-06	7.900721e-06	7.772226e-09	5.536684e+01	4.642834e+02
1.790000e-06	7.862583e-06	7.734286e-09	5.509958e+01	4.634074e+02
1.800000e-06	7.822459e-06	7.748564e-09	5.481839e+01	4.624790e+02
1.810000e-06	7.779990e-06	7.749531e-09	5.452078e+01	4.614882e+02
1.820000e-06	7.734689e-06	7.722150e-09	5.420332e+01	4.604219e+02
1.830000e-06	7.686645e-06	7.758250e-09	5.386664e+01	4.592695e+02
1.840000e-06	7.635417e-06	7.717279e-09	5.350764e+01	4.580280e+02
1.850000e-06	7.581069e-06	7.683228e-09	5.312677e+01	4.567048e+02
1.860000e-06	7.523967e-06	7.648853e-09	5.272661e+01	4.553160e+02
1.870000e-06	7.464277e-06	7.613627e-09	5.230832e+01	4.538812e+02
1.880000e-06	7.402080e-06	7.626053e-09	5.187245e+01	4.524161e+02
1.890000e-06	7.337069e-06	7.585962e-09	5.141687e+01	4.509264e+02
1.900000e-06	7.269329e-06	7.585288e-09	5.094216e+01	4.494046e+02
1.910000e-06	7.198746e-06	7.564607e-09	5.044752e+01	4.478305e+02
1.920000e-06	7.125341e-06	7.518089e-09	4.993311e+01	4.461776e+02
1.930000e-06	7.049273e-06	7.475103e-09	4.940004e+01	4.444205e+02
1.940000e-06	6.970466e-06	7.428987e-09	4.884778e+01	4.425426e+02
1.950000e-06	6.889237e-06	7.419500e-09	4.827854e+01	4.405408e+02
1.960000e-06	6.805555e-06	7.380767e-09	4.769212e+01	4.384251e+02
1.970000e-06	6.719270e-06	7.357859e-09	4.708745e+01	4.362141e+02
1.980000e-06	6.630523e-06	7.326381e-09	4.646552e+01	4.339277e+02
1.990000e-06	6.539510e-06	7.278943e-09	4.582772e+01	4.315788e+02
2.000000e-06	6.446282e-06	7.238315e-09	4.517439e+01	4.291684e+02
2.010000e-06	6.350724e-06	7.182506e-09	4.450474e+01	4.266845e+02
2.020000e-06	6.252935e-06	7.142018e-09	4.381945e+01	4.241057e+02
2.030000e-06	6.152940e-06	7.092296e-09	4.311871e+01	4.214083e+02
2.040000e-06	6.050670e-06	7.052922e-09	4.240201e+01	4.185729e+02
2.050000e-06	5.946145e-06	7.004549e-09	4.166952e+01	4.155905e+02
2.060000e-06	5.839598e-06	6.959081e-09	4.092286e+01	4.124632e+02
2.070000e-06	5.731086e-06	6.909603e-09	4.016242e+01	4.092023e+02
2.080000e-06	5.620448e-06	6.848136e-09	3.938709e+01	4.058225e+02
2.090000e-06	5.507704e-06	6.785639e-09	3.859700e+01	4.023348e+02
2.100000e-06	5.392756e-06	6.717308e-09	3.779147e+01	3.987423e+02
2.110000e-06	5.275671e-06	6.657171e-09	3.697096e+01	3.950379e+02
2.120000e-06	5.156561e-06	6.592998e-09	3.613626e+01	3.912058e+02
2.130000e-06	5.035591e-06	6.530702e-09	3.528852e+01	3.872262e+02
2.140000e-06	4.912848e-06	6.465353e-09	3.442836e+01	3.830803e+02
2.150000e-06	4.788327e-06	6.399454e-09	3.355574e+01	3.787543e+02
2.160000e-06	4.662059e-06	6.321354e-09	3.267088e+01	3.742413e+02
2.170000e-06	4.534100e-06	6.240027e-09	3.177416e+01	3.695400e+02
2.180000e-06	4.404587e-06	6.154153e-09	3.086656e+01	3.646512e+02
2.190000e-06	4.273594e-06	6.070487e-09	2.994858e+01	3.595740e+02
2.200000e-06	4.141118e-06	5.983119e-09	2.902021e+01	3.543030e+02
2.210000e-06	4.007106e-06	5.892636e-09	2.808108e+01	3.488269e+02
2.220000e-06	3.871541e-06	5.797367e-09	2.713107e+01	3.431305e+02
2.230000e-06	3.734496e-06	5.697080e-09	2.617068e+01	3.371965e+02
2.240000e-06	3.596098e-06	5.595461e-09	2.520081e+01	3.310096e+02
2.250000e-06	3.456348e-06	5.486620e-09	2.422147e+01	3.245579e+02
2.260000e-06	3.315310e-06	5.376702e-09	2.323310e+01	3.178328e+02
2.270000e-06	3.173012e-06	5.258169e-09	2.223590e+01	3.108278e+02
2.280000e-06	3.029470e-06	5.135613e-09	2.122998e+01	3.035344e+02
2.290000e-06	2.884838e-06	5.004736e-09	2.021643e+01	2.959397e+02
2.300000e-06	2.739231e-06	4.872093e-09	1.919604e+01	2.880235e+02
2.310000e-06	2.592671e-06	4.732387e-09	1.816898e+01	2.797585e+02
2.320000e-06	2.445238e-06	4.587285e-09	1.713579e+01	2.711116e+02
2.330000e-06	2.296950e-06	4.436017e-09	1.609661e+01	2.620468e+02
2.340000e-06	2.147838e-06	4.277003e-09	1.505166e+01	2.525288e+02
2.350000e-06	1.998078e-06	4.108732e-09	1.400217e+01	2.425254e+02
2.360000e-06	1.847653e-06	3.928710e-09	1.294802e+01	2.320080e+02
2.370000e-06	1.696442e-06	3.739246e-09	1.188836e+01	2.209512e+02
2.380000e-06	1.544572e-06	3.542417e-09	1.082408e+01	2.093291e+02
2.390000e-06	1.392192e-06	3.338048e-09	9.756230e+00	1.971110e+02
2.400000e-06	1.239310e-06	3.123096e-09	8.684864e+00	1.842577e+02
2.410000e-06	1.085977e-06	2.901391e-09	7.610332e+00	1.707173e+02
2.420000e-06	9.322634e-07	2.665960e-09	6.533135e+00	1.564245e+02
2.430000e-06	7.782320e-07	2.412796e-09	5.453711e+00	1.413026e+02
2.440000e-06	6.239915e-07	2.137296e-09	4.372821e+00	1.252697e+02
2.450000e-06	4.696293e-07	1.846938e-09	3.291078e+00	1.082490e+02
2.460000e-06	3.150763e-07	1.541839e-09	2.207998e+00	9.018261e+01
2.470000e-06	1.603413e-07	1.218533e-09	1.123643e+00	7.104750e+01
2.480000e-06	5.598924e-09	8.788687e-10	3.923626e-02	5.087069e+01
2.490000e-06	-1.491397e-07	5.282469e-10	-1.045144e+00	2.974124e+01
2.500000e-06	-3.037970e-07	1.655934e-10	-2.128955e+00	7.815783e+00
2.510000e-06	-4.583004e-07	-2.128393e-10	-3.211687e+00	-1.468460e+01
2.520000e-06	-6.126491e-07	-6.004756e-10	-4.293335e+00	-3.748701e+01
2.530000e-06	-7.667390e-07	-9.874319e-10	-5.373170e+00	-6.028774e+01
2.540000e-06	-9.205870e-07	-1.367184e-09	-6.451309e+00	-8.277885e+01
2.550000e-06	-1.074141e-06	-1.739658e-09	-7.527387e+00	-1.046759e+02
2.560000e-06	-1.227277e-06	-2.097942e-09	-8.600537e+00	-1.257420e+02
2.570000e-06	-1.379956e-06	-2.434582e-09	-9.670487e+00	-1.458042e+02
2.580000e-06	-1.532129e-06	-2.749870e-09	-1.073688e+01	-1.647596e+02
2.590000e-06	-1.683675e-06	-3.051974e-09	-1.179890e+01	-1.825708e+02
2.600000e-06	-1.834524e-06	-3.338112e-09	-1.285602e+01	-1.992529e+02
2.610000e-06	-1.984703e-06	-3.600525e-09	-1.390844e+01	-2.148560e+02
2.620000e-06	-2.134274e-06	-3.841275e-09	-1.495661e+01	-2.294467e+02
2.630000e-06	-2.283113e-06	-4.072867e-09	-1.599964e+01	-2.430932e+02
2.640000e-06	-2.431078e-06	-4.295724e-09	-1.703656e+01	-2.558567e+02
2.650000e-06	-2.578137e-06	-4.500765e-09	-1.806712e+01	-2.677881e+02
2.660000e-06	-2.724302e-06	-4.687369e-09	-1.909142e+01	-2.789310e+02
2.670000e-06	-2.869576e-06	-4.862302e-09	-2.010947e+01	-2.893262e+02
2.680000e-06	-3.013744e-06	-5.027898e-09	-2.111978e+01	-2.990171e+02
2.690000e-06	-3.156694e-06	-5.180323e-09	-2.212155e+01	-3.080528e+02
2.700000e-06	-3.298472e-06	-5.319609e-09	-2.311510e+01	-3.164875e+02
2.710000e-06	-3.439018e-06	-5.450898e-09	-2.410003e+01	-3.243779e+02
2.720000e-06	-3.578249e-06	-5.580011e-09	-2.507573e+01	-3.317783e+02
2.730000e-06	-3.716190e-06	-5.703191e-09	-2.604240e+01	-3.387372e+02
2.740000e-06	-3.852792e-06	-5.816780e-09	-2.699968e+01	-3.452940e+02
2.750000e-06	-3.987910e-06	-5.921896e-09	-2.794656e+01	-3.514794e+02
2.760000e-06	-4.121554e-06	-6.020800e-09	-2.888311e+01	-3.573178e+02
2.770000e-06	-4.253707e-06	-6.112464e-09	-2.980922e+01	-3.628309e+02
2.780000e-06	-4.384324e-06	-6.194613e-09	-3.072456e+01	-3.680414e+02
2.790000e-06	-4.513474e-06	-6.273512e-09	-3.162962e+01	-3.729749e+02
2.800000e-06	-4.641058e-06	-6.354064e-09	-3.252371e+01	-3.776609e+02
2.810000e-06	-4.766957e-06	-6.432861e-09	-3.340598e+01	-3.821301e+02
2.820000e-06	-4.891132e-06	-6.508214e-09	-3.427618e+01	-3.864116e+02
2.830000e-06	-5.013589e-06	-6.581015e-09	-3.513433e+01	-3.905289e+02
2.840000e-06	-5.134254e-06	-6.651210e-09	-3.597994e+01	-3.944978e+02
2.850000e-06	-5.252930e-06	-6.716445e-09	-3.681159e+01	-3.983256e+02
2.860000e-06	-5.369519e-06	-6.774388e-09	-3.762863e+01	-4.020121e+02
2.870000e-06	-5.483980e-06	-6.828124e-09	-3.843075e+01	-4.055533e+02
2.880000e-06	-5.596204e-06	-6.882405e-09	-3.921720e+01	-4.089453e+02
2.890000e-06	-5.706245e-06	-6.936567e-09	-3.998834e+01	-4.121877e+02
2.900000e-06	-5.814279e-06	-6.988421e-09	-4.074543e+01	-4.152857e+02
2.910000e-06	-5.920412e-06	-7.040992e-09	-4.148919e+01	-4.182505e+02
2.920000e-06	-6.024543e-06	-7.095184e-09	-4.221892e+01	-4.210969e+02
2.930000e-06	-6.126444e-06	-7.143659e-09	-4.293303e+01	-4.238405e+02
2.940000e-06	-6.226098e-06	-7.185726e-09	-4.363138e+01	-4.264934e+02
2.950000e-06	-6.323580e-06	-7.225417e-09	-4.431452e+01	-4.290623e+02
2.960000e-06	-6.418854e-06	-7.265380e-09	-4.498218e+01	-4.315464e+02
2.970000e-06	-6.511806e-06	-7.305627e-09	-4.563357e+01	-4.339394e+02
2.980000e-06	-6.602481e-06	-7.344095e-09	-4.626901e+01	-4.362319e+02
2.990000e-06	-6.690919e-06	-7.381458e-09	-4.688876e+01	-4.384152e+02
3.000000e-06	-6.776960e-06	-7.419218e-09	-4.749172e+01	-4.404846e+02
3.010000e-06	-6.860504e-06	-7.453733e-09	-4.807718e+01	-4.424414e+02
3.020000e-06	-6.941645e-06	-7.483222e-09	-4.864581e+01	-4.442931e+02
3.030000e-06	-7.020316e-06	-7.509510e-09	-4.919712e+01	-4.460509e+02
3.040000e-06	-7.096246e-06	-7.536490e-09	-4.972923e+01	-4.477269e+02
3.050000e-06	-7.169446e-06	-7.564502e-09	-5.024220e+01	-4.493310e+02
3.060000e-06	-7.240058e-06	-7.590803e-09	-5.073703e+01	-4.508679e+02
3.070000e-06	-7.308093e-06	-7.615302e-09	-5.121381e+01	-4.523378e+02
3.080000e-06	-7.373599e-06	-7.638463e-09	-5.167286e+01	-4.537368e+02
3.090000e-06	-7.436571e-06	-7.662792e-09	-5.211416e+01	-4.550606e+02
3.100000e-06	-7.496855e-06	-7.686627e-09	-5.253662e+01	-4.563069e+02
3.110000e-06	-7.554400e-06	-7.708353e-09	-5.293988e+01	-4.574776e+02
3.120000e-06	-7.609143e-06	-7.727825e-09	-5.332352e+01	-4.585786e+02
3.130000e-06	-7.660930e-06	-7.748489e-09	-5.368643e+01	-4.596185e+02
3.140000e-06	-7.709644e-06	-7.768689e-09	-5.402781e+01	-4.606055e+02
3.150000e-06	-7.755468e-06	-7.782419e-09	-5.434893e+01	-4.615443e+02
3.160000e-06	-7.798743e-06	-7.792369e-09	-5.465220e+01	-4.624342e+02
3.170000e-06	-7.839483e-06	-7.804888e-09	-5.493770e+01	-4.632697e+02
3.180000e-06	-7.877495e-06	-7.822399e-09	-5.520408e+01	-4.640422e+02
3.190000e-06	-7.912688e-06	-7.838455e-09	-5.545070e+01	-4.647432e+02
3.200000e-06	-7.945096e-06	-7.852818e-09	-5.567781e+01	-4.653683e+02
3.210000e-06	-7.974578e-06	-7.867409e-09	-5.588442e+01	-4.659184e+02
3.220000e-06	-8.001207e-06	-7.878385e-09	-5.607103e+01	-4.663998e+02
3.230000e-06	-8.025081e-06	-7.883196e-09	-5.623834e+01	-4.668218e+02
3.240000e-06	-8.046034e-06	-7.885635e-09	-5.638517e+01	-4.671932e+02
3.250000e-06	-8.064197e-06	-7.891659e-09	-5.651245e+01	-4.675188e+02
3.260000e-06	-8.079520e-06	-7.899982e-09	-5.661983e+01	-4.677974e+02
3.270000e-06	-8.091661e-06	-7.904664e-09	-5.670491e+01	-4.680229e+02
3.280000e-06	-8.100739e-06	-7.907245e-09	-5.676853e+01	-4.681864e+02
3.290000e-06	-8.107008e-06	-7.911679e-09	-5.681246e+01	-4.682809e+02
3.300000e-06	-8.110444e-06	-7.915441e-09	-5.683654e+01	-4.683042e+02
3.310000e-06	-8.111071e-06	-7.914247e-09	-5.684094e+01	-4.682607e+02
