# Temperatura_=_22.92
# Concentracion g/m^3_=_10000.0
# C_Vs_to_Am_M_A/Vsm_=_59384043850.047264
# pendiente_HvsI_1/m_=_3716.3
# ordenada_HvsI_A/m_=_1297.0
# frecuencia_Hz_=_301635.06342756166

Tiempo_(s)	Campo_(V.s)	Magnetizacion_(V.s)	Campo_(kA/m)	Magnetizacion_(A/m)
0.000000e+00	-8.080616e-06	-8.007861e-09	-5.683811e+01	-4.749815e+02
1.000000e-08	-8.076705e-06	-8.004136e-09	-5.681061e+01	-4.748047e+02
2.000000e-08	-8.070191e-06	-7.998980e-09	-5.676479e+01	-4.745829e+02
3.000000e-08	-8.060934e-06	-7.993653e-09	-5.669967e+01	-4.743417e+02
4.000000e-08	-8.048792e-06	-7.991005e-09	-5.661427e+01	-4.740910e+02
5.000000e-08	-8.033709e-06	-7.988167e-09	-5.650818e+01	-4.738189e+02
6.000000e-08	-8.015833e-06	-7.989180e-09	-5.638244e+01	-4.734946e+02
7.000000e-08	-7.995549e-06	-7.993092e-09	-5.623976e+01	-4.730795e+02
8.000000e-08	-7.972665e-06	-7.959369e-09	-5.607880e+01	-4.725421e+02
9.000000e-08	-7.946619e-06	-7.924618e-09	-5.589559e+01	-4.718723e+02
1.000000e-07	-7.917353e-06	-7.917703e-09	-5.568974e+01	-4.710868e+02
1.100000e-07	-7.885143e-06	-7.918725e-09	-5.546318e+01	-4.702264e+02
1.200000e-07	-7.850128e-06	-7.909393e-09	-5.521689e+01	-4.693425e+02
1.300000e-07	-7.812648e-06	-7.889720e-09	-5.495325e+01	-4.684799e+02
1.400000e-07	-7.773081e-06	-7.907632e-09	-5.467495e+01	-4.676607e+02
1.500000e-07	-7.731059e-06	-7.894218e-09	-5.437937e+01	-4.668759e+02
1.600000e-07	-7.686172e-06	-7.886903e-09	-5.406364e+01	-4.660879e+02
1.700000e-07	-7.638615e-06	-7.831153e-09	-5.372913e+01	-4.652421e+02
1.800000e-07	-7.588104e-06	-7.768526e-09	-5.337384e+01	-4.642847e+02
1.900000e-07	-7.534463e-06	-7.790866e-09	-5.299653e+01	-4.631785e+02
2.000000e-07	-7.478045e-06	-7.773834e-09	-5.259970e+01	-4.619128e+02
2.100000e-07	-7.418956e-06	-7.764894e-09	-5.218408e+01	-4.605035e+02
2.200000e-07	-7.357316e-06	-7.733943e-09	-5.175050e+01	-4.589833e+02
2.300000e-07	-7.292985e-06	-7.705531e-09	-5.129801e+01	-4.573877e+02
2.400000e-07	-7.225855e-06	-7.701751e-09	-5.082582e+01	-4.557412e+02
2.500000e-07	-7.156128e-06	-7.638301e-09	-5.033537e+01	-4.540491e+02
2.600000e-07	-7.083744e-06	-7.573504e-09	-4.982623e+01	-4.522973e+02
2.700000e-07	-7.008581e-06	-7.560556e-09	-4.929754e+01	-4.504606e+02
2.800000e-07	-6.930632e-06	-7.584445e-09	-4.874926e+01	-4.485136e+02
2.900000e-07	-6.849953e-06	-7.538612e-09	-4.818177e+01	-4.464416e+02
3.000000e-07	-6.766818e-06	-7.462978e-09	-4.759701e+01	-4.442456e+02
3.100000e-07	-6.681525e-06	-7.443218e-09	-4.699707e+01	-4.419406e+02
3.200000e-07	-6.594015e-06	-7.409088e-09	-4.638153e+01	-4.395483e+02
3.300000e-07	-6.504106e-06	-7.355977e-09	-4.574913e+01	-4.370864e+02
3.400000e-07	-6.411845e-06	-7.300344e-09	-4.510017e+01	-4.345610e+02
3.500000e-07	-6.317297e-06	-7.277215e-09	-4.443513e+01	-4.319625e+02
3.600000e-07	-6.220402e-06	-7.260201e-09	-4.375358e+01	-4.292696e+02
3.700000e-07	-6.121183e-06	-7.201187e-09	-4.305569e+01	-4.264562e+02
3.800000e-07	-6.019759e-06	-7.123211e-09	-4.234229e+01	-4.235003e+02
3.900000e-07	-5.916172e-06	-7.060018e-09	-4.161367e+01	-4.203914e+02
4.000000e-07	-5.810393e-06	-7.027532e-09	-4.086963e+01	-4.171316e+02
4.100000e-07	-5.702568e-06	-6.975323e-09	-4.011120e+01	-4.137331e+02
4.200000e-07	-5.592805e-06	-6.913744e-09	-3.933914e+01	-4.102111e+02
4.300000e-07	-5.481014e-06	-6.861423e-09	-3.855281e+01	-4.065764e+02
4.400000e-07	-5.367032e-06	-6.810874e-09	-3.775108e+01	-4.028308e+02
4.500000e-07	-5.250898e-06	-6.738680e-09	-3.693421e+01	-3.989659e+02
4.600000e-07	-5.132784e-06	-6.643080e-09	-3.610341e+01	-3.949662e+02
4.700000e-07	-5.012765e-06	-6.566050e-09	-3.525921e+01	-3.908142e+02
4.800000e-07	-4.890873e-06	-6.508676e-09	-3.440183e+01	-3.864956e+02
4.900000e-07	-4.767237e-06	-6.447682e-09	-3.353219e+01	-3.820014e+02
5.000000e-07	-4.641929e-06	-6.364460e-09	-3.265079e+01	-3.773279e+02
5.100000e-07	-4.514994e-06	-6.282914e-09	-3.175794e+01	-3.724733e+02
5.200000e-07	-4.386411e-06	-6.203709e-09	-3.085350e+01	-3.674343e+02
5.300000e-07	-4.256185e-06	-6.112156e-09	-2.993751e+01	-3.622036e+02
5.400000e-07	-4.124424e-06	-6.004329e-09	-2.901072e+01	-3.567701e+02
5.500000e-07	-3.991151e-06	-5.899206e-09	-2.807329e+01	-3.511207e+02
5.600000e-07	-3.856441e-06	-5.811764e-09	-2.712576e+01	-3.452438e+02
5.700000e-07	-3.720311e-06	-5.720449e-09	-2.616823e+01	-3.391310e+02
5.800000e-07	-3.582832e-06	-5.610704e-09	-2.520122e+01	-3.327774e+02
5.900000e-07	-3.444031e-06	-5.492888e-09	-2.422491e+01	-3.261794e+02
6.000000e-07	-3.303731e-06	-5.382989e-09	-2.323806e+01	-3.193305e+02
6.100000e-07	-3.162009e-06	-5.264142e-09	-2.224120e+01	-3.122185e+02
6.200000e-07	-3.019097e-06	-5.130004e-09	-2.123597e+01	-3.048235e+02
6.300000e-07	-2.875096e-06	-4.993929e-09	-2.022309e+01	-2.971196e+02
6.400000e-07	-2.730062e-06	-4.865980e-09	-1.920294e+01	-2.890785e+02
6.500000e-07	-2.584017e-06	-4.731671e-09	-1.817567e+01	-2.806741e+02
6.600000e-07	-2.437071e-06	-4.577630e-09	-1.714207e+01	-2.718845e+02
6.700000e-07	-2.289333e-06	-4.417353e-09	-1.610290e+01	-2.626923e+02
6.800000e-07	-2.140801e-06	-4.260394e-09	-1.505815e+01	-2.530816e+02
6.900000e-07	-1.991513e-06	-4.097789e-09	-1.400807e+01	-2.430323e+02
7.000000e-07	-1.841623e-06	-3.914703e-09	-1.295376e+01	-2.325161e+02
7.100000e-07	-1.691148e-06	-3.721570e-09	-1.189534e+01	-2.214942e+02
7.200000e-07	-1.540028e-06	-3.528747e-09	-1.083238e+01	-2.099187e+02
7.300000e-07	-1.388361e-06	-3.328487e-09	-9.765567e+00	-1.977359e+02
7.400000e-07	-1.236204e-06	-3.107020e-09	-8.695315e+00	-1.848918e+02
7.500000e-07	-1.083543e-06	-2.869362e-09	-7.621517e+00	-1.713343e+02
7.600000e-07	-9.303942e-07	-2.630309e-09	-6.544285e+00	-1.570134e+02
7.700000e-07	-7.768608e-07	-2.380978e-09	-5.464349e+00	-1.418778e+02
7.800000e-07	-6.231021e-07	-2.107880e-09	-4.382827e+00	-1.258723e+02
7.900000e-07	-4.691665e-07	-1.815175e-09	-3.300063e+00	-1.089368e+02
8.000000e-07	-3.150821e-07	-1.515593e-09	-2.216251e+00	-9.101379e+01
8.100000e-07	-1.609319e-07	-1.203419e-09	-1.131976e+00	-7.206214e+01
8.200000e-07	-6.702381e-09	-8.646680e-10	-4.714377e-02	-5.207799e+01
8.300000e-07	1.475928e-07	-5.022287e-10	1.038151e+00	-3.111636e+01
8.400000e-07	3.018005e-07	-1.317320e-10	2.122829e+00	-9.307437e+00
8.500000e-07	4.558669e-07	2.409383e-10	3.206514e+00	1.313901e+01
8.600000e-07	6.097903e-07	6.246216e-10	4.289194e+00	3.594456e+01
8.700000e-07	7.634814e-07	1.014556e-09	5.370239e+00	5.878783e+01
8.800000e-07	9.168950e-07	1.393008e-09	6.449333e+00	8.133992e+01
8.900000e-07	1.070014e-06	1.754008e-09	7.526354e+00	1.033015e+02
9.000000e-07	1.222709e-06	2.106762e-09	8.600396e+00	1.244328e+02
9.100000e-07	1.374905e-06	2.450442e-09	9.670919e+00	1.445703e+02
9.200000e-07	1.526651e-06	2.772425e-09	1.073828e+01	1.636269e+02
9.300000e-07	1.677857e-06	3.069125e-09	1.180185e+01	1.815791e+02
9.400000e-07	1.828423e-06	3.350755e-09	1.286091e+01	1.984457e+02
9.500000e-07	1.978338e-06	3.622874e-09	1.391540e+01	2.142666e+02
9.600000e-07	2.127515e-06	3.874823e-09	1.496469e+01	2.290863e+02
9.700000e-07	2.275938e-06	4.101065e-09	1.600869e+01	2.429472e+02
9.800000e-07	2.423583e-06	4.312980e-09	1.704720e+01	2.558905e+02
9.900000e-07	2.570371e-06	4.517730e-09	1.807969e+01	2.679619e+02
1.000000e-06	2.716241e-06	4.705707e-09	1.910572e+01	2.792168e+02
1.010000e-06	2.861117e-06	4.877166e-09	2.012477e+01	2.897219e+02
1.020000e-06	3.004954e-06	5.041975e-09	2.113650e+01	2.995511e+02
1.030000e-06	3.147654e-06	5.202436e-09	2.214023e+01	3.087769e+02
1.040000e-06	3.289154e-06	5.352116e-09	2.313553e+01	3.174619e+02
1.050000e-06	3.429414e-06	5.487630e-09	2.412210e+01	3.256523e+02
1.060000e-06	3.568329e-06	5.615304e-09	2.509921e+01	3.333777e+02
1.070000e-06	3.705821e-06	5.738898e-09	2.606631e+01	3.406561e+02
1.080000e-06	3.841948e-06	5.851670e-09	2.702381e+01	3.475024e+02
1.090000e-06	3.976765e-06	5.952788e-09	2.797210e+01	3.539368e+02
1.100000e-06	4.110110e-06	6.051565e-09	2.891004e+01	3.599900e+02
1.110000e-06	4.241960e-06	6.152188e-09	2.983745e+01	3.657027e+02
1.120000e-06	4.372347e-06	6.247964e-09	3.075458e+01	3.711204e+02
1.130000e-06	4.501154e-06	6.334953e-09	3.166059e+01	3.762857e+02
1.140000e-06	4.628359e-06	6.418580e-09	3.255534e+01	3.812321e+02
1.150000e-06	4.753942e-06	6.501343e-09	3.343867e+01	3.859798e+02
1.160000e-06	4.877854e-06	6.577726e-09	3.431026e+01	3.905381e+02
1.170000e-06	5.000023e-06	6.645581e-09	3.516958e+01	3.949097e+02
1.180000e-06	5.120437e-06	6.712796e-09	3.601656e+01	3.990974e+02
1.190000e-06	5.238993e-06	6.782813e-09	3.685046e+01	4.031085e+02
1.200000e-06	5.355524e-06	6.851213e-09	3.767014e+01	4.069559e+02
1.210000e-06	5.470039e-06	6.914788e-09	3.847562e+01	4.106558e+02
1.220000e-06	5.582462e-06	6.977397e-09	3.926639e+01	4.142230e+02
1.230000e-06	5.692812e-06	7.039036e-09	4.004258e+01	4.176665e+02
1.240000e-06	5.801144e-06	7.095884e-09	4.080457e+01	4.209875e+02
1.250000e-06	5.907449e-06	7.145712e-09	4.155231e+01	4.241818e+02
1.260000e-06	6.011685e-06	7.194031e-09	4.228549e+01	4.272434e+02
1.270000e-06	6.113740e-06	7.244934e-09	4.300333e+01	4.301704e+02
1.280000e-06	6.213561e-06	7.295666e-09	4.370547e+01	4.329678e+02
1.290000e-06	6.311106e-06	7.344559e-09	4.439158e+01	4.356477e+02
1.300000e-06	6.406396e-06	7.390582e-09	4.506185e+01	4.382251e+02
1.310000e-06	6.499476e-06	7.435950e-09	4.571656e+01	4.407130e+02
1.320000e-06	6.590333e-06	7.476339e-09	4.635564e+01	4.431166e+02
1.330000e-06	6.678911e-06	7.511243e-09	4.697868e+01	4.454320e+02
1.340000e-06	6.765144e-06	7.544463e-09	4.758524e+01	4.476482e+02
1.350000e-06	6.849012e-06	7.580886e-09	4.817515e+01	4.497523e+02
1.360000e-06	6.930435e-06	7.617880e-09	4.874787e+01	4.517369e+02
1.370000e-06	7.009369e-06	7.650832e-09	4.930308e+01	4.536040e+02
1.380000e-06	7.085749e-06	7.683509e-09	4.984034e+01	4.553663e+02
1.390000e-06	7.159406e-06	7.716675e-09	5.035843e+01	4.570425e+02
1.400000e-06	7.230402e-06	7.745509e-09	5.085781e+01	4.586509e+02
1.410000e-06	7.298923e-06	7.767578e-09	5.133978e+01	4.602018e+02
1.420000e-06	7.364841e-06	7.788252e-09	5.180343e+01	4.616936e+02
1.430000e-06	7.428084e-06	7.809994e-09	5.224828e+01	4.631140e+02
1.440000e-06	7.488731e-06	7.832045e-09	5.267486e+01	4.644456e+02
1.450000e-06	7.546736e-06	7.851281e-09	5.308286e+01	4.656746e+02
1.460000e-06	7.602051e-06	7.871294e-09	5.347194e+01	4.667976e+02
1.470000e-06	7.654437e-06	7.893567e-09	5.384042e+01	4.678251e+02
1.480000e-06	7.703675e-06	7.914225e-09	5.418675e+01	4.687784e+02
1.490000e-06	7.749979e-06	7.925978e-09	5.451245e+01	4.696821e+02
1.500000e-06	7.793585e-06	7.933091e-09	5.481917e+01	4.705543e+02
1.510000e-06	7.834406e-06	7.943242e-09	5.510630e+01	4.713995e+02
1.520000e-06	7.872425e-06	7.955823e-09	5.537372e+01	4.722065e+02
1.530000e-06	7.907680e-06	7.966960e-09	5.562170e+01	4.729530e+02
1.540000e-06	7.940127e-06	7.977672e-09	5.584993e+01	4.736144e+02
1.550000e-06	7.969892e-06	7.990314e-09	5.605929e+01	4.741751e+02
1.560000e-06	7.996915e-06	7.999268e-09	5.624937e+01	4.746347e+02
1.570000e-06	8.020987e-06	8.002436e-09	5.641869e+01	4.750095e+02
1.580000e-06	8.042260e-06	8.001827e-09	5.656832e+01	4.753262e+02
1.590000e-06	8.060798e-06	8.004768e-09	5.669872e+01	4.756111e+02
1.600000e-06	8.076442e-06	8.009662e-09	5.680875e+01	4.758801e+02
1.610000e-06	8.088981e-06	8.013325e-09	5.689695e+01	4.761315e+02
1.620000e-06	8.098354e-06	8.016348e-09	5.696288e+01	4.763471e+02
1.630000e-06	8.104862e-06	8.021151e-09	5.700866e+01	4.764997e+02
1.640000e-06	8.108640e-06	8.024230e-09	5.703523e+01	4.765650e+02
1.650000e-06	8.109531e-06	8.020292e-09	5.704150e+01	4.765318e+02
1.660000e-06	8.107644e-06	8.016562e-09	5.702823e+01	4.764079e+02
1.670000e-06	8.103094e-06	8.011971e-09	5.699622e+01	4.762166e+02
1.680000e-06	8.095772e-06	8.009379e-09	5.694472e+01	4.759877e+02
1.690000e-06	8.085762e-06	8.005756e-09	5.687431e+01	4.757436e+02
1.700000e-06	8.072932e-06	7.997594e-09	5.678407e+01	4.754891e+02
1.710000e-06	8.057276e-06	7.986202e-09	5.667394e+01	4.752070e+02
1.720000e-06	8.039204e-06	7.964632e-09	5.654682e+01	4.748632e+02
1.730000e-06	8.018731e-06	7.979123e-09	5.640282e+01	4.744195e+02
1.740000e-06	7.995215e-06	7.998182e-09	5.623741e+01	4.738486e+02
1.750000e-06	7.967978e-06	7.986462e-09	5.604583e+01	4.731467e+02
1.760000e-06	7.937128e-06	7.964955e-09	5.582884e+01	4.723376e+02
1.770000e-06	7.903490e-06	7.943712e-09	5.559223e+01	4.714661e+02
1.780000e-06	7.867589e-06	7.903883e-09	5.533971e+01	4.705836e+02
1.790000e-06	7.829461e-06	7.880643e-09	5.507152e+01	4.697306e+02
1.800000e-06	7.789210e-06	7.881315e-09	5.478840e+01	4.689216e+02
1.810000e-06	7.746506e-06	7.824843e-09	5.448802e+01	4.681401e+02
1.820000e-06	7.701119e-06	7.859482e-09	5.416877e+01	4.673427e+02
1.830000e-06	7.653014e-06	7.883719e-09	5.383041e+01	4.664733e+02
1.840000e-06	7.601740e-06	7.862073e-09	5.346975e+01	4.654808e+02
1.850000e-06	7.547440e-06	7.844280e-09	5.308781e+01	4.643342e+02
1.860000e-06	7.490346e-06	7.749730e-09	5.268622e+01	4.630299e+02
1.870000e-06	7.430658e-06	7.753001e-09	5.226638e+01	4.615890e+02
1.880000e-06	7.368410e-06	7.727991e-09	5.182854e+01	4.600465e+02
1.890000e-06	7.303312e-06	7.698043e-09	5.137065e+01	4.584362e+02
1.900000e-06	7.235533e-06	7.703665e-09	5.089390e+01	4.567782e+02
1.910000e-06	7.164912e-06	7.680339e-09	5.039716e+01	4.550727e+02
1.920000e-06	7.091566e-06	7.659032e-09	4.988125e+01	4.533019e+02
1.930000e-06	7.015593e-06	7.564934e-09	4.934687e+01	4.514394e+02
1.940000e-06	6.936834e-06	7.537619e-09	4.879288e+01	4.494615e+02
1.950000e-06	6.855602e-06	7.511834e-09	4.822151e+01	4.473574e+02
1.960000e-06	6.771971e-06	7.479710e-09	4.763326e+01	4.451319e+02
1.970000e-06	6.685854e-06	7.470569e-09	4.702752e+01	4.428027e+02
1.980000e-06	6.597266e-06	7.419694e-09	4.640440e+01	4.403913e+02
1.990000e-06	6.506443e-06	7.385828e-09	4.576556e+01	4.379132e+02
2.000000e-06	6.413420e-06	7.310688e-09	4.511125e+01	4.353705e+02
2.010000e-06	6.318002e-06	7.258161e-09	4.444009e+01	4.327504e+02
2.020000e-06	6.220290e-06	7.209755e-09	4.375279e+01	4.300294e+02
2.030000e-06	6.120337e-06	7.175195e-09	4.304974e+01	4.271817e+02
2.040000e-06	6.018167e-06	7.147012e-09	4.233109e+01	4.241877e+02
2.050000e-06	5.913804e-06	7.092300e-09	4.159701e+01	4.210399e+02
2.060000e-06	5.807411e-06	7.038128e-09	4.084866e+01	4.177437e+02
2.070000e-06	5.698993e-06	6.957767e-09	4.008605e+01	4.143126e+02
2.080000e-06	5.588467e-06	6.901819e-09	3.930863e+01	4.107613e+02
2.090000e-06	5.475878e-06	6.828757e-09	3.851669e+01	4.070988e+02
2.100000e-06	5.361194e-06	6.770132e-09	3.771001e+01	4.033241e+02
2.110000e-06	5.244422e-06	6.715692e-09	3.688865e+01	3.994267e+02
2.120000e-06	5.125562e-06	6.657758e-09	3.605260e+01	3.953901e+02
2.130000e-06	5.004802e-06	6.584360e-09	3.520319e+01	3.911973e+02
2.140000e-06	4.882297e-06	6.498159e-09	3.434151e+01	3.868350e+02
2.150000e-06	4.758069e-06	6.423257e-09	3.346770e+01	3.822958e+02
2.160000e-06	4.632097e-06	6.343068e-09	3.258163e+01	3.775768e+02
2.170000e-06	4.504468e-06	6.266712e-09	3.168390e+01	3.726762e+02
2.180000e-06	4.375230e-06	6.179200e-09	3.077486e+01	3.675897e+02
2.190000e-06	4.244480e-06	6.098069e-09	2.985518e+01	3.623090e+02
2.200000e-06	4.112249e-06	6.005255e-09	2.892508e+01	3.568224e+02
2.210000e-06	3.978538e-06	5.905932e-09	2.798458e+01	3.511168e+02
2.220000e-06	3.843354e-06	5.798176e-09	2.703370e+01	3.451811e+02
2.230000e-06	3.706674e-06	5.699516e-09	2.607231e+01	3.390081e+02
2.240000e-06	3.568690e-06	5.599017e-09	2.510175e+01	3.325934e+02
2.250000e-06	3.429422e-06	5.489376e-09	2.412215e+01	3.259331e+02
2.260000e-06	3.288842e-06	5.371560e-09	2.313333e+01	3.190195e+02
2.270000e-06	3.147036e-06	5.247229e-09	2.213589e+01	3.118385e+02
2.280000e-06	3.004036e-06	5.121176e-09	2.113004e+01	3.043684e+02
2.290000e-06	2.859854e-06	4.984567e-09	2.011588e+01	2.965825e+02
2.300000e-06	2.714626e-06	4.851284e-09	1.909436e+01	2.884525e+02
2.310000e-06	2.568508e-06	4.711272e-09	1.806659e+01	2.799533e+02
2.320000e-06	2.421576e-06	4.568135e-09	1.703308e+01	2.710641e+02
2.330000e-06	2.273753e-06	4.410174e-09	1.599331e+01	2.617685e+02
2.340000e-06	2.125054e-06	4.244115e-09	1.494738e+01	2.520499e+02
2.350000e-06	1.975664e-06	4.070926e-09	1.389659e+01	2.418865e+02
2.360000e-06	1.825606e-06	3.888516e-09	1.284110e+01	2.312476e+02
2.370000e-06	1.674922e-06	3.698561e-09	1.178121e+01	2.200917e+02
2.380000e-06	1.523716e-06	3.502025e-09	1.071764e+01	2.083691e+02
2.390000e-06	1.371954e-06	3.299627e-09	9.650163e+00	1.960256e+02
2.400000e-06	1.219604e-06	3.085897e-09	8.578552e+00	1.830075e+02
2.410000e-06	1.066767e-06	2.857897e-09	7.503517e+00	1.692635e+02
2.420000e-06	9.135571e-07	2.613370e-09	6.425855e+00	1.547434e+02
2.430000e-06	7.600387e-07	2.355228e-09	5.346024e+00	1.393954e+02
2.440000e-06	6.063006e-07	2.079320e-09	4.264648e+00	1.231627e+02
2.450000e-06	4.523932e-07	1.787331e-09	3.182081e+00	1.059850e+02
2.460000e-06	2.983113e-07	1.479696e-09	2.098287e+00	8.780722e+01
2.470000e-06	1.440565e-07	1.159940e-09	1.013276e+00	6.859548e+01
2.480000e-06	-1.023679e-08	8.230382e-10	-7.200441e-02	4.835868e+01
2.490000e-06	-1.644431e-07	4.696587e-10	-1.156673e+00	2.716949e+01
2.500000e-06	-3.185478e-07	1.024449e-10	-2.240628e+00	5.178144e+00
2.510000e-06	-4.725298e-07	-2.764092e-10	-3.323720e+00	-1.738678e+01
2.520000e-06	-6.263679e-07	-6.649131e-10	-4.405799e+00	-4.023322e+01
2.530000e-06	-7.799772e-07	-1.055531e-09	-5.486269e+00	-6.303436e+01
2.540000e-06	-9.332760e-07	-1.436173e-09	-6.564555e+00	-8.546538e+01
2.550000e-06	-1.086198e-06	-1.801334e-09	-7.640190e+00	-1.072395e+02
2.560000e-06	-1.238654e-06	-2.149937e-09	-8.712548e+00	-1.281349e+02
2.570000e-06	-1.390593e-06	-2.483396e-09	-9.781268e+00	-1.480079e+02
2.580000e-06	-1.542023e-06	-2.799920e-09	-1.084641e+01	-1.667889e+02
2.590000e-06	-1.692915e-06	-3.099873e-09	-1.190777e+01	-1.844672e+02
2.600000e-06	-1.843208e-06	-3.382245e-09	-1.296491e+01	-2.010687e+02
2.610000e-06	-1.992817e-06	-3.647206e-09	-1.401724e+01	-2.166355e+02
2.620000e-06	-2.141690e-06	-3.893280e-09	-1.506440e+01	-2.312120e+02
2.630000e-06	-2.289825e-06	-4.122793e-09	-1.610636e+01	-2.448400e+02
2.640000e-06	-2.437188e-06	-4.336209e-09	-1.714290e+01	-2.575611e+02
2.650000e-06	-2.583744e-06	-4.536010e-09	-1.817375e+01	-2.694231e+02
2.660000e-06	-2.729371e-06	-4.723536e-09	-1.919808e+01	-2.804843e+02
2.670000e-06	-2.873941e-06	-4.896874e-09	-2.021497e+01	-2.908138e+02
2.680000e-06	-3.017393e-06	-5.058809e-09	-2.122399e+01	-3.004860e+02
2.690000e-06	-3.159673e-06	-5.212961e-09	-2.222477e+01	-3.095716e+02
2.700000e-06	-3.300739e-06	-5.358721e-09	-2.321702e+01	-3.181297e+02
2.710000e-06	-3.440576e-06	-5.495340e-09	-2.420061e+01	-3.262021e+02
2.720000e-06	-3.579173e-06	-5.624255e-09	-2.517548e+01	-3.338147e+02
2.730000e-06	-3.716398e-06	-5.745436e-09	-2.614071e+01	-3.409840e+02
2.740000e-06	-3.852201e-06	-5.861967e-09	-2.709594e+01	-3.477254e+02
2.750000e-06	-3.986654e-06	-5.971007e-09	-2.804166e+01	-3.540616e+02
2.760000e-06	-4.119733e-06	-6.070474e-09	-2.897772e+01	-3.600260e+02
2.770000e-06	-4.251349e-06	-6.163493e-09	-2.990349e+01	-3.656610e+02
2.780000e-06	-4.381449e-06	-6.252953e-09	-3.081860e+01	-3.710122e+02
2.790000e-06	-4.510005e-06	-6.339466e-09	-3.172285e+01	-3.761206e+02
2.800000e-06	-4.636930e-06	-6.420012e-09	-3.261563e+01	-3.810163e+02
2.810000e-06	-4.762205e-06	-6.497654e-09	-3.349679e+01	-3.857165e+02
2.820000e-06	-4.885798e-06	-6.577094e-09	-3.436613e+01	-3.902284e+02
2.830000e-06	-5.007600e-06	-6.654178e-09	-3.522288e+01	-3.945540e+02
2.840000e-06	-5.127553e-06	-6.723280e-09	-3.606661e+01	-3.986970e+02
2.850000e-06	-5.245584e-06	-6.786398e-09	-3.689683e+01	-4.026661e+02
2.860000e-06	-5.361575e-06	-6.848371e-09	-3.771270e+01	-4.064755e+02
2.870000e-06	-5.475385e-06	-6.909252e-09	-3.851322e+01	-4.101414e+02
2.880000e-06	-5.587003e-06	-6.966400e-09	-3.929833e+01	-4.136775e+02
2.890000e-06	-5.696548e-06	-7.021872e-09	-4.006885e+01	-4.170909e+02
2.900000e-06	-5.804116e-06	-7.077567e-09	-4.082548e+01	-4.203812e+02
2.910000e-06	-5.909716e-06	-7.134208e-09	-4.156825e+01	-4.235432e+02
2.920000e-06	-6.013203e-06	-7.187372e-09	-4.229617e+01	-4.265715e+02
2.930000e-06	-6.114493e-06	-7.233353e-09	-4.300863e+01	-4.294657e+02
2.940000e-06	-6.213613e-06	-7.277195e-09	-4.370583e+01	-4.322328e+02
2.950000e-06	-6.310564e-06	-7.321209e-09	-4.438777e+01	-4.348859e+02
2.960000e-06	-6.405274e-06	-7.361751e-09	-4.505395e+01	-4.374404e+02
2.970000e-06	-6.497717e-06	-7.399735e-09	-4.570419e+01	-4.399074e+02
2.980000e-06	-6.587906e-06	-7.439259e-09	-4.633857e+01	-4.422901e+02
2.990000e-06	-6.675788e-06	-7.479412e-09	-4.695672e+01	-4.445824e+02
3.000000e-06	-6.761308e-06	-7.517361e-09	-4.755825e+01	-4.467720e+02
3.010000e-06	-6.844395e-06	-7.552019e-09	-4.814268e+01	-4.488470e+02
3.020000e-06	-6.925048e-06	-7.584707e-09	-4.870999e+01	-4.508020e+02
3.030000e-06	-7.003154e-06	-7.614977e-09	-4.925937e+01	-4.526417e+02
3.040000e-06	-7.078567e-06	-7.643488e-09	-4.978981e+01	-4.543810e+02
3.050000e-06	-7.151290e-06	-7.670678e-09	-5.030134e+01	-4.560392e+02
3.060000e-06	-7.221406e-06	-7.696486e-09	-5.079453e+01	-4.576330e+02
3.070000e-06	-7.288979e-06	-7.722579e-09	-5.126983e+01	-4.591701e+02
3.080000e-06	-7.354010e-06	-7.747769e-09	-5.172725e+01	-4.606459e+02
3.090000e-06	-7.416428e-06	-7.772012e-09	-5.216629e+01	-4.620462e+02
3.100000e-06	-7.476149e-06	-7.795363e-09	-5.258636e+01	-4.633535e+02
3.110000e-06	-7.533183e-06	-7.817187e-09	-5.298753e+01	-4.645561e+02
3.120000e-06	-7.587449e-06	-7.836969e-09	-5.336924e+01	-4.656542e+02
3.130000e-06	-7.638793e-06	-7.854904e-09	-5.373038e+01	-4.666612e+02
3.140000e-06	-7.687071e-06	-7.872525e-09	-5.406997e+01	-4.676003e+02
3.150000e-06	-7.732465e-06	-7.886187e-09	-5.438926e+01	-4.684953e+02
3.160000e-06	-7.775353e-06	-7.898021e-09	-5.469093e+01	-4.693613e+02
3.170000e-06	-7.815669e-06	-7.911894e-09	-5.497451e+01	-4.701990e+02
3.180000e-06	-7.853161e-06	-7.928162e-09	-5.523822e+01	-4.709936e+02
3.190000e-06	-7.887925e-06	-7.944807e-09	-5.548275e+01	-4.717213e+02
3.200000e-06	-7.919972e-06	-7.958850e-09	-5.570816e+01	-4.723589e+02
3.210000e-06	-7.949085e-06	-7.969574e-09	-5.591294e+01	-4.728940e+02
3.220000e-06	-7.975355e-06	-7.977225e-09	-5.609772e+01	-4.733308e+02
3.230000e-06	-7.998873e-06	-7.982576e-09	-5.626314e+01	-4.736887e+02
3.240000e-06	-8.019530e-06	-7.987189e-09	-5.640844e+01	-4.739956e+02
3.250000e-06	-8.037390e-06	-7.993360e-09	-5.653407e+01	-4.742760e+02
3.260000e-06	-8.052326e-06	-8.000008e-09	-5.663913e+01	-4.745419e+02
3.270000e-06	-8.064141e-06	-8.005640e-09	-5.672223e+01	-4.747869e+02
3.280000e-06	-8.072985e-06	-8.008882e-09	-5.678444e+01	-4.749898e+02
3.290000e-06	-8.078912e-06	-8.009090e-09	-5.682612e+01	-4.751229e+02
3.300000e-06	-8.082013e-06	-8.010155e-09	-5.684794e+01	-4.751643e+02
3.310000e-06	-8.082399e-06	-8.012179e-09	-5.685065e+01	-4.751074e+02
