# Temperatura_=_15.52
# Concentracion g/m^3_=_10000.0
# C_Vs_to_Am_M_A/Vsm_=_59384043850.047264
# pendiente_HvsI_1/m_=_3716.3
# ordenada_HvsI_A/m_=_1297.0
# frecuencia_Hz_=_301644.36951467907

Tiempo_(s)	Campo_(V.s)	Magnetizacion_(V.s)	Campo_(kA/m)	Magnetizacion_(A/m)
0.000000e+00	-8.074988e-06	-6.826374e-09	-5.683706e+01	-4.047069e+02
1.000000e-08	-8.071479e-06	-6.821825e-09	-5.681236e+01	-4.044726e+02
2.000000e-08	-8.065358e-06	-6.815401e-09	-5.676927e+01	-4.042414e+02
3.000000e-08	-8.056615e-06	-6.811384e-09	-5.670774e+01	-4.040510e+02
4.000000e-08	-8.045010e-06	-6.811978e-09	-5.662606e+01	-4.039067e+02
5.000000e-08	-8.030415e-06	-6.811872e-09	-5.652332e+01	-4.037775e+02
6.000000e-08	-8.012974e-06	-6.808462e-09	-5.640056e+01	-4.036067e+02
7.000000e-08	-7.993078e-06	-6.805095e-09	-5.626052e+01	-4.033322e+02
8.000000e-08	-7.970671e-06	-6.800872e-09	-5.610281e+01	-4.029103e+02
9.000000e-08	-7.945134e-06	-6.790519e-09	-5.592306e+01	-4.023336e+02
1.000000e-07	-7.916286e-06	-6.757408e-09	-5.572001e+01	-4.016347e+02
1.100000e-07	-7.884486e-06	-6.742090e-09	-5.549618e+01	-4.008769e+02
1.200000e-07	-7.849929e-06	-6.755306e-09	-5.525295e+01	-4.001317e+02
1.300000e-07	-7.812858e-06	-6.749668e-09	-5.499202e+01	-3.994536e+02
1.400000e-07	-7.773647e-06	-6.728266e-09	-5.471602e+01	-3.988606e+02
1.500000e-07	-7.732072e-06	-6.735130e-09	-5.442339e+01	-3.983270e+02
1.600000e-07	-7.687662e-06	-6.747710e-09	-5.411080e+01	-3.977921e+02
1.700000e-07	-7.640522e-06	-6.687089e-09	-5.377900e+01	-3.971808e+02
1.800000e-07	-7.590493e-06	-6.660495e-09	-5.342686e+01	-3.964286e+02
1.900000e-07	-7.537317e-06	-6.654146e-09	-5.305258e+01	-3.955020e+02
2.000000e-07	-7.481388e-06	-6.642993e-09	-5.265891e+01	-3.944070e+02
2.100000e-07	-7.422820e-06	-6.636922e-09	-5.224667e+01	-3.931831e+02
2.200000e-07	-7.361577e-06	-6.592171e-09	-5.181561e+01	-3.918854e+02
2.300000e-07	-7.297644e-06	-6.592538e-09	-5.136560e+01	-3.905627e+02
2.400000e-07	-7.230919e-06	-6.581104e-09	-5.089595e+01	-3.892390e+02
2.500000e-07	-7.161557e-06	-6.537422e-09	-5.040774e+01	-3.879060e+02
2.600000e-07	-7.089601e-06	-6.497921e-09	-4.990126e+01	-3.865291e+02
2.700000e-07	-7.014896e-06	-6.488739e-09	-4.937544e+01	-3.850623e+02
2.800000e-07	-6.937397e-06	-6.482197e-09	-4.882995e+01	-3.834683e+02
2.900000e-07	-6.857167e-06	-6.435180e-09	-4.826524e+01	-3.817331e+02
3.000000e-07	-6.774444e-06	-6.396855e-09	-4.768298e+01	-3.798711e+02
3.100000e-07	-6.689488e-06	-6.360746e-09	-4.708500e+01	-3.779180e+02
3.200000e-07	-6.602248e-06	-6.339274e-09	-4.647095e+01	-3.759156e+02
3.300000e-07	-6.512644e-06	-6.308611e-09	-4.584026e+01	-3.738932e+02
3.400000e-07	-6.420752e-06	-6.262704e-09	-4.519346e+01	-3.718552e+02
3.500000e-07	-6.326603e-06	-6.241159e-09	-4.453078e+01	-3.697776e+02
3.600000e-07	-6.230119e-06	-6.217034e-09	-4.385166e+01	-3.676166e+02
3.700000e-07	-6.131271e-06	-6.167144e-09	-4.315590e+01	-3.653242e+02
3.800000e-07	-6.030183e-06	-6.102904e-09	-4.244438e+01	-3.628658e+02
3.900000e-07	-5.926928e-06	-6.062962e-09	-4.171761e+01	-3.602319e+02
4.000000e-07	-5.821513e-06	-6.029207e-09	-4.097563e+01	-3.574403e+02
4.100000e-07	-5.714018e-06	-5.982396e-09	-4.021900e+01	-3.545272e+02
4.200000e-07	-5.604547e-06	-5.932222e-09	-3.944848e+01	-3.515320e+02
4.300000e-07	-5.493053e-06	-5.889019e-09	-3.866371e+01	-3.484806e+02
4.400000e-07	-5.379455e-06	-5.845093e-09	-3.786413e+01	-3.453749e+02
4.500000e-07	-5.263731e-06	-5.780494e-09	-3.704959e+01	-3.421914e+02
4.600000e-07	-5.145971e-06	-5.709723e-09	-3.622072e+01	-3.388900e+02
4.700000e-07	-5.026309e-06	-5.650281e-09	-3.537846e+01	-3.354285e+02
4.800000e-07	-4.904810e-06	-5.595843e-09	-3.452327e+01	-3.317774e+02
4.900000e-07	-4.781505e-06	-5.529909e-09	-3.365537e+01	-3.279294e+02
5.000000e-07	-4.656498e-06	-5.459923e-09	-3.277549e+01	-3.238991e+02
5.100000e-07	-4.529843e-06	-5.397447e-09	-3.188400e+01	-3.197146e+02
5.200000e-07	-4.401491e-06	-5.333113e-09	-3.098058e+01	-3.154035e+02
5.300000e-07	-4.271555e-06	-5.252333e-09	-3.006600e+01	-3.109793e+02
5.400000e-07	-4.140098e-06	-5.165695e-09	-2.914072e+01	-3.064341e+02
5.500000e-07	-4.007199e-06	-5.084220e-09	-2.820530e+01	-3.017388e+02
5.600000e-07	-3.872783e-06	-5.005081e-09	-2.725919e+01	-2.968523e+02
5.700000e-07	-3.736883e-06	-4.916730e-09	-2.630263e+01	-2.917349e+02
5.800000e-07	-3.599767e-06	-4.822931e-09	-2.533752e+01	-2.863603e+02
5.900000e-07	-3.461297e-06	-4.733297e-09	-2.436288e+01	-2.807223e+02
6.000000e-07	-3.321249e-06	-4.639993e-09	-2.337713e+01	-2.748328e+02
6.100000e-07	-3.179788e-06	-4.533213e-09	-2.238143e+01	-2.687132e+02
6.200000e-07	-3.037123e-06	-4.418249e-09	-2.137727e+01	-2.623809e+02
6.300000e-07	-2.893329e-06	-4.307470e-09	-2.036515e+01	-2.558378e+02
6.400000e-07	-2.748455e-06	-4.196300e-09	-1.934543e+01	-2.490643e+02
6.500000e-07	-2.602590e-06	-4.076215e-09	-1.831873e+01	-2.420200e+02
6.600000e-07	-2.455853e-06	-3.949311e-09	-1.728590e+01	-2.346530e+02
6.700000e-07	-2.308276e-06	-3.822572e-09	-1.624716e+01	-2.269110e+02
6.800000e-07	-2.159956e-06	-3.689718e-09	-1.520319e+01	-2.187528e+02
6.900000e-07	-2.011000e-06	-3.541720e-09	-1.415474e+01	-2.101539e+02
7.000000e-07	-1.861356e-06	-3.382609e-09	-1.310145e+01	-2.011058e+02
7.100000e-07	-1.711020e-06	-3.222273e-09	-1.204328e+01	-1.916085e+02
7.200000e-07	-1.560006e-06	-3.057820e-09	-1.098034e+01	-1.816594e+02
7.300000e-07	-1.408394e-06	-2.880360e-09	-9.913201e+00	-1.712431e+02
7.400000e-07	-1.256333e-06	-2.692743e-09	-8.842897e+00	-1.603238e+02
7.500000e-07	-1.103859e-06	-2.499934e-09	-7.769682e+00	-1.488451e+02
7.600000e-07	-9.510250e-07	-2.299734e-09	-6.693938e+00	-1.367345e+02
7.700000e-07	-7.978357e-07	-2.081886e-09	-5.615690e+00	-1.239128e+02
7.800000e-07	-6.443047e-07	-1.846221e-09	-4.535039e+00	-1.103050e+02
7.900000e-07	-4.905250e-07	-1.600559e-09	-3.452637e+00	-9.585149e+01
8.000000e-07	-3.365545e-07	-1.345781e-09	-2.368891e+00	-8.051675e+01
8.100000e-07	-1.824242e-07	-1.074781e-09	-1.284021e+00	-6.429622e+01
8.200000e-07	-2.819728e-08	-7.833735e-10	-1.984709e-01	-4.722163e+01
8.300000e-07	1.260093e-07	-4.795696e-10	8.869362e-01	-2.936500e+01
8.400000e-07	2.801506e-07	-1.681312e-10	1.971884e+00	-1.084131e+01
8.500000e-07	4.341700e-07	1.524291e-10	3.055973e+00	8.191275e+00
8.600000e-07	5.880210e-07	4.824016e-10	4.138877e+00	2.753500e+01
8.700000e-07	7.415974e-07	8.103669e-10	5.219849e+00	4.696150e+01
8.800000e-07	8.947966e-07	1.129660e-09	6.298165e+00	6.622642e+01
8.900000e-07	1.047692e-06	1.442931e-09	7.374343e+00	8.508863e+01
9.000000e-07	1.200269e-06	1.749994e-09	8.448279e+00	1.033312e+02
9.100000e-07	1.352443e-06	2.045104e-09	9.519379e+00	1.207801e+02
9.200000e-07	1.504141e-06	2.323049e-09	1.058713e+01	1.373174e+02
9.300000e-07	1.655305e-06	2.585347e-09	1.165112e+01	1.528851e+02
9.400000e-07	1.805861e-06	2.831969e-09	1.271084e+01	1.674802e+02
9.500000e-07	1.955725e-06	3.062915e-09	1.376568e+01	1.811412e+02
9.600000e-07	2.104912e-06	3.277904e-09	1.481575e+01	1.939306e+02
9.700000e-07	2.253403e-06	3.476493e-09	1.586093e+01	2.059176e+02
9.800000e-07	2.401107e-06	3.662565e-09	1.690057e+01	2.171637e+02
9.900000e-07	2.547945e-06	3.838495e-09	1.793411e+01	2.277159e+02
1.000000e-06	2.693876e-06	4.002463e-09	1.896126e+01	2.376064e+02
1.010000e-06	2.838779e-06	4.156276e-09	1.998119e+01	2.468588e+02
1.020000e-06	2.982617e-06	4.302592e-09	2.099361e+01	2.554957e+02
1.030000e-06	3.125392e-06	4.439799e-09	2.199855e+01	2.635471e+02
1.040000e-06	3.267032e-06	4.565103e-09	2.299551e+01	2.710543e+02
1.050000e-06	3.407395e-06	4.680857e-09	2.398348e+01	2.780697e+02
1.060000e-06	3.546376e-06	4.791775e-09	2.496172e+01	2.846513e+02
1.070000e-06	3.684003e-06	4.897181e-09	2.593043e+01	2.908550e+02
1.080000e-06	3.820205e-06	4.993744e-09	2.688911e+01	2.967274e+02
1.090000e-06	3.954986e-06	5.084579e-09	2.783779e+01	3.022998e+02
1.100000e-06	4.088443e-06	5.174290e-09	2.877714e+01	3.075889e+02
1.110000e-06	4.220419e-06	5.262625e-09	2.970607e+01	3.125996e+02
1.120000e-06	4.350812e-06	5.343975e-09	3.062387e+01	3.173334e+02
1.130000e-06	4.479705e-06	5.418188e-09	3.153110e+01	3.217962e+02
1.140000e-06	4.607046e-06	5.489442e-09	3.242741e+01	3.260046e+02
1.150000e-06	4.732815e-06	5.556852e-09	3.331265e+01	3.299883e+02
1.160000e-06	4.856968e-06	5.619734e-09	3.418652e+01	3.337863e+02
1.170000e-06	4.979393e-06	5.679062e-09	3.504823e+01	3.374402e+02
1.180000e-06	5.100000e-06	5.739114e-09	3.589714e+01	3.409843e+02
1.190000e-06	5.218764e-06	5.799743e-09	3.673308e+01	3.444381e+02
1.200000e-06	5.335563e-06	5.857811e-09	3.755519e+01	3.478022e+02
1.210000e-06	5.450257e-06	5.912181e-09	3.836248e+01	3.510605e+02
1.220000e-06	5.562849e-06	5.967229e-09	3.915498e+01	3.541876e+02
1.230000e-06	5.673407e-06	6.021092e-09	3.993316e+01	3.571597e+02
1.240000e-06	5.782056e-06	6.069042e-09	4.069790e+01	3.599647e+02
1.250000e-06	5.888708e-06	6.112703e-09	4.144858e+01	3.626085e+02
1.260000e-06	5.993172e-06	6.155688e-09	4.218387e+01	3.651145e+02
1.270000e-06	6.095485e-06	6.198423e-09	4.290402e+01	3.675174e+02
1.280000e-06	6.195616e-06	6.237823e-09	4.360881e+01	3.698517e+02
1.290000e-06	6.293435e-06	6.276184e-09	4.429732e+01	3.721402e+02
1.300000e-06	6.388966e-06	6.314999e-09	4.496973e+01	3.743865e+02
1.310000e-06	6.482326e-06	6.354274e-09	4.562686e+01	3.765735e+02
1.320000e-06	6.573446e-06	6.389637e-09	4.626822e+01	3.786705e+02
1.330000e-06	6.662163e-06	6.421768e-09	4.689267e+01	3.806445e+02
1.340000e-06	6.748536e-06	6.454183e-09	4.750062e+01	3.824738e+02
1.350000e-06	6.832648e-06	6.485680e-09	4.809265e+01	3.841565e+02
1.360000e-06	6.914340e-06	6.513116e-09	4.866766e+01	3.857130e+02
1.370000e-06	6.993533e-06	6.535150e-09	4.922507e+01	3.871795e+02
1.380000e-06	7.070192e-06	6.557698e-09	4.976465e+01	3.885954e+02
1.390000e-06	7.144164e-06	6.583826e-09	5.028531e+01	3.899895e+02
1.400000e-06	7.215484e-06	6.608550e-09	5.078731e+01	3.913697e+02
1.410000e-06	7.284293e-06	6.630875e-09	5.127163e+01	3.927205e+02
1.420000e-06	7.350541e-06	6.653594e-09	5.173793e+01	3.940094e+02
1.430000e-06	7.414130e-06	6.674663e-09	5.218551e+01	3.952004e+02
1.440000e-06	7.475137e-06	6.691766e-09	5.261491e+01	3.962688e+02
1.450000e-06	7.533550e-06	6.704584e-09	5.302606e+01	3.972121e+02
1.460000e-06	7.589258e-06	6.716002e-09	5.341818e+01	3.980528e+02
1.470000e-06	7.642011e-06	6.727235e-09	5.378949e+01	3.988305e+02
1.480000e-06	7.691602e-06	6.739326e-09	5.413853e+01	3.995884e+02
1.490000e-06	7.738284e-06	6.752454e-09	5.446712e+01	4.003565e+02
1.500000e-06	7.782265e-06	6.766308e-09	5.477668e+01	4.011405e+02
1.510000e-06	7.823451e-06	6.779329e-09	5.506657e+01	4.019191e+02
1.520000e-06	7.861872e-06	6.790712e-09	5.533701e+01	4.026521e+02
1.530000e-06	7.897544e-06	6.801114e-09	5.558809e+01	4.032962e+02
1.540000e-06	7.930368e-06	6.808200e-09	5.581913e+01	4.038217e+02
1.550000e-06	7.960476e-06	6.813334e-09	5.603105e+01	4.042249e+02
1.560000e-06	7.987876e-06	6.816506e-09	5.622391e+01	4.045300e+02
1.570000e-06	8.012343e-06	6.818379e-09	5.639612e+01	4.047805e+02
1.580000e-06	8.034008e-06	6.821571e-09	5.654861e+01	4.050223e+02
1.590000e-06	8.053002e-06	6.827748e-09	5.668230e+01	4.052854e+02
1.600000e-06	8.069095e-06	6.833100e-09	5.679558e+01	4.055722e+02
1.610000e-06	8.082089e-06	6.835227e-09	5.688704e+01	4.058556e+02
1.620000e-06	8.091920e-06	6.836665e-09	5.695624e+01	4.060893e+02
1.630000e-06	8.098772e-06	6.837899e-09	5.700447e+01	4.062263e+02
1.640000e-06	8.102836e-06	6.837220e-09	5.703307e+01	4.062379e+02
1.650000e-06	8.104033e-06	6.835012e-09	5.704150e+01	4.061261e+02
1.660000e-06	8.102501e-06	6.833639e-09	5.703071e+01	4.059243e+02
1.670000e-06	8.098379e-06	6.830797e-09	5.700170e+01	4.056853e+02
1.680000e-06	8.091489e-06	6.826929e-09	5.695321e+01	4.054612e+02
1.690000e-06	8.081874e-06	6.821924e-09	5.688553e+01	4.052827e+02
1.700000e-06	8.069500e-06	6.816798e-09	5.679843e+01	4.051457e+02
1.710000e-06	8.054326e-06	6.812254e-09	5.669163e+01	4.050114e+02
1.720000e-06	8.036670e-06	6.806283e-09	5.656735e+01	4.048195e+02
1.730000e-06	8.016612e-06	6.802469e-09	5.642617e+01	4.045105e+02
1.740000e-06	7.993588e-06	6.793791e-09	5.626411e+01	4.040484e+02
1.750000e-06	7.966879e-06	6.811163e-09	5.607612e+01	4.034359e+02
1.760000e-06	7.936462e-06	6.802574e-09	5.586202e+01	4.027150e+02
1.770000e-06	7.903144e-06	6.756352e-09	5.562750e+01	4.019532e+02
1.780000e-06	7.867590e-06	6.736572e-09	5.537726e+01	4.012202e+02
1.790000e-06	7.829776e-06	6.742573e-09	5.511110e+01	4.005628e+02
1.800000e-06	7.789826e-06	6.698282e-09	5.482990e+01	3.999881e+02
1.810000e-06	7.747543e-06	6.692549e-09	5.453229e+01	3.994602e+02
1.820000e-06	7.702577e-06	6.718211e-09	5.421579e+01	3.989126e+02
1.830000e-06	7.654916e-06	6.705171e-09	5.388031e+01	3.982705e+02
1.840000e-06	7.604131e-06	6.736765e-09	5.352286e+01	3.974757e+02
1.850000e-06	7.550263e-06	6.675308e-09	5.314370e+01	3.965043e+02
1.860000e-06	7.493585e-06	6.639738e-09	5.274476e+01	3.953717e+02
1.870000e-06	7.434234e-06	6.632825e-09	5.232701e+01	3.941234e+02
1.880000e-06	7.372379e-06	6.586942e-09	5.189163e+01	3.928150e+02
1.890000e-06	7.307813e-06	6.595463e-09	5.143718e+01	3.914904e+02
1.900000e-06	7.240588e-06	6.563974e-09	5.096401e+01	3.901657e+02
1.910000e-06	7.170516e-06	6.558569e-09	5.047080e+01	3.888252e+02
1.920000e-06	7.097574e-06	6.521925e-09	4.995738e+01	3.874294e+02
1.930000e-06	7.021972e-06	6.480621e-09	4.942525e+01	3.859330e+02
1.940000e-06	6.943638e-06	6.466128e-09	4.887388e+01	3.843033e+02
1.950000e-06	6.862772e-06	6.418839e-09	4.830469e+01	3.825334e+02
1.960000e-06	6.779510e-06	6.419515e-09	4.771863e+01	3.806441e+02
1.970000e-06	6.693836e-06	6.374662e-09	4.711561e+01	3.786743e+02
1.980000e-06	6.605717e-06	6.344449e-09	4.649537e+01	3.766643e+02
1.990000e-06	6.515299e-06	6.307910e-09	4.585895e+01	3.746381e+02
2.000000e-06	6.422609e-06	6.261309e-09	4.520653e+01	3.725928e+02
2.010000e-06	6.327549e-06	6.235035e-09	4.453744e+01	3.704983e+02
2.020000e-06	6.230251e-06	6.187745e-09	4.385259e+01	3.683080e+02
2.030000e-06	6.130767e-06	6.166203e-09	4.315236e+01	3.659759e+02
2.040000e-06	6.029076e-06	6.117013e-09	4.243659e+01	3.634728e+02
2.050000e-06	5.925123e-06	6.078755e-09	4.170490e+01	3.607963e+02
2.060000e-06	5.819070e-06	6.023440e-09	4.095843e+01	3.579698e+02
2.070000e-06	5.711016e-06	5.969833e-09	4.019787e+01	3.550322e+02
2.080000e-06	5.600881e-06	5.921210e-09	3.942267e+01	3.520206e+02
2.090000e-06	5.488669e-06	5.865432e-09	3.863285e+01	3.489559e+02
2.100000e-06	5.374367e-06	5.820625e-09	3.782832e+01	3.458332e+02
2.110000e-06	5.258014e-06	5.760880e-09	3.700935e+01	3.426237e+02
2.120000e-06	5.139576e-06	5.708574e-09	3.617570e+01	3.392853e+02
2.130000e-06	5.019218e-06	5.647296e-09	3.532855e+01	3.357778e+02
2.140000e-06	4.897045e-06	5.587207e-09	3.446861e+01	3.320766e+02
2.150000e-06	4.773083e-06	5.519765e-09	3.359609e+01	3.281803e+02
2.160000e-06	4.647368e-06	5.454497e-09	3.271122e+01	3.241079e+02
2.170000e-06	4.519933e-06	5.384165e-09	3.181425e+01	3.198888e+02
2.180000e-06	4.390962e-06	5.308986e-09	3.090647e+01	3.155484e+02
2.190000e-06	4.260483e-06	5.231608e-09	2.998808e+01	3.110950e+02
2.200000e-06	4.128471e-06	5.154327e-09	2.905888e+01	3.065150e+02
2.210000e-06	3.995014e-06	5.075141e-09	2.811953e+01	3.017753e+02
2.220000e-06	3.860090e-06	4.990497e-09	2.716984e+01	2.968338e+02
2.230000e-06	3.723685e-06	4.907430e-09	2.620974e+01	2.916532e+02
2.240000e-06	3.585930e-06	4.818267e-09	2.524013e+01	2.862119e+02
2.250000e-06	3.446862e-06	4.726839e-09	2.426127e+01	2.805087e+02
2.260000e-06	3.306534e-06	4.624437e-09	2.327356e+01	2.745590e+02
2.270000e-06	3.164963e-06	4.519746e-09	2.227708e+01	2.683843e+02
2.280000e-06	3.022137e-06	4.408915e-09	2.127178e+01	2.619993e+02
2.290000e-06	2.878184e-06	4.294806e-09	2.025855e+01	2.554007e+02
2.300000e-06	2.733242e-06	4.179670e-09	1.923835e+01	2.485633e+02
2.310000e-06	2.587330e-06	4.062118e-09	1.821133e+01	2.414428e+02
2.320000e-06	2.440486e-06	3.940687e-09	1.717774e+01	2.339861e+02
2.330000e-06	2.292839e-06	3.809028e-09	1.613850e+01	2.261427e+02
2.340000e-06	2.144410e-06	3.670661e-09	1.509376e+01	2.178752e+02
2.350000e-06	1.995230e-06	3.522928e-09	1.404374e+01	2.091637e+02
2.360000e-06	1.845384e-06	3.365256e-09	1.298902e+01	2.000026e+02
2.370000e-06	1.694898e-06	3.199291e-09	1.192980e+01	1.903923e+02
2.380000e-06	1.543772e-06	3.028877e-09	1.086608e+01	1.803279e+02
2.390000e-06	1.392086e-06	2.854724e-09	9.798412e+00	1.697894e+02
2.400000e-06	1.239919e-06	2.672546e-09	8.727365e+00	1.587357e+02
2.410000e-06	1.087254e-06	2.480193e-09	7.652807e+00	1.471056e+02
2.420000e-06	9.342037e-07	2.275322e-09	6.575538e+00	1.348241e+02
2.430000e-06	7.808923e-07	2.057031e-09	5.496432e+00	1.218117e+02
2.440000e-06	6.273232e-07	1.822880e-09	4.415512e+00	1.079967e+02
2.450000e-06	4.735223e-07	1.573146e-09	3.332960e+00	9.332448e+01
2.460000e-06	3.195248e-07	1.311275e-09	2.249025e+00	7.776674e+01
2.470000e-06	1.654080e-07	1.036542e-09	1.164250e+00	6.132757e+01
2.480000e-06	1.123929e-08	7.479627e-10	7.910949e-02	4.404844e+01
2.490000e-06	-1.429074e-07	4.466628e-10	-1.005876e+00	2.601193e+01
2.500000e-06	-2.969544e-07	1.363970e-10	-2.090160e+00	7.343905e+00
2.510000e-06	-4.508949e-07	-1.827935e-10	-3.173694e+00	-1.178703e+01
2.520000e-06	-6.046448e-07	-5.122271e-10	-4.255887e+00	-3.117441e+01
2.530000e-06	-7.581717e-07	-8.436460e-10	-5.336509e+00	-5.058429e+01
2.540000e-06	-9.114313e-07	-1.168305e-09	-6.415251e+00	-6.977118e+01
2.550000e-06	-1.064331e-06	-1.484048e-09	-7.491462e+00	-8.849806e+01
2.560000e-06	-1.216790e-06	-1.790653e-09	-8.564564e+00	-1.065571e+02
2.570000e-06	-1.368760e-06	-2.081407e-09	-9.634227e+00	-1.237875e+02
2.580000e-06	-1.520208e-06	-2.353200e-09	-1.070022e+01	-1.400862e+02
2.590000e-06	-1.671057e-06	-2.610841e-09	-1.176199e+01	-1.554098e+02
2.600000e-06	-1.821317e-06	-2.854555e-09	-1.281962e+01	-1.697670e+02
2.610000e-06	-1.970970e-06	-3.080194e-09	-1.387298e+01	-1.832044e+02
2.620000e-06	-2.119905e-06	-3.288982e-09	-1.492128e+01	-1.957875e+02
2.630000e-06	-2.268093e-06	-3.488930e-09	-1.596432e+01	-2.075846e+02
2.640000e-06	-2.415517e-06	-3.679996e-09	-1.700199e+01	-2.186541e+02
2.650000e-06	-2.562040e-06	-3.858153e-09	-1.803332e+01	-2.290389e+02
2.660000e-06	-2.707664e-06	-4.022134e-09	-1.905831e+01	-2.387685e+02
2.670000e-06	-2.852357e-06	-4.174824e-09	-2.007676e+01	-2.478653e+02
2.680000e-06	-2.995951e-06	-4.318776e-09	-2.108746e+01	-2.563533e+02
2.690000e-06	-3.138397e-06	-4.453437e-09	-2.209009e+01	-2.642649e+02
2.700000e-06	-3.279660e-06	-4.576656e-09	-2.308440e+01	-2.716446e+02
2.710000e-06	-3.419620e-06	-4.690652e-09	-2.406952e+01	-2.785467e+02
2.720000e-06	-3.558269e-06	-4.801890e-09	-2.504543e+01	-2.850294e+02
2.730000e-06	-3.695636e-06	-4.908283e-09	-2.601231e+01	-2.911471e+02
2.740000e-06	-3.831619e-06	-5.006495e-09	-2.696945e+01	-2.969428e+02
2.750000e-06	-3.966127e-06	-5.098889e-09	-2.791620e+01	-3.024441e+02
2.760000e-06	-4.099197e-06	-5.187217e-09	-2.885284e+01	-3.076639e+02
2.770000e-06	-4.230814e-06	-5.271773e-09	-2.977924e+01	-3.126059e+02
2.780000e-06	-4.360964e-06	-5.348270e-09	-3.069532e+01	-3.172717e+02
2.790000e-06	-4.489655e-06	-5.417875e-09	-3.160114e+01	-3.216694e+02
2.800000e-06	-4.616695e-06	-5.486047e-09	-3.249533e+01	-3.258191e+02
2.810000e-06	-4.742043e-06	-5.553075e-09	-3.337760e+01	-3.297531e+02
2.820000e-06	-4.865762e-06	-5.617677e-09	-3.424843e+01	-3.335119e+02
2.830000e-06	-4.987753e-06	-5.680124e-09	-3.510707e+01	-3.371363e+02
2.840000e-06	-5.107909e-06	-5.741537e-09	-3.595281e+01	-3.406573e+02
2.850000e-06	-5.226130e-06	-5.799784e-09	-3.678493e+01	-3.440900e+02
2.860000e-06	-5.342259e-06	-5.853677e-09	-3.760232e+01	-3.474303e+02
2.870000e-06	-5.456180e-06	-5.904055e-09	-3.840417e+01	-3.506589e+02
2.880000e-06	-5.567909e-06	-5.953368e-09	-3.919059e+01	-3.537498e+02
2.890000e-06	-5.677517e-06	-6.002169e-09	-3.996209e+01	-3.566813e+02
2.900000e-06	-5.785181e-06	-6.048094e-09	-4.071990e+01	-3.594454e+02
2.910000e-06	-5.890999e-06	-6.093021e-09	-4.146471e+01	-3.620525e+02
2.920000e-06	-5.994727e-06	-6.137644e-09	-4.219482e+01	-3.645299e+02
2.930000e-06	-6.096192e-06	-6.177458e-09	-4.290900e+01	-3.669133e+02
2.940000e-06	-6.195473e-06	-6.214462e-09	-4.360780e+01	-3.692353e+02
2.950000e-06	-6.292691e-06	-6.249112e-09	-4.429209e+01	-3.715145e+02
2.960000e-06	-6.387747e-06	-6.283703e-09	-4.496115e+01	-3.737489e+02
2.970000e-06	-6.480428e-06	-6.320233e-09	-4.561350e+01	-3.759172e+02
2.980000e-06	-6.570839e-06	-6.356565e-09	-4.624987e+01	-3.779869e+02
2.990000e-06	-6.659034e-06	-6.389664e-09	-4.687064e+01	-3.799268e+02
3.000000e-06	-6.744848e-06	-6.418717e-09	-4.747466e+01	-3.817193e+02
3.010000e-06	-6.828195e-06	-6.447002e-09	-4.806131e+01	-3.833684e+02
3.020000e-06	-6.909101e-06	-6.472892e-09	-4.863078e+01	-3.848993e+02
3.030000e-06	-6.987482e-06	-6.495485e-09	-4.918248e+01	-3.863502e+02
3.040000e-06	-7.063131e-06	-6.518717e-09	-4.971494e+01	-3.877593e+02
3.050000e-06	-7.136126e-06	-6.543083e-09	-5.022873e+01	-3.891508e+02
3.060000e-06	-7.206564e-06	-6.565817e-09	-5.072452e+01	-3.905266e+02
3.070000e-06	-7.274402e-06	-6.586313e-09	-5.120201e+01	-3.918660e+02
3.080000e-06	-7.339694e-06	-6.606355e-09	-5.166158e+01	-3.931342e+02
3.090000e-06	-7.402402e-06	-6.627292e-09	-5.210295e+01	-3.942968e+02
3.100000e-06	-7.462438e-06	-6.647241e-09	-5.252553e+01	-3.953338e+02
3.110000e-06	-7.519849e-06	-6.665536e-09	-5.292962e+01	-3.962491e+02
3.120000e-06	-7.574527e-06	-6.681196e-09	-5.331449e+01	-3.970705e+02
3.130000e-06	-7.626207e-06	-6.695085e-09	-5.367824e+01	-3.978402e+02
3.140000e-06	-7.674758e-06	-6.709278e-09	-5.401997e+01	-3.985992e+02
3.150000e-06	-7.720419e-06	-6.722014e-09	-5.434137e+01	-3.993725e+02
3.160000e-06	-7.763576e-06	-6.732970e-09	-5.464514e+01	-4.001587e+02
3.170000e-06	-7.804223e-06	-6.743954e-09	-5.493124e+01	-4.009307e+02
3.180000e-06	-7.842122e-06	-6.756840e-09	-5.519800e+01	-4.016460e+02
3.190000e-06	-7.877244e-06	-6.771462e-09	-5.544521e+01	-4.022629e+02
3.200000e-06	-7.909633e-06	-6.783458e-09	-5.567318e+01	-4.027577e+02
3.210000e-06	-7.939168e-06	-6.791137e-09	-5.588107e+01	-4.031337e+02
3.220000e-06	-7.965891e-06	-6.796625e-09	-5.606916e+01	-4.034214e+02
3.230000e-06	-7.989846e-06	-6.801153e-09	-5.623777e+01	-4.036664e+02
3.240000e-06	-8.010890e-06	-6.804913e-09	-5.638589e+01	-4.039122e+02
3.250000e-06	-8.029110e-06	-6.808882e-09	-5.651414e+01	-4.041829e+02
3.260000e-06	-8.044468e-06	-6.815269e-09	-5.662224e+01	-4.044730e+02
3.270000e-06	-8.056721e-06	-6.823057e-09	-5.670848e+01	-4.047493e+02
3.280000e-06	-8.065941e-06	-6.828295e-09	-5.677338e+01	-4.049635e+02
3.290000e-06	-8.072230e-06	-6.829881e-09	-5.681765e+01	-4.050714e+02
3.300000e-06	-8.075661e-06	-6.830659e-09	-5.684180e+01	-4.050513e+02
3.310000e-06	-8.076373e-06	-6.829732e-09	-5.684681e+01	-4.049135e+02
