# Temperatura_=_21.07
# Concentracion g/m^3_=_10000.0
# C_Vs_to_Am_M_A/Vsm_=_59384043850.047264
# pendiente_HvsI_1/m_=_3716.3
# ordenada_HvsI_A/m_=_1297.0
# frecuencia_Hz_=_301634.53072858846

Tiempo_(s)	Campo_(V.s)	Magnetizacion_(V.s)	Campo_(kA/m)	Magnetizacion_(A/m)
0.000000e+00	-8.112840e-06	-8.176761e-09	-5.683712e+01	-4.849079e+02
1.000000e-08	-8.108883e-06	-8.171012e-09	-5.680940e+01	-4.847334e+02
2.000000e-08	-8.102330e-06	-8.167401e-09	-5.676349e+01	-4.845204e+02
3.000000e-08	-8.093125e-06	-8.164651e-09	-5.669900e+01	-4.842896e+02
4.000000e-08	-8.080972e-06	-8.160972e-09	-5.661386e+01	-4.840451e+02
5.000000e-08	-8.065853e-06	-8.155735e-09	-5.650794e+01	-4.837708e+02
6.000000e-08	-8.047989e-06	-8.153394e-09	-5.638278e+01	-4.834344e+02
7.000000e-08	-8.027690e-06	-8.152323e-09	-5.624057e+01	-4.829990e+02
8.000000e-08	-8.004796e-06	-8.122157e-09	-5.608018e+01	-4.824364e+02
9.000000e-08	-7.978684e-06	-8.088952e-09	-5.589725e+01	-4.817392e+02
1.000000e-07	-7.949262e-06	-8.080520e-09	-5.569112e+01	-4.809249e+02
1.100000e-07	-7.916894e-06	-8.082931e-09	-5.546436e+01	-4.800317e+02
1.200000e-07	-7.881782e-06	-8.072637e-09	-5.521837e+01	-4.791058e+02
1.300000e-07	-7.844229e-06	-8.053385e-09	-5.495528e+01	-4.781853e+02
1.400000e-07	-7.804532e-06	-8.075022e-09	-5.467717e+01	-4.772872e+02
1.500000e-07	-7.762351e-06	-8.065578e-09	-5.438166e+01	-4.763999e+02
1.600000e-07	-7.717300e-06	-8.038995e-09	-5.406604e+01	-4.754871e+02
1.700000e-07	-7.669489e-06	-7.990863e-09	-5.373108e+01	-4.744992e+02
1.800000e-07	-7.618712e-06	-7.936549e-09	-5.337535e+01	-4.733897e+02
1.900000e-07	-7.564852e-06	-7.941130e-09	-5.299802e+01	-4.721301e+02
2.000000e-07	-7.508249e-06	-7.928257e-09	-5.260146e+01	-4.707179e+02
2.100000e-07	-7.448943e-06	-7.913402e-09	-5.218598e+01	-4.691752e+02
2.200000e-07	-7.387020e-06	-7.881932e-09	-5.175215e+01	-4.675391e+02
2.300000e-07	-7.322429e-06	-7.857446e-09	-5.129964e+01	-4.658465e+02
2.400000e-07	-7.254995e-06	-7.842734e-09	-5.082721e+01	-4.641206e+02
2.500000e-07	-7.184880e-06	-7.774517e-09	-5.033600e+01	-4.623621e+02
2.600000e-07	-7.112101e-06	-7.711485e-09	-4.982612e+01	-4.605499e+02
2.700000e-07	-7.036531e-06	-7.703941e-09	-4.929669e+01	-4.586495e+02
2.800000e-07	-6.958196e-06	-7.720404e-09	-4.874789e+01	-4.566262e+02
2.900000e-07	-6.877219e-06	-7.676516e-09	-4.818058e+01	-4.544574e+02
3.000000e-07	-6.793823e-06	-7.606995e-09	-4.759632e+01	-4.521403e+02
3.100000e-07	-6.708127e-06	-7.575048e-09	-4.699595e+01	-4.496920e+02
3.200000e-07	-6.620118e-06	-7.536342e-09	-4.637937e+01	-4.471412e+02
3.300000e-07	-6.529767e-06	-7.475975e-09	-4.574639e+01	-4.445168e+02
3.400000e-07	-6.437067e-06	-7.417647e-09	-4.509695e+01	-4.418367e+02
3.500000e-07	-6.342014e-06	-7.393567e-09	-4.443103e+01	-4.391002e+02
3.600000e-07	-6.244600e-06	-7.377352e-09	-4.374856e+01	-4.362886e+02
3.700000e-07	-6.144936e-06	-7.322470e-09	-4.305033e+01	-4.333717e+02
3.800000e-07	-6.043083e-06	-7.244266e-09	-4.233677e+01	-4.303184e+02
3.900000e-07	-5.939047e-06	-7.181642e-09	-4.160791e+01	-4.271068e+02
4.000000e-07	-5.832883e-06	-7.139909e-09	-4.086415e+01	-4.237303e+02
4.100000e-07	-5.724614e-06	-7.079986e-09	-4.010563e+01	-4.201982e+02
4.200000e-07	-5.614297e-06	-7.011168e-09	-3.933277e+01	-4.165302e+02
4.300000e-07	-5.501928e-06	-6.955998e-09	-3.854553e+01	-4.127469e+02
4.400000e-07	-5.387399e-06	-6.904834e-09	-3.774316e+01	-4.088614e+02
4.500000e-07	-5.270732e-06	-6.833231e-09	-3.692582e+01	-4.048737e+02
4.600000e-07	-5.152106e-06	-6.741368e-09	-3.609474e+01	-4.007700e+02
4.700000e-07	-5.031623e-06	-6.663072e-09	-3.525066e+01	-3.965274e+02
4.800000e-07	-4.909310e-06	-6.599615e-09	-3.439375e+01	-3.921203e+02
4.900000e-07	-4.785208e-06	-6.529453e-09	-3.352432e+01	-3.875282e+02
5.000000e-07	-4.659362e-06	-6.442989e-09	-3.264267e+01	-3.827395e+02
5.100000e-07	-4.531857e-06	-6.360150e-09	-3.174939e+01	-3.777523e+02
5.200000e-07	-4.402752e-06	-6.281592e-09	-3.084490e+01	-3.725712e+02
5.300000e-07	-4.272015e-06	-6.189753e-09	-2.992898e+01	-3.672014e+02
5.400000e-07	-4.139719e-06	-6.082057e-09	-2.900214e+01	-3.616438e+02
5.500000e-07	-4.005962e-06	-5.976519e-09	-2.806506e+01	-3.558916e+02
5.600000e-07	-3.870677e-06	-5.885302e-09	-2.711728e+01	-3.499308e+02
5.700000e-07	-3.733935e-06	-5.789554e-09	-2.615929e+01	-3.437422e+02
5.800000e-07	-3.595888e-06	-5.677421e-09	-2.519215e+01	-3.373062e+02
5.900000e-07	-3.456445e-06	-5.560028e-09	-2.421524e+01	-3.306062e+02
6.000000e-07	-3.315487e-06	-5.447875e-09	-2.322772e+01	-3.236306e+02
6.100000e-07	-3.173192e-06	-5.326320e-09	-2.223082e+01	-3.163718e+02
6.200000e-07	-3.029744e-06	-5.189971e-09	-2.122585e+01	-3.088234e+02
6.300000e-07	-2.885177e-06	-5.052032e-09	-2.021304e+01	-3.009758e+02
6.400000e-07	-2.739535e-06	-4.921702e-09	-1.919270e+01	-2.928128e+02
6.500000e-07	-2.592900e-06	-4.788072e-09	-1.816540e+01	-2.843098e+02
6.600000e-07	-2.445373e-06	-4.637353e-09	-1.713185e+01	-2.754342e+02
6.700000e-07	-2.297067e-06	-4.477381e-09	-1.609284e+01	-2.661479e+02
6.800000e-07	-2.148050e-06	-4.316205e-09	-1.504886e+01	-2.564116e+02
6.900000e-07	-1.998322e-06	-4.146841e-09	-1.399989e+01	-2.461881e+02
7.000000e-07	-1.847840e-06	-3.959007e-09	-1.294564e+01	-2.354450e+02
7.100000e-07	-1.696690e-06	-3.762858e-09	-1.188671e+01	-2.241548e+02
7.200000e-07	-1.544965e-06	-3.566340e-09	-1.082375e+01	-2.122923e+02
7.300000e-07	-1.392676e-06	-3.362205e-09	-9.756841e+00	-1.998308e+02
7.400000e-07	-1.239869e-06	-3.139428e-09	-8.686300e+00	-1.867365e+02
7.500000e-07	-1.086558e-06	-2.901420e-09	-7.612236e+00	-1.729633e+02
7.600000e-07	-9.328338e-07	-2.657417e-09	-6.535268e+00	-1.584507e+02
7.700000e-07	-7.788019e-07	-2.400400e-09	-5.456149e+00	-1.431241e+02
7.800000e-07	-6.245127e-07	-2.122459e-09	-4.375225e+00	-1.269009e+02
7.900000e-07	-4.699912e-07	-1.827811e-09	-3.292675e+00	-1.097005e+02
8.000000e-07	-3.152823e-07	-1.524530e-09	-2.208812e+00	-9.145980e+01
8.100000e-07	-1.604854e-07	-1.205336e-09	-1.124333e+00	-7.214996e+01
8.200000e-07	-5.640329e-09	-8.592075e-10	-3.951515e-02	-5.179289e+01
8.300000e-07	1.492152e-07	-4.910951e-10	1.045375e+00	-3.047371e+01
8.400000e-07	3.040353e-07	-1.158872e-10	2.130018e+00	-8.346038e+00
8.500000e-07	4.587945e-07	2.622670e-10	3.214233e+00	1.437195e+01
8.600000e-07	6.134372e-07	6.494074e-10	4.297633e+00	3.741105e+01
8.700000e-07	7.678405e-07	1.040113e-09	5.379354e+00	6.047243e+01
8.800000e-07	9.218933e-07	1.421587e-09	6.458621e+00	8.325369e+01
8.900000e-07	1.075579e-06	1.789168e-09	7.535319e+00	1.054751e+02
9.000000e-07	1.228864e-06	2.148431e-09	8.609204e+00	1.269015e+02
9.100000e-07	1.381729e-06	2.497540e-09	9.680151e+00	1.473570e+02
9.200000e-07	1.534152e-06	2.824863e-09	1.074800e+01	1.667300e+02
9.300000e-07	1.686007e-06	3.127066e-09	1.181186e+01	1.849697e+02
9.400000e-07	1.837195e-06	3.411101e-09	1.287106e+01	2.020758e+02
9.500000e-07	1.987678e-06	3.682619e-09	1.392532e+01	2.180841e+02
9.600000e-07	2.137468e-06	3.935038e-09	1.497472e+01	2.330521e+02
9.700000e-07	2.286533e-06	4.165104e-09	1.601905e+01	2.470467e+02
9.800000e-07	2.434759e-06	4.381315e-09	1.705749e+01	2.601352e+02
9.900000e-07	2.582128e-06	4.589090e-09	1.808993e+01	2.723805e+02
1.000000e-06	2.728602e-06	4.782816e-09	1.911610e+01	2.838398e+02
1.010000e-06	2.874042e-06	4.959686e-09	2.013503e+01	2.945648e+02
1.020000e-06	3.018419e-06	5.127064e-09	2.114651e+01	3.046041e+02
1.030000e-06	3.161688e-06	5.288491e-09	2.215022e+01	3.140046e+02
1.040000e-06	3.303784e-06	5.439206e-09	2.314573e+01	3.228129e+02
1.050000e-06	3.444603e-06	5.576259e-09	2.413228e+01	3.310759e+02
1.060000e-06	3.584078e-06	5.704614e-09	2.510941e+01	3.388404e+02
1.070000e-06	3.722176e-06	5.829783e-09	2.607690e+01	3.461520e+02
1.080000e-06	3.858820e-06	5.945968e-09	2.703421e+01	3.530533e+02
1.090000e-06	3.994095e-06	6.051094e-09	2.798192e+01	3.595826e+02
1.100000e-06	4.127975e-06	6.152597e-09	2.891986e+01	3.657722e+02
1.110000e-06	4.260354e-06	6.254342e-09	2.984729e+01	3.716481e+02
1.120000e-06	4.391247e-06	6.351553e-09	3.076430e+01	3.772311e+02
1.130000e-06	4.520573e-06	6.440731e-09	3.167034e+01	3.825389e+02
1.140000e-06	4.648300e-06	6.525170e-09	3.256517e+01	3.875888e+02
1.150000e-06	4.774451e-06	6.607127e-09	3.344896e+01	3.924000e+02
1.160000e-06	4.898875e-06	6.684996e-09	3.432065e+01	3.969952e+02
1.170000e-06	5.021546e-06	6.757187e-09	3.518006e+01	4.013995e+02
1.180000e-06	5.142450e-06	6.827001e-09	3.602710e+01	4.056375e+02
1.190000e-06	5.261467e-06	6.896822e-09	3.686090e+01	4.097297e+02
1.200000e-06	5.378468e-06	6.965505e-09	3.768060e+01	4.136888e+02
1.210000e-06	5.493375e-06	7.030913e-09	3.848562e+01	4.175172e+02
1.220000e-06	5.606148e-06	7.093831e-09	3.927568e+01	4.212088e+02
1.230000e-06	5.716869e-06	7.154007e-09	4.005137e+01	4.247527e+02
1.240000e-06	5.825651e-06	7.210729e-09	4.081348e+01	4.281389e+02
1.250000e-06	5.932416e-06	7.264525e-09	4.156146e+01	4.313646e+02
1.260000e-06	6.037004e-06	7.318035e-09	4.229418e+01	4.344374e+02
1.270000e-06	6.139411e-06	7.370415e-09	4.301163e+01	4.373753e+02
1.280000e-06	6.239639e-06	7.417050e-09	4.371381e+01	4.402018e+02
1.290000e-06	6.337551e-06	7.461502e-09	4.439976e+01	4.429400e+02
1.300000e-06	6.433146e-06	7.507843e-09	4.506948e+01	4.456043e+02
1.310000e-06	6.526551e-06	7.553609e-09	4.572386e+01	4.481967e+02
1.320000e-06	6.617759e-06	7.595389e-09	4.636284e+01	4.507062e+02
1.330000e-06	6.706619e-06	7.634064e-09	4.698539e+01	4.531134e+02
1.340000e-06	6.793132e-06	7.673905e-09	4.759148e+01	4.553986e+02
1.350000e-06	6.877328e-06	7.713664e-09	4.818134e+01	4.575498e+02
1.360000e-06	6.959066e-06	7.747675e-09	4.875398e+01	4.595686e+02
1.370000e-06	7.038252e-06	7.776704e-09	4.930875e+01	4.614704e+02
1.380000e-06	7.114878e-06	7.806690e-09	4.984557e+01	4.632802e+02
1.390000e-06	7.188816e-06	7.838975e-09	5.036357e+01	4.650235e+02
1.400000e-06	7.260108e-06	7.867585e-09	5.086303e+01	4.667180e+02
1.410000e-06	7.328895e-06	7.892412e-09	5.134494e+01	4.683672e+02
1.420000e-06	7.395032e-06	7.918988e-09	5.180828e+01	4.699599e+02
1.430000e-06	7.458474e-06	7.946275e-09	5.225275e+01	4.714753e+02
1.440000e-06	7.519387e-06	7.968928e-09	5.267949e+01	4.728918e+02
1.450000e-06	7.577666e-06	7.987128e-09	5.308779e+01	4.741965e+02
1.460000e-06	7.633188e-06	8.006623e-09	5.347677e+01	4.753911e+02
1.470000e-06	7.685800e-06	8.028736e-09	5.384536e+01	4.764924e+02
1.480000e-06	7.735203e-06	8.047690e-09	5.419146e+01	4.775268e+02
1.490000e-06	7.781577e-06	8.061321e-09	5.451635e+01	4.785209e+02
1.500000e-06	7.825243e-06	8.075867e-09	5.482226e+01	4.794919e+02
1.510000e-06	7.866151e-06	8.092857e-09	5.510886e+01	4.804412e+02
1.520000e-06	7.904313e-06	8.108085e-09	5.537622e+01	4.813548e+02
1.530000e-06	7.939791e-06	8.119839e-09	5.562477e+01	4.822086e+02
1.540000e-06	7.972437e-06	8.131416e-09	5.585348e+01	4.829782e+02
1.550000e-06	8.002294e-06	8.142727e-09	5.606266e+01	4.836480e+02
1.560000e-06	8.029402e-06	8.150061e-09	5.625257e+01	4.842172e+02
1.570000e-06	8.053536e-06	8.153819e-09	5.642164e+01	4.846989e+02
1.580000e-06	8.074840e-06	8.158562e-09	5.657090e+01	4.851141e+02
1.590000e-06	8.093461e-06	8.166491e-09	5.670135e+01	4.854823e+02
1.600000e-06	8.109133e-06	8.172661e-09	5.681115e+01	4.858132e+02
1.610000e-06	8.121696e-06	8.176188e-09	5.689917e+01	4.861019e+02
1.620000e-06	8.131131e-06	8.179211e-09	5.696527e+01	4.863319e+02
1.630000e-06	8.137600e-06	8.182254e-09	5.701058e+01	4.864820e+02
1.640000e-06	8.141243e-06	8.182286e-09	5.703611e+01	4.865365e+02
1.650000e-06	8.142013e-06	8.178165e-09	5.704150e+01	4.864930e+02
1.660000e-06	8.140073e-06	8.177324e-09	5.702791e+01	4.863651e+02
1.670000e-06	8.135481e-06	8.177303e-09	5.699574e+01	4.861780e+02
1.680000e-06	8.128136e-06	8.174996e-09	5.694429e+01	4.859588e+02
1.690000e-06	8.118119e-06	8.170304e-09	5.687410e+01	4.857246e+02
1.700000e-06	8.105310e-06	8.163468e-09	5.678437e+01	4.854745e+02
1.710000e-06	8.089708e-06	8.154398e-09	5.667506e+01	4.851877e+02
1.720000e-06	8.071652e-06	8.138232e-09	5.654857e+01	4.848296e+02
1.730000e-06	8.051138e-06	8.150678e-09	5.640485e+01	4.843639e+02
1.740000e-06	8.027501e-06	8.166136e-09	5.623925e+01	4.837670e+02
1.750000e-06	8.000078e-06	8.158152e-09	5.604713e+01	4.830375e+02
1.760000e-06	7.969047e-06	8.136164e-09	5.582973e+01	4.821990e+02
1.770000e-06	7.935223e-06	8.113715e-09	5.559277e+01	4.812929e+02
1.780000e-06	7.899084e-06	8.071922e-09	5.533958e+01	4.803650e+02
1.790000e-06	7.860713e-06	8.033580e-09	5.507077e+01	4.794492e+02
1.800000e-06	7.820262e-06	8.034651e-09	5.478737e+01	4.785556e+02
1.810000e-06	7.777390e-06	7.997462e-09	5.448702e+01	4.776657e+02
1.820000e-06	7.731803e-06	8.012841e-09	5.416764e+01	4.767385e+02
1.830000e-06	7.683442e-06	8.031966e-09	5.382884e+01	4.757237e+02
1.840000e-06	7.631867e-06	8.014320e-09	5.346751e+01	4.745780e+02
1.850000e-06	7.577295e-06	7.983650e-09	5.308519e+01	4.732790e+02
1.860000e-06	7.519995e-06	7.904122e-09	5.268375e+01	4.718309e+02
1.870000e-06	7.460030e-06	7.893590e-09	5.226365e+01	4.702607e+02
1.880000e-06	7.397519e-06	7.867222e-09	5.182571e+01	4.686070e+02
1.890000e-06	7.332206e-06	7.845698e-09	5.136813e+01	4.669043e+02
1.900000e-06	7.264073e-06	7.852643e-09	5.089081e+01	4.651707e+02
1.910000e-06	7.193079e-06	7.831221e-09	5.039344e+01	4.634011e+02
1.920000e-06	7.119351e-06	7.788745e-09	4.987691e+01	4.615699e+02
1.930000e-06	7.042994e-06	7.706786e-09	4.934197e+01	4.596414e+02
1.940000e-06	6.963928e-06	7.669259e-09	4.878805e+01	4.575827e+02
1.950000e-06	6.882379e-06	7.636334e-09	4.821673e+01	4.553758e+02
1.960000e-06	6.798387e-06	7.616201e-09	4.762830e+01	4.530233e+02
1.970000e-06	6.711966e-06	7.603870e-09	4.702285e+01	4.505461e+02
1.980000e-06	6.623115e-06	7.562015e-09	4.640037e+01	4.479740e+02
1.990000e-06	6.531871e-06	7.512742e-09	4.576114e+01	4.453343e+02
2.000000e-06	6.438311e-06	7.436679e-09	4.510567e+01	4.426405e+02
2.010000e-06	6.342432e-06	7.376340e-09	4.443396e+01	4.398872e+02
2.020000e-06	6.244361e-06	7.322534e-09	4.374689e+01	4.370519e+02
2.030000e-06	6.144054e-06	7.288759e-09	4.304416e+01	4.341033e+02
2.040000e-06	6.041548e-06	7.256720e-09	4.232602e+01	4.310115e+02
2.050000e-06	5.936857e-06	7.208904e-09	4.159257e+01	4.277582e+02
2.060000e-06	5.830050e-06	7.149738e-09	4.084430e+01	4.243410e+02
2.070000e-06	5.721189e-06	7.071878e-09	4.008164e+01	4.207726e+02
2.080000e-06	5.610260e-06	7.004463e-09	3.930449e+01	4.170735e+02
2.090000e-06	5.497228e-06	6.932411e-09	3.851260e+01	4.132634e+02
2.100000e-06	5.382042e-06	6.873655e-09	3.770563e+01	4.093526e+02
2.110000e-06	5.264780e-06	6.817649e-09	3.688411e+01	4.053372e+02
2.120000e-06	5.145461e-06	6.758102e-09	3.604819e+01	4.012009e+02
2.130000e-06	5.024272e-06	6.685998e-09	3.519916e+01	3.969190e+02
2.140000e-06	4.901294e-06	6.601312e-09	3.433760e+01	3.924669e+02
2.150000e-06	4.776548e-06	6.517403e-09	3.346365e+01	3.878259e+02
2.160000e-06	4.650086e-06	6.434480e-09	3.257768e+01	3.829870e+02
2.170000e-06	4.521944e-06	6.356281e-09	3.167994e+01	3.779505e+02
2.180000e-06	4.392167e-06	6.273406e-09	3.077074e+01	3.727214e+02
2.190000e-06	4.260821e-06	6.187425e-09	2.985056e+01	3.673044e+02
2.200000e-06	4.127999e-06	6.093068e-09	2.892003e+01	3.616987e+02
2.210000e-06	3.993686e-06	5.990683e-09	2.797906e+01	3.558955e+02
2.220000e-06	3.857916e-06	5.880808e-09	2.702788e+01	3.498793e+02
2.230000e-06	3.720683e-06	5.776612e-09	2.606644e+01	3.436302e+02
2.240000e-06	3.582068e-06	5.673459e-09	2.509534e+01	3.371291e+02
2.250000e-06	3.442155e-06	5.566940e-09	2.411513e+01	3.303607e+02
2.260000e-06	3.300986e-06	5.451843e-09	2.312612e+01	3.233145e+02
2.270000e-06	3.158579e-06	5.328035e-09	2.212844e+01	3.159836e+02
2.280000e-06	3.014988e-06	5.196956e-09	2.112247e+01	3.083611e+02
2.290000e-06	2.870264e-06	5.056282e-09	2.010856e+01	3.004361e+02
2.300000e-06	2.724498e-06	4.914051e-09	1.908735e+01	2.921904e+02
2.310000e-06	2.577815e-06	4.768241e-09	1.805972e+01	2.835972e+02
2.320000e-06	2.430221e-06	4.623587e-09	1.702570e+01	2.746222e+02
2.330000e-06	2.281776e-06	4.468404e-09	1.598572e+01	2.652266e+02
2.340000e-06	2.132538e-06	4.303336e-09	1.494018e+01	2.553714e+02
2.350000e-06	1.982576e-06	4.128610e-09	1.388957e+01	2.450205e+02
2.360000e-06	1.831892e-06	3.942784e-09	1.283391e+01	2.341426e+02
2.370000e-06	1.680555e-06	3.747753e-09	1.177367e+01	2.227113e+02
2.380000e-06	1.528661e-06	3.542967e-09	1.070953e+01	2.107014e+02
2.390000e-06	1.376261e-06	3.331823e-09	9.641841e+00	1.980848e+02
2.400000e-06	1.223379e-06	3.112167e-09	8.570780e+00	1.848252e+02
2.410000e-06	1.069989e-06	2.881670e-09	7.496153e+00	1.708731e+02
2.420000e-06	9.161201e-07	2.637059e-09	6.418175e+00	1.561640e+02
2.430000e-06	7.619165e-07	2.377716e-09	5.337852e+00	1.406208e+02
2.440000e-06	6.074964e-07	2.099496e-09	4.256012e+00	1.241600e+02
2.450000e-06	4.528787e-07	1.804119e-09	3.172788e+00	1.067040e+02
2.460000e-06	2.981327e-07	1.492082e-09	2.088665e+00	8.819662e+01
2.470000e-06	1.432975e-07	1.164517e-09	1.003917e+00	6.862022e+01
2.480000e-06	-1.160536e-08	8.183423e-10	-8.130510e-02	4.801159e+01
2.490000e-06	-1.664893e-07	4.573289e-10	-1.166394e+00	2.647283e+01
2.500000e-06	-3.212326e-07	8.517438e-11	-2.250499e+00	4.174431e+00
2.510000e-06	-4.758501e-07	-2.985123e-10	-3.333722e+00	-1.865104e+01
2.520000e-06	-6.303306e-07	-6.884884e-10	-4.415985e+00	-4.172473e+01
2.530000e-06	-7.845650e-07	-1.078538e-09	-5.496524e+00	-6.474437e+01
2.540000e-06	-9.385301e-07	-1.460315e-09	-6.575176e+00	-8.741087e+01
2.550000e-06	-1.092111e-06	-1.831611e-09	-7.651140e+00	-1.094538e+02
2.560000e-06	-1.245195e-06	-2.190601e-09	-8.723615e+00	-1.306519e+02
2.570000e-06	-1.397803e-06	-2.532102e-09	-9.792763e+00	-1.508451e+02
2.580000e-06	-1.549922e-06	-2.853612e-09	-1.085848e+01	-1.699378e+02
2.590000e-06	-1.701409e-06	-3.158540e-09	-1.191977e+01	-1.878929e+02
2.600000e-06	-1.852234e-06	-3.446436e-09	-1.297642e+01	-2.047204e+02
2.610000e-06	-2.002428e-06	-3.711903e-09	-1.402866e+01	-2.204631e+02
2.620000e-06	-2.151921e-06	-3.954649e-09	-1.507598e+01	-2.351817e+02
2.630000e-06	-2.300659e-06	-4.185622e-09	-1.611801e+01	-2.489440e+02
2.640000e-06	-2.448555e-06	-4.407202e-09	-1.715414e+01	-2.618165e+02
2.650000e-06	-2.595581e-06	-4.613090e-09	-1.818418e+01	-2.738606e+02
2.660000e-06	-2.741743e-06	-4.803120e-09	-1.920817e+01	-2.851320e+02
2.670000e-06	-2.886871e-06	-4.981150e-09	-2.022491e+01	-2.956815e+02
2.680000e-06	-3.030859e-06	-5.149615e-09	-2.123366e+01	-3.055572e+02
2.690000e-06	-3.173717e-06	-5.306407e-09	-2.223450e+01	-3.148056e+02
2.700000e-06	-3.315421e-06	-5.450354e-09	-2.322725e+01	-3.234736e+02
2.710000e-06	-3.455894e-06	-5.584615e-09	-2.421138e+01	-3.316080e+02
2.720000e-06	-3.595072e-06	-5.714216e-09	-2.518644e+01	-3.392554e+02
2.730000e-06	-3.732948e-06	-5.837662e-09	-2.615237e+01	-3.464610e+02
2.740000e-06	-3.869352e-06	-5.953254e-09	-2.710800e+01	-3.532664e+02
2.750000e-06	-4.004284e-06	-6.062674e-09	-2.805331e+01	-3.597084e+02
2.760000e-06	-4.137824e-06	-6.167393e-09	-2.898886e+01	-3.658177e+02
2.770000e-06	-4.269889e-06	-6.266640e-09	-2.991408e+01	-3.716189e+02
2.780000e-06	-4.400470e-06	-6.356885e-09	-3.082891e+01	-3.771320e+02
2.790000e-06	-4.529538e-06	-6.442206e-09	-3.173314e+01	-3.823741e+02
2.800000e-06	-4.657016e-06	-6.525511e-09	-3.262623e+01	-3.873627e+02
2.810000e-06	-4.782818e-06	-6.605753e-09	-3.350758e+01	-3.921181e+02
2.820000e-06	-4.906899e-06	-6.682650e-09	-3.437686e+01	-3.966636e+02
2.830000e-06	-5.029245e-06	-6.756653e-09	-3.523400e+01	-4.010244e+02
2.840000e-06	-5.149713e-06	-6.830444e-09	-3.607798e+01	-4.052247e+02
2.850000e-06	-5.268218e-06	-6.901791e-09	-3.690820e+01	-4.092833e+02
2.860000e-06	-5.384669e-06	-6.966654e-09	-3.772404e+01	-4.132102e+02
2.870000e-06	-5.498945e-06	-7.025817e-09	-3.852463e+01	-4.170057e+02
2.880000e-06	-5.611010e-06	-7.083752e-09	-3.930974e+01	-4.206619e+02
2.890000e-06	-5.720900e-06	-7.143672e-09	-4.007962e+01	-4.241674e+02
2.900000e-06	-5.828811e-06	-7.199832e-09	-4.083562e+01	-4.275138e+02
2.910000e-06	-5.934786e-06	-7.252511e-09	-4.157806e+01	-4.307006e+02
2.920000e-06	-6.038671e-06	-7.306387e-09	-4.230586e+01	-4.337380e+02
2.930000e-06	-6.140308e-06	-7.357175e-09	-4.301791e+01	-4.366461e+02
2.940000e-06	-6.239709e-06	-7.402732e-09	-4.371430e+01	-4.394491e+02
2.950000e-06	-6.336995e-06	-7.441898e-09	-4.439587e+01	-4.421682e+02
2.960000e-06	-6.432113e-06	-7.481200e-09	-4.506224e+01	-4.448153e+02
2.970000e-06	-6.524887e-06	-7.525729e-09	-4.571220e+01	-4.473889e+02
2.980000e-06	-6.615353e-06	-7.569208e-09	-4.634599e+01	-4.498752e+02
2.990000e-06	-6.703550e-06	-7.607452e-09	-4.696388e+01	-4.522540e+02
3.000000e-06	-6.789304e-06	-7.644908e-09	-4.756466e+01	-4.545067e+02
3.010000e-06	-6.872626e-06	-7.683648e-09	-4.814840e+01	-4.566245e+02
3.020000e-06	-6.953581e-06	-7.719080e-09	-4.871555e+01	-4.586125e+02
3.030000e-06	-7.031928e-06	-7.746327e-09	-4.926444e+01	-4.604892e+02
3.040000e-06	-7.107531e-06	-7.772428e-09	-4.979410e+01	-4.622805e+02
3.050000e-06	-7.180500e-06	-7.802408e-09	-5.030531e+01	-4.640109e+02
3.060000e-06	-7.250868e-06	-7.832345e-09	-5.079830e+01	-4.656947e+02
3.070000e-06	-7.318660e-06	-7.858437e-09	-5.127324e+01	-4.673317e+02
3.080000e-06	-7.383946e-06	-7.882402e-09	-5.173062e+01	-4.689076e+02
3.090000e-06	-7.446649e-06	-7.911355e-09	-5.216990e+01	-4.704005e+02
3.100000e-06	-7.506654e-06	-7.940243e-09	-5.259029e+01	-4.717902e+02
3.110000e-06	-7.563966e-06	-7.963085e-09	-5.299180e+01	-4.730669e+02
3.120000e-06	-7.618467e-06	-7.979937e-09	-5.337363e+01	-4.742365e+02
3.130000e-06	-7.669977e-06	-7.997541e-09	-5.373450e+01	-4.753188e+02
3.140000e-06	-7.718372e-06	-8.016640e-09	-5.407355e+01	-4.763413e+02
3.150000e-06	-7.763872e-06	-8.031191e-09	-5.439231e+01	-4.773290e+02
3.160000e-06	-7.806865e-06	-8.042381e-09	-5.469351e+01	-4.782954e+02
3.170000e-06	-7.847329e-06	-8.057984e-09	-5.497700e+01	-4.792381e+02
3.180000e-06	-7.884982e-06	-8.079769e-09	-5.524079e+01	-4.801396e+02
3.190000e-06	-7.919851e-06	-8.098584e-09	-5.548507e+01	-4.809748e+02
3.200000e-06	-7.952025e-06	-8.112206e-09	-5.571048e+01	-4.817208e+02
3.210000e-06	-7.981240e-06	-8.125122e-09	-5.591516e+01	-4.823653e+02
3.220000e-06	-8.007515e-06	-8.137861e-09	-5.609923e+01	-4.829113e+02
3.230000e-06	-8.031035e-06	-8.146411e-09	-5.626401e+01	-4.833747e+02
3.240000e-06	-8.051743e-06	-8.148971e-09	-5.640908e+01	-4.837770e+02
3.250000e-06	-8.069659e-06	-8.153502e-09	-5.653460e+01	-4.841360e+02
3.260000e-06	-8.084635e-06	-8.162842e-09	-5.663952e+01	-4.844577e+02
3.270000e-06	-8.096427e-06	-8.170649e-09	-5.672214e+01	-4.847340e+02
3.280000e-06	-8.105220e-06	-8.173090e-09	-5.678374e+01	-4.849464e+02
3.290000e-06	-8.111144e-06	-8.174709e-09	-5.682524e+01	-4.850740e+02
3.300000e-06	-8.114260e-06	-8.180801e-09	-5.684707e+01	-4.851040e+02
3.310000e-06	-8.114638e-06	-8.183037e-09	-5.684971e+01	-4.850379e+02
