# Temperatura_=_24.86
# Concentracion g/m^3_=_10000.0
# C_Vs_to_Am_M_A/Vsm_=_59384043850.047264
# pendiente_HvsI_1/m_=_3716.3
# ordenada_HvsI_A/m_=_1297.0
# frecuencia_Hz_=_301637.1728186449

Tiempo_(s)	Campo_(V.s)	Magnetizacion_(V.s)	Campo_(kA/m)	Magnetizacion_(A/m)
0.000000e+00	-8.101129e-06	-8.039802e-09	-5.683592e+01	-4.769609e+02
1.000000e-08	-8.096850e-06	-8.036570e-09	-5.680589e+01	-4.768456e+02
2.000000e-08	-8.090032e-06	-8.033211e-09	-5.675806e+01	-4.767124e+02
3.000000e-08	-8.080507e-06	-8.028167e-09	-5.669123e+01	-4.765588e+02
4.000000e-08	-8.068075e-06	-8.026918e-09	-5.660401e+01	-4.763667e+02
5.000000e-08	-8.052688e-06	-8.027619e-09	-5.649607e+01	-4.761070e+02
6.000000e-08	-8.034517e-06	-8.037695e-09	-5.636858e+01	-4.757495e+02
7.000000e-08	-8.013939e-06	-8.041066e-09	-5.622420e+01	-4.752733e+02
8.000000e-08	-7.990684e-06	-7.959941e-09	-5.606106e+01	-4.746749e+02
9.000000e-08	-7.964105e-06	-7.921086e-09	-5.587458e+01	-4.739712e+02
1.000000e-07	-7.934274e-06	-7.961372e-09	-5.566529e+01	-4.731950e+02
1.100000e-07	-7.901612e-06	-7.974901e-09	-5.543615e+01	-4.723850e+02
1.200000e-07	-7.866247e-06	-7.946058e-09	-5.518803e+01	-4.715737e+02
1.300000e-07	-7.828476e-06	-7.938071e-09	-5.492303e+01	-4.707769e+02
1.400000e-07	-7.788575e-06	-7.996924e-09	-5.464310e+01	-4.699885e+02
1.500000e-07	-7.746104e-06	-7.919925e-09	-5.434513e+01	-4.691824e+02
1.600000e-07	-7.700736e-06	-7.927552e-09	-5.402684e+01	-4.683206e+02
1.700000e-07	-7.652693e-06	-7.866857e-09	-5.368978e+01	-4.673646e+02
1.800000e-07	-7.601622e-06	-7.767546e-09	-5.333147e+01	-4.662862e+02
1.900000e-07	-7.547483e-06	-7.848152e-09	-5.295164e+01	-4.650740e+02
2.000000e-07	-7.490655e-06	-7.807479e-09	-5.255295e+01	-4.637340e+02
2.100000e-07	-7.431113e-06	-7.805986e-09	-5.213521e+01	-4.622846e+02
2.200000e-07	-7.368926e-06	-7.761811e-09	-5.169892e+01	-4.607477e+02
2.300000e-07	-7.304019e-06	-7.742909e-09	-5.124355e+01	-4.591409e+02
2.400000e-07	-7.236323e-06	-7.759017e-09	-5.076861e+01	-4.574709e+02
2.500000e-07	-7.165997e-06	-7.637938e-09	-5.027522e+01	-4.557333e+02
2.600000e-07	-7.092991e-06	-7.588097e-09	-4.976302e+01	-4.539155e+02
2.700000e-07	-7.017180e-06	-7.606014e-09	-4.923114e+01	-4.520027e+02
2.800000e-07	-6.938584e-06	-7.628080e-09	-4.867973e+01	-4.499842e+02
2.900000e-07	-6.857279e-06	-7.549602e-09	-4.810931e+01	-4.478565e+02
3.000000e-07	-6.773605e-06	-7.480841e-09	-4.752227e+01	-4.456244e+02
3.100000e-07	-6.687765e-06	-7.490721e-09	-4.692003e+01	-4.432970e+02
3.200000e-07	-6.599649e-06	-7.425332e-09	-4.630183e+01	-4.408840e+02
3.300000e-07	-6.509156e-06	-7.371332e-09	-4.566695e+01	-4.383906e+02
3.400000e-07	-6.416338e-06	-7.316002e-09	-4.501576e+01	-4.358153e+02
3.500000e-07	-6.321218e-06	-7.298789e-09	-4.434841e+01	-4.331502e+02
3.600000e-07	-6.223695e-06	-7.281735e-09	-4.366421e+01	-4.303831e+02
3.700000e-07	-6.123889e-06	-7.210713e-09	-4.296399e+01	-4.275015e+02
3.800000e-07	-6.021936e-06	-7.138565e-09	-4.224871e+01	-4.244957e+02
3.900000e-07	-5.917768e-06	-7.079043e-09	-4.151789e+01	-4.213597e+02
4.000000e-07	-5.811411e-06	-7.052490e-09	-4.077171e+01	-4.180919e+02
4.100000e-07	-5.703016e-06	-6.979759e-09	-4.001123e+01	-4.146931e+02
4.200000e-07	-5.592656e-06	-6.916906e-09	-3.923696e+01	-4.111644e+02
4.300000e-07	-5.480270e-06	-6.867356e-09	-3.844849e+01	-4.075061e+02
4.400000e-07	-5.365684e-06	-6.817577e-09	-3.764458e+01	-4.037170e+02
4.500000e-07	-5.248910e-06	-6.740570e-09	-3.682532e+01	-3.997946e+02
4.600000e-07	-5.130167e-06	-6.645703e-09	-3.599224e+01	-3.957356e+02
4.700000e-07	-5.009554e-06	-6.582215e-09	-3.514604e+01	-3.915362e+02
4.800000e-07	-4.887115e-06	-6.522275e-09	-3.428703e+01	-3.871915e+02
4.900000e-07	-4.762882e-06	-6.452644e-09	-3.341543e+01	-3.826950e+02
5.000000e-07	-4.636982e-06	-6.359764e-09	-3.253215e+01	-3.780375e+02
5.100000e-07	-4.509518e-06	-6.282456e-09	-3.163789e+01	-3.732070e+02
5.200000e-07	-4.380375e-06	-6.205399e-09	-3.073184e+01	-3.681899e+02
5.300000e-07	-4.249647e-06	-6.114551e-09	-2.981468e+01	-3.629727e+02
5.400000e-07	-4.117347e-06	-6.007772e-09	-2.888649e+01	-3.575441e+02
5.500000e-07	-3.983542e-06	-5.910067e-09	-2.794774e+01	-3.518957e+02
5.600000e-07	-3.848352e-06	-5.825246e-09	-2.699928e+01	-3.460223e+02
5.700000e-07	-3.711700e-06	-5.724345e-09	-2.604055e+01	-3.399195e+02
5.800000e-07	-3.573681e-06	-5.609482e-09	-2.507224e+01	-3.335816e+02
5.900000e-07	-3.434316e-06	-5.497287e-09	-2.409448e+01	-3.269983e+02
6.000000e-07	-3.293442e-06	-5.393943e-09	-2.310614e+01	-3.201541e+02
6.100000e-07	-3.151155e-06	-5.271319e-09	-2.210788e+01	-3.130287e+02
6.200000e-07	-3.007669e-06	-5.135440e-09	-2.110121e+01	-3.055993e+02
6.300000e-07	-2.863102e-06	-5.002599e-09	-2.008696e+01	-2.978438e+02
6.400000e-07	-2.717514e-06	-4.875432e-09	-1.906554e+01	-2.897425e+02
6.500000e-07	-2.570937e-06	-4.734672e-09	-1.803719e+01	-2.812786e+02
6.600000e-07	-2.423505e-06	-4.579152e-09	-1.700283e+01	-2.724361e+02
6.700000e-07	-2.275323e-06	-4.425120e-09	-1.596321e+01	-2.631963e+02
6.800000e-07	-2.126408e-06	-4.269194e-09	-1.491845e+01	-2.535344e+02
6.900000e-07	-1.976738e-06	-4.099492e-09	-1.386840e+01	-2.434174e+02
7.000000e-07	-1.826405e-06	-3.910014e-09	-1.281370e+01	-2.328051e+02
7.100000e-07	-1.675473e-06	-3.718745e-09	-1.175479e+01	-2.216528e+02
7.200000e-07	-1.523919e-06	-3.526625e-09	-1.069152e+01	-2.099160e+02
7.300000e-07	-1.371727e-06	-3.321018e-09	-9.623762e+00	-1.975531e+02
7.400000e-07	-1.219011e-06	-3.097268e-09	-8.552342e+00	-1.845254e+02
7.500000e-07	-1.065865e-06	-2.862919e-09	-7.477896e+00	-1.707936e+02
7.600000e-07	-9.122102e-07	-2.623904e-09	-6.399886e+00	-1.563117e+02
7.700000e-07	-7.581921e-07	-2.365697e-09	-5.319326e+00	-1.410219e+02
7.800000e-07	-6.039356e-07	-2.085514e-09	-4.237093e+00	-1.248526e+02
7.900000e-07	-4.494833e-07	-1.793148e-09	-3.153486e+00	-1.077254e+02
8.000000e-07	-2.949393e-07	-1.492994e-09	-2.069236e+00	-8.956846e+01
8.100000e-07	-1.402921e-07	-1.172852e-09	-9.842618e-01	-7.033826e+01
8.200000e-07	1.446368e-08	-8.258152e-10	1.014743e-01	-5.004259e+01
8.300000e-07	1.692162e-07	-4.623586e-10	1.187187e+00	-2.875989e+01
8.400000e-07	3.238459e-07	-9.135989e-11	2.272039e+00	-6.648878e+00
8.500000e-07	4.783489e-07	2.879074e-10	3.356001e+00	1.605559e+01
8.600000e-07	6.327085e-07	6.788463e-10	4.438958e+00	3.906068e+01
8.700000e-07	7.868965e-07	1.068969e-09	5.520710e+00	6.204455e+01
8.800000e-07	9.408187e-07	1.446140e-09	6.600598e+00	8.469013e+01
8.900000e-07	1.094354e-06	1.811074e-09	7.677770e+00	1.067164e+02
9.000000e-07	1.247459e-06	2.169220e-09	8.751922e+00	1.279009e+02
9.100000e-07	1.400105e-06	2.512092e-09	9.822859e+00	1.480902e+02
9.200000e-07	1.552245e-06	2.831263e-09	1.089024e+01	1.671982e+02
9.300000e-07	1.703781e-06	3.130680e-09	1.195339e+01	1.851941e+02
9.400000e-07	1.854604e-06	3.415088e-09	1.301154e+01	2.020872e+02
9.500000e-07	2.004735e-06	3.683146e-09	1.406483e+01	2.179107e+02
9.600000e-07	2.154172e-06	3.929539e-09	1.511324e+01	2.327098e+02
9.700000e-07	2.302840e-06	4.158451e-09	1.615627e+01	2.465356e+02
9.800000e-07	2.450724e-06	4.375269e-09	1.719379e+01	2.594422e+02
9.900000e-07	2.597806e-06	4.580461e-09	1.822569e+01	2.714873e+02
1.000000e-06	2.743963e-06	4.768372e-09	1.925110e+01	2.827317e+02
1.010000e-06	2.889090e-06	4.942373e-09	2.026928e+01	2.932387e+02
1.020000e-06	3.033189e-06	5.108100e-09	2.128025e+01	3.030704e+02
1.030000e-06	3.176126e-06	5.264085e-09	2.228307e+01	3.122842e+02
1.040000e-06	3.317786e-06	5.408333e-09	2.327693e+01	3.209302e+02
1.050000e-06	3.458130e-06	5.544376e-09	2.426156e+01	3.290499e+02
1.060000e-06	3.597213e-06	5.673058e-09	2.523733e+01	3.366781e+02
1.070000e-06	3.734999e-06	5.793169e-09	2.620401e+01	3.438465e+02
1.080000e-06	3.871300e-06	5.901634e-09	2.716028e+01	3.505866e+02
1.090000e-06	4.006153e-06	6.004150e-09	2.810638e+01	3.569328e+02
1.100000e-06	4.139608e-06	6.106491e-09	2.904267e+01	3.629220e+02
1.110000e-06	4.271577e-06	6.206461e-09	2.996854e+01	3.685923e+02
1.120000e-06	4.402093e-06	6.298814e-09	3.088422e+01	3.739790e+02
1.130000e-06	4.531072e-06	6.385385e-09	3.178910e+01	3.791127e+02
1.140000e-06	4.658404e-06	6.470322e-09	3.268244e+01	3.840169e+02
1.150000e-06	4.784106e-06	6.549070e-09	3.356434e+01	3.887089e+02
1.160000e-06	4.908111e-06	6.620690e-09	3.443433e+01	3.932016e+02
1.170000e-06	5.030419e-06	6.689186e-09	3.529243e+01	3.975060e+02
1.180000e-06	5.150904e-06	6.760165e-09	3.613772e+01	4.016332e+02
1.190000e-06	5.269420e-06	6.829681e-09	3.696921e+01	4.055949e+02
1.200000e-06	5.385970e-06	6.895866e-09	3.778690e+01	4.094027e+02
1.210000e-06	5.500476e-06	6.959202e-09	3.859025e+01	4.130664e+02
1.220000e-06	5.612838e-06	7.021366e-09	3.937856e+01	4.165925e+02
1.230000e-06	5.723133e-06	7.077557e-09	4.015237e+01	4.199842e+02
1.240000e-06	5.831457e-06	7.129655e-09	4.091235e+01	4.232418e+02
1.250000e-06	5.937768e-06	7.180233e-09	4.165820e+01	4.263656e+02
1.260000e-06	6.041896e-06	7.232024e-09	4.238875e+01	4.293577e+02
1.270000e-06	6.143849e-06	7.283106e-09	4.310402e+01	4.322231e+02
1.280000e-06	6.243666e-06	7.330109e-09	4.380433e+01	4.349698e+02
1.290000e-06	6.341171e-06	7.374518e-09	4.448840e+01	4.376068e+02
1.300000e-06	6.436404e-06	7.416568e-09	4.515653e+01	4.401414e+02
1.310000e-06	6.529377e-06	7.457709e-09	4.580881e+01	4.425778e+02
1.320000e-06	6.620122e-06	7.495701e-09	4.644546e+01	4.449158e+02
1.330000e-06	6.708569e-06	7.531937e-09	4.706599e+01	4.471525e+02
1.340000e-06	6.794628e-06	7.569990e-09	4.766976e+01	4.492847e+02
1.350000e-06	6.878358e-06	7.609018e-09	4.825720e+01	4.513114e+02
1.360000e-06	6.959657e-06	7.643329e-09	4.882758e+01	4.532361e+02
1.370000e-06	7.038451e-06	7.673074e-09	4.938038e+01	4.550663e+02
1.380000e-06	7.114628e-06	7.700302e-09	4.991482e+01	4.568117e+02
1.390000e-06	7.188061e-06	7.728087e-09	5.043001e+01	4.584812e+02
1.400000e-06	7.258875e-06	7.754675e-09	5.092683e+01	4.600802e+02
1.410000e-06	7.327175e-06	7.778479e-09	5.140601e+01	4.616092e+02
1.420000e-06	7.392842e-06	7.802488e-09	5.186672e+01	4.630652e+02
1.430000e-06	7.455916e-06	7.827980e-09	5.230923e+01	4.644437e+02
1.440000e-06	7.516497e-06	7.851326e-09	5.273426e+01	4.657425e+02
1.450000e-06	7.574422e-06	7.869769e-09	5.314065e+01	4.669637e+02
1.460000e-06	7.629528e-06	7.887560e-09	5.352726e+01	4.681143e+02
1.470000e-06	7.681593e-06	7.906120e-09	5.389254e+01	4.692039e+02
1.480000e-06	7.730481e-06	7.922680e-09	5.423552e+01	4.702415e+02
1.490000e-06	7.776512e-06	7.934586e-09	5.455847e+01	4.712314e+02
1.500000e-06	7.819835e-06	7.947089e-09	5.486241e+01	4.721715e+02
1.510000e-06	7.860303e-06	7.963538e-09	5.514633e+01	4.730540e+02
1.520000e-06	7.898017e-06	7.979571e-09	5.541092e+01	4.738688e+02
1.530000e-06	7.933018e-06	7.991414e-09	5.565648e+01	4.746073e+02
1.540000e-06	7.965152e-06	8.001856e-09	5.588193e+01	4.752670e+02
1.550000e-06	7.994584e-06	8.012511e-09	5.608842e+01	4.758529e+02
1.560000e-06	8.021272e-06	8.019454e-09	5.627565e+01	4.763752e+02
1.570000e-06	8.045028e-06	8.022357e-09	5.644232e+01	4.768457e+02
1.580000e-06	8.066063e-06	8.025249e-09	5.658990e+01	4.772721e+02
1.590000e-06	8.084327e-06	8.032633e-09	5.671803e+01	4.776543e+02
1.600000e-06	8.099551e-06	8.039921e-09	5.682485e+01	4.779838e+02
1.610000e-06	8.111662e-06	8.042378e-09	5.690981e+01	4.782468e+02
1.620000e-06	8.120668e-06	8.044304e-09	5.697300e+01	4.784299e+02
1.630000e-06	8.126775e-06	8.046987e-09	5.701584e+01	4.785270e+02
1.640000e-06	8.130046e-06	8.048262e-09	5.703879e+01	4.785427e+02
1.650000e-06	8.130432e-06	8.043059e-09	5.704150e+01	4.784925e+02
1.660000e-06	8.128146e-06	8.044238e-09	5.702546e+01	4.783975e+02
1.670000e-06	8.123202e-06	8.044450e-09	5.699077e+01	4.782768e+02
1.680000e-06	8.115535e-06	8.041318e-09	5.693699e+01	4.781391e+02
1.690000e-06	8.105172e-06	8.036173e-09	5.686428e+01	4.779778e+02
1.700000e-06	8.091898e-06	8.026747e-09	5.677116e+01	4.777714e+02
1.710000e-06	8.075929e-06	8.009789e-09	5.665912e+01	4.774897e+02
1.720000e-06	8.057664e-06	7.977551e-09	5.653097e+01	4.771036e+02
1.730000e-06	8.036839e-06	8.041744e-09	5.638487e+01	4.765960e+02
1.740000e-06	8.012753e-06	8.076505e-09	5.621589e+01	4.759687e+02
1.750000e-06	7.984870e-06	8.018932e-09	5.602027e+01	4.752431e+02
1.760000e-06	7.953465e-06	7.988955e-09	5.579993e+01	4.744545e+02
1.770000e-06	7.919398e-06	7.981474e-09	5.556092e+01	4.736414e+02
1.780000e-06	7.883018e-06	7.900019e-09	5.530569e+01	4.728328e+02
1.790000e-06	7.844402e-06	7.893686e-09	5.503477e+01	4.720392e+02
1.800000e-06	7.803732e-06	7.949931e-09	5.474943e+01	4.712492e+02
1.810000e-06	7.760552e-06	7.814784e-09	5.444649e+01	4.704326e+02
1.820000e-06	7.714669e-06	7.925262e-09	5.412459e+01	4.695503e+02
1.830000e-06	7.666018e-06	7.942108e-09	5.378326e+01	4.685655e+02
1.840000e-06	7.614106e-06	7.879458e-09	5.341906e+01	4.674537e+02
1.850000e-06	7.559230e-06	7.893876e-09	5.303406e+01	4.662081e+02
1.860000e-06	7.501639e-06	7.729743e-09	5.263001e+01	4.648384e+02
1.870000e-06	7.441429e-06	7.818536e-09	5.220759e+01	4.633648e+02
1.880000e-06	7.378583e-06	7.746921e-09	5.176668e+01	4.618089e+02
1.890000e-06	7.312945e-06	7.710969e-09	5.130618e+01	4.601858e+02
1.900000e-06	7.244656e-06	7.770299e-09	5.082707e+01	4.584994e+02
1.910000e-06	7.173469e-06	7.698193e-09	5.032764e+01	4.567429e+02
1.920000e-06	7.099561e-06	7.700830e-09	4.980911e+01	4.549023e+02
1.930000e-06	7.022925e-06	7.564932e-09	4.927145e+01	4.529636e+02
1.940000e-06	6.943528e-06	7.576664e-09	4.871442e+01	4.509174e+02
1.950000e-06	6.861779e-06	7.532325e-09	4.814088e+01	4.487627e+02
1.960000e-06	6.777581e-06	7.491873e-09	4.755017e+01	4.465055e+02
1.970000e-06	6.690873e-06	7.518765e-09	4.694184e+01	4.441556e+02
1.980000e-06	6.601778e-06	7.426483e-09	4.631676e+01	4.417220e+02
1.990000e-06	6.510456e-06	7.426816e-09	4.567607e+01	4.392083e+02
2.000000e-06	6.416800e-06	7.323743e-09	4.501900e+01	4.366111e+02
2.010000e-06	6.320742e-06	7.286555e-09	4.434507e+01	4.339214e+02
2.020000e-06	6.222494e-06	7.226649e-09	4.365578e+01	4.311265e+02
2.030000e-06	6.122035e-06	7.192740e-09	4.295098e+01	4.282144e+02
2.040000e-06	6.019331e-06	7.172112e-09	4.223043e+01	4.251761e+02
2.050000e-06	5.914456e-06	7.100565e-09	4.149465e+01	4.220069e+02
2.060000e-06	5.807613e-06	7.064253e-09	4.074506e+01	4.187059e+02
2.070000e-06	5.698740e-06	6.970591e-09	3.998123e+01	4.152742e+02
2.080000e-06	5.587720e-06	6.929207e-09	3.920233e+01	4.117129e+02
2.090000e-06	5.474543e-06	6.844484e-09	3.840831e+01	4.080218e+02
2.100000e-06	5.359179e-06	6.796052e-09	3.759893e+01	4.041993e+02
2.110000e-06	5.241724e-06	6.731885e-09	3.677490e+01	4.002428e+02
2.120000e-06	5.122232e-06	6.671878e-09	3.593657e+01	3.961488e+02
2.130000e-06	5.000883e-06	6.596432e-09	3.508521e+01	3.919132e+02
2.140000e-06	4.877768e-06	6.513065e-09	3.422145e+01	3.875311e+02
2.150000e-06	4.752940e-06	6.441759e-09	3.334568e+01	3.829950e+02
2.160000e-06	4.626395e-06	6.359146e-09	3.245787e+01	3.782951e+02
2.170000e-06	4.498155e-06	6.285198e-09	3.155817e+01	3.734190e+02
2.180000e-06	4.368374e-06	6.192509e-09	3.064764e+01	3.683528e+02
2.190000e-06	4.237077e-06	6.116114e-09	2.972649e+01	3.630834e+02
2.200000e-06	4.104201e-06	6.015600e-09	2.879426e+01	3.576002e+02
2.210000e-06	3.969879e-06	5.919693e-09	2.785189e+01	3.518956e+02
2.220000e-06	3.834186e-06	5.809765e-09	2.689989e+01	3.459650e+02
2.230000e-06	3.697075e-06	5.718867e-09	2.593795e+01	3.398039e+02
2.240000e-06	3.558609e-06	5.615594e-09	2.496650e+01	3.334054e+02
2.250000e-06	3.418714e-06	5.505674e-09	2.398502e+01	3.267583e+02
2.260000e-06	3.277450e-06	5.387312e-09	2.299394e+01	3.198455e+02
2.270000e-06	3.134957e-06	5.264001e-09	2.199424e+01	3.126460e+02
2.280000e-06	2.991315e-06	5.138157e-09	2.098648e+01	3.051368e+02
2.290000e-06	2.846603e-06	4.996214e-09	1.997120e+01	2.972963e+02
2.300000e-06	2.700971e-06	4.861253e-09	1.894948e+01	2.891055e+02
2.310000e-06	2.554439e-06	4.718724e-09	1.792144e+01	2.805482e+02
2.320000e-06	2.406989e-06	4.577167e-09	1.688696e+01	2.716080e+02
2.330000e-06	2.258635e-06	4.418324e-09	1.584614e+01	2.622650e+02
2.340000e-06	2.109438e-06	4.255468e-09	1.479940e+01	2.524925e+02
2.350000e-06	1.959543e-06	4.084612e-09	1.374776e+01	2.422554e+02
2.360000e-06	1.809011e-06	3.903371e-09	1.269166e+01	2.315120e+02
2.370000e-06	1.657892e-06	3.707642e-09	1.163144e+01	2.202174e+02
2.380000e-06	1.506165e-06	3.502920e-09	1.056695e+01	2.083276e+02
2.390000e-06	1.353821e-06	3.293846e-09	9.498137e+00	1.958017e+02
2.400000e-06	1.200968e-06	3.076445e-09	8.425753e+00	1.826015e+02
2.410000e-06	1.047758e-06	2.845957e-09	7.350859e+00	1.686866e+02
2.420000e-06	8.942133e-07	2.603678e-09	6.273623e+00	1.540084e+02
2.430000e-06	7.403703e-07	2.347539e-09	5.194292e+00	1.385056e+02
2.440000e-06	5.863248e-07	2.070979e-09	4.113539e+00	1.221040e+02
2.450000e-06	4.320816e-07	1.775835e-09	3.031399e+00	1.047250e+02
2.460000e-06	2.776609e-07	1.460364e-09	1.948014e+00	8.630192e+01
2.470000e-06	1.231535e-07	1.131794e-09	8.640204e-01	6.680185e+01
2.480000e-06	-3.139122e-08	7.864715e-10	-2.202346e-01	4.624870e+01
2.490000e-06	-1.859297e-07	4.292725e-10	-1.304446e+00	2.474059e+01
2.500000e-06	-3.403708e-07	5.922682e-11	-2.387974e+00	2.456224e+00
2.510000e-06	-4.946661e-07	-3.228261e-10	-3.470479e+00	-2.035284e+01
2.520000e-06	-6.487482e-07	-7.127080e-10	-4.551489e+00	-4.338348e+01
2.530000e-06	-8.025627e-07	-1.103056e-09	-5.630621e+00	-6.631188e+01
2.540000e-06	-9.561205e-07	-1.483699e-09	-6.707952e+00	-8.882728e+01
2.550000e-06	-1.109399e-06	-1.852351e-09	-7.783321e+00	-1.106616e+02
2.560000e-06	-1.262260e-06	-2.206132e-09	-8.855769e+00	-1.316093e+02
2.570000e-06	-1.414560e-06	-2.542087e-09	-9.924271e+00	-1.515342e+02
2.580000e-06	-1.566300e-06	-2.858493e-09	-1.098885e+01	-1.703655e+02
2.590000e-06	-1.717466e-06	-3.159751e-09	-1.204940e+01	-1.880840e+02
2.600000e-06	-1.868012e-06	-3.443808e-09	-1.310560e+01	-2.047062e+02
2.610000e-06	-2.017930e-06	-3.706530e-09	-1.415739e+01	-2.202693e+02
2.620000e-06	-2.167161e-06	-3.947848e-09	-1.520437e+01	-2.348206e+02
2.630000e-06	-2.315631e-06	-4.176296e-09	-1.624600e+01	-2.484116e+02
2.640000e-06	-2.463269e-06	-4.393286e-09	-1.728181e+01	-2.610976e+02
2.650000e-06	-2.609976e-06	-4.594661e-09	-1.831107e+01	-2.729369e+02
2.660000e-06	-2.755724e-06	-4.781673e-09	-1.933362e+01	-2.839914e+02
2.670000e-06	-2.900502e-06	-4.956494e-09	-2.034935e+01	-2.943241e+02
2.680000e-06	-3.044208e-06	-5.121335e-09	-2.135756e+01	-3.039965e+02
2.690000e-06	-3.186768e-06	-5.274782e-09	-2.235773e+01	-3.130643e+02
2.700000e-06	-3.328144e-06	-5.416991e-09	-2.334960e+01	-3.215754e+02
2.710000e-06	-3.468268e-06	-5.551395e-09	-2.433268e+01	-3.295695e+02
2.720000e-06	-3.607022e-06	-5.681063e-09	-2.530615e+01	-3.370802e+02
2.730000e-06	-3.744400e-06	-5.803742e-09	-2.626997e+01	-3.441387e+02
2.740000e-06	-3.880374e-06	-5.917338e-09	-2.722393e+01	-3.507773e+02
2.750000e-06	-4.014899e-06	-6.022558e-09	-2.816773e+01	-3.570310e+02
2.760000e-06	-4.148061e-06	-6.121396e-09	-2.910197e+01	-3.629373e+02
2.770000e-06	-4.279767e-06	-6.213309e-09	-3.002600e+01	-3.685337e+02
2.780000e-06	-4.409901e-06	-6.298586e-09	-3.093899e+01	-3.738549e+02
2.790000e-06	-4.538458e-06	-6.382438e-09	-3.184092e+01	-3.789295e+02
2.800000e-06	-4.665471e-06	-6.466375e-09	-3.273202e+01	-3.837796e+02
2.810000e-06	-4.790916e-06	-6.547458e-09	-3.361212e+01	-3.884210e+02
2.820000e-06	-4.914624e-06	-6.624045e-09	-3.448003e+01	-3.928660e+02
2.830000e-06	-5.036483e-06	-6.696451e-09	-3.533497e+01	-3.971253e+02
2.840000e-06	-5.156503e-06	-6.764331e-09	-3.617700e+01	-4.012103e+02
2.850000e-06	-5.274667e-06	-6.828236e-09	-3.700602e+01	-4.051327e+02
2.860000e-06	-5.390708e-06	-6.889889e-09	-3.782014e+01	-4.089040e+02
2.870000e-06	-5.504458e-06	-6.949256e-09	-3.861818e+01	-4.125331e+02
2.880000e-06	-5.616070e-06	-7.007862e-09	-3.940124e+01	-4.160258e+02
2.890000e-06	-5.725606e-06	-7.064628e-09	-4.016971e+01	-4.193842e+02
2.900000e-06	-5.833108e-06	-7.118244e-09	-4.092393e+01	-4.226086e+02
2.910000e-06	-5.938692e-06	-7.171723e-09	-4.166469e+01	-4.256995e+02
2.920000e-06	-6.042213e-06	-7.223502e-09	-4.239097e+01	-4.286596e+02
2.930000e-06	-6.143547e-06	-7.269923e-09	-4.310191e+01	-4.314948e+02
2.940000e-06	-6.242649e-06	-7.314132e-09	-4.379719e+01	-4.342135e+02
2.950000e-06	-6.339510e-06	-7.357259e-09	-4.447675e+01	-4.368246e+02
2.960000e-06	-6.434218e-06	-7.398761e-09	-4.514120e+01	-4.393348e+02
2.970000e-06	-6.526645e-06	-7.438068e-09	-4.578965e+01	-4.417470e+02
2.980000e-06	-6.616723e-06	-7.476710e-09	-4.642161e+01	-4.440603e+02
2.990000e-06	-6.704519e-06	-7.513485e-09	-4.703758e+01	-4.462715e+02
3.000000e-06	-6.789945e-06	-7.547697e-09	-4.763691e+01	-4.483775e+02
3.010000e-06	-6.872918e-06	-7.580756e-09	-4.821903e+01	-4.503785e+02
3.020000e-06	-6.953417e-06	-7.612224e-09	-4.878380e+01	-4.522791e+02
3.030000e-06	-7.031359e-06	-7.642992e-09	-4.933062e+01	-4.540874e+02
3.040000e-06	-7.106607e-06	-7.670404e-09	-4.985854e+01	-4.558134e+02
3.050000e-06	-7.179205e-06	-7.695639e-09	-5.036788e+01	-4.574652e+02
3.060000e-06	-7.249225e-06	-7.721666e-09	-5.085913e+01	-4.590471e+02
3.070000e-06	-7.316593e-06	-7.748326e-09	-5.133177e+01	-4.605586e+02
3.080000e-06	-7.381405e-06	-7.773637e-09	-5.178647e+01	-4.619959e+02
3.090000e-06	-7.443696e-06	-7.797109e-09	-5.222350e+01	-4.633548e+02
3.100000e-06	-7.503290e-06	-7.818521e-09	-5.264159e+01	-4.646341e+02
3.110000e-06	-7.560130e-06	-7.839264e-09	-5.304037e+01	-4.658371e+02
3.120000e-06	-7.614138e-06	-7.859556e-09	-5.341928e+01	-4.669718e+02
3.130000e-06	-7.665193e-06	-7.879898e-09	-5.377747e+01	-4.680481e+02
3.140000e-06	-7.713215e-06	-7.899079e-09	-5.411439e+01	-4.690738e+02
3.150000e-06	-7.758341e-06	-7.915645e-09	-5.443098e+01	-4.700520e+02
3.160000e-06	-7.800935e-06	-7.930516e-09	-5.472981e+01	-4.709789e+02
3.170000e-06	-7.841016e-06	-7.943958e-09	-5.501102e+01	-4.718458e+02
3.180000e-06	-7.878333e-06	-7.956376e-09	-5.527282e+01	-4.726424e+02
3.190000e-06	-7.912862e-06	-7.969263e-09	-5.551507e+01	-4.733614e+02
3.200000e-06	-7.944607e-06	-7.982651e-09	-5.573779e+01	-4.740023e+02
3.210000e-06	-7.973437e-06	-7.995709e-09	-5.594006e+01	-4.745714e+02
3.220000e-06	-7.999445e-06	-8.007231e-09	-5.612252e+01	-4.750801e+02
3.230000e-06	-8.022644e-06	-8.016349e-09	-5.628528e+01	-4.755394e+02
3.240000e-06	-8.042937e-06	-8.023394e-09	-5.642765e+01	-4.759554e+02
3.250000e-06	-8.060443e-06	-8.027685e-09	-5.655047e+01	-4.763258e+02
3.260000e-06	-8.075027e-06	-8.031115e-09	-5.665279e+01	-4.766404e+02
3.270000e-06	-8.086474e-06	-8.034754e-09	-5.673310e+01	-4.768847e+02
3.280000e-06	-8.094966e-06	-8.039903e-09	-5.679268e+01	-4.770469e+02
3.290000e-06	-8.100534e-06	-8.045088e-09	-5.683174e+01	-4.771230e+02
3.300000e-06	-8.103257e-06	-8.050443e-09	-5.685084e+01	-4.771208e+02
3.310000e-06	-8.103286e-06	-8.050991e-09	-5.685105e+01	-4.770576e+02
