# Temperatura_=_15.15
# Concentracion g/m^3_=_10000.0
# C_Vs_to_Am_M_A/Vsm_=_59384043850.047264
# pendiente_HvsI_1/m_=_3716.3
# ordenada_HvsI_A/m_=_1297.0
# frecuencia_Hz_=_301654.16289031925

Tiempo_(s)	Campo_(V.s)	Magnetizacion_(V.s)	Campo_(kA/m)	Magnetizacion_(A/m)
0.000000e+00	-8.112316e-06	-5.836069e-11	-5.683386e+01	-3.145393e+00
1.000000e-08	-8.108940e-06	-5.114125e-11	-5.681021e+01	-3.082944e+00
2.000000e-08	-8.102868e-06	-4.839885e-11	-5.676767e+01	-3.032996e+00
3.000000e-08	-8.094121e-06	-4.710825e-11	-5.670639e+01	-3.007038e+00
4.000000e-08	-8.082568e-06	-5.052443e-11	-5.662545e+01	-3.007381e+00
5.000000e-08	-8.068005e-06	-5.378042e-11	-5.652342e+01	-3.026905e+00
6.000000e-08	-8.050537e-06	-6.139805e-11	-5.640104e+01	-3.052126e+00
7.000000e-08	-8.030682e-06	-7.690188e-11	-5.626195e+01	-3.068376e+00
8.000000e-08	-8.008374e-06	-5.547446e-11	-5.610566e+01	-3.065185e+00
9.000000e-08	-7.982802e-06	-3.562845e-11	-5.592650e+01	-3.039996e+00
1.000000e-07	-7.953868e-06	-5.118588e-11	-5.572379e+01	-2.999003e+00
1.100000e-07	-7.922037e-06	-5.946786e-11	-5.550079e+01	-2.954933e+00
1.200000e-07	-7.887362e-06	-5.093340e-11	-5.525786e+01	-2.922631e+00
1.300000e-07	-7.850133e-06	-4.190643e-11	-5.499704e+01	-2.914008e+00
1.400000e-07	-7.810806e-06	-7.225370e-11	-5.472152e+01	-2.934019e+00
1.500000e-07	-7.769033e-06	-4.751284e-11	-5.442886e+01	-2.978976e+00
1.600000e-07	-7.724382e-06	-5.633191e-11	-5.411604e+01	-3.037641e+00
1.700000e-07	-7.677126e-06	-6.957942e-11	-5.378497e+01	-3.094682e+00
1.800000e-07	-7.626961e-06	-1.648358e-12	-5.343352e+01	-3.135347e+00
1.900000e-07	-7.573593e-06	-6.055738e-11	-5.305964e+01	-3.149849e+00
2.000000e-07	-7.517502e-06	-6.898212e-11	-5.266667e+01	-3.136142e+00
2.100000e-07	-7.458656e-06	-4.540058e-11	-5.225440e+01	-3.100260e+00
2.200000e-07	-7.397146e-06	-5.029088e-11	-5.182347e+01	-3.054173e+00
2.300000e-07	-7.333026e-06	-3.608314e-11	-5.137425e+01	-3.011857e+00
2.400000e-07	-7.266049e-06	-8.099184e-11	-5.090502e+01	-2.984811e+00
2.500000e-07	-7.196434e-06	-4.119488e-11	-5.041731e+01	-2.978405e+00
2.600000e-07	-7.124197e-06	-2.492622e-11	-4.991123e+01	-2.990199e+00
2.700000e-07	-7.049109e-06	-5.090611e-11	-4.938517e+01	-3.010743e+00
2.800000e-07	-6.971236e-06	-7.553064e-11	-4.883960e+01	-3.026643e+00
2.900000e-07	-6.890618e-06	-5.749029e-11	-4.827480e+01	-3.024918e+00
3.000000e-07	-6.807537e-06	-1.383344e-11	-4.769275e+01	-2.997269e+00
3.100000e-07	-6.722314e-06	-5.706262e-11	-4.709568e+01	-2.942869e+00
3.200000e-07	-6.634856e-06	-5.212220e-11	-4.648296e+01	-2.868716e+00
3.300000e-07	-6.544972e-06	-4.095055e-11	-4.585325e+01	-2.787377e+00
3.400000e-07	-6.452721e-06	-3.834087e-11	-4.520695e+01	-2.712845e+00
3.500000e-07	-6.358216e-06	-4.910199e-11	-4.454486e+01	-2.655846e+00
3.600000e-07	-6.261304e-06	-6.338762e-11	-4.386590e+01	-2.620247e+00
3.700000e-07	-6.162043e-06	-4.036003e-11	-4.317049e+01	-2.601824e+00
3.800000e-07	-6.060631e-06	-3.348895e-11	-4.246001e+01	-2.589893e+00
3.900000e-07	-5.957053e-06	-3.181168e-11	-4.173436e+01	-2.571303e+00
4.000000e-07	-5.851254e-06	-4.983044e-11	-4.099315e+01	-2.535382e+00
4.100000e-07	-5.743397e-06	-3.818263e-11	-4.023751e+01	-2.478064e+00
4.200000e-07	-5.633513e-06	-3.451163e-11	-3.946768e+01	-2.403628e+00
4.300000e-07	-5.521450e-06	-4.390017e-11	-3.868258e+01	-2.323321e+00
4.400000e-07	-5.407203e-06	-4.513060e-11	-3.788218e+01	-2.251275e+00
4.500000e-07	-5.290849e-06	-3.695021e-11	-3.706702e+01	-2.199169e+00
4.600000e-07	-5.172529e-06	-2.384348e-11	-3.623808e+01	-2.171592e+00
4.700000e-07	-5.052393e-06	-3.101772e-11	-3.539643e+01	-2.163918e+00
4.800000e-07	-4.930404e-06	-3.390863e-11	-3.454179e+01	-2.163544e+00
4.900000e-07	-4.806585e-06	-3.518727e-11	-3.367433e+01	-2.154168e+00
5.000000e-07	-4.681041e-06	-2.897100e-11	-3.279478e+01	-2.121536e+00
5.100000e-07	-4.553842e-06	-3.708984e-11	-3.190364e+01	-2.058549e+00
5.200000e-07	-4.425064e-06	-3.844325e-11	-3.100144e+01	-1.967761e+00
5.300000e-07	-4.294602e-06	-2.941241e-11	-3.008744e+01	-1.860297e+00
5.400000e-07	-4.162567e-06	-2.079724e-11	-2.916242e+01	-1.751568e+00
5.500000e-07	-4.029078e-06	-2.234419e-11	-2.822721e+01	-1.655414e+00
5.600000e-07	-3.894063e-06	-2.524536e-11	-2.728131e+01	-1.578945e+00
5.700000e-07	-3.757617e-06	-1.918577e-11	-2.632539e+01	-1.520102e+00
5.800000e-07	-3.619735e-06	-1.897757e-11	-2.535941e+01	-1.468914e+00
5.900000e-07	-3.480415e-06	-2.234104e-11	-2.438335e+01	-1.411959e+00
6.000000e-07	-3.339680e-06	-2.533932e-11	-2.339737e+01	-1.338259e+00
6.100000e-07	-3.197561e-06	-1.511121e-11	-2.240171e+01	-1.244207e+00
6.200000e-07	-3.054203e-06	-9.467263e-12	-2.139736e+01	-1.135508e+00
6.300000e-07	-2.909749e-06	-1.122953e-11	-2.038533e+01	-1.025252e+00
6.400000e-07	-2.764216e-06	-1.377909e-11	-1.936575e+01	-9.288325e-01
6.500000e-07	-2.617709e-06	-8.386197e-12	-1.833934e+01	-8.577023e-01
6.600000e-07	-2.470395e-06	-5.214050e-12	-1.730728e+01	-8.144992e-01
6.700000e-07	-2.322274e-06	-1.312128e-11	-1.626956e+01	-7.915940e-01
6.800000e-07	-2.173361e-06	-1.715635e-11	-1.522629e+01	-7.737600e-01
6.900000e-07	-2.023627e-06	-1.267586e-11	-1.417728e+01	-7.440164e-01
7.000000e-07	-1.873105e-06	-4.803799e-12	-1.312273e+01	-6.903718e-01
7.100000e-07	-1.721983e-06	-6.764556e-12	-1.206400e+01	-6.107644e-01
7.200000e-07	-1.570390e-06	-7.869156e-12	-1.100196e+01	-5.141449e-01
7.300000e-07	-1.418232e-06	-1.608407e-12	-9.935956e+00	-4.171493e-01
7.400000e-07	-1.265429e-06	4.722853e-12	-8.865433e+00	-3.375761e-01
7.500000e-07	-1.112105e-06	2.733206e-12	-7.791267e+00	-2.871984e-01
7.600000e-07	-9.583763e-07	-7.711404e-13	-6.714263e+00	-2.667800e-01
7.700000e-07	-8.042589e-07	3.522301e-12	-5.634536e+00	-2.653499e-01
7.800000e-07	-6.498814e-07	8.107427e-12	-4.552987e+00	-2.641347e-01
7.900000e-07	-4.953319e-07	5.540016e-12	-3.470233e+00	-2.437024e-01
8.000000e-07	-3.405752e-07	8.667436e-13	-2.386027e+00	-1.915592e-01
8.100000e-07	-1.856805e-07	4.054407e-12	-1.300854e+00	-1.072120e-01
8.200000e-07	-3.075147e-08	8.492447e-12	-2.154409e-01	-2.662757e-03
8.300000e-07	1.241895e-07	8.974873e-12	8.700562e-01	1.019259e-01
8.400000e-07	2.790665e-07	9.430665e-12	1.955105e+00	1.857558e-01
8.500000e-07	4.338491e-07	1.456809e-11	3.039492e+00	2.352077e-01
8.600000e-07	5.885500e-07	1.728290e-11	4.123307e+00	2.489183e-01
8.700000e-07	7.430301e-07	1.288049e-11	5.205575e+00	2.381667e-01
8.800000e-07	8.971871e-07	8.038244e-12	6.285579e+00	2.224589e-01
8.900000e-07	1.051072e-06	7.524644e-12	7.363675e+00	2.220842e-01
9.000000e-07	1.204600e-06	1.045619e-11	8.439273e+00	2.505847e-01
9.100000e-07	1.357577e-06	1.043938e-11	9.511016e+00	3.100720e-01
9.200000e-07	1.509980e-06	1.185027e-11	1.057873e+01	3.911445e-01
9.300000e-07	1.661851e-06	1.790440e-11	1.164272e+01	4.772965e-01
9.400000e-07	1.813162e-06	2.200921e-11	1.270279e+01	5.519090e-01
9.500000e-07	1.963802e-06	1.972781e-11	1.375815e+01	6.049168e-01
9.600000e-07	2.113696e-06	1.781172e-11	1.480829e+01	6.364379e-01
9.700000e-07	2.262798e-06	2.071087e-11	1.585288e+01	6.559588e-01
9.800000e-07	2.411059e-06	2.117538e-11	1.689157e+01	6.775355e-01
9.900000e-07	2.558518e-06	1.714092e-11	1.792466e+01	7.131356e-01
1.000000e-06	2.705150e-06	1.463873e-11	1.895194e+01	7.670087e-01
1.010000e-06	2.850904e-06	2.032694e-11	1.997308e+01	8.335292e-01
1.020000e-06	2.995620e-06	2.432097e-11	2.098694e+01	8.994814e-01
1.030000e-06	3.139160e-06	2.150242e-11	2.199256e+01	9.498603e-01
1.040000e-06	3.281544e-06	1.861015e-11	2.299008e+01	9.747444e-01
1.050000e-06	3.422709e-06	2.092159e-11	2.397907e+01	9.742853e-01
1.060000e-06	3.562558e-06	2.201374e-11	2.495883e+01	9.595890e-01
1.070000e-06	3.701008e-06	1.738077e-11	2.592879e+01	9.489447e-01
1.080000e-06	3.838012e-06	1.615567e-11	2.688863e+01	9.608081e-01
1.090000e-06	3.973602e-06	2.074342e-11	2.783855e+01	1.006352e+00
1.100000e-06	4.107754e-06	2.602916e-11	2.877840e+01	1.084667e+00
1.110000e-06	4.240384e-06	2.534001e-11	2.970759e+01	1.182704e+00
1.120000e-06	4.371536e-06	2.412569e-11	3.062643e+01	1.280137e+00
1.130000e-06	4.501132e-06	2.731505e-11	3.153436e+01	1.357341e+00
1.140000e-06	4.629075e-06	3.017174e-11	3.243071e+01	1.403330e+00
1.150000e-06	4.755374e-06	2.724077e-11	3.331555e+01	1.420432e+00
1.160000e-06	4.880013e-06	2.294810e-11	3.418876e+01	1.423734e+00
1.170000e-06	5.003018e-06	2.481329e-11	3.505051e+01	1.435371e+00
1.180000e-06	5.124269e-06	2.830212e-11	3.589998e+01	1.475827e+00
1.190000e-06	5.243569e-06	2.875445e-11	3.673578e+01	1.555644e+00
1.200000e-06	5.360864e-06	2.847818e-11	3.755754e+01	1.670871e+00
1.210000e-06	5.476160e-06	3.159822e-11	3.836529e+01	1.804129e+00
1.220000e-06	5.589342e-06	3.613100e-11	3.915822e+01	1.931005e+00
1.230000e-06	5.700403e-06	3.707769e-11	3.993630e+01	2.029323e+00
1.240000e-06	5.809454e-06	3.515655e-11	4.070030e+01	2.087731e+00
1.250000e-06	5.916510e-06	3.592758e-11	4.145032e+01	2.110193e+00
1.260000e-06	6.021462e-06	3.921202e-11	4.218560e+01	2.114600e+00
1.270000e-06	6.124246e-06	3.998391e-11	4.290569e+01	2.125946e+00
1.280000e-06	6.224848e-06	3.928286e-11	4.361050e+01	2.166685e+00
1.290000e-06	6.323145e-06	3.975233e-11	4.429916e+01	2.247955e+00
1.300000e-06	6.419105e-06	4.146968e-11	4.497144e+01	2.365074e+00
1.310000e-06	6.512792e-06	4.041473e-11	4.562780e+01	2.499036e+00
1.320000e-06	6.604260e-06	3.884190e-11	4.626861e+01	2.623463e+00
1.330000e-06	6.693408e-06	4.195715e-11	4.689317e+01	2.714325e+00
1.340000e-06	6.780173e-06	4.695143e-11	4.750103e+01	2.758739e+00
1.350000e-06	6.864593e-06	4.998083e-11	4.809247e+01	2.759513e+00
1.360000e-06	6.946602e-06	5.015365e-11	4.866701e+01	2.733755e+00
1.370000e-06	7.026159e-06	4.791866e-11	4.922438e+01	2.706193e+00
1.380000e-06	7.103152e-06	4.423669e-11	4.976378e+01	2.699798e+00
1.390000e-06	7.177389e-06	4.148766e-11	5.028388e+01	2.727347e+00
1.400000e-06	7.248977e-06	4.259965e-11	5.078542e+01	2.787079e+00
1.410000e-06	7.318075e-06	4.764755e-11	5.126951e+01	2.863996e+00
1.420000e-06	7.384512e-06	5.358448e-11	5.173496e+01	2.936161e+00
1.430000e-06	7.448213e-06	5.569102e-11	5.218124e+01	2.983439e+00
1.440000e-06	7.509414e-06	5.425527e-11	5.261001e+01	2.995291e+00
1.450000e-06	7.568066e-06	5.153596e-11	5.302091e+01	2.974645e+00
1.460000e-06	7.623988e-06	4.874248e-11	5.341270e+01	2.936502e+00
1.470000e-06	7.677058e-06	4.607927e-11	5.378450e+01	2.901938e+00
1.480000e-06	7.726979e-06	4.726386e-11	5.413424e+01	2.889959e+00
1.490000e-06	7.773883e-06	5.173192e-11	5.446284e+01	2.910381e+00
1.500000e-06	7.818055e-06	5.490423e-11	5.477230e+01	2.960434e+00
1.510000e-06	7.859411e-06	5.594010e-11	5.506204e+01	3.026271e+00
1.520000e-06	7.897959e-06	5.727264e-11	5.533210e+01	3.088652e+00
1.530000e-06	7.933865e-06	5.820175e-11	5.558366e+01	3.130490e+00
1.540000e-06	7.967000e-06	5.698003e-11	5.581579e+01	3.143321e+00
1.550000e-06	7.997319e-06	5.518962e-11	5.602820e+01	3.130229e+00
1.560000e-06	8.024894e-06	5.344851e-11	5.622139e+01	3.104241e+00
1.570000e-06	8.049486e-06	5.367740e-11	5.639368e+01	3.082923e+00
1.580000e-06	8.071230e-06	5.421236e-11	5.654602e+01	3.081341e+00
1.590000e-06	8.090343e-06	5.574010e-11	5.667992e+01	3.106142e+00
1.600000e-06	8.106566e-06	5.607532e-11	5.679358e+01	3.152942e+00
1.610000e-06	8.119648e-06	5.597875e-11	5.688523e+01	3.207951e+00
1.620000e-06	8.129516e-06	5.623804e-11	5.695436e+01	3.253115e+00
1.630000e-06	8.136403e-06	5.572562e-11	5.700261e+01	3.272767e+00
1.640000e-06	8.140608e-06	5.394869e-11	5.703207e+01	3.259305e+00
1.650000e-06	8.141954e-06	4.999757e-11	5.704150e+01	3.215835e+00
1.660000e-06	8.140478e-06	5.262007e-11	5.703116e+01	3.154901e+00
1.670000e-06	8.136413e-06	5.445684e-11	5.700268e+01	3.093916e+00
1.680000e-06	8.129553e-06	5.372358e-11	5.695462e+01	3.049017e+00
1.690000e-06	8.119921e-06	5.090801e-11	5.688714e+01	3.029617e+00
1.700000e-06	8.107509e-06	4.982474e-11	5.680018e+01	3.035554e+00
1.710000e-06	8.092324e-06	4.814921e-11	5.669380e+01	3.057717e+00
1.720000e-06	8.074647e-06	3.450801e-11	5.656995e+01	3.081800e+00
1.730000e-06	8.054549e-06	4.351082e-11	5.642915e+01	3.093714e+00
1.740000e-06	8.031502e-06	6.857288e-11	5.626769e+01	3.084719e+00
1.750000e-06	8.004730e-06	5.223068e-11	5.608013e+01	3.054492e+00
1.760000e-06	7.974177e-06	4.390472e-11	5.586607e+01	3.011175e+00
1.770000e-06	7.940684e-06	5.366371e-11	5.563143e+01	2.968494e+00
1.780000e-06	7.905010e-06	3.111878e-11	5.538150e+01	2.941021e+00
1.790000e-06	7.867068e-06	1.299839e-11	5.511568e+01	2.939230e+00
1.800000e-06	7.827018e-06	8.362040e-11	5.483510e+01	2.965966e+00
1.810000e-06	7.784612e-06	9.431023e-12	5.453801e+01	3.015444e+00
1.820000e-06	7.739466e-06	3.525178e-11	5.422172e+01	3.075009e+00
1.830000e-06	7.691674e-06	1.088588e-10	5.388689e+01	3.129020e+00
1.840000e-06	7.640650e-06	2.767092e-11	5.352943e+01	3.163597e+00
1.850000e-06	7.586483e-06	8.077293e-11	5.314994e+01	3.170716e+00
1.860000e-06	7.529504e-06	4.667300e-12	5.275076e+01	3.150422e+00
1.870000e-06	7.469874e-06	5.156890e-11	5.233299e+01	3.110520e+00
1.880000e-06	7.407778e-06	7.099848e-11	5.189796e+01	3.063896e+00
1.890000e-06	7.342866e-06	2.036890e-11	5.144319e+01	3.024316e+00
1.900000e-06	7.275301e-06	8.919411e-11	5.096984e+01	3.002029e+00
1.910000e-06	7.204891e-06	3.627918e-11	5.047656e+01	3.000517e+00
1.920000e-06	7.131604e-06	6.093829e-11	4.996311e+01	3.015413e+00
1.930000e-06	7.055688e-06	1.816255e-11	4.943126e+01	3.035923e+00
1.940000e-06	6.976926e-06	3.092860e-11	4.887946e+01	3.048325e+00
1.950000e-06	6.895699e-06	6.996358e-11	4.831040e+01	3.040444e+00
1.960000e-06	6.812091e-06	3.196650e-11	4.772465e+01	3.005672e+00
1.970000e-06	6.725971e-06	8.039767e-11	4.712131e+01	2.945211e+00
1.980000e-06	6.637398e-06	3.526240e-11	4.650077e+01	2.867755e+00
1.990000e-06	6.546522e-06	5.062469e-11	4.586411e+01	2.786665e+00
2.000000e-06	6.453450e-06	2.899290e-11	4.521206e+01	2.715539e+00
2.010000e-06	6.357947e-06	2.649030e-11	4.454297e+01	2.663652e+00
2.020000e-06	6.260177e-06	4.880788e-11	4.385801e+01	2.632853e+00
2.030000e-06	6.160258e-06	3.377627e-11	4.315799e+01	2.617040e+00
2.040000e-06	6.058067e-06	5.726328e-11	4.244205e+01	2.604474e+00
2.050000e-06	5.953619e-06	2.877243e-11	4.171030e+01	2.582158e+00
2.060000e-06	5.847147e-06	5.072636e-11	4.096437e+01	2.540757e+00
2.070000e-06	5.738678e-06	3.138658e-11	4.020445e+01	2.478246e+00
2.080000e-06	5.628125e-06	3.812407e-11	3.942993e+01	2.400898e+00
2.090000e-06	5.515470e-06	3.430751e-11	3.864069e+01	2.321142e+00
2.100000e-06	5.400623e-06	3.660369e-11	3.783608e+01	2.253006e+00
2.110000e-06	5.283676e-06	4.129247e-11	3.701676e+01	2.206758e+00
2.120000e-06	5.164659e-06	3.123864e-11	3.618295e+01	2.184758e+00
2.130000e-06	5.043750e-06	3.725720e-11	3.533588e+01	2.180134e+00
2.140000e-06	4.920994e-06	3.113225e-11	3.447586e+01	2.178867e+00
2.150000e-06	4.796497e-06	4.094845e-11	3.360365e+01	2.164615e+00
2.160000e-06	4.670281e-06	3.082662e-11	3.271940e+01	2.124507e+00
2.170000e-06	4.542332e-06	3.693807e-11	3.182301e+01	2.053757e+00
2.180000e-06	4.412797e-06	3.105245e-11	3.091550e+01	1.957305e+00
2.190000e-06	4.281732e-06	3.603125e-11	2.999727e+01	1.847846e+00
2.200000e-06	4.149228e-06	2.633334e-11	2.906897e+01	1.740961e+00
2.210000e-06	4.015188e-06	2.415896e-11	2.812990e+01	1.649213e+00
2.220000e-06	3.879694e-06	2.332294e-11	2.718065e+01	1.577511e+00
2.230000e-06	3.742783e-06	2.525653e-11	2.622146e+01	1.521554e+00
2.240000e-06	3.604474e-06	2.705973e-11	2.525249e+01	1.469997e+00
2.250000e-06	3.464788e-06	2.312404e-11	2.427387e+01	1.409472e+00
2.260000e-06	3.323698e-06	2.862001e-11	2.328540e+01	1.330471e+00
2.270000e-06	3.181276e-06	2.327032e-11	2.228762e+01	1.231680e+00
2.280000e-06	3.037737e-06	2.037041e-11	2.128200e+01	1.120977e+00
2.290000e-06	2.893159e-06	1.098079e-11	2.026911e+01	1.012594e+00
2.300000e-06	2.747526e-06	1.279620e-11	1.924882e+01	9.215132e-01
2.310000e-06	2.600954e-06	1.174957e-11	1.822196e+01	8.573335e-01
2.320000e-06	2.453595e-06	1.304221e-11	1.718958e+01	8.201009e-01
2.330000e-06	2.305410e-06	1.337069e-11	1.615141e+01	7.998838e-01
2.340000e-06	2.156191e-06	1.592614e-11	1.510600e+01	7.803881e-01
2.350000e-06	2.006222e-06	1.580222e-11	1.405534e+01	7.452735e-01
2.360000e-06	1.855637e-06	9.206154e-12	1.300036e+01	6.846928e-01
2.370000e-06	1.704391e-06	3.433245e-12	1.194075e+01	5.994126e-01
2.380000e-06	1.552590e-06	-6.472459e-13	1.087725e+01	5.007750e-01
2.390000e-06	1.400337e-06	-3.353560e-13	9.810584e+00	4.063942e-01
2.400000e-06	1.247593e-06	2.039694e-12	8.740477e+00	3.331967e-01
2.410000e-06	1.094277e-06	6.927828e-12	7.666368e+00	2.905287e-01
2.420000e-06	9.404385e-07	1.069242e-11	6.588593e+00	2.760985e-01
2.430000e-06	7.862034e-07	1.212568e-11	5.508042e+00	2.764524e-01
2.440000e-06	6.317869e-07	6.795194e-12	4.426219e+00	2.719118e-01
2.450000e-06	4.772346e-07	1.116565e-12	3.343445e+00	2.441182e-01
2.460000e-06	3.225303e-07	-2.176717e-12	2.259607e+00	1.832591e-01
2.470000e-06	1.677362e-07	-3.029270e-12	1.175138e+00	9.211816e-02
2.480000e-06	1.290183e-08	-4.566313e-12	9.038856e-02	-1.469032e-02
2.490000e-06	-1.419368e-07	-3.568723e-12	-9.943910e-01	-1.160730e-01
2.500000e-06	-2.966820e-07	-1.419917e-12	-2.078517e+00	-1.923535e-01
2.510000e-06	-4.513248e-07	-6.122687e-13	-3.161925e+00	-2.326627e-01
2.520000e-06	-6.058644e-07	-2.957910e-12	-4.244609e+00	-2.389634e-01
2.530000e-06	-7.601994e-07	-6.038659e-12	-5.325861e+00	-2.251663e-01
2.540000e-06	-9.141841e-07	-5.869144e-12	-6.404658e+00	-2.117292e-01
2.550000e-06	-1.067795e-06	-6.027334e-12	-7.480839e+00	-2.178942e-01
2.560000e-06	-1.220957e-06	-8.334746e-12	-8.553869e+00	-2.546221e-01
2.570000e-06	-1.373556e-06	-1.008534e-11	-9.622959e+00	-3.209610e-01
2.580000e-06	-1.525605e-06	-7.652597e-12	-1.068820e+01	-4.051752e-01
2.590000e-06	-1.677124e-06	-7.925399e-12	-1.174972e+01	-4.900351e-01
2.600000e-06	-1.828106e-06	-1.066753e-11	-1.280748e+01	-5.600142e-01
2.610000e-06	-1.978468e-06	-1.201600e-11	-1.386090e+01	-6.074161e-01
2.620000e-06	-2.128134e-06	-1.084329e-11	-1.490944e+01	-6.349554e-01
2.630000e-06	-2.277034e-06	-1.172907e-11	-1.595262e+01	-6.538298e-01
2.640000e-06	-2.425068e-06	-1.467679e-11	-1.698972e+01	-6.782076e-01
2.650000e-06	-2.572214e-06	-1.594445e-11	-1.802061e+01	-7.185523e-01
2.660000e-06	-2.718479e-06	-1.566535e-11	-1.904532e+01	-7.766756e-01
2.670000e-06	-2.863743e-06	-1.551873e-11	-2.006302e+01	-8.446728e-01
2.680000e-06	-3.007923e-06	-1.822546e-11	-2.107313e+01	-9.082450e-01
2.690000e-06	-3.151004e-06	-2.143053e-11	-2.207554e+01	-9.530382e-01
2.700000e-06	-3.292929e-06	-2.093526e-11	-2.306984e+01	-9.713143e-01
2.710000e-06	-3.433565e-06	-1.905847e-11	-2.405512e+01	-9.660689e-01
2.720000e-06	-3.572865e-06	-2.155236e-11	-2.503104e+01	-9.507219e-01
2.730000e-06	-3.710855e-06	-2.338772e-11	-2.599778e+01	-9.443338e-01
2.740000e-06	-3.847437e-06	-2.140705e-11	-2.695466e+01	-9.641835e-01
2.750000e-06	-3.982622e-06	-1.996039e-11	-2.790175e+01	-1.018711e+00
2.760000e-06	-4.116436e-06	-2.236184e-11	-2.883923e+01	-1.103773e+00
2.770000e-06	-4.248684e-06	-2.527917e-11	-2.976574e+01	-1.203877e+00
2.780000e-06	-4.379425e-06	-2.334671e-11	-3.068170e+01	-1.298068e+00
2.790000e-06	-4.508658e-06	-2.222593e-11	-3.158709e+01	-1.368215e+00
2.800000e-06	-4.636297e-06	-2.599852e-11	-3.248131e+01	-1.406404e+00
2.810000e-06	-4.762377e-06	-2.813703e-11	-3.336461e+01	-1.418427e+00
2.820000e-06	-4.886722e-06	-2.666396e-11	-3.423576e+01	-1.421835e+00
2.830000e-06	-5.009269e-06	-2.628677e-11	-3.509431e+01	-1.439215e+00
2.840000e-06	-5.129995e-06	-3.071140e-11	-3.594010e+01	-1.489243e+00
2.850000e-06	-5.248845e-06	-3.518176e-11	-3.677274e+01	-1.579063e+00
2.860000e-06	-5.365633e-06	-3.385737e-11	-3.759094e+01	-1.701037e+00
2.870000e-06	-5.480138e-06	-3.186723e-11	-3.839315e+01	-1.835260e+00
2.880000e-06	-5.592523e-06	-3.278569e-11	-3.918051e+01	-1.956969e+00
2.890000e-06	-5.702838e-06	-3.514042e-11	-3.995336e+01	-2.046003e+00
2.900000e-06	-5.811068e-06	-3.581886e-11	-4.071161e+01	-2.094629e+00
2.910000e-06	-5.917347e-06	-3.603374e-11	-4.145618e+01	-2.110665e+00
2.920000e-06	-6.021571e-06	-4.051232e-11	-4.218636e+01	-2.114582e+00
2.930000e-06	-6.123532e-06	-4.370110e-11	-4.290069e+01	-2.131678e+00
2.940000e-06	-6.223250e-06	-4.331985e-11	-4.359930e+01	-2.182283e+00
2.950000e-06	-6.320907e-06	-4.119327e-11	-4.428347e+01	-2.273779e+00
2.960000e-06	-6.416441e-06	-4.081338e-11	-4.495278e+01	-2.397523e+00
2.970000e-06	-6.509630e-06	-4.391710e-11	-4.560564e+01	-2.531847e+00
2.980000e-06	-6.600510e-06	-4.731917e-11	-4.624234e+01	-2.650020e+00
2.990000e-06	-6.689103e-06	-4.785072e-11	-4.686301e+01	-2.730091e+00
3.000000e-06	-6.775284e-06	-4.897411e-11	-4.746678e+01	-2.762895e+00
3.010000e-06	-6.859044e-06	-5.278534e-11	-4.805359e+01	-2.755179e+00
3.020000e-06	-6.940413e-06	-5.392311e-11	-4.862366e+01	-2.726747e+00
3.030000e-06	-7.019266e-06	-5.037055e-11	-4.917609e+01	-2.702791e+00
3.040000e-06	-7.095355e-06	-4.788483e-11	-4.970916e+01	-2.704412e+00
3.050000e-06	-7.168728e-06	-4.941711e-11	-5.022320e+01	-2.740947e+00
3.060000e-06	-7.239511e-06	-5.133145e-11	-5.071910e+01	-2.806982e+00
3.070000e-06	-7.307680e-06	-5.072044e-11	-5.119668e+01	-2.885044e+00
3.080000e-06	-7.373318e-06	-4.954347e-11	-5.165653e+01	-2.952804e+00
3.090000e-06	-7.436370e-06	-5.154296e-11	-5.209827e+01	-2.991906e+00
3.100000e-06	-7.496700e-06	-5.355659e-11	-5.252093e+01	-2.995014e+00
3.110000e-06	-7.554321e-06	-5.452321e-11	-5.292462e+01	-2.968414e+00
3.120000e-06	-7.609124e-06	-5.378663e-11	-5.330856e+01	-2.929320e+00
3.130000e-06	-7.661016e-06	-5.578647e-11	-5.367211e+01	-2.899070e+00
3.140000e-06	-7.709807e-06	-5.681267e-11	-5.401393e+01	-2.894933e+00
3.150000e-06	-7.755647e-06	-5.200696e-11	-5.433508e+01	-2.923711e+00
3.160000e-06	-7.799022e-06	-4.667607e-11	-5.463896e+01	-2.979533e+00
3.170000e-06	-7.839926e-06	-4.557649e-11	-5.492553e+01	-3.046549e+00
3.180000e-06	-7.878017e-06	-4.985252e-11	-5.519239e+01	-3.105341e+00
3.190000e-06	-7.913272e-06	-5.438495e-11	-5.543938e+01	-3.140478e+00
3.200000e-06	-7.945847e-06	-5.665102e-11	-5.566760e+01	-3.146280e+00
3.210000e-06	-7.975518e-06	-5.795347e-11	-5.587547e+01	-3.128643e+00
3.220000e-06	-8.002297e-06	-5.858024e-11	-5.606308e+01	-3.102345e+00
3.230000e-06	-8.026353e-06	-5.582725e-11	-5.623162e+01	-3.084987e+00
3.240000e-06	-8.047541e-06	-5.193390e-11	-5.638005e+01	-3.089988e+00
3.250000e-06	-8.065888e-06	-5.102116e-11	-5.650859e+01	-3.121319e+00
3.260000e-06	-8.081368e-06	-5.453773e-11	-5.661704e+01	-3.171931e+00
3.270000e-06	-8.093680e-06	-5.804677e-11	-5.670330e+01	-3.226385e+00
3.280000e-06	-8.102922e-06	-6.039745e-11	-5.676805e+01	-3.266596e+00
3.290000e-06	-8.109274e-06	-6.258946e-11	-5.681255e+01	-3.278472e+00
3.300000e-06	-8.112760e-06	-6.473138e-11	-5.683697e+01	-3.256989e+00
3.310000e-06	-8.113559e-06	-6.566957e-11	-5.684257e+01	-3.207880e+00
