# Temperatura_=_24.77
# Concentracion g/m^3_=_10000.0
# C_Vs_to_Am_M_A/Vsm_=_59384043850.047264
# pendiente_HvsI_1/m_=_3716.3
# ordenada_HvsI_A/m_=_1297.0
# frecuencia_Hz_=_301642.66262002726

Tiempo_(s)	Campo_(V.s)	Magnetizacion_(V.s)	Campo_(kA/m)	Magnetizacion_(A/m)
0.000000e+00	-8.103571e-06	-8.016848e-09	-5.683863e+01	-4.740573e+02
1.000000e-08	-8.099821e-06	-8.009465e-09	-5.681232e+01	-4.740313e+02
2.000000e-08	-8.093432e-06	-8.005537e-09	-5.676752e+01	-4.739521e+02
3.000000e-08	-8.084448e-06	-8.002199e-09	-5.670450e+01	-4.737961e+02
4.000000e-08	-8.072627e-06	-7.999167e-09	-5.662158e+01	-4.735495e+02
5.000000e-08	-8.057808e-06	-7.994119e-09	-5.651765e+01	-4.732118e+02
6.000000e-08	-8.040095e-06	-7.991064e-09	-5.639340e+01	-4.727940e+02
7.000000e-08	-8.019929e-06	-7.989707e-09	-5.625196e+01	-4.723129e+02
8.000000e-08	-7.997208e-06	-7.942485e-09	-5.609259e+01	-4.717826e+02
9.000000e-08	-7.971230e-06	-7.886189e-09	-5.591039e+01	-4.712079e+02
1.000000e-07	-7.942005e-06	-7.899057e-09	-5.570540e+01	-4.705823e+02
1.100000e-07	-7.909994e-06	-7.934794e-09	-5.548088e+01	-4.698903e+02
1.200000e-07	-7.875204e-06	-7.934112e-09	-5.523686e+01	-4.691143e+02
1.300000e-07	-7.837880e-06	-7.912762e-09	-5.497506e+01	-4.682427e+02
1.400000e-07	-7.798405e-06	-7.942966e-09	-5.469819e+01	-4.672758e+02
1.500000e-07	-7.756416e-06	-7.917986e-09	-5.440368e+01	-4.662268e+02
1.600000e-07	-7.711557e-06	-7.856960e-09	-5.408903e+01	-4.651189e+02
1.700000e-07	-7.664018e-06	-7.837627e-09	-5.375560e+01	-4.639760e+02
1.800000e-07	-7.613567e-06	-7.755720e-09	-5.340173e+01	-4.628149e+02
1.900000e-07	-7.560019e-06	-7.789686e-09	-5.302614e+01	-4.616375e+02
2.000000e-07	-7.503691e-06	-7.805156e-09	-5.263105e+01	-4.604295e+02
2.100000e-07	-7.444641e-06	-7.752047e-09	-5.221688e+01	-4.591639e+02
2.200000e-07	-7.383004e-06	-7.739167e-09	-5.178455e+01	-4.578096e+02
2.300000e-07	-7.318662e-06	-7.692043e-09	-5.133326e+01	-4.563407e+02
2.400000e-07	-7.251462e-06	-7.691190e-09	-5.086192e+01	-4.547446e+02
2.500000e-07	-7.181653e-06	-7.616809e-09	-5.037227e+01	-4.530249e+02
2.600000e-07	-7.109214e-06	-7.563335e-09	-4.986419e+01	-4.511985e+02
2.700000e-07	-7.033964e-06	-7.577925e-09	-4.933638e+01	-4.492883e+02
2.800000e-07	-6.955868e-06	-7.583717e-09	-4.878861e+01	-4.473136e+02
2.900000e-07	-6.875036e-06	-7.530221e-09	-4.822166e+01	-4.452827e+02
3.000000e-07	-6.791784e-06	-7.440865e-09	-4.763773e+01	-4.431895e+02
3.100000e-07	-6.706333e-06	-7.441256e-09	-4.703837e+01	-4.410158e+02
3.200000e-07	-6.618598e-06	-7.399482e-09	-4.642300e+01	-4.387380e+02
3.300000e-07	-6.528505e-06	-7.334290e-09	-4.579108e+01	-4.363358e+02
3.400000e-07	-6.436098e-06	-7.296405e-09	-4.514294e+01	-4.337996e+02
3.500000e-07	-6.341379e-06	-7.278247e-09	-4.447858e+01	-4.311330e+02
3.600000e-07	-6.244353e-06	-7.251897e-09	-4.379803e+01	-4.283502e+02
3.700000e-07	-6.145032e-06	-7.175962e-09	-4.310139e+01	-4.254696e+02
3.800000e-07	-6.043442e-06	-7.109809e-09	-4.238884e+01	-4.225045e+02
3.900000e-07	-5.939643e-06	-7.057203e-09	-4.166079e+01	-4.194569e+02
4.000000e-07	-5.833673e-06	-7.020453e-09	-4.091752e+01	-4.163145e+02
4.100000e-07	-5.725644e-06	-6.958228e-09	-4.015979e+01	-4.130539e+02
4.200000e-07	-5.615639e-06	-6.897557e-09	-3.938821e+01	-4.096483e+02
4.300000e-07	-5.503594e-06	-6.853173e-09	-3.860233e+01	-4.060763e+02
4.400000e-07	-5.389446e-06	-6.795516e-09	-3.780169e+01	-4.023296e+02
4.500000e-07	-5.273122e-06	-6.715498e-09	-3.698580e+01	-3.984150e+02
4.600000e-07	-5.154730e-06	-6.627942e-09	-3.615539e+01	-3.943514e+02
4.700000e-07	-5.034468e-06	-6.563803e-09	-3.531187e+01	-3.901613e+02
4.800000e-07	-4.912368e-06	-6.499426e-09	-3.445546e+01	-3.858608e+02
4.900000e-07	-4.788507e-06	-6.425503e-09	-3.358670e+01	-3.814514e+02
5.000000e-07	-4.662896e-06	-6.343178e-09	-3.270566e+01	-3.769166e+02
5.100000e-07	-4.535578e-06	-6.272200e-09	-3.181264e+01	-3.722250e+02
5.200000e-07	-4.406640e-06	-6.189679e-09	-3.090827e+01	-3.673391e+02
5.300000e-07	-4.276168e-06	-6.091521e-09	-2.999314e+01	-3.622251e+02
5.400000e-07	-4.144227e-06	-5.990575e-09	-2.906770e+01	-3.568630e+02
5.500000e-07	-4.010733e-06	-5.899372e-09	-2.813137e+01	-3.512500e+02
5.600000e-07	-3.875692e-06	-5.809094e-09	-2.718419e+01	-3.453987e+02
5.700000e-07	-3.739294e-06	-5.705714e-09	-2.622749e+01	-3.393282e+02
5.800000e-07	-3.601589e-06	-5.599735e-09	-2.526163e+01	-3.330541e+02
5.900000e-07	-3.462454e-06	-5.493298e-09	-2.428573e+01	-3.265782e+02
6.000000e-07	-3.321809e-06	-5.381748e-09	-2.329924e+01	-3.198840e+02
6.100000e-07	-3.179812e-06	-5.251974e-09	-2.230327e+01	-3.129381e+02
6.200000e-07	-3.036647e-06	-5.124274e-09	-2.129911e+01	-3.056975e+02
6.300000e-07	-2.892363e-06	-5.000655e-09	-2.028710e+01	-2.981201e+02
6.400000e-07	-2.746985e-06	-4.873741e-09	-1.926741e+01	-2.901736e+02
6.500000e-07	-2.600563e-06	-4.731082e-09	-1.824040e+01	-2.818400e+02
6.600000e-07	-2.453272e-06	-4.582596e-09	-1.720730e+01	-2.731137e+02
6.700000e-07	-2.305210e-06	-4.434724e-09	-1.616879e+01	-2.639944e+02
6.800000e-07	-2.156342e-06	-4.274635e-09	-1.512463e+01	-2.544763e+02
6.900000e-07	-2.006693e-06	-4.100375e-09	-1.407499e+01	-2.445399e+02
7.000000e-07	-1.856374e-06	-3.918051e-09	-1.302065e+01	-2.341475e+02
7.100000e-07	-1.705475e-06	-3.738763e-09	-1.196224e+01	-2.232457e+02
7.200000e-07	-1.554025e-06	-3.548787e-09	-1.089997e+01	-2.117723e+02
7.300000e-07	-1.401982e-06	-3.341702e-09	-9.833531e+00	-1.996664e+02
7.400000e-07	-1.249382e-06	-3.122190e-09	-8.763192e+00	-1.868749e+02
7.500000e-07	-1.096340e-06	-2.896585e-09	-7.689750e+00	-1.733550e+02
7.600000e-07	-9.428652e-07	-2.656944e-09	-6.613278e+00	-1.590697e+02
7.700000e-07	-7.890435e-07	-2.398019e-09	-5.534369e+00	-1.439795e+02
7.800000e-07	-6.349995e-07	-2.126682e-09	-4.453901e+00	-1.280346e+02
7.900000e-07	-4.807508e-07	-1.845657e-09	-3.371997e+00	-1.111722e+02
8.000000e-07	-3.263479e-07	-1.549134e-09	-2.289011e+00	-9.332368e+01
8.100000e-07	-1.718151e-07	-1.229928e-09	-1.205115e+00	-7.443274e+01
8.200000e-07	-1.720993e-08	-8.912150e-10	-1.207108e-01	-5.448005e+01
8.300000e-07	1.374276e-07	-5.362395e-10	9.639200e-01	-3.350939e+01
8.400000e-07	2.920015e-07	-1.657816e-10	2.048105e+00	-1.164665e+01
8.500000e-07	4.464306e-07	2.169671e-10	3.131274e+00	1.089521e+01
8.600000e-07	6.007362e-07	6.025989e-10	4.213577e+00	3.382865e+01
8.700000e-07	7.548047e-07	9.869005e-10	5.294217e+00	5.682018e+01
8.800000e-07	9.085355e-07	1.367303e-09	6.372488e+00	7.952908e+01
8.900000e-07	1.061957e-06	1.736259e-09	7.448591e+00	1.016472e+02
9.000000e-07	1.215075e-06	2.089963e-09	8.522562e+00	1.229308e+02
9.100000e-07	1.367755e-06	2.429335e-09	9.593466e+00	1.432167e+02
9.200000e-07	1.519900e-06	2.757417e-09	1.066061e+01	1.624218e+02
9.300000e-07	1.671430e-06	3.065659e-09	1.172345e+01	1.805275e+02
9.400000e-07	1.822374e-06	3.349370e-09	1.278217e+01	1.975562e+02
9.500000e-07	1.972791e-06	3.615025e-09	1.383720e+01	2.135469e+02
9.600000e-07	2.122539e-06	3.867672e-09	1.488754e+01	2.285391e+02
9.700000e-07	2.271525e-06	4.102998e-09	1.593252e+01	2.425652e+02
9.800000e-07	2.419679e-06	4.316803e-09	1.697168e+01	2.556545e+02
9.900000e-07	2.566930e-06	4.518211e-09	1.800451e+01	2.678415e+02
1.000000e-06	2.713292e-06	4.708615e-09	1.903109e+01	2.791753e+02
1.010000e-06	2.858716e-06	4.887374e-09	2.005110e+01	2.897232e+02
1.020000e-06	3.003042e-06	5.052744e-09	2.106340e+01	2.995669e+02
1.030000e-06	3.146250e-06	5.207528e-09	2.206787e+01	3.087924e+02
1.040000e-06	3.288316e-06	5.352630e-09	2.306432e+01	3.174769e+02
1.050000e-06	3.429101e-06	5.488892e-09	2.405179e+01	3.256773e+02
1.060000e-06	3.568506e-06	5.618048e-09	2.502958e+01	3.334267e+02
1.070000e-06	3.706506e-06	5.739465e-09	2.599752e+01	3.407370e+02
1.080000e-06	3.843130e-06	5.853947e-09	2.695580e+01	3.476106e+02
1.090000e-06	3.978417e-06	5.959298e-09	2.790470e+01	3.540532e+02
1.100000e-06	4.112356e-06	6.058537e-09	2.884415e+01	3.600849e+02
1.110000e-06	4.244760e-06	6.153896e-09	2.977284e+01	3.657449e+02
1.120000e-06	4.375539e-06	6.246178e-09	3.069013e+01	3.710879e+02
1.130000e-06	4.504724e-06	6.334198e-09	3.159623e+01	3.761741e+02
1.140000e-06	4.632357e-06	6.416903e-09	3.249146e+01	3.810564e+02
1.150000e-06	4.758476e-06	6.495226e-09	3.337606e+01	3.857693e+02
1.160000e-06	4.882972e-06	6.570297e-09	3.424927e+01	3.903251e+02
1.170000e-06	5.005647e-06	6.641617e-09	3.510972e+01	3.947166e+02
1.180000e-06	5.126505e-06	6.710424e-09	3.595742e+01	3.989269e+02
1.190000e-06	5.245551e-06	6.777733e-09	3.679241e+01	4.029411e+02
1.200000e-06	5.362591e-06	6.843067e-09	3.761333e+01	4.067565e+02
1.210000e-06	5.477505e-06	6.906222e-09	3.841934e+01	4.103863e+02
1.220000e-06	5.590324e-06	6.967598e-09	3.921066e+01	4.138569e+02
1.230000e-06	5.701096e-06	7.025381e-09	3.998762e+01	4.171993e+02
1.240000e-06	5.809904e-06	7.080334e-09	4.075079e+01	4.204384e+02
1.250000e-06	5.916726e-06	7.133009e-09	4.150005e+01	4.235852e+02
1.260000e-06	6.021438e-06	7.182817e-09	4.223450e+01	4.266339e+02
1.270000e-06	6.123982e-06	7.229769e-09	4.295374e+01	4.295665e+02
1.280000e-06	6.224274e-06	7.276165e-09	4.365719e+01	4.323619e+02
1.290000e-06	6.322277e-06	7.322917e-09	4.434459e+01	4.350065e+02
1.300000e-06	6.417988e-06	7.365570e-09	4.501591e+01	4.375011e+02
1.310000e-06	6.511520e-06	7.405038e-09	4.567194e+01	4.398631e+02
1.320000e-06	6.602807e-06	7.443701e-09	4.631224e+01	4.421209e+02
1.330000e-06	6.691707e-06	7.482055e-09	4.693578e+01	4.443042e+02
1.340000e-06	6.778261e-06	7.518979e-09	4.754287e+01	4.464336e+02
1.350000e-06	6.862496e-06	7.552602e-09	4.813370e+01	4.485127e+02
1.360000e-06	6.944319e-06	7.584734e-09	4.870761e+01	4.505277e+02
1.370000e-06	7.023641e-06	7.616148e-09	4.926398e+01	4.524531e+02
1.380000e-06	7.100392e-06	7.645531e-09	4.980231e+01	4.542619e+02
1.390000e-06	7.174439e-06	7.673304e-09	5.032167e+01	4.559370e+02
1.400000e-06	7.245849e-06	7.699864e-09	5.082254e+01	4.574787e+02
1.410000e-06	7.314746e-06	7.725007e-09	5.130579e+01	4.589058e+02
1.420000e-06	7.380975e-06	7.747275e-09	5.177032e+01	4.602497e+02
1.430000e-06	7.444513e-06	7.767976e-09	5.221598e+01	4.615440e+02
1.440000e-06	7.505558e-06	7.787879e-09	5.264415e+01	4.628125e+02
1.450000e-06	7.564047e-06	7.807486e-09	5.305439e+01	4.640622e+02
1.460000e-06	7.619807e-06	7.826637e-09	5.344550e+01	4.652811e+02
1.470000e-06	7.672575e-06	7.844426e-09	5.381561e+01	4.664444e+02
1.480000e-06	7.722136e-06	7.861803e-09	5.416323e+01	4.675244e+02
1.490000e-06	7.768735e-06	7.876518e-09	5.449008e+01	4.685018e+02
1.500000e-06	7.812625e-06	7.887790e-09	5.479793e+01	4.693737e+02
1.510000e-06	7.853704e-06	7.897918e-09	5.508606e+01	4.701544e+02
1.520000e-06	7.891994e-06	7.909129e-09	5.535463e+01	4.708708e+02
1.530000e-06	7.927620e-06	7.920373e-09	5.560451e+01	4.715517e+02
1.540000e-06	7.960435e-06	7.930672e-09	5.583467e+01	4.722168e+02
1.550000e-06	7.990439e-06	7.940462e-09	5.604512e+01	4.728693e+02
1.560000e-06	8.017704e-06	7.948500e-09	5.623636e+01	4.734940e+02
1.570000e-06	8.042065e-06	7.953984e-09	5.640722e+01	4.740632e+02
1.580000e-06	8.063624e-06	7.958233e-09	5.655844e+01	4.745459e+02
1.590000e-06	8.082455e-06	7.961837e-09	5.669052e+01	4.749199e+02
1.600000e-06	8.098343e-06	7.963225e-09	5.680196e+01	4.751792e+02
1.610000e-06	8.111172e-06	7.963786e-09	5.689194e+01	4.753365e+02
1.620000e-06	8.120874e-06	7.965707e-09	5.695999e+01	4.754185e+02
1.630000e-06	8.127578e-06	7.968045e-09	5.700701e+01	4.754565e+02
1.640000e-06	8.131476e-06	7.968118e-09	5.703435e+01	4.754757e+02
1.650000e-06	8.132495e-06	7.965512e-09	5.704150e+01	4.754870e+02
1.660000e-06	8.130760e-06	7.967006e-09	5.702933e+01	4.754842e+02
1.670000e-06	8.126433e-06	7.968636e-09	5.699899e+01	4.754474e+02
1.680000e-06	8.119336e-06	7.967008e-09	5.694920e+01	4.753509e+02
1.690000e-06	8.109476e-06	7.961524e-09	5.688004e+01	4.751732e+02
1.700000e-06	8.096785e-06	7.954777e-09	5.679103e+01	4.749033e+02
1.710000e-06	8.081350e-06	7.947328e-09	5.668277e+01	4.745441e+02
1.720000e-06	8.063512e-06	7.933776e-09	5.655765e+01	4.741089e+02
1.730000e-06	8.043239e-06	7.955623e-09	5.641546e+01	4.736145e+02
1.740000e-06	8.019944e-06	8.014109e-09	5.625207e+01	4.730730e+02
1.750000e-06	7.992872e-06	7.991384e-09	5.606218e+01	4.724867e+02
1.760000e-06	7.962094e-06	7.931531e-09	5.584631e+01	4.718462e+02
1.770000e-06	7.928475e-06	7.898084e-09	5.561050e+01	4.711347e+02
1.780000e-06	7.892574e-06	7.854010e-09	5.535869e+01	4.703356e+02
1.790000e-06	7.854457e-06	7.796391e-09	5.509134e+01	4.694396e+02
1.800000e-06	7.814312e-06	7.872276e-09	5.480976e+01	4.684503e+02
1.810000e-06	7.771770e-06	7.831251e-09	5.451137e+01	4.673843e+02
1.820000e-06	7.726465e-06	7.802480e-09	5.419360e+01	4.662655e+02
1.830000e-06	7.678416e-06	7.877969e-09	5.385658e+01	4.651170e+02
1.840000e-06	7.627105e-06	7.774267e-09	5.349668e+01	4.639523e+02
1.850000e-06	7.572768e-06	7.795986e-09	5.311556e+01	4.627691e+02
1.860000e-06	7.515775e-06	7.716688e-09	5.271581e+01	4.615496e+02
1.870000e-06	7.456095e-06	7.718930e-09	5.229721e+01	4.602648e+02
1.880000e-06	7.393889e-06	7.762472e-09	5.186090e+01	4.588838e+02
1.890000e-06	7.328875e-06	7.678131e-09	5.140490e+01	4.573837e+02
1.900000e-06	7.261126e-06	7.726556e-09	5.092970e+01	4.557557e+02
1.910000e-06	7.190544e-06	7.658309e-09	5.043463e+01	4.540074e+02
1.920000e-06	7.117158e-06	7.614171e-09	4.991991e+01	4.521579e+02
1.930000e-06	7.041156e-06	7.544271e-09	4.938682e+01	4.502300e+02
1.940000e-06	6.962361e-06	7.507411e-09	4.883415e+01	4.482411e+02
1.950000e-06	6.881090e-06	7.537470e-09	4.826412e+01	4.461957e+02
1.960000e-06	6.797368e-06	7.469728e-09	4.767689e+01	4.440845e+02
1.970000e-06	6.711131e-06	7.483550e-09	4.707202e+01	4.418870e+02
1.980000e-06	6.622486e-06	7.418339e-09	4.645027e+01	4.395796e+02
1.990000e-06	6.531506e-06	7.367682e-09	4.581213e+01	4.371444e+02
2.000000e-06	6.438293e-06	7.308341e-09	4.515833e+01	4.345747e+02
2.010000e-06	6.342732e-06	7.245036e-09	4.448807e+01	4.318774e+02
2.020000e-06	6.244984e-06	7.228554e-09	4.380246e+01	4.290685e+02
2.030000e-06	6.145036e-06	7.172205e-09	4.310142e+01	4.261659e+02
2.040000e-06	6.042818e-06	7.154367e-09	4.238446e+01	4.231806e+02
2.050000e-06	5.938386e-06	7.082232e-09	4.165197e+01	4.201109e+02
2.060000e-06	5.831864e-06	7.036178e-09	4.090483e+01	4.169414e+02
2.070000e-06	5.723331e-06	6.963106e-09	4.014357e+01	4.136471e+02
2.080000e-06	5.612724e-06	6.903461e-09	3.936777e+01	4.102015e+02
2.090000e-06	5.499992e-06	6.842387e-09	3.857707e+01	4.065860e+02
2.100000e-06	5.385089e-06	6.780315e-09	3.777114e+01	4.027961e+02
2.110000e-06	5.268137e-06	6.731569e-09	3.695083e+01	3.988422e+02
2.120000e-06	5.149059e-06	6.657339e-09	3.611562e+01	3.947449e+02
2.130000e-06	5.028083e-06	6.588581e-09	3.526709e+01	3.905262e+02
2.140000e-06	4.905362e-06	6.503092e-09	3.440632e+01	3.861990e+02
2.150000e-06	4.780859e-06	6.436404e-09	3.353305e+01	3.817604e+02
2.160000e-06	4.654628e-06	6.354487e-09	3.264767e+01	3.771898e+02
2.170000e-06	4.526704e-06	6.281977e-09	3.175040e+01	3.724532e+02
2.180000e-06	4.397186e-06	6.197552e-09	3.084196e+01	3.675130e+02
2.190000e-06	4.266084e-06	6.118360e-09	2.992241e+01	3.623382e+02
2.200000e-06	4.133468e-06	6.023048e-09	2.899224e+01	3.569130e+02
2.210000e-06	3.999402e-06	5.923730e-09	2.805190e+01	3.512388e+02
2.220000e-06	3.863870e-06	5.821779e-09	2.710127e+01	3.453308e+02
2.230000e-06	3.726847e-06	5.722774e-09	2.614019e+01	3.392084e+02
2.240000e-06	3.588501e-06	5.625248e-09	2.516983e+01	3.328844e+02
2.250000e-06	3.448865e-06	5.514935e-09	2.419042e+01	3.263562e+02
2.260000e-06	3.307939e-06	5.405893e-09	2.320196e+01	3.196027e+02
2.270000e-06	3.165757e-06	5.282481e-09	2.220469e+01	3.125873e+02
2.280000e-06	3.022368e-06	5.159687e-09	2.119896e+01	3.052662e+02
2.290000e-06	2.877812e-06	5.022021e-09	2.018504e+01	2.975991e+02
2.300000e-06	2.732162e-06	4.890569e-09	1.916345e+01	2.895569e+02
2.310000e-06	2.585633e-06	4.750684e-09	1.813569e+01	2.811253e+02
2.320000e-06	2.438294e-06	4.607297e-09	1.710225e+01	2.723008e+02
2.330000e-06	2.290133e-06	4.453105e-09	1.606304e+01	2.630827e+02
2.340000e-06	2.141148e-06	4.291753e-09	1.501806e+01	2.534626e+02
2.350000e-06	1.991410e-06	4.124001e-09	1.396780e+01	2.434164e+02
2.360000e-06	1.841019e-06	3.942494e-09	1.291295e+01	2.329022e+02
2.370000e-06	1.690015e-06	3.753622e-09	1.185380e+01	2.218634e+02
2.380000e-06	1.538434e-06	3.554399e-09	1.079061e+01	2.102374e+02
2.390000e-06	1.386252e-06	3.351551e-09	9.723203e+00	1.979647e+02
2.400000e-06	1.233430e-06	3.137982e-09	8.651304e+00	1.849947e+02
2.410000e-06	1.080083e-06	2.911784e-09	7.575726e+00	1.712868e+02
2.420000e-06	9.263608e-07	2.669797e-09	6.497515e+00	1.568043e+02
2.430000e-06	7.723551e-07	2.413783e-09	5.417316e+00	1.415057e+02
2.440000e-06	6.181361e-07	2.138534e-09	4.335620e+00	1.253377e+02
2.450000e-06	4.637644e-07	1.846049e-09	3.252854e+00	1.082351e+02
2.460000e-06	3.092338e-07	1.537884e-09	2.168973e+00	9.013031e+01
2.470000e-06	1.546085e-07	1.219120e-09	1.084428e+00	7.097370e+01
2.480000e-06	-3.306355e-11	8.819307e-10	-2.319085e-04	5.075944e+01
2.490000e-06	-1.546667e-07	5.284429e-10	-1.084835e+00	2.955051e+01
2.500000e-06	-3.091663e-07	1.624592e-10	-2.168499e+00	7.494770e+00
2.510000e-06	-4.635080e-07	-2.166896e-10	-3.251055e+00	-1.517433e+01
2.520000e-06	-6.177245e-07	-6.062183e-10	-4.332734e+00	-3.815454e+01
2.530000e-06	-7.717690e-07	-9.991732e-10	-5.413205e+00	-6.110673e+01
2.540000e-06	-9.255961e-07	-1.382347e-09	-6.492152e+00	-8.369476e+01
2.550000e-06	-1.079108e-06	-1.752331e-09	-7.568890e+00	-1.056241e+02
2.560000e-06	-1.232188e-06	-2.106390e-09	-8.642595e+00	-1.266703e+02
2.570000e-06	-1.384737e-06	-2.443596e-09	-9.712575e+00	-1.466909e+02
2.580000e-06	-1.536679e-06	-2.761463e-09	-1.077830e+01	-1.656208e+02
2.590000e-06	-1.688025e-06	-3.062992e-09	-1.183984e+01	-1.834542e+02
2.600000e-06	-1.838737e-06	-3.347358e-09	-1.289694e+01	-2.002195e+02
2.610000e-06	-1.988784e-06	-3.614120e-09	-1.394938e+01	-2.159571e+02
2.620000e-06	-2.138128e-06	-3.862283e-09	-1.499688e+01	-2.307050e+02
2.630000e-06	-2.286710e-06	-4.093977e-09	-1.603904e+01	-2.444941e+02
2.640000e-06	-2.434506e-06	-4.312118e-09	-1.707568e+01	-2.573541e+02
2.650000e-06	-2.581445e-06	-4.516609e-09	-1.810631e+01	-2.693226e+02
2.660000e-06	-2.727528e-06	-4.706516e-09	-1.913095e+01	-2.804529e+02
2.670000e-06	-2.872638e-06	-4.881830e-09	-2.014875e+01	-2.908166e+02
2.680000e-06	-3.016669e-06	-5.046304e-09	-2.115898e+01	-3.004979e+02
2.690000e-06	-3.159550e-06	-5.201461e-09	-2.216115e+01	-3.095815e+02
2.700000e-06	-3.301167e-06	-5.345503e-09	-2.315446e+01	-3.181406e+02
2.710000e-06	-3.441470e-06	-5.481182e-09	-2.413855e+01	-3.262261e+02
2.720000e-06	-3.580480e-06	-5.612123e-09	-2.511357e+01	-3.338652e+02
2.730000e-06	-3.718274e-06	-5.737467e-09	-2.608005e+01	-3.410662e+02
2.740000e-06	-3.854720e-06	-5.855107e-09	-2.703709e+01	-3.478311e+02
2.750000e-06	-3.989634e-06	-5.963043e-09	-2.798338e+01	-3.541684e+02
2.760000e-06	-4.123040e-06	-6.063738e-09	-2.891910e+01	-3.601027e+02
2.770000e-06	-4.254999e-06	-6.157576e-09	-2.984466e+01	-3.656779e+02
2.780000e-06	-4.385524e-06	-6.243235e-09	-3.076016e+01	-3.709511e+02
2.790000e-06	-4.514561e-06	-6.324944e-09	-3.166523e+01	-3.759820e+02
2.800000e-06	-4.641956e-06	-6.407004e-09	-3.255878e+01	-3.808195e+02
2.810000e-06	-4.767627e-06	-6.487966e-09	-3.344024e+01	-3.854929e+02
2.820000e-06	-4.891637e-06	-6.567261e-09	-3.431005e+01	-3.900089e+02
2.830000e-06	-5.013979e-06	-6.644595e-09	-3.516816e+01	-3.943568e+02
2.840000e-06	-5.134534e-06	-6.716711e-09	-3.601374e+01	-3.985191e+02
2.850000e-06	-5.253042e-06	-6.782065e-09	-3.684495e+01	-4.024833e+02
2.860000e-06	-5.369400e-06	-6.841397e-09	-3.766109e+01	-4.062504e+02
2.870000e-06	-5.483606e-06	-6.897262e-09	-3.846214e+01	-4.098375e+02
2.880000e-06	-5.595590e-06	-6.953202e-09	-3.924759e+01	-4.132732e+02
2.890000e-06	-5.705525e-06	-7.009500e-09	-4.001868e+01	-4.165879e+02
2.900000e-06	-5.813512e-06	-7.064835e-09	-4.077610e+01	-4.198036e+02
2.910000e-06	-5.919582e-06	-7.118898e-09	-4.152008e+01	-4.229270e+02
2.920000e-06	-6.023554e-06	-7.173037e-09	-4.224934e+01	-4.259486e+02
2.930000e-06	-6.125191e-06	-7.223520e-09	-4.296222e+01	-4.288488e+02
2.940000e-06	-6.224648e-06	-7.267781e-09	-4.365982e+01	-4.316073e+02
2.950000e-06	-6.322066e-06	-7.309527e-09	-4.434311e+01	-4.342136e+02
2.960000e-06	-6.417256e-06	-7.350390e-09	-4.501078e+01	-4.366729e+02
2.970000e-06	-6.510117e-06	-7.389585e-09	-4.566211e+01	-4.390059e+02
2.980000e-06	-6.600695e-06	-7.425780e-09	-4.629742e+01	-4.412425e+02
2.990000e-06	-6.689000e-06	-7.460607e-09	-4.691680e+01	-4.434111e+02
3.000000e-06	-6.774880e-06	-7.498008e-09	-4.751916e+01	-4.455282e+02
3.010000e-06	-6.858253e-06	-7.535196e-09	-4.810394e+01	-4.475932e+02
3.020000e-06	-6.939268e-06	-7.569345e-09	-4.867218e+01	-4.495885e+02
3.030000e-06	-7.017731e-06	-7.601419e-09	-4.922253e+01	-4.514870e+02
3.040000e-06	-7.093488e-06	-7.632555e-09	-4.975388e+01	-4.532634e+02
3.050000e-06	-7.166642e-06	-7.660970e-09	-5.026699e+01	-4.549043e+02
3.060000e-06	-7.237167e-06	-7.684238e-09	-5.076165e+01	-4.564150e+02
3.070000e-06	-7.305059e-06	-7.705993e-09	-5.123785e+01	-4.578181e+02
3.080000e-06	-7.370441e-06	-7.727539e-09	-5.169644e+01	-4.591466e+02
3.090000e-06	-7.433257e-06	-7.749969e-09	-5.213703e+01	-4.604328e+02
3.100000e-06	-7.493357e-06	-7.774534e-09	-5.255857e+01	-4.616967e+02
3.110000e-06	-7.550760e-06	-7.798626e-09	-5.296120e+01	-4.629405e+02
3.120000e-06	-7.605386e-06	-7.821150e-09	-5.334435e+01	-4.641481e+02
3.130000e-06	-7.657067e-06	-7.843926e-09	-5.370684e+01	-4.652931e+02
3.140000e-06	-7.705608e-06	-7.863968e-09	-5.404731e+01	-4.663487e+02
3.150000e-06	-7.751199e-06	-7.877325e-09	-5.436708e+01	-4.672993e+02
3.160000e-06	-7.794280e-06	-7.887619e-09	-5.466925e+01	-4.681463e+02
3.170000e-06	-7.834853e-06	-7.899257e-09	-5.495383e+01	-4.689082e+02
3.180000e-06	-7.872658e-06	-7.915716e-09	-5.521900e+01	-4.696132e+02
3.190000e-06	-7.907711e-06	-7.933270e-09	-5.546486e+01	-4.702888e+02
3.200000e-06	-7.940074e-06	-7.949756e-09	-5.569186e+01	-4.709512e+02
3.210000e-06	-7.969485e-06	-7.965327e-09	-5.589815e+01	-4.715988e+02
3.220000e-06	-7.996039e-06	-7.977416e-09	-5.608440e+01	-4.722126e+02
3.230000e-06	-8.019865e-06	-7.986458e-09	-5.625151e+01	-4.727629e+02
3.240000e-06	-8.040762e-06	-7.992735e-09	-5.639808e+01	-4.732200e+02
3.250000e-06	-8.058808e-06	-7.998765e-09	-5.652466e+01	-4.735651e+02
3.260000e-06	-8.073973e-06	-8.006122e-09	-5.663103e+01	-4.737971e+02
3.270000e-06	-8.086014e-06	-8.010802e-09	-5.671549e+01	-4.739327e+02
3.280000e-06	-8.095063e-06	-8.012540e-09	-5.677895e+01	-4.740008e+02
3.290000e-06	-8.101210e-06	-8.014591e-09	-5.682207e+01	-4.740322e+02
3.300000e-06	-8.104520e-06	-8.018604e-09	-5.684528e+01	-4.740491e+02
3.310000e-06	-8.105119e-06	-8.021854e-09	-5.684949e+01	-4.740581e+02
