# Temperatura_=_15.09
# Concentracion g/m^3_=_10000.0
# C_Vs_to_Am_M_A/Vsm_=_59384043850.047264
# pendiente_HvsI_1/m_=_3716.3
# ordenada_HvsI_A/m_=_1297.0
# frecuencia_Hz_=_301657.1671089696

Tiempo_(s)	Campo_(V.s)	Magnetizacion_(V.s)	Campo_(kA/m)	Magnetizacion_(A/m)
0.000000e+00	-8.144127e-06	-4.992714e-12	-5.683582e+01	-2.647341e-02
1.000000e-08	-8.140656e-06	-2.293277e-12	-5.681159e+01	-1.451830e-02
2.000000e-08	-8.134480e-06	-2.678304e-13	-5.676849e+01	-2.985912e-03
3.000000e-08	-8.125582e-06	1.489003e-12	-5.670639e+01	7.353932e-03
4.000000e-08	-8.113861e-06	-1.714715e-12	-5.662459e+01	1.591797e-02
5.000000e-08	-8.099179e-06	-5.780094e-12	-5.652213e+01	2.220552e-02
6.000000e-08	-8.081628e-06	-9.328525e-12	-5.639965e+01	2.573014e-02
7.000000e-08	-8.061645e-06	-1.129076e-11	-5.626019e+01	2.603586e-02
8.000000e-08	-8.039097e-06	1.711345e-11	-5.610283e+01	2.280031e-02
9.000000e-08	-8.013342e-06	1.066209e-11	-5.592310e+01	1.598275e-02
1.000000e-07	-7.984270e-06	-1.288587e-11	-5.572021e+01	5.949581e-03
1.100000e-07	-7.952222e-06	-3.449839e-12	-5.549656e+01	-6.483535e-03
1.200000e-07	-7.917342e-06	1.155540e-11	-5.525313e+01	-2.012202e-02
1.300000e-07	-7.879913e-06	5.210654e-12	-5.499193e+01	-3.355985e-02
1.400000e-07	-7.840348e-06	-2.756474e-11	-5.471581e+01	-4.539282e-02
1.500000e-07	-7.798395e-06	-4.453369e-12	-5.442304e+01	-5.441286e-02
1.600000e-07	-7.753621e-06	-2.341437e-11	-5.411057e+01	-5.973300e-02
1.700000e-07	-7.706110e-06	2.645265e-12	-5.377900e+01	-6.082714e-02
1.800000e-07	-7.655673e-06	1.883938e-11	-5.342701e+01	-5.750563e-02
1.900000e-07	-7.602136e-06	-1.933401e-11	-5.305339e+01	-4.987170e-02
2.000000e-07	-7.545804e-06	1.053860e-11	-5.266027e+01	-3.830158e-02
2.100000e-07	-7.486697e-06	-5.210995e-12	-5.224777e+01	-2.346629e-02
2.200000e-07	-7.424949e-06	-2.174275e-12	-5.181685e+01	-6.376098e-03
2.300000e-07	-7.360547e-06	-1.183925e-11	-5.136741e+01	1.160063e-02
2.400000e-07	-7.293273e-06	-1.579988e-11	-5.089792e+01	2.879896e-02
2.500000e-07	-7.223393e-06	1.164430e-11	-5.041024e+01	4.343129e-02
2.600000e-07	-7.150851e-06	7.438146e-12	-4.990399e+01	5.386099e-02
2.700000e-07	-7.075439e-06	6.754865e-12	-4.937771e+01	5.891470e-02
2.800000e-07	-6.997180e-06	-1.467825e-11	-4.883156e+01	5.814141e-02
2.900000e-07	-6.916197e-06	-3.292914e-12	-4.826640e+01	5.192936e-02
3.000000e-07	-6.832814e-06	-7.612508e-13	-4.768449e+01	4.143023e-02
3.100000e-07	-6.747205e-06	-1.514173e-11	-4.708704e+01	2.830289e-02
3.200000e-07	-6.659240e-06	2.839813e-12	-4.647316e+01	1.435124e-02
3.300000e-07	-6.568873e-06	2.727134e-12	-4.584251e+01	1.168861e-03
3.400000e-07	-6.476205e-06	8.328295e-12	-4.519581e+01	-1.009993e-02
3.500000e-07	-6.381182e-06	-3.302631e-12	-4.453266e+01	-1.881790e-02
3.600000e-07	-6.283800e-06	-6.960266e-12	-4.385306e+01	-2.473671e-02
3.700000e-07	-6.184131e-06	-5.664546e-12	-4.315749e+01	-2.777640e-02
3.800000e-07	-6.082267e-06	-8.922068e-12	-4.244661e+01	-2.781503e-02
3.900000e-07	-5.978208e-06	-5.292779e-12	-4.172041e+01	-2.459453e-02
4.000000e-07	-5.871966e-06	-5.696810e-12	-4.097897e+01	-1.779704e-02
4.100000e-07	-5.763704e-06	4.198367e-12	-4.022344e+01	-7.270113e-03
4.200000e-07	-5.653411e-06	-3.546012e-12	-3.945373e+01	6.692082e-03
4.300000e-07	-5.540877e-06	-7.065755e-12	-3.866839e+01	2.314062e-02
4.400000e-07	-5.426131e-06	-5.678205e-12	-3.786761e+01	4.045059e-02
4.500000e-07	-5.309307e-06	-3.529516e-12	-3.705231e+01	5.653756e-02
4.600000e-07	-5.190460e-06	-1.836643e-12	-3.622291e+01	6.927385e-02
4.700000e-07	-5.069784e-06	-1.816085e-13	-3.538074e+01	7.698634e-02
4.800000e-07	-4.947294e-06	5.066201e-12	-3.452592e+01	7.887685e-02
4.900000e-07	-4.822965e-06	3.651364e-12	-3.365826e+01	7.522285e-02
5.000000e-07	-4.696927e-06	7.860876e-14	-3.277867e+01	6.728590e-02
5.100000e-07	-4.569211e-06	-6.254219e-12	-3.188737e+01	5.695315e-02
5.200000e-07	-4.439834e-06	-5.448971e-12	-3.098449e+01	4.622854e-02
5.300000e-07	-4.308826e-06	-9.035794e-13	-3.007021e+01	3.673965e-02
5.400000e-07	-4.176262e-06	3.981752e-13	-2.914508e+01	2.941707e-02
5.500000e-07	-4.042257e-06	3.408293e-13	-2.820989e+01	2.443727e-02
5.600000e-07	-3.906671e-06	2.300797e-12	-2.726368e+01	2.142348e-02
5.700000e-07	-3.769541e-06	2.960772e-12	-2.630668e+01	1.980689e-02
5.800000e-07	-3.631038e-06	-3.505742e-12	-2.534010e+01	1.919730e-02
5.900000e-07	-3.491171e-06	-7.137900e-12	-2.436400e+01	1.961669e-02
6.000000e-07	-3.349836e-06	-1.734589e-12	-2.337766e+01	2.150803e-02
6.100000e-07	-3.207087e-06	8.130421e-12	-2.238145e+01	2.552182e-02
6.200000e-07	-3.063131e-06	9.995250e-12	-2.137682e+01	3.216944e-02
6.300000e-07	-2.918052e-06	8.114465e-12	-2.036435e+01	4.148302e-02
6.400000e-07	-2.772013e-06	8.156330e-12	-1.934518e+01	5.281809e-02
6.500000e-07	-2.625030e-06	6.074950e-12	-1.831942e+01	6.488092e-02
6.600000e-07	-2.477121e-06	2.130008e-13	-1.728720e+01	7.597855e-02
6.700000e-07	-2.328466e-06	-4.752717e-12	-1.624978e+01	8.440965e-02
6.800000e-07	-2.179039e-06	7.692038e-13	-1.520696e+01	8.886636e-02
6.900000e-07	-2.028762e-06	7.966767e-12	-1.415822e+01	8.871950e-02
7.000000e-07	-1.877753e-06	1.127633e-11	-1.310436e+01	8.410677e-02
7.100000e-07	-1.726165e-06	9.096773e-12	-1.204647e+01	7.581686e-02
7.200000e-07	-1.573962e-06	8.533010e-12	-1.098429e+01	6.503204e-02
7.300000e-07	-1.421014e-06	1.056047e-11	-9.916898e+00	5.303197e-02
7.400000e-07	-1.267529e-06	9.451414e-12	-8.845766e+00	4.095988e-02
7.500000e-07	-1.113679e-06	8.936123e-12	-7.772084e+00	2.971262e-02
7.600000e-07	-9.593889e-07	9.799243e-12	-6.695334e+00	1.995728e-02
7.700000e-07	-8.046824e-07	1.432375e-11	-5.615676e+00	1.222477e-02
7.800000e-07	-6.497271e-07	1.494622e-11	-4.534282e+00	7.004880e-03
7.900000e-07	-4.946097e-07	9.996603e-12	-3.451757e+00	4.777232e-03
8.000000e-07	-3.393110e-07	7.188725e-12	-2.367966e+00	5.950147e-03
8.100000e-07	-1.838696e-07	9.006366e-12	-1.283180e+00	1.072832e-02
8.200000e-07	-2.834031e-08	1.195661e-11	-1.977799e-01	1.896698e-02
8.300000e-07	1.271792e-07	1.286639e-11	8.875516e-01	3.008059e-02
8.400000e-07	2.826088e-07	1.480464e-11	1.972256e+00	4.305430e-02
8.500000e-07	4.379485e-07	1.790314e-11	3.056332e+00	5.656587e-02
8.600000e-07	5.931671e-07	1.639432e-11	4.139564e+00	6.918324e-02
8.700000e-07	7.481700e-07	9.467648e-12	5.221290e+00	7.957637e-02
8.800000e-07	9.028989e-07	6.505176e-12	6.301104e+00	8.668247e-02
8.900000e-07	1.057408e-06	8.461922e-12	7.379383e+00	8.978925e-02
9.000000e-07	1.211599e-06	9.242416e-12	8.455441e+00	8.853897e-02
9.100000e-07	1.365235e-06	9.010693e-12	9.527634e+00	8.288863e-02
9.200000e-07	1.518287e-06	1.266658e-11	1.059574e+01	7.307360e-02
9.300000e-07	1.670775e-06	1.652336e-11	1.165992e+01	5.960792e-02
9.400000e-07	1.822700e-06	1.301913e-11	1.272016e+01	4.332161e-02
9.500000e-07	1.973951e-06	5.923118e-12	1.377571e+01	2.539985e-02
9.600000e-07	2.124432e-06	4.231086e-12	1.482588e+01	7.368981e-03
9.700000e-07	2.274095e-06	7.402539e-12	1.587034e+01	-9.017867e-03
9.800000e-07	2.422927e-06	6.126400e-12	1.690900e+01	-2.200774e-02
9.900000e-07	2.570921e-06	2.547579e-12	1.794181e+01	-3.015039e-02
1.000000e-06	2.718041e-06	3.180424e-12	1.896852e+01	-3.259699e-02
1.010000e-06	2.864253e-06	7.207684e-12	1.998890e+01	-2.929981e-02
1.020000e-06	3.009461e-06	7.776807e-12	2.100227e+01	-2.103859e-02
1.030000e-06	3.153578e-06	3.105418e-12	2.200803e+01	-9.251573e-03
1.040000e-06	3.296437e-06	3.005264e-12	2.300501e+01	4.284485e-03
1.050000e-06	3.438020e-06	8.664079e-12	2.399308e+01	1.782815e-02
1.060000e-06	3.578380e-06	7.974761e-12	2.497261e+01	2.998403e-02
1.070000e-06	3.717341e-06	2.609220e-12	2.594239e+01	3.985809e-02
1.080000e-06	3.854826e-06	-2.886034e-13	2.690186e+01	4.702493e-02
1.090000e-06	3.990923e-06	1.505764e-12	2.785164e+01	5.134748e-02
1.100000e-06	4.125574e-06	3.054521e-12	2.879134e+01	5.274659e-02
1.110000e-06	4.258643e-06	2.421072e-12	2.972000e+01	5.103606e-02
1.120000e-06	4.390184e-06	4.881068e-12	3.063799e+01	4.590868e-02
1.130000e-06	4.520245e-06	9.944137e-12	3.154565e+01	3.709230e-02
1.140000e-06	4.648733e-06	1.077094e-11	3.244234e+01	2.461711e-02
1.150000e-06	4.775543e-06	4.384430e-12	3.332731e+01	9.077832e-03
1.160000e-06	4.900652e-06	-9.903901e-13	3.420041e+01	-8.237335e-03
1.170000e-06	5.024099e-06	-4.575672e-13	3.506192e+01	-2.543958e-02
1.180000e-06	5.145842e-06	1.099556e-12	3.591154e+01	-4.036299e-02
1.190000e-06	5.265639e-06	-4.479006e-13	3.674757e+01	-5.103888e-02
1.200000e-06	5.383377e-06	1.492394e-13	3.756923e+01	-5.617625e-02
1.210000e-06	5.499074e-06	3.824757e-12	3.837665e+01	-5.549033e-02
1.220000e-06	5.612652e-06	7.098178e-12	3.916929e+01	-4.976495e-02
1.230000e-06	5.724181e-06	5.778521e-12	3.994762e+01	-4.062234e-02
1.240000e-06	5.833695e-06	3.598388e-12	4.071189e+01	-3.007286e-02
1.250000e-06	5.941133e-06	2.934801e-12	4.146167e+01	-1.999221e-02
1.260000e-06	6.046464e-06	2.570336e-12	4.219675e+01	-1.169521e-02
1.270000e-06	6.149570e-06	1.765433e-12	4.291630e+01	-5.737059e-03
1.280000e-06	6.250464e-06	1.562244e-12	4.362042e+01	-1.988089e-03
1.290000e-06	6.349178e-06	3.192424e-12	4.430932e+01	7.096649e-05
1.300000e-06	6.445530e-06	5.189837e-12	4.498173e+01	9.631935e-04
1.310000e-06	6.539570e-06	6.277153e-12	4.563801e+01	8.954916e-04
1.320000e-06	6.631420e-06	6.062009e-12	4.627901e+01	-3.718419e-04
1.330000e-06	6.720900e-06	6.260002e-12	4.690347e+01	-3.420098e-03
1.340000e-06	6.807915e-06	4.857183e-12	4.751072e+01	-8.878787e-03
1.350000e-06	6.892627e-06	3.306374e-12	4.810191e+01	-1.706357e-02
1.360000e-06	6.974965e-06	1.680686e-12	4.867652e+01	-2.769063e-02
1.370000e-06	7.054750e-06	1.006664e-12	4.923332e+01	-3.978275e-02
1.380000e-06	7.131885e-06	2.478226e-12	4.977163e+01	-5.181021e-02
1.390000e-06	7.206332e-06	3.497586e-12	5.029117e+01	-6.202326e-02
1.400000e-06	7.278185e-06	2.484609e-12	5.079262e+01	-6.886553e-02
1.410000e-06	7.347510e-06	7.509034e-13	5.127642e+01	-7.133338e-02
1.420000e-06	7.414201e-06	5.440747e-13	5.174185e+01	-6.917140e-02
1.430000e-06	7.478149e-06	2.568433e-13	5.218812e+01	-6.285796e-02
1.440000e-06	7.539476e-06	-1.751123e-12	5.261611e+01	-5.340955e-02
1.450000e-06	7.598226e-06	-4.280057e-12	5.302610e+01	-4.209079e-02
1.460000e-06	7.654315e-06	-4.350264e-12	5.341754e+01	-3.013759e-02
1.470000e-06	7.707497e-06	-3.381305e-12	5.378868e+01	-1.857912e-02
1.480000e-06	7.757496e-06	-2.909801e-12	5.413761e+01	-8.192474e-03
1.490000e-06	7.804498e-06	-4.481550e-12	5.446563e+01	4.348230e-04
1.500000e-06	7.848802e-06	-6.579397e-12	5.477481e+01	6.800886e-03
1.510000e-06	7.890372e-06	-6.496718e-12	5.506492e+01	1.041910e-02
1.520000e-06	7.929146e-06	-4.452649e-12	5.533551e+01	1.083134e-02
1.530000e-06	7.965163e-06	-2.608773e-12	5.558687e+01	7.708927e-03
1.540000e-06	7.998358e-06	-1.832222e-12	5.581853e+01	1.000094e-03
1.550000e-06	8.028714e-06	-4.964182e-13	5.603038e+01	-8.942656e-03
1.560000e-06	8.056311e-06	-2.314761e-12	5.622297e+01	-2.131723e-02
1.570000e-06	8.081013e-06	-6.591178e-12	5.639536e+01	-3.493876e-02
1.580000e-06	8.102886e-06	-8.767471e-12	5.654800e+01	-4.840467e-02
1.590000e-06	8.122065e-06	-7.755504e-12	5.668185e+01	-6.030752e-02
1.600000e-06	8.138297e-06	-6.775906e-12	5.679512e+01	-6.943074e-02
1.610000e-06	8.151379e-06	-5.457219e-12	5.688642e+01	-7.487633e-02
1.620000e-06	8.161293e-06	-2.997945e-12	5.695561e+01	-7.610704e-02
1.630000e-06	8.168207e-06	-1.702747e-12	5.700386e+01	-7.292339e-02
1.640000e-06	8.172325e-06	-3.662565e-12	5.703260e+01	-6.541996e-02
1.650000e-06	8.173600e-06	-9.303276e-12	5.704150e+01	-5.396433e-02
1.660000e-06	8.172102e-06	-8.852184e-12	5.703104e+01	-3.921766e-02
1.670000e-06	8.167960e-06	-9.000949e-12	5.700213e+01	-2.217903e-02
1.680000e-06	8.161012e-06	-9.415803e-12	5.695365e+01	-4.206026e-03
1.690000e-06	8.151290e-06	-8.702264e-12	5.688580e+01	1.304367e-02
1.700000e-06	8.138755e-06	-8.054495e-12	5.679832e+01	2.778254e-02
1.710000e-06	8.123420e-06	-8.806007e-12	5.669130e+01	3.836452e-02
1.720000e-06	8.105637e-06	-1.568690e-11	5.656720e+01	4.359730e-02
1.730000e-06	8.085455e-06	2.236766e-11	5.642636e+01	4.300462e-02
1.740000e-06	8.062250e-06	1.736495e-11	5.626441e+01	3.694857e-02
1.750000e-06	8.035237e-06	-1.495119e-11	5.607590e+01	2.656007e-02
1.760000e-06	8.004544e-06	-7.728273e-12	5.586170e+01	1.348733e-02
1.770000e-06	7.970996e-06	1.248354e-12	5.562758e+01	-4.645623e-04
1.780000e-06	7.935110e-06	-2.780016e-11	5.537714e+01	-1.369099e-02
1.790000e-06	7.897001e-06	-1.764105e-11	5.511118e+01	-2.503172e-02
1.800000e-06	7.856800e-06	2.505008e-12	5.483063e+01	-3.383467e-02
1.810000e-06	7.814128e-06	-3.548090e-11	5.453283e+01	-3.984243e-02
1.820000e-06	7.768734e-06	2.577820e-11	5.421604e+01	-4.297331e-02
1.830000e-06	7.720633e-06	-3.414786e-12	5.388036e+01	-4.310894e-02
1.840000e-06	7.669227e-06	-9.060900e-12	5.352160e+01	-3.999524e-02
1.850000e-06	7.614766e-06	7.861017e-12	5.314153e+01	-3.331342e-02
1.860000e-06	7.557613e-06	-4.011895e-11	5.274268e+01	-2.290159e-02
1.870000e-06	7.497734e-06	1.156995e-11	5.232480e+01	-9.036085e-03
1.880000e-06	7.435293e-06	-2.759568e-11	5.188904e+01	7.356139e-03
1.890000e-06	7.370090e-06	1.104471e-12	5.143400e+01	2.466925e-02
1.900000e-06	7.302172e-06	1.808135e-11	5.096002e+01	4.082769e-02
1.910000e-06	7.231413e-06	3.403667e-12	5.046621e+01	5.369763e-02
1.920000e-06	7.157848e-06	2.371323e-11	4.995282e+01	6.158454e-02
1.930000e-06	7.081581e-06	-4.130708e-11	4.942057e+01	6.365846e-02
1.940000e-06	7.002510e-06	9.921018e-13	4.886876e+01	6.016308e-02
1.950000e-06	6.920987e-06	-2.059174e-11	4.829983e+01	5.233343e-02
1.960000e-06	6.837058e-06	-9.514382e-12	4.771411e+01	4.204445e-02
1.970000e-06	6.750610e-06	1.075503e-11	4.711081e+01	3.130442e-02
1.980000e-06	6.661676e-06	-2.241041e-12	4.649016e+01	2.175876e-02
1.990000e-06	6.570377e-06	3.001444e-11	4.585300e+01	1.436217e-02
2.000000e-06	6.476816e-06	-1.457840e-11	4.520007e+01	9.312814e-03
2.010000e-06	6.380925e-06	2.134236e-12	4.453087e+01	6.246224e-03
2.020000e-06	6.282791e-06	-1.931933e-11	4.384602e+01	4.593608e-03
2.030000e-06	6.182415e-06	-3.931176e-12	4.314552e+01	3.954634e-03
2.040000e-06	6.079792e-06	-2.512883e-13	4.242934e+01	4.337008e-03
2.050000e-06	5.974939e-06	3.111718e-13	4.169759e+01	6.172769e-03
2.060000e-06	5.868005e-06	1.645759e-11	4.095133e+01	1.011081e-02
2.070000e-06	5.759074e-06	2.267976e-12	4.019113e+01	1.667244e-02
2.080000e-06	5.648073e-06	1.480559e-11	3.941648e+01	2.590876e-02
2.090000e-06	5.534907e-06	-5.682070e-12	3.862672e+01	3.719730e-02
2.100000e-06	5.419468e-06	2.622751e-12	3.782110e+01	4.926184e-02
2.110000e-06	5.301930e-06	-2.094705e-12	3.700084e+01	6.041643e-02
2.120000e-06	5.182407e-06	7.296741e-12	3.616672e+01	6.895362e-02
2.130000e-06	5.060998e-06	4.638254e-12	3.531943e+01	7.354804e-02
2.140000e-06	4.937747e-06	1.039612e-11	3.445929e+01	7.354684e-02
2.150000e-06	4.812754e-06	1.153923e-11	3.358700e+01	6.906455e-02
2.160000e-06	4.686062e-06	5.343981e-12	3.270285e+01	6.087293e-02
2.170000e-06	4.557658e-06	3.976381e-12	3.180675e+01	5.014651e-02
2.180000e-06	4.427624e-06	-1.336356e-12	3.089928e+01	3.816597e-02
2.190000e-06	4.296008e-06	4.288497e-12	2.998076e+01	2.608120e-02
2.200000e-06	4.162896e-06	-1.135496e-13	2.905180e+01	1.479707e-02
2.210000e-06	4.028343e-06	5.406809e-12	2.811279e+01	4.986651e-03
2.220000e-06	3.892358e-06	-5.509426e-13	2.716379e+01	-2.816537e-03
2.230000e-06	3.754799e-06	8.399568e-13	2.620380e+01	-8.122316e-03
2.240000e-06	3.615766e-06	-2.333056e-12	2.523352e+01	-1.045031e-02
2.250000e-06	3.475420e-06	1.175767e-12	2.425408e+01	-9.388217e-03
2.260000e-06	3.333771e-06	4.655094e-12	2.326555e+01	-4.722654e-03
2.270000e-06	3.190886e-06	4.180132e-12	2.226839e+01	3.414342e-03
2.280000e-06	3.046888e-06	2.555822e-12	2.126346e+01	1.445144e-02
2.290000e-06	2.901743e-06	-3.411604e-12	2.025054e+01	2.738589e-02
2.300000e-06	2.755596e-06	-4.441845e-12	1.923061e+01	4.090233e-02
2.310000e-06	2.608517e-06	-6.999859e-12	1.820418e+01	5.356880e-02
2.320000e-06	2.460419e-06	-4.789467e-12	1.717064e+01	6.404922e-02
2.330000e-06	2.311427e-06	-1.907412e-12	1.613087e+01	7.127073e-02
2.340000e-06	2.161626e-06	4.475874e-12	1.508545e+01	7.450967e-02
2.350000e-06	2.011116e-06	7.689838e-12	1.403507e+01	7.339771e-02
2.360000e-06	1.859928e-06	3.366635e-12	1.297997e+01	6.788271e-02
2.370000e-06	1.708191e-06	-3.871916e-12	1.192103e+01	5.819157e-02
2.380000e-06	1.555952e-06	-8.838385e-12	1.085860e+01	4.482917e-02
2.390000e-06	1.403090e-06	-9.564588e-12	9.791813e+00	2.861496e-02
2.400000e-06	1.249639e-06	-5.832096e-12	8.720917e+00	1.072281e-02
2.410000e-06	1.095693e-06	1.235667e-12	7.646568e+00	-7.330476e-03
2.420000e-06	9.413571e-07	7.692687e-12	6.569494e+00	-2.379596e-02
2.430000e-06	7.867142e-07	8.413740e-12	5.490280e+00	-3.691634e-02
2.440000e-06	6.317856e-07	4.360734e-12	4.409073e+00	-4.522711e-02
2.450000e-06	4.766835e-07	-3.227462e-13	3.326654e+00	-4.785687e-02
2.460000e-06	3.214233e-07	-4.587607e-12	2.243132e+00	-4.473145e-02
2.470000e-06	1.660159e-07	-7.071010e-12	1.158583e+00	-3.660630e-02
2.480000e-06	1.059314e-08	-7.395471e-12	7.392687e-02	-2.490338e-02
2.490000e-06	-1.447639e-07	-1.857739e-12	-1.010271e+00	-1.139451e-02
2.500000e-06	-3.000488e-07	2.854685e-12	-2.093965e+00	2.172426e-03
2.510000e-06	-4.552127e-07	2.692513e-12	-3.176815e+00	1.438792e-02
2.520000e-06	-6.102000e-07	-9.696554e-13	-4.258432e+00	2.434182e-02
2.530000e-06	-7.650299e-07	-3.153063e-12	-5.338951e+00	3.159624e-02
2.540000e-06	-9.196078e-07	-1.465366e-12	-6.417711e+00	3.600862e-02
2.550000e-06	-1.073799e-06	-4.257255e-13	-7.493770e+00	3.750113e-02
2.560000e-06	-1.227573e-06	-1.141430e-13	-8.566920e+00	3.589204e-02
2.570000e-06	-1.380805e-06	2.356265e-12	-9.636291e+00	3.087635e-02
2.580000e-06	-1.533461e-06	6.100509e-12	-1.070164e+01	2.217712e-02
2.590000e-06	-1.685535e-06	3.351324e-12	-1.176292e+01	9.810729e-03
2.600000e-06	-1.836931e-06	-7.194727e-13	-1.281948e+01	-5.648667e-03
2.610000e-06	-1.987766e-06	5.989251e-13	-1.387212e+01	-2.293441e-02
2.620000e-06	-2.138015e-06	5.609830e-12	-1.492067e+01	-4.017265e-02
2.630000e-06	-2.287535e-06	6.385622e-12	-1.596413e+01	-5.519941e-02
2.640000e-06	-2.436215e-06	3.465088e-12	-1.700173e+01	-6.603218e-02
2.650000e-06	-2.583957e-06	3.103593e-12	-1.803278e+01	-7.135265e-02
2.660000e-06	-2.730794e-06	2.975273e-12	-1.905753e+01	-7.084209e-02
2.670000e-06	-2.876642e-06	-6.375981e-13	-2.007536e+01	-6.525302e-02
2.680000e-06	-3.021384e-06	-3.414760e-12	-2.108548e+01	-5.618743e-02
2.690000e-06	-3.165008e-06	-2.521453e-13	-2.208779e+01	-4.565155e-02
2.700000e-06	-3.307497e-06	6.503016e-12	-2.308219e+01	-3.553264e-02
2.710000e-06	-3.448752e-06	1.026583e-11	-2.406797e+01	-2.716746e-02
2.720000e-06	-3.588620e-06	8.841217e-12	-2.504408e+01	-2.113520e-02
2.730000e-06	-3.727116e-06	8.267832e-12	-2.601061e+01	-1.732400e-02
2.740000e-06	-3.864223e-06	7.647108e-12	-2.696744e+01	-1.522100e-02
2.750000e-06	-3.999913e-06	3.209033e-12	-2.791439e+01	-1.429766e-02
2.760000e-06	-4.134224e-06	-1.321660e-12	-2.885171e+01	-1.433403e-02
2.770000e-06	-4.267046e-06	-2.982694e-13	-2.977864e+01	-1.555625e-02
2.780000e-06	-4.398288e-06	4.841799e-12	-3.069454e+01	-1.853864e-02
2.790000e-06	-4.527936e-06	7.488204e-12	-3.159933e+01	-2.391471e-02
2.800000e-06	-4.656048e-06	7.763221e-12	-3.249339e+01	-3.201500e-02
2.810000e-06	-4.782580e-06	9.000350e-12	-3.337642e+01	-4.257704e-02
2.820000e-06	-4.907425e-06	8.536787e-12	-3.424768e+01	-5.464436e-02
2.830000e-06	-5.030502e-06	5.019149e-12	-3.510661e+01	-6.670023e-02
2.840000e-06	-5.151714e-06	1.212291e-12	-3.595252e+01	-7.699558e-02
2.850000e-06	-5.270975e-06	1.734760e-12	-3.678481e+01	-8.396197e-02
2.860000e-06	-5.388195e-06	5.311401e-12	-3.760285e+01	-8.657446e-02
2.870000e-06	-5.503240e-06	6.385021e-12	-3.840573e+01	-8.455339e-02
2.880000e-06	-5.616017e-06	4.278735e-12	-3.919277e+01	-7.835640e-02
2.890000e-06	-5.726655e-06	3.268277e-12	-3.996489e+01	-6.898733e-02
2.900000e-06	-5.835252e-06	6.200145e-12	-4.072276e+01	-5.770757e-02
2.910000e-06	-5.941860e-06	6.457776e-12	-4.146675e+01	-4.575729e-02
2.920000e-06	-6.046458e-06	1.592926e-12	-4.219671e+01	-3.417348e-02
2.930000e-06	-6.148862e-06	-1.524692e-13	-4.291136e+01	-2.374060e-02
2.940000e-06	-6.249020e-06	5.897668e-13	-4.361034e+01	-1.505053e-02
2.950000e-06	-6.346995e-06	9.070370e-13	-4.429408e+01	-8.606430e-03
2.960000e-06	-6.442804e-06	-8.409631e-14	-4.496270e+01	-4.895080e-03
2.970000e-06	-6.536378e-06	-6.316207e-13	-4.561574e+01	-4.376643e-03
2.980000e-06	-6.627594e-06	-2.094647e-13	-4.625231e+01	-7.385994e-03
2.990000e-06	-6.716447e-06	-2.361146e-12	-4.687239e+01	-1.398576e-02
3.000000e-06	-6.802899e-06	-7.400840e-12	-4.747572e+01	-2.383730e-02
3.010000e-06	-6.886874e-06	-1.165577e-11	-4.806176e+01	-3.615217e-02
3.020000e-06	-6.968472e-06	-1.108784e-11	-4.863121e+01	-4.975535e-02
3.030000e-06	-7.047574e-06	-7.244529e-12	-4.918325e+01	-6.324796e-02
3.040000e-06	-7.123928e-06	-6.179703e-12	-4.971610e+01	-7.521947e-02
3.050000e-06	-7.197589e-06	-6.374828e-12	-5.023016e+01	-8.444500e-02
3.060000e-06	-7.268658e-06	-4.760124e-12	-5.072613e+01	-9.001552e-02
3.070000e-06	-7.337061e-06	-5.350941e-12	-5.120350e+01	-9.138260e-02
3.080000e-06	-7.402853e-06	-9.340660e-12	-5.166265e+01	-8.833690e-02
3.090000e-06	-7.466090e-06	-1.212596e-11	-5.210396e+01	-8.096434e-02
3.100000e-06	-7.526634e-06	-9.288816e-12	-5.252649e+01	-6.962384e-02
3.110000e-06	-7.584520e-06	-6.999397e-12	-5.293045e+01	-5.496675e-02
3.120000e-06	-7.639632e-06	-7.673494e-12	-5.331507e+01	-3.798103e-02
3.130000e-06	-7.691741e-06	-8.122391e-12	-5.367872e+01	-2.001338e-02
3.140000e-06	-7.740756e-06	-7.602738e-12	-5.402079e+01	-2.714089e-03
3.150000e-06	-7.786805e-06	-7.100398e-12	-5.434216e+01	1.212970e-02
3.160000e-06	-7.830316e-06	-7.755396e-12	-5.464581e+01	2.286277e-02
3.170000e-06	-7.871344e-06	-9.164365e-12	-5.493213e+01	2.827414e-02
3.180000e-06	-7.909530e-06	-8.023578e-12	-5.519862e+01	2.786242e-02
3.190000e-06	-7.944899e-06	-6.886014e-12	-5.544545e+01	2.196350e-02
3.200000e-06	-7.977559e-06	-8.784700e-12	-5.567338e+01	1.168727e-02
3.210000e-06	-8.007312e-06	-1.107804e-11	-5.588102e+01	-1.329073e-03
3.220000e-06	-8.034160e-06	-1.085119e-11	-5.606838e+01	-1.527961e-02
3.230000e-06	-8.058217e-06	-9.544557e-12	-5.623627e+01	-2.854895e-02
3.240000e-06	-8.079434e-06	-1.042308e-11	-5.638434e+01	-3.996099e-02
3.250000e-06	-8.097851e-06	-1.071432e-11	-5.651287e+01	-4.884869e-02
3.260000e-06	-8.113346e-06	-1.046568e-11	-5.662100e+01	-5.494535e-02
3.270000e-06	-8.125595e-06	-9.642707e-12	-5.670649e+01	-5.816731e-02
3.280000e-06	-8.134841e-06	-1.054548e-11	-5.677101e+01	-5.839968e-02
3.290000e-06	-8.141236e-06	-1.196994e-11	-5.681564e+01	-5.539246e-02
3.300000e-06	-8.144729e-06	-1.307525e-11	-5.684001e+01	-4.882613e-02
3.310000e-06	-8.145472e-06	-1.207605e-11	-5.684520e+01	-3.852964e-02
