# Temperatura_=_15.3
# Concentracion g/m^3_=_10000.0
# C_Vs_to_Am_M_A/Vsm_=_59384043850.047264
# pendiente_HvsI_1/m_=_3716.3
# ordenada_HvsI_A/m_=_1297.0
# frecuencia_Hz_=_301650.7486930466

Tiempo_(s)	Campo_(V.s)	Magnetizacion_(V.s)	Campo_(kA/m)	Magnetizacion_(A/m)
0.000000e+00	-8.053730e-06	-2.020063e-10	-5.683512e+01	-1.281837e+01
1.000000e-08	-8.050397e-06	-2.002726e-10	-5.681160e+01	-1.270205e+01
2.000000e-08	-8.044485e-06	-1.971617e-10	-5.676988e+01	-1.258050e+01
3.000000e-08	-8.035989e-06	-1.961968e-10	-5.670993e+01	-1.248863e+01
4.000000e-08	-8.024666e-06	-1.999012e-10	-5.663002e+01	-1.244888e+01
5.000000e-08	-8.010348e-06	-2.042840e-10	-5.652897e+01	-1.246129e+01
6.000000e-08	-7.993139e-06	-2.058350e-10	-5.640753e+01	-1.250229e+01
7.000000e-08	-7.973473e-06	-2.143679e-10	-5.626875e+01	-1.253325e+01
8.000000e-08	-7.951331e-06	-2.334236e-10	-5.611249e+01	-1.251616e+01
9.000000e-08	-7.926135e-06	-2.325126e-10	-5.593468e+01	-1.243049e+01
1.000000e-07	-7.897619e-06	-1.983537e-10	-5.573344e+01	-1.228484e+01
1.100000e-07	-7.866123e-06	-1.831999e-10	-5.551118e+01	-1.211838e+01
1.200000e-07	-7.831880e-06	-2.004848e-10	-5.526952e+01	-1.199064e+01
1.300000e-07	-7.795088e-06	-1.991306e-10	-5.500988e+01	-1.196282e+01
1.400000e-07	-7.756156e-06	-1.809981e-10	-5.473514e+01	-1.207682e+01
1.500000e-07	-7.714902e-06	-2.034360e-10	-5.444402e+01	-1.233934e+01
1.600000e-07	-7.670833e-06	-2.296455e-10	-5.413302e+01	-1.271686e+01
1.700000e-07	-7.624033e-06	-2.047911e-10	-5.380275e+01	-1.314361e+01
1.800000e-07	-7.574374e-06	-1.917643e-10	-5.345231e+01	-1.353982e+01
1.900000e-07	-7.521586e-06	-1.904368e-10	-5.307979e+01	-1.383432e+01
2.000000e-07	-7.466016e-06	-2.108180e-10	-5.268763e+01	-1.398394e+01
2.100000e-07	-7.407738e-06	-2.214506e-10	-5.227636e+01	-1.398331e+01
2.200000e-07	-7.346812e-06	-1.940770e-10	-5.184641e+01	-1.386253e+01
2.300000e-07	-7.283276e-06	-2.025619e-10	-5.139803e+01	-1.367402e+01
2.400000e-07	-7.216857e-06	-2.184251e-10	-5.092931e+01	-1.347378e+01
2.500000e-07	-7.147772e-06	-2.076009e-10	-5.044178e+01	-1.330391e+01
2.600000e-07	-7.076172e-06	-1.825198e-10	-4.993650e+01	-1.318194e+01
2.700000e-07	-7.001830e-06	-1.958599e-10	-4.941187e+01	-1.310019e+01
2.800000e-07	-6.924700e-06	-2.215094e-10	-4.886756e+01	-1.303398e+01
2.900000e-07	-6.844870e-06	-2.072026e-10	-4.830420e+01	-1.295479e+01
3.000000e-07	-6.762491e-06	-1.894183e-10	-4.772286e+01	-1.284281e+01
3.100000e-07	-6.677876e-06	-1.817117e-10	-4.712573e+01	-1.269414e+01
3.200000e-07	-6.591094e-06	-1.969992e-10	-4.651331e+01	-1.252059e+01
3.300000e-07	-6.501972e-06	-1.992898e-10	-4.588438e+01	-1.234263e+01
3.400000e-07	-6.410474e-06	-1.909868e-10	-4.523868e+01	-1.217940e+01
3.500000e-07	-6.316663e-06	-2.018784e-10	-4.457665e+01	-1.203989e+01
3.600000e-07	-6.220616e-06	-2.126501e-10	-4.389885e+01	-1.191909e+01
3.700000e-07	-6.122242e-06	-2.017847e-10	-4.320463e+01	-1.180034e+01
3.800000e-07	-6.021585e-06	-1.747257e-10	-4.249429e+01	-1.166272e+01
3.900000e-07	-5.918789e-06	-1.745882e-10	-4.176885e+01	-1.149007e+01
4.000000e-07	-5.813881e-06	-1.849278e-10	-4.102852e+01	-1.127792e+01
4.100000e-07	-5.706910e-06	-1.874898e-10	-4.027363e+01	-1.103554e+01
4.200000e-07	-5.597915e-06	-1.833706e-10	-3.950445e+01	-1.078240e+01
4.300000e-07	-5.486893e-06	-1.856145e-10	-3.872097e+01	-1.054070e+01
4.400000e-07	-5.373776e-06	-1.876643e-10	-3.792270e+01	-1.032707e+01
4.500000e-07	-5.258515e-06	-1.744545e-10	-3.710930e+01	-1.014661e+01
4.600000e-07	-5.141200e-06	-1.599884e-10	-3.628141e+01	-9.991721e+00
4.700000e-07	-5.022009e-06	-1.580420e-10	-3.544028e+01	-9.845640e+00
4.800000e-07	-4.900960e-06	-1.663107e-10	-3.458604e+01	-9.689150e+00
4.900000e-07	-4.778099e-06	-1.657260e-10	-3.371901e+01	-9.507637e+00
5.000000e-07	-4.653527e-06	-1.621471e-10	-3.283991e+01	-9.295718e+00
5.100000e-07	-4.527300e-06	-1.637776e-10	-3.194912e+01	-9.057907e+00
5.200000e-07	-4.399466e-06	-1.649042e-10	-3.104700e+01	-8.805438e+00
5.300000e-07	-4.270051e-06	-1.543023e-10	-3.013372e+01	-8.550925e+00
5.400000e-07	-4.139161e-06	-1.415977e-10	-2.921003e+01	-8.303246e+00
5.500000e-07	-4.006762e-06	-1.387039e-10	-2.827569e+01	-8.064714e+00
5.600000e-07	-3.872825e-06	-1.408047e-10	-2.733050e+01	-7.831474e+00
5.700000e-07	-3.737427e-06	-1.371751e-10	-2.637500e+01	-7.596585e+00
5.800000e-07	-3.600621e-06	-1.310227e-10	-2.540956e+01	-7.354163e+00
5.900000e-07	-3.462540e-06	-1.308762e-10	-2.443512e+01	-7.102606e+00
6.000000e-07	-3.323087e-06	-1.299922e-10	-2.345100e+01	-6.845490e+00
6.100000e-07	-3.182151e-06	-1.231587e-10	-2.245642e+01	-6.589837e+00
6.200000e-07	-3.039972e-06	-1.141240e-10	-2.145306e+01	-6.342660e+00
6.300000e-07	-2.896710e-06	-1.128340e-10	-2.044206e+01	-6.107446e+00
6.400000e-07	-2.752308e-06	-1.135716e-10	-1.942302e+01	-5.882184e+00
6.500000e-07	-2.606771e-06	-1.095666e-10	-1.839597e+01	-5.659842e+00
6.600000e-07	-2.460273e-06	-1.036672e-10	-1.736213e+01	-5.431073e+00
6.700000e-07	-2.313055e-06	-1.024834e-10	-1.632321e+01	-5.187963e+00
6.800000e-07	-2.165139e-06	-1.024651e-10	-1.527937e+01	-4.927198e+00
6.900000e-07	-2.016413e-06	-9.562650e-11	-1.422981e+01	-4.651333e+00
7.000000e-07	-1.867002e-06	-8.504663e-11	-1.317542e+01	-4.367653e+00
7.100000e-07	-1.717096e-06	-7.966787e-11	-1.211753e+01	-4.085179e+00
7.200000e-07	-1.566670e-06	-7.840096e-11	-1.105598e+01	-3.811118e+00
7.300000e-07	-1.415570e-06	-7.135587e-11	-9.989668e+00	-3.548219e+00
7.400000e-07	-1.263932e-06	-6.264456e-11	-8.919557e+00	-3.294063e+00
7.500000e-07	-1.111925e-06	-5.948652e-11	-7.846846e+00	-3.042435e+00
7.600000e-07	-9.594434e-07	-5.995341e-11	-6.770786e+00	-2.786070e+00
7.700000e-07	-8.065478e-07	-5.455516e-11	-5.691803e+00	-2.519524e+00
7.800000e-07	-6.534695e-07	-4.463831e-11	-4.611530e+00	-2.240978e+00
7.900000e-07	-5.002114e-07	-4.019115e-11	-3.529989e+00	-1.952347e+00
8.000000e-07	-3.467383e-07	-4.011362e-11	-2.446930e+00	-1.657828e+00
8.100000e-07	-1.931064e-07	-3.717192e-11	-1.362750e+00	-1.361712e+00
8.200000e-07	-3.939043e-08	-2.924877e-11	-2.779780e-01	-1.066527e+00
8.300000e-07	1.142702e-07	-2.313456e-11	8.064041e-01	-7.723066e-01
8.400000e-07	2.678801e-07	-2.014006e-11	1.890428e+00	-4.772147e-01
8.500000e-07	4.214711e-07	-1.442390e-11	2.974319e+00	-1.790506e-01
8.600000e-07	5.749196e-07	-4.722179e-12	4.057204e+00	1.232085e-01
8.700000e-07	7.280761e-07	1.852966e-12	5.138028e+00	4.286565e-01
8.800000e-07	8.809642e-07	2.874500e-12	6.216958e+00	7.348777e-01
8.900000e-07	1.033644e-06	4.573658e-12	7.294421e+00	1.039295e+00
9.000000e-07	1.185982e-06	1.078762e-11	8.369465e+00	1.340711e+00
9.100000e-07	1.337792e-06	1.773360e-11	9.440788e+00	1.640170e+00
9.200000e-07	1.489064e-06	2.276068e-11	1.050831e+01	1.940608e+00
9.300000e-07	1.639843e-06	2.961755e-11	1.157236e+01	2.245327e+00
9.400000e-07	1.790067e-06	3.749945e-11	1.263249e+01	2.555975e+00
9.500000e-07	1.939587e-06	4.374792e-11	1.368765e+01	2.871000e+00
9.600000e-07	2.088458e-06	4.705167e-11	1.473824e+01	3.185421e+00
9.700000e-07	2.236724e-06	5.058960e-11	1.578455e+01	3.492168e+00
9.800000e-07	2.384228e-06	5.485343e-11	1.682548e+01	3.784548e+00
9.900000e-07	2.530844e-06	5.783020e-11	1.786015e+01	4.058809e+00
1.000000e-06	2.676529e-06	6.128013e-11	1.888825e+01	4.315665e+00
1.010000e-06	2.821281e-06	6.682474e-11	1.990976e+01	4.560039e+00
1.020000e-06	2.964958e-06	7.381830e-11	2.092369e+01	4.799047e+00
1.030000e-06	3.107516e-06	7.842552e-11	2.192972e+01	5.039018e+00
1.040000e-06	3.248956e-06	8.251676e-11	2.292786e+01	5.282831e+00
1.050000e-06	3.389182e-06	8.733374e-11	2.391743e+01	5.528757e+00
1.060000e-06	3.528042e-06	9.231600e-11	2.489737e+01	5.771356e+00
1.070000e-06	3.665445e-06	9.592690e-11	2.586702e+01	6.004099e+00
1.080000e-06	3.801441e-06	9.745456e-11	2.682675e+01	6.222614e+00
1.090000e-06	3.936081e-06	9.953501e-11	2.777690e+01	6.427110e+00
1.100000e-06	4.069362e-06	1.035292e-10	2.871746e+01	6.622862e+00
1.110000e-06	4.201191e-06	1.095672e-10	2.964777e+01	6.818464e+00
1.120000e-06	4.331438e-06	1.159932e-10	3.056693e+01	7.022523e+00
1.130000e-06	4.460125e-06	1.209566e-10	3.147508e+01	7.240169e+00
1.140000e-06	4.587322e-06	1.250997e-10	3.237270e+01	7.470902e+00
1.150000e-06	4.712963e-06	1.281382e-10	3.325935e+01	7.708730e+00
1.160000e-06	4.836967e-06	1.298821e-10	3.413444e+01	7.944593e+00
1.170000e-06	4.959188e-06	1.323810e-10	3.499696e+01	8.170041e+00
1.180000e-06	5.079634e-06	1.371493e-10	3.584695e+01	8.380612e+00
1.190000e-06	5.198250e-06	1.431930e-10	3.668402e+01	8.577405e+00
1.200000e-06	5.314793e-06	1.467860e-10	3.750646e+01	8.766178e+00
1.210000e-06	5.429231e-06	1.494729e-10	3.831405e+01	8.954342e+00
1.220000e-06	5.541666e-06	1.544660e-10	3.910750e+01	9.147222e+00
1.230000e-06	5.652167e-06	1.588298e-10	3.988731e+01	9.345277e+00
1.240000e-06	5.760711e-06	1.609387e-10	4.065330e+01	9.543605e+00
1.250000e-06	5.867153e-06	1.631188e-10	4.140446e+01	9.734048e+00
1.260000e-06	5.971463e-06	1.682212e-10	4.214058e+01	9.909018e+00
1.270000e-06	6.073657e-06	1.745007e-10	4.286176e+01	1.006536e+01
1.280000e-06	6.173686e-06	1.760519e-10	4.356766e+01	1.020642e+01
1.290000e-06	6.271428e-06	1.762865e-10	4.425743e+01	1.034129e+01
1.300000e-06	6.366836e-06	1.796482e-10	4.493072e+01	1.048127e+01
1.310000e-06	6.460032e-06	1.842266e-10	4.558840e+01	1.063511e+01
1.320000e-06	6.550987e-06	1.863911e-10	4.623027e+01	1.080489e+01
1.330000e-06	6.639629e-06	1.884006e-10	4.685582e+01	1.098460e+01
1.340000e-06	6.725998e-06	1.934499e-10	4.746533e+01	1.116203e+01
1.350000e-06	6.810109e-06	1.987316e-10	4.805889e+01	1.132352e+01
1.360000e-06	6.891794e-06	2.013567e-10	4.863535e+01	1.145951e+01
1.370000e-06	6.970953e-06	2.012213e-10	4.919397e+01	1.156855e+01
1.380000e-06	7.047526e-06	2.025974e-10	4.973434e+01	1.165807e+01
1.390000e-06	7.121348e-06	2.067136e-10	5.025531e+01	1.174116e+01
1.400000e-06	7.192532e-06	2.100658e-10	5.075765e+01	1.183089e+01
1.410000e-06	7.261253e-06	2.114683e-10	5.124262e+01	1.193436e+01
1.420000e-06	7.327371e-06	2.137853e-10	5.170921e+01	1.204912e+01
1.430000e-06	7.390841e-06	2.175699e-10	5.215712e+01	1.216379e+01
1.440000e-06	7.451815e-06	2.194657e-10	5.258741e+01	1.226274e+01
1.450000e-06	7.510140e-06	2.193078e-10	5.299901e+01	1.233301e+01
1.460000e-06	7.565724e-06	2.201130e-10	5.339127e+01	1.237073e+01
1.470000e-06	7.618492e-06	2.226534e-10	5.376365e+01	1.238392e+01
1.480000e-06	7.668108e-06	2.244526e-10	5.411379e+01	1.239036e+01
1.490000e-06	7.714768e-06	2.235065e-10	5.444307e+01	1.241106e+01
1.500000e-06	7.758804e-06	2.231708e-10	5.475383e+01	1.246168e+01
1.510000e-06	7.800050e-06	2.249596e-10	5.504491e+01	1.254567e+01
1.520000e-06	7.838497e-06	2.269001e-10	5.531622e+01	1.265186e+01
1.530000e-06	7.874281e-06	2.274702e-10	5.556875e+01	1.275807e+01
1.540000e-06	7.907290e-06	2.299433e-10	5.580170e+01	1.283943e+01
1.550000e-06	7.937592e-06	2.344161e-10	5.601554e+01	1.287831e+01
1.560000e-06	7.965196e-06	2.349223e-10	5.621034e+01	1.287181e+01
1.570000e-06	7.989813e-06	2.306040e-10	5.638406e+01	1.283356e+01
1.580000e-06	8.011591e-06	2.284959e-10	5.653775e+01	1.278877e+01
1.590000e-06	8.030700e-06	2.302190e-10	5.667260e+01	1.276429e+01
1.600000e-06	8.046875e-06	2.301387e-10	5.678675e+01	1.277745e+01
1.610000e-06	8.060054e-06	2.292021e-10	5.687975e+01	1.282837e+01
1.620000e-06	8.070165e-06	2.326384e-10	5.695111e+01	1.289899e+01
1.630000e-06	8.077280e-06	2.391579e-10	5.700131e+01	1.295957e+01
1.640000e-06	8.081584e-06	2.403956e-10	5.703168e+01	1.298042e+01
1.650000e-06	8.082975e-06	2.357701e-10	5.704150e+01	1.294423e+01
1.660000e-06	8.081605e-06	2.293246e-10	5.703184e+01	1.285391e+01
1.670000e-06	8.077604e-06	2.255966e-10	5.700360e+01	1.273258e+01
1.680000e-06	8.070870e-06	2.232705e-10	5.695608e+01	1.261515e+01
1.690000e-06	8.061497e-06	2.197314e-10	5.688993e+01	1.253469e+01
1.700000e-06	8.049396e-06	2.191362e-10	5.680454e+01	1.250867e+01
1.710000e-06	8.034465e-06	2.227391e-10	5.669917e+01	1.253095e+01
1.720000e-06	8.017005e-06	2.184346e-10	5.657595e+01	1.257305e+01
1.730000e-06	7.997160e-06	1.918590e-10	5.643591e+01	1.259488e+01
1.740000e-06	7.974418e-06	1.713940e-10	5.627541e+01	1.256128e+01
1.750000e-06	7.948060e-06	2.059061e-10	5.608941e+01	1.245826e+01
1.760000e-06	7.918017e-06	2.289312e-10	5.587739e+01	1.230240e+01
1.770000e-06	7.885003e-06	2.095747e-10	5.564442e+01	1.213933e+01
1.780000e-06	7.849646e-06	2.083405e-10	5.539490e+01	1.203095e+01
1.790000e-06	7.812089e-06	2.191638e-10	5.512986e+01	1.203555e+01
1.800000e-06	7.772477e-06	1.919038e-10	5.485032e+01	1.218736e+01
1.810000e-06	7.730457e-06	1.989331e-10	5.455379e+01	1.248297e+01
1.820000e-06	7.685732e-06	2.174582e-10	5.423816e+01	1.287960e+01
1.830000e-06	7.638356e-06	2.465954e-10	5.390383e+01	1.330596e+01
1.840000e-06	7.587898e-06	2.943834e-10	5.354775e+01	1.368232e+01
1.850000e-06	7.534407e-06	2.506609e-10	5.317027e+01	1.394296e+01
1.860000e-06	7.478125e-06	2.451991e-10	5.277308e+01	1.405371e+01
1.870000e-06	7.419158e-06	2.479136e-10	5.235695e+01	1.401878e+01
1.880000e-06	7.357706e-06	2.393748e-10	5.192328e+01	1.387540e+01
1.890000e-06	7.293456e-06	2.570871e-10	5.146987e+01	1.367870e+01
1.900000e-06	7.226460e-06	2.407785e-10	5.099708e+01	1.348268e+01
1.910000e-06	7.156714e-06	2.554332e-10	5.050489e+01	1.332390e+01
1.920000e-06	7.084181e-06	2.352758e-10	4.999302e+01	1.321328e+01
1.930000e-06	7.009041e-06	2.252119e-10	4.946276e+01	1.313784e+01
1.940000e-06	6.931094e-06	2.249907e-10	4.891269e+01	1.307063e+01
1.950000e-06	6.850615e-06	2.164873e-10	4.834475e+01	1.298426e+01
1.960000e-06	6.767814e-06	2.452560e-10	4.776042e+01	1.286251e+01
1.970000e-06	6.682581e-06	2.272685e-10	4.715893e+01	1.270574e+01
1.980000e-06	6.594821e-06	2.292194e-10	4.653961e+01	1.252875e+01
1.990000e-06	6.504645e-06	2.091217e-10	4.590324e+01	1.235267e+01
2.000000e-06	6.412292e-06	1.992151e-10	4.525151e+01	1.219478e+01
2.010000e-06	6.317631e-06	2.008528e-10	4.458348e+01	1.206067e+01
2.020000e-06	6.220696e-06	1.956277e-10	4.389941e+01	1.194198e+01
2.030000e-06	6.121590e-06	2.105888e-10	4.320002e+01	1.182015e+01
2.040000e-06	6.020332e-06	2.004927e-10	4.248544e+01	1.167464e+01
2.050000e-06	5.916803e-06	2.014808e-10	4.175484e+01	1.149170e+01
2.060000e-06	5.811131e-06	1.809178e-10	4.100911e+01	1.127035e+01
2.070000e-06	5.703478e-06	1.737595e-10	4.024941e+01	1.102291e+01
2.080000e-06	5.593873e-06	1.700863e-10	3.947593e+01	1.077035e+01
2.090000e-06	5.482240e-06	1.712209e-10	3.868813e+01	1.053421e+01
2.100000e-06	5.368411e-06	1.749595e-10	3.788484e+01	1.032862e+01
2.110000e-06	5.252495e-06	1.701623e-10	3.706682e+01	1.015544e+01
2.120000e-06	5.134481e-06	1.665262e-10	3.623400e+01	1.000426e+01
2.130000e-06	5.014483e-06	1.558576e-10	3.538717e+01	9.857029e+00
2.140000e-06	4.892618e-06	1.490008e-10	3.452717e+01	9.695061e+00
2.150000e-06	4.769046e-06	1.433518e-10	3.365512e+01	9.505760e+00
2.160000e-06	4.643839e-06	1.465912e-10	3.277154e+01	9.286320e+00
2.170000e-06	4.516928e-06	1.458328e-10	3.187593e+01	9.043356e+00
2.180000e-06	4.388388e-06	1.437149e-10	3.096883e+01	8.788980e+00
2.190000e-06	4.258298e-06	1.349848e-10	3.005078e+01	8.535292e+00
2.200000e-06	4.126718e-06	1.272097e-10	2.912222e+01	8.289672e+00
2.210000e-06	3.993726e-06	1.175935e-10	2.818370e+01	8.052730e+00
2.220000e-06	3.859327e-06	1.117126e-10	2.723525e+01	7.819474e+00
2.230000e-06	3.723369e-06	1.099286e-10	2.627579e+01	7.582844e+00
2.240000e-06	3.586041e-06	1.117821e-10	2.530667e+01	7.337796e+00
2.250000e-06	3.447463e-06	1.130667e-10	2.432873e+01	7.084048e+00
2.260000e-06	3.307606e-06	1.069974e-10	2.334176e+01	6.826291e+00
2.270000e-06	3.166488e-06	9.963789e-11	2.234589e+01	6.571901e+00
2.280000e-06	3.024141e-06	8.922134e-11	2.134134e+01	6.327303e+00
2.290000e-06	2.880603e-06	8.089752e-11	2.032840e+01	6.094706e+00
2.300000e-06	2.735953e-06	7.626602e-11	1.930761e+01	5.870700e+00
2.310000e-06	2.590422e-06	7.541342e-11	1.828059e+01	5.647354e+00
2.320000e-06	2.444047e-06	7.426282e-11	1.724762e+01	5.415322e+00
2.330000e-06	2.296833e-06	7.044535e-11	1.620874e+01	5.167599e+00
2.340000e-06	2.148822e-06	6.575258e-11	1.516423e+01	4.902314e+00
2.350000e-06	2.000080e-06	6.104510e-11	1.411455e+01	4.623401e+00
2.360000e-06	1.850681e-06	5.501724e-11	1.306025e+01	4.338905e+00
2.370000e-06	1.700726e-06	4.933447e-11	1.200201e+01	4.057717e+00
2.380000e-06	1.550191e-06	4.278267e-11	1.093969e+01	3.786112e+00
2.390000e-06	1.399016e-06	3.882433e-11	9.872845e+00	3.525529e+00
2.400000e-06	1.247206e-06	3.562590e-11	8.801524e+00	3.272398e+00
2.410000e-06	1.094831e-06	3.360059e-11	7.726215e+00	3.019956e+00
2.420000e-06	9.420425e-07	3.125543e-11	6.647988e+00	2.761150e+00
2.430000e-06	7.889736e-07	2.701743e-11	5.567782e+00	2.491333e+00
2.440000e-06	6.356687e-07	2.158415e-11	4.485910e+00	2.209680e+00
2.450000e-06	4.821852e-07	1.547132e-11	3.402778e+00	1.918858e+00
2.460000e-06	3.286110e-07	9.153774e-12	2.319006e+00	1.623298e+00
2.470000e-06	1.749534e-07	1.662369e-12	1.234645e+00	1.326990e+00
2.480000e-06	2.127908e-08	-4.881599e-12	1.501663e-01	1.031853e+00
2.490000e-06	-1.323497e-07	-8.228677e-12	-9.339910e-01	7.373471e-01
2.500000e-06	-2.859494e-07	-8.617914e-12	-2.017943e+00	4.413869e-01
2.510000e-06	-4.394626e-07	-1.057395e-11	-3.101285e+00	1.419404e-01
2.520000e-06	-5.928612e-07	-1.609946e-11	-4.183818e+00	-1.615594e-01
2.530000e-06	-7.460945e-07	-2.321511e-11	-5.265184e+00	-4.677445e-01
2.540000e-06	-8.990186e-07	-2.781441e-11	-6.344368e+00	-7.740098e-01
2.550000e-06	-1.051573e-06	-3.266304e-11	-7.420944e+00	-1.077991e+00
2.560000e-06	-1.203715e-06	-4.082816e-11	-8.494608e+00	-1.379013e+00
2.570000e-06	-1.355342e-06	-4.758265e-11	-9.564641e+00	-1.678678e+00
2.580000e-06	-1.506421e-06	-4.875878e-11	-1.063080e+01	-1.980190e+00
2.590000e-06	-1.656912e-06	-4.922468e-11	-1.169282e+01	-2.286626e+00
2.600000e-06	-1.806775e-06	-5.453788e-11	-1.275040e+01	-2.598939e+00
2.610000e-06	-1.955996e-06	-6.187137e-11	-1.380345e+01	-2.914680e+00
2.620000e-06	-2.104548e-06	-6.452385e-11	-1.485179e+01	-3.228161e+00
2.630000e-06	-2.252399e-06	-6.692289e-11	-1.589516e+01	-3.532152e+00
2.640000e-06	-2.399400e-06	-7.511522e-11	-1.693255e+01	-3.820477e+00
2.650000e-06	-2.545545e-06	-8.384362e-11	-1.796390e+01	-4.090419e+00
2.660000e-06	-2.690851e-06	-8.757257e-11	-1.898932e+01	-4.343844e+00
2.670000e-06	-2.835237e-06	-8.854932e-11	-2.000825e+01	-4.586471e+00
2.680000e-06	-2.978567e-06	-9.262232e-11	-2.101973e+01	-4.825507e+00
2.690000e-06	-3.120668e-06	-9.775011e-11	-2.202254e+01	-5.066627e+00
2.700000e-06	-3.261493e-06	-9.901829e-11	-2.301633e+01	-5.311590e+00
2.710000e-06	-3.401110e-06	-9.875647e-11	-2.400161e+01	-5.557575e+00
2.720000e-06	-3.539513e-06	-1.034326e-10	-2.497832e+01	-5.798575e+00
2.730000e-06	-3.676554e-06	-1.109478e-10	-2.594542e+01	-6.028305e+00
2.740000e-06	-3.812253e-06	-1.161495e-10	-2.690305e+01	-6.243372e+00
2.750000e-06	-3.946521e-06	-1.204728e-10	-2.785057e+01	-6.445295e+00
2.760000e-06	-4.079291e-06	-1.240525e-10	-2.878753e+01	-6.640423e+00
2.770000e-06	-4.210641e-06	-1.265000e-10	-2.971446e+01	-6.837697e+00
2.780000e-06	-4.340564e-06	-1.244105e-10	-3.063133e+01	-7.045154e+00
2.790000e-06	-4.469074e-06	-1.224227e-10	-3.153823e+01	-7.266638e+00
2.800000e-06	-4.595946e-06	-1.261545e-10	-3.243356e+01	-7.500166e+00
2.810000e-06	-4.721084e-06	-1.330626e-10	-3.331666e+01	-7.738678e+00
2.820000e-06	-4.844612e-06	-1.395457e-10	-3.418840e+01	-7.972905e+00
2.830000e-06	-4.966446e-06	-1.434837e-10	-3.504818e+01	-8.195127e+00
2.840000e-06	-5.086451e-06	-1.473191e-10	-3.589505e+01	-8.402217e+00
2.850000e-06	-5.204408e-06	-1.508085e-10	-3.672748e+01	-8.596621e+00
2.860000e-06	-5.320224e-06	-1.510567e-10	-3.754479e+01	-8.784849e+00
2.870000e-06	-5.433927e-06	-1.491136e-10	-3.834719e+01	-8.974133e+00
2.880000e-06	-5.545472e-06	-1.502426e-10	-3.913436e+01	-9.168769e+00
2.890000e-06	-5.654905e-06	-1.567292e-10	-3.990663e+01	-9.367816e+00
2.900000e-06	-5.762389e-06	-1.621650e-10	-4.066514e+01	-9.565272e+00
2.910000e-06	-5.868050e-06	-1.647313e-10	-4.141079e+01	-9.752726e+00
2.920000e-06	-5.971679e-06	-1.699823e-10	-4.214210e+01	-9.923380e+00
2.930000e-06	-6.073035e-06	-1.737845e-10	-4.285737e+01	-1.007561e+01
2.940000e-06	-6.172194e-06	-1.739074e-10	-4.355713e+01	-1.021439e+01
2.950000e-06	-6.269282e-06	-1.710064e-10	-4.424229e+01	-1.034977e+01
2.960000e-06	-6.364198e-06	-1.709548e-10	-4.491210e+01	-1.049289e+01
2.970000e-06	-6.456821e-06	-1.750146e-10	-4.556575e+01	-1.065112e+01
2.980000e-06	-6.547212e-06	-1.796045e-10	-4.620364e+01	-1.082453e+01
2.990000e-06	-6.635333e-06	-1.820610e-10	-4.682551e+01	-1.100525e+01
3.000000e-06	-6.721007e-06	-1.847301e-10	-4.743011e+01	-1.118019e+01
3.010000e-06	-6.804229e-06	-1.886057e-10	-4.801740e+01	-1.133622e+01
3.020000e-06	-6.885156e-06	-1.903504e-10	-4.858851e+01	-1.146552e+01
3.030000e-06	-6.963611e-06	-1.874940e-10	-4.914216e+01	-1.156897e+01
3.040000e-06	-7.039250e-06	-1.854341e-10	-4.967594e+01	-1.165583e+01
3.050000e-06	-7.112216e-06	-1.876188e-10	-5.019086e+01	-1.173978e+01
3.060000e-06	-7.182648e-06	-1.904891e-10	-5.068790e+01	-1.183290e+01
3.070000e-06	-7.250498e-06	-1.929884e-10	-5.116672e+01	-1.194010e+01
3.080000e-06	-7.315858e-06	-1.948011e-10	-5.162796e+01	-1.205646e+01
3.090000e-06	-7.378656e-06	-1.965325e-10	-5.207113e+01	-1.216897e+01
3.100000e-06	-7.438805e-06	-1.964823e-10	-5.249560e+01	-1.226198e+01
3.110000e-06	-7.496267e-06	-1.954286e-10	-5.290111e+01	-1.232431e+01
3.120000e-06	-7.550914e-06	-1.927837e-10	-5.328676e+01	-1.235497e+01
3.130000e-06	-7.602630e-06	-1.942213e-10	-5.365171e+01	-1.236483e+01
3.140000e-06	-7.651216e-06	-1.994004e-10	-5.399458e+01	-1.237321e+01
3.150000e-06	-7.696893e-06	-2.000379e-10	-5.431693e+01	-1.240058e+01
3.160000e-06	-7.740160e-06	-1.985512e-10	-5.462226e+01	-1.246009e+01
3.170000e-06	-7.780973e-06	-1.994030e-10	-5.491028e+01	-1.255149e+01
3.180000e-06	-7.818945e-06	-2.028046e-10	-5.517824e+01	-1.266033e+01
3.190000e-06	-7.854143e-06	-2.037240e-10	-5.542663e+01	-1.276282e+01
3.200000e-06	-7.886680e-06	-2.014405e-10	-5.565625e+01	-1.283501e+01
3.210000e-06	-7.916290e-06	-2.020570e-10	-5.586521e+01	-1.286243e+01
3.220000e-06	-7.942999e-06	-2.037588e-10	-5.605369e+01	-1.284642e+01
3.230000e-06	-7.966962e-06	-2.029852e-10	-5.622280e+01	-1.280419e+01
3.240000e-06	-7.988086e-06	-2.006738e-10	-5.637187e+01	-1.276244e+01
3.250000e-06	-8.006459e-06	-2.015182e-10	-5.650153e+01	-1.274661e+01
3.260000e-06	-8.022007e-06	-2.042879e-10	-5.661125e+01	-1.277024e+01
3.270000e-06	-8.034377e-06	-2.040400e-10	-5.669854e+01	-1.282868e+01
3.280000e-06	-8.043758e-06	-2.012205e-10	-5.676475e+01	-1.290008e+01
3.290000e-06	-8.050321e-06	-1.979782e-10	-5.681106e+01	-1.295351e+01
3.300000e-06	-8.054010e-06	-1.979410e-10	-5.683710e+01	-1.296130e+01
3.310000e-06	-8.054930e-06	-2.010198e-10	-5.684359e+01	-1.291073e+01
