# Temperatura_=_21.67
# Concentracion g/m^3_=_10000.0
# C_Vs_to_Am_M_A/Vsm_=_59384043850.047264
# pendiente_HvsI_1/m_=_3716.3
# ordenada_HvsI_A/m_=_1297.0
# frecuencia_Hz_=_301644.3198495289

Tiempo_(s)	Campo_(V.s)	Magnetizacion_(V.s)	Campo_(kA/m)	Magnetizacion_(A/m)
0.000000e+00	-8.094862e-06	-7.881644e-09	-5.683499e+01	-4.672435e+02
1.000000e-08	-8.091153e-06	-7.877340e-09	-5.680895e+01	-4.670748e+02
2.000000e-08	-8.084872e-06	-7.873834e-09	-5.676485e+01	-4.668804e+02
3.000000e-08	-8.075953e-06	-7.869599e-09	-5.670223e+01	-4.666595e+02
4.000000e-08	-8.064146e-06	-7.865065e-09	-5.661933e+01	-4.664001e+02
5.000000e-08	-8.049390e-06	-7.858216e-09	-5.651572e+01	-4.660836e+02
6.000000e-08	-8.031765e-06	-7.852268e-09	-5.639198e+01	-4.656904e+02
7.000000e-08	-8.011644e-06	-7.843874e-09	-5.625071e+01	-4.652080e+02
8.000000e-08	-7.988997e-06	-7.817480e-09	-5.609170e+01	-4.646352e+02
9.000000e-08	-7.963243e-06	-7.796421e-09	-5.591088e+01	-4.639829e+02
1.000000e-07	-7.934252e-06	-7.786038e-09	-5.570733e+01	-4.632701e+02
1.100000e-07	-7.902286e-06	-7.786841e-09	-5.548289e+01	-4.625161e+02
1.200000e-07	-7.867496e-06	-7.790224e-09	-5.523863e+01	-4.617337e+02
1.300000e-07	-7.830215e-06	-7.777736e-09	-5.497687e+01	-4.609236e+02
1.400000e-07	-7.790772e-06	-7.771092e-09	-5.469994e+01	-4.600745e+02
1.500000e-07	-7.748866e-06	-7.755700e-09	-5.440571e+01	-4.591677e+02
1.600000e-07	-7.704104e-06	-7.754902e-09	-5.409143e+01	-4.581845e+02
1.700000e-07	-7.656665e-06	-7.689725e-09	-5.375836e+01	-4.571133e+02
1.800000e-07	-7.606337e-06	-7.648017e-09	-5.340499e+01	-4.559542e+02
1.900000e-07	-7.552881e-06	-7.671242e-09	-5.302967e+01	-4.547182e+02
2.000000e-07	-7.496636e-06	-7.646522e-09	-5.263477e+01	-4.534213e+02
2.100000e-07	-7.437658e-06	-7.626322e-09	-5.222068e+01	-4.520776e+02
2.200000e-07	-7.376037e-06	-7.589764e-09	-5.178803e+01	-4.506923e+02
2.300000e-07	-7.311840e-06	-7.576491e-09	-5.133730e+01	-4.492584e+02
2.400000e-07	-7.244868e-06	-7.553794e-09	-5.086708e+01	-4.477591e+02
2.500000e-07	-7.175227e-06	-7.503798e-09	-5.037812e+01	-4.461739e+02
2.600000e-07	-7.102894e-06	-7.465620e-09	-4.987026e+01	-4.444872e+02
2.700000e-07	-7.027737e-06	-7.453621e-09	-4.934258e+01	-4.426937e+02
2.800000e-07	-6.949863e-06	-7.454442e-09	-4.879581e+01	-4.408009e+02
2.900000e-07	-6.869283e-06	-7.396703e-09	-4.823005e+01	-4.388254e+02
3.000000e-07	-6.786168e-06	-7.342685e-09	-4.764650e+01	-4.367854e+02
3.100000e-07	-6.700843e-06	-7.317082e-09	-4.704742e+01	-4.346921e+02
3.200000e-07	-6.613329e-06	-7.284057e-09	-4.643297e+01	-4.325444e+02
3.300000e-07	-6.523474e-06	-7.238577e-09	-4.580209e+01	-4.303275e+02
3.400000e-07	-6.431267e-06	-7.196513e-09	-4.515469e+01	-4.280178e+02
3.500000e-07	-6.336723e-06	-7.176147e-09	-4.449088e+01	-4.255909e+02
3.600000e-07	-6.239859e-06	-7.142967e-09	-4.381079e+01	-4.230296e+02
3.700000e-07	-6.140699e-06	-7.084704e-09	-4.311458e+01	-4.203291e+02
3.800000e-07	-6.039290e-06	-7.020664e-09	-4.240257e+01	-4.174965e+02
3.900000e-07	-5.935661e-06	-6.972666e-09	-4.167499e+01	-4.145456e+02
4.000000e-07	-5.829880e-06	-6.930541e-09	-4.093228e+01	-4.114884e+02
4.100000e-07	-5.722052e-06	-6.875451e-09	-4.017521e+01	-4.083283e+02
4.200000e-07	-5.612191e-06	-6.821524e-09	-3.940386e+01	-4.050566e+02
4.300000e-07	-5.500263e-06	-6.773494e-09	-3.861800e+01	-4.016551e+02
4.400000e-07	-5.386278e-06	-6.720299e-09	-3.781770e+01	-3.981029e+02
4.500000e-07	-5.270156e-06	-6.649428e-09	-3.700239e+01	-3.943845e+02
4.600000e-07	-5.151940e-06	-6.569839e-09	-3.617238e+01	-3.904963e+02
4.700000e-07	-5.031839e-06	-6.500205e-09	-3.532914e+01	-3.864470e+02
4.800000e-07	-4.909954e-06	-6.437312e-09	-3.447337e+01	-3.822529e+02
4.900000e-07	-4.786289e-06	-6.366957e-09	-3.360510e+01	-3.779288e+02
5.000000e-07	-4.660853e-06	-6.289981e-09	-3.272440e+01	-3.734781e+02
5.100000e-07	-4.533743e-06	-6.219080e-09	-3.183195e+01	-3.688874e+02
5.200000e-07	-4.405000e-06	-6.143002e-09	-3.092803e+01	-3.641274e+02
5.300000e-07	-4.274726e-06	-6.050090e-09	-3.001336e+01	-3.591596e+02
5.400000e-07	-4.142949e-06	-5.953032e-09	-2.908814e+01	-3.539482e+02
5.500000e-07	-4.009567e-06	-5.860631e-09	-2.815165e+01	-3.484708e+02
5.600000e-07	-3.874659e-06	-5.769061e-09	-2.720444e+01	-3.427239e+02
5.700000e-07	-3.738364e-06	-5.667984e-09	-2.624750e+01	-3.367213e+02
5.800000e-07	-3.600743e-06	-5.561640e-09	-2.528125e+01	-3.304855e+02
5.900000e-07	-3.461781e-06	-5.457500e-09	-2.430558e+01	-3.240345e+02
6.000000e-07	-3.321368e-06	-5.348034e-09	-2.331972e+01	-3.173707e+02
6.100000e-07	-3.179500e-06	-5.224473e-09	-2.232365e+01	-3.104745e+02
6.200000e-07	-3.036442e-06	-5.094868e-09	-2.131922e+01	-3.033066e+02
6.300000e-07	-2.892347e-06	-4.971485e-09	-2.030751e+01	-2.958171e+02
6.400000e-07	-2.747118e-06	-4.846346e-09	-1.928784e+01	-2.879584e+02
6.500000e-07	-2.600808e-06	-4.708343e-09	-1.826058e+01	-2.796965e+02
6.600000e-07	-2.453589e-06	-4.560116e-09	-1.722694e+01	-2.710153e+02
6.700000e-07	-2.305605e-06	-4.409274e-09	-1.618792e+01	-2.619141e+02
6.800000e-07	-2.156860e-06	-4.251023e-09	-1.514357e+01	-2.523972e+02
6.900000e-07	-2.007353e-06	-4.078384e-09	-1.409386e+01	-2.424613e+02
7.000000e-07	-1.857204e-06	-3.896259e-09	-1.303965e+01	-2.320850e+02
7.100000e-07	-1.706433e-06	-3.714093e-09	-1.198107e+01	-2.212253e+02
7.200000e-07	-1.555061e-06	-3.526706e-09	-1.091827e+01	-2.098215e+02
7.300000e-07	-1.403040e-06	-3.322362e-09	-9.850910e+00	-1.978050e+02
7.400000e-07	-1.250481e-06	-3.104002e-09	-8.779777e+00	-1.851107e+02
7.500000e-07	-1.097511e-06	-2.877637e-09	-7.705753e+00	-1.716846e+02
7.600000e-07	-9.441643e-07	-2.640379e-09	-6.629090e+00	-1.574842e+02
7.700000e-07	-7.905799e-07	-2.383827e-09	-5.550756e+00	-1.424735e+02
7.800000e-07	-6.367168e-07	-2.112354e-09	-4.470464e+00	-1.266134e+02
7.900000e-07	-4.825797e-07	-1.832290e-09	-3.388249e+00	-1.098565e+02
8.000000e-07	-3.282761e-07	-1.538234e-09	-2.304866e+00	-9.214895e+01
8.100000e-07	-1.738961e-07	-1.220960e-09	-1.220945e+00	-7.344362e+01
8.200000e-07	-1.946304e-08	-8.812617e-10	-1.366523e-01	-5.372273e+01
8.300000e-07	1.349774e-07	-5.289211e-10	9.476924e-01	-3.302370e+01
8.400000e-07	2.893407e-07	-1.662282e-10	2.031495e+00	-1.146020e+01
8.500000e-07	4.436025e-07	2.076923e-10	3.114586e+00	1.076966e+01
8.600000e-07	5.977473e-07	5.892468e-10	4.196855e+00	3.339278e+01
8.700000e-07	7.517145e-07	9.692335e-10	5.277877e+00	5.608750e+01
8.800000e-07	9.054021e-07	1.343567e-09	6.356936e+00	7.852136e+01
8.900000e-07	1.058751e-06	1.711895e-09	7.433615e+00	1.003910e+02
9.000000e-07	1.211735e-06	2.069517e-09	8.507739e+00	1.214542e+02
9.100000e-07	1.364307e-06	2.408219e-09	9.578960e+00	1.415468e+02
9.200000e-07	1.516387e-06	2.727731e-09	1.064674e+01	1.605823e+02
9.300000e-07	1.667877e-06	3.030229e-09	1.171037e+01	1.785371e+02
9.400000e-07	1.818695e-06	3.311909e-09	1.276927e+01	1.954272e+02
9.500000e-07	1.968911e-06	3.574901e-09	1.382396e+01	2.112862e+02
9.600000e-07	2.118494e-06	3.822902e-09	1.487420e+01	2.261494e+02
9.700000e-07	2.267294e-06	4.056189e-09	1.591894e+01	2.400482e+02
9.800000e-07	2.415240e-06	4.273827e-09	1.695769e+01	2.530134e+02
9.900000e-07	2.562288e-06	4.476335e-09	1.799013e+01	2.650829e+02
1.000000e-06	2.708457e-06	4.664282e-09	1.901640e+01	2.763083e+02
1.010000e-06	2.853670e-06	4.838871e-09	2.003596e+01	2.867563e+02
1.020000e-06	2.997841e-06	5.003148e-09	2.104820e+01	2.965043e+02
1.030000e-06	3.140959e-06	5.155956e-09	2.205305e+01	3.056298e+02
1.040000e-06	3.282908e-06	5.297271e-09	2.304969e+01	3.142004e+02
1.050000e-06	3.423557e-06	5.430979e-09	2.403720e+01	3.222660e+02
1.060000e-06	3.562798e-06	5.559119e-09	2.501483e+01	3.298579e+02
1.070000e-06	3.700703e-06	5.679800e-09	2.598307e+01	3.369941e+02
1.080000e-06	3.837253e-06	5.790306e-09	2.694181e+01	3.436890e+02
1.090000e-06	3.972362e-06	5.893019e-09	2.789042e+01	3.499629e+02
1.100000e-06	4.106089e-06	5.992547e-09	2.882934e+01	3.558478e+02
1.110000e-06	4.238371e-06	6.087874e-09	2.975811e+01	3.613882e+02
1.120000e-06	4.369093e-06	6.176660e-09	3.067593e+01	3.666347e+02
1.130000e-06	4.498247e-06	6.260909e-09	3.158273e+01	3.716360e+02
1.140000e-06	4.625854e-06	6.341272e-09	3.247867e+01	3.764298e+02
1.150000e-06	4.751882e-06	6.417114e-09	3.336353e+01	3.810386e+02
1.160000e-06	4.876265e-06	6.488955e-09	3.423684e+01	3.854699e+02
1.170000e-06	4.998859e-06	6.559451e-09	3.509759e+01	3.897214e+02
1.180000e-06	5.119631e-06	6.629083e-09	3.594554e+01	3.937886e+02
1.190000e-06	5.238592e-06	6.695903e-09	3.678078e+01	3.976721e+02
1.200000e-06	5.355551e-06	6.757701e-09	3.760196e+01	4.013809e+02
1.210000e-06	5.470373e-06	6.816846e-09	3.840814e+01	4.049321e+02
1.220000e-06	5.583084e-06	6.875818e-09	3.919949e+01	4.083469e+02
1.230000e-06	5.693769e-06	6.932159e-09	3.997663e+01	4.116443e+02
1.240000e-06	5.802541e-06	6.985175e-09	4.074033e+01	4.148369e+02
1.250000e-06	5.909259e-06	7.036420e-09	4.148961e+01	4.179287e+02
1.260000e-06	6.013800e-06	7.088401e-09	4.222361e+01	4.209160e+02
1.270000e-06	6.116213e-06	7.138239e-09	4.294266e+01	4.237916e+02
1.280000e-06	6.216433e-06	7.182211e-09	4.364632e+01	4.265492e+02
1.290000e-06	6.314374e-06	7.224661e-09	4.433397e+01	4.291863e+02
1.300000e-06	6.410036e-06	7.269071e-09	4.500562e+01	4.317055e+02
1.310000e-06	6.503532e-06	7.312321e-09	4.566207e+01	4.341130e+02
1.320000e-06	6.594788e-06	7.350137e-09	4.630279e+01	4.364162e+02
1.330000e-06	6.683718e-06	7.384419e-09	4.692718e+01	4.386208e+02
1.340000e-06	6.770323e-06	7.420596e-09	4.753525e+01	4.407297e+02
1.350000e-06	6.854568e-06	7.456584e-09	4.812674e+01	4.427430e+02
1.360000e-06	6.936368e-06	7.487484e-09	4.870106e+01	4.446602e+02
1.370000e-06	7.015666e-06	7.516294e-09	4.925783e+01	4.464819e+02
1.380000e-06	7.092410e-06	7.548869e-09	4.979666e+01	4.482113e+02
1.390000e-06	7.166467e-06	7.581195e-09	5.031662e+01	4.498541e+02
1.400000e-06	7.237867e-06	7.606474e-09	5.081792e+01	4.514173e+02
1.410000e-06	7.306664e-06	7.628605e-09	5.130096e+01	4.529071e+02
1.420000e-06	7.372837e-06	7.653279e-09	5.176557e+01	4.543280e+02
1.430000e-06	7.436383e-06	7.676104e-09	5.221173e+01	4.556816e+02
1.440000e-06	7.497387e-06	7.693921e-09	5.264005e+01	4.569680e+02
1.450000e-06	7.555776e-06	7.711823e-09	5.305000e+01	4.581868e+02
1.460000e-06	7.611462e-06	7.733681e-09	5.344098e+01	4.593386e+02
1.470000e-06	7.664241e-06	7.755172e-09	5.381155e+01	4.604250e+02
1.480000e-06	7.713813e-06	7.772609e-09	5.415960e+01	4.614481e+02
1.490000e-06	7.760384e-06	7.787086e-09	5.448658e+01	4.624093e+02
1.500000e-06	7.804224e-06	7.801967e-09	5.479439e+01	4.633076e+02
1.510000e-06	7.845277e-06	7.815352e-09	5.508262e+01	4.641399e+02
1.520000e-06	7.883570e-06	7.825734e-09	5.535148e+01	4.649018e+02
1.530000e-06	7.919195e-06	7.834801e-09	5.560161e+01	4.655897e+02
1.540000e-06	7.952011e-06	7.844317e-09	5.583201e+01	4.662030e+02
1.550000e-06	7.982051e-06	7.853491e-09	5.604293e+01	4.667450e+02
1.560000e-06	8.009321e-06	7.859592e-09	5.623439e+01	4.672224e+02
1.570000e-06	8.033674e-06	7.866001e-09	5.640538e+01	4.676425e+02
1.580000e-06	8.055256e-06	7.873925e-09	5.655691e+01	4.680103e+02
1.590000e-06	8.074119e-06	7.880942e-09	5.668935e+01	4.683258e+02
1.600000e-06	8.090053e-06	7.882690e-09	5.680123e+01	4.685836e+02
1.610000e-06	8.102900e-06	7.881674e-09	5.689142e+01	4.687747e+02
1.620000e-06	8.112616e-06	7.883228e-09	5.695964e+01	4.688909e+02
1.630000e-06	8.119322e-06	7.884191e-09	5.700673e+01	4.689288e+02
1.640000e-06	8.123212e-06	7.882580e-09	5.703404e+01	4.688927e+02
1.650000e-06	8.124275e-06	7.880740e-09	5.704150e+01	4.687945e+02
1.660000e-06	8.122625e-06	7.881938e-09	5.702992e+01	4.686501e+02
1.670000e-06	8.118332e-06	7.881004e-09	5.699978e+01	4.684741e+02
1.680000e-06	8.111272e-06	7.877235e-09	5.695020e+01	4.682732e+02
1.690000e-06	8.101493e-06	7.872276e-09	5.688154e+01	4.680436e+02
1.700000e-06	8.088871e-06	7.866183e-09	5.679293e+01	4.677715e+02
1.710000e-06	8.073452e-06	7.858609e-09	5.668467e+01	4.674370e+02
1.720000e-06	8.055623e-06	7.848748e-09	5.655949e+01	4.670218e+02
1.730000e-06	8.035402e-06	7.861537e-09	5.641751e+01	4.665160e+02
1.740000e-06	8.012118e-06	7.865396e-09	5.625403e+01	4.659214e+02
1.750000e-06	7.985071e-06	7.862410e-09	5.606413e+01	4.652517e+02
1.760000e-06	7.954364e-06	7.841110e-09	5.584854e+01	4.645264e+02
1.770000e-06	7.920803e-06	7.800169e-09	5.561290e+01	4.637642e+02
1.780000e-06	7.884958e-06	7.767605e-09	5.536123e+01	4.629748e+02
1.790000e-06	7.846955e-06	7.771821e-09	5.509440e+01	4.621560e+02
1.800000e-06	7.806859e-06	7.753868e-09	5.481288e+01	4.612939e+02
1.810000e-06	7.764330e-06	7.719332e-09	5.451429e+01	4.603692e+02
1.820000e-06	7.719162e-06	7.742873e-09	5.419715e+01	4.593641e+02
1.830000e-06	7.671197e-06	7.714152e-09	5.386039e+01	4.582701e+02
1.840000e-06	7.620028e-06	7.701695e-09	5.350112e+01	4.570900e+02
1.850000e-06	7.565844e-06	7.664848e-09	5.312069e+01	4.558367e+02
1.860000e-06	7.508860e-06	7.613923e-09	5.272060e+01	4.545266e+02
1.870000e-06	7.449244e-06	7.612569e-09	5.230203e+01	4.531721e+02
1.880000e-06	7.387106e-06	7.580925e-09	5.186575e+01	4.517753e+02
1.890000e-06	7.322170e-06	7.581409e-09	5.140983e+01	4.503264e+02
1.900000e-06	7.254513e-06	7.551974e-09	5.093480e+01	4.488071e+02
1.910000e-06	7.184092e-06	7.534571e-09	5.044036e+01	4.471972e+02
1.920000e-06	7.110898e-06	7.496129e-09	4.992646e+01	4.454833e+02
1.930000e-06	7.035017e-06	7.431422e-09	4.939369e+01	4.436634e+02
1.940000e-06	6.956349e-06	7.421315e-09	4.884136e+01	4.417477e+02
1.950000e-06	6.875167e-06	7.382407e-09	4.827137e+01	4.397541e+02
1.960000e-06	6.791586e-06	7.367433e-09	4.768454e+01	4.376997e+02
1.970000e-06	6.705532e-06	7.335245e-09	4.708034e+01	4.355930e+02
1.980000e-06	6.617019e-06	7.300990e-09	4.645888e+01	4.334294e+02
1.990000e-06	6.526138e-06	7.257812e-09	4.582079e+01	4.311913e+02
2.000000e-06	6.433030e-06	7.199509e-09	4.516707e+01	4.288540e+02
2.010000e-06	6.337645e-06	7.163420e-09	4.449736e+01	4.263942e+02
2.020000e-06	6.240006e-06	7.112369e-09	4.381182e+01	4.237976e+02
2.030000e-06	6.140156e-06	7.082921e-09	4.311077e+01	4.210626e+02
2.040000e-06	6.038078e-06	7.034714e-09	4.239406e+01	4.181986e+02
2.050000e-06	5.933723e-06	6.989892e-09	4.166137e+01	4.152198e+02
2.060000e-06	5.827234e-06	6.933743e-09	4.091370e+01	4.121366e+02
2.070000e-06	5.718788e-06	6.874734e-09	4.015229e+01	4.089494e+02
2.080000e-06	5.608268e-06	6.820003e-09	3.937632e+01	4.056468e+02
2.090000e-06	5.495632e-06	6.755648e-09	3.858549e+01	4.022091e+02
2.100000e-06	5.380907e-06	6.701681e-09	3.777999e+01	3.986159e+02
2.110000e-06	5.264103e-06	6.640224e-09	3.695990e+01	3.948544e+02
2.120000e-06	5.145191e-06	6.578304e-09	3.612500e+01	3.909242e+02
2.130000e-06	5.024339e-06	6.503850e-09	3.527648e+01	3.868367e+02
2.140000e-06	4.901761e-06	6.436740e-09	3.441585e+01	3.826086e+02
2.150000e-06	4.777458e-06	6.362549e-09	3.354310e+01	3.782526e+02
2.160000e-06	4.651409e-06	6.285796e-09	3.265810e+01	3.737685e+02
2.170000e-06	4.523620e-06	6.208205e-09	3.176088e+01	3.691383e+02
2.180000e-06	4.394169e-06	6.130758e-09	3.085198e+01	3.643295e+02
2.190000e-06	4.263260e-06	6.051134e-09	2.993285e+01	3.593034e+02
2.200000e-06	4.130938e-06	5.961296e-09	2.900380e+01	3.540265e+02
2.210000e-06	3.997144e-06	5.865917e-09	2.806442e+01	3.484809e+02
2.220000e-06	3.861813e-06	5.764069e-09	2.711425e+01	3.426678e+02
2.230000e-06	3.724956e-06	5.665384e-09	2.615336e+01	3.366043e+02
2.240000e-06	3.586775e-06	5.560425e-09	2.518317e+01	3.303129e+02
2.250000e-06	3.447291e-06	5.453830e-09	2.420384e+01	3.238089e+02
2.260000e-06	3.306529e-06	5.342895e-09	2.321554e+01	3.170893e+02
2.270000e-06	3.164490e-06	5.229521e-09	2.221826e+01	3.101290e+02
2.280000e-06	3.021267e-06	5.104785e-09	2.121268e+01	3.028851e+02
2.290000e-06	2.876938e-06	4.972067e-09	2.019933e+01	2.953069e+02
2.300000e-06	2.731544e-06	4.838190e-09	1.917850e+01	2.873495e+02
2.310000e-06	2.585251e-06	4.696718e-09	1.815135e+01	2.789831e+02
2.320000e-06	2.438039e-06	4.549005e-09	1.711776e+01	2.701961e+02
2.330000e-06	2.289921e-06	4.394342e-09	1.607780e+01	2.609902e+02
2.340000e-06	2.141029e-06	4.237960e-09	1.503242e+01	2.513691e+02
2.350000e-06	1.991476e-06	4.071693e-09	1.398239e+01	2.413255e+02
2.360000e-06	1.841340e-06	3.892194e-09	1.292827e+01	2.308327e+02
2.370000e-06	1.690585e-06	3.702020e-09	1.186980e+01	2.198427e+02
2.380000e-06	1.539100e-06	3.505845e-09	1.080620e+01	2.082917e+02
2.390000e-06	1.386933e-06	3.301784e-09	9.737819e+00	1.961111e+02
2.400000e-06	1.234200e-06	3.087916e-09	8.665463e+00	1.832380e+02
2.410000e-06	1.081008e-06	2.863722e-09	7.589886e+00	1.696215e+02
2.420000e-06	9.275387e-07	2.625255e-09	6.512360e+00	1.552214e+02
2.430000e-06	7.738430e-07	2.370674e-09	5.433244e+00	1.400018e+02
2.440000e-06	6.198783e-07	2.097977e-09	4.352239e+00	1.239220e+02
2.450000e-06	4.656830e-07	1.810582e-09	3.269616e+00	1.069321e+02
2.460000e-06	3.113381e-07	1.507664e-09	2.185942e+00	8.897831e+01
2.470000e-06	1.568593e-07	1.188837e-09	1.101328e+00	7.001860e+01
2.480000e-06	2.335232e-09	8.530571e-10	1.639594e-02	5.004653e+01
2.490000e-06	-1.521242e-07	5.045132e-10	-1.068082e+00	2.911700e+01
2.500000e-06	-3.064697e-07	1.433804e-10	-2.151761e+00	7.364665e+00
2.510000e-06	-4.606780e-07	-2.313388e-10	-3.234475e+00	-1.499202e+01
2.520000e-06	-6.147510e-07	-6.154395e-10	-4.316240e+00	-3.766476e+01
2.530000e-06	-7.685910e-07	-1.000123e-09	-5.396369e+00	-6.032539e+01
2.540000e-06	-9.221417e-07	-1.376610e-09	-6.474467e+00	-8.264515e+01
2.550000e-06	-1.075421e-06	-1.742549e-09	-7.550660e+00	-1.043334e+02
2.560000e-06	-1.228402e-06	-2.096204e-09	-8.624759e+00	-1.251666e+02
2.570000e-06	-1.380894e-06	-2.431213e-09	-9.695422e+00	-1.450007e+02
2.580000e-06	-1.532686e-06	-2.745171e-09	-1.076117e+01	-1.637667e+02
2.590000e-06	-1.683855e-06	-3.043261e-09	-1.182254e+01	-1.814532e+02
2.600000e-06	-1.834388e-06	-3.325365e-09	-1.287946e+01	-1.980826e+02
2.610000e-06	-1.984220e-06	-3.589282e-09	-1.393144e+01	-2.136899e+02
2.620000e-06	-2.133447e-06	-3.833328e-09	-1.497918e+01	-2.283096e+02
2.630000e-06	-2.281991e-06	-4.063601e-09	-1.602213e+01	-2.419725e+02
2.640000e-06	-2.429673e-06	-4.282922e-09	-1.705903e+01	-2.547102e+02
2.650000e-06	-2.576438e-06	-4.486447e-09	-1.808948e+01	-2.665637e+02
2.660000e-06	-2.722310e-06	-4.672539e-09	-1.911366e+01	-2.775883e+02
2.670000e-06	-2.867315e-06	-4.844947e-09	-2.013176e+01	-2.878543e+02
2.680000e-06	-3.011236e-06	-5.006540e-09	-2.114225e+01	-2.974401e+02
2.690000e-06	-3.153873e-06	-5.158822e-09	-2.214372e+01	-3.064216e+02
2.700000e-06	-3.295274e-06	-5.299712e-09	-2.313651e+01	-3.148625e+02
2.710000e-06	-3.435436e-06	-5.432989e-09	-2.412061e+01	-3.228078e+02
2.720000e-06	-3.574365e-06	-5.562364e-09	-2.509604e+01	-3.302848e+02
2.730000e-06	-3.712060e-06	-5.684165e-09	-2.606281e+01	-3.373097e+02
2.740000e-06	-3.848381e-06	-5.796577e-09	-2.701994e+01	-3.438975e+02
2.750000e-06	-3.983182e-06	-5.899458e-09	-2.796639e+01	-3.500710e+02
2.760000e-06	-4.116522e-06	-5.995435e-09	-2.890259e+01	-3.558658e+02
2.770000e-06	-4.248456e-06	-6.085300e-09	-2.982891e+01	-3.613283e+02
2.780000e-06	-4.378911e-06	-6.168643e-09	-3.074486e+01	-3.665097e+02
2.790000e-06	-4.507873e-06	-6.250815e-09	-3.165031e+01	-3.714565e+02
2.800000e-06	-4.635202e-06	-6.334720e-09	-3.254431e+01	-3.762031e+02
2.810000e-06	-4.760797e-06	-6.414576e-09	-3.342612e+01	-3.807678e+02
2.820000e-06	-4.884766e-06	-6.488419e-09	-3.429653e+01	-3.851550e+02
2.830000e-06	-5.007039e-06	-6.559246e-09	-3.515501e+01	-3.893611e+02
2.840000e-06	-5.127464e-06	-6.628388e-09	-3.600054e+01	-3.933825e+02
2.850000e-06	-5.245935e-06	-6.692900e-09	-3.683233e+01	-3.972216e+02
2.860000e-06	-5.362335e-06	-6.752616e-09	-3.764959e+01	-4.008896e+02
2.870000e-06	-5.476494e-06	-6.809112e-09	-3.845111e+01	-4.044051e+02
2.880000e-06	-5.588407e-06	-6.864961e-09	-3.923687e+01	-4.077894e+02
2.890000e-06	-5.698249e-06	-6.921790e-09	-4.000809e+01	-4.110602e+02
2.900000e-06	-5.806103e-06	-6.974879e-09	-4.076534e+01	-4.142280e+02
2.910000e-06	-5.911994e-06	-7.026144e-09	-4.150881e+01	-4.172946e+02
2.920000e-06	-6.015809e-06	-7.078884e-09	-4.223771e+01	-4.202552e+02
2.930000e-06	-6.117431e-06	-7.128577e-09	-4.295121e+01	-4.231023e+02
2.940000e-06	-6.216872e-06	-7.173378e-09	-4.364940e+01	-4.258302e+02
2.950000e-06	-6.314204e-06	-7.213403e-09	-4.433278e+01	-4.284378e+02
2.960000e-06	-6.409331e-06	-7.252792e-09	-4.500067e+01	-4.309288e+02
2.970000e-06	-6.502132e-06	-7.293033e-09	-4.565224e+01	-4.333101e+02
2.980000e-06	-6.592670e-06	-7.331929e-09	-4.628792e+01	-4.355886e+02
2.990000e-06	-6.680949e-06	-7.369236e-09	-4.690774e+01	-4.377696e+02
3.000000e-06	-6.766787e-06	-7.406034e-09	-4.751041e+01	-4.398551e+02
3.010000e-06	-6.850128e-06	-7.442571e-09	-4.809556e+01	-4.418449e+02
3.020000e-06	-6.931079e-06	-7.474364e-09	-4.866393e+01	-4.437385e+02
3.030000e-06	-7.009455e-06	-7.500787e-09	-4.921422e+01	-4.455371e+02
3.040000e-06	-7.085100e-06	-7.526828e-09	-4.974533e+01	-4.472447e+02
3.050000e-06	-7.158140e-06	-7.553468e-09	-5.025816e+01	-4.488674e+02
3.060000e-06	-7.228595e-06	-7.580180e-09	-5.075282e+01	-4.504121e+02
3.070000e-06	-7.296449e-06	-7.605885e-09	-5.122924e+01	-4.518849e+02
3.080000e-06	-7.361775e-06	-7.631002e-09	-5.168790e+01	-4.532893e+02
3.090000e-06	-7.424511e-06	-7.655981e-09	-5.212838e+01	-4.546266e+02
3.100000e-06	-7.484566e-06	-7.677463e-09	-5.255003e+01	-4.558965e+02
3.110000e-06	-7.541962e-06	-7.697058e-09	-5.295301e+01	-4.570989e+02
3.120000e-06	-7.596535e-06	-7.716197e-09	-5.333617e+01	-4.582346e+02
3.130000e-06	-7.648115e-06	-7.737310e-09	-5.369833e+01	-4.593054e+02
3.140000e-06	-7.696621e-06	-7.757417e-09	-5.403889e+01	-4.603135e+02
3.150000e-06	-7.742231e-06	-7.771612e-09	-5.435913e+01	-4.612595e+02
3.160000e-06	-7.785339e-06	-7.782804e-09	-5.466179e+01	-4.621422e+02
3.170000e-06	-7.825924e-06	-7.796062e-09	-5.494674e+01	-4.629578e+02
3.180000e-06	-7.863724e-06	-7.810961e-09	-5.521214e+01	-4.637018e+02
3.190000e-06	-7.898732e-06	-7.824291e-09	-5.545794e+01	-4.643714e+02
3.200000e-06	-7.931021e-06	-7.837452e-09	-5.568464e+01	-4.649669e+02
3.210000e-06	-7.960430e-06	-7.851270e-09	-5.589113e+01	-4.654925e+02
3.220000e-06	-7.986989e-06	-7.861599e-09	-5.607760e+01	-4.659553e+02
3.230000e-06	-8.010821e-06	-7.865933e-09	-5.624493e+01	-4.663625e+02
3.240000e-06	-8.031789e-06	-7.867872e-09	-5.639215e+01	-4.667179e+02
3.250000e-06	-8.049918e-06	-7.872878e-09	-5.651943e+01	-4.670201e+02
3.260000e-06	-8.065163e-06	-7.880441e-09	-5.662647e+01	-4.672625e+02
3.270000e-06	-8.077235e-06	-7.884801e-09	-5.671123e+01	-4.674360e+02
3.280000e-06	-8.086286e-06	-7.887059e-09	-5.677478e+01	-4.675331e+02
3.290000e-06	-8.092486e-06	-7.888604e-09	-5.681831e+01	-4.675522e+02
3.300000e-06	-8.095834e-06	-7.890554e-09	-5.684181e+01	-4.674997e+02
3.310000e-06	-8.096426e-06	-7.888947e-09	-5.684597e+01	-4.673888e+02
