# Configuracion:
# Concentracion g/m^3_=_12000.0
# C_Vs_to_Am_M_A/Vsm_=_59384043850.047264
# pendiente_HvsI_1/m_=_3716.3
# ordenada_HvsI_A/m_=_1297.0
# frecuencia_ref_Hz_=_175578.0147615763
# 
Resultados:
# tau_ns_=_(8.43+/-0.08)e+01
# dphi_rad_=_6.38+/-0.00
# SAR_W/g_=_81.66+/-0.80
# Hc_kA/m_=_2.76+/-0.01
# Mr_A/m_=_108.49+/-0.50
# Magnetizacion_max_=_596.68+/-0.95
# Suceptibilidad_a_M=0_=_(4.108+/-0.009)e-02

Nombre_archivo	Time_m_(s)	Temperatura_(ºC)	Mr_(A/m)	Hc_(kA/m)	Campo_max_(A/m)	Mag_max_(A/m)	f0	mag0	dphi0	SAR_(W/g)	Tau_(ns)	N	xi_M_0
170kHz_060dA_100Mss_bobN1FGZn-0007.txt		20.00	107.72	2.75	23594.80	594.79	1.755926e+05	2.728079e+01	6.375704e+00	81.17	84.109987	4556	4.092e-02
170kHz_060dA_100Mss_bobN1FGZn-0008.txt		20.00	108.23	2.76	23594.80	595.47	1.755541e+05	2.732772e+01	6.375682e+00	81.27	84.088203	4557	4.108e-02
170kHz_060dA_100Mss_bobN1FGZn-0009.txt		20.00	108.19	2.75	23594.80	596.92	1.755541e+05	2.739227e+01	6.375148e+00	81.00	83.599890	4557	4.103e-02
170kHz_060dA_100Mss_bobN1FGZn-0010.txt		20.00	108.52	2.76	23594.80	597.50	1.755926e+05	2.738845e+01	6.375297e+00	81.13	83.736393	4556	4.121e-02
170kHz_060dA_100Mss_bobN1FGZn-0011.txt		20.00	108.40	2.76	23594.80	597.03	1.755541e+05	2.735571e+01	6.374855e+00	80.63	83.331548	4557	4.096e-02
170kHz_060dA_100Mss_bobN1FGZn-0012.txt		20.00	108.58	2.76	23594.80	598.10	1.755926e+05	2.742246e+01	6.374814e+00	80.81	83.295052	4556	4.111e-02
170kHz_060dA_100Mss_bobN1FGZn-0013.txt		20.00	108.71	2.76	23594.80	598.65	1.755926e+05	2.745476e+01	6.376344e+00	82.25	84.694056	4556	4.134e-02
170kHz_060dA_100Mss_bobN1FGZn-0014.txt		20.00	108.89	2.78	23594.80	597.11	1.755926e+05	2.737863e+01	6.376590e+00	82.24	84.918797	4556	4.091e-02
170kHz_060dA_100Mss_bobN1FGZn-0015.txt		20.00	108.68	2.77	23594.80	596.55	1.755541e+05	2.736785e+01	6.376119e+00	81.78	84.487293	4557	4.115e-02
170kHz_060dA_100Mss_bobN1FGZn-0016.txt		20.00	108.94	2.78	23594.80	596.40	1.755541e+05	2.735584e+01	6.376796e+00	82.33	85.106583	4557	4.100e-02
170kHz_060dA_100Mss_bobN1FGZn-0017.txt		20.00	108.76	2.78	23594.80	594.21	1.755926e+05	2.726934e+01	6.376647e+00	81.96	84.970048	4556	4.101e-02
170kHz_060dA_100Mss_bobN1FGZn-0018.txt		20.00	109.67	2.79	23594.80	596.36	1.755541e+05	2.736198e+01	6.377834e+00	83.26	86.055356	4557	4.104e-02
170kHz_060dA_100Mss_bobN1FGZn-0019.txt		20.00	108.67	2.78	23594.80	597.15	1.755926e+05	2.736181e+01	6.376287e+00	81.92	84.641592	4556	4.098e-02
170kHz_060dA_100Mss_bobN1FGZn-0020.txt		20.00	108.77	2.77	23594.80	597.15	1.755541e+05	2.741429e+01	6.376514e+00	82.26	84.848724	4557	4.118e-02
170kHz_060dA_100Mss_bobN1FGZn-0021.txt		20.00	109.09	2.78	23594.80	596.68	1.755541e+05	2.738457e+01	6.375915e+00	81.65	84.300684	4557	4.111e-02
170kHz_060dA_100Mss_bobN1FGZn-0022.txt		20.00	108.01	2.75	23594.80	596.93	1.755541e+05	2.739038e+01	6.374944e+00	80.81	83.414118	4557	4.117e-02
170kHz_060dA_100Mss_bobN1FGZn-0023.txt		20.00	108.64	2.76	23594.80	598.34	1.755541e+05	2.745951e+01	6.376595e+00	82.47	84.922913	4557	4.111e-02
170kHz_060dA_100Mss_bobN1FGZn-0024.txt		20.00	107.72	2.75	23594.80	596.20	1.755541e+05	2.735360e+01	6.375656e+00	81.33	84.063386	4557	4.096e-02
170kHz_060dA_100Mss_bobN1FGZn-0025.txt		20.00	108.43	2.75	23594.80	595.83	1.755926e+05	2.734060e+01	6.375732e+00	81.37	84.135078	4556	4.100e-02
170kHz_060dA_100Mss_bobN1FGZn-0026.txt		20.00	108.73	2.77	23594.80	596.00	1.755541e+05	2.735644e+01	6.376017e+00	81.65	84.395188	4557	4.111e-02
170kHz_060dA_100Mss_bobN1FGZn-0027.txt		20.00	107.13	2.73	23594.80	597.47	1.755541e+05	2.739622e+01	6.373789e+00	79.81	82.356846	4557	4.125e-02
170kHz_060dA_100Mss_bobN1FGZn-0028.txt		20.00	108.86	2.77	23594.80	597.06	1.755926e+05	2.737693e+01	6.376902e+00	82.51	85.202898	4556	4.102e-02
170kHz_060dA_100Mss_bobN1FGZn-0029.txt		20.00	108.62	2.76	23594.80	596.67	1.755541e+05	2.739456e+01	6.376492e+00	82.18	84.829641	4557	4.106e-02
170kHz_060dA_100Mss_bobN1FGZn-0030.txt		20.00	109.15	2.78	23594.80	596.34	1.755926e+05	2.737210e+01	6.377808e+00	83.29	86.032795	4556	4.109e-02
170kHz_060dA_100Mss_bobN1FGZn-0031.txt		20.00	108.51	2.76	23594.80	595.81	1.755926e+05	2.736120e+01	6.376641e+00	82.23	84.964195	4556	4.114e-02
170kHz_060dA_100Mss_bobN1FGZn-0032.txt		20.00	108.54	2.76	23594.80	597.35	1.755541e+05	2.740944e+01	6.376051e+00	81.84	84.423820	4557	4.111e-02
170kHz_060dA_100Mss_bobN1FGZn-0033.txt		20.00	108.54	2.76	23594.80	597.57	1.755541e+05	2.743710e+01	6.375953e+00	81.84	84.335701	4557	4.112e-02
170kHz_060dA_100Mss_bobN1FGZn-0034.txt		20.00	108.70	2.77	23594.80	596.17	1.755541e+05	2.735219e+01	6.376423e+00	82.00	84.765605	4557	4.106e-02
170kHz_060dA_100Mss_bobN1FGZn-0035.txt		20.00	107.92	2.75	23594.80	596.10	1.755541e+05	2.734467e+01	6.375298e+00	80.99	83.736948	4557	4.109e-02
170kHz_060dA_100Mss_bobN1FGZn-0036.txt		20.00	107.62	2.74	23594.80	597.56	1.755541e+05	2.740246e+01	6.373900e+00	79.93	82.459565	4557	4.112e-02
170kHz_060dA_100Mss_bobN1FGZn-0037.txt		20.00	108.37	2.76	23594.80	595.69	1.755541e+05	2.732274e+01	6.375893e+00	81.44	84.281789	4557	4.106e-02
