# Temperatura_=_20.0
# Concentracion g/m^3_=_9000.0
# C_Vs_to_Am_M_A/Vsm_=_59384043850.047264
# pendiente_HvsI_1/m_=_3716.3
# ordenada_HvsI_A/m_=_1297.0
# frecuencia_Hz_=_269519.31755873514

Tiempo_(s)	Campo_(V.s)	Magnetizacion_(V.s)	Campo_(kA/m)	Magnetizacion_(A/m)
0.000000e+00	-3.265361e-06	-6.878060e-09	-2.347750e+01	-4.052068e+02
1.000000e-08	-3.265288e-06	-6.876894e-09	-2.347698e+01	-4.052936e+02
2.000000e-08	-3.264372e-06	-6.870403e-09	-2.347039e+01	-4.053359e+02
3.000000e-08	-3.262373e-06	-6.867439e-09	-2.345602e+01	-4.053005e+02
4.000000e-08	-3.259177e-06	-6.868971e-09	-2.343304e+01	-4.051566e+02
5.000000e-08	-3.255151e-06	-6.873397e-09	-2.340409e+01	-4.048868e+02
6.000000e-08	-3.250474e-06	-6.884177e-09	-2.337047e+01	-4.044939e+02
7.000000e-08	-3.244938e-06	-6.889770e-09	-2.333066e+01	-4.040033e+02
8.000000e-08	-3.238441e-06	-6.855367e-09	-2.328395e+01	-4.034580e+02
9.000000e-08	-3.230919e-06	-6.757460e-09	-2.322987e+01	-4.029081e+02
1.000000e-07	-3.222237e-06	-6.755906e-09	-2.316745e+01	-4.023976e+02
1.100000e-07	-3.212438e-06	-6.920664e-09	-2.309699e+01	-4.019520e+02
1.200000e-07	-3.201759e-06	-6.928961e-09	-2.302021e+01	-4.015699e+02
1.300000e-07	-3.190226e-06	-6.762772e-09	-2.293729e+01	-4.012221e+02
1.400000e-07	-3.177689e-06	-6.634344e-09	-2.284715e+01	-4.008578e+02
1.500000e-07	-3.164240e-06	-6.847977e-09	-2.275046e+01	-4.004168e+02
1.600000e-07	-3.150007e-06	-6.762629e-09	-2.264812e+01	-3.998441e+02
1.700000e-07	-3.134490e-06	-6.513957e-09	-2.253656e+01	-3.991036e+02
1.800000e-07	-3.117674e-06	-6.650003e-09	-2.241565e+01	-3.981859e+02
1.900000e-07	-3.100224e-06	-6.657191e-09	-2.229019e+01	-3.971100e+02
2.000000e-07	-3.082110e-06	-6.674328e-09	-2.215996e+01	-3.959163e+02
2.100000e-07	-3.062980e-06	-6.633547e-09	-2.202241e+01	-3.946553e+02
2.200000e-07	-3.043017e-06	-6.567694e-09	-2.187888e+01	-3.933730e+02
2.300000e-07	-3.022510e-06	-6.463945e-09	-2.173143e+01	-3.920995e+02
2.400000e-07	-3.001203e-06	-6.505442e-09	-2.157824e+01	-3.908412e+02
2.500000e-07	-2.979051e-06	-6.668931e-09	-2.141897e+01	-3.895802e+02
2.600000e-07	-2.956219e-06	-6.489601e-09	-2.125481e+01	-3.882809e+02
2.700000e-07	-2.932632e-06	-6.309035e-09	-2.108522e+01	-3.868998e+02
2.800000e-07	-2.908257e-06	-6.497307e-09	-2.090997e+01	-3.853972e+02
2.900000e-07	-2.882993e-06	-6.526082e-09	-2.072833e+01	-3.837473e+02
3.000000e-07	-2.856565e-06	-6.330502e-09	-2.053831e+01	-3.819430e+02
3.100000e-07	-2.829061e-06	-6.254192e-09	-2.034057e+01	-3.799958e+02
3.200000e-07	-2.800778e-06	-6.318398e-09	-2.013722e+01	-3.779308e+02
3.300000e-07	-2.771715e-06	-6.371941e-09	-1.992825e+01	-3.757787e+02
3.400000e-07	-2.741951e-06	-6.190221e-09	-1.971425e+01	-3.735671e+02
3.500000e-07	-2.711509e-06	-6.098649e-09	-1.949538e+01	-3.713148e+02
3.600000e-07	-2.680244e-06	-6.164208e-09	-1.927059e+01	-3.690285e+02
3.700000e-07	-2.648291e-06	-6.167966e-09	-1.904085e+01	-3.667042e+02
3.800000e-07	-2.615858e-06	-6.039908e-09	-1.880766e+01	-3.643312e+02
3.900000e-07	-2.582814e-06	-6.004599e-09	-1.857008e+01	-3.618968e+02
4.000000e-07	-2.548727e-06	-6.000210e-09	-1.832500e+01	-3.593913e+02
4.100000e-07	-2.513485e-06	-5.945221e-09	-1.807161e+01	-3.568100e+02
4.200000e-07	-2.477498e-06	-5.932380e-09	-1.781288e+01	-3.541528e+02
4.300000e-07	-2.441026e-06	-5.848903e-09	-1.755065e+01	-3.514225e+02
4.400000e-07	-2.403934e-06	-5.791248e-09	-1.728396e+01	-3.486211e+02
4.500000e-07	-2.366105e-06	-5.778927e-09	-1.701197e+01	-3.457471e+02
4.600000e-07	-2.327587e-06	-5.744950e-09	-1.673504e+01	-3.427949e+02
4.700000e-07	-2.288388e-06	-5.641313e-09	-1.645320e+01	-3.397552e+02
4.800000e-07	-2.248606e-06	-5.596635e-09	-1.616717e+01	-3.366182e+02
4.900000e-07	-2.208427e-06	-5.580560e-09	-1.587829e+01	-3.333769e+02
5.000000e-07	-2.167874e-06	-5.527780e-09	-1.558672e+01	-3.300295e+02
5.100000e-07	-2.126765e-06	-5.450158e-09	-1.529115e+01	-3.265810e+02
5.200000e-07	-2.084792e-06	-5.366948e-09	-1.498937e+01	-3.230414e+02
5.300000e-07	-2.041755e-06	-5.340979e-09	-1.467994e+01	-3.194233e+02
5.400000e-07	-1.997960e-06	-5.293771e-09	-1.436506e+01	-3.157371e+02
5.500000e-07	-1.953775e-06	-5.212927e-09	-1.404738e+01	-3.119875e+02
5.600000e-07	-1.909217e-06	-5.132962e-09	-1.372701e+01	-3.081716e+02
5.700000e-07	-1.864176e-06	-5.101563e-09	-1.340318e+01	-3.042780e+02
5.800000e-07	-1.818591e-06	-5.041469e-09	-1.307542e+01	-3.002899e+02
5.900000e-07	-1.772492e-06	-4.948125e-09	-1.274398e+01	-2.961885e+02
6.000000e-07	-1.725884e-06	-4.872192e-09	-1.240887e+01	-2.919572e+02
6.100000e-07	-1.678780e-06	-4.811173e-09	-1.207020e+01	-2.875852e+02
6.200000e-07	-1.631185e-06	-4.748134e-09	-1.172800e+01	-2.830687e+02
6.300000e-07	-1.583185e-06	-4.653457e-09	-1.138289e+01	-2.784109e+02
6.400000e-07	-1.534852e-06	-4.570266e-09	-1.103538e+01	-2.736195e+02
6.500000e-07	-1.486028e-06	-4.495095e-09	-1.068434e+01	-2.687032e+02
6.600000e-07	-1.436496e-06	-4.423008e-09	-1.032821e+01	-2.636690e+02
6.700000e-07	-1.386192e-06	-4.324037e-09	-9.966533e+00	-2.585194e+02
6.800000e-07	-1.335233e-06	-4.227322e-09	-9.600145e+00	-2.532518e+02
6.900000e-07	-1.283731e-06	-4.147172e-09	-9.229851e+00	-2.478593e+02
7.000000e-07	-1.231826e-06	-4.063161e-09	-8.856663e+00	-2.423320e+02
7.100000e-07	-1.179600e-06	-3.964968e-09	-8.481161e+00	-2.366592e+02
7.200000e-07	-1.127062e-06	-3.850984e-09	-8.103421e+00	-2.308307e+02
7.300000e-07	-1.074174e-06	-3.756100e-09	-7.723167e+00	-2.248378e+02
7.400000e-07	-1.020893e-06	-3.660928e-09	-7.340084e+00	-2.186733e+02
7.500000e-07	-9.673072e-07	-3.552976e-09	-6.954807e+00	-2.123307e+02
7.600000e-07	-9.134933e-07	-3.429702e-09	-6.567892e+00	-2.058037e+02
7.700000e-07	-8.594759e-07	-3.321783e-09	-6.179515e+00	-1.990859e+02
7.800000e-07	-8.052835e-07	-3.219166e-09	-5.789879e+00	-1.921713e+02
7.900000e-07	-7.509909e-07	-3.095104e-09	-5.399522e+00	-1.850548e+02
8.000000e-07	-6.965364e-07	-2.959487e-09	-5.008002e+00	-1.777333e+02
8.100000e-07	-6.418216e-07	-2.832719e-09	-4.614610e+00	-1.702055e+02
8.200000e-07	-5.868620e-07	-2.716875e-09	-4.219458e+00	-1.624723e+02
8.300000e-07	-5.317059e-07	-2.579293e-09	-3.822893e+00	-1.545351e+02
8.400000e-07	-4.764326e-07	-2.430598e-09	-3.425486e+00	-1.463940e+02
8.500000e-07	-4.210013e-07	-2.289006e-09	-3.026942e+00	-1.380466e+02
8.600000e-07	-3.653804e-07	-2.157949e-09	-2.627035e+00	-1.294864e+02
8.700000e-07	-3.097185e-07	-2.011631e-09	-2.226834e+00	-1.207033e+02
8.800000e-07	-2.540253e-07	-1.847426e-09	-1.826407e+00	-1.116850e+02
8.900000e-07	-1.983065e-07	-1.690225e-09	-1.425797e+00	-1.024196e+02
9.000000e-07	-1.425719e-07	-1.542197e-09	-1.025073e+00	-9.289850e+01
9.100000e-07	-8.682109e-08	-1.382241e-09	-6.242318e-01	-8.311939e+01
9.200000e-07	-3.105893e-08	-1.199526e-09	-2.233095e-01	-7.308767e+01
9.300000e-07	2.478547e-08	-1.024765e-09	1.782041e-01	-6.281666e+01
9.400000e-07	8.063216e-08	-8.580798e-10	5.797343e-01	-5.232639e+01
9.500000e-07	1.363908e-07	-6.816929e-10	9.806312e-01	-4.164136e+01
9.600000e-07	1.920662e-07	-4.889779e-10	1.380930e+00	-3.078803e+01
9.700000e-07	2.477320e-07	-2.996413e-10	1.781160e+00	-1.979283e+01
9.800000e-07	3.033736e-07	-1.243988e-10	2.181215e+00	-8.681188e+00
9.900000e-07	3.589344e-07	5.775529e-11	2.580690e+00	2.522386e+00
1.000000e-06	4.143955e-07	2.527205e-10	2.979448e+00	1.379336e+01
1.010000e-06	4.697612e-07	4.482303e-10	3.377519e+00	2.510600e+01
1.020000e-06	5.250593e-07	6.314090e-10	3.775105e+00	3.643259e+01
1.030000e-06	5.801958e-07	8.176051e-10	4.171529e+00	4.774348e+01
1.040000e-06	6.351623e-07	1.014135e-09	4.566730e+00	5.900803e+01
1.050000e-06	6.899468e-07	1.207794e-09	4.960623e+00	7.019623e+01
1.060000e-06	7.444865e-07	1.384520e-09	5.352756e+00	8.128040e+01
1.070000e-06	7.988356e-07	1.558109e-09	5.743519e+00	9.223631e+01
1.080000e-06	8.530356e-07	1.744984e-09	6.133210e+00	1.030435e+02
1.090000e-06	9.070487e-07	1.929814e-09	6.521557e+00	1.136842e+02
1.100000e-06	9.607740e-07	2.102169e-09	6.907834e+00	1.241422e+02
1.110000e-06	1.014178e-06	2.268995e-09	7.291804e+00	1.344011e+02
1.120000e-06	1.067270e-06	2.442763e-09	7.673525e+00	1.444432e+02
1.130000e-06	1.120031e-06	2.609522e-09	8.052872e+00	1.542500e+02
1.140000e-06	1.172444e-06	2.760043e-09	8.429712e+00	1.638035e+02
1.150000e-06	1.224522e-06	2.909565e-09	8.804149e+00	1.730885e+02
1.160000e-06	1.276208e-06	3.065162e-09	9.175763e+00	1.820950e+02
1.170000e-06	1.327371e-06	3.213189e-09	9.543617e+00	1.908200e+02
1.180000e-06	1.377902e-06	3.343434e-09	9.906929e+00	1.992680e+02
1.190000e-06	1.427740e-06	3.470769e-09	1.026526e+01	2.074497e+02
1.200000e-06	1.476925e-06	3.610707e-09	1.061889e+01	2.153793e+02
1.210000e-06	1.525554e-06	3.749860e-09	1.096853e+01	2.230714e+02
1.220000e-06	1.573821e-06	3.871188e-09	1.131556e+01	2.305379e+02
1.230000e-06	1.621813e-06	3.984139e-09	1.166062e+01	2.377860e+02
1.240000e-06	1.669394e-06	4.100847e-09	1.200271e+01	2.448182e+02
1.250000e-06	1.716492e-06	4.216306e-09	1.234134e+01	2.516336e+02
1.260000e-06	1.763104e-06	4.320003e-09	1.267648e+01	2.582301e+02
1.270000e-06	1.809183e-06	4.419459e-09	1.300778e+01	2.646069e+02
1.280000e-06	1.854698e-06	4.526656e-09	1.333503e+01	2.707665e+02
1.290000e-06	1.899673e-06	4.633751e-09	1.365839e+01	2.767145e+02
1.300000e-06	1.944220e-06	4.728377e-09	1.397868e+01	2.824593e+02
1.310000e-06	1.988482e-06	4.814558e-09	1.429691e+01	2.880097e+02
1.320000e-06	2.032434e-06	4.904462e-09	1.461292e+01	2.933726e+02
1.330000e-06	2.075859e-06	4.995334e-09	1.492515e+01	2.985521e+02
1.340000e-06	2.118488e-06	5.076669e-09	1.523164e+01	3.035493e+02
1.350000e-06	2.160187e-06	5.152410e-09	1.553145e+01	3.083636e+02
1.360000e-06	2.201086e-06	5.230547e-09	1.582551e+01	3.129952e+02
1.370000e-06	2.241441e-06	5.310969e-09	1.611565e+01	3.174478e+02
1.380000e-06	2.281347e-06	5.381390e-09	1.640257e+01	3.217301e+02
1.390000e-06	2.320698e-06	5.442263e-09	1.668550e+01	3.258557e+02
1.400000e-06	2.359379e-06	5.506850e-09	1.696362e+01	3.298411e+02
1.410000e-06	2.397389e-06	5.575978e-09	1.723690e+01	3.337028e+02
1.420000e-06	2.434741e-06	5.639564e-09	1.750546e+01	3.374531e+02
1.430000e-06	2.471453e-06	5.696646e-09	1.776941e+01	3.410975e+02
1.440000e-06	2.507665e-06	5.756968e-09	1.802977e+01	3.446340e+02
1.450000e-06	2.543376e-06	5.820629e-09	1.828653e+01	3.480539e+02
1.460000e-06	2.578226e-06	5.877222e-09	1.853709e+01	3.513458e+02
1.470000e-06	2.612009e-06	5.924103e-09	1.877999e+01	3.545001e+02
1.480000e-06	2.644859e-06	5.971238e-09	1.901617e+01	3.575124e+02
1.490000e-06	2.676984e-06	6.020622e-09	1.924715e+01	3.603867e+02
1.500000e-06	2.708481e-06	6.067238e-09	1.947361e+01	3.631347e+02
1.510000e-06	2.739279e-06	6.109412e-09	1.969505e+01	3.657733e+02
1.520000e-06	2.769303e-06	6.155156e-09	1.991091e+01	3.683200e+02
1.530000e-06	2.798521e-06	6.204266e-09	2.012099e+01	3.707884e+02
1.540000e-06	2.827062e-06	6.248826e-09	2.032619e+01	3.731844e+02
1.550000e-06	2.855075e-06	6.287825e-09	2.052760e+01	3.755052e+02
1.560000e-06	2.882332e-06	6.324586e-09	2.072358e+01	3.777413e+02
1.570000e-06	2.908464e-06	6.361685e-09	2.091146e+01	3.798799e+02
1.580000e-06	2.933495e-06	6.393624e-09	2.109143e+01	3.819105e+02
1.590000e-06	2.957666e-06	6.420302e-09	2.126522e+01	3.838284e+02
1.600000e-06	2.981016e-06	6.450204e-09	2.143310e+01	3.856377e+02
1.610000e-06	3.003600e-06	6.486256e-09	2.159548e+01	3.873496e+02
1.620000e-06	3.025422e-06	6.519549e-09	2.175237e+01	3.889798e+02
1.630000e-06	3.046411e-06	6.545454e-09	2.190328e+01	3.905429e+02
1.640000e-06	3.066708e-06	6.570855e-09	2.204922e+01	3.920486e+02
1.650000e-06	3.086307e-06	6.597548e-09	2.219013e+01	3.934980e+02
1.660000e-06	3.104996e-06	6.617978e-09	2.232450e+01	3.948840e+02
1.670000e-06	3.122668e-06	6.632253e-09	2.245156e+01	3.961941e+02
1.680000e-06	3.139522e-06	6.648789e-09	2.257274e+01	3.974151e+02
1.690000e-06	3.155538e-06	6.670921e-09	2.268789e+01	3.985386e+02
1.700000e-06	3.170538e-06	6.692927e-09	2.279574e+01	3.995643e+02
1.710000e-06	3.184629e-06	6.708302e-09	2.289705e+01	4.005010e+02
1.720000e-06	3.197880e-06	6.722785e-09	2.299233e+01	4.013639e+02
1.730000e-06	3.210267e-06	6.740263e-09	2.308138e+01	4.021701e+02
1.740000e-06	3.221612e-06	6.754355e-09	2.316295e+01	4.029325e+02
1.750000e-06	3.231690e-06	6.760129e-09	2.323541e+01	4.036554e+02
1.760000e-06	3.240591e-06	6.763244e-09	2.329941e+01	4.043328e+02
1.770000e-06	3.248659e-06	6.771395e-09	2.335742e+01	4.049500e+02
1.780000e-06	3.255982e-06	6.781317e-09	2.341007e+01	4.054892e+02
1.790000e-06	3.262425e-06	6.787091e-09	2.345640e+01	4.059361e+02
1.800000e-06	3.267936e-06	6.791056e-09	2.349602e+01	4.062854e+02
1.810000e-06	3.272605e-06	6.798788e-09	2.352958e+01	4.065448e+02
1.820000e-06	3.276533e-06	6.805994e-09	2.355783e+01	4.067330e+02
1.830000e-06	3.279437e-06	6.805062e-09	2.357871e+01	4.068752e+02
1.840000e-06	3.281070e-06	6.802670e-09	2.359045e+01	4.069949e+02
1.850000e-06	3.281675e-06	6.804738e-09	2.359480e+01	4.071056e+02
1.860000e-06	3.281501e-06	6.807363e-09	2.359355e+01	4.072054e+02
1.870000e-06	3.280551e-06	6.807350e-09	2.358671e+01	4.072762e+02
1.880000e-06	3.278767e-06	6.804395e-09	2.357389e+01	4.072876e+02
1.890000e-06	3.276100e-06	6.801030e-09	2.355472e+01	4.072062e+02
1.900000e-06	3.272655e-06	6.796884e-09	2.352995e+01	4.070062e+02
1.910000e-06	3.268578e-06	6.781728e-09	2.350063e+01	4.066787e+02
1.920000e-06	3.263622e-06	6.756651e-09	2.346500e+01	4.062372e+02
1.930000e-06	3.257454e-06	6.771151e-09	2.342065e+01	4.057159e+02
1.940000e-06	3.250176e-06	6.867471e-09	2.336832e+01	4.051628e+02
1.950000e-06	3.241725e-06	6.828790e-09	2.330756e+01	4.046269e+02
1.960000e-06	3.231961e-06	6.617804e-09	2.323736e+01	4.041450e+02
1.970000e-06	3.221407e-06	6.653181e-09	2.316148e+01	4.037309e+02
1.980000e-06	3.210693e-06	6.781875e-09	2.308445e+01	4.033702e+02
1.990000e-06	3.199303e-06	6.847355e-09	2.300256e+01	4.030225e+02
2.000000e-06	3.186230e-06	6.645993e-09	2.290856e+01	4.026311e+02
2.010000e-06	3.171852e-06	6.726309e-09	2.280519e+01	4.021362e+02
2.020000e-06	3.156997e-06	6.964992e-09	2.269838e+01	4.014901e+02
2.030000e-06	3.141181e-06	6.770547e-09	2.258466e+01	4.006682e+02
2.040000e-06	3.124127e-06	6.764921e-09	2.246205e+01	3.996747e+02
2.050000e-06	3.106536e-06	6.780300e-09	2.233557e+01	3.985394e+02
2.060000e-06	3.088401e-06	6.674179e-09	2.220519e+01	3.973090e+02
2.070000e-06	3.069373e-06	6.648126e-09	2.206838e+01	3.960337e+02
2.080000e-06	3.049636e-06	6.771310e-09	2.192647e+01	3.947536e+02
2.090000e-06	3.029214e-06	6.703780e-09	2.177964e+01	3.934883e+02
2.100000e-06	3.007505e-06	6.485505e-09	2.162355e+01	3.922327e+02
2.110000e-06	2.984488e-06	6.665779e-09	2.145806e+01	3.909599e+02
2.120000e-06	2.960700e-06	6.788423e-09	2.128703e+01	3.896290e+02
2.130000e-06	2.936203e-06	6.446418e-09	2.111090e+01	3.881970e+02
2.140000e-06	2.910999e-06	6.437929e-09	2.092968e+01	3.866295e+02
2.150000e-06	2.884926e-06	6.623693e-09	2.074223e+01	3.849090e+02
2.160000e-06	2.857926e-06	6.553654e-09	2.054810e+01	3.830373e+02
2.170000e-06	2.830322e-06	6.431123e-09	2.034963e+01	3.810330e+02
2.180000e-06	2.802061e-06	6.353662e-09	2.014644e+01	3.789247e+02
2.190000e-06	2.772622e-06	6.446354e-09	1.993477e+01	3.767429e+02
2.200000e-06	2.742085e-06	6.468710e-09	1.971522e+01	3.745115e+02
2.210000e-06	2.710860e-06	6.274515e-09	1.949071e+01	3.722440e+02
2.220000e-06	2.678913e-06	6.209174e-09	1.926102e+01	3.699418e+02
2.230000e-06	2.646235e-06	6.341071e-09	1.902607e+01	3.675973e+02
2.240000e-06	2.612765e-06	6.244949e-09	1.878542e+01	3.651981e+02
2.250000e-06	2.578645e-06	6.123261e-09	1.854011e+01	3.627326e+02
2.260000e-06	2.543985e-06	6.132406e-09	1.829090e+01	3.601931e+02
2.270000e-06	2.508687e-06	6.074043e-09	1.803712e+01	3.575772e+02
2.280000e-06	2.472770e-06	6.044038e-09	1.777888e+01	3.548867e+02
2.290000e-06	2.436186e-06	5.991888e-09	1.751585e+01	3.521242e+02
2.300000e-06	2.398598e-06	5.907518e-09	1.724559e+01	3.492905e+02
2.310000e-06	2.359953e-06	5.886724e-09	1.696774e+01	3.463821e+02
2.320000e-06	2.320667e-06	5.869470e-09	1.668528e+01	3.433915e+02
2.330000e-06	2.280900e-06	5.789778e-09	1.639936e+01	3.403089e+02
2.340000e-06	2.240601e-06	5.717959e-09	1.610962e+01	3.371252e+02
2.350000e-06	2.199647e-06	5.656719e-09	1.581516e+01	3.338356e+02
2.360000e-06	2.158114e-06	5.626802e-09	1.551655e+01	3.304414e+02
2.370000e-06	2.116075e-06	5.577759e-09	1.521429e+01	3.269501e+02
2.380000e-06	2.073429e-06	5.462961e-09	1.490767e+01	3.233736e+02
2.390000e-06	2.030270e-06	5.408870e-09	1.459737e+01	3.197237e+02
2.400000e-06	1.986743e-06	5.378993e-09	1.428441e+01	3.160088e+02
2.410000e-06	1.942896e-06	5.314548e-09	1.396916e+01	3.122302e+02
2.420000e-06	1.898621e-06	5.211609e-09	1.365083e+01	3.083810e+02
2.430000e-06	1.853634e-06	5.142122e-09	1.332738e+01	3.044469e+02
2.440000e-06	1.807918e-06	5.116015e-09	1.299869e+01	3.004097e+02
2.450000e-06	1.761702e-06	5.037332e-09	1.266639e+01	2.962510e+02
2.460000e-06	1.715151e-06	4.931550e-09	1.233170e+01	2.919567e+02
2.470000e-06	1.668202e-06	4.856198e-09	1.199414e+01	2.875189e+02
2.480000e-06	1.620726e-06	4.801208e-09	1.165280e+01	2.829375e+02
2.490000e-06	1.572655e-06	4.727185e-09	1.130717e+01	2.782178e+02
2.500000e-06	1.523943e-06	4.626267e-09	1.095694e+01	2.733686e+02
2.510000e-06	1.474706e-06	4.527369e-09	1.060293e+01	2.683982e+02
2.520000e-06	1.425067e-06	4.466084e-09	1.024604e+01	2.633115e+02
2.530000e-06	1.375075e-06	4.384866e-09	9.886605e+00	2.581090e+02
2.540000e-06	1.324661e-06	4.277359e-09	9.524135e+00	2.527858e+02
2.550000e-06	1.273778e-06	4.176709e-09	9.158291e+00	2.473333e+02
2.560000e-06	1.222519e-06	4.090275e-09	8.789746e+00	2.417412e+02
2.570000e-06	1.170958e-06	4.010258e-09	8.419031e+00	2.359986e+02
2.580000e-06	1.119116e-06	3.893414e-09	8.046290e+00	2.300963e+02
2.590000e-06	1.066953e-06	3.776639e-09	7.671249e+00	2.240261e+02
2.600000e-06	1.014324e-06	3.683844e-09	7.292849e+00	2.177813e+02
2.610000e-06	9.611652e-07	3.591106e-09	6.910647e+00	2.113554e+02
2.620000e-06	9.075350e-07	3.471216e-09	6.525054e+00	2.047422e+02
2.630000e-06	8.535312e-07	3.339242e-09	6.136773e+00	1.979354e+02
2.640000e-06	7.991502e-07	3.230813e-09	5.745781e+00	1.909294e+02
2.650000e-06	7.443599e-07	3.126957e-09	5.351846e+00	1.837197e+02
2.660000e-06	6.892904e-07	2.993779e-09	4.955905e+00	1.763041e+02
2.670000e-06	6.340715e-07	2.846228e-09	4.558888e+00	1.686826e+02
2.680000e-06	5.787320e-07	2.720268e-09	4.161005e+00	1.608562e+02
2.690000e-06	5.232905e-07	2.602085e-09	3.762388e+00	1.528261e+02
2.700000e-06	4.677748e-07	2.460603e-09	3.363237e+00	1.445915e+02
2.710000e-06	4.122072e-07	2.300190e-09	2.963713e+00	1.361481e+02
2.720000e-06	3.566067e-07	2.159817e-09	2.563954e+00	1.274877e+02
2.730000e-06	3.009845e-07	2.028640e-09	2.164038e+00	1.185989e+02
2.740000e-06	2.453287e-07	1.872091e-09	1.763880e+00	1.094692e+02
2.750000e-06	1.896651e-07	1.698825e-09	1.363666e+00	1.000878e+02
2.760000e-06	1.340091e-07	1.536842e-09	9.635072e-01	9.044883e+01
2.770000e-06	7.828003e-08	1.387000e-09	5.628227e-01	8.055328e+01
2.780000e-06	2.251484e-08	1.212659e-09	1.618787e-01	7.041028e+01
2.790000e-06	-3.321136e-08	1.020272e-09	-2.387852e-01	6.003647e+01
2.800000e-06	-8.895148e-08	8.404095e-10	-6.395490e-01	4.945423e+01
2.810000e-06	-1.447236e-07	6.742442e-10	-1.040543e+00	3.868924e+01
2.820000e-06	-2.004478e-07	4.946798e-10	-1.441192e+00	2.776816e+01
2.830000e-06	-2.561103e-07	2.966135e-10	-1.841398e+00	1.671701e+01
2.840000e-06	-3.117403e-07	1.086101e-10	-2.241370e+00	5.560714e+00
2.850000e-06	-3.673346e-07	-6.751381e-11	-2.641086e+00	-5.676338e+00
2.860000e-06	-4.228982e-07	-2.556256e-10	-3.040581e+00	-1.696921e+01
2.870000e-06	-4.784528e-07	-4.626942e-10	-3.440011e+00	-2.829131e+01
2.880000e-06	-5.339588e-07	-6.592566e-10	-3.839091e+00	-3.961398e+01
2.890000e-06	-5.893304e-07	-8.380667e-10	-4.237205e+00	-5.090693e+01
2.900000e-06	-6.445436e-07	-1.022655e-09	-4.634181e+00	-6.213961e+01
2.910000e-06	-6.995996e-07	-1.220194e-09	-5.030026e+00	-7.328286e+01
2.920000e-06	-7.544412e-07	-1.409255e-09	-5.424330e+00	-8.431052e+01
2.930000e-06	-8.089847e-07	-1.581248e-09	-5.816490e+00	-9.520009e+01
2.940000e-06	-8.631733e-07	-1.757808e-09	-6.206099e+00	-1.059325e+02
2.950000e-06	-9.168579e-07	-1.945466e-09	-6.592084e+00	-1.164910e+02
2.960000e-06	-9.700215e-07	-2.126981e-09	-6.974322e+00	-1.268594e+02
2.970000e-06	-1.022778e-06	-2.292268e-09	-7.353638e+00	-1.370206e+02
2.980000e-06	-1.075125e-06	-2.459298e-09	-7.730001e+00	-1.469567e+02
2.990000e-06	-1.127096e-06	-2.633958e-09	-8.103666e+00	-1.566490e+02
3.000000e-06	-1.178773e-06	-2.799637e-09	-8.475216e+00	-1.660806e+02
3.010000e-06	-1.230158e-06	-2.947479e-09	-8.844667e+00	-1.752383e+02
3.020000e-06	-1.281152e-06	-3.092360e-09	-9.211309e+00	-1.841151e+02
3.030000e-06	-1.331679e-06	-3.245059e-09	-9.574592e+00	-1.927117e+02
3.040000e-06	-1.381810e-06	-3.390974e-09	-9.935024e+00	-2.010356e+02
3.050000e-06	-1.431578e-06	-3.523910e-09	-1.029285e+01	-2.090994e+02
3.060000e-06	-1.480876e-06	-3.656322e-09	-1.064730e+01	-2.169179e+02
3.070000e-06	-1.529581e-06	-3.796135e-09	-1.099748e+01	-2.245049e+02
3.080000e-06	-1.577610e-06	-3.928887e-09	-1.134280e+01	-2.318701e+02
3.090000e-06	-1.624946e-06	-4.046769e-09	-1.168314e+01	-2.390187e+02
3.100000e-06	-1.671715e-06	-4.160901e-09	-1.201941e+01	-2.459513e+02
3.110000e-06	-1.718045e-06	-4.281257e-09	-1.235251e+01	-2.526661e+02
3.120000e-06	-1.763996e-06	-4.396970e-09	-1.268289e+01	-2.591614e+02
3.130000e-06	-1.809606e-06	-4.498089e-09	-1.301082e+01	-2.654376e+02
3.140000e-06	-1.854693e-06	-4.597641e-09	-1.333499e+01	-2.714988e+02
3.150000e-06	-1.899169e-06	-4.704359e-09	-1.365476e+01	-2.773521e+02
3.160000e-06	-1.943180e-06	-4.808881e-09	-1.397120e+01	-2.830062e+02
3.170000e-06	-1.986868e-06	-4.899046e-09	-1.428531e+01	-2.884694e+02
3.180000e-06	-2.030167e-06	-4.983948e-09	-1.459662e+01	-2.937475e+02
3.190000e-06	-2.072948e-06	-5.074110e-09	-1.490421e+01	-2.988430e+02
3.200000e-06	-2.115230e-06	-5.161968e-09	-1.520822e+01	-3.037559e+02
3.210000e-06	-2.156978e-06	-5.238629e-09	-1.550838e+01	-3.084858e+02
3.220000e-06	-2.198084e-06	-5.312142e-09	-1.580392e+01	-3.130341e+02
3.230000e-06	-2.238604e-06	-5.392023e-09	-1.609526e+01	-3.174068e+02
3.240000e-06	-2.278642e-06	-5.469043e-09	-1.638313e+01	-3.216148e+02
3.250000e-06	-2.318185e-06	-5.536345e-09	-1.666743e+01	-3.256735e+02
3.260000e-06	-2.357156e-06	-5.599497e-09	-1.694763e+01	-3.295999e+02
3.270000e-06	-2.395321e-06	-5.666972e-09	-1.722203e+01	-3.334088e+02
3.280000e-06	-2.432563e-06	-5.734194e-09	-1.748980e+01	-3.371099e+02
3.290000e-06	-2.468923e-06	-5.791468e-09	-1.775122e+01	-3.407050e+02
3.300000e-06	-2.504603e-06	-5.844827e-09	-1.800775e+01	-3.441888e+02
3.310000e-06	-2.539777e-06	-5.904105e-09	-1.826065e+01	-3.475510e+02
3.320000e-06	-2.574177e-06	-5.962664e-09	-1.850798e+01	-3.507803e+02
3.330000e-06	-2.607774e-06	-6.013130e-09	-1.874954e+01	-3.538691e+02
3.340000e-06	-2.640728e-06	-6.058202e-09	-1.898648e+01	-3.568167e+02
3.350000e-06	-2.673019e-06	-6.106456e-09	-1.921865e+01	-3.596307e+02
3.360000e-06	-2.704672e-06	-6.155676e-09	-1.944623e+01	-3.623258e+02
3.370000e-06	-2.735572e-06	-6.196197e-09	-1.966839e+01	-3.649198e+02
3.380000e-06	-2.765405e-06	-6.232691e-09	-1.988288e+01	-3.674288e+02
3.390000e-06	-2.794131e-06	-6.273797e-09	-2.008942e+01	-3.698633e+02
3.400000e-06	-2.822025e-06	-6.317877e-09	-2.028998e+01	-3.722251e+02
3.410000e-06	-2.849230e-06	-6.354760e-09	-2.048558e+01	-3.745081e+02
3.420000e-06	-2.875664e-06	-6.387336e-09	-2.067564e+01	-3.767006e+02
3.430000e-06	-2.901264e-06	-6.423314e-09	-2.085969e+01	-3.787902e+02
3.440000e-06	-2.926030e-06	-6.458624e-09	-2.103776e+01	-3.807687e+02
3.450000e-06	-2.950098e-06	-6.486587e-09	-2.121080e+01	-3.826354e+02
3.460000e-06	-2.973551e-06	-6.509965e-09	-2.137943e+01	-3.843978e+02
3.470000e-06	-2.996180e-06	-6.536983e-09	-2.154212e+01	-3.860697e+02
3.480000e-06	-3.017685e-06	-6.567483e-09	-2.169675e+01	-3.876670e+02
3.490000e-06	-3.038104e-06	-6.592879e-09	-2.184355e+01	-3.892026e+02
3.500000e-06	-3.057751e-06	-6.616839e-09	-2.198481e+01	-3.906824e+02
3.510000e-06	-3.076666e-06	-6.643330e-09	-2.212081e+01	-3.921035e+02
3.520000e-06	-3.094786e-06	-6.667988e-09	-2.225109e+01	-3.934559e+02
3.530000e-06	-3.112136e-06	-6.685576e-09	-2.237583e+01	-3.947262e+02
3.540000e-06	-3.128691e-06	-6.699803e-09	-2.249486e+01	-3.959026e+02
3.550000e-06	-3.144499e-06	-6.717316e-09	-2.260852e+01	-3.969803e+02
3.560000e-06	-3.159482e-06	-6.734985e-09	-2.271625e+01	-3.979631e+02
3.570000e-06	-3.173298e-06	-6.750151e-09	-2.281558e+01	-3.988633e+02
3.580000e-06	-3.185861e-06	-6.763940e-09	-2.290591e+01	-3.996977e+02
3.590000e-06	-3.197366e-06	-6.780966e-09	-2.298863e+01	-4.004821e+02
3.600000e-06	-3.207952e-06	-6.798154e-09	-2.306474e+01	-4.012261e+02
3.610000e-06	-3.217664e-06	-6.810634e-09	-2.313457e+01	-4.019290e+02
3.620000e-06	-3.226529e-06	-6.819662e-09	-2.319830e+01	-4.025804e+02
3.630000e-06	-3.234579e-06	-6.829452e-09	-2.325618e+01	-4.031635e+02
3.640000e-06	-3.241810e-06	-6.838032e-09	-2.330817e+01	-4.036613e+02
3.650000e-06	-3.248032e-06	-6.842819e-09	-2.335291e+01	-4.040628e+02
3.660000e-06	-3.253037e-06	-6.847507e-09	-2.338889e+01	-4.043687e+02
3.670000e-06	-3.257045e-06	-6.855022e-09	-2.341771e+01	-4.045921e+02
3.680000e-06	-3.260338e-06	-6.864420e-09	-2.344139e+01	-4.047555e+02
3.690000e-06	-3.262770e-06	-6.871501e-09	-2.345887e+01	-4.048844e+02
3.700000e-06	-3.264313e-06	-6.874510e-09	-2.346996e+01	-4.049986e+02
3.710000e-06	-3.265047e-06	-6.876143e-09	-2.347524e+01	-4.051051e+02
