# Temperatura_=_20.0
# Concentracion g/m^3_=_9000.0
# C_Vs_to_Am_M_A/Vsm_=_59384043850.047264
# pendiente_HvsI_1/m_=_3716.3
# ordenada_HvsI_A/m_=_1297.0
# frecuencia_Hz_=_269518.25058211264

Tiempo_(s)	Campo_(V.s)	Magnetizacion_(V.s)	Campo_(kA/m)	Magnetizacion_(A/m)
0.000000e+00	-3.271914e-06	-6.893626e-09	-2.347482e+01	-4.048348e+02
1.000000e-08	-3.271461e-06	-6.891855e-09	-2.347157e+01	-4.049589e+02
2.000000e-08	-3.270207e-06	-6.890691e-09	-2.346258e+01	-4.050177e+02
3.000000e-08	-3.267793e-06	-6.891400e-09	-2.344526e+01	-4.049725e+02
4.000000e-08	-3.264242e-06	-6.893908e-09	-2.341978e+01	-4.047936e+02
5.000000e-08	-3.259893e-06	-6.900792e-09	-2.338858e+01	-4.044714e+02
6.000000e-08	-3.254828e-06	-6.912536e-09	-2.335224e+01	-4.040231e+02
7.000000e-08	-3.248846e-06	-6.904055e-09	-2.330932e+01	-4.034912e+02
8.000000e-08	-3.241829e-06	-6.834173e-09	-2.325898e+01	-4.029357e+02
9.000000e-08	-3.233743e-06	-6.761859e-09	-2.320096e+01	-4.024195e+02
1.000000e-07	-3.224545e-06	-6.852435e-09	-2.313497e+01	-4.019923e+02
1.100000e-07	-3.214334e-06	-6.968598e-09	-2.306171e+01	-4.016765e+02
1.200000e-07	-3.203351e-06	-6.917884e-09	-2.298291e+01	-4.014588e+02
1.300000e-07	-3.191488e-06	-6.726766e-09	-2.289780e+01	-4.012915e+02
1.400000e-07	-3.178543e-06	-6.739014e-09	-2.280492e+01	-4.011019e+02
1.500000e-07	-3.164733e-06	-6.827020e-09	-2.270584e+01	-4.008088e+02
1.600000e-07	-3.149954e-06	-6.655995e-09	-2.259980e+01	-4.003413e+02
1.700000e-07	-3.133779e-06	-6.616217e-09	-2.248375e+01	-3.996551e+02
1.800000e-07	-3.116511e-06	-6.633187e-09	-2.235986e+01	-3.987422e+02
1.900000e-07	-3.098708e-06	-6.673939e-09	-2.223214e+01	-3.976320e+02
2.000000e-07	-3.080109e-06	-6.713328e-09	-2.209869e+01	-3.963820e+02
2.100000e-07	-3.060439e-06	-6.622703e-09	-2.195757e+01	-3.950631e+02
2.200000e-07	-3.040138e-06	-6.516643e-09	-2.181192e+01	-3.937416e+02
2.300000e-07	-3.019286e-06	-6.479841e-09	-2.166231e+01	-3.924629e+02
2.400000e-07	-2.997534e-06	-6.632030e-09	-2.150625e+01	-3.912417e+02
2.500000e-07	-2.975030e-06	-6.620383e-09	-2.134479e+01	-3.900608e+02
2.600000e-07	-2.951817e-06	-6.373566e-09	-2.117824e+01	-3.888767e+02
2.700000e-07	-2.927777e-06	-6.406634e-09	-2.100576e+01	-3.876323e+02
2.800000e-07	-2.902957e-06	-6.567816e-09	-2.082769e+01	-3.862714e+02
2.900000e-07	-2.877150e-06	-6.450525e-09	-2.064254e+01	-3.847513e+02
3.000000e-07	-2.850162e-06	-6.279772e-09	-2.044891e+01	-3.830513e+02
3.100000e-07	-2.822216e-06	-6.288782e-09	-2.024840e+01	-3.811740e+02
3.200000e-07	-2.793559e-06	-6.400636e-09	-2.004280e+01	-3.791415e+02
3.300000e-07	-2.764196e-06	-6.313521e-09	-1.983213e+01	-3.769866e+02
3.400000e-07	-2.734156e-06	-6.139536e-09	-1.961660e+01	-3.747436e+02
3.500000e-07	-2.703395e-06	-6.145947e-09	-1.939591e+01	-3.724394e+02
3.600000e-07	-2.671767e-06	-6.205682e-09	-1.916898e+01	-3.700896e+02
3.700000e-07	-2.639502e-06	-6.127426e-09	-1.893749e+01	-3.676972e+02
3.800000e-07	-2.606766e-06	-6.012976e-09	-1.870263e+01	-3.652562e+02
3.900000e-07	-2.573236e-06	-6.024018e-09	-1.846206e+01	-3.627561e+02
4.000000e-07	-2.538584e-06	-6.021996e-09	-1.821344e+01	-3.601870e+02
4.100000e-07	-2.502898e-06	-5.968610e-09	-1.795740e+01	-3.575430e+02
4.200000e-07	-2.466614e-06	-5.873086e-09	-1.769708e+01	-3.548230e+02
4.300000e-07	-2.429838e-06	-5.821873e-09	-1.743323e+01	-3.520289e+02
4.400000e-07	-2.392350e-06	-5.822335e-09	-1.716426e+01	-3.491637e+02
4.500000e-07	-2.354142e-06	-5.781393e-09	-1.689013e+01	-3.462279e+02
4.600000e-07	-2.315273e-06	-5.686706e-09	-1.661126e+01	-3.432182e+02
4.700000e-07	-2.275723e-06	-5.632267e-09	-1.632751e+01	-3.401276e+02
4.800000e-07	-2.235678e-06	-5.634735e-09	-1.604020e+01	-3.369474e+02
4.900000e-07	-2.195291e-06	-5.570244e-09	-1.575044e+01	-3.336697e+02
5.000000e-07	-2.154441e-06	-5.478589e-09	-1.545735e+01	-3.302900e+02
5.100000e-07	-2.112847e-06	-5.416927e-09	-1.515893e+01	-3.268090e+02
5.200000e-07	-2.070278e-06	-5.397057e-09	-1.485351e+01	-3.232315e+02
5.300000e-07	-2.026785e-06	-5.341090e-09	-1.454147e+01	-3.195654e+02
5.400000e-07	-1.982688e-06	-5.245985e-09	-1.422508e+01	-3.158181e+02
5.500000e-07	-1.938236e-06	-5.178873e-09	-1.390616e+01	-3.119939e+02
5.600000e-07	-1.893363e-06	-5.146438e-09	-1.358421e+01	-3.080921e+02
5.700000e-07	-1.847964e-06	-5.088228e-09	-1.325848e+01	-3.041066e+02
5.800000e-07	-1.802030e-06	-4.980671e-09	-1.292893e+01	-3.000274e+02
5.900000e-07	-1.755593e-06	-4.912123e-09	-1.259576e+01	-2.958429e+02
6.000000e-07	-1.708601e-06	-4.872381e-09	-1.225860e+01	-2.915424e+02
6.100000e-07	-1.661093e-06	-4.802951e-09	-1.191775e+01	-2.871185e+02
6.200000e-07	-1.613198e-06	-4.692124e-09	-1.157413e+01	-2.825673e+02
6.300000e-07	-1.564951e-06	-4.613579e-09	-1.122797e+01	-2.778882e+02
6.400000e-07	-1.516276e-06	-4.565883e-09	-1.087874e+01	-2.730819e+02
6.500000e-07	-1.467045e-06	-4.486469e-09	-1.052553e+01	-2.681485e+02
6.600000e-07	-1.417220e-06	-4.376233e-09	-1.016805e+01	-2.630865e+02
6.700000e-07	-1.366706e-06	-4.283037e-09	-9.805630e+00	-2.578915e+02
6.800000e-07	-1.315523e-06	-4.222612e-09	-9.438412e+00	-2.525574e+02
6.900000e-07	-1.263743e-06	-4.131109e-09	-9.066910e+00	-2.470779e+02
7.000000e-07	-1.211561e-06	-4.012206e-09	-8.692522e+00	-2.414477e+02
7.100000e-07	-1.159126e-06	-3.910233e-09	-8.316316e+00	-2.356637e+02
7.200000e-07	-1.106342e-06	-3.835683e-09	-7.937609e+00	-2.297252e+02
7.300000e-07	-1.053215e-06	-3.738789e-09	-7.556444e+00	-2.236324e+02
7.400000e-07	-9.997118e-07	-3.611820e-09	-7.172579e+00	-2.173847e+02
7.500000e-07	-9.458649e-07	-3.499603e-09	-6.786246e+00	-2.109790e+02
7.600000e-07	-8.917906e-07	-3.408661e-09	-6.398282e+00	-2.044081e+02
7.700000e-07	-8.375332e-07	-3.303387e-09	-6.009005e+00	-1.976610e+02
7.800000e-07	-7.831674e-07	-3.165945e-09	-5.618949e+00	-1.907239e+02
7.900000e-07	-7.286997e-07	-3.042552e-09	-5.228163e+00	-1.835827e+02
8.000000e-07	-6.739903e-07	-2.938142e-09	-4.835642e+00	-1.762253e+02
8.100000e-07	-6.190148e-07	-2.818864e-09	-4.441213e+00	-1.686436e+02
8.200000e-07	-5.638767e-07	-2.669434e-09	-4.045616e+00	-1.608342e+02
8.300000e-07	-5.085774e-07	-2.524462e-09	-3.648863e+00	-1.527974e+02
8.400000e-07	-4.530916e-07	-2.400640e-09	-3.250772e+00	-1.445355e+02
8.500000e-07	-3.974776e-07	-2.264907e-09	-2.851761e+00	-1.360500e+02
8.600000e-07	-3.417640e-07	-2.106103e-09	-2.452036e+00	-1.273402e+02
8.700000e-07	-2.860014e-07	-1.947811e-09	-2.051959e+00	-1.184015e+02
8.800000e-07	-2.302011e-07	-1.806388e-09	-1.651612e+00	-1.092271e+02
8.900000e-07	-1.743656e-07	-1.654364e-09	-1.251011e+00	-9.980942e+01
9.000000e-07	-1.184768e-07	-1.482261e-09	-8.500289e-01	-9.014311e+01
9.100000e-07	-6.256492e-08	-1.306849e-09	-4.488812e-01	-8.022812e+01
9.200000e-07	-6.684584e-09	-1.145602e-09	-4.795952e-02	-7.007133e+01
9.300000e-07	4.920196e-08	-9.809808e-10	3.530067e-01	-5.968698e+01
9.400000e-07	1.051115e-07	-7.954602e-10	7.541381e-01	-4.909544e+01
9.500000e-07	1.610149e-07	-6.077077e-10	1.155225e+00	-3.832103e+01
9.600000e-07	2.168377e-07	-4.303797e-10	1.555733e+00	-2.738943e+01
9.700000e-07	2.726258e-07	-2.526960e-10	1.955994e+00	-1.632574e+01
9.800000e-07	3.283831e-07	-5.763065e-11	2.356033e+00	-5.153703e+00
9.900000e-07	3.840301e-07	1.367860e-10	2.755280e+00	6.103802e+00
1.000000e-06	4.395955e-07	3.202655e-10	3.153942e+00	1.742329e+01
1.010000e-06	4.950241e-07	5.049405e-10	3.551623e+00	2.877892e+01
1.020000e-06	5.502596e-07	6.997040e-10	3.947918e+00	4.014133e+01
1.030000e-06	6.053476e-07	8.938565e-10	4.343155e+00	5.147762e+01
1.040000e-06	6.602997e-07	1.075852e-09	4.737417e+00	6.275266e+01
1.050000e-06	7.151415e-07	1.258076e-09	5.130888e+00	7.393152e+01
1.060000e-06	7.697947e-07	1.447056e-09	5.523005e+00	8.498220e+01
1.070000e-06	8.241973e-07	1.634913e-09	5.913324e+00	9.587783e+01
1.080000e-06	8.784139e-07	1.811194e-09	6.302309e+00	1.065977e+02
1.090000e-06	9.324453e-07	1.982915e-09	6.689965e+00	1.171270e+02
1.100000e-06	9.861775e-07	2.158036e-09	7.075475e+00	1.274544e+02
1.110000e-06	1.039560e-06	2.330384e-09	7.458475e+00	1.375706e+02
1.120000e-06	1.092547e-06	2.493126e-09	7.838642e+00	1.474653e+02
1.130000e-06	1.145195e-06	2.651473e-09	8.216372e+00	1.571265e+02
1.140000e-06	1.197573e-06	2.811655e-09	8.592165e+00	1.665410e+02
1.150000e-06	1.249584e-06	2.967422e-09	8.965323e+00	1.756959e+02
1.160000e-06	1.301176e-06	3.110917e-09	9.335475e+00	1.845811e+02
1.170000e-06	1.352246e-06	3.244999e-09	9.701889e+00	1.931922e+02
1.180000e-06	1.402709e-06	3.381741e-09	1.006394e+01	2.015313e+02
1.190000e-06	1.452434e-06	3.521382e-09	1.042070e+01	2.096075e+02
1.200000e-06	1.501474e-06	3.655002e-09	1.077255e+01	2.174345e+02
1.210000e-06	1.550060e-06	3.778379e-09	1.112113e+01	2.250280e+02
1.220000e-06	1.598318e-06	3.898597e-09	1.146737e+01	2.324020e+02
1.230000e-06	1.646293e-06	4.019804e-09	1.181157e+01	2.395663e+02
1.240000e-06	1.693849e-06	4.134430e-09	1.215277e+01	2.465253e+02
1.250000e-06	1.740835e-06	4.240904e-09	1.248988e+01	2.532781e+02
1.260000e-06	1.787275e-06	4.344645e-09	1.282307e+01	2.598206e+02
1.270000e-06	1.833238e-06	4.451718e-09	1.315284e+01	2.661483e+02
1.280000e-06	1.878651e-06	4.554823e-09	1.347865e+01	2.722587e+02
1.290000e-06	1.923551e-06	4.651136e-09	1.380079e+01	2.781529e+02
1.300000e-06	1.968048e-06	4.746776e-09	1.412005e+01	2.838362e+02
1.310000e-06	2.012249e-06	4.840040e-09	1.443717e+01	2.893167e+02
1.320000e-06	2.056111e-06	4.926629e-09	1.475187e+01	2.946036e+02
1.330000e-06	2.099338e-06	5.006447e-09	1.506201e+01	2.997055e+02
1.340000e-06	2.141699e-06	5.086075e-09	1.536594e+01	3.046291e+02
1.350000e-06	2.183128e-06	5.166157e-09	1.566317e+01	3.093790e+02
1.360000e-06	2.223775e-06	5.242229e-09	1.595480e+01	3.139589e+02
1.370000e-06	2.263957e-06	5.314880e-09	1.624309e+01	3.183726e+02
1.380000e-06	2.303701e-06	5.386313e-09	1.652824e+01	3.226259e+02
1.390000e-06	2.342852e-06	5.454578e-09	1.680914e+01	3.267269e+02
1.400000e-06	2.381367e-06	5.519205e-09	1.708546e+01	3.306857e+02
1.410000e-06	2.419197e-06	5.581294e-09	1.735688e+01	3.345129e+02
1.420000e-06	2.456321e-06	5.642951e-09	1.762324e+01	3.382174e+02
1.430000e-06	2.492879e-06	5.702937e-09	1.788553e+01	3.418051e+02
1.440000e-06	2.528990e-06	5.760965e-09	1.814461e+01	3.452773e+02
1.450000e-06	2.564462e-06	5.817938e-09	1.839911e+01	3.486321e+02
1.460000e-06	2.598960e-06	5.871581e-09	1.864662e+01	3.518654e+02
1.470000e-06	2.632391e-06	5.922429e-09	1.888648e+01	3.549739e+02
1.480000e-06	2.664974e-06	5.970257e-09	1.912025e+01	3.579571e+02
1.490000e-06	2.696858e-06	6.015276e-09	1.934901e+01	3.608189e+02
1.500000e-06	2.728055e-06	6.060558e-09	1.957283e+01	3.635671e+02
1.510000e-06	2.758574e-06	6.107845e-09	1.979179e+01	3.662118e+02
1.520000e-06	2.788305e-06	6.153407e-09	2.000510e+01	3.687629e+02
1.530000e-06	2.817224e-06	6.195488e-09	2.021259e+01	3.712270e+02
1.540000e-06	2.845554e-06	6.236212e-09	2.041584e+01	3.736058e+02
1.550000e-06	2.873331e-06	6.276281e-09	2.061513e+01	3.758963e+02
1.560000e-06	2.900127e-06	6.313485e-09	2.080739e+01	3.780920e+02
1.570000e-06	2.925631e-06	6.346210e-09	2.099037e+01	3.801860e+02
1.580000e-06	2.950197e-06	6.377054e-09	2.116662e+01	3.821744e+02
1.590000e-06	2.974086e-06	6.407787e-09	2.133802e+01	3.840583e+02
1.600000e-06	2.997113e-06	6.440229e-09	2.150323e+01	3.858443e+02
1.610000e-06	3.019315e-06	6.471303e-09	2.166252e+01	3.875433e+02
1.620000e-06	3.040794e-06	6.499385e-09	2.181662e+01	3.891672e+02
1.630000e-06	3.061566e-06	6.527720e-09	2.196566e+01	3.907250e+02
1.640000e-06	3.081694e-06	6.554821e-09	2.211007e+01	3.922202e+02
1.650000e-06	3.101071e-06	6.577970e-09	2.224909e+01	3.936499e+02
1.660000e-06	3.119467e-06	6.596891e-09	2.238107e+01	3.950051e+02
1.670000e-06	3.136839e-06	6.614924e-09	2.250571e+01	3.962754e+02
1.680000e-06	3.153368e-06	6.634049e-09	2.262430e+01	3.974518e+02
1.690000e-06	3.169012e-06	6.652630e-09	2.273654e+01	3.985318e+02
1.700000e-06	3.183662e-06	6.669266e-09	2.284165e+01	3.995201e+02
1.710000e-06	3.197392e-06	6.685217e-09	2.294016e+01	4.004286e+02
1.720000e-06	3.210265e-06	6.702731e-09	2.303251e+01	4.012725e+02
1.730000e-06	3.222249e-06	6.717668e-09	2.311850e+01	4.020654e+02
1.740000e-06	3.233081e-06	6.725265e-09	2.319621e+01	4.028148e+02
1.750000e-06	3.242536e-06	6.730845e-09	2.326405e+01	4.035194e+02
1.760000e-06	3.250999e-06	6.737286e-09	2.332477e+01	4.041688e+02
1.770000e-06	3.258763e-06	6.743913e-09	2.338047e+01	4.047478e+02
1.780000e-06	3.265645e-06	6.751151e-09	2.342985e+01	4.052417e+02
1.790000e-06	3.271613e-06	6.760195e-09	2.347266e+01	4.056428e+02
1.800000e-06	3.276715e-06	6.770468e-09	2.350927e+01	4.059548e+02
1.810000e-06	3.281061e-06	6.775699e-09	2.354045e+01	4.061934e+02
1.820000e-06	3.284656e-06	6.773323e-09	2.356625e+01	4.063827e+02
1.830000e-06	3.287161e-06	6.770423e-09	2.358421e+01	4.065485e+02
1.840000e-06	3.288375e-06	6.771907e-09	2.359292e+01	4.067090e+02
1.850000e-06	3.288636e-06	6.774365e-09	2.359480e+01	4.068682e+02
1.860000e-06	3.288113e-06	6.775105e-09	2.359105e+01	4.070116e+02
1.870000e-06	3.286741e-06	6.777007e-09	2.358120e+01	4.071088e+02
1.880000e-06	3.284571e-06	6.778648e-09	2.356564e+01	4.071210e+02
1.890000e-06	3.281613e-06	6.775149e-09	2.354441e+01	4.070124e+02
1.900000e-06	3.277957e-06	6.764929e-09	2.351818e+01	4.067622e+02
1.910000e-06	3.273512e-06	6.740036e-09	2.348629e+01	4.063739e+02
1.920000e-06	3.268049e-06	6.725068e-09	2.344710e+01	4.058779e+02
1.930000e-06	3.261446e-06	6.782869e-09	2.339972e+01	4.053270e+02
1.940000e-06	3.253694e-06	6.836673e-09	2.334410e+01	4.047845e+02
1.950000e-06	3.244668e-06	6.711045e-09	2.327935e+01	4.043088e+02
1.960000e-06	3.234362e-06	6.599733e-09	2.320541e+01	4.039374e+02
1.970000e-06	3.223591e-06	6.647758e-09	2.312813e+01	4.036754e+02
1.980000e-06	3.212710e-06	6.786303e-09	2.305006e+01	4.034915e+02
1.990000e-06	3.200635e-06	6.781935e-09	2.296342e+01	4.033239e+02
2.000000e-06	3.186757e-06	6.691695e-09	2.286386e+01	4.030933e+02
2.010000e-06	3.171948e-06	6.849837e-09	2.275761e+01	4.027214e+02
2.020000e-06	3.156615e-06	6.882626e-09	2.264760e+01	4.021487e+02
2.030000e-06	3.140161e-06	6.827006e-09	2.252955e+01	4.013485e+02
2.040000e-06	3.122809e-06	6.802820e-09	2.240505e+01	4.003320e+02
2.050000e-06	3.105076e-06	6.690248e-09	2.227782e+01	3.991442e+02
2.060000e-06	3.086613e-06	6.680052e-09	2.214536e+01	3.978516e+02
2.070000e-06	3.067184e-06	6.760150e-09	2.200596e+01	3.965249e+02
2.080000e-06	3.047119e-06	6.785466e-09	2.186200e+01	3.952217e+02
2.090000e-06	3.026208e-06	6.599186e-09	2.171197e+01	3.939727e+02
2.100000e-06	3.003875e-06	6.560715e-09	2.155174e+01	3.927765e+02
2.110000e-06	2.980467e-06	6.794978e-09	2.138380e+01	3.916014e+02
2.120000e-06	2.956399e-06	6.661412e-09	2.121112e+01	3.903954e+02
2.130000e-06	2.931563e-06	6.434942e-09	2.103293e+01	3.891000e+02
2.140000e-06	2.905969e-06	6.585020e-09	2.084930e+01	3.876643e+02
2.150000e-06	2.879481e-06	6.696418e-09	2.065926e+01	3.860562e+02
2.160000e-06	2.852152e-06	6.565531e-09	2.046318e+01	3.842666e+02
2.170000e-06	2.824239e-06	6.396269e-09	2.026292e+01	3.823088e+02
2.180000e-06	2.795334e-06	6.445823e-09	2.005554e+01	3.802115e+02
2.190000e-06	2.765136e-06	6.557631e-09	1.983887e+01	3.780094e+02
2.200000e-06	2.734146e-06	6.437590e-09	1.961653e+01	3.757338e+02
2.210000e-06	2.702537e-06	6.265238e-09	1.938975e+01	3.734065e+02
2.220000e-06	2.670136e-06	6.335233e-09	1.915728e+01	3.710365e+02
2.230000e-06	2.636987e-06	6.398718e-09	1.891945e+01	3.686217e+02
2.240000e-06	2.603117e-06	6.235621e-09	1.867644e+01	3.661533e+02
2.250000e-06	2.568630e-06	6.128465e-09	1.842901e+01	3.636206e+02
2.260000e-06	2.533625e-06	6.149817e-09	1.817786e+01	3.610153e+02
2.270000e-06	2.498001e-06	6.155816e-09	1.792228e+01	3.583339e+02
2.280000e-06	2.461746e-06	6.068611e-09	1.766216e+01	3.555773e+02
2.290000e-06	2.424643e-06	5.967198e-09	1.739595e+01	3.527482e+02
2.300000e-06	2.386342e-06	5.956390e-09	1.712116e+01	3.498486e+02
2.310000e-06	2.347198e-06	5.965057e-09	1.684031e+01	3.468773e+02
2.320000e-06	2.307633e-06	5.877389e-09	1.655645e+01	3.438290e+02
2.330000e-06	2.267625e-06	5.761110e-09	1.626941e+01	3.406955e+02
2.340000e-06	2.226993e-06	5.739381e-09	1.597789e+01	3.374681e+02
2.350000e-06	2.185676e-06	5.727035e-09	1.568145e+01	3.341405e+02
2.360000e-06	2.143804e-06	5.648048e-09	1.538103e+01	3.307106e+02
2.370000e-06	2.101435e-06	5.533071e-09	1.507705e+01	3.271813e+02
2.380000e-06	2.058515e-06	5.485670e-09	1.476912e+01	3.235593e+02
2.390000e-06	2.015121e-06	5.479334e-09	1.445778e+01	3.198526e+02
2.400000e-06	1.971395e-06	5.402817e-09	1.414406e+01	3.160673e+02
2.410000e-06	1.927276e-06	5.288160e-09	1.382752e+01	3.122055e+02
2.420000e-06	1.882507e-06	5.226490e-09	1.350632e+01	3.082637e+02
2.430000e-06	1.837054e-06	5.210730e-09	1.318021e+01	3.042336e+02
2.440000e-06	1.791095e-06	5.128392e-09	1.285048e+01	3.001039e+02
2.450000e-06	1.744667e-06	5.003419e-09	1.251737e+01	2.958634e+02
2.460000e-06	1.697787e-06	4.937913e-09	1.218102e+01	2.915027e+02
2.470000e-06	1.650425e-06	4.912280e-09	1.184121e+01	2.870162e+02
2.480000e-06	1.602396e-06	4.825364e-09	1.149662e+01	2.824018e+02
2.490000e-06	1.553768e-06	4.700521e-09	1.114773e+01	2.776598e+02
2.500000e-06	1.504765e-06	4.623871e-09	1.079616e+01	2.727908e+02
2.510000e-06	1.455328e-06	4.577206e-09	1.044146e+01	2.677943e+02
2.520000e-06	1.405420e-06	4.486465e-09	1.008339e+01	2.626672e+02
2.530000e-06	1.355120e-06	4.357876e-09	9.722509e+00	2.574043e+02
2.540000e-06	1.304439e-06	4.274947e-09	9.358886e+00	2.519990e+02
2.550000e-06	1.253308e-06	4.214071e-09	8.992042e+00	2.464455e+02
2.560000e-06	1.201785e-06	4.112964e-09	8.622380e+00	2.407394e+02
2.570000e-06	1.150032e-06	3.980539e-09	8.251069e+00	2.348790e+02
2.580000e-06	1.097962e-06	3.879789e-09	7.877490e+00	2.288641e+02
2.590000e-06	1.045407e-06	3.805827e-09	7.500423e+00	2.226948e+02
2.600000e-06	9.922765e-07	3.696087e-09	7.119233e+00	2.163695e+02
2.610000e-06	9.385681e-07	3.560853e-09	6.733894e+00	2.098832e+02
2.620000e-06	8.844913e-07	3.447313e-09	6.345913e+00	2.032266e+02
2.630000e-06	8.300907e-07	3.356881e-09	5.955607e+00	1.963870e+02
2.640000e-06	7.753146e-07	3.237586e-09	5.562608e+00	1.893504e+02
2.650000e-06	7.203058e-07	3.090149e-09	5.167939e+00	1.821031e+02
2.660000e-06	6.651521e-07	2.959915e-09	4.772231e+00	1.746351e+02
2.670000e-06	6.098915e-07	2.851692e-09	4.375756e+00	1.669406e+02
2.680000e-06	5.545431e-07	2.721742e-09	3.978651e+00	1.590180e+02
2.690000e-06	4.990865e-07	2.562959e-09	3.580769e+00	1.508692e+02
2.700000e-06	4.435449e-07	2.418274e-09	3.182278e+00	1.424962e+02
2.710000e-06	3.879816e-07	2.294398e-09	2.783631e+00	1.338996e+02
2.720000e-06	3.324115e-07	2.154921e-09	2.384935e+00	1.250769e+02
2.730000e-06	2.767749e-07	1.983921e-09	1.985762e+00	1.160222e+02
2.740000e-06	2.210412e-07	1.819269e-09	1.585893e+00	1.067278e+02
2.750000e-06	1.652646e-07	1.672294e-09	1.185715e+00	9.718693e+01
2.760000e-06	1.094654e-07	1.511680e-09	7.853754e-01	8.739667e+01
2.770000e-06	5.366241e-08	1.325297e-09	3.850088e-01	7.736024e+01
2.780000e-06	-2.095238e-09	1.144503e-09	-1.503259e-02	6.708825e+01
2.790000e-06	-5.781509e-08	9.839924e-10	-4.148028e-01	5.659824e+01
2.800000e-06	-1.135759e-07	8.117253e-10	-8.148670e-01	4.591288e+01
2.810000e-06	-1.693157e-07	6.167122e-10	-1.214780e+00	3.505746e+01
2.820000e-06	-2.250128e-07	4.248680e-10	-1.614387e+00	2.405754e+01
2.830000e-06	-2.807506e-07	2.499054e-10	-2.014286e+00	1.293758e+01
2.840000e-06	-3.363982e-07	6.546750e-11	-2.413538e+00	1.720748e+00
2.850000e-06	-3.919151e-07	-1.379928e-10	-2.811853e+00	-9.570002e+00
2.860000e-06	-4.473816e-07	-3.374322e-10	-3.209805e+00	-2.091020e+01
2.870000e-06	-5.028307e-07	-5.208342e-10	-3.607633e+00	-3.227234e+01
2.880000e-06	-5.582474e-07	-7.066735e-10	-4.005228e+00	-4.362520e+01
2.890000e-06	-6.135920e-07	-9.071537e-10	-4.402305e+00	-5.493452e+01
2.900000e-06	-6.688190e-07	-1.101974e-09	-4.798540e+00	-6.616492e+01
2.910000e-06	-7.238766e-07	-1.283788e-09	-5.193559e+00	-7.728262e+01
2.920000e-06	-7.787518e-07	-1.465099e-09	-5.587269e+00	-8.825796e+01
2.930000e-06	-8.333654e-07	-1.653983e-09	-5.979102e+00	-9.906714e+01
2.940000e-06	-8.875954e-07	-1.837473e-09	-6.368183e+00	-1.096925e+02
2.950000e-06	-9.414183e-07	-2.005831e-09	-6.754343e+00	-1.201213e+02
2.960000e-06	-9.947147e-07	-2.173801e-09	-7.136726e+00	-1.303435e+02
2.970000e-06	-1.047461e-06	-2.350352e-09	-7.515164e+00	-1.403495e+02
2.980000e-06	-1.099778e-06	-2.523961e-09	-7.890520e+00	-1.501283e+02
2.990000e-06	-1.151712e-06	-2.683751e-09	-8.263125e+00	-1.596671e+02
3.000000e-06	-1.203307e-06	-2.839117e-09	-8.633300e+00	-1.689525e+02
3.010000e-06	-1.254577e-06	-2.996780e-09	-9.001147e+00	-1.779727e+02
3.020000e-06	-1.305520e-06	-3.149022e-09	-9.366647e+00	-1.867202e+02
3.030000e-06	-1.356033e-06	-3.287416e-09	-9.729060e+00	-1.951937e+02
3.040000e-06	-1.406088e-06	-3.422819e-09	-1.008818e+01	-2.033991e+02
3.050000e-06	-1.455738e-06	-3.565598e-09	-1.044441e+01	-2.113480e+02
3.060000e-06	-1.504973e-06	-3.705873e-09	-1.079765e+01	-2.190555e+02
3.070000e-06	-1.553643e-06	-3.833131e-09	-1.114684e+01	-2.265369e+02
3.080000e-06	-1.601697e-06	-3.953406e-09	-1.149161e+01	-2.338044e+02
3.090000e-06	-1.649047e-06	-4.077345e-09	-1.183133e+01	-2.408651e+02
3.100000e-06	-1.695681e-06	-4.198949e-09	-1.216591e+01	-2.477206e+02
3.110000e-06	-1.741819e-06	-4.309041e-09	-1.249694e+01	-2.543681e+02
3.120000e-06	-1.787586e-06	-4.413291e-09	-1.282530e+01	-2.608029e+02
3.130000e-06	-1.833062e-06	-4.521928e-09	-1.315157e+01	-2.670212e+02
3.140000e-06	-1.878087e-06	-4.630714e-09	-1.347461e+01	-2.730224e+02
3.150000e-06	-1.922533e-06	-4.730249e-09	-1.379349e+01	-2.788095e+02
3.160000e-06	-1.966492e-06	-4.822770e-09	-1.410888e+01	-2.843894e+02
3.170000e-06	-2.010064e-06	-4.917363e-09	-1.442150e+01	-2.897711e+02
3.180000e-06	-2.053250e-06	-5.009579e-09	-1.473134e+01	-2.949638e+02
3.190000e-06	-2.095935e-06	-5.094347e-09	-1.503759e+01	-2.999750e+02
3.200000e-06	-2.138071e-06	-5.174623e-09	-1.533990e+01	-3.048105e+02
3.210000e-06	-2.179660e-06	-5.255153e-09	-1.563829e+01	-3.094742e+02
3.220000e-06	-2.220675e-06	-5.334642e-09	-1.593256e+01	-3.139696e+02
3.230000e-06	-2.261070e-06	-5.406342e-09	-1.622238e+01	-3.183015e+02
3.240000e-06	-2.300866e-06	-5.474714e-09	-1.650790e+01	-3.224766e+02
3.250000e-06	-2.340194e-06	-5.547350e-09	-1.679007e+01	-3.265044e+02
3.260000e-06	-2.378944e-06	-5.618282e-09	-1.706808e+01	-3.303954e+02
3.270000e-06	-2.416809e-06	-5.683596e-09	-1.733975e+01	-3.341595e+02
3.280000e-06	-2.453661e-06	-5.743217e-09	-1.760415e+01	-3.378044e+02
3.290000e-06	-2.489680e-06	-5.802085e-09	-1.786258e+01	-3.413336e+02
3.300000e-06	-2.525129e-06	-5.861866e-09	-1.811691e+01	-3.447467e+02
3.310000e-06	-2.560015e-06	-5.914824e-09	-1.836720e+01	-3.480405e+02
3.320000e-06	-2.594186e-06	-5.964460e-09	-1.861237e+01	-3.512109e+02
3.330000e-06	-2.627613e-06	-6.018954e-09	-1.885219e+01	-3.542557e+02
3.340000e-06	-2.660323e-06	-6.074751e-09	-1.908688e+01	-3.571767e+02
3.350000e-06	-2.692348e-06	-6.124465e-09	-1.931664e+01	-3.599797e+02
3.360000e-06	-2.723754e-06	-6.169041e-09	-1.954197e+01	-3.626741e+02
3.370000e-06	-2.754408e-06	-6.210935e-09	-1.976190e+01	-3.652701e+02
3.380000e-06	-2.783954e-06	-6.252486e-09	-1.997389e+01	-3.677764e+02
3.390000e-06	-2.812335e-06	-6.291583e-09	-2.017751e+01	-3.701971e+02
3.400000e-06	-2.839946e-06	-6.329582e-09	-2.037561e+01	-3.725317e+02
3.410000e-06	-2.866973e-06	-6.368991e-09	-2.056952e+01	-3.747749e+02
3.420000e-06	-2.893203e-06	-6.408221e-09	-2.075771e+01	-3.769197e+02
3.430000e-06	-2.918555e-06	-6.443389e-09	-2.093960e+01	-3.789603e+02
3.440000e-06	-2.943071e-06	-6.474348e-09	-2.111550e+01	-3.808952e+02
3.450000e-06	-2.966847e-06	-6.503211e-09	-2.128608e+01	-3.827282e+02
3.460000e-06	-2.989986e-06	-6.530996e-09	-2.145209e+01	-3.844684e+02
3.470000e-06	-3.012251e-06	-6.559208e-09	-2.161183e+01	-3.861276e+02
3.480000e-06	-3.033366e-06	-6.586632e-09	-2.176333e+01	-3.877168e+02
3.490000e-06	-3.053430e-06	-6.613521e-09	-2.190728e+01	-3.892425e+02
3.500000e-06	-3.072765e-06	-6.640361e-09	-2.204600e+01	-3.907050e+02
3.510000e-06	-3.091440e-06	-6.663911e-09	-2.217999e+01	-3.920980e+02
3.520000e-06	-3.109279e-06	-6.684469e-09	-2.230798e+01	-3.934112e+02
3.530000e-06	-3.126258e-06	-6.704679e-09	-2.242980e+01	-3.946346e+02
3.540000e-06	-3.142421e-06	-6.723927e-09	-2.254576e+01	-3.957619e+02
3.550000e-06	-3.157842e-06	-6.740787e-09	-2.265640e+01	-3.967942e+02
3.560000e-06	-3.172479e-06	-6.757009e-09	-2.276142e+01	-3.977400e+02
3.570000e-06	-3.185894e-06	-6.774093e-09	-2.285766e+01	-3.986134e+02
3.580000e-06	-3.197998e-06	-6.790463e-09	-2.294450e+01	-3.994296e+02
3.590000e-06	-3.209141e-06	-6.805236e-09	-2.302445e+01	-4.001996e+02
3.600000e-06	-3.219384e-06	-6.818452e-09	-2.309794e+01	-4.009265e+02
3.610000e-06	-3.228745e-06	-6.829935e-09	-2.316511e+01	-4.016045e+02
3.620000e-06	-3.237222e-06	-6.839302e-09	-2.322592e+01	-4.022199e+02
3.630000e-06	-3.244887e-06	-6.847137e-09	-2.328092e+01	-4.027571e+02
3.640000e-06	-3.251774e-06	-6.854028e-09	-2.333033e+01	-4.032041e+02
3.650000e-06	-3.257496e-06	-6.861955e-09	-2.337138e+01	-4.035587e+02
3.660000e-06	-3.261999e-06	-6.869747e-09	-2.340369e+01	-4.038305e+02
3.670000e-06	-3.265636e-06	-6.876824e-09	-2.342979e+01	-4.040404e+02
3.680000e-06	-3.268513e-06	-6.883539e-09	-2.345043e+01	-4.042142e+02
3.690000e-06	-3.270546e-06	-6.888471e-09	-2.346501e+01	-4.043750e+02
3.700000e-06	-3.271730e-06	-6.891513e-09	-2.347350e+01	-4.045348e+02
3.710000e-06	-3.272050e-06	-6.892959e-09	-2.347580e+01	-4.046882e+02
