# Temperatura_=_20.0
# Concentracion g/m^3_=_9000.0
# C_Vs_to_Am_M_A/Vsm_=_59384043850.047264
# pendiente_HvsI_1/m_=_3716.3
# ordenada_HvsI_A/m_=_1297.0
# frecuencia_Hz_=_269516.1493965931

Tiempo_(s)	Campo_(V.s)	Magnetizacion_(V.s)	Campo_(kA/m)	Magnetizacion_(A/m)
0.000000e+00	-3.261484e-06	-6.869200e-09	-2.347259e+01	-4.044537e+02
1.000000e-08	-3.261275e-06	-6.865024e-09	-2.347108e+01	-4.045528e+02
2.000000e-08	-3.260475e-06	-6.859597e-09	-2.346532e+01	-4.045866e+02
3.000000e-08	-3.258646e-06	-6.861486e-09	-2.345216e+01	-4.045200e+02
4.000000e-08	-3.255532e-06	-6.862280e-09	-2.342975e+01	-4.043282e+02
5.000000e-08	-3.251469e-06	-6.862208e-09	-2.340051e+01	-4.040068e+02
6.000000e-08	-3.246706e-06	-6.872197e-09	-2.336623e+01	-4.035759e+02
7.000000e-08	-3.241188e-06	-6.883875e-09	-2.332651e+01	-4.030773e+02
8.000000e-08	-3.234732e-06	-6.834338e-09	-2.328005e+01	-4.025650e+02
9.000000e-08	-3.227189e-06	-6.714622e-09	-2.322577e+01	-4.020917e+02
1.000000e-07	-3.218471e-06	-6.737138e-09	-2.316303e+01	-4.016939e+02
1.100000e-07	-3.208706e-06	-6.955496e-09	-2.309275e+01	-4.013815e+02
1.200000e-07	-3.198177e-06	-6.979458e-09	-2.301697e+01	-4.011334e+02
1.300000e-07	-3.186738e-06	-6.695924e-09	-2.293465e+01	-4.009013e+02
1.400000e-07	-3.174177e-06	-6.609825e-09	-2.284424e+01	-4.006206e+02
1.500000e-07	-3.160700e-06	-6.890205e-09	-2.274725e+01	-4.002261e+02
1.600000e-07	-3.146384e-06	-6.791196e-09	-2.264422e+01	-3.996666e+02
1.700000e-07	-3.130807e-06	-6.542003e-09	-2.253211e+01	-3.989170e+02
1.800000e-07	-3.113952e-06	-6.600067e-09	-2.241081e+01	-3.979820e+02
1.900000e-07	-3.096496e-06	-6.693620e-09	-2.228518e+01	-3.968934e+02
2.000000e-07	-3.078374e-06	-6.702399e-09	-2.215476e+01	-3.956994e+02
2.100000e-07	-3.059183e-06	-6.667677e-09	-2.201665e+01	-3.944514e+02
2.200000e-07	-3.039249e-06	-6.597465e-09	-2.187318e+01	-3.931903e+02
2.300000e-07	-3.018744e-06	-6.397357e-09	-2.172561e+01	-3.919371e+02
2.400000e-07	-2.997359e-06	-6.583137e-09	-2.157170e+01	-3.906896e+02
2.500000e-07	-2.975197e-06	-6.753411e-09	-2.141221e+01	-3.894249e+02
2.600000e-07	-2.952415e-06	-6.395935e-09	-2.124825e+01	-3.881086e+02
2.700000e-07	-2.928802e-06	-6.290124e-09	-2.107830e+01	-3.867043e+02
2.800000e-07	-2.904415e-06	-6.607650e-09	-2.090280e+01	-3.851842e+02
2.900000e-07	-2.879231e-06	-6.578789e-09	-2.072155e+01	-3.835345e+02
3.000000e-07	-2.852933e-06	-6.264108e-09	-2.053228e+01	-3.817572e+02
3.100000e-07	-2.825485e-06	-6.211937e-09	-2.033475e+01	-3.798665e+02
3.200000e-07	-2.797180e-06	-6.412265e-09	-2.013103e+01	-3.778827e+02
3.300000e-07	-2.768214e-06	-6.430256e-09	-1.992257e+01	-3.758250e+02
3.400000e-07	-2.738555e-06	-6.160715e-09	-1.970912e+01	-3.737062e+02
3.500000e-07	-2.708187e-06	-6.089768e-09	-1.949056e+01	-3.715300e+02
3.600000e-07	-2.676998e-06	-6.258639e-09	-1.926610e+01	-3.692924e+02
3.700000e-07	-2.645045e-06	-6.224606e-09	-1.903614e+01	-3.669852e+02
3.800000e-07	-2.612637e-06	-5.984488e-09	-1.880290e+01	-3.646001e+02
3.900000e-07	-2.579685e-06	-5.997856e-09	-1.856574e+01	-3.621329e+02
4.000000e-07	-2.545720e-06	-6.079656e-09	-1.832130e+01	-3.595848e+02
4.100000e-07	-2.510542e-06	-6.004874e-09	-1.806813e+01	-3.569613e+02
4.200000e-07	-2.474514e-06	-5.891914e-09	-1.780884e+01	-3.542693e+02
4.300000e-07	-2.437996e-06	-5.830691e-09	-1.754602e+01	-3.515139e+02
4.400000e-07	-2.400882e-06	-5.846840e-09	-1.727892e+01	-3.486949e+02
4.500000e-07	-2.363070e-06	-5.826309e-09	-1.700679e+01	-3.458066e+02
4.600000e-07	-2.324627e-06	-5.713790e-09	-1.673011e+01	-3.428386e+02
4.700000e-07	-2.285572e-06	-5.624031e-09	-1.644904e+01	-3.397794e+02
4.800000e-07	-2.245905e-06	-5.660492e-09	-1.616356e+01	-3.366205e+02
4.900000e-07	-2.205725e-06	-5.623046e-09	-1.587439e+01	-3.333587e+02
5.000000e-07	-2.165162e-06	-5.498593e-09	-1.558246e+01	-3.299979e+02
5.100000e-07	-2.124106e-06	-5.421512e-09	-1.528698e+01	-3.265474e+02
5.200000e-07	-2.082214e-06	-5.420763e-09	-1.498549e+01	-3.230188e+02
5.300000e-07	-2.039296e-06	-5.387335e-09	-1.467661e+01	-3.194215e+02
5.400000e-07	-1.995532e-06	-5.271170e-09	-1.436165e+01	-3.157592e+02
5.500000e-07	-1.951292e-06	-5.183022e-09	-1.404326e+01	-3.120276e+02
5.600000e-07	-1.906774e-06	-5.168828e-09	-1.372287e+01	-3.082152e+02
5.700000e-07	-1.861822e-06	-5.141300e-09	-1.339935e+01	-3.043060e+02
5.800000e-07	-1.816270e-06	-5.007160e-09	-1.307152e+01	-3.002837e+02
5.900000e-07	-1.770223e-06	-4.907303e-09	-1.274012e+01	-2.961359e+02
6.000000e-07	-1.723714e-06	-4.897914e-09	-1.240540e+01	-2.918569e+02
6.100000e-07	-1.676677e-06	-4.851862e-09	-1.206688e+01	-2.874480e+02
6.200000e-07	-1.629110e-06	-4.716150e-09	-1.172455e+01	-2.829161e+02
6.300000e-07	-1.581080e-06	-4.613511e-09	-1.137888e+01	-2.782695e+02
6.400000e-07	-1.532733e-06	-4.589875e-09	-1.103093e+01	-2.735146e+02
6.500000e-07	-1.484007e-06	-4.527943e-09	-1.068026e+01	-2.686521e+02
6.600000e-07	-1.434740e-06	-4.398491e-09	-1.032569e+01	-2.636762e+02
6.700000e-07	-1.384881e-06	-4.286763e-09	-9.966856e+00	-2.585754e+02
6.800000e-07	-1.334371e-06	-4.248036e-09	-9.603343e+00	-2.533356e+02
6.900000e-07	-1.283107e-06	-4.179875e-09	-9.234394e+00	-2.479441e+02
7.000000e-07	-1.231200e-06	-4.043581e-09	-8.860830e+00	-2.423919e+02
7.100000e-07	-1.178919e-06	-3.923666e-09	-8.484566e+00	-2.366764e+02
7.200000e-07	-1.126288e-06	-3.863096e-09	-8.105788e+00	-2.307998e+02
7.300000e-07	-1.073351e-06	-3.785004e-09	-7.724805e+00	-2.247675e+02
7.400000e-07	-1.020159e-06	-3.642904e-09	-7.341989e+00	-2.185838e+02
7.500000e-07	-9.667039e-07	-3.514898e-09	-6.957275e+00	-2.122491e+02
7.600000e-07	-9.129576e-07	-3.436701e-09	-6.570468e+00	-2.057577e+02
7.700000e-07	-8.589034e-07	-3.350796e-09	-6.181445e+00	-1.990979e+02
7.800000e-07	-8.046564e-07	-3.205420e-09	-5.791034e+00	-1.922536e+02
7.900000e-07	-7.502555e-07	-3.063468e-09	-5.399516e+00	-1.852081e+02
8.000000e-07	-6.957294e-07	-2.967460e-09	-5.007097e+00	-1.779475e+02
8.100000e-07	-6.410586e-07	-2.866515e-09	-4.613637e+00	-1.704634e+02
8.200000e-07	-5.861260e-07	-2.714145e-09	-4.218292e+00	-1.627535e+02
8.300000e-07	-5.310757e-07	-2.555684e-09	-3.822101e+00	-1.548205e+02
8.400000e-07	-4.758671e-07	-2.440673e-09	-3.424770e+00	-1.466699e+02
8.500000e-07	-4.204276e-07	-2.321648e-09	-3.025777e+00	-1.383060e+02
8.600000e-07	-3.648820e-07	-2.159340e-09	-2.626020e+00	-1.297296e+02
8.700000e-07	-3.092639e-07	-1.989458e-09	-2.225742e+00	-1.209368e+02
8.800000e-07	-2.536179e-07	-1.853883e-09	-1.825263e+00	-1.119193e+02
8.900000e-07	-1.979642e-07	-1.715284e-09	-1.424729e+00	-1.026670e+02
9.000000e-07	-1.422972e-07	-1.541377e-09	-1.024099e+00	-9.317084e+01
9.100000e-07	-8.654863e-08	-1.358686e-09	-6.228821e-01	-8.342634e+01
9.200000e-07	-3.078870e-08	-1.203972e-09	-2.215833e-01	-7.343567e+01
9.300000e-07	2.497970e-08	-1.054971e-09	1.797765e-01	-6.320845e+01
9.400000e-07	8.073771e-08	-8.694349e-10	5.810615e-01	-5.276105e+01
9.500000e-07	1.364465e-07	-6.724224e-10	9.819925e-01	-4.211480e+01
9.600000e-07	1.921744e-07	-4.979869e-10	1.383060e+00	-3.129392e+01
9.700000e-07	2.478814e-07	-3.302820e-10	1.783979e+00	-2.032388e+01
9.800000e-07	3.035223e-07	-1.333180e-10	2.184421e+00	-9.230573e+00
9.900000e-07	3.590856e-07	7.159342e-11	2.584304e+00	1.959539e+00
1.000000e-06	4.145881e-07	2.495633e-10	2.983751e+00	1.321879e+01
1.010000e-06	4.699342e-07	4.205795e-10	3.382071e+00	2.451769e+01
1.020000e-06	5.250647e-07	6.152423e-10	3.778840e+00	3.582483e+01
1.030000e-06	5.800413e-07	8.191306e-10	4.174501e+00	4.710778e+01
1.040000e-06	6.348897e-07	1.000208e-09	4.569240e+00	5.833463e+01
1.050000e-06	6.895688e-07	1.173080e-09	4.962760e+00	6.947586e+01
1.060000e-06	7.440541e-07	1.364094e-09	5.354885e+00	8.050595e+01
1.070000e-06	7.983489e-07	1.560733e-09	5.745640e+00	9.140386e+01
1.080000e-06	8.524647e-07	1.736032e-09	6.135106e+00	1.021525e+02
1.090000e-06	9.063846e-07	1.898899e-09	6.523163e+00	1.127371e+02
1.100000e-06	9.600494e-07	2.075592e-09	6.909383e+00	1.231431e+02
1.110000e-06	1.013381e-06	2.259490e-09	7.293204e+00	1.333542e+02
1.120000e-06	1.066354e-06	2.426692e-09	7.674448e+00	1.433521e+02
1.130000e-06	1.119023e-06	2.581213e-09	8.053504e+00	1.531170e+02
1.140000e-06	1.171402e-06	2.742437e-09	8.430468e+00	1.626295e+02
1.150000e-06	1.223470e-06	2.903871e-09	8.805198e+00	1.718742e+02
1.160000e-06	1.275046e-06	3.047493e-09	9.176383e+00	1.808418e+02
1.170000e-06	1.326014e-06	3.179023e-09	9.543196e+00	1.895306e+02
1.180000e-06	1.376364e-06	3.321522e-09	9.905559e+00	1.979472e+02
1.190000e-06	1.426044e-06	3.472030e-09	1.026310e+01	2.061038e+02
1.200000e-06	1.475175e-06	3.607563e-09	1.061669e+01	2.140152e+02
1.210000e-06	1.523873e-06	3.725802e-09	1.096717e+01	2.216957e+02
1.220000e-06	1.572198e-06	3.846892e-09	1.131496e+01	2.291556e+02
1.230000e-06	1.620168e-06	3.973077e-09	1.166019e+01	2.364001e+02
1.240000e-06	1.667751e-06	4.087546e-09	1.200265e+01	2.434297e+02
1.250000e-06	1.714872e-06	4.191218e-09	1.234177e+01	2.502420e+02
1.260000e-06	1.761474e-06	4.298616e-09	1.267716e+01	2.568344e+02
1.270000e-06	1.807579e-06	4.412976e-09	1.300897e+01	2.632067e+02
1.280000e-06	1.853170e-06	4.518148e-09	1.333709e+01	2.693623e+02
1.290000e-06	1.898248e-06	4.612151e-09	1.366151e+01	2.753083e+02
1.300000e-06	1.942871e-06	4.708982e-09	1.398266e+01	2.810542e+02
1.310000e-06	1.987163e-06	4.808609e-09	1.430142e+01	2.866092e+02
1.320000e-06	2.031091e-06	4.897194e-09	1.461757e+01	2.919807e+02
1.330000e-06	2.074413e-06	4.973667e-09	1.492935e+01	2.971728e+02
1.340000e-06	2.116840e-06	5.053888e-09	1.523469e+01	3.021868e+02
1.350000e-06	2.158317e-06	5.140438e-09	1.553320e+01	3.070229e+02
1.360000e-06	2.199103e-06	5.220229e-09	1.582673e+01	3.116826e+02
1.370000e-06	2.239461e-06	5.291574e-09	1.611719e+01	3.161703e+02
1.380000e-06	2.279375e-06	5.363797e-09	1.640444e+01	3.204947e+02
1.390000e-06	2.318683e-06	5.438013e-09	1.668733e+01	3.246678e+02
1.400000e-06	2.357359e-06	5.505390e-09	1.696568e+01	3.287030e+02
1.410000e-06	2.395343e-06	5.565623e-09	1.723905e+01	3.326116e+02
1.420000e-06	2.432591e-06	5.627504e-09	1.750713e+01	3.364005e+02
1.430000e-06	2.469265e-06	5.692833e-09	1.777107e+01	3.400704e+02
1.440000e-06	2.505534e-06	5.753507e-09	1.803208e+01	3.436165e+02
1.450000e-06	2.541261e-06	5.808009e-09	1.828921e+01	3.470311e+02
1.460000e-06	2.576075e-06	5.861333e-09	1.853977e+01	3.503068e+02
1.470000e-06	2.609763e-06	5.915472e-09	1.878221e+01	3.534407e+02
1.480000e-06	2.642534e-06	5.965741e-09	1.901806e+01	3.564368e+02
1.490000e-06	2.674657e-06	6.008767e-09	1.924925e+01	3.593060e+02
1.500000e-06	2.706132e-06	6.052845e-09	1.947577e+01	3.620643e+02
1.510000e-06	2.736905e-06	6.102367e-09	1.969724e+01	3.647288e+02
1.520000e-06	2.766889e-06	6.151852e-09	1.991304e+01	3.673127e+02
1.530000e-06	2.796050e-06	6.194032e-09	2.012290e+01	3.698224e+02
1.540000e-06	2.824598e-06	6.233302e-09	2.032836e+01	3.722554e+02
1.550000e-06	2.852630e-06	6.274544e-09	2.053010e+01	3.746020e+02
1.560000e-06	2.879802e-06	6.313384e-09	2.072565e+01	3.768488e+02
1.570000e-06	2.905752e-06	6.345534e-09	2.091242e+01	3.789838e+02
1.580000e-06	2.930633e-06	6.376277e-09	2.109148e+01	3.810007e+02
1.590000e-06	2.954752e-06	6.410603e-09	2.126507e+01	3.829018e+02
1.600000e-06	2.978104e-06	6.445875e-09	2.143313e+01	3.846977e+02
1.610000e-06	3.000651e-06	6.475914e-09	2.159540e+01	3.864043e+02
1.620000e-06	3.022397e-06	6.500829e-09	2.175190e+01	3.880380e+02
1.630000e-06	3.043372e-06	6.527437e-09	2.190285e+01	3.896106e+02
1.640000e-06	3.063762e-06	6.554333e-09	2.204960e+01	3.911259e+02
1.650000e-06	3.083460e-06	6.577062e-09	2.219136e+01	3.925789e+02
1.660000e-06	3.102122e-06	6.595507e-09	2.232567e+01	3.939582e+02
1.670000e-06	3.119784e-06	6.615997e-09	2.245279e+01	3.952509e+02
1.680000e-06	3.136654e-06	6.637963e-09	2.257419e+01	3.964481e+02
1.690000e-06	3.152657e-06	6.657020e-09	2.268936e+01	3.975486e+02
1.700000e-06	3.167654e-06	6.673477e-09	2.279730e+01	3.985610e+02
1.710000e-06	3.181726e-06	6.688833e-09	2.289857e+01	3.995011e+02
1.720000e-06	3.194939e-06	6.704048e-09	2.299367e+01	4.003874e+02
1.730000e-06	3.207275e-06	6.716224e-09	2.308245e+01	4.012346e+02
1.740000e-06	3.218549e-06	6.724453e-09	2.316359e+01	4.020480e+02
1.750000e-06	3.228542e-06	6.733099e-09	2.323551e+01	4.028215e+02
1.760000e-06	3.237459e-06	6.743432e-09	2.329968e+01	4.035383e+02
1.770000e-06	3.245559e-06	6.753778e-09	2.335798e+01	4.041765e+02
1.780000e-06	3.252827e-06	6.761430e-09	2.341028e+01	4.047166e+02
1.790000e-06	3.259199e-06	6.766813e-09	2.345614e+01	4.051482e+02
1.800000e-06	3.264648e-06	6.772805e-09	2.349536e+01	4.054751e+02
1.810000e-06	3.269349e-06	6.777219e-09	2.352919e+01	4.057153e+02
1.820000e-06	3.273291e-06	6.778051e-09	2.355756e+01	4.058963e+02
1.830000e-06	3.276164e-06	6.778674e-09	2.357824e+01	4.060471e+02
1.840000e-06	3.277826e-06	6.782014e-09	2.359020e+01	4.061886e+02
1.850000e-06	3.278466e-06	6.783097e-09	2.359480e+01	4.063261e+02
1.860000e-06	3.278249e-06	6.781705e-09	2.359324e+01	4.064464e+02
1.870000e-06	3.277205e-06	6.783908e-09	2.358573e+01	4.065207e+02
1.880000e-06	3.275390e-06	6.786295e-09	2.357267e+01	4.065131e+02
1.890000e-06	3.272760e-06	6.781991e-09	2.355374e+01	4.063918e+02
1.900000e-06	3.269395e-06	6.774853e-09	2.352952e+01	4.061403e+02
1.910000e-06	3.265337e-06	6.758796e-09	2.350031e+01	4.057654e+02
1.920000e-06	3.260344e-06	6.731576e-09	2.346438e+01	4.052978e+02
1.930000e-06	3.254240e-06	6.758706e-09	2.342045e+01	4.047866e+02
1.940000e-06	3.247025e-06	6.872498e-09	2.336853e+01	4.042869e+02
1.950000e-06	3.238527e-06	6.830867e-09	2.330736e+01	4.038457e+02
1.960000e-06	3.228658e-06	6.584825e-09	2.323634e+01	4.034883e+02
1.970000e-06	3.218087e-06	6.567271e-09	2.316026e+01	4.032104e+02
1.980000e-06	3.207493e-06	6.810153e-09	2.308402e+01	4.029775e+02
1.990000e-06	3.196137e-06	6.882369e-09	2.300229e+01	4.027322e+02
2.000000e-06	3.182970e-06	6.610286e-09	2.290753e+01	4.024076e+02
2.010000e-06	3.168526e-06	6.729490e-09	2.280358e+01	4.019430e+02
2.020000e-06	3.153616e-06	6.961120e-09	2.269627e+01	4.012983e+02
2.030000e-06	3.137748e-06	6.792156e-09	2.258207e+01	4.004620e+02
2.040000e-06	3.120728e-06	6.699758e-09	2.245958e+01	3.994519e+02
2.050000e-06	3.103261e-06	6.720109e-09	2.233387e+01	3.983091e+02
2.060000e-06	3.085194e-06	6.644706e-09	2.220384e+01	3.970850e+02
2.070000e-06	3.066092e-06	6.642787e-09	2.206637e+01	3.958275e+02
2.080000e-06	3.046365e-06	6.890139e-09	2.192440e+01	3.945695e+02
2.090000e-06	3.025975e-06	6.636534e-09	2.177765e+01	3.933212e+02
2.100000e-06	3.004238e-06	6.351504e-09	2.162121e+01	3.920702e+02
2.110000e-06	2.981318e-06	6.779557e-09	2.145626e+01	3.907871e+02
2.120000e-06	2.957631e-06	6.806071e-09	2.128578e+01	3.894353e+02
2.130000e-06	2.933200e-06	6.296510e-09	2.110995e+01	3.879812e+02
2.140000e-06	2.908041e-06	6.421041e-09	2.092889e+01	3.864031e+02
2.150000e-06	2.881964e-06	6.748094e-09	2.074122e+01	3.846944e+02
2.160000e-06	2.854978e-06	6.576058e-09	2.054700e+01	3.828634e+02
2.170000e-06	2.827455e-06	6.305188e-09	2.034892e+01	3.809280e+02
2.180000e-06	2.799175e-06	6.310284e-09	2.014539e+01	3.789089e+02
2.190000e-06	2.769577e-06	6.518619e-09	1.993237e+01	3.768227e+02
2.200000e-06	2.738936e-06	6.488279e-09	1.971186e+01	3.746782e+02
2.210000e-06	2.707662e-06	6.163367e-09	1.948678e+01	3.724754e+02
2.220000e-06	2.675645e-06	6.187863e-09	1.925636e+01	3.702076e+02
2.230000e-06	2.642925e-06	6.460963e-09	1.902088e+01	3.678662e+02
2.240000e-06	2.609528e-06	6.242711e-09	1.878052e+01	3.654443e+02
2.250000e-06	2.575405e-06	6.003253e-09	1.853494e+01	3.629402e+02
2.260000e-06	2.540735e-06	6.115501e-09	1.828542e+01	3.603572e+02
2.270000e-06	2.505500e-06	6.159722e-09	1.803184e+01	3.577021e+02
2.280000e-06	2.469695e-06	6.053868e-09	1.777415e+01	3.549813e+02
2.290000e-06	2.433236e-06	5.922417e-09	1.751176e+01	3.521978e+02
2.300000e-06	2.395685e-06	5.891641e-09	1.724151e+01	3.493487e+02
2.310000e-06	2.357084e-06	5.961814e-09	1.696370e+01	3.464258e+02
2.320000e-06	2.317849e-06	5.880827e-09	1.668134e+01	3.434180e+02
2.330000e-06	2.278160e-06	5.699277e-09	1.639570e+01	3.403146e+02
2.340000e-06	2.237937e-06	5.690613e-09	1.610622e+01	3.371090e+02
2.350000e-06	2.197017e-06	5.719392e-09	1.581172e+01	3.338016e+02
2.360000e-06	2.155485e-06	5.647969e-09	1.551282e+01	3.303989e+02
2.370000e-06	2.113548e-06	5.499441e-09	1.521100e+01	3.269118e+02
2.380000e-06	2.071057e-06	5.426592e-09	1.490520e+01	3.233514e+02
2.390000e-06	2.027934e-06	5.468957e-09	1.459484e+01	3.197250e+02
2.400000e-06	1.984410e-06	5.407341e-09	1.428160e+01	3.160325e+02
2.410000e-06	1.940594e-06	5.252541e-09	1.396627e+01	3.122663e+02
2.420000e-06	1.896298e-06	5.178917e-09	1.364748e+01	3.084123e+02
2.430000e-06	1.851256e-06	5.203594e-09	1.332331e+01	3.044537e+02
2.440000e-06	1.805535e-06	5.147264e-09	1.299426e+01	3.003757e+02
2.450000e-06	1.759344e-06	4.974300e-09	1.266183e+01	2.961686e+02
2.460000e-06	1.712852e-06	4.891186e-09	1.232723e+01	2.918301e+02
2.470000e-06	1.665893e-06	4.914829e-09	1.198927e+01	2.873644e+02
2.480000e-06	1.618355e-06	4.835947e-09	1.164715e+01	2.827795e+02
2.490000e-06	1.570292e-06	4.673554e-09	1.130124e+01	2.780835e+02
2.500000e-06	1.521730e-06	4.590880e-09	1.095174e+01	2.732802e+02
2.510000e-06	1.472635e-06	4.579739e-09	1.059841e+01	2.683674e+02
2.520000e-06	1.423025e-06	4.506520e-09	1.024137e+01	2.633365e+02
2.530000e-06	1.373066e-06	4.339099e-09	9.881827e+00	2.581744e+02
2.540000e-06	1.322698e-06	4.244722e-09	9.519332e+00	2.528671e+02
2.550000e-06	1.271849e-06	4.223428e-09	9.153376e+00	2.474032e+02
2.560000e-06	1.220615e-06	4.130418e-09	8.784651e+00	2.417768e+02
2.570000e-06	1.169105e-06	3.972925e-09	8.413937e+00	2.359875e+02
2.580000e-06	1.117253e-06	3.863910e-09	8.040762e+00	2.300395e+02
2.590000e-06	1.065018e-06	3.822283e-09	7.664830e+00	2.239380e+02
2.600000e-06	1.012365e-06	3.728334e-09	7.285890e+00	2.176860e+02
2.610000e-06	9.592506e-07	3.565496e-09	6.903634e+00	2.112813e+02
2.620000e-06	9.056611e-07	3.442874e-09	6.517956e+00	2.047151e+02
2.630000e-06	8.515859e-07	3.377892e-09	6.128782e+00	1.979734e+02
2.640000e-06	7.971155e-07	3.273694e-09	5.736763e+00	1.910395e+02
2.650000e-06	7.423620e-07	3.106804e-09	5.342708e+00	1.838975e+02
2.660000e-06	6.873732e-07	2.966089e-09	4.946959e+00	1.765357e+02
2.670000e-06	6.322677e-07	2.882268e-09	4.550369e+00	1.689487e+02
2.680000e-06	5.771028e-07	2.766272e-09	4.153353e+00	1.611365e+02
2.690000e-06	5.218352e-07	2.592168e-09	3.755598e+00	1.531038e+02
2.700000e-06	4.664725e-07	2.439889e-09	3.357158e+00	1.448556e+02
2.710000e-06	4.110445e-07	2.333319e-09	2.958248e+00	1.363951e+02
2.720000e-06	3.555224e-07	2.209110e-09	2.558661e+00	1.277209e+02
2.730000e-06	2.999379e-07	2.027553e-09	2.158624e+00	1.188269e+02
2.740000e-06	2.443474e-07	1.853856e-09	1.758545e+00	1.097037e+02
2.750000e-06	1.887297e-07	1.725821e-09	1.358270e+00	1.003412e+02
2.760000e-06	1.330971e-07	1.581809e-09	9.578869e-01	9.073199e+01
2.770000e-06	7.744288e-08	1.387590e-09	5.573489e-01	8.087455e+01
2.780000e-06	2.174479e-08	1.197521e-09	1.564952e-01	7.077444e+01
2.790000e-06	-3.395657e-08	1.051881e-09	-2.443822e-01	6.044454e+01
2.800000e-06	-8.963015e-08	8.950683e-10	-6.450595e-01	4.990373e+01
2.810000e-06	-1.452820e-07	6.898127e-10	-1.045581e+00	3.917494e+01
2.820000e-06	-2.008742e-07	4.859674e-10	-1.445673e+00	2.828312e+01
2.830000e-06	-2.564105e-07	3.220163e-10	-1.845362e+00	1.725395e+01
2.840000e-06	-3.119432e-07	1.530135e-10	-2.245025e+00	6.113553e+00
2.850000e-06	-3.674657e-07	-5.595768e-11	-2.644615e+00	-5.111173e+00
2.860000e-06	-4.229392e-07	-2.631046e-10	-3.043853e+00	-1.639177e+01
2.870000e-06	-4.783595e-07	-4.374880e-10	-3.442707e+00	-2.769782e+01
2.880000e-06	-5.337156e-07	-6.126707e-10	-3.841100e+00	-3.899730e+01
2.890000e-06	-5.889708e-07	-8.196248e-10	-4.238766e+00	-5.025779e+01
2.900000e-06	-6.441398e-07	-1.024912e-09	-4.635812e+00	-6.144824e+01
2.910000e-06	-6.991583e-07	-1.200006e-09	-5.031774e+00	-7.254081e+01
2.920000e-06	-7.538978e-07	-1.372115e-09	-5.425730e+00	-8.351205e+01
2.930000e-06	-8.084146e-07	-1.566656e-09	-5.818082e+00	-9.434288e+01
2.940000e-06	-8.625920e-07	-1.758351e-09	-6.207991e+00	-1.050175e+02
2.950000e-06	-9.162749e-07	-1.922651e-09	-6.594342e+00	-1.155215e+02
2.960000e-06	-9.694903e-07	-2.082652e-09	-6.977328e+00	-1.258397e+02
2.970000e-06	-1.022260e-06	-2.264903e-09	-7.357110e+00	-1.359549e+02
2.980000e-06	-1.074604e-06	-2.450158e-09	-7.733818e+00	-1.458479e+02
2.990000e-06	-1.126541e-06	-2.609284e-09	-8.107606e+00	-1.554987e+02
3.000000e-06	-1.178155e-06	-2.757644e-09	-8.479068e+00	-1.648895e+02
3.010000e-06	-1.229467e-06	-2.919123e-09	-8.848355e+00	-1.740073e+02
3.020000e-06	-1.280394e-06	-3.081092e-09	-9.214874e+00	-1.828461e+02
3.030000e-06	-1.330893e-06	-3.218836e-09	-9.578306e+00	-1.914084e+02
3.040000e-06	-1.380992e-06	-3.345358e-09	-9.938868e+00	-1.997034e+02
3.050000e-06	-1.430694e-06	-3.488429e-09	-1.029657e+01	-2.077451e+02
3.060000e-06	-1.479970e-06	-3.638761e-09	-1.065120e+01	-2.155485e+02
3.070000e-06	-1.528620e-06	-3.768791e-09	-1.100133e+01	-2.231263e+02
3.080000e-06	-1.576564e-06	-3.885932e-09	-1.134638e+01	-2.304865e+02
3.090000e-06	-1.623827e-06	-4.013616e-09	-1.168653e+01	-2.376321e+02
3.100000e-06	-1.670505e-06	-4.143555e-09	-1.202246e+01	-2.445619e+02
3.110000e-06	-1.716758e-06	-4.254691e-09	-1.235534e+01	-2.512730e+02
3.120000e-06	-1.762652e-06	-4.353493e-09	-1.268564e+01	-2.577638e+02
3.130000e-06	-1.808209e-06	-4.462282e-09	-1.301351e+01	-2.640354e+02
3.140000e-06	-1.853257e-06	-4.575992e-09	-1.333771e+01	-2.700933e+02
3.150000e-06	-1.897729e-06	-4.675027e-09	-1.365777e+01	-2.759458e+02
3.160000e-06	-1.941719e-06	-4.765208e-09	-1.397437e+01	-2.816025e+02
3.170000e-06	-1.985331e-06	-4.861675e-09	-1.428823e+01	-2.870721e+02
3.180000e-06	-2.028605e-06	-4.960293e-09	-1.459967e+01	-2.923604e+02
3.190000e-06	-2.071457e-06	-5.046118e-09	-1.490807e+01	-2.974701e+02
3.200000e-06	-2.113717e-06	-5.121669e-09	-1.521221e+01	-3.024020e+02
3.210000e-06	-2.155357e-06	-5.201946e-09	-1.551189e+01	-3.071563e+02
3.220000e-06	-2.196443e-06	-5.285083e-09	-1.580759e+01	-3.117357e+02
3.230000e-06	-2.236874e-06	-5.357751e-09	-1.609857e+01	-3.161467e+02
3.240000e-06	-2.276704e-06	-5.423493e-09	-1.638522e+01	-3.203995e+02
3.250000e-06	-2.316126e-06	-5.498239e-09	-1.666893e+01	-3.245072e+02
3.260000e-06	-2.355005e-06	-5.574104e-09	-1.694875e+01	-3.284826e+02
3.270000e-06	-2.393062e-06	-5.638648e-09	-1.722264e+01	-3.323352e+02
3.280000e-06	-2.430173e-06	-5.694684e-09	-1.748972e+01	-3.360692e+02
3.290000e-06	-2.466396e-06	-5.754112e-09	-1.775041e+01	-3.396826e+02
3.300000e-06	-2.502005e-06	-5.817019e-09	-1.800669e+01	-3.431688e+02
3.310000e-06	-2.537073e-06	-5.873299e-09	-1.825907e+01	-3.465198e+02
3.320000e-06	-2.571419e-06	-5.923148e-09	-1.850625e+01	-3.497300e+02
3.330000e-06	-2.605093e-06	-5.975786e-09	-1.874860e+01	-3.527992e+02
3.340000e-06	-2.638062e-06	-6.030722e-09	-1.898587e+01	-3.557348e+02
3.350000e-06	-2.670265e-06	-6.079527e-09	-1.921764e+01	-3.585504e+02
3.360000e-06	-2.701796e-06	-6.121466e-09	-1.944457e+01	-3.612631e+02
3.370000e-06	-2.732614e-06	-6.163611e-09	-1.966636e+01	-3.638887e+02
3.380000e-06	-2.762458e-06	-6.208180e-09	-1.988115e+01	-3.664377e+02
3.390000e-06	-2.791151e-06	-6.247947e-09	-2.008765e+01	-3.689125e+02
3.400000e-06	-2.818983e-06	-6.285347e-09	-2.028795e+01	-3.713068e+02
3.410000e-06	-2.846198e-06	-6.325464e-09	-2.048381e+01	-3.736088e+02
3.420000e-06	-2.872637e-06	-6.366349e-09	-2.067409e+01	-3.758050e+02
3.430000e-06	-2.898250e-06	-6.400911e-09	-2.085842e+01	-3.778855e+02
3.440000e-06	-2.923042e-06	-6.430094e-09	-2.103685e+01	-3.798479e+02
3.450000e-06	-2.947051e-06	-6.459084e-09	-2.120964e+01	-3.816984e+02
3.460000e-06	-2.970485e-06	-6.489389e-09	-2.137829e+01	-3.834506e+02
3.470000e-06	-2.993192e-06	-6.518177e-09	-2.154171e+01	-3.851213e+02
3.480000e-06	-3.014734e-06	-6.545227e-09	-2.169675e+01	-3.867254e+02
3.490000e-06	-3.035064e-06	-6.572209e-09	-2.184306e+01	-3.882712e+02
3.500000e-06	-3.054612e-06	-6.599049e-09	-2.198375e+01	-3.897584e+02
3.510000e-06	-3.073527e-06	-6.622478e-09	-2.211987e+01	-3.911787e+02
3.520000e-06	-3.091607e-06	-6.642289e-09	-2.224999e+01	-3.925192e+02
3.530000e-06	-3.108825e-06	-6.661533e-09	-2.237391e+01	-3.937682e+02
3.540000e-06	-3.125253e-06	-6.683134e-09	-2.249215e+01	-3.949200e+02
3.550000e-06	-3.141026e-06	-6.703066e-09	-2.260566e+01	-3.959779e+02
3.560000e-06	-3.156080e-06	-6.718363e-09	-2.271400e+01	-3.969543e+02
3.570000e-06	-3.169962e-06	-6.734186e-09	-2.281391e+01	-3.978670e+02
3.580000e-06	-3.182453e-06	-6.751367e-09	-2.290381e+01	-3.987334e+02
3.590000e-06	-3.193884e-06	-6.767050e-09	-2.298608e+01	-3.995645e+02
3.600000e-06	-3.204404e-06	-6.779668e-09	-2.306178e+01	-4.003605e+02
3.610000e-06	-3.214070e-06	-6.794289e-09	-2.313135e+01	-4.011098e+02
3.620000e-06	-3.222881e-06	-6.809975e-09	-2.319476e+01	-4.017928e+02
3.630000e-06	-3.230827e-06	-6.821296e-09	-2.325195e+01	-4.023875e+02
3.640000e-06	-3.238107e-06	-6.826698e-09	-2.330435e+01	-4.028778e+02
3.650000e-06	-3.244438e-06	-6.833130e-09	-2.334990e+01	-4.032594e+02
3.660000e-06	-3.249494e-06	-6.842540e-09	-2.338630e+01	-4.035429e+02
3.670000e-06	-3.253481e-06	-6.849356e-09	-2.341499e+01	-4.037517e+02
3.680000e-06	-3.256727e-06	-6.854290e-09	-2.343835e+01	-4.039149e+02
3.690000e-06	-3.259202e-06	-6.861006e-09	-2.345617e+01	-4.040590e+02
3.700000e-06	-3.260788e-06	-6.866721e-09	-2.346758e+01	-4.041985e+02
3.710000e-06	-3.261411e-06	-6.868923e-09	-2.347206e+01	-4.043302e+02
