# Temperatura_=_20.0
# Concentracion g/m^3_=_9000.0
# C_Vs_to_Am_M_A/Vsm_=_59384043850.047264
# pendiente_HvsI_1/m_=_3716.3
# ordenada_HvsI_A/m_=_1297.0
# frecuencia_Hz_=_269539.9309871771

Tiempo_(s)	Campo_(V.s)	Magnetizacion_(V.s)	Campo_(kA/m)	Magnetizacion_(A/m)
0.000000e+00	-3.271373e-06	-1.560571e-11	-2.347013e+01	-7.900339e-01
1.000000e-08	-3.271128e-06	-1.265501e-11	-2.346838e+01	-7.914460e-01
2.000000e-08	-3.270319e-06	-1.049790e-11	-2.346257e+01	-7.812762e-01
3.000000e-08	-3.268420e-06	-1.044738e-11	-2.344895e+01	-7.559327e-01
4.000000e-08	-3.265172e-06	-8.684248e-12	-2.342565e+01	-7.184314e-01
5.000000e-08	-3.261017e-06	-1.181918e-11	-2.339584e+01	-6.778759e-01
6.000000e-08	-3.256178e-06	-3.066661e-11	-2.336112e+01	-6.465626e-01
7.000000e-08	-3.250532e-06	-5.379455e-11	-2.332061e+01	-6.355291e-01
8.000000e-08	-3.243928e-06	-7.062433e-12	-2.327323e+01	-6.499727e-01
9.000000e-08	-3.236196e-06	1.040369e-10	-2.321777e+01	-6.861244e-01
1.000000e-07	-3.227368e-06	6.353648e-11	-2.315442e+01	-7.307977e-01
1.100000e-07	-3.217502e-06	-1.822740e-10	-2.308364e+01	-7.640341e-01
1.200000e-07	-3.206864e-06	-1.575344e-10	-2.300732e+01	-7.642763e-01
1.300000e-07	-3.195344e-06	1.361580e-10	-2.292467e+01	-7.146414e-01
1.400000e-07	-3.182638e-06	1.217683e-10	-2.283351e+01	-6.084174e-01
1.500000e-07	-3.169052e-06	-1.858385e-10	-2.273604e+01	-4.520364e-01
1.600000e-07	-3.154762e-06	-7.140001e-11	-2.263352e+01	-2.644673e-01
1.700000e-07	-3.139063e-06	1.958475e-10	-2.252089e+01	-7.301943e-02
1.800000e-07	-3.122005e-06	1.087278e-11	-2.239851e+01	9.336157e-02
1.900000e-07	-3.104459e-06	-7.029947e-11	-2.227263e+01	2.114389e-01
2.000000e-07	-3.086179e-06	2.901494e-11	-2.214148e+01	2.695697e-01
2.100000e-07	-3.066819e-06	-5.618424e-11	-2.200258e+01	2.704353e-01
2.200000e-07	-3.046745e-06	-5.849832e-11	-2.185856e+01	2.298446e-01
2.300000e-07	-3.026138e-06	1.363502e-10	-2.171073e+01	1.720026e-01
2.400000e-07	-3.004659e-06	1.546930e-11	-2.155662e+01	1.226733e-01
2.500000e-07	-2.982326e-06	-1.633015e-10	-2.139640e+01	1.022707e-01
2.600000e-07	-2.959285e-06	3.312703e-11	-2.123110e+01	1.208789e-01
2.700000e-07	-2.935467e-06	1.502291e-10	-2.106021e+01	1.765715e-01
2.800000e-07	-2.910977e-06	-5.307745e-11	-2.088451e+01	2.573537e-01
2.900000e-07	-2.885667e-06	-1.394610e-10	-2.070293e+01	3.459399e-01
3.000000e-07	-2.859152e-06	-1.257186e-12	-2.051270e+01	4.257361e-01
3.100000e-07	-2.831520e-06	1.028629e-10	-2.031445e+01	4.860951e-01
3.200000e-07	-2.803143e-06	3.864935e-11	-2.011087e+01	5.252223e-01
3.300000e-07	-2.774021e-06	-1.129548e-10	-1.990194e+01	5.499291e-01
3.400000e-07	-2.744141e-06	-9.457742e-12	-1.968756e+01	5.724761e-01
3.500000e-07	-2.713546e-06	1.163321e-10	-1.946806e+01	6.056865e-01
3.600000e-07	-2.682040e-06	5.848767e-12	-1.924202e+01	6.580341e-01
3.700000e-07	-2.649888e-06	-5.671628e-11	-1.901136e+01	7.303696e-01
3.800000e-07	-2.617400e-06	1.862636e-11	-1.877827e+01	8.153593e-01
3.900000e-07	-2.584286e-06	4.117623e-11	-1.854070e+01	8.997850e-01
4.000000e-07	-2.550072e-06	5.649477e-11	-1.829523e+01	9.688972e-01
4.100000e-07	-2.514681e-06	3.953565e-11	-1.804133e+01	1.011342e+00
4.200000e-07	-2.478528e-06	-4.944992e-11	-1.778195e+01	1.023009e+00
4.300000e-07	-2.441877e-06	1.295053e-11	-1.751900e+01	1.008522e+00
4.400000e-07	-2.404638e-06	9.781329e-11	-1.725183e+01	9.798880e-01
4.500000e-07	-2.366689e-06	1.723021e-11	-1.697957e+01	9.527538e-01
4.600000e-07	-2.328018e-06	-4.887506e-11	-1.670213e+01	9.414990e-01
4.700000e-07	-2.288696e-06	3.525577e-11	-1.642002e+01	9.547638e-01
4.800000e-07	-2.248857e-06	8.732548e-11	-1.613420e+01	9.928428e-01
4.900000e-07	-2.208602e-06	1.941007e-11	-1.584539e+01	1.047751e+00
5.000000e-07	-2.167907e-06	-4.722710e-11	-1.555343e+01	1.105898e+00
5.100000e-07	-2.126611e-06	-4.917857e-12	-1.525716e+01	1.152457e+00
5.200000e-07	-2.084415e-06	7.905525e-11	-1.495443e+01	1.176002e+00
5.300000e-07	-2.041191e-06	4.050263e-11	-1.464432e+01	1.171941e+00
5.400000e-07	-1.997260e-06	-3.816803e-11	-1.432914e+01	1.143673e+00
5.500000e-07	-1.952947e-06	-9.326571e-13	-1.401122e+01	1.101205e+00
5.600000e-07	-1.908236e-06	7.300030e-11	-1.369044e+01	1.057759e+00
5.700000e-07	-1.862987e-06	2.906043e-11	-1.336582e+01	1.025531e+00
5.800000e-07	-1.817129e-06	-3.639651e-11	-1.303681e+01	1.012016e+00
5.900000e-07	-1.770772e-06	-4.860783e-12	-1.270422e+01	1.018044e+00
6.000000e-07	-1.723988e-06	5.649479e-11	-1.236858e+01	1.038076e+00
6.100000e-07	-1.676653e-06	4.558185e-11	-1.202898e+01	1.062547e+00
6.200000e-07	-1.628832e-06	-1.522498e-11	-1.168589e+01	1.081367e+00
6.300000e-07	-1.580669e-06	-7.882979e-12	-1.134035e+01	1.087353e+00
6.400000e-07	-1.532212e-06	5.036410e-11	-1.099270e+01	1.078431e+00
6.500000e-07	-1.483246e-06	4.700413e-11	-1.064140e+01	1.057941e+00
6.600000e-07	-1.433605e-06	-1.459433e-11	-1.028525e+01	1.033014e+00
6.700000e-07	-1.383257e-06	-1.312666e-11	-9.924041e+00	1.011687e+00
6.800000e-07	-1.332222e-06	4.714569e-11	-9.557890e+00	9.998182e-01
6.900000e-07	-1.280649e-06	4.911380e-11	-9.187889e+00	9.989077e-01
7.000000e-07	-1.228621e-06	-8.319319e-12	-8.814619e+00	1.005575e+00
7.100000e-07	-1.176236e-06	-1.830323e-11	-8.438785e+00	1.012858e+00
7.200000e-07	-1.123546e-06	3.389132e-11	-8.060766e+00	1.012845e+00
7.300000e-07	-1.070539e-06	4.721006e-11	-7.680476e+00	9.996941e-01
7.400000e-07	-1.017129e-06	5.044379e-13	-7.297293e+00	9.719624e-01
7.500000e-07	-9.633820e-07	-1.286660e-11	-6.911687e+00	9.334180e-01
7.600000e-07	-9.094720e-07	3.577721e-11	-6.524915e+00	8.920399e-01
7.700000e-07	-8.553352e-07	4.838960e-11	-6.136516e+00	8.575359e-01
7.800000e-07	-8.009289e-07	-3.986443e-13	-5.746184e+00	8.382243e-01
7.900000e-07	-7.463537e-07	-1.691449e-11	-5.354639e+00	8.383387e-01
8.000000e-07	-6.916291e-07	2.636972e-11	-4.962023e+00	8.566706e-01
8.100000e-07	-6.366884e-07	4.571593e-11	-4.567857e+00	8.870055e-01
8.200000e-07	-5.815254e-07	6.475463e-12	-4.172096e+00	9.202004e-01
8.300000e-07	-5.262050e-07	-9.227113e-12	-3.775204e+00	9.471955e-01
8.400000e-07	-4.707982e-07	2.971167e-11	-3.377694e+00	9.619474e-01
8.500000e-07	-4.153271e-07	4.891467e-11	-2.979723e+00	9.633076e-01
8.600000e-07	-3.596651e-07	1.195037e-11	-2.580381e+00	9.552342e-01
8.700000e-07	-3.038048e-07	-1.236693e-11	-2.179617e+00	9.452933e-01
8.800000e-07	-2.479447e-07	2.279131e-11	-1.778854e+00	9.419775e-01
8.900000e-07	-1.920905e-07	4.892480e-11	-1.378134e+00	9.517548e-01
9.000000e-07	-1.361331e-07	1.853019e-11	-9.766735e-01	9.768352e-01
9.100000e-07	-8.013559e-08	-5.733527e-12	-5.749247e-01	1.014380e+00
9.200000e-07	-2.418629e-08	2.401788e-11	-1.735221e-01	1.057383e+00
9.300000e-07	3.170267e-08	4.706863e-11	2.274476e-01	1.096889e+00
9.400000e-07	8.763930e-08	1.759489e-11	6.287593e-01	1.124779e+00
9.500000e-07	1.436135e-07	-6.490686e-12	1.030341e+00	1.136195e+00
9.600000e-07	1.995498e-07	1.952025e-11	1.431650e+00	1.130812e+00
9.700000e-07	2.554017e-07	4.700368e-11	1.832354e+00	1.112605e+00
9.800000e-07	3.112073e-07	2.665275e-11	2.232725e+00	1.088263e+00
9.900000e-07	3.669386e-07	-3.131199e-13	2.632564e+00	1.064874e+00
1.000000e-06	4.225437e-07	1.578942e-11	3.031497e+00	1.047695e+00
1.010000e-06	4.780171e-07	4.002629e-11	3.429485e+00	1.038805e+00
1.020000e-06	5.333721e-07	2.223462e-11	3.826625e+00	1.037040e+00
1.030000e-06	5.886873e-07	-2.771955e-12	4.223478e+00	1.039174e+00
1.040000e-06	6.438326e-07	1.187209e-11	4.619112e+00	1.041832e+00
1.050000e-06	6.987361e-07	3.759421e-11	5.013012e+00	1.043379e+00
1.060000e-06	7.534030e-07	2.562852e-11	5.405214e+00	1.045027e+00
1.070000e-06	8.079111e-07	5.498069e-14	5.796277e+00	1.050709e+00
1.080000e-06	8.622819e-07	1.136074e-11	6.186355e+00	1.065716e+00
1.090000e-06	9.164656e-07	3.526100e-11	6.575090e+00	1.094555e+00
1.100000e-06	9.704319e-07	2.680245e-11	6.962266e+00	1.138790e+00
1.110000e-06	1.024117e-06	3.320576e-12	7.347426e+00	1.195677e+00
1.120000e-06	1.077490e-06	1.230319e-11	7.730346e+00	1.258141e+00
1.130000e-06	1.130471e-06	3.862345e-11	8.110448e+00	1.316218e+00
1.140000e-06	1.183046e-06	3.498934e-11	8.487648e+00	1.359589e+00
1.150000e-06	1.235301e-06	1.428483e-11	8.862540e+00	1.380440e+00
1.160000e-06	1.287259e-06	1.733234e-11	9.235308e+00	1.375778e+00
1.170000e-06	1.338695e-06	3.566303e-11	9.604335e+00	1.348477e+00
1.180000e-06	1.389403e-06	2.965716e-11	9.968133e+00	1.306709e+00
1.190000e-06	1.439285e-06	9.868724e-12	1.032601e+01	1.261947e+00
1.200000e-06	1.488499e-06	1.285207e-11	1.067909e+01	1.226117e+00
1.210000e-06	1.537254e-06	3.144838e-11	1.102887e+01	1.208742e+00
1.220000e-06	1.585628e-06	2.847709e-11	1.137593e+01	1.214883e+00
1.230000e-06	1.633626e-06	8.500482e-12	1.172029e+01	1.244380e+00
1.240000e-06	1.681218e-06	9.817034e-12	1.206173e+01	1.292492e+00
1.250000e-06	1.728351e-06	2.751911e-11	1.239988e+01	1.351587e+00
1.260000e-06	1.774923e-06	2.750768e-11	1.273400e+01	1.413267e+00
1.270000e-06	1.820999e-06	9.951032e-12	1.306457e+01	1.470265e+00
1.280000e-06	1.866571e-06	1.044475e-11	1.339153e+01	1.517585e+00
1.290000e-06	1.911611e-06	3.145493e-11	1.371466e+01	1.552741e+00
1.300000e-06	1.956208e-06	3.569889e-11	1.403462e+01	1.575230e+00
1.310000e-06	2.000517e-06	1.908122e-11	1.435250e+01	1.585674e+00
1.320000e-06	2.044572e-06	1.388740e-11	1.466858e+01	1.585080e+00
1.330000e-06	2.088112e-06	2.524811e-11	1.498095e+01	1.574560e+00
1.340000e-06	2.130736e-06	2.634212e-11	1.528675e+01	1.555565e+00
1.350000e-06	2.172294e-06	1.150540e-11	1.558491e+01	1.530416e+00
1.360000e-06	2.213031e-06	9.436085e-12	1.587717e+01	1.502736e+00
1.370000e-06	2.253321e-06	2.708888e-11	1.616622e+01	1.477386e+00
1.380000e-06	2.293269e-06	3.223642e-11	1.645283e+01	1.459709e+00
1.390000e-06	2.332631e-06	1.496649e-11	1.673523e+01	1.454165e+00
1.400000e-06	2.371281e-06	5.928261e-12	1.701251e+01	1.462784e+00
1.410000e-06	2.409257e-06	1.727587e-11	1.728497e+01	1.483979e+00
1.420000e-06	2.446529e-06	2.339584e-11	1.755237e+01	1.512286e+00
1.430000e-06	2.483207e-06	1.349699e-11	1.781552e+01	1.539288e+00
1.440000e-06	2.519481e-06	1.181825e-11	1.807576e+01	1.555627e+00
1.450000e-06	2.555153e-06	2.584283e-11	1.833169e+01	1.553582e+00
1.460000e-06	2.589817e-06	3.253000e-11	1.858038e+01	1.529453e+00
1.470000e-06	2.623377e-06	2.137105e-11	1.882116e+01	1.484954e+00
1.480000e-06	2.656063e-06	1.279194e-11	1.905566e+01	1.427093e+00
1.490000e-06	2.688217e-06	1.775903e-11	1.928634e+01	1.366470e+00
1.500000e-06	2.719729e-06	2.225358e-11	1.951243e+01	1.314416e+00
1.510000e-06	2.750423e-06	1.734748e-11	1.973263e+01	1.279824e+00
1.520000e-06	2.780372e-06	1.536245e-11	1.994750e+01	1.266628e+00
1.530000e-06	2.809492e-06	2.368704e-11	2.015642e+01	1.272728e+00
1.540000e-06	2.837972e-06	2.960062e-11	2.036075e+01	1.290722e+00
1.550000e-06	2.865977e-06	2.452188e-11	2.056166e+01	1.310230e+00
1.560000e-06	2.893066e-06	1.856771e-11	2.075601e+01	1.321082e+00
1.570000e-06	2.918968e-06	2.121248e-11	2.094184e+01	1.316365e+00
1.580000e-06	2.943843e-06	2.390216e-11	2.112031e+01	1.294373e+00
1.590000e-06	2.967971e-06	1.888538e-11	2.129341e+01	1.258846e+00
1.600000e-06	2.991350e-06	1.417428e-11	2.146114e+01	1.217478e+00
1.610000e-06	3.013875e-06	1.986909e-11	2.162274e+01	1.179196e+00
1.620000e-06	3.035609e-06	2.517133e-11	2.177867e+01	1.151169e+00
1.630000e-06	3.056515e-06	2.111178e-11	2.192866e+01	1.136525e+00
1.640000e-06	3.076764e-06	1.608693e-11	2.207393e+01	1.133540e+00
1.650000e-06	3.096318e-06	1.676224e-11	2.221422e+01	1.136536e+00
1.660000e-06	3.114889e-06	1.925166e-11	2.234746e+01	1.138126e+00
1.670000e-06	3.132548e-06	1.546555e-11	2.247415e+01	1.132001e+00
1.680000e-06	3.149414e-06	1.024144e-11	2.259515e+01	1.115245e+00
1.690000e-06	3.165357e-06	1.241215e-11	2.270953e+01	1.089376e+00
1.700000e-06	3.180255e-06	1.722863e-11	2.281642e+01	1.059718e+00
1.710000e-06	3.194222e-06	1.649733e-11	2.291663e+01	1.033344e+00
1.720000e-06	3.207293e-06	1.345381e-11	2.301040e+01	1.016328e+00
1.730000e-06	3.219448e-06	1.462874e-11	2.309761e+01	1.011306e+00
1.740000e-06	3.230543e-06	1.716205e-11	2.317721e+01	1.016237e+00
1.750000e-06	3.240316e-06	1.460584e-11	2.324732e+01	1.024881e+00
1.760000e-06	3.249045e-06	1.074411e-11	2.330995e+01	1.028835e+00
1.770000e-06	3.257067e-06	1.159227e-11	2.336750e+01	1.020474e+00
1.780000e-06	3.264241e-06	1.443251e-11	2.341897e+01	9.957438e-01
1.790000e-06	3.270451e-06	1.506360e-11	2.346352e+01	9.557848e-01
1.800000e-06	3.275727e-06	1.347137e-11	2.350137e+01	9.067787e-01
1.810000e-06	3.280229e-06	1.201274e-11	2.353367e+01	8.579829e-01
1.820000e-06	3.284012e-06	1.100079e-11	2.356081e+01	8.186016e-01
1.830000e-06	3.286734e-06	8.910901e-12	2.358034e+01	7.945699e-01
1.840000e-06	3.288217e-06	8.189857e-12	2.359098e+01	7.864076e-01
1.850000e-06	3.288749e-06	9.588009e-12	2.359480e+01	7.889644e-01
1.860000e-06	3.288490e-06	1.127364e-11	2.359294e+01	7.932371e-01
1.870000e-06	3.287354e-06	1.546215e-11	2.358479e+01	7.897019e-01
1.880000e-06	3.285390e-06	1.571134e-11	2.357070e+01	7.720287e-01
1.890000e-06	3.282599e-06	1.203895e-11	2.355068e+01	7.398366e-01
1.900000e-06	3.279090e-06	8.459789e-12	2.352550e+01	6.994085e-01
1.910000e-06	3.274940e-06	-8.188179e-12	2.349573e+01	6.619318e-01
1.920000e-06	3.269836e-06	-3.878900e-11	2.345911e+01	6.396758e-01
1.930000e-06	3.263477e-06	2.525582e-13	2.341349e+01	6.412751e-01
1.940000e-06	3.256049e-06	1.341860e-10	2.336019e+01	6.676882e-01
1.950000e-06	3.247440e-06	9.436315e-11	2.329843e+01	7.102989e-01
1.960000e-06	3.237290e-06	-1.641582e-10	2.322561e+01	7.520211e-01
1.970000e-06	3.226479e-06	-1.166527e-10	2.314805e+01	7.713401e-01
1.980000e-06	3.215855e-06	1.608582e-10	2.307182e+01	7.482549e-01
1.990000e-06	3.204369e-06	1.133946e-10	2.298942e+01	6.704033e-01
2.000000e-06	3.190804e-06	-1.972047e-10	2.289210e+01	5.374840e-01
2.010000e-06	3.176076e-06	-3.497739e-11	2.278644e+01	3.625109e-01
2.020000e-06	3.161136e-06	2.131933e-10	2.267925e+01	1.693412e-01
2.030000e-06	3.145119e-06	-5.920062e-11	2.256434e+01	-1.296976e-02
2.040000e-06	3.127916e-06	-8.435010e-11	2.244092e+01	-1.574565e-01
2.050000e-06	3.110349e-06	1.181465e-10	2.231488e+01	-2.461098e-01
2.060000e-06	3.092162e-06	-7.707478e-11	2.218440e+01	-2.743484e-01
2.070000e-06	3.072962e-06	-1.646260e-10	2.204666e+01	-2.518105e-01
2.080000e-06	3.053158e-06	1.595017e-10	2.190457e+01	-1.992697e-01
2.090000e-06	3.032571e-06	3.687312e-11	2.175687e+01	-1.426199e-01
2.100000e-06	3.010535e-06	-2.304514e-10	2.159878e+01	-1.057356e-01
2.110000e-06	2.987364e-06	5.001403e-11	2.143254e+01	-1.043031e-01
2.120000e-06	2.963492e-06	1.802703e-10	2.126127e+01	-1.423789e-01
2.130000e-06	2.938845e-06	-1.168479e-10	2.108445e+01	-2.125520e-01
2.140000e-06	2.913517e-06	-1.329852e-10	2.090273e+01	-2.994648e-01
2.150000e-06	2.887311e-06	1.019217e-11	2.071472e+01	-3.854308e-01
2.160000e-06	2.860166e-06	4.926157e-11	2.051998e+01	-4.562889e-01
2.170000e-06	2.832565e-06	2.376115e-11	2.032195e+01	-5.056449e-01
2.180000e-06	2.804164e-06	-1.421929e-10	2.011819e+01	-5.362382e-01
2.190000e-06	2.774345e-06	-4.565559e-11	1.990426e+01	-5.581439e-01
2.200000e-06	2.743527e-06	1.403492e-10	1.968316e+01	-5.845587e-01
2.210000e-06	2.712124e-06	-3.960701e-11	1.945786e+01	-6.266769e-01
2.220000e-06	2.680024e-06	-1.282592e-10	1.922756e+01	-6.894160e-01
2.230000e-06	2.647159e-06	4.199063e-11	1.899177e+01	-7.694173e-01
2.240000e-06	2.613505e-06	2.014402e-11	1.875033e+01	-8.559601e-01
2.250000e-06	2.579233e-06	-5.430721e-12	1.850444e+01	-9.344413e-01
2.260000e-06	2.544430e-06	4.429077e-12	1.825476e+01	-9.912238e-01
2.270000e-06	2.508956e-06	-8.370114e-11	1.800025e+01	-1.018219e+00
2.280000e-06	2.472856e-06	-2.063703e-12	1.774126e+01	-1.015676e+00
2.290000e-06	2.436024e-06	6.989560e-11	1.747701e+01	-9.922484e-01
2.300000e-06	2.398038e-06	-4.066066e-11	1.720448e+01	-9.623403e-01
2.310000e-06	2.359086e-06	-7.258995e-11	1.692503e+01	-9.415884e-01
2.320000e-06	2.319639e-06	1.992287e-11	1.664202e+01	-9.419734e-01
2.330000e-06	2.279766e-06	6.039063e-11	1.635595e+01	-9.681308e-01
2.340000e-06	2.239337e-06	-1.732495e-11	1.606589e+01	-1.016032e+00
2.350000e-06	2.198246e-06	-1.016372e-10	1.577110e+01	-1.074419e+00
2.360000e-06	2.156610e-06	-2.033109e-11	1.547238e+01	-1.128484e+00
2.370000e-06	2.114430e-06	6.433547e-11	1.516977e+01	-1.164565e+00
2.380000e-06	2.071625e-06	-2.566463e-11	1.486267e+01	-1.174348e+00
2.390000e-06	2.028353e-06	-9.454204e-11	1.455222e+01	-1.157255e+00
2.400000e-06	1.984733e-06	-1.290376e-11	1.423927e+01	-1.120310e+00
2.410000e-06	1.940634e-06	6.252768e-11	1.392289e+01	-1.075635e+00
2.420000e-06	1.895961e-06	-2.203902e-11	1.360238e+01	-1.036467e+00
2.430000e-06	1.850638e-06	-9.338334e-11	1.327722e+01	-1.013025e+00
2.440000e-06	1.804740e-06	-1.527384e-11	1.294792e+01	-1.009580e+00
2.450000e-06	1.758425e-06	4.751676e-11	1.261564e+01	-1.023598e+00
2.460000e-06	1.711704e-06	-2.299416e-12	1.228045e+01	-1.047136e+00
2.470000e-06	1.664577e-06	-6.885559e-11	1.194234e+01	-1.069902e+00
2.480000e-06	1.616830e-06	-3.338925e-11	1.159978e+01	-1.082885e+00
2.490000e-06	1.568452e-06	4.408210e-11	1.125270e+01	-1.081290e+00
2.500000e-06	1.519509e-06	5.780591e-12	1.090156e+01	-1.065843e+00
2.510000e-06	1.470057e-06	-7.565671e-11	1.054677e+01	-1.042081e+00
2.520000e-06	1.420296e-06	-3.893166e-11	1.018977e+01	-1.017989e+00
2.530000e-06	1.370086e-06	3.570777e-11	9.829543e+00	-1.000867e+00
2.540000e-06	1.319385e-06	1.385277e-11	9.465795e+00	-9.945756e-01
2.550000e-06	1.268263e-06	-6.047942e-11	9.099027e+00	-9.981203e-01
2.560000e-06	1.216805e-06	-4.846085e-11	8.729847e+00	-1.006067e+00
2.570000e-06	1.165071e-06	2.721502e-11	8.358681e+00	-1.010599e+00
2.580000e-06	1.113037e-06	1.300115e-11	7.985375e+00	-1.004483e+00
2.590000e-06	1.060521e-06	-5.835616e-11	7.608599e+00	-9.838640e-01
2.600000e-06	1.007564e-06	-4.793470e-11	7.228667e+00	-9.499180e-01
2.610000e-06	9.541325e-07	2.550301e-11	6.845327e+00	-9.087509e-01
2.620000e-06	9.001558e-07	2.511375e-11	6.458077e+00	-8.695801e-01
2.630000e-06	8.458693e-07	-4.687474e-11	6.068604e+00	-8.418069e-01
2.640000e-06	7.912554e-07	-4.842539e-11	5.676782e+00	-8.319779e-01
2.650000e-06	7.363774e-07	1.735834e-11	5.283065e+00	-8.416669e-01
2.660000e-06	6.812808e-07	2.378620e-11	4.887781e+00	-8.669945e-01
2.670000e-06	6.260005e-07	-3.732395e-11	4.491177e+00	-8.999422e-01
2.680000e-06	5.706559e-07	-4.831548e-11	4.094113e+00	-9.310119e-01
2.690000e-06	5.152381e-07	1.026578e-11	3.696524e+00	-9.523313e-01
2.700000e-06	4.597206e-07	2.256821e-11	3.298219e+00	-9.601656e-01
2.710000e-06	4.041264e-07	-3.434292e-11	2.899364e+00	-9.560061e-01
2.720000e-06	3.485185e-07	-4.611210e-11	2.500411e+00	-9.458945e-01
2.730000e-06	2.928630e-07	9.979775e-12	2.101116e+00	-9.382361e-01
2.740000e-06	2.371113e-07	2.622939e-11	1.701131e+00	-9.408567e-01
2.750000e-06	1.813431e-07	-2.431181e-11	1.301028e+00	-9.582964e-01
2.760000e-06	1.256181e-07	-4.385532e-11	9.012346e-01	-9.902339e-01
2.770000e-06	6.990226e-08	2.686956e-12	5.015067e-01	-1.031539e+00
2.780000e-06	1.416243e-08	1.768076e-11	1.016069e-01	-1.073896e+00
2.790000e-06	-4.165870e-08	-2.922207e-11	-2.988762e-01	-1.108422e+00
2.800000e-06	-9.746151e-08	-4.681946e-11	-6.992278e-01	-1.128382e+00
2.810000e-06	-1.531814e-07	-3.229114e-12	-1.098984e+00	-1.131117e+00
2.820000e-06	-2.088974e-07	1.866412e-11	-1.498714e+00	-1.118576e+00
2.830000e-06	-2.645474e-07	-1.985848e-11	-1.897969e+00	-1.096353e+00
2.840000e-06	-3.201809e-07	-4.128883e-11	-2.297105e+00	-1.071641e+00
2.850000e-06	-3.757576e-07	-5.039132e-12	-2.695835e+00	-1.050851e+00
2.860000e-06	-4.312687e-07	1.673887e-11	-3.094094e+00	-1.037745e+00
2.870000e-06	-4.867732e-07	-1.715208e-11	-3.492305e+00	-1.032701e+00
2.880000e-06	-5.421843e-07	-3.855772e-11	-3.889847e+00	-1.033317e+00
2.890000e-06	-5.975035e-07	-6.760013e-12	-4.286729e+00	-1.036035e+00
2.900000e-06	-6.527604e-07	1.704742e-11	-4.683164e+00	-1.038147e+00
2.910000e-06	-7.079054e-07	-1.114390e-11	-5.078796e+00	-1.039374e+00
2.920000e-06	-7.628029e-07	-3.542456e-11	-5.472652e+00	-1.042388e+00
2.930000e-06	-8.174074e-07	-1.130828e-11	-5.864407e+00	-1.052036e+00
2.940000e-06	-8.717782e-07	1.173743e-11	-6.254485e+00	-1.073505e+00
2.950000e-06	-9.257329e-07	-7.882020e-12	-6.641577e+00	-1.110068e+00
2.960000e-06	-9.791380e-07	-2.882282e-11	-7.024727e+00	-1.161230e+00
2.970000e-06	-1.032048e-06	-9.637202e-12	-7.404324e+00	-1.221990e+00
2.980000e-06	-1.084521e-06	9.665773e-12	-7.780788e+00	-1.283566e+00
2.990000e-06	-1.136531e-06	-1.228091e-11	-8.153925e+00	-1.335459e+00
3.000000e-06	-1.188147e-06	-3.642602e-11	-8.524238e+00	-1.368257e+00
3.010000e-06	-1.239481e-06	-1.977667e-11	-8.892534e+00	-1.376336e+00
3.020000e-06	-1.290569e-06	3.055463e-12	-9.259056e+00	-1.359602e+00
3.030000e-06	-1.341220e-06	-8.603595e-12	-9.622445e+00	-1.323749e+00
3.040000e-06	-1.391342e-06	-2.668975e-11	-9.982041e+00	-1.278921e+00
3.050000e-06	-1.441098e-06	-1.433496e-11	-1.033901e+01	-1.237194e+00
3.060000e-06	-1.490486e-06	3.185154e-12	-1.069334e+01	-1.209615e+00
3.070000e-06	-1.539303e-06	-1.187474e-11	-1.104357e+01	-1.203661e+00
3.080000e-06	-1.587358e-06	-3.390077e-11	-1.138834e+01	-1.221786e+00
3.090000e-06	-1.634725e-06	-2.584953e-11	-1.172817e+01	-1.261383e+00
3.100000e-06	-1.681527e-06	-8.943602e-12	-1.206394e+01	-1.316008e+00
3.110000e-06	-1.727803e-06	-1.615159e-11	-1.239595e+01	-1.377383e+00
3.120000e-06	-1.773700e-06	-3.356723e-11	-1.272523e+01	-1.437474e+00
3.130000e-06	-1.819327e-06	-2.795542e-11	-1.305258e+01	-1.490066e+00
3.140000e-06	-1.864526e-06	-1.213348e-11	-1.337686e+01	-1.531442e+00
3.150000e-06	-1.909192e-06	-1.988662e-11	-1.369731e+01	-1.560207e+00
3.160000e-06	-1.953258e-06	-3.729033e-11	-1.401345e+01	-1.576529e+00
3.170000e-06	-1.996851e-06	-3.309023e-11	-1.432620e+01	-1.581292e+00
3.180000e-06	-2.040162e-06	-1.668679e-11	-1.463694e+01	-1.575556e+00
3.190000e-06	-2.083029e-06	-2.070157e-11	-1.494448e+01	-1.560546e+00
3.200000e-06	-2.125313e-06	-3.602411e-11	-1.524785e+01	-1.538078e+00
3.210000e-06	-2.167040e-06	-3.225119e-11	-1.554721e+01	-1.511094e+00
3.220000e-06	-2.208175e-06	-1.723529e-11	-1.584233e+01	-1.483886e+00
3.230000e-06	-2.248683e-06	-1.817450e-11	-1.613295e+01	-1.461693e+00
3.240000e-06	-2.288622e-06	-3.216532e-11	-1.641949e+01	-1.449612e+00
3.250000e-06	-2.328150e-06	-3.264773e-11	-1.670308e+01	-1.451073e+00
3.260000e-06	-2.367191e-06	-1.915501e-11	-1.698317e+01	-1.466398e+00
3.270000e-06	-2.405387e-06	-1.903367e-11	-1.725721e+01	-1.492023e+00
3.280000e-06	-2.442502e-06	-3.161475e-11	-1.752348e+01	-1.520816e+00
3.290000e-06	-2.478658e-06	-3.028054e-11	-1.778288e+01	-1.543586e+00
3.300000e-06	-2.514273e-06	-1.911883e-11	-1.803840e+01	-1.551465e+00
3.310000e-06	-2.549364e-06	-1.959102e-11	-1.829015e+01	-1.538489e+00
3.320000e-06	-2.583706e-06	-3.072069e-11	-1.853654e+01	-1.503577e+00
3.330000e-06	-2.617368e-06	-2.836574e-11	-1.877804e+01	-1.451211e+00
3.340000e-06	-2.650287e-06	-1.479983e-11	-1.901422e+01	-1.390493e+00
3.350000e-06	-2.682380e-06	-1.258741e-11	-1.924447e+01	-1.332788e+00
3.360000e-06	-2.713887e-06	-2.272875e-11	-1.947051e+01	-1.288589e+00
3.370000e-06	-2.744784e-06	-2.423425e-11	-1.969218e+01	-1.264547e+00
3.380000e-06	-2.774630e-06	-1.251997e-11	-1.990630e+01	-1.261601e+00
3.390000e-06	-2.803252e-06	-1.066854e-11	-2.011165e+01	-1.274798e+00
3.400000e-06	-2.831035e-06	-2.139411e-11	-2.031097e+01	-1.294882e+00
3.410000e-06	-2.858283e-06	-2.485123e-11	-2.050647e+01	-1.311163e+00
3.420000e-06	-2.884796e-06	-1.701234e-11	-2.069668e+01	-1.314767e+00
3.430000e-06	-2.910456e-06	-1.599936e-11	-2.088077e+01	-1.301239e+00
3.440000e-06	-2.935205e-06	-2.343682e-11	-2.105833e+01	-1.271682e+00
3.450000e-06	-2.959152e-06	-2.385255e-11	-2.123014e+01	-1.232094e+00
3.460000e-06	-2.982567e-06	-1.361077e-11	-2.139813e+01	-1.191166e+00
3.470000e-06	-3.005231e-06	-1.027788e-11	-2.156072e+01	-1.157300e+00
3.480000e-06	-3.026793e-06	-1.816150e-11	-2.171542e+01	-1.135848e+00
3.490000e-06	-3.047176e-06	-2.212674e-11	-2.186165e+01	-1.127506e+00
3.500000e-06	-3.066714e-06	-1.660868e-11	-2.200183e+01	-1.128362e+00
3.510000e-06	-3.085604e-06	-1.475007e-11	-2.213735e+01	-1.131546e+00
3.520000e-06	-3.103676e-06	-2.028356e-11	-2.226701e+01	-1.129868e+00
3.530000e-06	-3.120918e-06	-2.365750e-11	-2.239071e+01	-1.118490e+00
3.540000e-06	-3.137272e-06	-2.080704e-11	-2.250804e+01	-1.096687e+00
3.550000e-06	-3.152917e-06	-1.687240e-11	-2.262029e+01	-1.068057e+00
3.560000e-06	-3.167828e-06	-1.962461e-11	-2.272726e+01	-1.039124e+00
3.570000e-06	-3.181542e-06	-2.148895e-11	-2.282565e+01	-1.016808e+00
3.580000e-06	-3.193926e-06	-1.580514e-11	-2.291450e+01	-1.005712e+00
3.590000e-06	-3.205262e-06	-1.009366e-11	-2.299583e+01	-1.006186e+00
3.600000e-06	-3.215681e-06	-1.394134e-11	-2.307058e+01	-1.013922e+00
3.610000e-06	-3.225262e-06	-2.013565e-11	-2.313932e+01	-1.021265e+00
3.620000e-06	-3.234024e-06	-2.019618e-11	-2.320218e+01	-1.019818e+00
3.630000e-06	-3.241939e-06	-1.674677e-11	-2.325897e+01	-1.003444e+00
3.640000e-06	-3.249123e-06	-1.683803e-11	-2.331050e+01	-9.705853e-01
3.650000e-06	-3.255297e-06	-1.904629e-11	-2.335480e+01	-9.250439e-01
3.660000e-06	-3.260183e-06	-1.627309e-11	-2.338986e+01	-8.748790e-01
3.670000e-06	-3.264050e-06	-1.088949e-11	-2.341760e+01	-8.297464e-01
3.680000e-06	-3.267141e-06	-1.067668e-11	-2.343978e+01	-7.975758e-01
3.690000e-06	-3.269412e-06	-1.525280e-11	-2.345607e+01	-7.817576e-01
3.700000e-06	-3.270872e-06	-1.634049e-11	-2.346654e+01	-7.798744e-01
3.710000e-06	-3.271393e-06	-1.589093e-11	-2.347028e+01	-7.845064e-01
