# Temperatura_=_20.0
# Concentracion g/m^3_=_9000.0
# C_Vs_to_Am_M_A/Vsm_=_59384043850.047264
# pendiente_HvsI_1/m_=_3716.3
# ordenada_HvsI_A/m_=_1297.0
# frecuencia_Hz_=_269515.39385142026

Tiempo_(s)	Campo_(V.s)	Magnetizacion_(V.s)	Campo_(kA/m)	Magnetizacion_(A/m)
0.000000e+00	-3.257298e-06	-6.792673e-09	-2.347617e+01	-4.002119e+02
1.000000e-08	-3.257016e-06	-6.790967e-09	-2.347413e+01	-4.003082e+02
2.000000e-08	-3.255939e-06	-6.785650e-09	-2.346637e+01	-4.003599e+02
3.000000e-08	-3.253752e-06	-6.784195e-09	-2.345061e+01	-4.003319e+02
4.000000e-08	-3.250471e-06	-6.787407e-09	-2.342697e+01	-4.001935e+02
5.000000e-08	-3.246337e-06	-6.793601e-09	-2.339717e+01	-3.999295e+02
6.000000e-08	-3.241433e-06	-6.803624e-09	-2.336183e+01	-3.995471e+02
7.000000e-08	-3.235732e-06	-6.800184e-09	-2.332074e+01	-3.990768e+02
8.000000e-08	-3.229098e-06	-6.735909e-09	-2.327293e+01	-3.985666e+02
9.000000e-08	-3.221386e-06	-6.670805e-09	-2.321734e+01	-3.980697e+02
1.000000e-07	-3.212586e-06	-6.762062e-09	-2.315392e+01	-3.976303e+02
1.100000e-07	-3.202721e-06	-6.889612e-09	-2.308282e+01	-3.972706e+02
1.200000e-07	-3.191928e-06	-6.775618e-09	-2.300503e+01	-3.969826e+02
1.300000e-07	-3.180246e-06	-6.588549e-09	-2.292084e+01	-3.967282e+02
1.400000e-07	-3.167538e-06	-6.670100e-09	-2.282924e+01	-3.964473e+02
1.500000e-07	-3.153920e-06	-6.783703e-09	-2.273110e+01	-3.960712e+02
1.600000e-07	-3.139373e-06	-6.590504e-09	-2.262625e+01	-3.955398e+02
1.700000e-07	-3.123509e-06	-6.531973e-09	-2.251191e+01	-3.948154e+02
1.800000e-07	-3.106576e-06	-6.644013e-09	-2.238988e+01	-3.938915e+02
1.900000e-07	-3.088983e-06	-6.597150e-09	-2.226308e+01	-3.927937e+02
2.000000e-07	-3.070535e-06	-6.608639e-09	-2.213012e+01	-3.915717e+02
2.100000e-07	-3.051142e-06	-6.612740e-09	-2.199035e+01	-3.902867e+02
2.200000e-07	-3.031056e-06	-6.460958e-09	-2.184559e+01	-3.889947e+02
2.300000e-07	-3.010338e-06	-6.404613e-09	-2.169627e+01	-3.877338e+02
2.400000e-07	-2.988829e-06	-6.596980e-09	-2.154125e+01	-3.865153e+02
2.500000e-07	-2.966601e-06	-6.566691e-09	-2.138104e+01	-3.853230e+02
2.600000e-07	-2.943633e-06	-6.290875e-09	-2.121551e+01	-3.841185e+02
2.700000e-07	-2.919867e-06	-6.348893e-09	-2.104422e+01	-3.828529e+02
2.800000e-07	-2.895316e-06	-6.534065e-09	-2.086727e+01	-3.814786e+02
2.900000e-07	-2.869845e-06	-6.399150e-09	-2.068369e+01	-3.799608e+02
3.000000e-07	-2.843324e-06	-6.217135e-09	-2.049256e+01	-3.782837e+02
3.100000e-07	-2.815787e-06	-6.238999e-09	-2.029409e+01	-3.764518e+02
3.200000e-07	-2.787403e-06	-6.328969e-09	-2.008952e+01	-3.744852e+02
3.300000e-07	-2.758292e-06	-6.273454e-09	-1.987971e+01	-3.724125e+02
3.400000e-07	-2.728531e-06	-6.093320e-09	-1.966521e+01	-3.702624e+02
3.500000e-07	-2.698038e-06	-6.101129e-09	-1.944544e+01	-3.680562e+02
3.600000e-07	-2.666686e-06	-6.186262e-09	-1.921948e+01	-3.658049e+02
3.700000e-07	-2.634676e-06	-6.094196e-09	-1.898877e+01	-3.635082e+02
3.800000e-07	-2.602200e-06	-5.969839e-09	-1.875471e+01	-3.611582e+02
3.900000e-07	-2.569027e-06	-5.976838e-09	-1.851563e+01	-3.587432e+02
4.000000e-07	-2.534864e-06	-5.977882e-09	-1.826940e+01	-3.562525e+02
4.100000e-07	-2.499654e-06	-5.916065e-09	-1.801564e+01	-3.536790e+02
4.200000e-07	-2.463635e-06	-5.845618e-09	-1.775604e+01	-3.510202e+02
4.300000e-07	-2.427053e-06	-5.783101e-09	-1.749238e+01	-3.482773e+02
4.400000e-07	-2.389851e-06	-5.779522e-09	-1.722426e+01	-3.454527e+02
4.500000e-07	-2.351940e-06	-5.743320e-09	-1.695103e+01	-3.425484e+02
4.600000e-07	-2.313389e-06	-5.648071e-09	-1.667318e+01	-3.395643e+02
4.700000e-07	-2.274219e-06	-5.593355e-09	-1.639087e+01	-3.364984e+02
4.800000e-07	-2.234462e-06	-5.591266e-09	-1.610433e+01	-3.333479e+02
4.900000e-07	-2.194264e-06	-5.542246e-09	-1.581462e+01	-3.301106e+02
5.000000e-07	-2.153668e-06	-5.453649e-09	-1.552203e+01	-3.267867e+02
5.100000e-07	-2.112514e-06	-5.393694e-09	-1.522542e+01	-3.233782e+02
5.200000e-07	-2.070550e-06	-5.358095e-09	-1.492298e+01	-3.198891e+02
5.300000e-07	-2.027586e-06	-5.310055e-09	-1.461332e+01	-3.163225e+02
5.400000e-07	-1.983829e-06	-5.222550e-09	-1.429795e+01	-3.126795e+02
5.500000e-07	-1.939605e-06	-5.150376e-09	-1.397922e+01	-3.089568e+02
5.600000e-07	-1.894972e-06	-5.116752e-09	-1.365754e+01	-3.051468e+02
5.700000e-07	-1.849867e-06	-5.067004e-09	-1.333245e+01	-3.012384e+02
5.800000e-07	-1.804243e-06	-4.969068e-09	-1.300363e+01	-2.972189e+02
5.900000e-07	-1.758159e-06	-4.890905e-09	-1.267150e+01	-2.930771e+02
6.000000e-07	-1.711563e-06	-4.846197e-09	-1.233566e+01	-2.888051e+02
6.100000e-07	-1.664439e-06	-4.773498e-09	-1.199603e+01	-2.843996e+02
6.200000e-07	-1.616858e-06	-4.673670e-09	-1.165310e+01	-2.798619e+02
6.300000e-07	-1.568865e-06	-4.588560e-09	-1.130721e+01	-2.751964e+02
6.400000e-07	-1.520472e-06	-4.530150e-09	-1.095843e+01	-2.704084e+02
6.500000e-07	-1.471653e-06	-4.454766e-09	-1.060657e+01	-2.655020e+02
6.600000e-07	-1.422287e-06	-4.353551e-09	-1.025078e+01	-2.604786e+02
6.700000e-07	-1.372202e-06	-4.260228e-09	-9.889803e+00	-2.553362e+02
6.800000e-07	-1.321472e-06	-4.191542e-09	-9.524179e+00	-2.500702e+02
6.900000e-07	-1.270133e-06	-4.110665e-09	-9.154172e+00	-2.446749e+02
7.000000e-07	-1.218274e-06	-4.000804e-09	-8.780410e+00	-2.391439e+02
7.100000e-07	-1.166102e-06	-3.896436e-09	-8.404388e+00	-2.334719e+02
7.200000e-07	-1.113638e-06	-3.809994e-09	-8.026268e+00	-2.276539e+02
7.300000e-07	-1.060818e-06	-3.716245e-09	-7.645582e+00	-2.216850e+02
7.400000e-07	-1.007651e-06	-3.598029e-09	-7.262395e+00	-2.155590e+02
7.500000e-07	-9.541959e-07	-3.484459e-09	-6.877130e+00	-2.092675e+02
7.600000e-07	-9.004447e-07	-3.389753e-09	-6.489732e+00	-2.027999e+02
7.700000e-07	-8.464408e-07	-3.291586e-09	-6.100512e+00	-1.961441e+02
7.800000e-07	-7.922510e-07	-3.167018e-09	-5.709953e+00	-1.892881e+02
7.900000e-07	-7.379121e-07	-3.035813e-09	-5.318318e+00	-1.822223e+02
8.000000e-07	-6.834094e-07	-2.920027e-09	-4.925504e+00	-1.749405e+02
8.100000e-07	-6.287457e-07	-2.800638e-09	-4.531529e+00	-1.674413e+02
8.200000e-07	-5.739277e-07	-2.660910e-09	-4.136442e+00	-1.597270e+02
8.300000e-07	-5.189647e-07	-2.515277e-09	-3.740310e+00	-1.518024e+02
8.400000e-07	-4.638504e-07	-2.385373e-09	-3.343087e+00	-1.436718e+02
8.500000e-07	-4.085321e-07	-2.257365e-09	-2.944394e+00	-1.353371e+02
8.600000e-07	-3.530734e-07	-2.112587e-09	-2.544689e+00	-1.267959e+02
8.700000e-07	-2.975611e-07	-1.956502e-09	-2.144598e+00	-1.180418e+02
8.800000e-07	-2.419777e-07	-1.805351e-09	-1.743995e+00	-1.090654e+02
8.900000e-07	-1.863031e-07	-1.657612e-09	-1.342733e+00	-9.985693e+01
9.000000e-07	-1.306015e-07	-1.496804e-09	-9.412776e-01	-9.040909e+01
9.100000e-07	-7.489908e-08	-1.324011e-09	-5.398166e-01	-8.071958e+01
9.200000e-07	-1.918761e-08	-1.157003e-09	-1.382899e-01	-7.079260e+01
9.300000e-07	3.652336e-08	-9.982109e-10	2.632330e-01	-6.063905e+01
9.400000e-07	9.220584e-08	-8.272046e-10	6.645507e-01	-5.027556e+01
9.500000e-07	1.478218e-07	-6.415858e-10	1.065389e+00	-3.972284e+01
9.600000e-07	2.034349e-07	-4.584812e-10	1.466207e+00	-2.900397e+01
9.700000e-07	2.590317e-07	-2.812219e-10	1.866907e+00	-1.814320e+01
9.800000e-07	3.145895e-07	-9.635093e-11	2.267326e+00	-7.165564e+00
9.900000e-07	3.700629e-07	9.595616e-11	2.667137e+00	3.902884e+00
1.000000e-06	4.253593e-07	2.808850e-10	3.065672e+00	1.503449e+01
1.010000e-06	4.805300e-07	4.592521e-10	3.463301e+00	2.619969e+01
1.020000e-06	5.355769e-07	6.426473e-10	3.860038e+00	3.736730e+01
1.030000e-06	5.904407e-07	8.353845e-10	4.255455e+00	4.850561e+01
1.040000e-06	6.451223e-07	1.026051e-09	4.649559e+00	5.958399e+01
1.050000e-06	6.996776e-07	1.207436e-09	5.042753e+00	7.057454e+01
1.060000e-06	7.540999e-07	1.387404e-09	5.434988e+00	8.145314e+01
1.070000e-06	8.083199e-07	1.571002e-09	5.825765e+00	9.219953e+01
1.080000e-06	8.623350e-07	1.750154e-09	6.215066e+00	1.027962e+02
1.090000e-06	9.161614e-07	1.918399e-09	6.603006e+00	1.132269e+02
1.100000e-06	9.697148e-07	2.084861e-09	6.988979e+00	1.234742e+02
1.110000e-06	1.022880e-06	2.255081e-09	7.372155e+00	1.335191e+02
1.120000e-06	1.075682e-06	2.424652e-09	7.752711e+00	1.433407e+02
1.130000e-06	1.128216e-06	2.584955e-09	8.131336e+00	1.529184e+02
1.140000e-06	1.180428e-06	2.737433e-09	8.507641e+00	1.622346e+02
1.150000e-06	1.232276e-06	2.889119e-09	8.881325e+00	1.712777e+02
1.160000e-06	1.283735e-06	3.035533e-09	9.252202e+00	1.800450e+02
1.170000e-06	1.334633e-06	3.169931e-09	9.619039e+00	1.885432e+02
1.180000e-06	1.384809e-06	3.297893e-09	9.980670e+00	1.967866e+02
1.190000e-06	1.434266e-06	3.432771e-09	1.033712e+01	2.047943e+02
1.200000e-06	1.483150e-06	3.570588e-09	1.068943e+01	2.125849e+02
1.210000e-06	1.531624e-06	3.699242e-09	1.103880e+01	2.201724e+02
1.220000e-06	1.579787e-06	3.819192e-09	1.138592e+01	2.275629e+02
1.230000e-06	1.627609e-06	3.938114e-09	1.173059e+01	2.347541e+02
1.240000e-06	1.674973e-06	4.056939e-09	1.207195e+01	2.417369e+02
1.250000e-06	1.721831e-06	4.164565e-09	1.240967e+01	2.484991e+02
1.260000e-06	1.768230e-06	4.264058e-09	1.274408e+01	2.550303e+02
1.270000e-06	1.814086e-06	4.366516e-09	1.307458e+01	2.613258e+02
1.280000e-06	1.859408e-06	4.472694e-09	1.340122e+01	2.673886e+02
1.290000e-06	1.904287e-06	4.573563e-09	1.372468e+01	2.732293e+02
1.300000e-06	1.948784e-06	4.666639e-09	1.404537e+01	2.788634e+02
1.310000e-06	1.992980e-06	4.758946e-09	1.436391e+01	2.843074e+02
1.320000e-06	2.036742e-06	4.850516e-09	1.467931e+01	2.895750e+02
1.330000e-06	2.079838e-06	4.934069e-09	1.498992e+01	2.946743e+02
1.340000e-06	2.122062e-06	5.009063e-09	1.529424e+01	2.996076e+02
1.350000e-06	2.163397e-06	5.085032e-09	1.559215e+01	3.043728e+02
1.360000e-06	2.204080e-06	5.165604e-09	1.588536e+01	3.089669e+02
1.370000e-06	2.244292e-06	5.243659e-09	1.617518e+01	3.133897e+02
1.380000e-06	2.283989e-06	5.312246e-09	1.646129e+01	3.176463e+02
1.390000e-06	2.323062e-06	5.377319e-09	1.674289e+01	3.217476e+02
1.400000e-06	2.361501e-06	5.444562e-09	1.701994e+01	3.257087e+02
1.410000e-06	2.399290e-06	5.511397e-09	1.729229e+01	3.295451e+02
1.420000e-06	2.436433e-06	5.573548e-09	1.755999e+01	3.332691e+02
1.430000e-06	2.473024e-06	5.633627e-09	1.782371e+01	3.368863e+02
1.440000e-06	2.509144e-06	5.696368e-09	1.808404e+01	3.403947e+02
1.450000e-06	2.544656e-06	5.756523e-09	1.833998e+01	3.437861e+02
1.460000e-06	2.579190e-06	5.809267e-09	1.858887e+01	3.470496e+02
1.470000e-06	2.612639e-06	5.857279e-09	1.882995e+01	3.501762e+02
1.480000e-06	2.645250e-06	5.906658e-09	1.906499e+01	3.531632e+02
1.490000e-06	2.677200e-06	5.955286e-09	1.929526e+01	3.560157e+02
1.500000e-06	2.708480e-06	6.000607e-09	1.952070e+01	3.587466e+02
1.510000e-06	2.739103e-06	6.046096e-09	1.974141e+01	3.613728e+02
1.520000e-06	2.768996e-06	6.093557e-09	1.995685e+01	3.639108e+02
1.530000e-06	2.798078e-06	6.139908e-09	2.016645e+01	3.663715e+02
1.540000e-06	2.826549e-06	6.181829e-09	2.037165e+01	3.687576e+02
1.550000e-06	2.854424e-06	6.220108e-09	2.057256e+01	3.710628e+02
1.560000e-06	2.881298e-06	6.256824e-09	2.076624e+01	3.732748e+02
1.570000e-06	2.906943e-06	6.291591e-09	2.095107e+01	3.753798e+02
1.580000e-06	2.931586e-06	6.322161e-09	2.112868e+01	3.773682e+02
1.590000e-06	2.955464e-06	6.352176e-09	2.130077e+01	3.792385e+02
1.600000e-06	2.978596e-06	6.385083e-09	2.146749e+01	3.809990e+02
1.610000e-06	3.000962e-06	6.417800e-09	2.162869e+01	3.826657e+02
1.620000e-06	3.022535e-06	6.446587e-09	2.178417e+01	3.842581e+02
1.630000e-06	3.043363e-06	6.473690e-09	2.193428e+01	3.857932e+02
1.640000e-06	3.063537e-06	6.500614e-09	2.207969e+01	3.872803e+02
1.650000e-06	3.082987e-06	6.525422e-09	2.221986e+01	3.887186e+02
1.660000e-06	3.101517e-06	6.546094e-09	2.235342e+01	3.900974e+02
1.670000e-06	3.119135e-06	6.564061e-09	2.248039e+01	3.914004e+02
1.680000e-06	3.135847e-06	6.581841e-09	2.260084e+01	3.926117e+02
1.690000e-06	3.151567e-06	6.599120e-09	2.271414e+01	3.937212e+02
1.700000e-06	3.166361e-06	6.615725e-09	2.282076e+01	3.947289e+02
1.710000e-06	3.180227e-06	6.631931e-09	2.292070e+01	3.956449e+02
1.720000e-06	3.193197e-06	6.649828e-09	2.301417e+01	3.964871e+02
1.730000e-06	3.205242e-06	6.666001e-09	2.310098e+01	3.972743e+02
1.740000e-06	3.216157e-06	6.675739e-09	2.317965e+01	3.980206e+02
1.750000e-06	3.225897e-06	6.681962e-09	2.324985e+01	3.987301e+02
1.760000e-06	3.234627e-06	6.687983e-09	2.331277e+01	3.993954e+02
1.770000e-06	3.242502e-06	6.694724e-09	2.336953e+01	4.000004e+02
1.780000e-06	3.249555e-06	6.700352e-09	2.342036e+01	4.005259e+02
1.790000e-06	3.255710e-06	6.705331e-09	2.346472e+01	4.009570e+02
1.800000e-06	3.260999e-06	6.713437e-09	2.350284e+01	4.012895e+02
1.810000e-06	3.265547e-06	6.721539e-09	2.353562e+01	4.015329e+02
1.820000e-06	3.269236e-06	6.723734e-09	2.356221e+01	4.017085e+02
1.830000e-06	3.271802e-06	6.723655e-09	2.358070e+01	4.018435e+02
1.840000e-06	3.273232e-06	6.725627e-09	2.359101e+01	4.019621e+02
1.850000e-06	3.273758e-06	6.726875e-09	2.359480e+01	4.020776e+02
1.860000e-06	3.273445e-06	6.725944e-09	2.359255e+01	4.021860e+02
1.870000e-06	3.272254e-06	6.725266e-09	2.358396e+01	4.022665e+02
1.880000e-06	3.270182e-06	6.723740e-09	2.356903e+01	4.022866e+02
1.890000e-06	3.267315e-06	6.720844e-09	2.354836e+01	4.022116e+02
1.900000e-06	3.263804e-06	6.713662e-09	2.352306e+01	4.020169e+02
1.910000e-06	3.259558e-06	6.693542e-09	2.349246e+01	4.016968e+02
1.920000e-06	3.254273e-06	6.677513e-09	2.345437e+01	4.012696e+02
1.930000e-06	3.247829e-06	6.734045e-09	2.340792e+01	4.007749e+02
1.940000e-06	3.240325e-06	6.790589e-09	2.335384e+01	4.002650e+02
1.950000e-06	3.231558e-06	6.663809e-09	2.329065e+01	3.997906e+02
1.960000e-06	3.221577e-06	6.532005e-09	2.321872e+01	3.993873e+02
1.970000e-06	3.211090e-06	6.636445e-09	2.314314e+01	3.990639e+02
1.980000e-06	3.200353e-06	6.767934e-09	2.306575e+01	3.987981e+02
1.990000e-06	3.188533e-06	6.671753e-09	2.298056e+01	3.985405e+02
2.000000e-06	3.175076e-06	6.579264e-09	2.288357e+01	3.982249e+02
2.010000e-06	3.160684e-06	6.775317e-09	2.277985e+01	3.977846e+02
2.020000e-06	3.145695e-06	6.803146e-09	2.267182e+01	3.971681e+02
2.030000e-06	3.129582e-06	6.653528e-09	2.255569e+01	3.963516e+02
2.040000e-06	3.112522e-06	6.705963e-09	2.243273e+01	3.953437e+02
2.050000e-06	3.095023e-06	6.639898e-09	2.230661e+01	3.941823e+02
2.060000e-06	3.076770e-06	6.505565e-09	2.217506e+01	3.929243e+02
2.070000e-06	3.057581e-06	6.663408e-09	2.203676e+01	3.916305e+02
2.080000e-06	3.037790e-06	6.735197e-09	2.189412e+01	3.903501e+02
2.090000e-06	3.017133e-06	6.442245e-09	2.174524e+01	3.891095e+02
2.100000e-06	2.995135e-06	6.442663e-09	2.158669e+01	3.879071e+02
2.110000e-06	2.972060e-06	6.724687e-09	2.142039e+01	3.867155e+02
2.120000e-06	2.948213e-06	6.539968e-09	2.124851e+01	3.854898e+02
2.130000e-06	2.923625e-06	6.290505e-09	2.107130e+01	3.841802e+02
2.140000e-06	2.898338e-06	6.505600e-09	2.088905e+01	3.827440e+02
2.150000e-06	2.872151e-06	6.606124e-09	2.070032e+01	3.811544e+02
2.160000e-06	2.845094e-06	6.440494e-09	2.050531e+01	3.794053e+02
2.170000e-06	2.817485e-06	6.310821e-09	2.030633e+01	3.775089e+02
2.180000e-06	2.789031e-06	6.326670e-09	2.010125e+01	3.754905e+02
2.190000e-06	2.759396e-06	6.447690e-09	1.988766e+01	3.733797e+02
2.200000e-06	2.728887e-06	6.330186e-09	1.966778e+01	3.712023e+02
2.210000e-06	2.697668e-06	6.127548e-09	1.944278e+01	3.689754e+02
2.220000e-06	2.665654e-06	6.235012e-09	1.921204e+01	3.667044e+02
2.230000e-06	2.632856e-06	6.314682e-09	1.897565e+01	3.643851e+02
2.240000e-06	2.599302e-06	6.123355e-09	1.873382e+01	3.620074e+02
2.250000e-06	2.565145e-06	6.040714e-09	1.848765e+01	3.595594e+02
2.260000e-06	2.530416e-06	6.079283e-09	1.823734e+01	3.570318e+02
2.270000e-06	2.495093e-06	6.058158e-09	1.798277e+01	3.544199e+02
2.280000e-06	2.459184e-06	5.985818e-09	1.772396e+01	3.517228e+02
2.290000e-06	2.422460e-06	5.880430e-09	1.745928e+01	3.489427e+02
2.300000e-06	2.384721e-06	5.870793e-09	1.718728e+01	3.460820e+02
2.310000e-06	2.346060e-06	5.888442e-09	1.690864e+01	3.431418e+02
2.320000e-06	2.306757e-06	5.786878e-09	1.662538e+01	3.401211e+02
2.330000e-06	2.266971e-06	5.684887e-09	1.633864e+01	3.370173e+02
2.340000e-06	2.226616e-06	5.661579e-09	1.604779e+01	3.338277e+02
2.350000e-06	2.185622e-06	5.641783e-09	1.575233e+01	3.305511e+02
2.360000e-06	2.144047e-06	5.568399e-09	1.545269e+01	3.271886e+02
2.370000e-06	2.101960e-06	5.459038e-09	1.514936e+01	3.237432e+02
2.380000e-06	2.059330e-06	5.410095e-09	1.484211e+01	3.202188e+02
2.390000e-06	2.016188e-06	5.398573e-09	1.453118e+01	3.166179e+02
2.400000e-06	1.972676e-06	5.318475e-09	1.421757e+01	3.129395e+02
2.410000e-06	1.928793e-06	5.212011e-09	1.390130e+01	3.091786e+02
2.420000e-06	1.884364e-06	5.153028e-09	1.358109e+01	3.053255e+02
2.430000e-06	1.839241e-06	5.134972e-09	1.325587e+01	3.013683e+02
2.440000e-06	1.793544e-06	5.062371e-09	1.292653e+01	2.972946e+02
2.450000e-06	1.747445e-06	4.940360e-09	1.259427e+01	2.930943e+02
2.460000e-06	1.700972e-06	4.879680e-09	1.225933e+01	2.887618e+02
2.470000e-06	1.653988e-06	4.838937e-09	1.192071e+01	2.842958e+02
2.480000e-06	1.606413e-06	4.748159e-09	1.157782e+01	2.796995e+02
2.490000e-06	1.558269e-06	4.636796e-09	1.123084e+01	2.749778e+02
2.500000e-06	1.509562e-06	4.556455e-09	1.087980e+01	2.701357e+02
2.510000e-06	1.460360e-06	4.506025e-09	1.052518e+01	2.651762e+02
2.520000e-06	1.410764e-06	4.421423e-09	1.016773e+01	2.600992e+02
2.530000e-06	1.360831e-06	4.303283e-09	9.807853e+00	2.549014e+02
2.540000e-06	1.310449e-06	4.216650e-09	9.444734e+00	2.495775e+02
2.550000e-06	1.259574e-06	4.145858e-09	9.078064e+00	2.441212e+02
2.560000e-06	1.208338e-06	4.045662e-09	8.708798e+00	2.385268e+02
2.570000e-06	1.156809e-06	3.923570e-09	8.337413e+00	2.327890e+02
2.580000e-06	1.105035e-06	3.820531e-09	7.964267e+00	2.269031e+02
2.590000e-06	1.052974e-06	3.744582e-09	7.589049e+00	2.208637e+02
2.600000e-06	1.000476e-06	3.644750e-09	7.210681e+00	2.146635e+02
2.610000e-06	9.473146e-07	3.520068e-09	6.827535e+00	2.082933e+02
2.620000e-06	8.936307e-07	3.406763e-09	6.440622e+00	2.017415e+02
2.630000e-06	8.396480e-07	3.308334e-09	6.051555e+00	1.949959e+02
2.640000e-06	7.853038e-07	3.196566e-09	5.659883e+00	1.880453e+02
2.650000e-06	7.306266e-07	3.058117e-09	5.265810e+00	1.808815e+02
2.660000e-06	6.757478e-07	2.927652e-09	4.870285e+00	1.735005e+02
2.670000e-06	6.206774e-07	2.814994e-09	4.473378e+00	1.659028e+02
2.680000e-06	5.654284e-07	2.691534e-09	4.075185e+00	1.580921e+02
2.690000e-06	5.101069e-07	2.546381e-09	3.676469e+00	1.500732e+02
2.700000e-06	4.547406e-07	2.400560e-09	3.277430e+00	1.418496e+02
2.710000e-06	3.993270e-07	2.270027e-09	2.878050e+00	1.334213e+02
2.720000e-06	3.438630e-07	2.135700e-09	2.478308e+00	1.247841e+02
2.730000e-06	2.883556e-07	1.977630e-09	2.078252e+00	1.159299e+02
2.740000e-06	2.328051e-07	1.814840e-09	1.677885e+00	1.068488e+02
2.750000e-06	1.772280e-07	1.666738e-09	1.277327e+00	9.753184e+01
2.760000e-06	1.216392e-07	1.514775e-09	8.766847e-01	8.797369e+01
2.770000e-06	6.606719e-08	1.341338e-09	4.761629e-01	7.817495e+01
2.780000e-06	1.049332e-08	1.160166e-09	7.562799e-02	6.814295e+01
2.790000e-06	-4.511877e-08	9.927224e-10	-3.251824e-01	5.789137e+01
2.800000e-06	-1.007456e-07	8.267294e-10	-7.260991e-01	4.743895e+01
2.810000e-06	-1.563645e-07	6.429160e-10	-1.126958e+00	3.680767e+01
2.820000e-06	-2.119627e-07	4.537317e-10	-1.527669e+00	2.602125e+01
2.830000e-06	-2.675135e-07	2.756974e-10	-1.928037e+00	1.510431e+01
2.840000e-06	-3.230252e-07	1.009205e-10	-2.328124e+00	4.082279e+00
2.850000e-06	-3.784984e-07	-8.775408e-11	-2.727934e+00	-7.018117e+00
2.860000e-06	-4.339352e-07	-2.855088e-10	-3.127480e+00	-1.816836e+01
2.870000e-06	-4.893470e-07	-4.759879e-10	-3.526847e+00	-2.933805e+01
2.880000e-06	-5.447068e-07	-6.588379e-10	-3.925839e+00	-4.049560e+01
2.890000e-06	-5.999103e-07	-8.477607e-10	-4.323705e+00	-5.160956e+01
2.900000e-06	-6.549542e-07	-1.042052e-09	-4.720420e+00	-6.265039e+01
2.910000e-06	-7.097750e-07	-1.227044e-09	-5.115527e+00	-7.359183e+01
2.920000e-06	-7.643786e-07	-1.400735e-09	-5.509070e+00	-8.441160e+01
2.930000e-06	-8.187553e-07	-1.576416e-09	-5.900976e+00	-9.509090e+01
2.940000e-06	-8.727405e-07	-1.758097e-09	-6.290061e+00	-1.056130e+02
2.950000e-06	-9.262035e-07	-1.931942e-09	-6.675382e+00	-1.159613e+02
2.960000e-06	-9.791152e-07	-2.096667e-09	-7.056730e+00	-1.261178e+02
2.970000e-06	-1.031594e-06	-2.267076e-09	-7.434959e+00	-1.360624e+02
2.980000e-06	-1.083646e-06	-2.444622e-09	-7.810108e+00	-1.457742e+02
2.990000e-06	-1.135342e-06	-2.612799e-09	-8.182699e+00	-1.552333e+02
3.000000e-06	-1.186788e-06	-2.764508e-09	-8.553477e+00	-1.644247e+02
3.010000e-06	-1.237972e-06	-2.911847e-09	-8.922379e+00	-1.733407e+02
3.020000e-06	-1.288807e-06	-3.062141e-09	-9.288756e+00	-1.819827e+02
3.030000e-06	-1.339218e-06	-3.204873e-09	-9.652080e+00	-1.903614e+02
3.040000e-06	-1.389156e-06	-3.335279e-09	-1.001200e+01	-1.984939e+02
3.050000e-06	-1.438637e-06	-3.467986e-09	-1.036862e+01	-2.063994e+02
3.060000e-06	-1.487628e-06	-3.609022e-09	-1.072171e+01	-2.140950e+02
3.070000e-06	-1.536028e-06	-3.745800e-09	-1.107054e+01	-2.215915e+02
3.080000e-06	-1.583700e-06	-3.869970e-09	-1.141412e+01	-2.288908e+02
3.090000e-06	-1.630636e-06	-3.990172e-09	-1.175241e+01	-2.359874e+02
3.100000e-06	-1.677070e-06	-4.112668e-09	-1.208707e+01	-2.428700e+02
3.110000e-06	-1.723135e-06	-4.228692e-09	-1.241907e+01	-2.495268e+02
3.120000e-06	-1.768895e-06	-4.332112e-09	-1.274887e+01	-2.559496e+02
3.130000e-06	-1.814300e-06	-4.432195e-09	-1.307612e+01	-2.621370e+02
3.140000e-06	-1.859185e-06	-4.537119e-09	-1.339962e+01	-2.680958e+02
3.150000e-06	-1.903514e-06	-4.640273e-09	-1.371910e+01	-2.738391e+02
3.160000e-06	-1.947388e-06	-4.734421e-09	-1.403532e+01	-2.793836e+02
3.170000e-06	-1.990906e-06	-4.824857e-09	-1.434896e+01	-2.847448e+02
3.180000e-06	-2.034057e-06	-4.917695e-09	-1.465996e+01	-2.899341e+02
3.190000e-06	-2.076666e-06	-5.008823e-09	-1.496705e+01	-2.949568e+02
3.200000e-06	-2.118668e-06	-5.089775e-09	-1.526978e+01	-2.998129e+02
3.210000e-06	-2.160154e-06	-5.164665e-09	-1.556877e+01	-3.044994e+02
3.220000e-06	-2.201114e-06	-5.241415e-09	-1.586398e+01	-3.090142e+02
3.230000e-06	-2.241410e-06	-5.316751e-09	-1.615441e+01	-3.133593e+02
3.240000e-06	-2.281163e-06	-5.385074e-09	-1.644092e+01	-3.175425e+02
3.250000e-06	-2.320523e-06	-5.451013e-09	-1.672459e+01	-3.215770e+02
3.260000e-06	-2.359299e-06	-5.520997e-09	-1.700406e+01	-3.254785e+02
3.270000e-06	-2.397194e-06	-5.591157e-09	-1.727718e+01	-3.292617e+02
3.280000e-06	-2.434069e-06	-5.652908e-09	-1.754295e+01	-3.329360e+02
3.290000e-06	-2.470113e-06	-5.707376e-09	-1.780273e+01	-3.365035e+02
3.300000e-06	-2.505589e-06	-5.765814e-09	-1.805841e+01	-3.399590e+02
3.310000e-06	-2.540482e-06	-5.827034e-09	-1.830990e+01	-3.432926e+02
3.320000e-06	-2.574636e-06	-5.880761e-09	-1.855605e+01	-3.464936e+02
3.330000e-06	-2.608063e-06	-5.926560e-09	-1.879697e+01	-3.495556e+02
3.340000e-06	-2.640745e-06	-5.973494e-09	-1.903251e+01	-3.524792e+02
3.350000e-06	-2.672703e-06	-6.024375e-09	-1.926285e+01	-3.552735e+02
3.360000e-06	-2.704076e-06	-6.070708e-09	-1.948896e+01	-3.579537e+02
3.370000e-06	-2.734705e-06	-6.110571e-09	-1.970971e+01	-3.605371e+02
3.380000e-06	-2.764272e-06	-6.151822e-09	-1.992281e+01	-3.630382e+02
3.390000e-06	-2.792740e-06	-6.196786e-09	-2.012798e+01	-3.654644e+02
3.400000e-06	-2.820421e-06	-6.238130e-09	-2.032749e+01	-3.678141e+02
3.410000e-06	-2.847483e-06	-6.271880e-09	-2.052253e+01	-3.700778e+02
3.420000e-06	-2.873746e-06	-6.304857e-09	-2.071181e+01	-3.722418e+02
3.430000e-06	-2.899099e-06	-6.340023e-09	-2.089454e+01	-3.742936e+02
3.440000e-06	-2.923592e-06	-6.371159e-09	-2.107106e+01	-3.762269e+02
3.450000e-06	-2.947415e-06	-6.395876e-09	-2.124277e+01	-3.780447e+02
3.460000e-06	-2.970676e-06	-6.421002e-09	-2.141041e+01	-3.797594e+02
3.470000e-06	-2.993113e-06	-6.452002e-09	-2.157212e+01	-3.813891e+02
3.480000e-06	-3.014401e-06	-6.483033e-09	-2.172555e+01	-3.829529e+02
3.490000e-06	-3.034621e-06	-6.507531e-09	-2.187128e+01	-3.844649e+02
3.500000e-06	-3.054105e-06	-6.531511e-09	-2.201171e+01	-3.859298e+02
3.510000e-06	-3.072907e-06	-6.557120e-09	-2.214722e+01	-3.873420e+02
3.520000e-06	-3.090890e-06	-6.577827e-09	-2.227682e+01	-3.886877e+02
3.530000e-06	-3.108010e-06	-6.593187e-09	-2.240021e+01	-3.899499e+02
3.540000e-06	-3.124278e-06	-6.609535e-09	-2.251746e+01	-3.911147e+02
3.550000e-06	-3.139860e-06	-6.630087e-09	-2.262976e+01	-3.921763e+02
3.560000e-06	-3.154677e-06	-6.650226e-09	-2.273655e+01	-3.931396e+02
3.570000e-06	-3.168274e-06	-6.665504e-09	-2.283455e+01	-3.940189e+02
3.580000e-06	-3.180580e-06	-6.679969e-09	-2.292325e+01	-3.948331e+02
3.590000e-06	-3.191837e-06	-6.696207e-09	-2.300437e+01	-3.955998e+02
3.600000e-06	-3.202167e-06	-6.710981e-09	-2.307883e+01	-3.963288e+02
3.610000e-06	-3.211694e-06	-6.721145e-09	-2.314749e+01	-3.970191e+02
3.620000e-06	-3.220396e-06	-6.729261e-09	-2.321021e+01	-3.976586e+02
3.630000e-06	-3.228262e-06	-6.740587e-09	-2.326690e+01	-3.982288e+02
3.640000e-06	-3.235330e-06	-6.751279e-09	-2.331784e+01	-3.987118e+02
3.650000e-06	-3.241356e-06	-6.757678e-09	-2.336127e+01	-3.990969e+02
3.660000e-06	-3.246158e-06	-6.762467e-09	-2.339588e+01	-3.993861e+02
3.670000e-06	-3.249988e-06	-6.770292e-09	-2.342348e+01	-3.995947e+02
3.680000e-06	-3.253083e-06	-6.778701e-09	-2.344579e+01	-3.997477e+02
3.690000e-06	-3.255342e-06	-6.782856e-09	-2.346207e+01	-3.998721e+02
3.700000e-06	-3.256729e-06	-6.785477e-09	-2.347206e+01	-3.999881e+02
3.710000e-06	-3.257257e-06	-6.789146e-09	-2.347587e+01	-4.001013e+02
