# Temperatura_=_20.0
# Concentracion g/m^3_=_9000.0
# C_Vs_to_Am_M_A/Vsm_=_59384043850.047264
# pendiente_HvsI_1/m_=_3716.3
# ordenada_HvsI_A/m_=_1297.0
# frecuencia_Hz_=_269518.9345344903

Tiempo_(s)	Campo_(V.s)	Magnetizacion_(V.s)	Campo_(kA/m)	Magnetizacion_(A/m)
0.000000e+00	-3.268501e-06	-6.884520e-09	-2.347799e+01	-4.055311e+02
1.000000e-08	-3.268217e-06	-6.883201e-09	-2.347595e+01	-4.056317e+02
2.000000e-08	-3.267254e-06	-6.878651e-09	-2.346903e+01	-4.056778e+02
3.000000e-08	-3.265314e-06	-6.876201e-09	-2.345510e+01	-4.056290e+02
4.000000e-08	-3.262133e-06	-6.873973e-09	-2.343225e+01	-4.054533e+02
5.000000e-08	-3.257960e-06	-6.875623e-09	-2.340227e+01	-4.051388e+02
6.000000e-08	-3.253099e-06	-6.887556e-09	-2.336735e+01	-4.047007e+02
7.000000e-08	-3.247413e-06	-6.897159e-09	-2.332651e+01	-4.041807e+02
8.000000e-08	-3.240793e-06	-6.855742e-09	-2.327896e+01	-4.036378e+02
9.000000e-08	-3.233173e-06	-6.739263e-09	-2.322422e+01	-4.031336e+02
1.000000e-07	-3.224472e-06	-6.742843e-09	-2.316172e+01	-4.027156e+02
1.100000e-07	-3.214692e-06	-6.929757e-09	-2.309147e+01	-4.024030e+02
1.200000e-07	-3.204065e-06	-7.020454e-09	-2.301514e+01	-4.021795e+02
1.300000e-07	-3.192555e-06	-6.764612e-09	-2.293246e+01	-4.019957e+02
1.400000e-07	-3.179936e-06	-6.581782e-09	-2.284182e+01	-4.017800e+02
1.500000e-07	-3.166398e-06	-6.832951e-09	-2.274457e+01	-4.014549e+02
1.600000e-07	-3.152022e-06	-6.812510e-09	-2.264130e+01	-4.009566e+02
1.700000e-07	-3.136401e-06	-6.608502e-09	-2.252910e+01	-4.002487e+02
1.800000e-07	-3.119398e-06	-6.577349e-09	-2.240697e+01	-3.993306e+02
1.900000e-07	-3.101797e-06	-6.692254e-09	-2.228053e+01	-3.982352e+02
2.000000e-07	-3.083602e-06	-6.740143e-09	-2.214984e+01	-3.970187e+02
2.100000e-07	-3.064230e-06	-6.650665e-09	-2.201068e+01	-3.957444e+02
2.200000e-07	-3.044074e-06	-6.623931e-09	-2.186590e+01	-3.944660e+02
2.300000e-07	-3.023473e-06	-6.429685e-09	-2.171793e+01	-3.932142e+02
2.400000e-07	-3.002050e-06	-6.531173e-09	-2.156404e+01	-3.919907e+02
2.500000e-07	-2.979800e-06	-6.763121e-09	-2.140422e+01	-3.907693e+02
2.600000e-07	-2.956938e-06	-6.479498e-09	-2.124000e+01	-3.895060e+02
2.700000e-07	-2.933237e-06	-6.282552e-09	-2.106975e+01	-3.881513e+02
2.800000e-07	-2.908699e-06	-6.546537e-09	-2.089349e+01	-3.866641e+02
2.900000e-07	-2.883384e-06	-6.607808e-09	-2.071165e+01	-3.850214e+02
3.000000e-07	-2.856964e-06	-6.337431e-09	-2.052187e+01	-3.832218e+02
3.100000e-07	-2.829373e-06	-6.200683e-09	-2.032368e+01	-3.812839e+02
3.200000e-07	-2.800921e-06	-6.378374e-09	-2.011931e+01	-3.792377e+02
3.300000e-07	-2.771749e-06	-6.453316e-09	-1.990977e+01	-3.771156e+02
3.400000e-07	-2.741952e-06	-6.224478e-09	-1.969573e+01	-3.749430e+02
3.500000e-07	-2.711518e-06	-6.090605e-09	-1.947712e+01	-3.727326e+02
3.600000e-07	-2.680162e-06	-6.223215e-09	-1.925188e+01	-3.704836e+02
3.700000e-07	-2.648033e-06	-6.261292e-09	-1.902110e+01	-3.681842e+02
3.800000e-07	-2.615491e-06	-6.034384e-09	-1.878735e+01	-3.658185e+02
3.900000e-07	-2.582365e-06	-5.996126e-09	-1.854940e+01	-3.633718e+02
4.000000e-07	-2.548219e-06	-6.070618e-09	-1.830413e+01	-3.608360e+02
4.100000e-07	-2.512922e-06	-6.037611e-09	-1.805058e+01	-3.582107e+02
4.200000e-07	-2.476844e-06	-5.930331e-09	-1.779143e+01	-3.555021e+02
4.300000e-07	-2.440251e-06	-5.850387e-09	-1.752858e+01	-3.527189e+02
4.400000e-07	-2.402978e-06	-5.841017e-09	-1.726084e+01	-3.498679e+02
4.500000e-07	-2.364974e-06	-5.833162e-09	-1.698786e+01	-3.469506e+02
4.600000e-07	-2.326374e-06	-5.745935e-09	-1.671059e+01	-3.439627e+02
4.700000e-07	-2.287142e-06	-5.634997e-09	-1.642878e+01	-3.408948e+02
4.800000e-07	-2.247325e-06	-5.655735e-09	-1.614277e+01	-3.377362e+02
4.900000e-07	-2.207088e-06	-5.637878e-09	-1.585374e+01	-3.344789e+02
5.000000e-07	-2.166451e-06	-5.534905e-09	-1.556185e+01	-3.311198e+02
5.100000e-07	-2.125277e-06	-5.437518e-09	-1.526609e+01	-3.276624e+02
5.200000e-07	-2.083213e-06	-5.419903e-09	-1.496394e+01	-3.241144e+02
5.300000e-07	-2.040084e-06	-5.395618e-09	-1.465414e+01	-3.204853e+02
5.400000e-07	-1.996165e-06	-5.297518e-09	-1.433866e+01	-3.167814e+02
5.500000e-07	-1.951862e-06	-5.201439e-09	-1.402043e+01	-3.130035e+02
5.600000e-07	-1.907268e-06	-5.164440e-09	-1.370011e+01	-3.091450e+02
5.700000e-07	-1.862179e-06	-5.145956e-09	-1.337622e+01	-3.051936e+02
5.800000e-07	-1.816466e-06	-5.037363e-09	-1.304786e+01	-3.011339e+02
5.900000e-07	-1.770200e-06	-4.930040e-09	-1.271553e+01	-2.969516e+02
6.000000e-07	-1.723424e-06	-4.893605e-09	-1.237954e+01	-2.926371e+02
6.100000e-07	-1.676120e-06	-4.863400e-09	-1.203975e+01	-2.881877e+02
6.200000e-07	-1.628363e-06	-4.751609e-09	-1.169670e+01	-2.836068e+02
6.300000e-07	-1.580242e-06	-4.638685e-09	-1.135104e+01	-2.789023e+02
6.400000e-07	-1.531820e-06	-4.592059e-09	-1.100322e+01	-2.740822e+02
6.500000e-07	-1.482948e-06	-4.537153e-09	-1.065217e+01	-2.691516e+02
6.600000e-07	-1.433472e-06	-4.423092e-09	-1.029678e+01	-2.641095e+02
6.700000e-07	-1.383334e-06	-4.298632e-09	-9.936634e+00	-2.589492e+02
6.800000e-07	-1.332454e-06	-4.247100e-09	-9.571160e+00	-2.536588e+02
6.900000e-07	-1.280936e-06	-4.189107e-09	-9.201099e+00	-2.482250e+02
7.000000e-07	-1.228959e-06	-4.069600e-09	-8.827745e+00	-2.426360e+02
7.100000e-07	-1.176661e-06	-3.942215e-09	-8.452077e+00	-2.368843e+02
7.200000e-07	-1.124022e-06	-3.867067e-09	-8.073966e+00	-2.309676e+02
7.300000e-07	-1.071011e-06	-3.790844e-09	-7.693185e+00	-2.248876e+02
7.400000e-07	-1.017719e-06	-3.656932e-09	-7.310381e+00	-2.186480e+02
7.500000e-07	-9.641286e-07	-3.521884e-09	-6.925438e+00	-2.122506e+02
7.600000e-07	-9.101872e-07	-3.429552e-09	-6.537970e+00	-2.056935e+02
7.700000e-07	-8.560177e-07	-3.347224e-09	-6.148866e+00	-1.989692e+02
7.800000e-07	-8.017161e-07	-3.214324e-09	-5.758811e+00	-1.920653e+02
7.900000e-07	-7.472838e-07	-3.071027e-09	-5.367818e+00	-1.849668e+02
8.000000e-07	-6.926918e-07	-2.962038e-09	-4.975678e+00	-1.776592e+02
8.100000e-07	-6.378542e-07	-2.861115e-09	-4.581774e+00	-1.701310e+02
8.200000e-07	-5.828303e-07	-2.717630e-09	-4.186531e+00	-1.623756e+02
8.300000e-07	-5.276922e-07	-2.556729e-09	-3.790469e+00	-1.543921e+02
8.400000e-07	-4.723618e-07	-2.428046e-09	-3.393025e+00	-1.461832e+02
8.500000e-07	-4.168517e-07	-2.305497e-09	-2.994289e+00	-1.377531e+02
8.600000e-07	-3.611983e-07	-2.150980e-09	-2.594525e+00	-1.291050e+02
8.700000e-07	-3.054686e-07	-1.980082e-09	-2.194213e+00	-1.202389e+02
8.800000e-07	-2.496743e-07	-1.837503e-09	-1.793437e+00	-1.111511e+02
8.900000e-07	-1.938175e-07	-1.699913e-09	-1.392212e+00	-1.018349e+02
9.000000e-07	-1.379161e-07	-1.536499e-09	-9.906662e-01	-9.228322e+01
9.100000e-07	-8.203959e-08	-1.354662e-09	-5.892991e-01	-8.249103e+01
9.200000e-07	-2.618874e-08	-1.188405e-09	-1.881165e-01	-7.245786e+01
9.300000e-07	2.970190e-08	-1.033780e-09	2.133519e-01	-6.218965e+01
9.400000e-07	8.553714e-08	-8.524655e-10	6.144223e-01	-5.169913e+01
9.500000e-07	1.413528e-07	-6.546791e-10	1.015352e+00	-4.100528e+01
9.600000e-07	1.971766e-07	-4.713704e-10	1.416340e+00	-3.013187e+01
9.700000e-07	2.529300e-07	-3.023337e-10	1.816823e+00	-1.910588e+01
9.800000e-07	3.085801e-07	-1.121429e-10	2.216564e+00	-7.956092e+00
9.900000e-07	3.641879e-07	8.946951e-11	2.616000e+00	3.287814e+00
1.000000e-06	4.197733e-07	2.745963e-10	3.015276e+00	1.459568e+01
1.010000e-06	4.753002e-07	4.504580e-10	3.414132e+00	2.593697e+01
1.020000e-06	5.306740e-07	6.405505e-10	3.811887e+00	3.728098e+01
1.030000e-06	5.857614e-07	8.420266e-10	4.207586e+00	4.859717e+01
1.040000e-06	6.406311e-07	1.029092e-09	4.601721e+00	5.985584e+01
1.050000e-06	6.953651e-07	1.206348e-09	4.994881e+00	7.102900e+01
1.060000e-06	7.499375e-07	1.393513e-09	5.386880e+00	8.209103e+01
1.070000e-06	8.043041e-07	1.589221e-09	5.777401e+00	9.301895e+01
1.080000e-06	8.584761e-07	1.767744e-09	6.166524e+00	1.037923e+02
1.090000e-06	9.124773e-07	1.932555e-09	6.554421e+00	1.143923e+02
1.100000e-06	9.662084e-07	2.104001e-09	6.940377e+00	1.248013e+02
1.110000e-06	1.019628e-06	2.282382e-09	7.324092e+00	1.350024e+02
1.120000e-06	1.072701e-06	2.449773e-09	7.705323e+00	1.449789e+02
1.130000e-06	1.125425e-06	2.603136e-09	8.084045e+00	1.547158e+02
1.140000e-06	1.177867e-06	2.760797e-09	8.460741e+00	1.642009e+02
1.150000e-06	1.230004e-06	2.921246e-09	8.835245e+00	1.734258e+02
1.160000e-06	1.281753e-06	3.071235e-09	9.206964e+00	1.823872e+02
1.170000e-06	1.332982e-06	3.206257e-09	9.574949e+00	1.910869e+02
1.180000e-06	1.383571e-06	3.341778e-09	9.938338e+00	1.995305e+02
1.190000e-06	1.433386e-06	3.483067e-09	1.029616e+01	2.077257e+02
1.200000e-06	1.482532e-06	3.619299e-09	1.064918e+01	2.156800e+02
1.210000e-06	1.531228e-06	3.742262e-09	1.099897e+01	2.233988e+02
1.220000e-06	1.579556e-06	3.863929e-09	1.134612e+01	2.308845e+02
1.230000e-06	1.627581e-06	3.987976e-09	1.169109e+01	2.381373e+02
1.240000e-06	1.675240e-06	4.104351e-09	1.203342e+01	2.451559e+02
1.250000e-06	1.722375e-06	4.211580e-09	1.237200e+01	2.519407e+02
1.260000e-06	1.768948e-06	4.317256e-09	1.270654e+01	2.584949e+02
1.270000e-06	1.814991e-06	4.427648e-09	1.303727e+01	2.648259e+02
1.280000e-06	1.860552e-06	4.532970e-09	1.336454e+01	2.709447e+02
1.290000e-06	1.905641e-06	4.629141e-09	1.368842e+01	2.768640e+02
1.300000e-06	1.950305e-06	4.721027e-09	1.400925e+01	2.825955e+02
1.310000e-06	1.994672e-06	4.814838e-09	1.432794e+01	2.881475e+02
1.320000e-06	2.038673e-06	4.905336e-09	1.464400e+01	2.935234e+02
1.330000e-06	2.082046e-06	4.987540e-09	1.495556e+01	2.987218e+02
1.340000e-06	2.124587e-06	5.068777e-09	1.526113e+01	3.037388e+02
1.350000e-06	2.166212e-06	5.153960e-09	1.556013e+01	3.085709e+02
1.360000e-06	2.207015e-06	5.236434e-09	1.585322e+01	3.132183e+02
1.370000e-06	2.247317e-06	5.311109e-09	1.614272e+01	3.176877e+02
1.380000e-06	2.287232e-06	5.381945e-09	1.642943e+01	3.219917e+02
1.390000e-06	2.326604e-06	5.452241e-09	1.671224e+01	3.261474e+02
1.400000e-06	2.365309e-06	5.518734e-09	1.699026e+01	3.301726e+02
1.410000e-06	2.403326e-06	5.580972e-09	1.726334e+01	3.340810e+02
1.420000e-06	2.440648e-06	5.643090e-09	1.753143e+01	3.378789e+02
1.430000e-06	2.477339e-06	5.707452e-09	1.779499e+01	3.415637e+02
1.440000e-06	2.513565e-06	5.771290e-09	1.805520e+01	3.451251e+02
1.450000e-06	2.549220e-06	5.831584e-09	1.831131e+01	3.485492e+02
1.460000e-06	2.584002e-06	5.888277e-09	1.856116e+01	3.518240e+02
1.470000e-06	2.617782e-06	5.942068e-09	1.880381e+01	3.549439e+02
1.480000e-06	2.650632e-06	5.991888e-09	1.903977e+01	3.579136e+02
1.490000e-06	2.682807e-06	6.035528e-09	1.927088e+01	3.607479e+02
1.500000e-06	2.714327e-06	6.078203e-09	1.949730e+01	3.634688e+02
1.510000e-06	2.745067e-06	6.125009e-09	1.971811e+01	3.660995e+02
1.520000e-06	2.775047e-06	6.173137e-09	1.993345e+01	3.686588e+02
1.530000e-06	2.804237e-06	6.217040e-09	2.014313e+01	3.711556e+02
1.540000e-06	2.832749e-06	6.259991e-09	2.034794e+01	3.735869e+02
1.550000e-06	2.860694e-06	6.305019e-09	2.054867e+01	3.759397e+02
1.560000e-06	2.887830e-06	6.346930e-09	2.074359e+01	3.781954e+02
1.570000e-06	2.913761e-06	6.378989e-09	2.092985e+01	3.803369e+02
1.580000e-06	2.938593e-06	6.407751e-09	2.110823e+01	3.823544e+02
1.590000e-06	2.962693e-06	6.438934e-09	2.128134e+01	3.842493e+02
1.600000e-06	2.986011e-06	6.469962e-09	2.144883e+01	3.860342e+02
1.610000e-06	3.008485e-06	6.499712e-09	2.161026e+01	3.877295e+02
1.620000e-06	3.030237e-06	6.528523e-09	2.176652e+01	3.893567e+02
1.630000e-06	3.051231e-06	6.559015e-09	2.191732e+01	3.909315e+02
1.640000e-06	3.071531e-06	6.586975e-09	2.206313e+01	3.924592e+02
1.650000e-06	3.091121e-06	6.609022e-09	2.220385e+01	3.939326e+02
1.660000e-06	3.109777e-06	6.628198e-09	2.233786e+01	3.953351e+02
1.670000e-06	3.127425e-06	6.647821e-09	2.246462e+01	3.966464e+02
1.680000e-06	3.144250e-06	6.667374e-09	2.258548e+01	3.978499e+02
1.690000e-06	3.160247e-06	6.684380e-09	2.270039e+01	3.989393e+02
1.700000e-06	3.175202e-06	6.699684e-09	2.280781e+01	3.999217e+02
1.710000e-06	3.189224e-06	6.715260e-09	2.290854e+01	4.008159e+02
1.720000e-06	3.202340e-06	6.730425e-09	2.300275e+01	4.016473e+02
1.730000e-06	3.214573e-06	6.743489e-09	2.309062e+01	4.024396e+02
1.740000e-06	3.225855e-06	6.754361e-09	2.317166e+01	4.032074e+02
1.750000e-06	3.235784e-06	6.765292e-09	2.324298e+01	4.039509e+02
1.760000e-06	3.244498e-06	6.775067e-09	2.330557e+01	4.046558e+02
1.770000e-06	3.252481e-06	6.781804e-09	2.336292e+01	4.052980e+02
1.780000e-06	3.259668e-06	6.788587e-09	2.341454e+01	4.058516e+02
1.790000e-06	3.265878e-06	6.796292e-09	2.345914e+01	4.062983e+02
1.800000e-06	3.271178e-06	6.802682e-09	2.349722e+01	4.066344e+02
1.810000e-06	3.275777e-06	6.806093e-09	2.353025e+01	4.068733e+02
1.820000e-06	3.279712e-06	6.806475e-09	2.355851e+01	4.070421e+02
1.830000e-06	3.282591e-06	6.804819e-09	2.357920e+01	4.071731e+02
1.840000e-06	3.284177e-06	6.804527e-09	2.359059e+01	4.072935e+02
1.850000e-06	3.284763e-06	6.804154e-09	2.359480e+01	4.074154e+02
1.860000e-06	3.284551e-06	6.804937e-09	2.359328e+01	4.075307e+02
1.870000e-06	3.283430e-06	6.808961e-09	2.358523e+01	4.076119e+02
1.880000e-06	3.281490e-06	6.812518e-09	2.357129e+01	4.076199e+02
1.890000e-06	3.278786e-06	6.808166e-09	2.355186e+01	4.075165e+02
1.900000e-06	3.275338e-06	6.797880e-09	2.352710e+01	4.072777e+02
1.910000e-06	3.271200e-06	6.776691e-09	2.349738e+01	4.069035e+02
1.920000e-06	3.266081e-06	6.745539e-09	2.346060e+01	4.064219e+02
1.930000e-06	3.259764e-06	6.762951e-09	2.341523e+01	4.058841e+02
1.940000e-06	3.252384e-06	6.870925e-09	2.336222e+01	4.053524e+02
1.950000e-06	3.243838e-06	6.855972e-09	2.330083e+01	4.048839e+02
1.960000e-06	3.233875e-06	6.654945e-09	2.322926e+01	4.045144e+02
1.970000e-06	3.223122e-06	6.570917e-09	2.315203e+01	4.042474e+02
1.980000e-06	3.212343e-06	6.771072e-09	2.307460e+01	4.040505e+02
1.990000e-06	3.200852e-06	6.939906e-09	2.299206e+01	4.038624e+02
2.000000e-06	3.187521e-06	6.681627e-09	2.289630e+01	4.036063e+02
2.010000e-06	3.172904e-06	6.713370e-09	2.279131e+01	4.032090e+02
2.020000e-06	3.158009e-06	6.945154e-09	2.268431e+01	4.026176e+02
2.030000e-06	3.142170e-06	6.878825e-09	2.257054e+01	4.018118e+02
2.040000e-06	3.125019e-06	6.749905e-09	2.244734e+01	4.008073e+02
2.050000e-06	3.107400e-06	6.704160e-09	2.232078e+01	3.996491e+02
2.060000e-06	3.089341e-06	6.703215e-09	2.219106e+01	3.983991e+02
2.070000e-06	3.070276e-06	6.650129e-09	2.205412e+01	3.971179e+02
2.080000e-06	3.050480e-06	6.869090e-09	2.191192e+01	3.958502e+02
2.090000e-06	3.030059e-06	6.758899e-09	2.176524e+01	3.946136e+02
2.100000e-06	3.008287e-06	6.389862e-09	2.160884e+01	3.933962e+02
2.110000e-06	2.985204e-06	6.701395e-09	2.144303e+01	3.921624e+02
2.120000e-06	2.961378e-06	6.871632e-09	2.127189e+01	3.908637e+02
2.130000e-06	2.936826e-06	6.419706e-09	2.109553e+01	3.894530e+02
2.140000e-06	2.911525e-06	6.392665e-09	2.091379e+01	3.878967e+02
2.150000e-06	2.885394e-06	6.721104e-09	2.072609e+01	3.861815e+02
2.160000e-06	2.858347e-06	6.672379e-09	2.053181e+01	3.843159e+02
2.170000e-06	2.830729e-06	6.380154e-09	2.033343e+01	3.823248e+02
2.180000e-06	2.802450e-06	6.312363e-09	2.013029e+01	3.802406e+02
2.190000e-06	2.772853e-06	6.494185e-09	1.991769e+01	3.780935e+02
2.200000e-06	2.742142e-06	6.540777e-09	1.969709e+01	3.759034e+02
2.210000e-06	2.710846e-06	6.248044e-09	1.947229e+01	3.736768e+02
2.220000e-06	2.678802e-06	6.160721e-09	1.924212e+01	3.714072e+02
2.230000e-06	2.645936e-06	6.430391e-09	1.900604e+01	3.690800e+02
2.240000e-06	2.612377e-06	6.321776e-09	1.876498e+01	3.666793e+02
2.250000e-06	2.578137e-06	6.053749e-09	1.851903e+01	3.641929e+02
2.260000e-06	2.543318e-06	6.095367e-09	1.826892e+01	3.616162e+02
2.270000e-06	2.507934e-06	6.166622e-09	1.801475e+01	3.589523e+02
2.280000e-06	2.471950e-06	6.093974e-09	1.775628e+01	3.562091e+02
2.290000e-06	2.435310e-06	5.970426e-09	1.749309e+01	3.533947e+02
2.300000e-06	2.397587e-06	5.899364e-09	1.722212e+01	3.505141e+02
2.310000e-06	2.358800e-06	5.952716e-09	1.694351e+01	3.475660e+02
2.320000e-06	2.319414e-06	5.922621e-09	1.666060e+01	3.445433e+02
2.330000e-06	2.279565e-06	5.741625e-09	1.637436e+01	3.414357e+02
2.340000e-06	2.239192e-06	5.695672e-09	1.608436e+01	3.382332e+02
2.350000e-06	2.198193e-06	5.717382e-09	1.578986e+01	3.349298e+02
2.360000e-06	2.156590e-06	5.675933e-09	1.549101e+01	3.315254e+02
2.370000e-06	2.114485e-06	5.550882e-09	1.518857e+01	3.280260e+02
2.380000e-06	2.071816e-06	5.449186e-09	1.488207e+01	3.244403e+02
2.390000e-06	2.028643e-06	5.464536e-09	1.457196e+01	3.207770e+02
2.400000e-06	1.985123e-06	5.430296e-09	1.425935e+01	3.170401e+02
2.410000e-06	1.941203e-06	5.295721e-09	1.394386e+01	3.132271e+02
2.420000e-06	1.896774e-06	5.193369e-09	1.362473e+01	3.093284e+02
2.430000e-06	1.851646e-06	5.189251e-09	1.330057e+01	3.053299e+02
2.440000e-06	1.805856e-06	5.160980e-09	1.297166e+01	3.012161e+02
2.450000e-06	1.759648e-06	5.019995e-09	1.263974e+01	2.969746e+02
2.460000e-06	1.713082e-06	4.898818e-09	1.230525e+01	2.925988e+02
2.470000e-06	1.666008e-06	4.896084e-09	1.196711e+01	2.880889e+02
2.480000e-06	1.618341e-06	4.846508e-09	1.162471e+01	2.834509e+02
2.490000e-06	1.570013e-06	4.702733e-09	1.127757e+01	2.786931e+02
2.500000e-06	1.521152e-06	4.592348e-09	1.092660e+01	2.738226e+02
2.510000e-06	1.471930e-06	4.555786e-09	1.057303e+01	2.688420e+02
2.520000e-06	1.422240e-06	4.507601e-09	1.021610e+01	2.637475e+02
2.530000e-06	1.372088e-06	4.360781e-09	9.855856e+00	2.585298e+02
2.540000e-06	1.321522e-06	4.239791e-09	9.492633e+00	2.531759e+02
2.550000e-06	1.270534e-06	4.197313e-09	9.126381e+00	2.476728e+02
2.560000e-06	1.219187e-06	4.126122e-09	8.757546e+00	2.420104e+02
2.570000e-06	1.167517e-06	3.986773e-09	8.386396e+00	2.361837e+02
2.580000e-06	1.115546e-06	3.859817e-09	8.013088e+00	2.301923e+02
2.590000e-06	1.063147e-06	3.797779e-09	7.636700e+00	2.240394e+02
2.600000e-06	1.010192e-06	3.715961e-09	7.256317e+00	2.177280e+02
2.610000e-06	9.566883e-07	3.568074e-09	6.871993e+00	2.112586e+02
2.620000e-06	9.027186e-07	3.431241e-09	6.484323e+00	2.046266e+02
2.630000e-06	8.484282e-07	3.351160e-09	6.094349e+00	1.978223e+02
2.640000e-06	7.937998e-07	3.256589e-09	5.701948e+00	1.908318e+02
2.650000e-06	7.389021e-07	3.108233e-09	5.307612e+00	1.836397e+02
2.660000e-06	6.838772e-07	2.958865e-09	4.912362e+00	1.762327e+02
2.670000e-06	6.287539e-07	2.856684e-09	4.516406e+00	1.686014e+02
2.680000e-06	5.734802e-07	2.747575e-09	4.119369e+00	1.607419e+02
2.690000e-06	5.180749e-07	2.586981e-09	3.721387e+00	1.526552e+02
2.700000e-06	4.626135e-07	2.428873e-09	3.323001e+00	1.443450e+02
2.710000e-06	4.071221e-07	2.308101e-09	2.924401e+00	1.358154e+02
2.720000e-06	3.515608e-07	2.186814e-09	2.525298e+00	1.270682e+02
2.730000e-06	2.959377e-07	2.017188e-09	2.125752e+00	1.181017e+02
2.740000e-06	2.403139e-07	1.839908e-09	1.726200e+00	1.089107e+02
2.750000e-06	1.846235e-07	1.697015e-09	1.326170e+00	9.948797e+01
2.760000e-06	1.288873e-07	1.553779e-09	9.258110e-01	8.982705e+01
2.770000e-06	7.315863e-08	1.371212e-09	5.255061e-01	7.992469e+01
2.780000e-06	1.741728e-08	1.178244e-09	1.251102e-01	6.978324e+01
2.790000e-06	-3.828369e-08	1.019891e-09	-2.749958e-01	5.941173e+01
2.800000e-06	-9.396295e-08	8.660863e-10	-6.749458e-01	4.882593e+01
2.810000e-06	-1.496411e-07	6.751475e-10	-1.074888e+00	3.804718e+01
2.820000e-06	-2.053083e-07	4.699872e-10	-1.474751e+00	2.710094e+01
2.830000e-06	-2.609435e-07	2.940184e-10	-1.874385e+00	1.601515e+01
2.840000e-06	-3.165439e-07	1.231145e-10	-2.273768e+00	4.819093e+00
2.850000e-06	-3.721081e-07	-7.855282e-11	-2.672892e+00	-6.457308e+00
2.860000e-06	-4.276057e-07	-2.887190e-10	-3.071537e+00	-1.778372e+01
2.870000e-06	-4.830706e-07	-4.730516e-10	-3.469947e+00	-2.912949e+01
2.880000e-06	-5.384942e-07	-6.470286e-10	-3.868060e+00	-4.046391e+01
2.890000e-06	-5.938174e-07	-8.446662e-10	-4.265453e+00	-5.175675e+01
2.900000e-06	-6.490227e-07	-1.048563e-09	-4.661999e+00	-6.297899e+01
2.910000e-06	-7.040656e-07	-1.230531e-09	-5.057377e+00	-7.410365e+01
2.920000e-06	-7.589122e-07	-1.401862e-09	-5.451346e+00	-8.510632e+01
2.930000e-06	-8.135090e-07	-1.591990e-09	-5.843521e+00	-9.596522e+01
2.940000e-06	-8.677747e-07	-1.788217e-09	-6.233317e+00	-1.066608e+02
2.950000e-06	-9.216665e-07	-1.961574e-09	-6.620428e+00	-1.171748e+02
2.960000e-06	-9.750899e-07	-2.122356e-09	-7.004174e+00	-1.274900e+02
2.970000e-06	-1.028010e-06	-2.297197e-09	-7.384306e+00	-1.375895e+02
2.980000e-06	-1.080452e-06	-2.479682e-09	-7.761001e+00	-1.474574e+02
2.990000e-06	-1.132449e-06	-2.642065e-09	-8.134504e+00	-1.570796e+02
3.000000e-06	-1.184088e-06	-2.789909e-09	-8.505432e+00	-1.664456e+02
3.010000e-06	-1.235447e-06	-2.946462e-09	-8.874348e+00	-1.755493e+02
3.020000e-06	-1.286457e-06	-3.109899e-09	-9.240756e+00	-1.843897e+02
3.030000e-06	-1.337054e-06	-3.256267e-09	-9.604198e+00	-1.929705e+02
3.040000e-06	-1.387262e-06	-3.387011e-09	-9.964847e+00	-2.012987e+02
3.050000e-06	-1.437036e-06	-3.527325e-09	-1.032238e+01	-2.093820e+02
3.060000e-06	-1.486375e-06	-3.675248e-09	-1.067679e+01	-2.172273e+02
3.070000e-06	-1.535196e-06	-3.807821e-09	-1.102747e+01	-2.248386e+02
3.080000e-06	-1.583297e-06	-3.924546e-09	-1.137299e+01	-2.322171e+02
3.090000e-06	-1.630669e-06	-4.046666e-09	-1.171327e+01	-2.393620e+02
3.100000e-06	-1.677392e-06	-4.174773e-09	-1.204889e+01	-2.462727e+02
3.110000e-06	-1.723661e-06	-4.289907e-09	-1.238124e+01	-2.529506e+02
3.120000e-06	-1.769558e-06	-4.390592e-09	-1.271092e+01	-2.594008e+02
3.130000e-06	-1.815079e-06	-4.496796e-09	-1.303791e+01	-2.656324e+02
3.140000e-06	-1.860182e-06	-4.611508e-09	-1.336188e+01	-2.716576e+02
3.150000e-06	-1.904724e-06	-4.715535e-09	-1.368184e+01	-2.774889e+02
3.160000e-06	-1.948743e-06	-4.805101e-09	-1.399802e+01	-2.831368e+02
3.170000e-06	-1.992340e-06	-4.896442e-09	-1.431119e+01	-2.886074e+02
3.180000e-06	-2.035595e-06	-4.991800e-09	-1.462190e+01	-2.939017e+02
3.190000e-06	-2.078453e-06	-5.078561e-09	-1.492974e+01	-2.990170e+02
3.200000e-06	-2.120767e-06	-5.154892e-09	-1.523369e+01	-3.039489e+02
3.210000e-06	-2.162506e-06	-5.233308e-09	-1.553351e+01	-3.086954e+02
3.220000e-06	-2.203666e-06	-5.319058e-09	-1.582916e+01	-3.132594e+02
3.230000e-06	-2.244217e-06	-5.398590e-09	-1.612045e+01	-3.176505e+02
3.240000e-06	-2.284183e-06	-5.465460e-09	-1.640752e+01	-3.218837e+02
3.250000e-06	-2.323634e-06	-5.534774e-09	-1.669091e+01	-3.259769e+02
3.260000e-06	-2.362560e-06	-5.606516e-09	-1.697052e+01	-3.299467e+02
3.270000e-06	-2.400664e-06	-5.671313e-09	-1.724422e+01	-3.338036e+02
3.280000e-06	-2.437782e-06	-5.727290e-09	-1.751084e+01	-3.375499e+02
3.290000e-06	-2.474052e-06	-5.782647e-09	-1.777138e+01	-3.411792e+02
3.300000e-06	-2.509697e-06	-5.843911e-09	-1.802742e+01	-3.446788e+02
3.310000e-06	-2.544792e-06	-5.904011e-09	-1.827951e+01	-3.480351e+02
3.320000e-06	-2.579173e-06	-5.958760e-09	-1.852647e+01	-3.512384e+02
3.330000e-06	-2.612830e-06	-6.010127e-09	-1.876823e+01	-3.542877e+02
3.340000e-06	-2.645822e-06	-6.060662e-09	-1.900522e+01	-3.571924e+02
3.350000e-06	-2.678044e-06	-6.107674e-09	-1.923667e+01	-3.599711e+02
3.360000e-06	-2.709591e-06	-6.147933e-09	-1.946328e+01	-3.626474e+02
3.370000e-06	-2.740501e-06	-6.185257e-09	-1.968531e+01	-3.652430e+02
3.380000e-06	-2.770438e-06	-6.226029e-09	-1.990035e+01	-3.677726e+02
3.390000e-06	-2.799192e-06	-6.268910e-09	-2.010689e+01	-3.702399e+02
3.400000e-06	-2.827015e-06	-6.310283e-09	-2.030675e+01	-3.726367e+02
3.410000e-06	-2.854201e-06	-6.349724e-09	-2.050203e+01	-3.749468e+02
3.420000e-06	-2.880657e-06	-6.388181e-09	-2.069206e+01	-3.771514e+02
3.430000e-06	-2.906272e-06	-6.422157e-09	-2.087606e+01	-3.792360e+02
3.440000e-06	-2.931075e-06	-6.452135e-09	-2.105422e+01	-3.811958e+02
3.450000e-06	-2.955109e-06	-6.478906e-09	-2.122686e+01	-3.830376e+02
3.460000e-06	-2.978511e-06	-6.505642e-09	-2.139496e+01	-3.847781e+02
3.470000e-06	-3.001097e-06	-6.533711e-09	-2.155720e+01	-3.864391e+02
3.480000e-06	-3.022567e-06	-6.561263e-09	-2.171142e+01	-3.880403e+02
3.490000e-06	-3.042905e-06	-6.586231e-09	-2.185751e+01	-3.895930e+02
3.500000e-06	-3.062423e-06	-6.612537e-09	-2.199771e+01	-3.910968e+02
3.510000e-06	-3.081325e-06	-6.638968e-09	-2.213348e+01	-3.925396e+02
3.520000e-06	-3.099423e-06	-6.661547e-09	-2.226348e+01	-3.939022e+02
3.530000e-06	-3.116669e-06	-6.681023e-09	-2.238736e+01	-3.951651e+02
3.540000e-06	-3.133093e-06	-6.700762e-09	-2.250533e+01	-3.963157e+02
3.550000e-06	-3.148754e-06	-6.720583e-09	-2.261783e+01	-3.973538e+02
3.560000e-06	-3.163666e-06	-6.736144e-09	-2.272495e+01	-3.982923e+02
3.570000e-06	-3.177477e-06	-6.749057e-09	-2.282415e+01	-3.991538e+02
3.580000e-06	-3.189949e-06	-6.762755e-09	-2.291374e+01	-3.999642e+02
3.590000e-06	-3.201365e-06	-6.778095e-09	-2.299574e+01	-4.007437e+02
3.600000e-06	-3.211914e-06	-6.791956e-09	-2.307152e+01	-4.015006e+02
3.610000e-06	-3.221616e-06	-6.805530e-09	-2.314121e+01	-4.022284e+02
3.620000e-06	-3.230452e-06	-6.819197e-09	-2.320468e+01	-4.029073e+02
3.630000e-06	-3.238399e-06	-6.832020e-09	-2.326176e+01	-4.035113e+02
3.640000e-06	-3.245629e-06	-6.841568e-09	-2.331370e+01	-4.040168e+02
3.650000e-06	-3.251949e-06	-6.848730e-09	-2.335909e+01	-4.044116e+02
3.660000e-06	-3.256992e-06	-6.854973e-09	-2.339531e+01	-4.047000e+02
3.670000e-06	-3.260922e-06	-6.859853e-09	-2.342355e+01	-4.049023e+02
3.680000e-06	-3.264084e-06	-6.863875e-09	-2.344626e+01	-4.050491e+02
3.690000e-06	-3.266432e-06	-6.869685e-09	-2.346313e+01	-4.051720e+02
3.700000e-06	-3.267880e-06	-6.875850e-09	-2.347353e+01	-4.052922e+02
3.710000e-06	-3.268442e-06	-6.880755e-09	-2.347756e+01	-4.054128e+02
