# Temperatura_=_20.0
# Concentracion g/m^3_=_12000.0
# C_Vs_to_Am_M_A/Vsm_=_59384043850.047264
# pendiente_HvsI_1/m_=_3716.3
# ordenada_HvsI_A/m_=_1297.0
# frecuencia_Hz_=_269537.7241471514

Tiempo_(s)	Campo_(V.s)	Magnetizacion_(V.s)	Campo_(kA/m)	Magnetizacion_(A/m)
0.000000e+00	-3.257783e-06	-9.720619e-09	-2.346801e+01	-5.730183e+02
1.000000e-08	-3.256891e-06	-9.718649e-09	-2.346159e+01	-5.731532e+02
2.000000e-08	-3.255149e-06	-9.718984e-09	-2.344904e+01	-5.732003e+02
3.000000e-08	-3.252174e-06	-9.718331e-09	-2.342761e+01	-5.731189e+02
4.000000e-08	-3.248182e-06	-9.714642e-09	-2.339885e+01	-5.728727e+02
5.000000e-08	-3.243557e-06	-9.710263e-09	-2.336553e+01	-5.724432e+02
6.000000e-08	-3.238172e-06	-9.705434e-09	-2.332674e+01	-5.718390e+02
7.000000e-08	-3.231864e-06	-9.701314e-09	-2.328130e+01	-5.710992e+02
8.000000e-08	-3.224455e-06	-9.669038e-09	-2.322793e+01	-5.702867e+02
9.000000e-08	-3.215925e-06	-9.641115e-09	-2.316648e+01	-5.694757e+02
1.000000e-07	-3.206279e-06	-9.632108e-09	-2.309700e+01	-5.687331e+02
1.100000e-07	-3.195645e-06	-9.702458e-09	-2.302039e+01	-5.681019e+02
1.200000e-07	-3.184240e-06	-9.659133e-09	-2.293823e+01	-5.675883e+02
1.300000e-07	-3.171931e-06	-9.536174e-09	-2.284956e+01	-5.671581e+02
1.400000e-07	-3.158609e-06	-9.500184e-09	-2.275359e+01	-5.667427e+02
1.500000e-07	-3.144485e-06	-9.513758e-09	-2.265185e+01	-5.662537e+02
1.600000e-07	-3.129377e-06	-9.480593e-09	-2.254302e+01	-5.656022e+02
1.700000e-07	-3.112788e-06	-9.377641e-09	-2.242352e+01	-5.647176e+02
1.800000e-07	-3.095301e-06	-9.454574e-09	-2.229754e+01	-5.635619e+02
1.900000e-07	-3.077361e-06	-9.414890e-09	-2.216831e+01	-5.621353e+02
2.000000e-07	-3.058493e-06	-9.345825e-09	-2.203239e+01	-5.604720e+02
2.100000e-07	-3.038678e-06	-9.383195e-09	-2.188965e+01	-5.586283e+02
2.200000e-07	-3.018277e-06	-9.283448e-09	-2.174269e+01	-5.566666e+02
2.300000e-07	-2.997151e-06	-9.197915e-09	-2.159051e+01	-5.546389e+02
2.400000e-07	-2.975091e-06	-9.278496e-09	-2.143159e+01	-5.525752e+02
2.500000e-07	-2.952314e-06	-9.307761e-09	-2.126751e+01	-5.504783e+02
2.600000e-07	-2.928811e-06	-9.164564e-09	-2.109820e+01	-5.483272e+02
2.700000e-07	-2.904553e-06	-9.070559e-09	-2.092346e+01	-5.460854e+02
2.800000e-07	-2.879508e-06	-9.111386e-09	-2.074304e+01	-5.437134e+02
2.900000e-07	-2.853316e-06	-9.107574e-09	-2.055436e+01	-5.411797e+02
3.000000e-07	-2.826003e-06	-8.996468e-09	-2.035761e+01	-5.384684e+02
3.100000e-07	-2.797912e-06	-8.903035e-09	-2.015525e+01	-5.355816e+02
3.200000e-07	-2.769042e-06	-8.864765e-09	-1.994728e+01	-5.325366e+02
3.300000e-07	-2.739396e-06	-8.908797e-09	-1.973372e+01	-5.293590e+02
3.400000e-07	-2.709150e-06	-8.801934e-09	-1.951584e+01	-5.260751e+02
3.500000e-07	-2.678144e-06	-8.652394e-09	-1.929248e+01	-5.227054e+02
3.600000e-07	-2.646309e-06	-8.642368e-09	-1.906315e+01	-5.192610e+02
3.700000e-07	-2.613959e-06	-8.664530e-09	-1.883011e+01	-5.157434e+02
3.800000e-07	-2.581087e-06	-8.607389e-09	-1.859331e+01	-5.121481e+02
3.900000e-07	-2.547268e-06	-8.456537e-09	-1.834969e+01	-5.084675e+02
4.000000e-07	-2.512308e-06	-8.389480e-09	-1.809785e+01	-5.046956e+02
4.100000e-07	-2.476465e-06	-8.416490e-09	-1.783965e+01	-5.008292e+02
4.200000e-07	-2.440074e-06	-8.392429e-09	-1.757750e+01	-4.968678e+02
4.300000e-07	-2.403107e-06	-8.202974e-09	-1.731121e+01	-4.928116e+02
4.400000e-07	-2.365447e-06	-8.111498e-09	-1.703991e+01	-4.886586e+02
4.500000e-07	-2.327114e-06	-8.148383e-09	-1.676377e+01	-4.844031e+02
4.600000e-07	-2.288139e-06	-8.091725e-09	-1.648301e+01	-4.800356e+02
4.700000e-07	-2.248515e-06	-7.924599e-09	-1.619758e+01	-4.755449e+02
4.800000e-07	-2.208382e-06	-7.807288e-09	-1.590847e+01	-4.709210e+02
4.900000e-07	-2.167921e-06	-7.819483e-09	-1.561700e+01	-4.661591e+02
5.000000e-07	-2.126864e-06	-7.777193e-09	-1.532124e+01	-4.612612e+02
5.100000e-07	-2.085015e-06	-7.625264e-09	-1.501978e+01	-4.562363e+02
5.200000e-07	-2.042286e-06	-7.482983e-09	-1.471197e+01	-4.510978e+02
5.300000e-07	-1.998711e-06	-7.473766e-09	-1.439806e+01	-4.458590e+02
5.400000e-07	-1.954605e-06	-7.440756e-09	-1.408034e+01	-4.405282e+02
5.500000e-07	-1.910107e-06	-7.279371e-09	-1.375979e+01	-4.351050e+02
5.600000e-07	-1.865155e-06	-7.126562e-09	-1.343598e+01	-4.295792e+02
5.700000e-07	-1.819648e-06	-7.089478e-09	-1.310816e+01	-4.239323e+02
5.800000e-07	-1.773627e-06	-7.058059e-09	-1.277663e+01	-4.181416e+02
5.900000e-07	-1.727133e-06	-6.904322e-09	-1.244171e+01	-4.121861e+02
6.000000e-07	-1.680073e-06	-6.740582e-09	-1.210270e+01	-4.060511e+02
6.100000e-07	-1.632513e-06	-6.671798e-09	-1.176009e+01	-3.997312e+02
6.200000e-07	-1.584570e-06	-6.632819e-09	-1.141473e+01	-3.932308e+02
6.300000e-07	-1.536313e-06	-6.485763e-09	-1.106710e+01	-3.865609e+02
6.400000e-07	-1.487661e-06	-6.304649e-09	-1.071663e+01	-3.797344e+02
6.500000e-07	-1.438401e-06	-6.218030e-09	-1.036177e+01	-3.727609e+02
6.600000e-07	-1.388446e-06	-6.168640e-09	-1.000192e+01	-3.656426e+02
6.700000e-07	-1.337927e-06	-6.023846e-09	-9.637993e+00	-3.583730e+02
6.800000e-07	-1.286825e-06	-5.824673e-09	-9.269868e+00	-3.509381e+02
6.900000e-07	-1.235133e-06	-5.716225e-09	-8.897495e+00	-3.433199e+02
7.000000e-07	-1.183036e-06	-5.650120e-09	-8.522211e+00	-3.355012e+02
7.100000e-07	-1.130627e-06	-5.505210e-09	-8.144668e+00	-3.274696e+02
7.200000e-07	-1.077924e-06	-5.301088e-09	-7.765018e+00	-3.192200e+02
7.300000e-07	-1.024867e-06	-5.169444e-09	-7.382813e+00	-3.107542e+02
7.400000e-07	-9.714395e-07	-5.089775e-09	-6.997935e+00	-3.020781e+02
7.500000e-07	-9.177615e-07	-4.937700e-09	-6.611257e+00	-2.931983e+02
7.600000e-07	-8.638384e-07	-4.723557e-09	-6.222812e+00	-2.841178e+02
7.700000e-07	-8.096930e-07	-4.563040e-09	-5.832766e+00	-2.748335e+02
7.800000e-07	-7.554043e-07	-4.463591e-09	-5.441688e+00	-2.653356e+02
7.900000e-07	-7.009285e-07	-4.303168e-09	-5.049262e+00	-2.556094e+02
8.000000e-07	-6.462610e-07	-4.081593e-09	-4.655455e+00	-2.456381e+02
8.100000e-07	-5.914391e-07	-3.899364e-09	-4.260536e+00	-2.354067e+02
8.200000e-07	-5.364598e-07	-3.776830e-09	-3.864483e+00	-2.249044e+02
8.300000e-07	-4.813905e-07	-3.608831e-09	-3.467781e+00	-2.141253e+02
8.400000e-07	-4.261697e-07	-3.374036e-09	-3.069988e+00	-2.030678e+02
8.500000e-07	-3.707992e-07	-3.170352e-09	-2.671117e+00	-1.917317e+02
8.600000e-07	-3.153632e-07	-3.020557e-09	-2.271775e+00	-1.801159e+02
8.700000e-07	-2.597664e-07	-2.839247e-09	-1.871273e+00	-1.682159e+02
8.800000e-07	-2.041234e-07	-2.590316e-09	-1.470439e+00	-1.560239e+02
8.900000e-07	-1.484817e-07	-2.362190e-09	-1.069614e+00	-1.435300e+02
9.000000e-07	-9.277616e-08	-2.185562e-09	-6.683294e-01	-1.307253e+02
9.100000e-07	-3.706670e-08	-1.986548e-09	-2.670165e-01	-1.176055e+02
9.200000e-07	1.867472e-08	-1.723316e-09	1.345266e-01	-1.041742e+02
9.300000e-07	7.437987e-08	-1.468911e-09	5.358085e-01	-9.044375e+01
9.400000e-07	1.300219e-07	-1.267844e-09	9.366358e-01	-7.643536e+01
9.500000e-07	1.856428e-07	-1.053834e-09	1.337310e+00	-6.217664e+01
9.600000e-07	2.412709e-07	-7.819625e-10	1.738038e+00	-4.769848e+01
9.700000e-07	2.968562e-07	-5.097869e-10	2.138456e+00	-3.303205e+01
9.800000e-07	3.523188e-07	-2.875475e-10	2.537990e+00	-1.820695e+01
9.900000e-07	4.077252e-07	-6.223805e-11	2.937120e+00	-3.250983e+00
1.000000e-06	4.630027e-07	2.125805e-10	3.335321e+00	1.180847e+01
1.010000e-06	5.181018e-07	4.953595e-10	3.732238e+00	2.694217e+01
1.020000e-06	5.730938e-07	7.296425e-10	4.128382e+00	4.211686e+01
1.030000e-06	6.279305e-07	9.555290e-10	4.523408e+00	5.729421e+01
1.040000e-06	6.826093e-07	1.224848e-09	4.917296e+00	7.243149e+01
1.050000e-06	7.371465e-07	1.501850e-09	5.310164e+00	8.748399e+01
1.060000e-06	7.914568e-07	1.739149e-09	5.701398e+00	1.024086e+02
1.070000e-06	8.455759e-07	1.961758e-09	6.091255e+00	1.171673e+02
1.080000e-06	8.995020e-07	2.217497e-09	6.479721e+00	1.317303e+02
1.090000e-06	9.531425e-07	2.478884e-09	6.866130e+00	1.460767e+02
1.100000e-06	1.006512e-06	2.701770e-09	7.250586e+00	1.601935e+02
1.110000e-06	1.059540e-06	2.908409e-09	7.632584e+00	1.740733e+02
1.120000e-06	1.112178e-06	3.145937e-09	8.011767e+00	1.877109e+02
1.130000e-06	1.164538e-06	3.395335e-09	8.388952e+00	2.011002e+02
1.140000e-06	1.216498e-06	3.610460e-09	8.763257e+00	2.142328e+02
1.150000e-06	1.268040e-06	3.804892e-09	9.134552e+00	2.270978e+02
1.160000e-06	1.319101e-06	4.017232e-09	9.502377e+00	2.396832e+02
1.170000e-06	1.369491e-06	4.243429e-09	9.865369e+00	2.519781e+02
1.180000e-06	1.419219e-06	4.440909e-09	1.022360e+01	2.639751e+02
1.190000e-06	1.468372e-06	4.616842e-09	1.057768e+01	2.756710e+02
1.200000e-06	1.517109e-06	4.806612e-09	1.092876e+01	2.870672e+02
1.210000e-06	1.565450e-06	5.009243e-09	1.127699e+01	2.981677e+02
1.220000e-06	1.613430e-06	5.190584e-09	1.162263e+01	3.089773e+02
1.230000e-06	1.660975e-06	5.350940e-09	1.196513e+01	3.194994e+02
1.240000e-06	1.708041e-06	5.521725e-09	1.230417e+01	3.297344e+02
1.250000e-06	1.754663e-06	5.703673e-09	1.264002e+01	3.396804e+02
1.260000e-06	1.800784e-06	5.866674e-09	1.297227e+01	3.493342e+02
1.270000e-06	1.846340e-06	6.004161e-09	1.330043e+01	3.586936e+02
1.280000e-06	1.891353e-06	6.151447e-09	1.362469e+01	3.677594e+02
1.290000e-06	1.935956e-06	6.311865e-09	1.394600e+01	3.765366e+02
1.300000e-06	1.980236e-06	6.459906e-09	1.426498e+01	3.850345e+02
1.310000e-06	2.024162e-06	6.584754e-09	1.458141e+01	3.932648e+02
1.320000e-06	2.067533e-06	6.714367e-09	1.489384e+01	4.012399e+02
1.330000e-06	2.110120e-06	6.854641e-09	1.520062e+01	4.089697e+02
1.340000e-06	2.151835e-06	6.981873e-09	1.550112e+01	4.164603e+02
1.350000e-06	2.192728e-06	7.089061e-09	1.579570e+01	4.237136e+02
1.360000e-06	2.233044e-06	7.198777e-09	1.608613e+01	4.307284e+02
1.370000e-06	2.272910e-06	7.323616e-09	1.637331e+01	4.375025e+02
1.380000e-06	2.312222e-06	7.440586e-09	1.665649e+01	4.440354e+02
1.390000e-06	2.350915e-06	7.538446e-09	1.693523e+01	4.503299e+02
1.400000e-06	2.388953e-06	7.633683e-09	1.720925e+01	4.563930e+02
1.410000e-06	2.426336e-06	7.738519e-09	1.747854e+01	4.622354e+02
1.420000e-06	2.463087e-06	7.838495e-09	1.774328e+01	4.678699e+02
1.430000e-06	2.499311e-06	7.922329e-09	1.800423e+01	4.733091e+02
1.440000e-06	2.534949e-06	8.003189e-09	1.826095e+01	4.785637e+02
1.450000e-06	2.569807e-06	8.094887e-09	1.851205e+01	4.836418e+02
1.460000e-06	2.603653e-06	8.182306e-09	1.875587e+01	4.885490e+02
1.470000e-06	2.636575e-06	8.255283e-09	1.899303e+01	4.932895e+02
1.480000e-06	2.668771e-06	8.326055e-09	1.922496e+01	4.978677e+02
1.490000e-06	2.700259e-06	8.405025e-09	1.945179e+01	5.022889e+02
1.500000e-06	2.731069e-06	8.482768e-09	1.967374e+01	5.065593e+02
1.510000e-06	2.761139e-06	8.546783e-09	1.989035e+01	5.106850e+02
1.520000e-06	2.790446e-06	8.606867e-09	2.010147e+01	5.146700e+02
1.530000e-06	2.819117e-06	8.675148e-09	2.030801e+01	5.185149e+02
1.540000e-06	2.847178e-06	8.741652e-09	2.051015e+01	5.222162e+02
1.550000e-06	2.874348e-06	8.795417e-09	2.070587e+01	5.257675e+02
1.560000e-06	2.900382e-06	8.845997e-09	2.089341e+01	5.291615e+02
1.570000e-06	2.925404e-06	8.904212e-09	2.107366e+01	5.323938e+02
1.580000e-06	2.949602e-06	8.962781e-09	2.124798e+01	5.354656e+02
1.590000e-06	2.973014e-06	9.010173e-09	2.141663e+01	5.383856e+02
1.600000e-06	2.995635e-06	9.050353e-09	2.157958e+01	5.411694e+02
1.610000e-06	3.017468e-06	9.096088e-09	2.173686e+01	5.438365e+02
1.620000e-06	3.038540e-06	9.144399e-09	2.188866e+01	5.464056e+02
1.630000e-06	3.058931e-06	9.184826e-09	2.203555e+01	5.488894e+02
1.640000e-06	3.078663e-06	9.219397e-09	2.217769e+01	5.512909e+02
1.650000e-06	3.097469e-06	9.258037e-09	2.231317e+01	5.536023e+02
1.660000e-06	3.115346e-06	9.299439e-09	2.244195e+01	5.558072e+02
1.670000e-06	3.132368e-06	9.332210e-09	2.256456e+01	5.578854e+02
1.680000e-06	3.148483e-06	9.358954e-09	2.268065e+01	5.598197e+02
1.690000e-06	3.163604e-06	9.389629e-09	2.278958e+01	5.616015e+02
1.700000e-06	3.177727e-06	9.422139e-09	2.289132e+01	5.632344e+02
1.710000e-06	3.190970e-06	9.448042e-09	2.298671e+01	5.647342e+02
1.720000e-06	3.203364e-06	9.466769e-09	2.307599e+01	5.661240e+02
1.730000e-06	3.214743e-06	9.487623e-09	2.315796e+01	5.674282e+02
1.740000e-06	3.224810e-06	9.512052e-09	2.323048e+01	5.686643e+02
1.750000e-06	3.233739e-06	9.530589e-09	2.329481e+01	5.698382e+02
1.760000e-06	3.241856e-06	9.542689e-09	2.335328e+01	5.709420e+02
1.770000e-06	3.249161e-06	9.556693e-09	2.340590e+01	5.719568e+02
1.780000e-06	3.255572e-06	9.574823e-09	2.345208e+01	5.728594e+02
1.790000e-06	3.261071e-06	9.587577e-09	2.349170e+01	5.736309e+02
1.800000e-06	3.265775e-06	9.592047e-09	2.352558e+01	5.742635e+02
1.810000e-06	3.269772e-06	9.599309e-09	2.355438e+01	5.747648e+02
1.820000e-06	3.272811e-06	9.610559e-09	2.357627e+01	5.751560e+02
1.830000e-06	3.274634e-06	9.618766e-09	2.358940e+01	5.754655e+02
1.840000e-06	3.275383e-06	9.620455e-09	2.359480e+01	5.757195e+02
1.850000e-06	3.275258e-06	9.620604e-09	2.359390e+01	5.759322e+02
1.860000e-06	3.274358e-06	9.623503e-09	2.358742e+01	5.760989e+02
1.870000e-06	3.272734e-06	9.625801e-09	2.357572e+01	5.761956e+02
1.880000e-06	3.270214e-06	9.621565e-09	2.355756e+01	5.761845e+02
1.890000e-06	3.266879e-06	9.615615e-09	2.353354e+01	5.760254e+02
1.900000e-06	3.262882e-06	9.614606e-09	2.350475e+01	5.756892e+02
1.910000e-06	3.258016e-06	9.613174e-09	2.346969e+01	5.751703e+02
1.920000e-06	3.252022e-06	9.602424e-09	2.342651e+01	5.744926e+02
1.930000e-06	3.244924e-06	9.596085e-09	2.337538e+01	5.737084e+02
1.940000e-06	3.236700e-06	9.587992e-09	2.331614e+01	5.728883e+02
1.950000e-06	3.227131e-06	9.573830e-09	2.324720e+01	5.721051e+02
1.960000e-06	3.216482e-06	9.480046e-09	2.317050e+01	5.714159e+02
1.970000e-06	3.205485e-06	9.494185e-09	2.309127e+01	5.708462e+02
1.980000e-06	3.194201e-06	9.578753e-09	2.300999e+01	5.703819e+02
1.990000e-06	3.181592e-06	9.599490e-09	2.291916e+01	5.699702e+02
2.000000e-06	3.167270e-06	9.589652e-09	2.281599e+01	5.695305e+02
2.010000e-06	3.152208e-06	9.633801e-09	2.270749e+01	5.689715e+02
2.020000e-06	3.136576e-06	9.723003e-09	2.259488e+01	5.682114e+02
2.030000e-06	3.119788e-06	9.608397e-09	2.247394e+01	5.671946e+02
2.040000e-06	3.102268e-06	9.573866e-09	2.234773e+01	5.659020e+02
2.050000e-06	3.084335e-06	9.592620e-09	2.221855e+01	5.643519e+02
2.060000e-06	3.065574e-06	9.458619e-09	2.208340e+01	5.625915e+02
2.070000e-06	3.045979e-06	9.480680e-09	2.194225e+01	5.606822e+02
2.080000e-06	3.025709e-06	9.584694e-09	2.179623e+01	5.586831e+02
2.090000e-06	3.004316e-06	9.444975e-09	2.164212e+01	5.566363e+02
2.100000e-06	2.981571e-06	9.318589e-09	2.147827e+01	5.545582e+02
2.110000e-06	2.957999e-06	9.379878e-09	2.130847e+01	5.524389e+02
2.120000e-06	2.933630e-06	9.381177e-09	2.113292e+01	5.502484e+02
2.130000e-06	2.908433e-06	9.228584e-09	2.095141e+01	5.479471e+02
2.140000e-06	2.882619e-06	9.194242e-09	2.076545e+01	5.454983e+02
2.150000e-06	2.855942e-06	9.210459e-09	2.057328e+01	5.428775e+02
2.160000e-06	2.828541e-06	9.202880e-09	2.037589e+01	5.400780e+02
2.170000e-06	2.800555e-06	9.176262e-09	2.017429e+01	5.371102e+02
2.180000e-06	2.771351e-06	8.992242e-09	1.996391e+01	5.339964e+02
2.190000e-06	2.740877e-06	8.977877e-09	1.974439e+01	5.307635e+02
2.200000e-06	2.709680e-06	9.056359e-09	1.951966e+01	5.274356e+02
2.210000e-06	2.677849e-06	8.932643e-09	1.929035e+01	5.240287e+02
2.220000e-06	2.645274e-06	8.770026e-09	1.905570e+01	5.205489e+02
2.230000e-06	2.611986e-06	8.751940e-09	1.881590e+01	5.169942e+02
2.240000e-06	2.577907e-06	8.767156e-09	1.857040e+01	5.133580e+02
2.250000e-06	2.543229e-06	8.697693e-09	1.832060e+01	5.096333e+02
2.260000e-06	2.508119e-06	8.523352e-09	1.806768e+01	5.058153e+02
2.270000e-06	2.472337e-06	8.423826e-09	1.780992e+01	5.019023e+02
2.280000e-06	2.435797e-06	8.511262e-09	1.754670e+01	4.978944e+02
2.290000e-06	2.398289e-06	8.440343e-09	1.727650e+01	4.937912e+02
2.300000e-06	2.359730e-06	8.235958e-09	1.699873e+01	4.895888e+02
2.310000e-06	2.320536e-06	8.174840e-09	1.671639e+01	4.852796e+02
2.320000e-06	2.280952e-06	8.206375e-09	1.643124e+01	4.808528e+02
2.330000e-06	2.240794e-06	8.151733e-09	1.614196e+01	4.762974e+02
2.340000e-06	2.199981e-06	7.961631e-09	1.584795e+01	4.716057e+02
2.350000e-06	2.158622e-06	7.843498e-09	1.555001e+01	4.667759e+02
2.360000e-06	2.116728e-06	7.872156e-09	1.524822e+01	4.618139e+02
2.370000e-06	2.074184e-06	7.818083e-09	1.494175e+01	4.567314e+02
2.380000e-06	2.031111e-06	7.618444e-09	1.463146e+01	4.515422e+02
2.390000e-06	1.987727e-06	7.494263e-09	1.431894e+01	4.462577e+02
2.400000e-06	1.943967e-06	7.497404e-09	1.400371e+01	4.408823e+02
2.410000e-06	1.899662e-06	7.464868e-09	1.368455e+01	4.354106e+02
2.420000e-06	1.854774e-06	7.278764e-09	1.336119e+01	4.298278e+02
2.430000e-06	1.809259e-06	7.118249e-09	1.303331e+01	4.241128e+02
2.440000e-06	1.763187e-06	7.109473e-09	1.270143e+01	4.182430e+02
2.450000e-06	1.716732e-06	7.059078e-09	1.236678e+01	4.121999e+02
2.460000e-06	1.669969e-06	6.882542e-09	1.202992e+01	4.059734e+02
2.470000e-06	1.622628e-06	6.706312e-09	1.168888e+01	3.995631e+02
2.480000e-06	1.574533e-06	6.664052e-09	1.134242e+01	3.929773e+02
2.490000e-06	1.525856e-06	6.631103e-09	1.099177e+01	3.862284e+02
2.500000e-06	1.476725e-06	6.449143e-09	1.063785e+01	3.793285e+02
2.510000e-06	1.427274e-06	6.252706e-09	1.028162e+01	3.722838e+02
2.520000e-06	1.377463e-06	6.188291e-09	9.922796e+00	3.650921e+02
2.530000e-06	1.327149e-06	6.139132e-09	9.560352e+00	3.577429e+02
2.540000e-06	1.276393e-06	5.963386e-09	9.194719e+00	3.502195e+02
2.550000e-06	1.225271e-06	5.752876e-09	8.826456e+00	3.425039e+02
2.560000e-06	1.173818e-06	5.658770e-09	8.455808e+00	3.345808e+02
2.570000e-06	1.122124e-06	5.604742e-09	8.083421e+00	3.264413e+02
2.580000e-06	1.070092e-06	5.427005e-09	7.708594e+00	3.180840e+02
2.590000e-06	1.017615e-06	5.205564e-09	7.330568e+00	3.095130e+02
2.600000e-06	9.646379e-07	5.085551e-09	6.948939e+00	3.007353e+02
2.610000e-06	9.110813e-07	5.010657e-09	6.563134e+00	2.917561e+02
2.620000e-06	8.571296e-07	4.837015e-09	6.174484e+00	2.825754e+02
2.630000e-06	8.028287e-07	4.598482e-09	5.783318e+00	2.731868e+02
2.640000e-06	7.481307e-07	4.449628e-09	5.389291e+00	2.635777e+02
2.650000e-06	6.932042e-07	4.354738e-09	4.993619e+00	2.537319e+02
2.660000e-06	6.381115e-07	4.176749e-09	4.596748e+00	2.436331e+02
2.670000e-06	5.829029e-07	3.932641e-09	4.199044e+00	2.332682e+02
2.680000e-06	5.275664e-07	3.755515e-09	3.800418e+00	2.226289e+02
2.690000e-06	4.721094e-07	3.641624e-09	3.400923e+00	2.117115e+02
2.700000e-06	4.166499e-07	3.457321e-09	3.001410e+00	2.005157e+02
2.710000e-06	3.611803e-07	3.198592e-09	2.601826e+00	1.890409e+02
2.720000e-06	3.056613e-07	2.988723e-09	2.201885e+00	1.772847e+02
2.730000e-06	2.500819e-07	2.844742e-09	1.801509e+00	1.652408e+02
2.740000e-06	1.944701e-07	2.648602e-09	1.400899e+00	1.529000e+02
2.750000e-06	1.388543e-07	2.377890e-09	1.000261e+00	1.402525e+02
2.760000e-06	8.320250e-08	2.140331e-09	5.993639e-01	1.272913e+02
2.770000e-06	2.753749e-08	1.969315e-09	1.983712e-01	1.140157e+02
2.780000e-06	-2.810207e-08	1.762415e-09	-2.024382e-01	1.004336e+02
2.790000e-06	-8.372241e-08	1.482774e-09	-6.031091e-01	8.656196e+01
2.800000e-06	-1.393475e-07	1.223523e-09	-1.003814e+00	7.242559e+01
2.810000e-06	-1.949787e-07	1.023800e-09	-1.404563e+00	5.805412e+01
2.820000e-06	-2.505530e-07	8.017320e-10	-1.804903e+00	4.347891e+01
2.830000e-06	-3.060533e-07	5.097501e-10	-2.204709e+00	2.873048e+01
2.840000e-06	-3.615472e-07	2.288496e-10	-2.604469e+00	1.383746e+01
2.850000e-06	-4.170483e-07	1.052599e-11	-3.004281e+00	-1.172822e+00
2.860000e-06	-4.724848e-07	-2.153784e-10	-3.403627e+00	-1.627235e+01
2.870000e-06	-5.277665e-07	-5.034354e-10	-3.801859e+00	-3.143010e+01
2.880000e-06	-5.829668e-07	-7.888338e-10	-4.199504e+00	-4.661031e+01
2.890000e-06	-6.380891e-07	-1.014915e-09	-4.596587e+00	-6.177226e+01
2.900000e-06	-6.930218e-07	-1.240848e-09	-4.992305e+00	-7.687182e+01
2.910000e-06	-7.477026e-07	-1.522328e-09	-5.386207e+00	-9.186459e+01
2.920000e-06	-8.021576e-07	-1.807543e-09	-5.778483e+00	-1.067096e+02
2.930000e-06	-8.562731e-07	-2.036330e-09	-6.168314e+00	-1.213728e+02
2.940000e-06	-9.099491e-07	-2.253312e-09	-6.554979e+00	-1.358286e+02
2.950000e-06	-9.631583e-07	-2.515131e-09	-6.938281e+00	-1.500605e+02
2.960000e-06	-1.015871e-06	-2.783744e-09	-7.318003e+00	-1.640586e+02
2.970000e-06	-1.068156e-06	-2.999891e-09	-7.694649e+00	-1.778170e+02
2.980000e-06	-1.120080e-06	-3.197190e-09	-8.068691e+00	-1.913305e+02
2.990000e-06	-1.171700e-06	-3.433228e-09	-8.440545e+00	-2.045917e+02
3.000000e-06	-1.222949e-06	-3.680820e-09	-8.809731e+00	-2.175911e+02
3.010000e-06	-1.273849e-06	-3.888631e-09	-9.176392e+00	-2.303169e+02
3.020000e-06	-1.324365e-06	-4.073583e-09	-9.540299e+00	-2.427573e+02
3.030000e-06	-1.374457e-06	-4.288012e-09	-9.901142e+00	-2.549030e+02
3.040000e-06	-1.424128e-06	-4.515117e-09	-1.025896e+01	-2.667486e+02
3.050000e-06	-1.473307e-06	-4.705927e-09	-1.061323e+01	-2.782934e+02
3.060000e-06	-1.521991e-06	-4.872034e-09	-1.096393e+01	-2.895402e+02
3.070000e-06	-1.570012e-06	-5.059651e-09	-1.130986e+01	-3.004938e+02
3.080000e-06	-1.617283e-06	-5.263881e-09	-1.165039e+01	-3.111585e+02
3.090000e-06	-1.664007e-06	-5.439334e-09	-1.198697e+01	-3.215362e+02
3.100000e-06	-1.710298e-06	-5.590574e-09	-1.232043e+01	-3.316262e+02
3.110000e-06	-1.756244e-06	-5.758070e-09	-1.265141e+01	-3.414256e+02
3.120000e-06	-1.801819e-06	-5.941599e-09	-1.297972e+01	-3.509314e+02
3.130000e-06	-1.846841e-06	-6.100983e-09	-1.330404e+01	-3.601427e+02
3.140000e-06	-1.891304e-06	-6.233125e-09	-1.362434e+01	-3.690624e+02
3.150000e-06	-1.935335e-06	-6.375360e-09	-1.394153e+01	-3.776977e+02
3.160000e-06	-1.978980e-06	-6.534132e-09	-1.425593e+01	-3.860593e+02
3.170000e-06	-2.022216e-06	-6.676461e-09	-1.456739e+01	-3.941597e+02
3.180000e-06	-2.065006e-06	-6.794692e-09	-1.487564e+01	-4.020102e+02
3.190000e-06	-2.107198e-06	-6.921955e-09	-1.517957e+01	-4.096190e+02
3.200000e-06	-2.148828e-06	-7.065031e-09	-1.547946e+01	-4.169900e+02
3.210000e-06	-2.189985e-06	-7.190599e-09	-1.577594e+01	-4.241234e+02
3.220000e-06	-2.230552e-06	-7.290747e-09	-1.606818e+01	-4.310172e+02
3.230000e-06	-2.270543e-06	-7.396536e-09	-1.635625e+01	-4.376697e+02
3.240000e-06	-2.310061e-06	-7.517688e-09	-1.664093e+01	-4.440819e+02
3.250000e-06	-2.349014e-06	-7.628527e-09	-1.692153e+01	-4.502586e+02
3.260000e-06	-2.387145e-06	-7.716266e-09	-1.719622e+01	-4.562089e+02
3.270000e-06	-2.424332e-06	-7.807588e-09	-1.746410e+01	-4.619448e+02
3.280000e-06	-2.460647e-06	-7.914465e-09	-1.772571e+01	-4.674793e+02
3.290000e-06	-2.496330e-06	-8.014881e-09	-1.798275e+01	-4.728241e+02
3.300000e-06	-2.531434e-06	-8.095104e-09	-1.823563e+01	-4.779887e+02
3.310000e-06	-2.565893e-06	-8.170842e-09	-1.848386e+01	-4.829799e+02
3.320000e-06	-2.599597e-06	-8.257617e-09	-1.872666e+01	-4.878022e+02
3.330000e-06	-2.632521e-06	-8.340817e-09	-1.896383e+01	-4.924601e+02
3.340000e-06	-2.664754e-06	-8.410342e-09	-1.919603e+01	-4.969581e+02
3.350000e-06	-2.696340e-06	-8.480870e-09	-1.942356e+01	-5.013022e+02
3.360000e-06	-2.727275e-06	-8.561382e-09	-1.964640e+01	-5.054987e+02
3.370000e-06	-2.757306e-06	-8.638977e-09	-1.986274e+01	-5.095528e+02
3.380000e-06	-2.786175e-06	-8.702332e-09	-2.007070e+01	-5.134670e+02
3.390000e-06	-2.814116e-06	-8.761584e-09	-2.027198e+01	-5.172399e+02
3.400000e-06	-2.841422e-06	-8.826651e-09	-2.046869e+01	-5.208663e+02
3.410000e-06	-2.867953e-06	-8.888386e-09	-2.065980e+01	-5.243388e+02
3.420000e-06	-2.893674e-06	-8.939693e-09	-2.084509e+01	-5.276513e+02
3.430000e-06	-2.918612e-06	-8.986905e-09	-2.102473e+01	-5.308018e+02
3.440000e-06	-2.942718e-06	-9.038752e-09	-2.119838e+01	-5.337952e+02
3.450000e-06	-2.966136e-06	-9.092788e-09	-2.136708e+01	-5.366440e+02
3.460000e-06	-2.988810e-06	-9.141870e-09	-2.153042e+01	-5.393660e+02
3.470000e-06	-3.010445e-06	-9.184269e-09	-2.168627e+01	-5.419811e+02
3.480000e-06	-3.030965e-06	-9.228039e-09	-2.183409e+01	-5.445056e+02
3.490000e-06	-3.050599e-06	-9.271766e-09	-2.197552e+01	-5.469476e+02
3.500000e-06	-3.069524e-06	-9.308538e-09	-2.211185e+01	-5.493048e+02
3.510000e-06	-3.087685e-06	-9.339986e-09	-2.224268e+01	-5.515645e+02
3.520000e-06	-3.105036e-06	-9.376604e-09	-2.236767e+01	-5.537076e+02
3.530000e-06	-3.121592e-06	-9.415803e-09	-2.248694e+01	-5.557147e+02
3.540000e-06	-3.137370e-06	-9.450680e-09	-2.260060e+01	-5.575721e+02
3.550000e-06	-3.152195e-06	-9.478221e-09	-2.270739e+01	-5.592773e+02
3.560000e-06	-3.165887e-06	-9.505321e-09	-2.280602e+01	-5.608402e+02
3.570000e-06	-3.178461e-06	-9.534445e-09	-2.289660e+01	-5.622810e+02
3.580000e-06	-3.190041e-06	-9.556629e-09	-2.298002e+01	-5.636242e+02
3.590000e-06	-3.200673e-06	-9.574604e-09	-2.305661e+01	-5.648919e+02
3.600000e-06	-3.210415e-06	-9.596191e-09	-2.312679e+01	-5.660962e+02
3.610000e-06	-3.219413e-06	-9.621355e-09	-2.319161e+01	-5.672359e+02
3.620000e-06	-3.227547e-06	-9.638528e-09	-2.325020e+01	-5.682971e+02
3.630000e-06	-3.234854e-06	-9.651250e-09	-2.330284e+01	-5.692577e+02
3.640000e-06	-3.241252e-06	-9.667145e-09	-2.334893e+01	-5.700956e+02
3.650000e-06	-3.246390e-06	-9.684926e-09	-2.338594e+01	-5.707968e+02
3.660000e-06	-3.250397e-06	-9.696232e-09	-2.341481e+01	-5.713610e+02
3.670000e-06	-3.253621e-06	-9.701576e-09	-2.343803e+01	-5.718030e+02
3.680000e-06	-3.256034e-06	-9.708131e-09	-2.345541e+01	-5.721487e+02
3.690000e-06	-3.257675e-06	-9.716101e-09	-2.346724e+01	-5.724269e+02
3.700000e-06	-3.258488e-06	-9.720431e-09	-2.347309e+01	-5.726586e+02
3.710000e-06	-3.258348e-06	-9.721399e-09	-2.347208e+01	-5.728493e+02
