# Temperatura_=_20.0
# Concentracion g/m^3_=_12000.0
# C_Vs_to_Am_M_A/Vsm_=_59384043850.047264
# pendiente_HvsI_1/m_=_3716.3
# ordenada_HvsI_A/m_=_1297.0
# frecuencia_Hz_=_269548.21618601703

Tiempo_(s)	Campo_(V.s)	Magnetizacion_(V.s)	Campo_(kA/m)	Magnetizacion_(A/m)
0.000000e+00	-3.269453e-06	-9.768220e-09	-2.359705e+01	-5.751151e+02
1.000000e-08	-3.268889e-06	-9.767126e-09	-2.359298e+01	-5.752562e+02
2.000000e-08	-3.267357e-06	-9.763236e-09	-2.358192e+01	-5.753206e+02
3.000000e-08	-3.264609e-06	-9.761826e-09	-2.356209e+01	-5.752668e+02
4.000000e-08	-3.260878e-06	-9.760310e-09	-2.353516e+01	-5.750546e+02
5.000000e-08	-3.256467e-06	-9.758828e-09	-2.350333e+01	-5.746595e+02
6.000000e-08	-3.251294e-06	-9.757369e-09	-2.346599e+01	-5.740828e+02
7.000000e-08	-3.245190e-06	-9.758459e-09	-2.342193e+01	-5.733561e+02
8.000000e-08	-3.238112e-06	-9.727334e-09	-2.337085e+01	-5.725362e+02
9.000000e-08	-3.229983e-06	-9.656447e-09	-2.331218e+01	-5.716934e+02
1.000000e-07	-3.220622e-06	-9.651778e-09	-2.324461e+01	-5.708940e+02
1.100000e-07	-3.210153e-06	-9.752325e-09	-2.316906e+01	-5.701831e+02
1.200000e-07	-3.198881e-06	-9.760753e-09	-2.308770e+01	-5.695713e+02
1.300000e-07	-3.186784e-06	-9.583875e-09	-2.300039e+01	-5.690305e+02
1.400000e-07	-3.173678e-06	-9.531203e-09	-2.290580e+01	-5.684985e+02
1.500000e-07	-3.159789e-06	-9.630575e-09	-2.280556e+01	-5.678931e+02
1.600000e-07	-3.144936e-06	-9.519014e-09	-2.269836e+01	-5.671306e+02
1.700000e-07	-3.128586e-06	-9.387742e-09	-2.258035e+01	-5.661448e+02
1.800000e-07	-3.111262e-06	-9.410393e-09	-2.245532e+01	-5.649010e+02
1.900000e-07	-3.093568e-06	-9.428874e-09	-2.232761e+01	-5.634018e+02
2.000000e-07	-3.075012e-06	-9.413882e-09	-2.219368e+01	-5.616836e+02
2.100000e-07	-3.055357e-06	-9.393138e-09	-2.205183e+01	-5.598044e+02
2.200000e-07	-3.035104e-06	-9.321718e-09	-2.190565e+01	-5.578275e+02
2.300000e-07	-3.014231e-06	-9.198726e-09	-2.175501e+01	-5.558053e+02
2.400000e-07	-2.992462e-06	-9.296715e-09	-2.159789e+01	-5.537668e+02
2.500000e-07	-2.969875e-06	-9.369013e-09	-2.143487e+01	-5.517131e+02
2.600000e-07	-2.946556e-06	-9.134418e-09	-2.126656e+01	-5.496198e+02
2.700000e-07	-2.922475e-06	-9.046331e-09	-2.109276e+01	-5.474468e+02
2.800000e-07	-2.897566e-06	-9.200461e-09	-2.091298e+01	-5.451504e+02
2.900000e-07	-2.871627e-06	-9.155571e-09	-2.072577e+01	-5.426953e+02
3.000000e-07	-2.844532e-06	-8.950402e-09	-2.053021e+01	-5.400630e+02
3.100000e-07	-2.816552e-06	-8.901636e-09	-2.032827e+01	-5.372539e+02
3.200000e-07	-2.787895e-06	-8.978844e-09	-2.012144e+01	-5.342853e+02
3.300000e-07	-2.758510e-06	-8.931853e-09	-1.990936e+01	-5.311837e+02
3.400000e-07	-2.728497e-06	-8.767017e-09	-1.969274e+01	-5.279773e+02
3.500000e-07	-2.697698e-06	-8.713247e-09	-1.947045e+01	-5.246883e+02
3.600000e-07	-2.666046e-06	-8.740750e-09	-1.924201e+01	-5.213292e+02
3.700000e-07	-2.633850e-06	-8.686079e-09	-1.900963e+01	-5.179022e+02
3.800000e-07	-2.601163e-06	-8.574066e-09	-1.877372e+01	-5.144020e+02
3.900000e-07	-2.567506e-06	-8.513400e-09	-1.853080e+01	-5.108196e+02
4.000000e-07	-2.532660e-06	-8.479309e-09	-1.827930e+01	-5.071466e+02
4.100000e-07	-2.496990e-06	-8.451166e-09	-1.802185e+01	-5.033768e+02
4.200000e-07	-2.460747e-06	-8.361579e-09	-1.776027e+01	-4.995071e+02
4.300000e-07	-2.423962e-06	-8.246451e-09	-1.749478e+01	-4.955355e+02
4.400000e-07	-2.386475e-06	-8.220362e-09	-1.722422e+01	-4.914588e+02
4.500000e-07	-2.348239e-06	-8.187539e-09	-1.694825e+01	-4.872709e+02
4.600000e-07	-2.309392e-06	-8.071959e-09	-1.666788e+01	-4.829632e+02
4.700000e-07	-2.269965e-06	-7.968968e-09	-1.638332e+01	-4.785258e+02
4.800000e-07	-2.230023e-06	-7.928382e-09	-1.609504e+01	-4.739508e+02
4.900000e-07	-2.189608e-06	-7.867010e-09	-1.580334e+01	-4.692353e+02
5.000000e-07	-2.148622e-06	-7.761801e-09	-1.550753e+01	-4.643829e+02
5.100000e-07	-2.106906e-06	-7.659677e-09	-1.520645e+01	-4.594037e+02
5.200000e-07	-2.064349e-06	-7.601307e-09	-1.489929e+01	-4.543115e+02
5.300000e-07	-2.020997e-06	-7.541333e-09	-1.458641e+01	-4.491189e+02
5.400000e-07	-1.977026e-06	-7.430287e-09	-1.426905e+01	-4.438335e+02
5.500000e-07	-1.932609e-06	-7.316845e-09	-1.394847e+01	-4.384536e+02
5.600000e-07	-1.887807e-06	-7.243489e-09	-1.362511e+01	-4.329679e+02
5.700000e-07	-1.842515e-06	-7.166778e-09	-1.329822e+01	-4.273571e+02
5.800000e-07	-1.796646e-06	-7.051999e-09	-1.296717e+01	-4.215982e+02
5.900000e-07	-1.750244e-06	-6.939053e-09	-1.263227e+01	-4.156703e+02
6.000000e-07	-1.703318e-06	-6.851591e-09	-1.229358e+01	-4.095591e+02
6.100000e-07	-1.655895e-06	-6.763139e-09	-1.195131e+01	-4.032601e+02
6.200000e-07	-1.608063e-06	-6.640411e-09	-1.160608e+01	-3.967784e+02
6.300000e-07	-1.559843e-06	-6.509330e-09	-1.125806e+01	-3.901257e+02
6.400000e-07	-1.511201e-06	-6.407953e-09	-1.090699e+01	-3.833155e+02
6.500000e-07	-1.461997e-06	-6.309559e-09	-1.055186e+01	-3.763582e+02
6.600000e-07	-1.412158e-06	-6.179620e-09	-1.019216e+01	-3.692570e+02
6.700000e-07	-1.361721e-06	-6.039877e-09	-9.828127e+00	-3.620065e+02
6.800000e-07	-1.310657e-06	-5.927893e-09	-9.459575e+00	-3.545943e+02
6.900000e-07	-1.259055e-06	-5.815353e-09	-9.087144e+00	-3.470042e+02
7.000000e-07	-1.206989e-06	-5.670773e-09	-8.711362e+00	-3.392204e+02
7.100000e-07	-1.154587e-06	-5.519589e-09	-8.333149e+00	-3.312317e+02
7.200000e-07	-1.101872e-06	-5.392114e-09	-7.952683e+00	-3.230329e+02
7.300000e-07	-1.048745e-06	-5.268646e-09	-7.569243e+00	-3.146246e+02
7.400000e-07	-9.952968e-07	-5.116055e-09	-7.183486e+00	-3.060106e+02
7.500000e-07	-9.416504e-07	-4.955901e-09	-6.796296e+00	-2.971942e+02
7.600000e-07	-8.877844e-07	-4.813000e-09	-6.407523e+00	-2.881751e+02
7.700000e-07	-8.336376e-07	-4.671054e-09	-6.016722e+00	-2.789475e+02
7.800000e-07	-7.793280e-07	-4.503878e-09	-5.624746e+00	-2.694999e+02
7.900000e-07	-7.249158e-07	-4.324839e-09	-5.232030e+00	-2.598175e+02
8.000000e-07	-6.703060e-07	-4.163035e-09	-4.837887e+00	-2.498855e+02
8.100000e-07	-6.155390e-07	-4.004727e-09	-4.442610e+00	-2.396917e+02
8.200000e-07	-5.606238e-07	-3.824791e-09	-4.046264e+00	-2.292291e+02
8.300000e-07	-5.055277e-07	-3.636122e-09	-3.648611e+00	-2.184955e+02
8.400000e-07	-4.502128e-07	-3.457313e-09	-3.249380e+00	-2.074917e+02
8.500000e-07	-3.947125e-07	-3.278226e-09	-2.848810e+00	-1.962188e+02
8.600000e-07	-3.391872e-07	-3.080803e-09	-2.448060e+00	-1.846752e+02
8.700000e-07	-2.836317e-07	-2.870435e-09	-2.047092e+00	-1.728543e+02
8.800000e-07	-2.279512e-07	-2.664932e-09	-1.645222e+00	-1.607455e+02
8.900000e-07	-1.722038e-07	-2.462195e-09	-1.242869e+00	-1.483358e+02
9.000000e-07	-1.164622e-07	-2.248681e-09	-8.405581e-01	-1.356133e+02
9.100000e-07	-6.074207e-08	-2.024060e-09	-4.384017e-01	-1.225719e+02
9.200000e-07	-5.024576e-09	-1.802018e-09	-3.626453e-02	-1.092138e+02
9.300000e-07	5.071778e-08	-1.582378e-09	3.660520e-01	-9.555127e+01
9.400000e-07	1.064403e-07	-1.348217e-09	7.682252e-01	-8.160551e+01
9.500000e-07	1.621034e-07	-1.099535e-09	1.169970e+00	-6.740443e+01
9.600000e-07	2.177623e-07	-8.534095e-10	1.571684e+00	-5.297903e+01
9.700000e-07	2.733995e-07	-6.127164e-10	1.973242e+00	-3.836038e+01
9.800000e-07	3.289102e-07	-3.670795e-10	2.373887e+00	-2.357775e+01
9.900000e-07	3.843462e-07	-1.151137e-10	2.773992e+00	-8.658520e+00
1.000000e-06	4.396976e-07	1.338375e-10	3.173487e+00	6.370409e+00
1.010000e-06	4.948816e-07	3.799284e-10	3.571774e+00	2.148036e+01
1.020000e-06	5.500065e-07	6.340832e-10	3.969634e+00	3.663891e+01
1.030000e-06	6.049666e-07	8.959739e-10	4.366305e+00	5.180908e+01
1.040000e-06	6.596977e-07	1.152680e-09	4.761322e+00	6.695021e+01
1.050000e-06	7.142342e-07	1.401042e-09	5.154936e+00	8.202035e+01
1.060000e-06	7.686124e-07	1.649695e-09	5.547407e+00	9.697950e+01
1.070000e-06	8.228558e-07	1.899174e-09	5.938905e+00	1.117927e+02
1.080000e-06	8.768672e-07	2.142769e-09	6.328729e+00	1.264318e+02
1.090000e-06	9.306431e-07	2.379377e-09	6.716852e+00	1.408760e+02
1.100000e-06	9.841338e-07	2.616610e-09	7.102918e+00	1.551101e+02
1.110000e-06	1.037347e-06	2.854259e-09	7.486977e+00	1.691217e+02
1.120000e-06	1.090228e-06	3.086815e-09	7.868647e+00	1.828992e+02
1.130000e-06	1.142696e-06	3.314195e-09	8.247326e+00	1.964295e+02
1.140000e-06	1.194853e-06	3.538895e-09	8.623771e+00	2.096975e+02
1.150000e-06	1.246757e-06	3.759773e-09	8.998386e+00	2.226878e+02
1.160000e-06	1.298181e-06	3.970670e-09	9.369534e+00	2.353870e+02
1.170000e-06	1.348902e-06	4.168894e-09	9.735610e+00	2.477856e+02
1.180000e-06	1.398907e-06	4.367791e-09	1.009652e+01	2.598796e+02
1.190000e-06	1.448273e-06	4.569112e-09	1.045281e+01	2.716709e+02
1.200000e-06	1.497016e-06	4.763190e-09	1.080461e+01	2.831650e+02
1.210000e-06	1.545312e-06	4.947683e-09	1.115319e+01	2.943682e+02
1.220000e-06	1.593347e-06	5.127512e-09	1.149987e+01	3.052851e+02
1.230000e-06	1.641057e-06	5.308129e-09	1.184421e+01	3.159161e+02
1.240000e-06	1.688354e-06	5.483677e-09	1.218558e+01	3.262574e+02
1.250000e-06	1.735139e-06	5.647073e-09	1.252325e+01	3.363026e+02
1.260000e-06	1.781408e-06	5.804145e-09	1.285719e+01	3.460455e+02
1.270000e-06	1.827172e-06	5.962128e-09	1.318749e+01	3.554838e+02
1.280000e-06	1.872393e-06	6.117176e-09	1.351387e+01	3.646211e+02
1.290000e-06	1.917099e-06	6.264423e-09	1.383653e+01	3.734679e+02
1.300000e-06	1.961422e-06	6.404882e-09	1.415643e+01	3.820400e+02
1.310000e-06	2.005464e-06	6.544874e-09	1.447430e+01	3.903548e+02
1.320000e-06	2.049139e-06	6.682104e-09	1.478952e+01	3.984270e+02
1.330000e-06	2.092138e-06	6.809302e-09	1.509986e+01	4.062656e+02
1.340000e-06	2.134155e-06	6.931088e-09	1.540312e+01	4.138717e+02
1.350000e-06	2.175186e-06	7.054766e-09	1.569925e+01	4.212393e+02
1.360000e-06	2.215562e-06	7.174776e-09	1.599067e+01	4.283585e+02
1.370000e-06	2.255571e-06	7.288033e-09	1.627943e+01	4.352201e+02
1.380000e-06	2.295063e-06	7.396878e-09	1.656446e+01	4.418196e+02
1.390000e-06	2.333922e-06	7.505585e-09	1.684492e+01	4.481608e+02
1.400000e-06	2.372214e-06	7.608535e-09	1.712129e+01	4.542557e+02
1.410000e-06	2.409830e-06	7.702674e-09	1.739278e+01	4.601231e+02
1.420000e-06	2.446688e-06	7.794601e-09	1.765880e+01	4.657842e+02
1.430000e-06	2.483000e-06	7.885264e-09	1.792088e+01	4.712584e+02
1.440000e-06	2.518913e-06	7.976123e-09	1.818008e+01	4.765596e+02
1.450000e-06	2.554184e-06	8.061625e-09	1.843464e+01	4.816946e+02
1.460000e-06	2.588424e-06	8.142187e-09	1.868177e+01	4.866640e+02
1.470000e-06	2.621496e-06	8.221815e-09	1.892047e+01	4.914650e+02
1.480000e-06	2.653803e-06	8.299600e-09	1.915364e+01	4.960952e+02
1.490000e-06	2.685573e-06	8.374845e-09	1.938293e+01	5.005561e+02
1.500000e-06	2.716627e-06	8.444744e-09	1.960707e+01	5.048540e+02
1.510000e-06	2.746971e-06	8.513143e-09	1.982607e+01	5.089996e+02
1.520000e-06	2.776516e-06	8.582693e-09	2.003932e+01	5.130052e+02
1.530000e-06	2.805233e-06	8.648652e-09	2.024658e+01	5.168808e+02
1.540000e-06	2.833413e-06	8.709288e-09	2.044996e+01	5.206308e+02
1.550000e-06	2.861014e-06	8.766584e-09	2.064917e+01	5.242528e+02
1.560000e-06	2.887580e-06	8.825363e-09	2.084091e+01	5.277385e+02
1.570000e-06	2.912910e-06	8.883419e-09	2.102373e+01	5.310773e+02
1.580000e-06	2.937289e-06	8.935709e-09	2.119968e+01	5.342600e+02
1.590000e-06	2.960890e-06	8.987400e-09	2.137002e+01	5.372839e+02
1.600000e-06	2.983649e-06	9.038392e-09	2.153428e+01	5.401541e+02
1.610000e-06	3.005610e-06	9.084787e-09	2.169278e+01	5.428832e+02
1.620000e-06	3.026766e-06	9.125610e-09	2.184548e+01	5.454880e+02
1.630000e-06	3.047242e-06	9.165239e-09	2.199326e+01	5.479847e+02
1.640000e-06	3.067126e-06	9.205775e-09	2.213677e+01	5.503833e+02
1.650000e-06	3.086171e-06	9.246246e-09	2.227423e+01	5.526851e+02
1.660000e-06	3.104238e-06	9.284372e-09	2.240462e+01	5.548823e+02
1.670000e-06	3.121399e-06	9.318150e-09	2.252848e+01	5.569609e+02
1.680000e-06	3.137723e-06	9.351197e-09	2.264630e+01	5.589061e+02
1.690000e-06	3.153072e-06	9.382491e-09	2.275708e+01	5.607084e+02
1.700000e-06	3.167447e-06	9.408495e-09	2.286083e+01	5.623678e+02
1.710000e-06	3.181001e-06	9.431814e-09	2.295866e+01	5.638948e+02
1.720000e-06	3.193644e-06	9.455991e-09	2.304990e+01	5.653079e+02
1.730000e-06	3.205291e-06	9.480548e-09	2.313396e+01	5.666283e+02
1.740000e-06	3.215796e-06	9.500073e-09	2.320978e+01	5.678724e+02
1.750000e-06	3.225058e-06	9.517609e-09	2.327663e+01	5.690469e+02
1.760000e-06	3.233359e-06	9.534759e-09	2.333654e+01	5.701456e+02
1.770000e-06	3.240948e-06	9.549965e-09	2.339132e+01	5.711521e+02
1.780000e-06	3.247706e-06	9.561599e-09	2.344009e+01	5.720446e+02
1.790000e-06	3.253472e-06	9.570196e-09	2.348171e+01	5.728049e+02
1.800000e-06	3.258329e-06	9.579418e-09	2.351676e+01	5.734252e+02
1.810000e-06	3.262502e-06	9.589625e-09	2.354688e+01	5.739125e+02
1.820000e-06	3.265885e-06	9.597262e-09	2.357130e+01	5.742882e+02
1.830000e-06	3.268059e-06	9.600199e-09	2.358699e+01	5.745818e+02
1.840000e-06	3.269032e-06	9.602992e-09	2.359401e+01	5.748220e+02
1.850000e-06	3.269141e-06	9.605222e-09	2.359480e+01	5.750262e+02
1.860000e-06	3.268462e-06	9.604219e-09	2.358990e+01	5.751929e+02
1.870000e-06	3.266944e-06	9.602398e-09	2.357894e+01	5.753005e+02
1.880000e-06	3.264575e-06	9.602471e-09	2.356184e+01	5.753112e+02
1.890000e-06	3.261405e-06	9.603116e-09	2.353897e+01	5.751825e+02
1.900000e-06	3.257587e-06	9.598107e-09	2.351141e+01	5.748805e+02
1.910000e-06	3.252897e-06	9.585927e-09	2.347756e+01	5.743926e+02
1.920000e-06	3.247085e-06	9.563662e-09	2.343561e+01	5.737352e+02
1.930000e-06	3.240249e-06	9.575620e-09	2.338627e+01	5.729535e+02
1.940000e-06	3.232375e-06	9.622662e-09	2.332944e+01	5.721132e+02
1.950000e-06	3.223146e-06	9.583551e-09	2.326284e+01	5.712848e+02
1.960000e-06	3.212557e-06	9.449752e-09	2.318641e+01	5.705259e+02
1.970000e-06	3.201541e-06	9.409877e-09	2.310690e+01	5.698656e+02
1.980000e-06	3.190598e-06	9.542397e-09	2.302792e+01	5.692952e+02
1.990000e-06	3.178503e-06	9.590052e-09	2.294063e+01	5.687682e+02
2.000000e-06	3.164419e-06	9.490333e-09	2.283898e+01	5.682104e+02
2.010000e-06	3.149428e-06	9.595582e-09	2.273078e+01	5.675363e+02
2.020000e-06	3.134013e-06	9.715044e-09	2.261952e+01	5.666687e+02
2.030000e-06	3.117515e-06	9.623975e-09	2.250045e+01	5.655559e+02
2.040000e-06	3.100074e-06	9.544488e-09	2.237457e+01	5.641817e+02
2.050000e-06	3.082186e-06	9.521065e-09	2.224547e+01	5.625668e+02
2.060000e-06	3.063624e-06	9.444739e-09	2.211149e+01	5.607601e+02
2.070000e-06	3.044163e-06	9.443933e-09	2.197104e+01	5.588244e+02
2.080000e-06	3.024152e-06	9.570645e-09	2.182660e+01	5.568196e+02
2.090000e-06	3.003221e-06	9.408325e-09	2.167554e+01	5.547874e+02
2.100000e-06	2.980835e-06	9.228781e-09	2.151397e+01	5.527429e+02
2.110000e-06	2.957406e-06	9.425794e-09	2.134487e+01	5.506736e+02
2.120000e-06	2.933184e-06	9.408809e-09	2.117005e+01	5.485460e+02
2.130000e-06	2.908191e-06	9.106452e-09	2.098967e+01	5.463165e+02
2.140000e-06	2.882548e-06	9.137450e-09	2.080459e+01	5.439443e+02
2.150000e-06	2.856053e-06	9.300179e-09	2.061336e+01	5.414017e+02
2.160000e-06	2.828737e-06	9.205136e-09	2.041621e+01	5.386798e+02
2.170000e-06	2.800892e-06	9.024817e-09	2.021525e+01	5.357880e+02
2.180000e-06	2.772017e-06	8.994816e-09	2.000684e+01	5.327493e+02
2.190000e-06	2.741813e-06	9.066048e-09	1.978885e+01	5.295920e+02
2.200000e-06	2.710818e-06	8.993799e-09	1.956514e+01	5.263421e+02
2.210000e-06	2.679212e-06	8.803668e-09	1.933703e+01	5.230171e+02
2.220000e-06	2.646809e-06	8.777870e-09	1.910316e+01	5.196244e+02
2.230000e-06	2.613609e-06	8.828955e-09	1.886354e+01	5.161618e+02
2.240000e-06	2.579720e-06	8.721905e-09	1.861895e+01	5.126217e+02
2.250000e-06	2.545211e-06	8.597954e-09	1.836988e+01	5.089949e+02
2.260000e-06	2.510151e-06	8.535492e-09	1.811684e+01	5.052740e+02
2.270000e-06	2.474519e-06	8.518036e-09	1.785967e+01	5.014546e+02
2.280000e-06	2.438242e-06	8.481212e-09	1.759784e+01	4.975342e+02
2.290000e-06	2.401159e-06	8.342568e-09	1.733020e+01	4.935106e+02
2.300000e-06	2.362964e-06	8.250957e-09	1.705453e+01	4.893792e+02
2.310000e-06	2.323864e-06	8.258469e-09	1.677233e+01	4.851327e+02
2.320000e-06	2.284231e-06	8.192055e-09	1.648628e+01	4.807613e+02
2.330000e-06	2.244118e-06	8.054329e-09	1.619677e+01	4.762559e+02
2.340000e-06	2.203435e-06	7.966244e-09	1.590314e+01	4.716106e+02
2.350000e-06	2.162147e-06	7.933424e-09	1.560514e+01	4.668257e+02
2.360000e-06	2.120309e-06	7.869529e-09	1.530318e+01	4.619083e+02
2.370000e-06	2.077954e-06	7.723615e-09	1.499749e+01	4.568709e+02
2.380000e-06	2.035110e-06	7.618107e-09	1.468827e+01	4.517271e+02
2.390000e-06	1.991794e-06	7.581972e-09	1.437564e+01	4.464877e+02
2.400000e-06	1.948058e-06	7.502214e-09	1.405997e+01	4.411558e+02
2.410000e-06	1.903908e-06	7.375413e-09	1.374133e+01	4.357251e+02
2.420000e-06	1.859267e-06	7.268246e-09	1.341913e+01	4.301796e+02
2.430000e-06	1.814004e-06	7.203735e-09	1.309245e+01	4.244976e+02
2.440000e-06	1.768014e-06	7.122666e-09	1.276052e+01	4.186565e+02
2.450000e-06	1.721532e-06	6.984697e-09	1.242504e+01	4.126381e+02
2.460000e-06	1.674779e-06	6.859157e-09	1.208760e+01	4.064330e+02
2.470000e-06	1.627529e-06	6.781418e-09	1.174658e+01	4.000415e+02
2.480000e-06	1.579613e-06	6.693029e-09	1.140075e+01	3.934726e+02
2.490000e-06	1.531154e-06	6.557306e-09	1.105100e+01	3.867395e+02
2.500000e-06	1.482305e-06	6.418385e-09	1.069844e+01	3.798549e+02
2.510000e-06	1.432958e-06	6.322537e-09	1.034227e+01	3.728257e+02
2.520000e-06	1.383115e-06	6.223623e-09	9.982535e+00	3.656510e+02
2.530000e-06	1.332926e-06	6.075278e-09	9.620302e+00	3.583216e+02
2.540000e-06	1.282370e-06	5.929100e-09	9.255415e+00	3.508225e+02
2.550000e-06	1.231384e-06	5.820687e-09	8.887427e+00	3.431373e+02
2.560000e-06	1.180029e-06	5.706677e-09	8.516778e+00	3.352521e+02
2.570000e-06	1.128337e-06	5.550761e-09	8.143696e+00	3.271587e+02
2.580000e-06	1.076274e-06	5.390563e-09	7.767935e+00	3.188548e+02
2.590000e-06	1.023846e-06	5.266706e-09	7.389540e+00	3.103430e+02
2.600000e-06	9.709395e-07	5.138312e-09	7.007689e+00	3.016276e+02
2.610000e-06	9.175463e-07	4.971091e-09	6.622327e+00	2.927102e+02
2.620000e-06	8.637244e-07	4.801070e-09	6.233871e+00	2.835880e+02
2.630000e-06	8.095694e-07	4.656181e-09	5.843011e+00	2.742521e+02
2.640000e-06	7.550650e-07	4.510017e-09	5.449630e+00	2.646890e+02
2.650000e-06	7.002057e-07	4.330727e-09	5.053686e+00	2.548836e+02
2.660000e-06	6.450849e-07	4.143714e-09	4.655856e+00	2.448219e+02
2.670000e-06	5.897879e-07	3.982043e-09	4.256753e+00	2.344943e+02
2.680000e-06	5.344272e-07	3.820239e-09	3.857192e+00	2.238962e+02
2.690000e-06	4.789843e-07	3.628182e-09	3.457036e+00	2.130273e+02
2.700000e-06	4.234742e-07	3.425769e-09	3.056396e+00	2.018889e+02
2.710000e-06	3.679222e-07	3.240689e-09	2.655453e+00	1.904811e+02
2.720000e-06	3.122985e-07	3.058086e-09	2.253993e+00	1.788000e+02
2.730000e-06	2.566356e-07	2.849517e-09	1.852250e+00	1.668367e+02
2.740000e-06	2.009863e-07	2.629183e-09	1.450605e+00	1.545791e+02
2.750000e-06	1.453397e-07	2.421130e-09	1.048979e+00	1.420142e+02
2.760000e-06	8.967304e-08	2.215836e-09	6.472089e-01	1.291326e+02
2.770000e-06	3.398117e-08	1.990136e-09	2.452567e-01	1.159319e+02
2.780000e-06	-2.169175e-08	1.751000e-09	-1.565587e-01	1.024195e+02
2.790000e-06	-7.735810e-08	1.523786e-09	-5.583267e-01	8.861216e+01
2.800000e-06	-1.330329e-07	1.299110e-09	-9.601555e-01	7.453498e+01
2.810000e-06	-1.887212e-07	1.054222e-09	-1.362082e+00	6.021780e+01
2.820000e-06	-2.443832e-07	7.963495e-10	-1.763819e+00	4.569198e+01
2.830000e-06	-3.000184e-07	5.470272e-10	-2.165362e+00	3.098782e+01
2.840000e-06	-3.556107e-07	3.028677e-10	-2.566595e+00	1.613354e+01
2.850000e-06	-4.111052e-07	4.698433e-11	-2.967124e+00	1.156044e+00
2.860000e-06	-4.665875e-07	-2.149466e-10	-3.367563e+00	-1.391718e+01
2.870000e-06	-5.220606e-07	-4.679956e-10	-3.767936e+00	-2.905576e+01
2.880000e-06	-5.774439e-07	-7.160084e-10	-4.167661e+00	-4.422502e+01
2.890000e-06	-6.326576e-07	-9.734704e-10	-4.566162e+00	-5.938590e+01
2.900000e-06	-6.876651e-07	-1.238555e-09	-4.963175e+00	-7.449674e+01
2.910000e-06	-7.425335e-07	-1.494129e-09	-5.359184e+00	-8.951614e+01
2.920000e-06	-7.971704e-07	-1.739839e-09	-5.753522e+00	-1.044063e+02
2.930000e-06	-8.513876e-07	-1.988975e-09	-6.144831e+00	-1.191355e+02
2.940000e-06	-9.051270e-07	-2.242048e-09	-6.532691e+00	-1.336794e+02
2.950000e-06	-9.584001e-07	-2.486935e-09	-6.917186e+00	-1.480201e+02
2.960000e-06	-1.011199e-06	-2.721267e-09	-7.298262e+00	-1.621444e+02
2.970000e-06	-1.063551e-06	-2.955495e-09	-7.676105e+00	-1.760405e+02
2.980000e-06	-1.115561e-06	-3.190859e-09	-8.051483e+00	-1.896962e+02
2.990000e-06	-1.167286e-06	-3.416472e-09	-8.424804e+00	-2.030972e+02
3.000000e-06	-1.218733e-06	-3.633134e-09	-8.796118e+00	-2.162283e+02
3.010000e-06	-1.269812e-06	-3.849645e-09	-9.164777e+00	-2.290745e+02
3.020000e-06	-1.320460e-06	-4.067640e-09	-9.530330e+00	-2.416243e+02
3.030000e-06	-1.370704e-06	-4.277280e-09	-9.892964e+00	-2.538707e+02
3.040000e-06	-1.420516e-06	-4.478653e-09	-1.025248e+01	-2.658128e+02
3.050000e-06	-1.469954e-06	-4.678021e-09	-1.060929e+01	-2.774547e+02
3.060000e-06	-1.518890e-06	-4.874459e-09	-1.096248e+01	-2.888026e+02
3.070000e-06	-1.567077e-06	-5.063082e-09	-1.131027e+01	-2.998623e+02
3.080000e-06	-1.614434e-06	-5.241486e-09	-1.165207e+01	-3.106365e+02
3.090000e-06	-1.661219e-06	-5.419561e-09	-1.198973e+01	-3.211233e+02
3.100000e-06	-1.707646e-06	-5.596578e-09	-1.232481e+01	-3.313175e+02
3.110000e-06	-1.753708e-06	-5.765613e-09	-1.265727e+01	-3.412121e+02
3.120000e-06	-1.799462e-06	-5.925813e-09	-1.298749e+01	-3.508027e+02
3.130000e-06	-1.844734e-06	-6.083035e-09	-1.331424e+01	-3.600895e+02
3.140000e-06	-1.889390e-06	-6.240535e-09	-1.363654e+01	-3.690799e+02
3.150000e-06	-1.933507e-06	-6.390494e-09	-1.395495e+01	-3.777872e+02
3.160000e-06	-1.977255e-06	-6.531309e-09	-1.427070e+01	-3.862285e+02
3.170000e-06	-2.020725e-06	-6.669313e-09	-1.458445e+01	-3.944205e+02
3.180000e-06	-2.063751e-06	-6.809069e-09	-1.489498e+01	-4.023752e+02
3.190000e-06	-2.106226e-06	-6.943542e-09	-1.520154e+01	-4.100979e+02
3.200000e-06	-2.148174e-06	-7.069073e-09	-1.550430e+01	-4.175858e+02
3.210000e-06	-2.189510e-06	-7.190607e-09	-1.580264e+01	-4.248306e+02
3.220000e-06	-2.230190e-06	-7.310539e-09	-1.609624e+01	-4.318219e+02
3.230000e-06	-2.270255e-06	-7.426003e-09	-1.638541e+01	-4.385526e+02
3.240000e-06	-2.309883e-06	-7.535393e-09	-1.667142e+01	-4.450219e+02
3.250000e-06	-2.349074e-06	-7.641058e-09	-1.695428e+01	-4.512380e+02
3.260000e-06	-2.387512e-06	-7.743123e-09	-1.723170e+01	-4.572165e+02
3.270000e-06	-2.424950e-06	-7.842104e-09	-1.750191e+01	-4.629781e+02
3.280000e-06	-2.461412e-06	-7.938057e-09	-1.776507e+01	-4.685436e+02
3.290000e-06	-2.497227e-06	-8.033222e-09	-1.802356e+01	-4.739300e+02
3.300000e-06	-2.532582e-06	-8.123475e-09	-1.827874e+01	-4.791477e+02
3.310000e-06	-2.567241e-06	-8.207715e-09	-1.852888e+01	-4.842001e+02
3.320000e-06	-2.601173e-06	-8.287252e-09	-1.877379e+01	-4.890857e+02
3.330000e-06	-2.634416e-06	-8.364259e-09	-1.901372e+01	-4.938015e+02
3.340000e-06	-2.666830e-06	-8.442226e-09	-1.924766e+01	-4.983465e+02
3.350000e-06	-2.698633e-06	-8.520364e-09	-1.947719e+01	-5.027248e+02
3.360000e-06	-2.729861e-06	-8.594026e-09	-1.970258e+01	-5.069450e+02
3.370000e-06	-2.760177e-06	-8.663980e-09	-1.992138e+01	-5.110192e+02
3.380000e-06	-2.789289e-06	-8.733753e-09	-2.013150e+01	-5.149588e+02
3.390000e-06	-2.817402e-06	-8.798287e-09	-2.033440e+01	-5.187715e+02
3.400000e-06	-2.844869e-06	-8.857687e-09	-2.053264e+01	-5.224582e+02
3.410000e-06	-2.871617e-06	-8.914218e-09	-2.072570e+01	-5.260133e+02
3.420000e-06	-2.897555e-06	-8.972321e-09	-2.091290e+01	-5.294269e+02
3.430000e-06	-2.922646e-06	-9.029694e-09	-2.109400e+01	-5.326885e+02
3.440000e-06	-2.946897e-06	-9.080532e-09	-2.126903e+01	-5.357917e+02
3.450000e-06	-2.970552e-06	-9.128153e-09	-2.143975e+01	-5.387376e+02
3.460000e-06	-2.993563e-06	-9.179466e-09	-2.160583e+01	-5.415353e+02
3.470000e-06	-3.015428e-06	-9.228847e-09	-2.176365e+01	-5.442000e+02
3.480000e-06	-3.036048e-06	-9.271014e-09	-2.191247e+01	-5.467490e+02
3.490000e-06	-3.055864e-06	-9.309490e-09	-2.205549e+01	-5.491959e+02
3.500000e-06	-3.075089e-06	-9.348786e-09	-2.219424e+01	-5.515466e+02
3.510000e-06	-3.093488e-06	-9.386505e-09	-2.232703e+01	-5.537976e+02
3.520000e-06	-3.111058e-06	-9.419694e-09	-2.245384e+01	-5.559374e+02
3.530000e-06	-3.127820e-06	-9.452845e-09	-2.257483e+01	-5.579509e+02
3.540000e-06	-3.143814e-06	-9.486346e-09	-2.269026e+01	-5.598254e+02
3.550000e-06	-3.159112e-06	-9.518022e-09	-2.280068e+01	-5.615556e+02
3.560000e-06	-3.173382e-06	-9.544504e-09	-2.290366e+01	-5.631468e+02
3.570000e-06	-3.186358e-06	-9.570332e-09	-2.299732e+01	-5.646142e+02
3.580000e-06	-3.198173e-06	-9.596547e-09	-2.308260e+01	-5.659785e+02
3.590000e-06	-3.209031e-06	-9.619133e-09	-2.316096e+01	-5.672592e+02
3.600000e-06	-3.219025e-06	-9.637975e-09	-2.323309e+01	-5.684684e+02
3.610000e-06	-3.228171e-06	-9.656746e-09	-2.329910e+01	-5.696065e+02
3.620000e-06	-3.236469e-06	-9.676572e-09	-2.335899e+01	-5.706617e+02
3.630000e-06	-3.244052e-06	-9.694634e-09	-2.341372e+01	-5.716139e+02
3.640000e-06	-3.250709e-06	-9.708643e-09	-2.346176e+01	-5.724421e+02
3.650000e-06	-3.256046e-06	-9.720390e-09	-2.350029e+01	-5.731325e+02
3.660000e-06	-3.260300e-06	-9.733149e-09	-2.353099e+01	-5.736844e+02
3.670000e-06	-3.263815e-06	-9.745215e-09	-2.355636e+01	-5.741125e+02
3.680000e-06	-3.266556e-06	-9.754715e-09	-2.357614e+01	-5.744433e+02
3.690000e-06	-3.268402e-06	-9.760253e-09	-2.358946e+01	-5.747071e+02
3.700000e-06	-3.269316e-06	-9.764321e-09	-2.359606e+01	-5.749282e+02
