# Temperatura_=_20.0
# Concentracion g/m^3_=_12000.0
# C_Vs_to_Am_M_A/Vsm_=_59384043850.047264
# pendiente_HvsI_1/m_=_3716.3
# ordenada_HvsI_A/m_=_1297.0
# frecuencia_Hz_=_269541.66900140455

Tiempo_(s)	Campo_(V.s)	Magnetizacion_(V.s)	Campo_(kA/m)	Magnetizacion_(A/m)
0.000000e+00	-3.256283e-06	-9.685978e-09	-2.347549e+01	-5.744803e+02
1.000000e-08	-3.256036e-06	-9.683805e-09	-2.347371e+01	-5.745956e+02
2.000000e-08	-3.255101e-06	-9.675663e-09	-2.346697e+01	-5.746358e+02
3.000000e-08	-3.253118e-06	-9.671735e-09	-2.345267e+01	-5.745860e+02
4.000000e-08	-3.249901e-06	-9.671066e-09	-2.342948e+01	-5.744278e+02
5.000000e-08	-3.245785e-06	-9.670726e-09	-2.339981e+01	-5.741450e+02
6.000000e-08	-3.241008e-06	-9.670920e-09	-2.336537e+01	-5.737295e+02
7.000000e-08	-3.235439e-06	-9.675580e-09	-2.332522e+01	-5.731859e+02
8.000000e-08	-3.228953e-06	-9.674891e-09	-2.327845e+01	-5.725318e+02
9.000000e-08	-3.221432e-06	-9.590550e-09	-2.322424e+01	-5.717958e+02
1.000000e-07	-3.212809e-06	-9.499757e-09	-2.316207e+01	-5.710105e+02
1.100000e-07	-3.202995e-06	-9.574572e-09	-2.309132e+01	-5.702053e+02
1.200000e-07	-3.192187e-06	-9.762627e-09	-2.301340e+01	-5.693981e+02
1.300000e-07	-3.180625e-06	-9.638976e-09	-2.293005e+01	-5.685901e+02
1.400000e-07	-3.168083e-06	-9.351995e-09	-2.283963e+01	-5.677645e+02
1.500000e-07	-3.154573e-06	-9.525508e-09	-2.274223e+01	-5.668892e+02
1.600000e-07	-3.140345e-06	-9.683697e-09	-2.263965e+01	-5.659240e+02
1.700000e-07	-3.124946e-06	-9.495187e-09	-2.252864e+01	-5.648290e+02
1.800000e-07	-3.108064e-06	-9.346975e-09	-2.240693e+01	-5.635739e+02
1.900000e-07	-3.090491e-06	-9.479022e-09	-2.228024e+01	-5.621435e+02
2.000000e-07	-3.072443e-06	-9.461466e-09	-2.215013e+01	-5.605405e+02
2.100000e-07	-3.053296e-06	-9.358455e-09	-2.201209e+01	-5.587835e+02
2.200000e-07	-3.033272e-06	-9.500713e-09	-2.186774e+01	-5.569006e+02
2.300000e-07	-3.012829e-06	-9.296231e-09	-2.172036e+01	-5.549220e+02
2.400000e-07	-2.991644e-06	-9.110770e-09	-2.156763e+01	-5.528717e+02
2.500000e-07	-2.969525e-06	-9.374800e-09	-2.140817e+01	-5.507627e+02
2.600000e-07	-2.946686e-06	-9.409620e-09	-2.124351e+01	-5.485941e+02
2.700000e-07	-2.923061e-06	-9.081090e-09	-2.107319e+01	-5.463529e+02
2.800000e-07	-2.898639e-06	-9.011888e-09	-2.089713e+01	-5.440189e+02
2.900000e-07	-2.873395e-06	-9.201304e-09	-2.071513e+01	-5.415707e+02
3.000000e-07	-2.846957e-06	-9.201454e-09	-2.052453e+01	-5.389916e+02
3.100000e-07	-2.819425e-06	-8.946972e-09	-2.032605e+01	-5.362734e+02
3.200000e-07	-2.791222e-06	-8.808790e-09	-2.012273e+01	-5.334179e+02
3.300000e-07	-2.762354e-06	-8.936156e-09	-1.991461e+01	-5.304351e+02
3.400000e-07	-2.732642e-06	-9.020350e-09	-1.970041e+01	-5.273399e+02
3.500000e-07	-2.702304e-06	-8.792989e-09	-1.948169e+01	-5.241470e+02
3.600000e-07	-2.671235e-06	-8.615292e-09	-1.925771e+01	-5.208677e+02
3.700000e-07	-2.639345e-06	-8.701570e-09	-1.902780e+01	-5.175073e+02
3.800000e-07	-2.606925e-06	-8.718645e-09	-1.879408e+01	-5.140649e+02
3.900000e-07	-2.573865e-06	-8.630177e-09	-1.855574e+01	-5.105349e+02
4.000000e-07	-2.539849e-06	-8.442330e-09	-1.831051e+01	-5.069094e+02
4.100000e-07	-2.504743e-06	-8.374528e-09	-1.805742e+01	-5.031808e+02
4.200000e-07	-2.468784e-06	-8.489252e-09	-1.779818e+01	-4.993439e+02
4.300000e-07	-2.432314e-06	-8.444414e-09	-1.753526e+01	-4.953957e+02
4.400000e-07	-2.395305e-06	-8.159623e-09	-1.726845e+01	-4.913354e+02
4.500000e-07	-2.357558e-06	-8.077740e-09	-1.699632e+01	-4.871627e+02
4.600000e-07	-2.319162e-06	-8.211950e-09	-1.671951e+01	-4.828767e+02
4.700000e-07	-2.280115e-06	-8.136327e-09	-1.643801e+01	-4.784748e+02
4.800000e-07	-2.240499e-06	-7.908988e-09	-1.615241e+01	-4.739534e+02
4.900000e-07	-2.200411e-06	-7.788076e-09	-1.586340e+01	-4.693086e+02
5.000000e-07	-2.159878e-06	-7.855791e-09	-1.557118e+01	-4.645378e+02
5.100000e-07	-2.118794e-06	-7.828901e-09	-1.527500e+01	-4.596408e+02
5.200000e-07	-2.076887e-06	-7.611823e-09	-1.497288e+01	-4.546204e+02
5.300000e-07	-2.034106e-06	-7.447615e-09	-1.466446e+01	-4.494808e+02
5.400000e-07	-1.990476e-06	-7.488374e-09	-1.434992e+01	-4.442269e+02
5.500000e-07	-1.946285e-06	-7.488038e-09	-1.403133e+01	-4.388613e+02
5.600000e-07	-1.901752e-06	-7.273277e-09	-1.371028e+01	-4.333827e+02
5.700000e-07	-1.856827e-06	-7.092349e-09	-1.338640e+01	-4.277850e+02
5.800000e-07	-1.811397e-06	-7.089771e-09	-1.305889e+01	-4.220577e+02
5.900000e-07	-1.765369e-06	-7.092152e-09	-1.272706e+01	-4.161878e+02
6.000000e-07	-1.718803e-06	-6.908788e-09	-1.239135e+01	-4.101625e+02
6.100000e-07	-1.671748e-06	-6.705060e-09	-1.205211e+01	-4.039721e+02
6.200000e-07	-1.624206e-06	-6.656232e-09	-1.170937e+01	-3.976113e+02
6.300000e-07	-1.576268e-06	-6.653669e-09	-1.136377e+01	-3.910805e+02
6.400000e-07	-1.527965e-06	-6.492817e-09	-1.101554e+01	-3.843840e+02
6.500000e-07	-1.479229e-06	-6.270084e-09	-1.066419e+01	-3.775282e+02
6.600000e-07	-1.430023e-06	-6.198289e-09	-1.030945e+01	-3.705180e+02
6.700000e-07	-1.380162e-06	-6.181759e-09	-9.949990e+00	-3.633549e+02
6.800000e-07	-1.329581e-06	-6.031778e-09	-9.585333e+00	-3.560354e+02
6.900000e-07	-1.278353e-06	-5.795166e-09	-9.216016e+00	-3.485506e+02
7.000000e-07	-1.226631e-06	-5.682540e-09	-8.843140e+00	-3.408887e+02
7.100000e-07	-1.174553e-06	-5.646700e-09	-8.467691e+00	-3.330369e+02
7.200000e-07	-1.122059e-06	-5.505739e-09	-8.089247e+00	-3.249841e+02
7.300000e-07	-1.069273e-06	-5.274380e-09	-7.708696e+00	-3.167228e+02
7.400000e-07	-1.016149e-06	-5.129333e-09	-7.325715e+00	-3.082498e+02
7.500000e-07	-9.626745e-07	-5.076053e-09	-6.940199e+00	-2.995649e+02
7.600000e-07	-9.090051e-07	-4.936588e-09	-6.553281e+00	-2.906688e+02
7.700000e-07	-8.550870e-07	-4.699695e-09	-6.164570e+00	-2.815611e+02
7.800000e-07	-8.009653e-07	-4.519789e-09	-5.774390e+00	-2.722378e+02
7.900000e-07	-7.467021e-07	-4.438811e-09	-5.383191e+00	-2.626907e+02
8.000000e-07	-6.922744e-07	-4.298502e-09	-4.990806e+00	-2.529080e+02
8.100000e-07	-6.376906e-07	-4.059440e-09	-4.597296e+00	-2.428760e+02
8.200000e-07	-5.829526e-07	-3.854192e-09	-4.202674e+00	-2.325814e+02
8.300000e-07	-5.280337e-07	-3.740899e-09	-3.806748e+00	-2.220141e+02
8.400000e-07	-4.728718e-07	-3.595288e-09	-3.409069e+00	-2.111680e+02
8.500000e-07	-4.175782e-07	-3.350257e-09	-3.010442e+00	-2.000413e+02
8.600000e-07	-3.622567e-07	-3.119726e-09	-2.611614e+00	-1.886351e+02
8.700000e-07	-3.068063e-07	-2.969474e-09	-2.211855e+00	-1.769511e+02
8.800000e-07	-2.512506e-07	-2.809966e-09	-1.811338e+00	-1.649892e+02
8.900000e-07	-1.956622e-07	-2.558350e-09	-1.410585e+00	-1.527462e+02
9.000000e-07	-1.399994e-07	-2.305407e-09	-1.009296e+00	-1.402153e+02
9.100000e-07	-8.431095e-08	-2.126873e-09	-6.078221e-01	-1.273880e+02
9.200000e-07	-2.862273e-08	-1.951323e-09	-2.063496e-01	-1.142563e+02
9.300000e-07	2.710249e-08	-1.697212e-09	1.953897e-01	-1.008168e+02
9.400000e-07	8.283401e-08	-1.421354e-09	5.971743e-01	-8.707359e+01
9.500000e-07	1.385600e-07	-1.207870e-09	9.989192e-01	-7.304038e+01
9.600000e-07	1.941797e-07	-1.006619e-09	1.399897e+00	-5.874094e+01
9.700000e-07	2.497580e-07	-7.433683e-10	1.800578e+00	-4.420774e+01
9.800000e-07	3.052754e-07	-4.545281e-10	2.200819e+00	-2.947928e+01
9.900000e-07	3.606362e-07	-2.210542e-10	2.599930e+00	-1.459668e+01
1.000000e-06	4.158944e-07	-1.153270e-11	2.998303e+00	3.994704e-01
1.010000e-06	4.710790e-07	2.475604e-10	3.396145e+00	1.547139e+01
1.020000e-06	5.261673e-07	5.396087e-10	3.793293e+00	3.058497e+01
1.030000e-06	5.810693e-07	7.922390e-10	4.189097e+00	4.570941e+01
1.040000e-06	6.358629e-07	1.011661e-09	4.584120e+00	6.081582e+01
1.050000e-06	6.905252e-07	1.266722e-09	4.978196e+00	7.587561e+01
1.060000e-06	7.450033e-07	1.551305e-09	5.370944e+00	9.085911e+01
1.070000e-06	7.993035e-07	1.802774e-09	5.762410e+00	1.057351e+02
1.080000e-06	8.534042e-07	2.016088e-09	6.152438e+00	1.204714e+02
1.090000e-06	9.072902e-07	2.254399e-09	6.540917e+00	1.350359e+02
1.100000e-06	9.608911e-07	2.522396e-09	6.927342e+00	1.493991e+02
1.110000e-06	1.014184e-06	2.766451e-09	7.311545e+00	1.635350e+02
1.120000e-06	1.067099e-06	2.976271e-09	7.693022e+00	1.774233e+02
1.130000e-06	1.119688e-06	3.201426e-09	8.072153e+00	1.910489e+02
1.140000e-06	1.171989e-06	3.453995e-09	8.449208e+00	2.044023e+02
1.150000e-06	1.223993e-06	3.683491e-09	8.824123e+00	2.174778e+02
1.160000e-06	1.275618e-06	3.875368e-09	9.196301e+00	2.302724e+02
1.170000e-06	1.326609e-06	4.068568e-09	9.563911e+00	2.427839e+02
1.180000e-06	1.376835e-06	4.289649e-09	9.925999e+00	2.550106e+02
1.190000e-06	1.426347e-06	4.503337e-09	1.028295e+01	2.669498e+02
1.200000e-06	1.475288e-06	4.684645e-09	1.063578e+01	2.785986e+02
1.210000e-06	1.523816e-06	4.862776e-09	1.098563e+01	2.899538e+02
1.220000e-06	1.572067e-06	5.062472e-09	1.133348e+01	3.010129e+02
1.230000e-06	1.619993e-06	5.258466e-09	1.167900e+01	3.117741e+02
1.240000e-06	1.667411e-06	5.424417e-09	1.202085e+01	3.222372e+02
1.250000e-06	1.714294e-06	5.578524e-09	1.235884e+01	3.324034e+02
1.260000e-06	1.760739e-06	5.746767e-09	1.269368e+01	3.422755e+02
1.270000e-06	1.806751e-06	5.918006e-09	1.302539e+01	3.518572e+02
1.280000e-06	1.852232e-06	6.067530e-09	1.335328e+01	3.611532e+02
1.290000e-06	1.897126e-06	6.208563e-09	1.367693e+01	3.701687e+02
1.300000e-06	1.941607e-06	6.360322e-09	1.399761e+01	3.789093e+02
1.310000e-06	1.985852e-06	6.515779e-09	1.431658e+01	3.873807e+02
1.320000e-06	2.029782e-06	6.651471e-09	1.463328e+01	3.955888e+02
1.330000e-06	2.073133e-06	6.773105e-09	1.494582e+01	4.035394e+02
1.340000e-06	2.115498e-06	6.902338e-09	1.525124e+01	4.112383e+02
1.350000e-06	2.156838e-06	7.035488e-09	1.554927e+01	4.186910e+02
1.360000e-06	2.197490e-06	7.154599e-09	1.584234e+01	4.259031e+02
1.370000e-06	2.237705e-06	7.262626e-09	1.613227e+01	4.328799e+02
1.380000e-06	2.277518e-06	7.376510e-09	1.641929e+01	4.396264e+02
1.390000e-06	2.316788e-06	7.496007e-09	1.670240e+01	4.461476e+02
1.400000e-06	2.355364e-06	7.605110e-09	1.698050e+01	4.524483e+02
1.410000e-06	2.393263e-06	7.700836e-09	1.725372e+01	4.585331e+02
1.420000e-06	2.430479e-06	7.796622e-09	1.752202e+01	4.644068e+02
1.430000e-06	2.467055e-06	7.896142e-09	1.778571e+01	4.700741e+02
1.440000e-06	2.503206e-06	7.989866e-09	1.804634e+01	4.755404e+02
1.450000e-06	2.538917e-06	8.073468e-09	1.830378e+01	4.808114e+02
1.460000e-06	2.573752e-06	8.157617e-09	1.855493e+01	4.858940e+02
1.470000e-06	2.607380e-06	8.244124e-09	1.879736e+01	4.907958e+02
1.480000e-06	2.640039e-06	8.325406e-09	1.903281e+01	4.955255e+02
1.490000e-06	2.672080e-06	8.397511e-09	1.926380e+01	5.000916e+02
1.500000e-06	2.703542e-06	8.468451e-09	1.949062e+01	5.045025e+02
1.510000e-06	2.734254e-06	8.543074e-09	1.971203e+01	5.087646e+02
1.520000e-06	2.764193e-06	8.614378e-09	1.992787e+01	5.128822e+02
1.530000e-06	2.793341e-06	8.680895e-09	2.013800e+01	5.168566e+02
1.540000e-06	2.821830e-06	8.745867e-09	2.034339e+01	5.206864e+02
1.550000e-06	2.849794e-06	8.809183e-09	2.054499e+01	5.243683e+02
1.560000e-06	2.876916e-06	8.868824e-09	2.074052e+01	5.278985e+02
1.570000e-06	2.902786e-06	8.924337e-09	2.092702e+01	5.312747e+02
1.580000e-06	2.927535e-06	8.978341e-09	2.110544e+01	5.344974e+02
1.590000e-06	2.951553e-06	9.032661e-09	2.127860e+01	5.375712e+02
1.600000e-06	2.974790e-06	9.084946e-09	2.144612e+01	5.405044e+02
1.610000e-06	2.997235e-06	9.131513e-09	2.160794e+01	5.433080e+02
1.620000e-06	3.018858e-06	9.174720e-09	2.176382e+01	5.459935e+02
1.630000e-06	3.039683e-06	9.219438e-09	2.191395e+01	5.485705e+02
1.640000e-06	3.059939e-06	9.265151e-09	2.205998e+01	5.510448e+02
1.650000e-06	3.079520e-06	9.306304e-09	2.220115e+01	5.534167e+02
1.660000e-06	3.098106e-06	9.341908e-09	2.233515e+01	5.556821e+02
1.670000e-06	3.115716e-06	9.376224e-09	2.246210e+01	5.578332e+02
1.680000e-06	3.132531e-06	9.410945e-09	2.258332e+01	5.598620e+02
1.690000e-06	3.148451e-06	9.444088e-09	2.269809e+01	5.617625e+02
1.700000e-06	3.163323e-06	9.474402e-09	2.280531e+01	5.635336e+02
1.710000e-06	3.177252e-06	9.503509e-09	2.290573e+01	5.651794e+02
1.720000e-06	3.190325e-06	9.532402e-09	2.299998e+01	5.667087e+02
1.730000e-06	3.202536e-06	9.558154e-09	2.308801e+01	5.681327e+02
1.740000e-06	3.213790e-06	9.579330e-09	2.316914e+01	5.694618e+02
1.750000e-06	3.223690e-06	9.598206e-09	2.324051e+01	5.707022e+02
1.760000e-06	3.232449e-06	9.618107e-09	2.330366e+01	5.718546e+02
1.770000e-06	3.240455e-06	9.635340e-09	2.336138e+01	5.729134e+02
1.780000e-06	3.247630e-06	9.648546e-09	2.341311e+01	5.738694e+02
1.790000e-06	3.253922e-06	9.661244e-09	2.345846e+01	5.747123e+02
1.800000e-06	3.259267e-06	9.674382e-09	2.349700e+01	5.754349e+02
1.810000e-06	3.263873e-06	9.686297e-09	2.353021e+01	5.760361e+02
1.820000e-06	3.267783e-06	9.695351e-09	2.355839e+01	5.765220e+02
1.830000e-06	3.270661e-06	9.701141e-09	2.357914e+01	5.769047e+02
1.840000e-06	3.272266e-06	9.705458e-09	2.359071e+01	5.771990e+02
1.850000e-06	3.272833e-06	9.709356e-09	2.359480e+01	5.774181e+02
1.860000e-06	3.272649e-06	9.711021e-09	2.359347e+01	5.775687e+02
1.870000e-06	3.271612e-06	9.712602e-09	2.358599e+01	5.776486e+02
1.880000e-06	3.269700e-06	9.713934e-09	2.357221e+01	5.776468e+02
1.890000e-06	3.266910e-06	9.711550e-09	2.355210e+01	5.775459e+02
1.900000e-06	3.263437e-06	9.706794e-09	2.352706e+01	5.773279e+02
1.910000e-06	3.259315e-06	9.701432e-09	2.349734e+01	5.769798e+02
1.920000e-06	3.254219e-06	9.685668e-09	2.346061e+01	5.764997e+02
1.930000e-06	3.247927e-06	9.656980e-09	2.341525e+01	5.758986e+02
1.940000e-06	3.240670e-06	9.715889e-09	2.336293e+01	5.752004e+02
1.950000e-06	3.232417e-06	9.794993e-09	2.330343e+01	5.744365e+02
1.960000e-06	3.222652e-06	9.686672e-09	2.323303e+01	5.736389e+02
1.970000e-06	3.211786e-06	9.452533e-09	2.315469e+01	5.728323e+02
1.980000e-06	3.200792e-06	9.534171e-09	2.307544e+01	5.720265e+02
1.990000e-06	3.189514e-06	9.815855e-09	2.299413e+01	5.712136e+02
2.000000e-06	3.176601e-06	9.605206e-09	2.290104e+01	5.703687e+02
2.010000e-06	3.161973e-06	9.422111e-09	2.279558e+01	5.694545e+02
2.020000e-06	3.146887e-06	9.654234e-09	2.268682e+01	5.684298e+02
2.030000e-06	3.131184e-06	9.724690e-09	2.257361e+01	5.672585e+02
2.040000e-06	3.114201e-06	9.453803e-09	2.245118e+01	5.659173e+02
2.050000e-06	3.096558e-06	9.443873e-09	2.232398e+01	5.644000e+02
2.060000e-06	3.078604e-06	9.570558e-09	2.219455e+01	5.627178e+02
2.070000e-06	3.059743e-06	9.288034e-09	2.205857e+01	5.608948e+02
2.080000e-06	3.040022e-06	9.417160e-09	2.191640e+01	5.589613e+02
2.090000e-06	3.019722e-06	9.671859e-09	2.177005e+01	5.569452e+02
2.100000e-06	2.998137e-06	9.245031e-09	2.161444e+01	5.548656e+02
2.110000e-06	2.975181e-06	9.086371e-09	2.144894e+01	5.527286e+02
2.120000e-06	2.951436e-06	9.416187e-09	2.127776e+01	5.505266e+02
2.130000e-06	2.926914e-06	9.362186e-09	2.110097e+01	5.482426e+02
2.140000e-06	2.901703e-06	9.062272e-09	2.091922e+01	5.458549e+02
2.150000e-06	2.875868e-06	9.061080e-09	2.073296e+01	5.433436e+02
2.160000e-06	2.849046e-06	9.198242e-09	2.053959e+01	5.406962e+02
2.170000e-06	2.821510e-06	9.218704e-09	2.034108e+01	5.379093e+02
2.180000e-06	2.793472e-06	9.010611e-09	2.013895e+01	5.349893e+02
2.190000e-06	2.764206e-06	8.767514e-09	1.992796e+01	5.319492e+02
2.200000e-06	2.733683e-06	8.960928e-09	1.970791e+01	5.288042e+02
2.210000e-06	2.702438e-06	9.055679e-09	1.948266e+01	5.255679e+02
2.220000e-06	2.670441e-06	8.745900e-09	1.925198e+01	5.222486e+02
2.230000e-06	2.637735e-06	8.655699e-09	1.901619e+01	5.188485e+02
2.240000e-06	2.604337e-06	8.712661e-09	1.877542e+01	5.153640e+02
2.250000e-06	2.570187e-06	8.699485e-09	1.852923e+01	5.117880e+02
2.260000e-06	2.535543e-06	8.629050e-09	1.827947e+01	5.081126e+02
2.270000e-06	2.500364e-06	8.393546e-09	1.802584e+01	5.043312e+02
2.280000e-06	2.464501e-06	8.327408e-09	1.776730e+01	5.004397e+02
2.290000e-06	2.427877e-06	8.517586e-09	1.750327e+01	4.964363e+02
2.300000e-06	2.390197e-06	8.385157e-09	1.723162e+01	4.923206e+02
2.310000e-06	2.351560e-06	8.096621e-09	1.695308e+01	4.880923e+02
2.320000e-06	2.312396e-06	8.084969e-09	1.667073e+01	4.837495e+02
2.330000e-06	2.272742e-06	8.163323e-09	1.638485e+01	4.792892e+02
2.340000e-06	2.232574e-06	8.101403e-09	1.609527e+01	4.747073e+02
2.350000e-06	2.191751e-06	7.842442e-09	1.580097e+01	4.700005e+02
2.360000e-06	2.150335e-06	7.729764e-09	1.550239e+01	4.651673e+02
2.370000e-06	2.108433e-06	7.842663e-09	1.520030e+01	4.602090e+02
2.380000e-06	2.065903e-06	7.778145e-09	1.489369e+01	4.551291e+02
2.390000e-06	2.022853e-06	7.510212e-09	1.458333e+01	4.499327e+02
2.400000e-06	1.979445e-06	7.381298e-09	1.427039e+01	4.446237e+02
2.410000e-06	1.935617e-06	7.451043e-09	1.395442e+01	4.392028e+02
2.420000e-06	1.891258e-06	7.425790e-09	1.363463e+01	4.336665e+02
2.430000e-06	1.846339e-06	7.181387e-09	1.331079e+01	4.280063e+02
2.440000e-06	1.800705e-06	7.008086e-09	1.298180e+01	4.222102e+02
2.450000e-06	1.754596e-06	7.047633e-09	1.264939e+01	4.162649e+02
2.460000e-06	1.708198e-06	7.014521e-09	1.231489e+01	4.101588e+02
2.470000e-06	1.661329e-06	6.798508e-09	1.197700e+01	4.038843e+02
2.480000e-06	1.613922e-06	6.591757e-09	1.163523e+01	3.974390e+02
2.490000e-06	1.565887e-06	6.584530e-09	1.128893e+01	3.908254e+02
2.500000e-06	1.517236e-06	6.588890e-09	1.093819e+01	3.840493e+02
2.510000e-06	1.468138e-06	6.367944e-09	1.058423e+01	3.771166e+02
2.520000e-06	1.418696e-06	6.139753e-09	1.022779e+01	3.700310e+02
2.530000e-06	1.368839e-06	6.098252e-09	9.868353e+00	3.627913e+02
2.540000e-06	1.318480e-06	6.084778e-09	9.505302e+00	3.553912e+02
2.550000e-06	1.267668e-06	5.896310e-09	9.138985e+00	3.478203e+02
2.560000e-06	1.216523e-06	5.648588e-09	8.770266e+00	3.400658e+02
2.570000e-06	1.165038e-06	5.566842e-09	8.399094e+00	3.321155e+02
2.580000e-06	1.113244e-06	5.548227e-09	8.025696e+00	3.239599e+02
2.590000e-06	1.061112e-06	5.365055e-09	7.649867e+00	3.155938e+02
2.600000e-06	1.008565e-06	5.109325e-09	7.271039e+00	3.070155e+02
2.610000e-06	9.555694e-07	4.989058e-09	6.888976e+00	2.982258e+02
2.620000e-06	9.020107e-07	4.946824e-09	6.502856e+00	2.892249e+02
2.630000e-06	8.480538e-07	4.777941e-09	6.113865e+00	2.800110e+02
2.640000e-06	7.938409e-07	4.507079e-09	5.723029e+00	2.705779e+02
2.650000e-06	7.392351e-07	4.349989e-09	5.329360e+00	2.609155e+02
2.660000e-06	6.842865e-07	4.283899e-09	4.933219e+00	2.510107e+02
2.670000e-06	6.291737e-07	4.120973e-09	4.535895e+00	2.408497e+02
2.680000e-06	5.739603e-07	3.851570e-09	4.137846e+00	2.304206e+02
2.690000e-06	5.186711e-07	3.655125e-09	3.739250e+00	2.197151e+02
2.700000e-06	4.633008e-07	3.564053e-09	3.340069e+00	2.087295e+02
2.710000e-06	4.078474e-07	3.395894e-09	2.940290e+00	1.974637e+02
2.720000e-06	3.523570e-07	3.117817e-09	2.540243e+00	1.859192e+02
2.730000e-06	2.968684e-07	2.888783e-09	2.140210e+00	1.740972e+02
2.740000e-06	2.413219e-07	2.761863e-09	1.739759e+00	1.619963e+02
2.750000e-06	1.857292e-07	2.590641e-09	1.338976e+00	1.496112e+02
2.760000e-06	1.301517e-07	2.310081e-09	9.383013e-01	1.369340e+02
2.770000e-06	7.456406e-08	2.051513e-09	5.375538e-01	1.239560e+02
2.780000e-06	1.895189e-08	1.886968e-09	1.366296e-01	1.106713e+02
2.790000e-06	-3.666017e-08	1.699931e-09	-2.642938e-01	9.707967e+01
2.800000e-06	-9.226449e-08	1.413213e-09	-6.651614e-01	8.318992e+01
2.810000e-06	-1.478557e-07	1.131378e-09	-1.065934e+00	6.902084e+01
2.820000e-06	-2.034097e-07	9.332850e-10	-1.466440e+00	5.460081e+01
2.830000e-06	-2.589371e-07	7.336979e-10	-1.866752e+00	3.996573e+01
2.840000e-06	-3.144325e-07	4.459380e-10	-2.266835e+00	2.515584e+01
2.850000e-06	-3.699080e-07	1.451208e-10	-2.666774e+00	1.021234e+01
2.860000e-06	-4.253464e-07	-7.904779e-11	-3.066445e+00	-4.825385e+00
2.870000e-06	-4.807054e-07	-2.877546e-10	-3.465544e+00	-1.992136e+01
2.880000e-06	-5.359719e-07	-5.677967e-10	-3.863976e+00	-3.504325e+01
2.890000e-06	-5.911701e-07	-8.686737e-10	-4.261916e+00	-5.016142e+01
2.900000e-06	-6.462370e-07	-1.101520e-09	-4.658910e+00	-6.524733e+01
2.910000e-06	-7.011086e-07	-1.308646e-09	-5.054495e+00	-8.027198e+01
2.920000e-06	-7.557647e-07	-1.573925e-09	-5.448526e+00	-9.520491e+01
2.930000e-06	-8.100780e-07	-1.869868e-09	-5.840086e+00	-1.100143e+02
2.940000e-06	-8.639469e-07	-2.113703e-09	-6.228443e+00	-1.246678e+02
2.950000e-06	-9.173635e-07	-2.319756e-09	-6.613539e+00	-1.391343e+02
2.960000e-06	-9.702555e-07	-2.564369e-09	-6.994852e+00	-1.533860e+02
2.970000e-06	-1.022704e-06	-2.836808e-09	-7.372966e+00	-1.673995e+02
2.980000e-06	-1.074819e-06	-3.065456e-09	-7.748679e+00	-1.811571e+02
2.990000e-06	-1.126602e-06	-3.254528e-09	-8.121997e+00	-1.946468e+02
3.000000e-06	-1.178120e-06	-3.474387e-09	-8.493405e+00	-2.078609e+02
3.010000e-06	-1.229361e-06	-3.726279e-09	-8.862821e+00	-2.207954e+02
3.020000e-06	-1.280220e-06	-3.947240e-09	-9.229474e+00	-2.334479e+02
3.030000e-06	-1.330651e-06	-4.128845e-09	-9.593045e+00	-2.458165e+02
3.040000e-06	-1.380647e-06	-4.327697e-09	-9.953482e+00	-2.578989e+02
3.050000e-06	-1.430229e-06	-4.552393e-09	-1.031094e+01	-2.696925e+02
3.060000e-06	-1.479363e-06	-4.753156e-09	-1.066515e+01	-2.811941e+02
3.070000e-06	-1.527892e-06	-4.917487e-09	-1.101501e+01	-2.924007e+02
3.080000e-06	-1.575586e-06	-5.090929e-09	-1.135885e+01	-3.033102e+02
3.090000e-06	-1.622658e-06	-5.291101e-09	-1.169821e+01	-3.139214e+02
3.100000e-06	-1.669290e-06	-5.478930e-09	-1.203440e+01	-3.242351e+02
3.110000e-06	-1.715412e-06	-5.635032e-09	-1.236690e+01	-3.342530e+02
3.120000e-06	-1.761263e-06	-5.790493e-09	-1.269745e+01	-3.439786e+02
3.130000e-06	-1.806777e-06	-5.966746e-09	-1.302558e+01	-3.534160e+02
3.140000e-06	-1.851755e-06	-6.131819e-09	-1.334984e+01	-3.625702e+02
3.150000e-06	-1.896169e-06	-6.266701e-09	-1.367003e+01	-3.714468e+02
3.160000e-06	-1.940092e-06	-6.397777e-09	-1.398668e+01	-3.800512e+02
3.170000e-06	-1.983670e-06	-6.548673e-09	-1.430085e+01	-3.883894e+02
3.180000e-06	-2.026878e-06	-6.699724e-09	-1.461235e+01	-3.964673e+02
3.190000e-06	-2.069602e-06	-6.826540e-09	-1.492036e+01	-4.042905e+02
3.200000e-06	-2.111753e-06	-6.945820e-09	-1.522424e+01	-4.118648e+02
3.210000e-06	-2.153352e-06	-7.076744e-09	-1.552414e+01	-4.191957e+02
3.220000e-06	-2.194416e-06	-7.206562e-09	-1.582018e+01	-4.262887e+02
3.230000e-06	-2.234817e-06	-7.314857e-09	-1.611144e+01	-4.331489e+02
3.240000e-06	-2.274632e-06	-7.413879e-09	-1.639848e+01	-4.397813e+02
3.250000e-06	-2.314033e-06	-7.523542e-09	-1.668253e+01	-4.461909e+02
3.260000e-06	-2.352921e-06	-7.638188e-09	-1.696289e+01	-4.523822e+02
3.270000e-06	-2.390947e-06	-7.738671e-09	-1.723703e+01	-4.583601e+02
3.280000e-06	-2.427969e-06	-7.828947e-09	-1.750393e+01	-4.641292e+02
3.290000e-06	-2.464083e-06	-7.927097e-09	-1.776429e+01	-4.696945e+02
3.300000e-06	-2.499592e-06	-8.026795e-09	-1.802028e+01	-4.750615e+02
3.310000e-06	-2.534604e-06	-8.110394e-09	-1.827270e+01	-4.802366e+02
3.320000e-06	-2.568868e-06	-8.185454e-09	-1.851971e+01	-4.852270e+02
3.330000e-06	-2.602392e-06	-8.265969e-09	-1.876139e+01	-4.900408e+02
3.340000e-06	-2.635180e-06	-8.352274e-09	-1.899778e+01	-4.946869e+02
3.350000e-06	-2.667256e-06	-8.429134e-09	-1.922902e+01	-4.991736e+02
3.360000e-06	-2.698810e-06	-8.496873e-09	-1.945650e+01	-5.035086e+02
3.370000e-06	-2.729634e-06	-8.567071e-09	-1.967872e+01	-5.076973e+02
3.380000e-06	-2.759340e-06	-8.639252e-09	-1.989288e+01	-5.117425e+02
3.390000e-06	-2.787944e-06	-8.707482e-09	-2.009909e+01	-5.156441e+02
3.400000e-06	-2.815752e-06	-8.765091e-09	-2.029957e+01	-5.193996e+02
3.410000e-06	-2.842943e-06	-8.822419e-09	-2.049560e+01	-5.230053e+02
3.420000e-06	-2.869373e-06	-8.883200e-09	-2.068614e+01	-5.264578e+02
3.430000e-06	-2.894934e-06	-8.940359e-09	-2.087041e+01	-5.297562e+02
3.440000e-06	-2.919616e-06	-8.990309e-09	-2.104835e+01	-5.329028e+02
3.450000e-06	-2.943559e-06	-9.036446e-09	-2.122097e+01	-5.359043e+02
3.460000e-06	-2.966948e-06	-9.085960e-09	-2.138958e+01	-5.387704e+02
3.470000e-06	-2.989521e-06	-9.136227e-09	-2.155232e+01	-5.415127e+02
3.480000e-06	-3.010860e-06	-9.179447e-09	-2.170616e+01	-5.441422e+02
3.490000e-06	-3.031063e-06	-9.219911e-09	-2.185181e+01	-5.466666e+02
3.500000e-06	-3.050603e-06	-9.257487e-09	-2.199268e+01	-5.490892e+02
3.510000e-06	-3.069530e-06	-9.295614e-09	-2.212913e+01	-5.514078e+02
3.520000e-06	-3.087645e-06	-9.330887e-09	-2.225973e+01	-5.536163e+02
3.530000e-06	-3.104972e-06	-9.364255e-09	-2.238464e+01	-5.557064e+02
3.540000e-06	-3.121420e-06	-9.397433e-09	-2.250322e+01	-5.576707e+02
3.550000e-06	-3.137103e-06	-9.428666e-09	-2.261628e+01	-5.595055e+02
3.560000e-06	-3.152061e-06	-9.458401e-09	-2.272412e+01	-5.612123e+02
3.570000e-06	-3.165732e-06	-9.483549e-09	-2.282268e+01	-5.627977e+02
3.580000e-06	-3.178059e-06	-9.507392e-09	-2.291154e+01	-5.642722e+02
3.590000e-06	-3.189463e-06	-9.529974e-09	-2.299376e+01	-5.656468e+02
3.600000e-06	-3.199960e-06	-9.553116e-09	-2.306944e+01	-5.669303e+02
3.610000e-06	-3.209557e-06	-9.576326e-09	-2.313862e+01	-5.681261e+02
3.620000e-06	-3.218273e-06	-9.595948e-09	-2.320146e+01	-5.692319e+02
3.630000e-06	-3.226206e-06	-9.611401e-09	-2.325865e+01	-5.702399e+02
3.640000e-06	-3.233479e-06	-9.625885e-09	-2.331109e+01	-5.711397e+02
3.650000e-06	-3.239708e-06	-9.639084e-09	-2.335599e+01	-5.719222e+02
3.660000e-06	-3.244631e-06	-9.648750e-09	-2.339149e+01	-5.725829e+02
3.670000e-06	-3.248552e-06	-9.656878e-09	-2.341975e+01	-5.731245e+02
3.680000e-06	-3.251727e-06	-9.668857e-09	-2.344264e+01	-5.735562e+02
3.690000e-06	-3.254087e-06	-9.680543e-09	-2.345966e+01	-5.738920e+02
3.700000e-06	-3.255640e-06	-9.685740e-09	-2.347085e+01	-5.741466e+02
3.710000e-06	-3.256246e-06	-9.686365e-09	-2.347522e+01	-5.743303e+02
