# Temperatura_=_20.0
# Concentracion g/m^3_=_12000.0
# C_Vs_to_Am_M_A/Vsm_=_59384043850.047264
# pendiente_HvsI_1/m_=_3716.3
# ordenada_HvsI_A/m_=_1297.0
# frecuencia_Hz_=_269543.19531543576

Tiempo_(s)	Campo_(V.s)	Magnetizacion_(V.s)	Campo_(kA/m)	Magnetizacion_(A/m)
0.000000e+00	-3.267323e-06	-9.711706e-09	-2.359841e+01	-5.736273e+02
1.000000e-08	-3.267123e-06	-9.707712e-09	-2.359697e+01	-5.738223e+02
2.000000e-08	-3.266289e-06	-9.700693e-09	-2.359095e+01	-5.739678e+02
3.000000e-08	-3.264411e-06	-9.700841e-09	-2.357738e+01	-5.740174e+02
4.000000e-08	-3.261183e-06	-9.699667e-09	-2.355406e+01	-5.739165e+02
5.000000e-08	-3.257079e-06	-9.695836e-09	-2.352442e+01	-5.736193e+02
6.000000e-08	-3.252346e-06	-9.695791e-09	-2.349024e+01	-5.731057e+02
7.000000e-08	-3.246804e-06	-9.705109e-09	-2.345022e+01	-5.723919e+02
8.000000e-08	-3.240342e-06	-9.716563e-09	-2.340354e+01	-5.715324e+02
9.000000e-08	-3.232780e-06	-9.604312e-09	-2.334893e+01	-5.706100e+02
1.000000e-07	-3.224138e-06	-9.476262e-09	-2.328651e+01	-5.697179e+02
1.100000e-07	-3.214256e-06	-9.549628e-09	-2.321514e+01	-5.689362e+02
1.200000e-07	-3.203341e-06	-9.859561e-09	-2.313630e+01	-5.683107e+02
1.300000e-07	-3.191772e-06	-9.699618e-09	-2.305274e+01	-5.678393e+02
1.400000e-07	-3.179351e-06	-9.288486e-09	-2.296303e+01	-5.674697e+02
1.500000e-07	-3.165937e-06	-9.499370e-09	-2.286615e+01	-5.671099e+02
1.600000e-07	-3.151734e-06	-9.744121e-09	-2.276356e+01	-5.666482e+02
1.700000e-07	-3.136364e-06	-9.554598e-09	-2.265256e+01	-5.659790e+02
1.800000e-07	-3.119393e-06	-9.193565e-09	-2.252998e+01	-5.650252e+02
1.900000e-07	-3.101875e-06	-9.439598e-09	-2.240345e+01	-5.637539e+02
2.000000e-07	-3.084030e-06	-9.518152e-09	-2.227457e+01	-5.621803e+02
2.100000e-07	-3.064939e-06	-9.312015e-09	-2.213668e+01	-5.603592e+02
2.200000e-07	-3.044929e-06	-9.487183e-09	-2.199216e+01	-5.583674e+02
2.300000e-07	-3.024592e-06	-9.218958e-09	-2.184528e+01	-5.562827e+02
2.400000e-07	-3.003416e-06	-9.100425e-09	-2.169233e+01	-5.541635e+02
2.500000e-07	-2.981288e-06	-9.487692e-09	-2.153251e+01	-5.520376e+02
2.600000e-07	-2.958546e-06	-9.340110e-09	-2.136825e+01	-5.498986e+02
2.700000e-07	-2.934963e-06	-8.917000e-09	-2.119793e+01	-5.477141e+02
2.800000e-07	-2.910592e-06	-9.072344e-09	-2.102191e+01	-5.454388e+02
2.900000e-07	-2.885531e-06	-9.347421e-09	-2.084090e+01	-5.430311e+02
3.000000e-07	-2.859215e-06	-9.113527e-09	-2.065083e+01	-5.404656e+02
3.100000e-07	-2.831653e-06	-8.781976e-09	-2.045176e+01	-5.377394e+02
3.200000e-07	-2.803434e-06	-8.924273e-09	-2.024795e+01	-5.348712e+02
3.300000e-07	-2.774543e-06	-9.070281e-09	-2.003928e+01	-5.318926e+02
3.400000e-07	-2.744922e-06	-8.926342e-09	-1.982534e+01	-5.288366e+02
3.500000e-07	-2.714724e-06	-8.654069e-09	-1.960724e+01	-5.257262e+02
3.600000e-07	-2.683586e-06	-8.725927e-09	-1.938234e+01	-5.225674e+02
3.700000e-07	-2.651589e-06	-8.900530e-09	-1.915124e+01	-5.193481e+02
3.800000e-07	-2.619246e-06	-8.620285e-09	-1.891764e+01	-5.160427e+02
3.900000e-07	-2.586336e-06	-8.480724e-09	-1.867995e+01	-5.126210e+02
4.000000e-07	-2.552334e-06	-8.579253e-09	-1.843437e+01	-5.090580e+02
4.100000e-07	-2.517064e-06	-8.569476e-09	-1.817962e+01	-5.053413e+02
4.200000e-07	-2.481045e-06	-8.396474e-09	-1.791948e+01	-5.014738e+02
4.300000e-07	-2.444655e-06	-8.314761e-09	-1.765665e+01	-4.974710e+02
4.400000e-07	-2.407587e-06	-8.272982e-09	-1.738892e+01	-4.933552e+02
4.500000e-07	-2.369737e-06	-8.248573e-09	-1.711555e+01	-4.891466e+02
4.600000e-07	-2.331315e-06	-8.156029e-09	-1.683805e+01	-4.848573e+02
4.700000e-07	-2.292292e-06	-7.998476e-09	-1.655620e+01	-4.804870e+02
4.800000e-07	-2.252670e-06	-7.997043e-09	-1.627003e+01	-4.760245e+02
4.900000e-07	-2.212589e-06	-7.961475e-09	-1.598054e+01	-4.714518e+02
5.000000e-07	-2.172095e-06	-7.834192e-09	-1.568807e+01	-4.667511e+02
5.100000e-07	-2.131013e-06	-7.694134e-09	-1.539136e+01	-4.619105e+02
5.200000e-07	-2.089074e-06	-7.679188e-09	-1.508845e+01	-4.569275e+02
5.300000e-07	-2.046115e-06	-7.628394e-09	-1.477817e+01	-4.518092e+02
5.400000e-07	-2.002363e-06	-7.499429e-09	-1.446218e+01	-4.465685e+02
5.500000e-07	-1.958223e-06	-7.376977e-09	-1.414337e+01	-4.412181e+02
5.600000e-07	-1.913810e-06	-7.312850e-09	-1.382259e+01	-4.357650e+02
5.700000e-07	-1.868875e-06	-7.269766e-09	-1.349805e+01	-4.302070e+02
5.800000e-07	-1.823313e-06	-7.127846e-09	-1.316897e+01	-4.245316e+02
5.900000e-07	-1.777309e-06	-6.988308e-09	-1.283670e+01	-4.187195e+02
6.000000e-07	-1.730843e-06	-6.923194e-09	-1.250110e+01	-4.127498e+02
6.100000e-07	-1.683721e-06	-6.883892e-09	-1.216076e+01	-4.066051e+02
6.200000e-07	-1.636020e-06	-6.723101e-09	-1.181624e+01	-4.002768e+02
6.300000e-07	-1.587997e-06	-6.570288e-09	-1.146939e+01	-3.937653e+02
6.400000e-07	-1.539738e-06	-6.502267e-09	-1.112084e+01	-3.870791e+02
6.500000e-07	-1.491069e-06	-6.425219e-09	-1.076932e+01	-3.802302e+02
6.600000e-07	-1.441768e-06	-6.272718e-09	-1.041324e+01	-3.732287e+02
6.700000e-07	-1.391764e-06	-6.107817e-09	-1.005209e+01	-3.660784e+02
6.800000e-07	-1.341039e-06	-6.030477e-09	-9.685726e+00	-3.587748e+02
6.900000e-07	-1.289691e-06	-5.934938e-09	-9.314859e+00	-3.513057e+02
7.000000e-07	-1.237846e-06	-5.774144e-09	-8.940405e+00	-3.436549e+02
7.100000e-07	-1.185643e-06	-5.599032e-09	-8.563373e+00	-3.358065e+02
7.200000e-07	-1.133191e-06	-5.499691e-09	-8.184532e+00	-3.277492e+02
7.300000e-07	-1.080412e-06	-5.395197e-09	-7.803330e+00	-3.194785e+02
7.400000e-07	-1.027283e-06	-5.220524e-09	-7.419604e+00	-3.109970e+02
7.500000e-07	-9.738359e-07	-5.045545e-09	-7.033581e+00	-3.023111e+02
7.600000e-07	-9.200587e-07	-4.921992e-09	-6.645173e+00	-2.934269e+02
7.700000e-07	-8.660537e-07	-4.802814e-09	-6.255119e+00	-2.843467e+02
7.800000e-07	-8.118981e-07	-4.616066e-09	-5.863977e+00	-2.750654e+02
7.900000e-07	-7.575996e-07	-4.431026e-09	-5.471803e+00	-2.655711e+02
8.000000e-07	-7.031566e-07	-4.287218e-09	-5.078586e+00	-2.558465e+02
8.100000e-07	-6.484442e-07	-4.150231e-09	-4.683422e+00	-2.458727e+02
8.200000e-07	-5.934533e-07	-3.955461e-09	-4.286248e+00	-2.356333e+02
8.300000e-07	-5.384908e-07	-3.751486e-09	-3.889279e+00	-2.251172e+02
8.400000e-07	-4.834531e-07	-3.588305e-09	-3.491766e+00	-2.143193e+02
8.500000e-07	-4.281165e-07	-3.425643e-09	-3.092094e+00	-2.032395e+02
8.600000e-07	-3.726885e-07	-3.220871e-09	-2.691762e+00	-1.918795e+02
8.700000e-07	-3.172467e-07	-2.998739e-09	-2.291331e+00	-1.802396e+02
8.800000e-07	-2.616832e-07	-2.815570e-09	-1.890020e+00	-1.683163e+02
8.900000e-07	-2.059793e-07	-2.625895e-09	-1.487696e+00	-1.561018e+02
9.000000e-07	-1.502008e-07	-2.401887e-09	-1.084833e+00	-1.435854e+02
9.100000e-07	-9.446409e-08	-2.165008e-09	-6.822719e-01	-1.307570e+02
9.200000e-07	-3.873241e-08	-1.956989e-09	-2.797468e-01	-1.176113e+02
9.300000e-07	1.700512e-08	-1.749282e-09	1.228204e-01	-1.041510e+02
9.400000e-07	7.266783e-08	-1.506813e-09	5.248473e-01	-9.038879e+01
9.500000e-07	1.283269e-07	-1.257353e-09	9.268477e-01	-7.634711e+01
9.600000e-07	1.839804e-07	-1.025322e-09	1.328808e+00	-6.205558e+01
9.700000e-07	2.395617e-07	-7.978749e-10	1.730247e+00	-4.754781e+01
9.800000e-07	2.950504e-07	-5.390912e-10	2.131017e+00	-3.285796e+01
9.900000e-07	3.504622e-07	-2.772268e-10	2.531232e+00	-1.801849e+01
1.000000e-06	4.058362e-07	-3.614383e-11	2.931173e+00	-3.059450e+00
1.010000e-06	4.611108e-07	2.010009e-10	3.330397e+00	1.199049e+01
1.020000e-06	5.162113e-07	4.646709e-10	3.728363e+00	2.710220e+01
1.030000e-06	5.711622e-07	7.329466e-10	4.125249e+00	4.224412e+01
1.040000e-06	6.259600e-07	9.778568e-10	4.521029e+00	5.738128e+01
1.050000e-06	6.806066e-07	1.219619e-09	4.915717e+00	7.247577e+01
1.060000e-06	7.351075e-07	1.478897e-09	5.309353e+00	8.748857e+01
1.070000e-06	7.894311e-07	1.742185e-09	5.701708e+00	1.023823e+02
1.080000e-06	8.435964e-07	1.980474e-09	6.092919e+00	1.171237e+02
1.090000e-06	8.975652e-07	2.212436e-09	6.482712e+00	1.316854e+02
1.100000e-06	9.511491e-07	2.455965e-09	6.869725e+00	1.460464e+02
1.110000e-06	1.004404e-06	2.703398e-09	7.254360e+00	1.601903e+02
1.120000e-06	1.057404e-06	2.933981e-09	7.637160e+00	1.741036e+02
1.130000e-06	1.110072e-06	3.159479e-09	8.017552e+00	1.877737e+02
1.140000e-06	1.162408e-06	3.392706e-09	8.395555e+00	2.011871e+02
1.150000e-06	1.214422e-06	3.619063e-09	8.771230e+00	2.143298e+02
1.160000e-06	1.266081e-06	3.826280e-09	9.144340e+00	2.271884e+02
1.170000e-06	1.317197e-06	4.021632e-09	9.513527e+00	2.397521e+02
1.180000e-06	1.367578e-06	4.234074e-09	9.877402e+00	2.520147e+02
1.190000e-06	1.417229e-06	4.444480e-09	1.023601e+01	2.639748e+02
1.200000e-06	1.466294e-06	4.639059e-09	1.059038e+01	2.756358e+02
1.210000e-06	1.514892e-06	4.821675e-09	1.094139e+01	2.870033e+02
1.220000e-06	1.563137e-06	5.010730e-09	1.128984e+01	2.980824e+02
1.230000e-06	1.611087e-06	5.202158e-09	1.163616e+01	3.088754e+02
1.240000e-06	1.658619e-06	5.375143e-09	1.197946e+01	3.193798e+02
1.250000e-06	1.705608e-06	5.536871e-09	1.231884e+01	3.295896e+02
1.260000e-06	1.752122e-06	5.700627e-09	1.265480e+01	3.394971e+02
1.270000e-06	1.798161e-06	5.867593e-09	1.298731e+01	3.490966e+02
1.280000e-06	1.843653e-06	6.019552e-09	1.331588e+01	3.583875e+02
1.290000e-06	1.888608e-06	6.163662e-09	1.364057e+01	3.673760e+02
1.300000e-06	1.933132e-06	6.312785e-09	1.396215e+01	3.760755e+02
1.310000e-06	1.977361e-06	6.462872e-09	1.428160e+01	3.845034e+02
1.320000e-06	2.021285e-06	6.596201e-09	1.459884e+01	3.926776e+02
1.330000e-06	2.064666e-06	6.719974e-09	1.491216e+01	4.006120e+02
1.340000e-06	2.107192e-06	6.847443e-09	1.521930e+01	4.083131e+02
1.350000e-06	2.148744e-06	6.976395e-09	1.551942e+01	4.157797e+02
1.360000e-06	2.189488e-06	7.093598e-09	1.581369e+01	4.230042e+02
1.370000e-06	2.229735e-06	7.204912e-09	1.610438e+01	4.299771e+02
1.380000e-06	2.269584e-06	7.322662e-09	1.639219e+01	4.366917e+02
1.390000e-06	2.308896e-06	7.438760e-09	1.667612e+01	4.431485e+02
1.400000e-06	2.347562e-06	7.543206e-09	1.695539e+01	4.493571e+02
1.410000e-06	2.385545e-06	7.637364e-09	1.722972e+01	4.553357e+02
1.420000e-06	2.422828e-06	7.733533e-09	1.749900e+01	4.611071e+02
1.430000e-06	2.459480e-06	7.830107e-09	1.776373e+01	4.666942e+02
1.440000e-06	2.495659e-06	7.918849e-09	1.802503e+01	4.721143e+02
1.450000e-06	2.531312e-06	8.004114e-09	1.828254e+01	4.773764e+02
1.460000e-06	2.566097e-06	8.092993e-09	1.853377e+01	4.824801e+02
1.470000e-06	2.599781e-06	8.180865e-09	1.877706e+01	4.874183e+02
1.480000e-06	2.632490e-06	8.259645e-09	1.901330e+01	4.921817e+02
1.490000e-06	2.664589e-06	8.331005e-09	1.924514e+01	4.967636e+02
1.500000e-06	2.696058e-06	8.404514e-09	1.947242e+01	5.011638e+02
1.510000e-06	2.726753e-06	8.477444e-09	1.969412e+01	5.053898e+02
1.520000e-06	2.756753e-06	8.543456e-09	1.991079e+01	5.094551e+02
1.530000e-06	2.785937e-06	8.607335e-09	2.012158e+01	5.133751e+02
1.540000e-06	2.814421e-06	8.676402e-09	2.032731e+01	5.171625e+02
1.550000e-06	2.842457e-06	8.742414e-09	2.052980e+01	5.208234e+02
1.560000e-06	2.869690e-06	8.798202e-09	2.072649e+01	5.243556e+02
1.570000e-06	2.895676e-06	8.851418e-09	2.091418e+01	5.277506e+02
1.580000e-06	2.920539e-06	8.908164e-09	2.109375e+01	5.309975e+02
1.590000e-06	2.944559e-06	8.963385e-09	2.126723e+01	5.340879e+02
1.600000e-06	2.967784e-06	9.011907e-09	2.143497e+01	5.370208e+02
1.610000e-06	2.990250e-06	9.058325e-09	2.159724e+01	5.398042e+02
1.620000e-06	3.011951e-06	9.105588e-09	2.175398e+01	5.424537e+02
1.630000e-06	3.032809e-06	9.151652e-09	2.190463e+01	5.449883e+02
1.640000e-06	3.053016e-06	9.191375e-09	2.205057e+01	5.474243e+02
1.650000e-06	3.072587e-06	9.228896e-09	2.219192e+01	5.497704e+02
1.660000e-06	3.091216e-06	9.267576e-09	2.232647e+01	5.520241e+02
1.670000e-06	3.108870e-06	9.307539e-09	2.245398e+01	5.541732e+02
1.680000e-06	3.125747e-06	9.341577e-09	2.257588e+01	5.561999e+02
1.690000e-06	3.141741e-06	9.370117e-09	2.269139e+01	5.580876e+02
1.700000e-06	3.156695e-06	9.398501e-09	2.279939e+01	5.598271e+02
1.710000e-06	3.170816e-06	9.424480e-09	2.290139e+01	5.614214e+02
1.720000e-06	3.184001e-06	9.448209e-09	2.299662e+01	5.628856e+02
1.730000e-06	3.196243e-06	9.469471e-09	2.308504e+01	5.642427e+02
1.740000e-06	3.207560e-06	9.494086e-09	2.316677e+01	5.655162e+02
1.750000e-06	3.217530e-06	9.519674e-09	2.323878e+01	5.667225e+02
1.760000e-06	3.226286e-06	9.538884e-09	2.330202e+01	5.678649e+02
1.770000e-06	3.234333e-06	9.549502e-09	2.336014e+01	5.689318e+02
1.780000e-06	3.241570e-06	9.558033e-09	2.341241e+01	5.699011e+02
1.790000e-06	3.247873e-06	9.569436e-09	2.345793e+01	5.707474e+02
1.800000e-06	3.253310e-06	9.579583e-09	2.349720e+01	5.714522e+02
1.810000e-06	3.257906e-06	9.586864e-09	2.353040e+01	5.720118e+02
1.820000e-06	3.261847e-06	9.597301e-09	2.355886e+01	5.724407e+02
1.830000e-06	3.264753e-06	9.607348e-09	2.357985e+01	5.727688e+02
1.840000e-06	3.266281e-06	9.615116e-09	2.359089e+01	5.730326e+02
1.850000e-06	3.266823e-06	9.617099e-09	2.359480e+01	5.732627e+02
1.860000e-06	3.266630e-06	9.614680e-09	2.359341e+01	5.734720e+02
1.870000e-06	3.265569e-06	9.615265e-09	2.358574e+01	5.736489e+02
1.880000e-06	3.263699e-06	9.617472e-09	2.357224e+01	5.737570e+02
1.890000e-06	3.260986e-06	9.612976e-09	2.355264e+01	5.737442e+02
1.900000e-06	3.257511e-06	9.606952e-09	2.352755e+01	5.735577e+02
1.910000e-06	3.253502e-06	9.605538e-09	2.349859e+01	5.731617e+02
1.920000e-06	3.248554e-06	9.590184e-09	2.346285e+01	5.725518e+02
1.930000e-06	3.242319e-06	9.547522e-09	2.341782e+01	5.717623e+02
1.940000e-06	3.235002e-06	9.613996e-09	2.336497e+01	5.708625e+02
1.950000e-06	3.226659e-06	9.737307e-09	2.330471e+01	5.699426e+02
1.960000e-06	3.216925e-06	9.648544e-09	2.323441e+01	5.690926e+02
1.970000e-06	3.205969e-06	9.265899e-09	2.315528e+01	5.683794e+02
1.980000e-06	3.194946e-06	9.359887e-09	2.307566e+01	5.678278e+02
1.990000e-06	3.183898e-06	9.774932e-09	2.299587e+01	5.674123e+02
2.000000e-06	3.171101e-06	9.578781e-09	2.290344e+01	5.670602e+02
2.010000e-06	3.156388e-06	9.349958e-09	2.279718e+01	5.666677e+02
2.020000e-06	3.141334e-06	9.601882e-09	2.268845e+01	5.661227e+02
2.030000e-06	3.125747e-06	9.873015e-09	2.257587e+01	5.653301e+02
2.040000e-06	3.108684e-06	9.488432e-09	2.245263e+01	5.642317e+02
2.050000e-06	3.090970e-06	9.372866e-09	2.232469e+01	5.628172e+02
2.060000e-06	3.073111e-06	9.610792e-09	2.219571e+01	5.611214e+02
2.070000e-06	3.054191e-06	9.287104e-09	2.205906e+01	5.592119e+02
2.080000e-06	3.034321e-06	9.484941e-09	2.191554e+01	5.571686e+02
2.090000e-06	3.014123e-06	9.727252e-09	2.176967e+01	5.550624e+02
2.100000e-06	2.992621e-06	9.095877e-09	2.161436e+01	5.529387e+02
2.110000e-06	2.969556e-06	9.138149e-09	2.144778e+01	5.508093e+02
2.120000e-06	2.945833e-06	9.651943e-09	2.127643e+01	5.486545e+02
2.130000e-06	2.921343e-06	9.265011e-09	2.109956e+01	5.464341e+02
2.140000e-06	2.896058e-06	8.817903e-09	2.091693e+01	5.441024e+02
2.150000e-06	2.870139e-06	9.229452e-09	2.072973e+01	5.416242e+02
2.160000e-06	2.843216e-06	9.408116e-09	2.053527e+01	5.389838e+02
2.170000e-06	2.815632e-06	9.010669e-09	2.033605e+01	5.361891e+02
2.180000e-06	2.787700e-06	8.870264e-09	2.013431e+01	5.332660e+02
2.190000e-06	2.758345e-06	8.940128e-09	1.992230e+01	5.302480e+02
2.200000e-06	2.727604e-06	9.119746e-09	1.970027e+01	5.271650e+02
2.210000e-06	2.696342e-06	8.894205e-09	1.947447e+01	5.240328e+02
2.220000e-06	2.664425e-06	8.532393e-09	1.924395e+01	5.208487e+02
2.230000e-06	2.631669e-06	8.816309e-09	1.900737e+01	5.175935e+02
2.240000e-06	2.598217e-06	8.925410e-09	1.876576e+01	5.142383e+02
2.250000e-06	2.564089e-06	8.499244e-09	1.851927e+01	5.107542e+02
2.260000e-06	2.529387e-06	8.433152e-09	1.826863e+01	5.071213e+02
2.270000e-06	2.494162e-06	8.598362e-09	1.801422e+01	5.033341e+02
2.280000e-06	2.458294e-06	8.494062e-09	1.775516e+01	4.994020e+02
2.290000e-06	2.421821e-06	8.350417e-09	1.749173e+01	4.953445e+02
2.300000e-06	2.384309e-06	8.207301e-09	1.722079e+01	4.911839e+02
2.310000e-06	2.345617e-06	8.242458e-09	1.694134e+01	4.869374e+02
2.320000e-06	2.306299e-06	8.273833e-09	1.665736e+01	4.826116e+02
2.330000e-06	2.266622e-06	8.029022e-09	1.637080e+01	4.782009e+02
2.340000e-06	2.226424e-06	7.929475e-09	1.608046e+01	4.736902e+02
2.350000e-06	2.185520e-06	7.961896e-09	1.578503e+01	4.690608e+02
2.360000e-06	2.144034e-06	7.911649e-09	1.548540e+01	4.642968e+02
2.370000e-06	2.102131e-06	7.747445e-09	1.518275e+01	4.593905e+02
2.380000e-06	2.059621e-06	7.595463e-09	1.487572e+01	4.543441e+02
2.390000e-06	2.016475e-06	7.595207e-09	1.456410e+01	4.491678e+02
2.400000e-06	1.972957e-06	7.568606e-09	1.424978e+01	4.438754e+02
2.410000e-06	1.929136e-06	7.389162e-09	1.393329e+01	4.384774e+02
2.420000e-06	1.884915e-06	7.252756e-09	1.361390e+01	4.329771e+02
2.430000e-06	1.840087e-06	7.228123e-09	1.329013e+01	4.273672e+02
2.440000e-06	1.794494e-06	7.183524e-09	1.296083e+01	4.216317e+02
2.450000e-06	1.748267e-06	7.021554e-09	1.262695e+01	4.157498e+02
2.460000e-06	1.701756e-06	6.833081e-09	1.229102e+01	4.097015e+02
2.470000e-06	1.654888e-06	6.826490e-09	1.195252e+01	4.034731e+02
2.480000e-06	1.607510e-06	6.769137e-09	1.161033e+01	3.970600e+02
2.490000e-06	1.559513e-06	6.573149e-09	1.126367e+01	3.904670e+02
2.500000e-06	1.510893e-06	6.429150e-09	1.091250e+01	3.837047e+02
2.510000e-06	1.461803e-06	6.370390e-09	1.055795e+01	3.767848e+02
2.520000e-06	1.412261e-06	6.300054e-09	1.020013e+01	3.697150e+02
2.530000e-06	1.362362e-06	6.108173e-09	9.839732e+00	3.624954e+02
2.540000e-06	1.312047e-06	5.939670e-09	9.476326e+00	3.551177e+02
2.550000e-06	1.261191e-06	5.883859e-09	9.109022e+00	3.475674e+02
2.560000e-06	1.209992e-06	5.790427e-09	8.739233e+00	3.398277e+02
2.570000e-06	1.158601e-06	5.592973e-09	8.368056e+00	3.318844e+02
2.580000e-06	1.106888e-06	5.424620e-09	7.994555e+00	3.237293e+02
2.590000e-06	1.054767e-06	5.337288e-09	7.618113e+00	3.153613e+02
2.600000e-06	1.002223e-06	5.228905e-09	7.238607e+00	3.067851e+02
2.610000e-06	9.492531e-07	5.026538e-09	6.856031e+00	2.980076e+02
2.620000e-06	8.958146e-07	4.844085e-09	6.470068e+00	2.890336e+02
2.630000e-06	8.418830e-07	4.745722e-09	6.080544e+00	2.798622e+02
2.640000e-06	7.876558e-07	4.609805e-09	5.688885e+00	2.704851e+02
2.650000e-06	7.331352e-07	4.403605e-09	5.295107e+00	2.608874e+02
2.660000e-06	6.781912e-07	4.204266e-09	4.898272e+00	2.510507e+02
2.670000e-06	6.230446e-07	4.079136e-09	4.499973e+00	2.409569e+02
2.680000e-06	5.677902e-07	3.934738e-09	4.100895e+00	2.305916e+02
2.690000e-06	5.124528e-07	3.713324e-09	3.701218e+00	2.199465e+02
2.700000e-06	4.570291e-07	3.508747e-09	3.300917e+00	2.090191e+02
2.710000e-06	4.015397e-07	3.355015e-09	2.900142e+00	1.978106e+02
2.720000e-06	3.459823e-07	3.186608e-09	2.498876e+00	1.863223e+02
2.730000e-06	2.903580e-07	2.953925e-09	2.097126e+00	1.745532e+02
2.740000e-06	2.347265e-07	2.727179e-09	1.695325e+00	1.624975e+02
2.750000e-06	1.790965e-07	2.551543e-09	1.293534e+00	1.501459e+02
2.760000e-06	1.234530e-07	2.362609e-09	8.916459e-01	1.374875e+02
2.770000e-06	6.773950e-08	2.114827e-09	4.892521e-01	1.245138e+02
2.780000e-06	1.199756e-08	1.868614e-09	8.665304e-02	1.112229e+02
2.790000e-06	-4.368335e-08	1.664496e-09	-3.155053e-01	9.762191e+01
2.800000e-06	-9.934043e-08	1.451258e-09	-7.174915e-01	8.372826e+01
2.810000e-06	-1.549884e-07	1.188769e-09	-1.119412e+00	6.956796e+01
2.820000e-06	-2.106350e-07	9.249170e-10	-1.521322e+00	5.517294e+01
2.830000e-06	-2.662640e-07	7.044597e-10	-1.923106e+00	4.057745e+01
2.840000e-06	-3.218167e-07	4.722286e-10	-2.324338e+00	2.581504e+01
2.850000e-06	-3.773182e-07	1.952612e-10	-2.725200e+00	1.091706e+01
2.860000e-06	-4.327949e-07	-7.856865e-11	-3.125884e+00	-4.087278e+00
2.870000e-06	-4.882314e-07	-3.100251e-10	-3.526277e+00	-1.916935e+01
2.880000e-06	-5.435778e-07	-5.475193e-10	-3.926019e+00	-3.429912e+01
2.890000e-06	-5.987889e-07	-8.245579e-10	-4.324785e+00	-4.944350e+01
2.900000e-06	-6.538667e-07	-1.094636e-09	-4.722587e+00	-6.456603e+01
2.910000e-06	-7.088379e-07	-1.330633e-09	-5.119619e+00	-7.962799e+01
2.920000e-06	-7.635734e-07	-1.567308e-09	-5.514949e+00	-9.459075e+01
2.930000e-06	-8.179522e-07	-1.837206e-09	-5.907703e+00	-1.094185e+02
2.940000e-06	-8.718638e-07	-2.100434e-09	-6.297082e+00	-1.240807e+02
2.950000e-06	-9.253439e-07	-2.329255e-09	-6.683345e+00	-1.385528e+02
2.960000e-06	-9.783497e-07	-2.557739e-09	-7.066182e+00	-1.528162e+02
2.970000e-06	-1.030899e-06	-2.810323e-09	-7.445721e+00	-1.668561e+02
2.980000e-06	-1.083130e-06	-3.055992e-09	-7.822966e+00	-1.806597e+02
2.990000e-06	-1.134966e-06	-3.269843e-09	-8.197350e+00	-1.942139e+02
3.000000e-06	-1.186529e-06	-3.480998e-09	-8.569770e+00	-2.075051e+02
3.010000e-06	-1.237803e-06	-3.712883e-09	-8.940096e+00	-2.205192e+02
3.020000e-06	-1.288716e-06	-3.940813e-09	-9.307819e+00	-2.332439e+02
3.030000e-06	-1.339204e-06	-4.139311e-09	-9.672475e+00	-2.456701e+02
3.040000e-06	-1.389246e-06	-4.335166e-09	-1.003390e+01	-2.577940e+02
3.050000e-06	-1.438865e-06	-4.546757e-09	-1.039228e+01	-2.696165e+02
3.060000e-06	-1.488097e-06	-4.753131e-09	-1.074786e+01	-2.811423e+02
3.070000e-06	-1.536767e-06	-4.933038e-09	-1.109938e+01	-2.923772e+02
3.080000e-06	-1.584641e-06	-5.105701e-09	-1.144515e+01	-3.033253e+02
3.090000e-06	-1.631828e-06	-5.293847e-09	-1.178597e+01	-3.139867e+02
3.100000e-06	-1.678471e-06	-5.478159e-09	-1.212284e+01	-3.243571e+02
3.110000e-06	-1.724656e-06	-5.641821e-09	-1.245642e+01	-3.344294e+02
3.120000e-06	-1.770484e-06	-5.798667e-09	-1.278741e+01	-3.441963e+02
3.130000e-06	-1.815968e-06	-5.969008e-09	-1.311593e+01	-3.536541e+02
3.140000e-06	-1.861006e-06	-6.135713e-09	-1.344122e+01	-3.628052e+02
3.150000e-06	-1.905463e-06	-6.279049e-09	-1.376231e+01	-3.716594e+02
3.160000e-06	-1.949347e-06	-6.414426e-09	-1.407926e+01	-3.802322e+02
3.170000e-06	-1.992921e-06	-6.561503e-09	-1.439397e+01	-3.885419e+02
3.180000e-06	-2.036223e-06	-6.708080e-09	-1.470673e+01	-3.966050e+02
3.190000e-06	-2.079049e-06	-6.835380e-09	-1.501604e+01	-4.044322e+02
3.200000e-06	-2.121297e-06	-6.957107e-09	-1.532118e+01	-4.120265e+02
3.210000e-06	-2.162971e-06	-7.089673e-09	-1.562217e+01	-4.193834e+02
3.220000e-06	-2.204011e-06	-7.218865e-09	-1.591858e+01	-4.264938e+02
3.230000e-06	-2.244378e-06	-7.329662e-09	-1.621014e+01	-4.333489e+02
3.240000e-06	-2.284222e-06	-7.434105e-09	-1.649791e+01	-4.399449e+02
3.250000e-06	-2.323687e-06	-7.542490e-09	-1.678296e+01	-4.462862e+02
3.260000e-06	-2.362642e-06	-7.649138e-09	-1.706431e+01	-4.523868e+02
3.270000e-06	-2.400696e-06	-7.742567e-09	-1.733915e+01	-4.582676e+02
3.280000e-06	-2.437702e-06	-7.834751e-09	-1.760643e+01	-4.639520e+02
3.290000e-06	-2.473840e-06	-7.938287e-09	-1.786744e+01	-4.694610e+02
3.300000e-06	-2.509422e-06	-8.037613e-09	-1.812444e+01	-4.748083e+02
3.310000e-06	-2.544494e-06	-8.117289e-09	-1.837774e+01	-4.799984e+02
3.320000e-06	-2.578817e-06	-8.193258e-09	-1.862564e+01	-4.850275e+02
3.330000e-06	-2.612421e-06	-8.277158e-09	-1.886835e+01	-4.898868e+02
3.340000e-06	-2.645344e-06	-8.362516e-09	-1.910614e+01	-4.945676e+02
3.350000e-06	-2.677478e-06	-8.434837e-09	-1.933822e+01	-4.990659e+02
3.360000e-06	-2.708993e-06	-8.503126e-09	-1.956585e+01	-5.033850e+02
3.370000e-06	-2.739873e-06	-8.580510e-09	-1.978888e+01	-5.075355e+02
3.380000e-06	-2.769648e-06	-8.656020e-09	-2.000393e+01	-5.115325e+02
3.390000e-06	-2.798209e-06	-8.718146e-09	-2.021021e+01	-5.153905e+02
3.400000e-06	-2.825978e-06	-8.772744e-09	-2.041078e+01	-5.191198e+02
3.410000e-06	-2.853222e-06	-8.834503e-09	-2.060755e+01	-5.227225e+02
3.420000e-06	-2.879691e-06	-8.895870e-09	-2.079872e+01	-5.261933e+02
3.430000e-06	-2.905275e-06	-8.948610e-09	-2.098350e+01	-5.295218e+02
3.440000e-06	-2.930016e-06	-8.996461e-09	-2.116219e+01	-5.326977e+02
3.450000e-06	-2.953986e-06	-9.049497e-09	-2.133532e+01	-5.357157e+02
3.460000e-06	-2.977429e-06	-9.103091e-09	-2.150464e+01	-5.385786e+02
3.470000e-06	-3.000072e-06	-9.148821e-09	-2.166818e+01	-5.412985e+02
3.480000e-06	-3.021415e-06	-9.186927e-09	-2.182233e+01	-5.438930e+02
3.490000e-06	-3.041635e-06	-9.230073e-09	-2.196837e+01	-5.463809e+02
3.500000e-06	-3.061198e-06	-9.271181e-09	-2.210967e+01	-5.487754e+02
3.510000e-06	-3.080076e-06	-9.306139e-09	-2.224601e+01	-5.510801e+02
3.520000e-06	-3.098097e-06	-9.339220e-09	-2.237617e+01	-5.532880e+02
3.530000e-06	-3.115343e-06	-9.376691e-09	-2.250073e+01	-5.553834e+02
3.540000e-06	-3.131712e-06	-9.415311e-09	-2.261895e+01	-5.573482e+02
3.550000e-06	-3.147369e-06	-9.445233e-09	-2.273204e+01	-5.591685e+02
3.560000e-06	-3.162366e-06	-9.469775e-09	-2.284036e+01	-5.608405e+02
3.570000e-06	-3.176186e-06	-9.495906e-09	-2.294017e+01	-5.623728e+02
3.580000e-06	-3.188637e-06	-9.524006e-09	-2.303010e+01	-5.637849e+02
3.590000e-06	-3.200031e-06	-9.545631e-09	-2.311240e+01	-5.651011e+02
3.600000e-06	-3.210513e-06	-9.564793e-09	-2.318810e+01	-5.663426e+02
3.610000e-06	-3.220174e-06	-9.587883e-09	-2.325788e+01	-5.675202e+02
3.620000e-06	-3.228985e-06	-9.613551e-09	-2.332151e+01	-5.686303e+02
3.630000e-06	-3.236973e-06	-9.629768e-09	-2.337921e+01	-5.696558e+02
3.640000e-06	-3.244269e-06	-9.640898e-09	-2.343190e+01	-5.705717e+02
3.650000e-06	-3.250555e-06	-9.654056e-09	-2.347730e+01	-5.713548e+02
3.660000e-06	-3.255516e-06	-9.667767e-09	-2.351313e+01	-5.719925e+02
3.670000e-06	-3.259443e-06	-9.676719e-09	-2.354150e+01	-5.724894e+02
3.680000e-06	-3.262685e-06	-9.685024e-09	-2.356492e+01	-5.728679e+02
3.690000e-06	-3.265068e-06	-9.699193e-09	-2.358212e+01	-5.731622e+02
3.700000e-06	-3.266638e-06	-9.709673e-09	-2.359346e+01	-5.734076e+02
