# Temperatura_=_20.0
# Concentracion g/m^3_=_12000.0
# C_Vs_to_Am_M_A/Vsm_=_59384043850.047264
# pendiente_HvsI_1/m_=_3716.3
# ordenada_HvsI_A/m_=_1297.0
# frecuencia_Hz_=_269541.507126553

Tiempo_(s)	Campo_(V.s)	Magnetizacion_(V.s)	Campo_(kA/m)	Magnetizacion_(A/m)
0.000000e+00	-3.258821e-06	-9.727945e-09	-2.347617e+01	-5.725081e+02
1.000000e-08	-3.258602e-06	-9.726110e-09	-2.347459e+01	-5.726842e+02
2.000000e-08	-3.257594e-06	-9.721850e-09	-2.346733e+01	-5.728164e+02
3.000000e-08	-3.255519e-06	-9.717261e-09	-2.345238e+01	-5.728571e+02
4.000000e-08	-3.252252e-06	-9.712880e-09	-2.342884e+01	-5.727491e+02
5.000000e-08	-3.248126e-06	-9.710366e-09	-2.339912e+01	-5.724443e+02
6.000000e-08	-3.243348e-06	-9.712610e-09	-2.336471e+01	-5.719211e+02
7.000000e-08	-3.237727e-06	-9.719475e-09	-2.332421e+01	-5.711967e+02
8.000000e-08	-3.231119e-06	-9.699548e-09	-2.327661e+01	-5.703278e+02
9.000000e-08	-3.223480e-06	-9.641993e-09	-2.322158e+01	-5.694014e+02
1.000000e-07	-3.214696e-06	-9.598716e-09	-2.315830e+01	-5.685142e+02
1.100000e-07	-3.204803e-06	-9.694023e-09	-2.308703e+01	-5.677496e+02
1.200000e-07	-3.193967e-06	-9.718270e-09	-2.300897e+01	-5.671548e+02
1.300000e-07	-3.182267e-06	-9.606196e-09	-2.292468e+01	-5.667272e+02
1.400000e-07	-3.169636e-06	-9.499848e-09	-2.283369e+01	-5.664126e+02
1.500000e-07	-3.156130e-06	-9.572680e-09	-2.273639e+01	-5.661167e+02
1.600000e-07	-3.141821e-06	-9.572213e-09	-2.263331e+01	-5.657259e+02
1.700000e-07	-3.126211e-06	-9.344091e-09	-2.252086e+01	-5.651333e+02
1.800000e-07	-3.109312e-06	-9.384888e-09	-2.239912e+01	-5.642622e+02
1.900000e-07	-3.091844e-06	-9.405240e-09	-2.227329e+01	-5.630803e+02
2.000000e-07	-3.073705e-06	-9.369109e-09	-2.214261e+01	-5.616034e+02
2.100000e-07	-3.054552e-06	-9.396852e-09	-2.200464e+01	-5.598856e+02
2.200000e-07	-3.034648e-06	-9.298414e-09	-2.186126e+01	-5.580012e+02
2.300000e-07	-3.014159e-06	-9.198765e-09	-2.171365e+01	-5.560229e+02
2.400000e-07	-2.992880e-06	-9.243551e-09	-2.156036e+01	-5.540028e+02
2.500000e-07	-2.970745e-06	-9.336098e-09	-2.140090e+01	-5.519606e+02
2.600000e-07	-2.947858e-06	-9.213548e-09	-2.123603e+01	-5.498824e+02
2.700000e-07	-2.924169e-06	-9.039383e-09	-2.106538e+01	-5.477289e+02
2.800000e-07	-2.899762e-06	-9.129194e-09	-2.088955e+01	-5.454498e+02
2.900000e-07	-2.874510e-06	-9.176580e-09	-2.070764e+01	-5.430004e+02
3.000000e-07	-2.848060e-06	-8.991957e-09	-2.051709e+01	-5.403535e+02
3.100000e-07	-2.820459e-06	-8.896576e-09	-2.031826e+01	-5.375066e+02
3.200000e-07	-2.792069e-06	-8.934687e-09	-2.011374e+01	-5.344801e+02
3.300000e-07	-2.762960e-06	-8.953663e-09	-1.990405e+01	-5.313093e+02
3.400000e-07	-2.733131e-06	-8.787827e-09	-1.968916e+01	-5.280334e+02
3.500000e-07	-2.702649e-06	-8.674649e-09	-1.946957e+01	-5.246852e+02
3.600000e-07	-2.671413e-06	-8.715029e-09	-1.924455e+01	-5.212834e+02
3.700000e-07	-2.639479e-06	-8.686691e-09	-1.901450e+01	-5.178318e+02
3.800000e-07	-2.607035e-06	-8.574239e-09	-1.878078e+01	-5.143221e+02
3.900000e-07	-2.573898e-06	-8.501350e-09	-1.854206e+01	-5.107401e+02
4.000000e-07	-2.539709e-06	-8.488895e-09	-1.829577e+01	-5.070727e+02
4.100000e-07	-2.504424e-06	-8.431017e-09	-1.804158e+01	-5.033125e+02
4.200000e-07	-2.468382e-06	-8.371259e-09	-1.778194e+01	-4.994582e+02
4.300000e-07	-2.431892e-06	-8.271946e-09	-1.751907e+01	-4.955125e+02
4.400000e-07	-2.394720e-06	-8.209909e-09	-1.725129e+01	-4.914773e+02
4.500000e-07	-2.356774e-06	-8.182434e-09	-1.697793e+01	-4.873490e+02
4.600000e-07	-2.318220e-06	-8.095343e-09	-1.670018e+01	-4.831167e+02
4.700000e-07	-2.279025e-06	-7.981804e-09	-1.641783e+01	-4.787626e+02
4.800000e-07	-2.239247e-06	-7.916205e-09	-1.613128e+01	-4.742669e+02
4.900000e-07	-2.199050e-06	-7.874679e-09	-1.584170e+01	-4.696139e+02
5.000000e-07	-2.158488e-06	-7.774143e-09	-1.554950e+01	-4.647971e+02
5.100000e-07	-2.117369e-06	-7.672707e-09	-1.525328e+01	-4.598227e+02
5.200000e-07	-2.075381e-06	-7.596286e-09	-1.495081e+01	-4.547084e+02
5.300000e-07	-2.032351e-06	-7.542629e-09	-1.464082e+01	-4.494784e+02
5.400000e-07	-1.988493e-06	-7.447277e-09	-1.432487e+01	-4.441565e+02
5.500000e-07	-1.944241e-06	-7.326400e-09	-1.400609e+01	-4.387579e+02
5.600000e-07	-1.899715e-06	-7.238761e-09	-1.368533e+01	-4.332844e+02
5.700000e-07	-1.854692e-06	-7.172148e-09	-1.336099e+01	-4.277226e+02
5.800000e-07	-1.809038e-06	-7.072183e-09	-1.303210e+01	-4.220474e+02
5.900000e-07	-1.762903e-06	-6.948596e-09	-1.269975e+01	-4.162286e+02
6.000000e-07	-1.716352e-06	-6.865421e-09	-1.236440e+01	-4.102385e+02
6.100000e-07	-1.669273e-06	-6.780014e-09	-1.202525e+01	-4.040592e+02
6.200000e-07	-1.621604e-06	-6.662738e-09	-1.168184e+01	-3.976861e+02
6.300000e-07	-1.573507e-06	-6.526564e-09	-1.133536e+01	-3.911270e+02
6.400000e-07	-1.525129e-06	-6.420368e-09	-1.098685e+01	-3.843978e+02
6.500000e-07	-1.476322e-06	-6.327870e-09	-1.063525e+01	-3.775156e+02
6.600000e-07	-1.426956e-06	-6.207608e-09	-1.027962e+01	-3.704918e+02
6.700000e-07	-1.376893e-06	-6.073085e-09	-9.918976e+00	-3.633281e+02
6.800000e-07	-1.326023e-06	-5.952361e-09	-9.552515e+00	-3.560150e+02
6.900000e-07	-1.274608e-06	-5.844210e-09	-9.182125e+00	-3.485349e+02
7.000000e-07	-1.222779e-06	-5.706318e-09	-8.808758e+00	-3.408675e+02
7.100000e-07	-1.170562e-06	-5.556633e-09	-8.432594e+00	-3.329957e+02
7.200000e-07	-1.118112e-06	-5.423288e-09	-8.054746e+00	-3.249097e+02
7.300000e-07	-1.065250e-06	-5.304206e-09	-7.673941e+00	-3.166089e+02
7.400000e-07	-1.011940e-06	-5.165339e-09	-7.289895e+00	-3.080994e+02
7.500000e-07	-9.584415e-07	-5.006648e-09	-6.904501e+00	-2.993899e+02
7.600000e-07	-9.046626e-07	-4.855137e-09	-6.517085e+00	-2.904861e+02
7.700000e-07	-8.505916e-07	-4.710974e-09	-6.127563e+00	-2.813868e+02
7.800000e-07	-7.964242e-07	-4.554170e-09	-5.737347e+00	-2.720819e+02
7.900000e-07	-7.421346e-07	-4.377948e-09	-5.346252e+00	-2.625542e+02
8.000000e-07	-6.876953e-07	-4.213475e-09	-4.954077e+00	-2.527836e+02
8.100000e-07	-6.331026e-07	-4.059146e-09	-4.560798e+00	-2.427520e+02
8.200000e-07	-5.783320e-07	-3.895179e-09	-4.166236e+00	-2.324478e+02
8.300000e-07	-5.233471e-07	-3.708805e-09	-3.770132e+00	-2.218681e+02
8.400000e-07	-4.681601e-07	-3.522417e-09	-3.372571e+00	-2.110169e+02
8.500000e-07	-4.128674e-07	-3.341851e-09	-2.974249e+00	-1.999015e+02
8.600000e-07	-3.574798e-07	-3.150000e-09	-2.575243e+00	-1.885273e+02
8.700000e-07	-3.019678e-07	-2.944600e-09	-2.175341e+00	-1.768929e+02
8.800000e-07	-2.464120e-07	-2.738357e-09	-1.775124e+00	-1.649878e+02
8.900000e-07	-1.908021e-07	-2.545819e-09	-1.374517e+00	-1.527936e+02
9.000000e-07	-1.351068e-07	-2.344031e-09	-9.732936e-01	-1.402883e+02
9.100000e-07	-7.934600e-08	-2.124423e-09	-5.715994e-01	-1.274525e+02
9.200000e-07	-2.358818e-08	-1.898054e-09	-1.699265e-01	-1.142759e+02
9.300000e-07	3.213396e-08	-1.675569e-09	2.314894e-01	-1.007621e+02
9.400000e-07	8.791499e-08	-1.446440e-09	6.333294e-01	-8.692962e+01
9.500000e-07	1.436182e-07	-1.199757e-09	1.034609e+00	-7.281008e+01
9.600000e-07	1.992883e-07	-9.506305e-10	1.435650e+00	-5.844307e+01
9.700000e-07	2.549342e-07	-7.126391e-10	1.836516e+00	-4.387017e+01
9.800000e-07	3.104774e-07	-4.767483e-10	2.236643e+00	-2.912958e+01
9.900000e-07	3.659679e-07	-2.269791e-10	2.636390e+00	-1.425324e+01
1.000000e-06	4.212668e-07	2.555000e-11	3.034757e+00	7.330397e-01
1.010000e-06	4.764828e-07	2.732799e-10	3.432527e+00	1.580677e+01
1.020000e-06	5.316414e-07	5.239821e-10	3.829883e+00	3.094449e+01
1.030000e-06	5.866241e-07	7.866615e-10	4.225972e+00	4.611781e+01
1.040000e-06	6.414344e-07	1.049490e-09	4.620819e+00	6.129121e+01
1.050000e-06	6.960369e-07	1.299067e-09	5.014169e+00	7.642253e+01
1.060000e-06	7.504694e-07	1.544642e-09	5.406294e+00	9.146612e+01
1.070000e-06	8.047547e-07	1.792937e-09	5.797359e+00	1.063775e+02
1.080000e-06	8.588739e-07	2.041593e-09	6.187228e+00	1.211179e+02
1.090000e-06	9.127249e-07	2.281354e-09	6.575164e+00	1.356581e+02
1.100000e-06	9.662268e-07	2.518763e-09	6.960586e+00	1.499785e+02
1.110000e-06	1.019476e-06	2.758585e-09	7.344185e+00	1.640683e+02
1.120000e-06	1.072396e-06	2.994861e-09	7.725418e+00	1.779213e+02
1.130000e-06	1.124948e-06	3.222825e-09	8.103992e+00	1.915322e+02
1.140000e-06	1.177192e-06	3.444444e-09	8.480357e+00	2.048933e+02
1.150000e-06	1.229051e-06	3.663631e-09	8.853942e+00	2.179934e+02
1.160000e-06	1.280518e-06	3.875257e-09	9.224706e+00	2.308185e+02
1.170000e-06	1.331473e-06	4.078252e-09	9.591780e+00	2.433546e+02
1.180000e-06	1.381848e-06	4.278202e-09	9.954672e+00	2.555906e+02
1.190000e-06	1.431507e-06	4.484235e-09	1.031241e+01	2.675203e+02
1.200000e-06	1.480507e-06	4.685692e-09	1.066540e+01	2.791439e+02
1.210000e-06	1.529124e-06	4.874668e-09	1.101563e+01	2.904661e+02
1.220000e-06	1.577434e-06	5.055927e-09	1.136365e+01	3.014938e+02
1.230000e-06	1.625388e-06	5.235027e-09	1.170911e+01	3.122329e+02
1.240000e-06	1.672862e-06	5.411063e-09	1.205111e+01	3.226862e+02
1.250000e-06	1.719849e-06	5.578181e-09	1.238959e+01	3.328528e+02
1.260000e-06	1.766357e-06	5.740335e-09	1.272463e+01	3.427290e+02
1.270000e-06	1.812325e-06	5.900802e-09	1.305578e+01	3.523113e+02
1.280000e-06	1.857730e-06	6.060331e-09	1.338287e+01	3.615988e+02
1.290000e-06	1.902700e-06	6.214004e-09	1.370683e+01	3.705956e+02
1.300000e-06	1.947272e-06	6.359990e-09	1.402792e+01	3.793106e+02
1.310000e-06	1.991481e-06	6.499711e-09	1.434640e+01	3.877558e+02
1.320000e-06	2.035326e-06	6.635306e-09	1.466225e+01	3.959432e+02
1.330000e-06	2.078572e-06	6.764549e-09	1.497379e+01	4.038813e+02
1.340000e-06	2.120974e-06	6.889173e-09	1.527925e+01	4.115725e+02
1.350000e-06	2.162455e-06	7.011888e-09	1.557807e+01	4.190134e+02
1.360000e-06	2.203181e-06	7.133343e-09	1.587146e+01	4.261964e+02
1.370000e-06	2.243420e-06	7.252170e-09	1.616134e+01	4.331143e+02
1.380000e-06	2.283188e-06	7.365571e-09	1.644782e+01	4.397644e+02
1.390000e-06	2.322312e-06	7.473424e-09	1.672966e+01	4.461526e+02
1.400000e-06	2.360809e-06	7.572960e-09	1.700700e+01	4.522938e+02
1.410000e-06	2.398680e-06	7.666878e-09	1.727981e+01	4.582107e+02
1.420000e-06	2.435860e-06	7.758646e-09	1.754765e+01	4.639290e+02
1.430000e-06	2.472478e-06	7.851264e-09	1.781144e+01	4.694721e+02
1.440000e-06	2.508635e-06	7.942956e-09	1.807192e+01	4.748559e+02
1.450000e-06	2.544144e-06	8.032285e-09	1.832772e+01	4.800862e+02
1.460000e-06	2.578735e-06	8.119864e-09	1.857691e+01	4.851592e+02
1.470000e-06	2.612303e-06	8.202710e-09	1.881872e+01	4.900650e+02
1.480000e-06	2.645006e-06	8.279387e-09	1.905431e+01	4.947928e+02
1.490000e-06	2.677063e-06	8.351156e-09	1.928525e+01	4.993367e+02
1.500000e-06	2.708416e-06	8.422314e-09	1.951112e+01	5.036986e+02
1.510000e-06	2.739052e-06	8.493380e-09	1.973181e+01	5.078892e+02
1.520000e-06	2.768903e-06	8.561245e-09	1.994686e+01	5.119250e+02
1.530000e-06	2.797979e-06	8.625923e-09	2.015632e+01	5.158233e+02
1.540000e-06	2.826466e-06	8.690231e-09	2.036153e+01	5.195967e+02
1.550000e-06	2.854384e-06	8.753696e-09	2.056265e+01	5.232489e+02
1.560000e-06	2.881356e-06	8.811414e-09	2.075695e+01	5.267743e+02
1.570000e-06	2.907124e-06	8.864551e-09	2.094258e+01	5.301603e+02
1.580000e-06	2.931883e-06	8.917778e-09	2.112095e+01	5.333925e+02
1.590000e-06	2.955808e-06	8.970556e-09	2.129330e+01	5.364612e+02
1.600000e-06	2.978988e-06	9.020931e-09	2.146028e+01	5.393660e+02
1.610000e-06	3.001400e-06	9.066018e-09	2.162174e+01	5.421175e+02
1.620000e-06	3.022969e-06	9.109281e-09	2.177712e+01	5.447349e+02
1.630000e-06	3.043788e-06	9.154521e-09	2.192710e+01	5.472406e+02
1.640000e-06	3.063984e-06	9.195951e-09	2.207258e+01	5.496530e+02
1.650000e-06	3.083419e-06	9.231520e-09	2.221259e+01	5.519806e+02
1.660000e-06	3.101930e-06	9.267777e-09	2.234595e+01	5.542194e+02
1.670000e-06	3.119512e-06	9.305097e-09	2.247260e+01	5.563540e+02
1.680000e-06	3.136245e-06	9.339905e-09	2.259314e+01	5.583638e+02
1.690000e-06	3.152067e-06	9.369756e-09	2.270713e+01	5.602306e+02
1.700000e-06	3.166855e-06	9.396262e-09	2.281365e+01	5.619461e+02
1.710000e-06	3.180671e-06	9.423640e-09	2.291318e+01	5.635161e+02
1.720000e-06	3.193685e-06	9.449105e-09	2.300694e+01	5.649603e+02
1.730000e-06	3.205802e-06	9.469891e-09	2.309423e+01	5.663066e+02
1.740000e-06	3.216850e-06	9.490930e-09	2.317381e+01	5.675824e+02
1.750000e-06	3.226735e-06	9.514149e-09	2.324503e+01	5.688048e+02
1.760000e-06	3.235582e-06	9.535260e-09	2.330875e+01	5.699751e+02
1.770000e-06	3.243531e-06	9.549620e-09	2.336602e+01	5.710766e+02
1.780000e-06	3.250610e-06	9.559993e-09	2.341702e+01	5.720803e+02
1.790000e-06	3.256797e-06	9.571295e-09	2.346159e+01	5.729542e+02
1.800000e-06	3.262134e-06	9.581654e-09	2.350004e+01	5.736747e+02
1.810000e-06	3.266700e-06	9.588822e-09	2.353293e+01	5.742358e+02
1.820000e-06	3.270494e-06	9.595058e-09	2.356026e+01	5.746531e+02
1.830000e-06	3.273277e-06	9.604301e-09	2.358031e+01	5.749603e+02
1.840000e-06	3.274784e-06	9.612948e-09	2.359117e+01	5.751987e+02
1.850000e-06	3.275289e-06	9.614544e-09	2.359480e+01	5.754037e+02
1.860000e-06	3.274941e-06	9.612029e-09	2.359229e+01	5.755916e+02
1.870000e-06	3.273789e-06	9.613068e-09	2.358400e+01	5.757515e+02
1.880000e-06	3.271810e-06	9.614562e-09	2.356974e+01	5.758460e+02
1.890000e-06	3.268996e-06	9.611228e-09	2.354947e+01	5.758204e+02
1.900000e-06	3.265556e-06	9.605533e-09	2.352468e+01	5.756197e+02
1.910000e-06	3.261423e-06	9.600419e-09	2.349491e+01	5.752071e+02
1.920000e-06	3.256253e-06	9.587039e-09	2.345767e+01	5.745796e+02
1.930000e-06	3.249854e-06	9.581076e-09	2.341157e+01	5.737747e+02
1.940000e-06	3.242447e-06	9.619855e-09	2.335821e+01	5.728660e+02
1.950000e-06	3.233944e-06	9.625188e-09	2.329695e+01	5.719484e+02
1.960000e-06	3.223963e-06	9.470400e-09	2.322506e+01	5.711149e+02
1.970000e-06	3.213097e-06	9.431247e-09	2.314678e+01	5.704332e+02
1.980000e-06	3.202216e-06	9.515870e-09	2.306839e+01	5.699267e+02
1.990000e-06	3.190789e-06	9.579645e-09	2.298608e+01	5.695663e+02
2.000000e-06	3.177738e-06	9.514620e-09	2.289205e+01	5.692756e+02
2.010000e-06	3.163233e-06	9.553567e-09	2.278757e+01	5.689477e+02
2.020000e-06	3.148146e-06	9.773675e-09	2.267888e+01	5.684690e+02
2.030000e-06	3.132191e-06	9.688174e-09	2.256394e+01	5.677452e+02
2.040000e-06	3.115069e-06	9.619342e-09	2.244060e+01	5.667206e+02
2.050000e-06	3.097483e-06	9.640710e-09	2.231391e+01	5.653875e+02
2.060000e-06	3.079353e-06	9.512982e-09	2.218330e+01	5.637826e+02
2.070000e-06	3.060301e-06	9.504491e-09	2.204605e+01	5.619728e+02
2.080000e-06	3.040560e-06	9.617802e-09	2.190384e+01	5.600344e+02
2.090000e-06	3.020066e-06	9.518912e-09	2.175620e+01	5.580315e+02
2.100000e-06	2.998267e-06	9.342121e-09	2.159917e+01	5.560011e+02
2.110000e-06	2.975256e-06	9.426876e-09	2.143340e+01	5.539455e+02
2.120000e-06	2.951503e-06	9.515880e-09	2.126229e+01	5.518366e+02
2.130000e-06	2.926988e-06	9.256016e-09	2.108568e+01	5.496277e+02
2.140000e-06	2.901747e-06	9.160416e-09	2.090385e+01	5.472692e+02
2.150000e-06	2.875647e-06	9.318399e-09	2.071583e+01	5.447239e+02
2.160000e-06	2.848656e-06	9.281941e-09	2.052139e+01	5.419769e+02
2.170000e-06	2.821177e-06	9.131935e-09	2.032344e+01	5.390375e+02
2.180000e-06	2.792929e-06	9.035349e-09	2.011994e+01	5.359349e+02
2.190000e-06	2.763336e-06	9.100367e-09	1.990675e+01	5.327078e+02
2.200000e-06	2.732638e-06	9.105555e-09	1.968561e+01	5.293935e+02
2.210000e-06	2.701311e-06	8.905404e-09	1.945993e+01	5.260181e+02
2.220000e-06	2.669328e-06	8.810661e-09	1.922953e+01	5.225929e+02
2.230000e-06	2.636502e-06	8.890101e-09	1.899305e+01	5.191148e+02
2.240000e-06	2.602936e-06	8.802049e-09	1.875125e+01	5.155718e+02
2.250000e-06	2.568828e-06	8.645201e-09	1.850554e+01	5.119494e+02
2.260000e-06	2.534115e-06	8.608365e-09	1.825547e+01	5.082372e+02
2.270000e-06	2.498756e-06	8.564836e-09	1.800075e+01	5.044307e+02
2.280000e-06	2.462874e-06	8.518630e-09	1.774226e+01	5.005314e+02
2.290000e-06	2.426335e-06	8.417481e-09	1.747903e+01	4.965419e+02
2.300000e-06	2.388796e-06	8.311694e-09	1.720861e+01	4.924621e+02
2.310000e-06	2.350137e-06	8.293153e-09	1.693012e+01	4.882847e+02
2.320000e-06	2.310773e-06	8.245935e-09	1.664654e+01	4.839949e+02
2.330000e-06	2.271031e-06	8.128850e-09	1.636024e+01	4.795735e+02
2.340000e-06	2.230746e-06	8.029982e-09	1.607003e+01	4.750017e+02
2.350000e-06	2.189850e-06	7.980011e-09	1.577542e+01	4.702678e+02
2.360000e-06	2.148369e-06	7.925438e-09	1.547660e+01	4.653717e+02
2.370000e-06	2.106397e-06	7.812529e-09	1.517424e+01	4.603255e+02
2.380000e-06	2.063902e-06	7.681858e-09	1.486811e+01	4.551512e+02
2.390000e-06	2.020780e-06	7.624263e-09	1.455747e+01	4.498737e+02
2.400000e-06	1.977258e-06	7.564243e-09	1.424394e+01	4.445133e+02
2.410000e-06	1.933463e-06	7.445722e-09	1.392845e+01	4.390790e+02
2.420000e-06	1.889168e-06	7.324488e-09	1.360934e+01	4.335648e+02
2.430000e-06	1.844152e-06	7.252590e-09	1.328506e+01	4.279510e+02
2.440000e-06	1.798526e-06	7.189978e-09	1.295637e+01	4.222089e+02
2.450000e-06	1.752302e-06	7.053185e-09	1.262338e+01	4.163084e+02
2.460000e-06	1.705700e-06	6.920511e-09	1.228766e+01	4.102262e+02
2.470000e-06	1.658758e-06	6.843501e-09	1.194950e+01	4.039507e+02
2.480000e-06	1.611161e-06	6.761568e-09	1.160662e+01	3.974840e+02
2.490000e-06	1.562899e-06	6.633487e-09	1.125894e+01	3.908386e+02
2.500000e-06	1.514093e-06	6.495685e-09	1.090735e+01	3.840320e+02
2.510000e-06	1.464904e-06	6.394061e-09	1.055300e+01	3.770792e+02
2.520000e-06	1.415401e-06	6.295016e-09	1.019639e+01	3.699870e+02
2.530000e-06	1.365543e-06	6.150626e-09	9.837216e+00	3.627513e+02
2.540000e-06	1.315231e-06	6.002680e-09	9.474769e+00	3.553582e+02
2.550000e-06	1.264418e-06	5.896555e-09	9.108720e+00	3.477880e+02
2.560000e-06	1.213173e-06	5.786374e-09	8.739559e+00	3.400212e+02
2.570000e-06	1.161649e-06	5.640994e-09	8.368384e+00	3.320439e+02
2.580000e-06	1.109894e-06	5.481661e-09	7.995549e+00	3.238511e+02
2.590000e-06	1.057820e-06	5.351680e-09	7.620416e+00	3.154459e+02
2.600000e-06	1.005235e-06	5.224825e-09	7.241598e+00	3.068364e+02
2.610000e-06	9.520380e-07	5.063707e-09	6.858371e+00	2.980304e+02
2.620000e-06	8.984221e-07	4.895423e-09	6.472128e+00	2.890306e+02
2.630000e-06	8.444821e-07	4.748565e-09	6.083551e+00	2.798313e+02
2.640000e-06	7.901944e-07	4.609292e-09	5.692468e+00	2.704185e+02
2.650000e-06	7.355398e-07	4.437531e-09	5.298744e+00	2.607729e+02
2.660000e-06	6.805876e-07	4.250157e-09	4.902874e+00	2.508747e+02
2.670000e-06	6.254428e-07	4.083481e-09	4.505617e+00	2.407087e+02
2.680000e-06	5.701332e-07	3.925938e-09	4.107174e+00	2.302677e+02
2.690000e-06	5.147439e-07	3.742387e-09	3.708155e+00	2.195524e+02
2.700000e-06	4.593154e-07	3.540907e-09	3.308855e+00	2.085692e+02
2.710000e-06	4.038433e-07	3.354843e-09	2.909240e+00	1.973251e+02
2.720000e-06	3.483183e-07	3.177530e-09	2.509245e+00	1.858225e+02
2.730000e-06	2.927841e-07	2.976332e-09	2.109183e+00	1.740557e+02
2.740000e-06	2.372206e-07	2.755653e-09	1.708909e+00	1.620097e+02
2.750000e-06	1.816051e-07	2.548316e-09	1.308262e+00	1.496637e+02
2.760000e-06	1.259499e-07	2.348328e-09	9.073281e-01	1.369962e+02
2.770000e-06	7.029027e-08	2.129075e-09	5.063630e-01	1.239915e+02
2.780000e-06	1.466835e-08	1.890650e-09	1.056691e-01	1.106459e+02
2.790000e-06	-4.097034e-08	1.659475e-09	-2.951456e-01	9.697053e+01
2.800000e-06	-9.665043e-08	1.437710e-09	-6.962585e-01	8.299094e+01
2.810000e-06	-1.523003e-07	1.197151e-09	-1.097154e+00	6.874347e+01
2.820000e-06	-2.079167e-07	9.397121e-10	-1.497807e+00	5.426944e+01
2.830000e-06	-2.635230e-07	6.907095e-10	-1.898389e+00	3.960929e+01
2.840000e-06	-3.190879e-07	4.503538e-10	-2.298672e+00	2.479827e+01
2.850000e-06	-3.746291e-07	1.954651e-10	-2.698785e+00	9.865046e+00
2.860000e-06	-4.300937e-07	-7.069528e-11	-3.098345e+00	-5.166707e+00
2.870000e-06	-4.854924e-07	-3.277142e-10	-3.497431e+00	-2.027458e+01
2.880000e-06	-5.408255e-07	-5.728953e-10	-3.896044e+00	-3.543306e+01
2.890000e-06	-5.960073e-07	-8.269826e-10	-4.293567e+00	-5.061030e+01
2.900000e-06	-6.511126e-07	-1.092186e-09	-4.690539e+00	-6.576724e+01
2.910000e-06	-7.060972e-07	-1.349280e-09	-5.086642e+00	-8.085944e+01
2.920000e-06	-7.607957e-07	-1.596090e-09	-5.480684e+00	-9.584118e+01
2.930000e-06	-8.151805e-07	-1.846277e-09	-5.872465e+00	-1.106704e+02
2.940000e-06	-8.690943e-07	-2.104383e-09	-6.260855e+00	-1.253127e+02
2.950000e-06	-9.224957e-07	-2.352681e-09	-6.645552e+00	-1.397438e+02
2.960000e-06	-9.755527e-07	-2.588465e-09	-7.027769e+00	-1.539489e+02
2.970000e-06	-1.028134e-06	-2.822602e-09	-7.406557e+00	-1.679199e+02
2.980000e-06	-1.080198e-06	-3.062026e-09	-7.781622e+00	-1.816516e+02
2.990000e-06	-1.131972e-06	-3.294457e-09	-8.154597e+00	-1.951377e+02
3.000000e-06	-1.183510e-06	-3.511814e-09	-8.525869e+00	-2.083689e+02
3.010000e-06	-1.234710e-06	-3.728717e-09	-8.894706e+00	-2.213323e+02
3.020000e-06	-1.285502e-06	-3.948800e-09	-9.260609e+00	-2.340136e+02
3.030000e-06	-1.335955e-06	-4.162597e-09	-9.624063e+00	-2.463997e+02
3.040000e-06	-1.385991e-06	-4.362211e-09	-9.984516e+00	-2.584819e+02
3.050000e-06	-1.435563e-06	-4.558052e-09	-1.034163e+01	-2.702573e+02
3.060000e-06	-1.484671e-06	-4.758387e-09	-1.069540e+01	-2.817283e+02
3.070000e-06	-1.533129e-06	-4.952349e-09	-1.104449e+01	-2.929014e+02
3.080000e-06	-1.580901e-06	-5.132448e-09	-1.138863e+01	-3.037831e+02
3.090000e-06	-1.628096e-06	-5.306937e-09	-1.172861e+01	-3.143782e+02
3.100000e-06	-1.674722e-06	-5.484089e-09	-1.206450e+01	-3.246875e+02
3.110000e-06	-1.720887e-06	-5.656265e-09	-1.239707e+01	-3.347084e+02
3.120000e-06	-1.766735e-06	-5.817661e-09	-1.272736e+01	-3.444370e+02
3.130000e-06	-1.812205e-06	-5.974718e-09	-1.305492e+01	-3.538707e+02
3.140000e-06	-1.857214e-06	-6.135685e-09	-1.337916e+01	-3.630110e+02
3.150000e-06	-1.901621e-06	-6.291689e-09	-1.369905e+01	-3.718645e+02
3.160000e-06	-1.945513e-06	-6.433475e-09	-1.401525e+01	-3.804420e+02
3.170000e-06	-1.989079e-06	-6.569462e-09	-1.432910e+01	-3.887559e+02
3.180000e-06	-2.032294e-06	-6.707229e-09	-1.464041e+01	-3.968169e+02
3.190000e-06	-2.074994e-06	-6.843097e-09	-1.494802e+01	-4.046307e+02
3.200000e-06	-2.117103e-06	-6.971455e-09	-1.525136e+01	-4.121965e+02
3.210000e-06	-2.158700e-06	-7.094132e-09	-1.555102e+01	-4.195085e+02
3.220000e-06	-2.199712e-06	-7.214521e-09	-1.584647e+01	-4.265586e+02
3.230000e-06	-2.240055e-06	-7.332046e-09	-1.613710e+01	-4.333415e+02
3.240000e-06	-2.279871e-06	-7.442285e-09	-1.642393e+01	-4.398583e+02
3.250000e-06	-2.319208e-06	-7.548080e-09	-1.670731e+01	-4.461195e+02
3.260000e-06	-2.357942e-06	-7.649262e-09	-1.698634e+01	-4.521444e+02
3.270000e-06	-2.395859e-06	-7.746673e-09	-1.725949e+01	-4.579578e+02
3.280000e-06	-2.432768e-06	-7.842390e-09	-1.752538e+01	-4.635850e+02
3.290000e-06	-2.468841e-06	-7.937280e-09	-1.778524e+01	-4.690460e+02
3.300000e-06	-2.504376e-06	-8.030909e-09	-1.804123e+01	-4.743519e+02
3.310000e-06	-2.539342e-06	-8.120396e-09	-1.829313e+01	-4.795035e+02
3.320000e-06	-2.573574e-06	-8.203810e-09	-1.853973e+01	-4.844933e+02
3.330000e-06	-2.607077e-06	-8.281311e-09	-1.878108e+01	-4.893103e+02
3.340000e-06	-2.639850e-06	-8.358562e-09	-1.901717e+01	-4.939455e+02
3.350000e-06	-2.671917e-06	-8.436010e-09	-1.924818e+01	-4.983965e+02
3.360000e-06	-2.703364e-06	-8.511789e-09	-1.947472e+01	-5.026699e+02
3.370000e-06	-2.734080e-06	-8.584394e-09	-1.969599e+01	-5.067799e+02
3.380000e-06	-2.763720e-06	-8.653262e-09	-1.990952e+01	-5.107440e+02
3.390000e-06	-2.792315e-06	-8.718549e-09	-2.011551e+01	-5.145777e+02
3.400000e-06	-2.820133e-06	-8.779796e-09	-2.031591e+01	-5.182896e+02
3.410000e-06	-2.847195e-06	-8.839368e-09	-2.051086e+01	-5.218787e+02
3.420000e-06	-2.873517e-06	-8.898969e-09	-2.070048e+01	-5.253352e+02
3.430000e-06	-2.899004e-06	-8.956499e-09	-2.088409e+01	-5.286449e+02
3.440000e-06	-2.923666e-06	-9.010243e-09	-2.106175e+01	-5.317950e+02
3.450000e-06	-2.947637e-06	-9.060458e-09	-2.123443e+01	-5.347801e+02
3.460000e-06	-2.970931e-06	-9.110283e-09	-2.140224e+01	-5.376053e+02
3.470000e-06	-2.993348e-06	-9.157804e-09	-2.156373e+01	-5.402860e+02
3.480000e-06	-3.014609e-06	-9.200330e-09	-2.171689e+01	-5.428438e+02
3.490000e-06	-3.034804e-06	-9.239967e-09	-2.186237e+01	-5.453000e+02
3.500000e-06	-3.054285e-06	-9.279423e-09	-2.200271e+01	-5.476687e+02
3.510000e-06	-3.073091e-06	-9.317666e-09	-2.213819e+01	-5.499522e+02
3.520000e-06	-3.091104e-06	-9.354936e-09	-2.226795e+01	-5.521403e+02
3.530000e-06	-3.108305e-06	-9.390809e-09	-2.239187e+01	-5.542142e+02
3.540000e-06	-3.124653e-06	-9.426007e-09	-2.250964e+01	-5.561533e+02
3.550000e-06	-3.140275e-06	-9.457403e-09	-2.262217e+01	-5.579436e+02
3.560000e-06	-3.155097e-06	-9.483820e-09	-2.272895e+01	-5.595836e+02
3.570000e-06	-3.168711e-06	-9.508825e-09	-2.282703e+01	-5.610865e+02
3.580000e-06	-3.181076e-06	-9.532587e-09	-2.291610e+01	-5.624771e+02
3.590000e-06	-3.192423e-06	-9.556552e-09	-2.299785e+01	-5.637842e+02
3.600000e-06	-3.202921e-06	-9.579809e-09	-2.307347e+01	-5.650310e+02
3.610000e-06	-3.212557e-06	-9.603374e-09	-2.314289e+01	-5.662274e+02
3.620000e-06	-3.221233e-06	-9.626440e-09	-2.320539e+01	-5.673652e+02
3.630000e-06	-3.229155e-06	-9.644255e-09	-2.326245e+01	-5.684209e+02
3.640000e-06	-3.236285e-06	-9.658025e-09	-2.331382e+01	-5.693625e+02
3.650000e-06	-3.242325e-06	-9.671528e-09	-2.335733e+01	-5.701607e+02
3.660000e-06	-3.247158e-06	-9.684016e-09	-2.339215e+01	-5.707998e+02
3.670000e-06	-3.251029e-06	-9.694064e-09	-2.342004e+01	-5.712848e+02
3.680000e-06	-3.254229e-06	-9.704449e-09	-2.344308e+01	-5.716410e+02
3.690000e-06	-3.256557e-06	-9.715633e-09	-2.345986e+01	-5.719077e+02
3.700000e-06	-3.258004e-06	-9.723051e-09	-2.347028e+01	-5.721248e+02
3.710000e-06	-3.258658e-06	-9.726313e-09	-2.347500e+01	-5.723199e+02
