# Temperatura_=_20.0
# Concentracion g/m^3_=_12000.0
# C_Vs_to_Am_M_A/Vsm_=_59384043850.047264
# pendiente_HvsI_1/m_=_3716.3
# ordenada_HvsI_A/m_=_1297.0
# frecuencia_Hz_=_269537.5419354732

Tiempo_(s)	Campo_(V.s)	Magnetizacion_(V.s)	Campo_(kA/m)	Magnetizacion_(A/m)
0.000000e+00	-3.258010e-06	-9.691890e-09	-2.347222e+01	-5.726824e+02
1.000000e-08	-3.257393e-06	-9.681366e-09	-2.346777e+01	-5.727729e+02
2.000000e-08	-3.255896e-06	-9.676459e-09	-2.345699e+01	-5.727760e+02
3.000000e-08	-3.253006e-06	-9.677212e-09	-2.343617e+01	-5.726633e+02
4.000000e-08	-3.249045e-06	-9.674026e-09	-2.340763e+01	-5.724096e+02
5.000000e-08	-3.244438e-06	-9.671981e-09	-2.337444e+01	-5.720010e+02
6.000000e-08	-3.239070e-06	-9.679985e-09	-2.333576e+01	-5.714418e+02
7.000000e-08	-3.232868e-06	-9.696627e-09	-2.329108e+01	-5.707561e+02
8.000000e-08	-3.225603e-06	-9.621779e-09	-2.323874e+01	-5.699838e+02
9.000000e-08	-3.217202e-06	-9.500733e-09	-2.317822e+01	-5.691718e+02
1.000000e-07	-3.207638e-06	-9.532865e-09	-2.310931e+01	-5.683619e+02
1.100000e-07	-3.197023e-06	-9.780124e-09	-2.303284e+01	-5.675798e+02
1.200000e-07	-3.185660e-06	-9.705597e-09	-2.295098e+01	-5.668274e+02
1.300000e-07	-3.173383e-06	-9.345549e-09	-2.286252e+01	-5.660813e+02
1.400000e-07	-3.160105e-06	-9.416428e-09	-2.276686e+01	-5.652969e+02
1.500000e-07	-3.146127e-06	-9.671033e-09	-2.266616e+01	-5.644192e+02
1.600000e-07	-3.131180e-06	-9.504020e-09	-2.255848e+01	-5.633954e+02
1.700000e-07	-3.114571e-06	-9.200107e-09	-2.243882e+01	-5.621869e+02
1.800000e-07	-3.097002e-06	-9.374697e-09	-2.231224e+01	-5.607772e+02
1.900000e-07	-3.079154e-06	-9.432427e-09	-2.218365e+01	-5.591748e+02
2.000000e-07	-3.060301e-06	-9.301108e-09	-2.204783e+01	-5.574083e+02
2.100000e-07	-3.040364e-06	-9.391485e-09	-2.190420e+01	-5.555179e+02
2.200000e-07	-3.019985e-06	-9.229440e-09	-2.175737e+01	-5.535437e+02
2.300000e-07	-2.998909e-06	-9.067723e-09	-2.160553e+01	-5.515157e+02
2.400000e-07	-2.976907e-06	-9.342283e-09	-2.144702e+01	-5.494469e+02
2.500000e-07	-2.954290e-06	-9.346547e-09	-2.128408e+01	-5.473319e+02
2.600000e-07	-2.930900e-06	-8.949897e-09	-2.111557e+01	-5.451512e+02
2.700000e-07	-2.906616e-06	-8.963810e-09	-2.094061e+01	-5.428778e+02
2.800000e-07	-2.881654e-06	-9.247956e-09	-2.076077e+01	-5.404869e+02
2.900000e-07	-2.855762e-06	-9.122548e-09	-2.057424e+01	-5.379620e+02
3.000000e-07	-2.828646e-06	-8.808313e-09	-2.037888e+01	-5.352996e+02
3.100000e-07	-2.800552e-06	-8.843261e-09	-2.017648e+01	-5.325081e+02
3.200000e-07	-2.771694e-06	-8.993559e-09	-1.996857e+01	-5.296041e+02
3.300000e-07	-2.742142e-06	-8.926829e-09	-1.975566e+01	-5.266055e+02
3.400000e-07	-2.712007e-06	-8.652374e-09	-1.953856e+01	-5.235259e+02
3.500000e-07	-2.681018e-06	-8.646916e-09	-1.931530e+01	-5.203701e+02
3.600000e-07	-2.649119e-06	-8.817641e-09	-1.908549e+01	-5.171330e+02
3.700000e-07	-2.616783e-06	-8.650553e-09	-1.885252e+01	-5.138021e+02
3.800000e-07	-2.584059e-06	-8.463928e-09	-1.861676e+01	-5.103617e+02
3.900000e-07	-2.550345e-06	-8.494332e-09	-1.837387e+01	-5.067980e+02
4.000000e-07	-2.515387e-06	-8.507340e-09	-1.812202e+01	-5.031034e+02
4.100000e-07	-2.479524e-06	-8.392649e-09	-1.786364e+01	-4.992780e+02
4.200000e-07	-2.443126e-06	-8.296784e-09	-1.760142e+01	-4.953290e+02
4.300000e-07	-2.406180e-06	-8.215873e-09	-1.733524e+01	-4.912673e+02
4.400000e-07	-2.368499e-06	-8.206342e-09	-1.706376e+01	-4.871036e+02
4.500000e-07	-2.330165e-06	-8.154276e-09	-1.678759e+01	-4.828447e+02
4.600000e-07	-2.291210e-06	-7.993145e-09	-1.650694e+01	-4.784916e+02
4.700000e-07	-2.251696e-06	-7.926099e-09	-1.622226e+01	-4.740396e+02
4.800000e-07	-2.211665e-06	-7.916513e-09	-1.593386e+01	-4.694801e+02
4.900000e-07	-2.171166e-06	-7.834089e-09	-1.564209e+01	-4.648041e+02
5.000000e-07	-2.130212e-06	-7.686501e-09	-1.534704e+01	-4.600046e+02
5.100000e-07	-2.088609e-06	-7.620827e-09	-1.504731e+01	-4.550787e+02
5.200000e-07	-2.046065e-06	-7.581596e-09	-1.474080e+01	-4.500275e+02
5.300000e-07	-2.002560e-06	-7.494193e-09	-1.442737e+01	-4.448540e+02
5.400000e-07	-1.958448e-06	-7.360030e-09	-1.410956e+01	-4.395609e+02
5.500000e-07	-1.914006e-06	-7.261354e-09	-1.378939e+01	-4.341477e+02
5.600000e-07	-1.869147e-06	-7.222874e-09	-1.346620e+01	-4.286092e+02
5.700000e-07	-1.823702e-06	-7.129690e-09	-1.313880e+01	-4.229355e+02
5.800000e-07	-1.777711e-06	-6.979066e-09	-1.280745e+01	-4.171138e+02
5.900000e-07	-1.731281e-06	-6.871801e-09	-1.247295e+01	-4.111316e+02
6.000000e-07	-1.684335e-06	-6.828724e-09	-1.213473e+01	-4.049791e+02
6.100000e-07	-1.636807e-06	-6.715872e-09	-1.179232e+01	-3.986521e+02
6.200000e-07	-1.588818e-06	-6.559328e-09	-1.144658e+01	-3.921519e+02
6.300000e-07	-1.540526e-06	-6.450614e-09	-1.109866e+01	-3.854845e+02
6.400000e-07	-1.491924e-06	-6.382185e-09	-1.074851e+01	-3.786579e+02
6.500000e-07	-1.442769e-06	-6.266889e-09	-1.039438e+01	-3.716789e+02
6.600000e-07	-1.393045e-06	-6.100443e-09	-1.003614e+01	-3.645502e+02
6.700000e-07	-1.342756e-06	-5.977573e-09	-9.673840e+00	-3.572696e+02
6.800000e-07	-1.291710e-06	-5.887785e-09	-9.306078e+00	-3.498293e+02
6.900000e-07	-1.240016e-06	-5.762859e-09	-8.933648e+00	-3.422184e+02
7.000000e-07	-1.187932e-06	-5.590071e-09	-8.558415e+00	-3.344246e+02
7.100000e-07	-1.135520e-06	-5.456452e-09	-8.180813e+00	-3.264371e+02
7.200000e-07	-1.082782e-06	-5.357267e-09	-7.800863e+00	-3.182479e+02
7.300000e-07	-1.029696e-06	-5.221036e-09	-7.418407e+00	-3.098526e+02
7.400000e-07	-9.763048e-07	-5.043693e-09	-7.033753e+00	-3.012491e+02
7.500000e-07	-9.226446e-07	-4.887856e-09	-6.647160e+00	-2.924358e+02
7.600000e-07	-8.686704e-07	-4.765198e-09	-6.258305e+00	-2.834103e+02
7.700000e-07	-8.145232e-07	-4.614289e-09	-5.868203e+00	-2.741678e+02
7.800000e-07	-7.603154e-07	-4.431600e-09	-5.477665e+00	-2.647005e+02
7.900000e-07	-7.059797e-07	-4.260038e-09	-5.086205e+00	-2.549987e+02
8.000000e-07	-6.514177e-07	-4.120881e-09	-4.693115e+00	-2.450519e+02
8.100000e-07	-5.966684e-07	-3.955608e-09	-4.298676e+00	-2.348501e+02
8.200000e-07	-5.418158e-07	-3.756361e-09	-3.903493e+00	-2.243853e+02
8.300000e-07	-4.867648e-07	-3.567775e-09	-3.506879e+00	-2.136514e+02
8.400000e-07	-4.315018e-07	-3.403674e-09	-3.108739e+00	-2.026436e+02
8.500000e-07	-3.760635e-07	-3.223204e-09	-2.709336e+00	-1.913573e+02
8.600000e-07	-3.205693e-07	-3.008419e-09	-2.309530e+00	-1.797872e+02
8.700000e-07	-2.650898e-07	-2.803910e-09	-1.909830e+00	-1.679265e+02
8.800000e-07	-2.095105e-07	-2.613288e-09	-1.509411e+00	-1.557671e+02
8.900000e-07	-1.538076e-07	-2.410924e-09	-1.108102e+00	-1.433018e+02
9.000000e-07	-9.808442e-08	-2.179811e-09	-7.066457e-01	-1.305253e+02
9.100000e-07	-4.234458e-08	-1.952349e-09	-3.050700e-01	-1.174370e+02
9.200000e-07	1.342737e-08	-1.740379e-09	9.673700e-02	-1.040423e+02
9.300000e-07	6.916504e-08	-1.519239e-09	4.982970e-01	-9.035340e+01
9.400000e-07	1.248876e-07	-1.274910e-09	8.997479e-01	-7.638877e+01
9.500000e-07	1.806191e-07	-1.028854e-09	1.301264e+00	-6.217201e+01
9.600000e-07	2.363491e-07	-7.965794e-10	1.702768e+00	-4.773012e+01
9.700000e-07	2.920209e-07	-5.553281e-10	2.103854e+00	-3.309207e+01
9.800000e-07	3.475278e-07	-2.985311e-10	2.503752e+00	-1.828792e+01
9.900000e-07	4.028828e-07	-4.250553e-11	2.902554e+00	-3.348706e+00
1.000000e-06	4.581418e-07	1.994224e-10	3.300666e+00	1.169315e+01
1.010000e-06	5.132239e-07	4.485250e-10	3.697503e+00	2.680322e+01
1.020000e-06	5.681390e-07	7.122560e-10	4.093137e+00	4.194488e+01
1.030000e-06	6.229106e-07	9.718294e-10	4.487737e+00	5.707974e+01
1.040000e-06	6.775749e-07	1.217745e-09	4.881564e+00	7.216901e+01
1.050000e-06	7.321186e-07	1.464648e-09	5.274522e+00	8.717528e+01
1.060000e-06	7.864639e-07	1.721226e-09	5.666051e+00	1.020645e+02
1.070000e-06	8.406826e-07	1.971989e-09	6.056668e+00	1.168074e+02
1.080000e-06	8.947057e-07	2.209704e-09	6.445875e+00	1.313798e+02
1.090000e-06	9.484008e-07	2.445845e-09	6.832720e+00	1.457621e+02
1.100000e-06	1.001766e-06	2.689083e-09	7.217190e+00	1.599377e+02
1.110000e-06	1.054729e-06	2.928838e-09	7.598755e+00	1.738911e+02
1.120000e-06	1.107387e-06	3.157560e-09	7.978130e+00	1.876065e+02
1.130000e-06	1.159834e-06	3.380166e-09	8.355983e+00	2.010674e+02
1.140000e-06	1.211974e-06	3.602803e-09	8.731622e+00	2.142569e+02
1.150000e-06	1.263715e-06	3.819613e-09	9.104386e+00	2.271593e+02
1.160000e-06	1.314875e-06	4.022864e-09	9.472972e+00	2.397625e+02
1.170000e-06	1.365315e-06	4.228870e-09	9.836363e+00	2.520591e+02
1.180000e-06	1.415026e-06	4.437458e-09	1.019450e+01	2.640476e+02
1.190000e-06	1.464135e-06	4.639968e-09	1.054831e+01	2.757318e+02
1.200000e-06	1.512823e-06	4.824526e-09	1.089908e+01	2.871185e+02
1.210000e-06	1.561194e-06	5.004510e-09	1.124756e+01	2.982155e+02
1.220000e-06	1.609242e-06	5.190305e-09	1.159373e+01	3.090285e+02
1.230000e-06	1.656857e-06	5.369897e-09	1.193677e+01	3.195596e+02
1.240000e-06	1.703961e-06	5.538593e-09	1.227613e+01	3.298072e+02
1.250000e-06	1.750554e-06	5.700122e-09	1.261180e+01	3.397664e+02
1.260000e-06	1.796640e-06	5.866499e-09	1.294383e+01	3.494322e+02
1.270000e-06	1.842225e-06	6.025520e-09	1.327224e+01	3.588012e+02
1.280000e-06	1.887341e-06	6.174655e-09	1.359728e+01	3.678742e+02
1.290000e-06	1.932039e-06	6.321080e-09	1.391930e+01	3.766565e+02
1.300000e-06	1.976417e-06	6.467601e-09	1.423902e+01	3.851579e+02
1.310000e-06	2.020419e-06	6.606262e-09	1.455603e+01	3.933903e+02
1.320000e-06	2.063900e-06	6.735270e-09	1.486929e+01	4.013653e+02
1.330000e-06	2.106580e-06	6.860685e-09	1.517678e+01	4.090918e+02
1.340000e-06	2.148200e-06	6.988067e-09	1.547663e+01	4.165753e+02
1.350000e-06	2.189001e-06	7.108679e-09	1.577058e+01	4.238173e+02
1.360000e-06	2.229339e-06	7.221396e-09	1.606119e+01	4.308172e+02
1.370000e-06	2.269289e-06	7.335595e-09	1.634901e+01	4.375747e+02
1.380000e-06	2.308669e-06	7.451013e-09	1.663273e+01	4.440914e+02
1.390000e-06	2.347423e-06	7.558908e-09	1.691192e+01	4.503732e+02
1.400000e-06	2.385560e-06	7.655349e-09	1.718668e+01	4.564293e+02
1.410000e-06	2.423024e-06	7.752251e-09	1.745659e+01	4.622719e+02
1.420000e-06	2.459834e-06	7.850948e-09	1.772178e+01	4.679138e+02
1.430000e-06	2.496175e-06	7.942649e-09	1.798360e+01	4.733658e+02
1.440000e-06	2.532036e-06	8.026427e-09	1.824196e+01	4.786361e+02
1.450000e-06	2.566972e-06	8.111204e-09	1.849366e+01	4.837289e+02
1.460000e-06	2.600715e-06	8.197914e-09	1.873676e+01	4.886462e+02
1.470000e-06	2.633530e-06	8.278543e-09	1.897317e+01	4.933892e+02
1.480000e-06	2.665840e-06	8.352033e-09	1.920595e+01	4.979606e+02
1.490000e-06	2.697520e-06	8.424860e-09	1.943419e+01	5.023655e+02
1.500000e-06	2.728397e-06	8.499049e-09	1.965664e+01	5.066120e+02
1.510000e-06	2.758596e-06	8.569215e-09	1.987420e+01	5.107094e+02
1.520000e-06	2.787956e-06	8.632613e-09	2.008573e+01	5.146664e+02
1.530000e-06	2.816575e-06	8.696123e-09	2.029191e+01	5.184886e+02
1.540000e-06	2.844798e-06	8.761156e-09	2.049524e+01	5.221769e+02
1.550000e-06	2.872232e-06	8.819702e-09	2.069289e+01	5.257277e+02
1.560000e-06	2.898340e-06	8.873406e-09	2.088098e+01	5.291342e+02
1.570000e-06	2.923307e-06	8.928020e-09	2.106086e+01	5.323897e+02
1.580000e-06	2.947544e-06	8.986176e-09	2.123548e+01	5.354904e+02
1.590000e-06	2.971074e-06	9.041228e-09	2.140500e+01	5.384380e+02
1.600000e-06	2.993796e-06	9.086042e-09	2.156870e+01	5.412407e+02
1.610000e-06	3.015693e-06	9.127723e-09	2.172646e+01	5.439118e+02
1.620000e-06	3.036751e-06	9.173487e-09	2.187816e+01	5.464660e+02
1.630000e-06	3.057188e-06	9.216032e-09	2.202540e+01	5.489166e+02
1.640000e-06	3.076994e-06	9.249555e-09	2.216809e+01	5.512708e+02
1.650000e-06	3.095842e-06	9.282902e-09	2.230388e+01	5.535287e+02
1.660000e-06	3.113603e-06	9.323386e-09	2.243184e+01	5.556832e+02
1.670000e-06	3.130528e-06	9.362033e-09	2.255377e+01	5.577232e+02
1.680000e-06	3.146694e-06	9.389893e-09	2.267024e+01	5.596375e+02
1.690000e-06	3.161810e-06	9.415798e-09	2.277915e+01	5.614193e+02
1.700000e-06	3.175971e-06	9.446385e-09	2.288117e+01	5.630692e+02
1.710000e-06	3.189302e-06	9.476975e-09	2.297721e+01	5.645952e+02
1.720000e-06	3.201770e-06	9.496912e-09	2.306703e+01	5.660111e+02
1.730000e-06	3.213272e-06	9.513108e-09	2.314990e+01	5.673319e+02
1.740000e-06	3.223482e-06	9.535807e-09	2.322346e+01	5.685692e+02
1.750000e-06	3.232484e-06	9.559336e-09	2.328832e+01	5.697269e+02
1.760000e-06	3.240655e-06	9.573754e-09	2.334718e+01	5.708005e+02
1.770000e-06	3.248108e-06	9.585073e-09	2.340088e+01	5.717782e+02
1.780000e-06	3.254717e-06	9.601910e-09	2.344849e+01	5.726454e+02
1.790000e-06	3.260315e-06	9.618289e-09	2.348883e+01	5.733904e+02
1.800000e-06	3.265098e-06	9.625412e-09	2.352328e+01	5.740088e+02
1.810000e-06	3.269214e-06	9.628167e-09	2.355293e+01	5.745068e+02
1.820000e-06	3.272371e-06	9.634927e-09	2.357568e+01	5.748996e+02
1.830000e-06	3.274249e-06	9.642610e-09	2.358921e+01	5.752075e+02
1.840000e-06	3.275025e-06	9.645603e-09	2.359480e+01	5.754490e+02
1.850000e-06	3.274988e-06	9.644991e-09	2.359453e+01	5.756342e+02
1.860000e-06	3.274136e-06	9.649768e-09	2.358840e+01	5.757604e+02
1.870000e-06	3.272495e-06	9.655972e-09	2.357657e+01	5.758112e+02
1.880000e-06	3.270052e-06	9.652266e-09	2.355897e+01	5.757607e+02
1.890000e-06	3.266843e-06	9.644894e-09	2.353585e+01	5.755808e+02
1.900000e-06	3.262936e-06	9.641118e-09	2.350771e+01	5.752510e+02
1.910000e-06	3.258111e-06	9.629376e-09	2.347295e+01	5.747660e+02
1.920000e-06	3.252034e-06	9.587611e-09	2.342917e+01	5.741400e+02
1.930000e-06	3.244913e-06	9.628149e-09	2.337786e+01	5.734061e+02
1.940000e-06	3.236898e-06	9.741313e-09	2.332011e+01	5.726088e+02
1.950000e-06	3.227436e-06	9.681213e-09	2.325195e+01	5.717941e+02
1.960000e-06	3.216607e-06	9.383873e-09	2.317393e+01	5.709969e+02
1.970000e-06	3.205609e-06	9.412094e-09	2.309470e+01	5.702318e+02
1.980000e-06	3.194702e-06	9.738215e-09	2.301612e+01	5.694876e+02
1.990000e-06	3.182302e-06	9.662184e-09	2.292678e+01	5.687295e+02
2.000000e-06	3.167851e-06	9.385014e-09	2.282267e+01	5.679063e+02
2.010000e-06	3.152784e-06	9.574238e-09	2.271412e+01	5.669622e+02
2.020000e-06	3.137362e-06	9.836463e-09	2.260301e+01	5.658503e+02
2.030000e-06	3.120646e-06	9.538056e-09	2.248258e+01	5.645423e+02
2.040000e-06	3.103076e-06	9.438809e-09	2.235600e+01	5.630345e+02
2.050000e-06	3.085281e-06	9.582127e-09	2.222780e+01	5.613462e+02
2.060000e-06	3.066591e-06	9.337592e-09	2.209314e+01	5.595131e+02
2.070000e-06	3.046911e-06	9.413935e-09	2.195136e+01	5.575769e+02
2.080000e-06	3.026838e-06	9.687041e-09	2.180674e+01	5.555738e+02
2.090000e-06	3.005632e-06	9.254762e-09	2.165396e+01	5.535256e+02
2.100000e-06	2.982885e-06	9.107481e-09	2.149008e+01	5.514361e+02
2.110000e-06	2.959377e-06	9.560646e-09	2.132072e+01	5.492920e+02
2.120000e-06	2.935157e-06	9.388296e-09	2.114623e+01	5.470691e+02
2.130000e-06	2.910119e-06	8.897741e-09	2.096585e+01	5.447403e+02
2.140000e-06	2.884407e-06	9.128299e-09	2.078061e+01	5.422844e+02
2.150000e-06	2.857767e-06	9.360339e-09	2.058868e+01	5.396910e+02
2.160000e-06	2.830403e-06	9.107888e-09	2.039154e+01	5.369631e+02
2.170000e-06	2.802616e-06	8.923713e-09	2.019135e+01	5.341137e+02
2.180000e-06	2.773556e-06	8.903015e-09	1.998199e+01	5.311610e+02
2.190000e-06	2.743034e-06	9.087203e-09	1.976209e+01	5.281214e+02
2.200000e-06	2.711938e-06	8.982103e-09	1.953806e+01	5.250044e+02
2.210000e-06	2.680295e-06	8.607628e-09	1.931009e+01	5.218098e+02
2.220000e-06	2.647751e-06	8.729256e-09	1.907563e+01	5.185284e+02
2.230000e-06	2.614469e-06	8.917026e-09	1.883585e+01	5.151454e+02
2.240000e-06	2.580515e-06	8.619895e-09	1.859123e+01	5.116455e+02
2.250000e-06	2.545962e-06	8.461842e-09	1.834229e+01	5.080175e+02
2.260000e-06	2.510856e-06	8.547827e-09	1.808937e+01	5.042577e+02
2.270000e-06	2.475100e-06	8.507465e-09	1.783177e+01	5.003700e+02
2.280000e-06	2.438767e-06	8.407798e-09	1.757001e+01	4.963639e+02
2.290000e-06	2.401448e-06	8.238499e-09	1.730114e+01	4.922507e+02
2.300000e-06	2.362950e-06	8.210695e-09	1.702379e+01	4.880395e+02
2.310000e-06	2.323805e-06	8.272301e-09	1.674177e+01	4.837345e+02
2.320000e-06	2.284264e-06	8.109940e-09	1.645690e+01	4.793335e+02
2.330000e-06	2.244158e-06	7.952098e-09	1.616795e+01	4.748296e+02
2.340000e-06	2.203348e-06	7.930486e-09	1.587394e+01	4.702136e+02
2.350000e-06	2.161989e-06	7.912510e-09	1.557598e+01	4.654772e+02
2.360000e-06	2.120194e-06	7.806126e-09	1.527486e+01	4.606153e+02
2.370000e-06	2.077815e-06	7.639783e-09	1.496954e+01	4.556271e+02
2.380000e-06	2.034846e-06	7.577932e-09	1.465997e+01	4.505150e+02
2.390000e-06	1.991503e-06	7.580122e-09	1.434771e+01	4.452822e+02
2.400000e-06	1.947788e-06	7.459735e-09	1.403277e+01	4.399301e+02
2.410000e-06	1.903656e-06	7.298454e-09	1.371482e+01	4.344559e+02
2.420000e-06	1.858935e-06	7.216572e-09	1.339263e+01	4.288520e+02
2.430000e-06	1.813501e-06	7.189855e-09	1.306530e+01	4.231066e+02
2.440000e-06	1.767482e-06	7.083367e-09	1.273376e+01	4.172068e+02
2.450000e-06	1.721032e-06	6.885213e-09	1.239911e+01	4.111411e+02
2.460000e-06	1.674289e-06	6.812051e-09	1.206236e+01	4.049022e+02
2.470000e-06	1.627049e-06	6.779416e-09	1.172202e+01	3.984887e+02
2.480000e-06	1.579134e-06	6.643682e-09	1.137681e+01	3.919047e+02
2.490000e-06	1.530602e-06	6.476796e-09	1.102717e+01	3.851574e+02
2.500000e-06	1.481576e-06	6.369063e-09	1.067396e+01	3.782546e+02
2.510000e-06	1.432151e-06	6.312426e-09	1.031788e+01	3.712014e+02
2.520000e-06	1.382273e-06	6.179270e-09	9.958538e+00	3.639981e+02
2.530000e-06	1.331942e-06	5.991660e-09	9.595931e+00	3.566395e+02
2.540000e-06	1.281231e-06	5.880443e-09	9.230584e+00	3.491162e+02
2.550000e-06	1.230150e-06	5.806502e-09	8.862571e+00	3.414160e+02
2.560000e-06	1.178768e-06	5.661385e-09	8.492391e+00	3.335272e+02
2.570000e-06	1.127118e-06	5.478194e-09	8.120280e+00	3.254403e+02
2.580000e-06	1.075046e-06	5.345499e-09	7.745134e+00	3.171492e+02
2.590000e-06	1.022484e-06	5.254667e-09	7.366450e+00	3.086506e+02
2.600000e-06	9.694477e-07	5.101721e-09	6.984351e+00	2.999431e+02
2.610000e-06	9.158740e-07	4.902490e-09	6.598382e+00	2.910249e+02
2.620000e-06	8.619160e-07	4.754280e-09	6.209643e+00	2.818923e+02
2.630000e-06	8.076635e-07	4.633982e-09	5.818783e+00	2.725392e+02
2.640000e-06	7.530969e-07	4.469508e-09	5.425660e+00	2.629567e+02
2.650000e-06	6.982373e-07	4.260597e-09	5.030426e+00	2.531344e+02
2.660000e-06	6.431492e-07	4.095229e-09	4.633545e+00	2.430619e+02
2.670000e-06	5.879924e-07	3.964853e-09	4.236170e+00	2.327302e+02
2.680000e-06	5.327635e-07	3.784184e-09	3.838275e+00	2.221322e+02
2.690000e-06	4.774577e-07	3.566953e-09	3.439827e+00	2.112625e+02
2.700000e-06	4.220404e-07	3.378679e-09	3.040575e+00	2.001168e+02
2.710000e-06	3.665078e-07	3.217576e-09	2.640493e+00	1.886901e+02
2.720000e-06	3.109601e-07	3.020019e-09	2.240301e+00	1.769763e+02
2.730000e-06	2.554061e-07	2.787572e-09	1.840064e+00	1.649679e+02
2.740000e-06	1.998464e-07	2.578444e-09	1.439786e+00	1.526571e+02
2.750000e-06	1.443107e-07	2.396881e-09	1.039681e+00	1.400373e+02
2.760000e-06	8.879212e-08	2.182484e-09	6.396996e-01	1.271053e+02
2.770000e-06	3.325494e-08	1.932031e-09	2.395841e-01	1.138634e+02
2.780000e-06	-2.233078e-08	1.699621e-09	-1.608813e-01	1.003203e+02
2.790000e-06	-7.795139e-08	1.492369e-09	-5.615980e-01	8.649159e+01
2.800000e-06	-1.335753e-07	1.259553e-09	-9.623382e-01	7.239838e+01
2.810000e-06	-1.891428e-07	9.911346e-10	-1.362673e+00	5.806621e+01
2.820000e-06	-2.446765e-07	7.420742e-10	-1.762763e+00	4.352323e+01
2.830000e-06	-3.001894e-07	5.157704e-10	-2.162704e+00	2.879900e+01
2.840000e-06	-3.556211e-07	2.676822e-10	-2.562059e+00	1.392406e+01
2.850000e-06	-4.109947e-07	-7.864913e-12	-2.960997e+00	-1.069954e+00
2.860000e-06	-4.663639e-07	-2.661151e-10	-3.359902e+00	-1.614967e+01
2.870000e-06	-5.216834e-07	-5.012422e-10	-3.758449e+00	-3.127956e+01
2.880000e-06	-5.769310e-07	-7.532185e-10	-4.156479e+00	-4.642199e+01
2.890000e-06	-6.320715e-07	-1.026543e-09	-4.553737e+00	-6.153818e+01
2.900000e-06	-6.870792e-07	-1.285225e-09	-4.950037e+00	-7.658977e+01
2.910000e-06	-7.419474e-07	-1.520122e-09	-5.345334e+00	-9.154082e+01
2.920000e-06	-7.965744e-07	-1.766309e-09	-5.738892e+00	-1.063595e+02
2.930000e-06	-8.507620e-07	-2.030847e-09	-6.129284e+00	-1.210192e+02
2.940000e-06	-9.044541e-07	-2.280845e-09	-6.516107e+00	-1.354981e+02
2.950000e-06	-9.577539e-07	-2.509380e-09	-6.900104e+00	-1.497783e+02
2.960000e-06	-1.010569e-06	-2.746230e-09	-7.280609e+00	-1.638440e+02
2.970000e-06	-1.062863e-06	-2.993809e-09	-7.657361e+00	-1.776798e+02
2.980000e-06	-1.114770e-06	-3.226828e-09	-8.031322e+00	-1.912694e+02
2.990000e-06	-1.166382e-06	-3.439067e-09	-8.403155e+00	-2.045960e+02
3.000000e-06	-1.217743e-06	-3.654034e-09	-8.773187e+00	-2.176430e+02
3.010000e-06	-1.268770e-06	-3.881925e-09	-9.140811e+00	-2.303964e+02
3.020000e-06	-1.319388e-06	-4.095536e-09	-9.505481e+00	-2.428461e+02
3.030000e-06	-1.369545e-06	-4.289909e-09	-9.866841e+00	-2.549878e+02
3.040000e-06	-1.419229e-06	-4.487604e-09	-1.022479e+01	-2.668228e+02
3.050000e-06	-1.468548e-06	-4.694795e-09	-1.058010e+01	-2.783566e+02
3.060000e-06	-1.517471e-06	-4.892879e-09	-1.093256e+01	-2.895968e+02
3.070000e-06	-1.565694e-06	-5.068270e-09	-1.127999e+01	-3.005506e+02
3.080000e-06	-1.613118e-06	-5.243061e-09	-1.162165e+01	-3.112220e+02
3.090000e-06	-1.659878e-06	-5.427099e-09	-1.195853e+01	-3.216111e+02
3.100000e-06	-1.706104e-06	-5.601921e-09	-1.229156e+01	-3.317144e+02
3.110000e-06	-1.751988e-06	-5.758861e-09	-1.262213e+01	-3.415269e+02
3.120000e-06	-1.797556e-06	-5.914687e-09	-1.295043e+01	-3.510438e+02
3.130000e-06	-1.842696e-06	-6.082339e-09	-1.327564e+01	-3.602637e+02
3.140000e-06	-1.887304e-06	-6.243095e-09	-1.359701e+01	-3.691897e+02
3.150000e-06	-1.931317e-06	-6.381651e-09	-1.391411e+01	-3.778295e+02
3.160000e-06	-1.974886e-06	-6.517655e-09	-1.422799e+01	-3.861941e+02
3.170000e-06	-2.018203e-06	-6.662012e-09	-1.454007e+01	-3.942958e+02
3.180000e-06	-2.061118e-06	-6.798084e-09	-1.484925e+01	-4.021449e+02
3.190000e-06	-2.103439e-06	-6.918470e-09	-1.515415e+01	-4.097489e+02
3.200000e-06	-2.145181e-06	-7.039140e-09	-1.545488e+01	-4.171109e+02
3.210000e-06	-2.186416e-06	-7.168158e-09	-1.575196e+01	-4.242313e+02
3.220000e-06	-2.227001e-06	-7.288963e-09	-1.604435e+01	-4.311092e+02
3.230000e-06	-2.266937e-06	-7.395545e-09	-1.633206e+01	-4.377452e+02
3.240000e-06	-2.306487e-06	-7.499742e-09	-1.661700e+01	-4.441428e+02
3.250000e-06	-2.345549e-06	-7.610170e-09	-1.689843e+01	-4.503096e+02
3.260000e-06	-2.383897e-06	-7.712786e-09	-1.717470e+01	-4.562567e+02
3.270000e-06	-2.421221e-06	-7.804689e-09	-1.744360e+01	-4.619968e+02
3.280000e-06	-2.457515e-06	-7.897730e-09	-1.770508e+01	-4.675418e+02
3.290000e-06	-2.493170e-06	-7.993272e-09	-1.796195e+01	-4.729015e+02
3.300000e-06	-2.528338e-06	-8.079874e-09	-1.821532e+01	-4.780820e+02
3.310000e-06	-2.562857e-06	-8.158124e-09	-1.846401e+01	-4.830862e+02
3.320000e-06	-2.596626e-06	-8.236582e-09	-1.870730e+01	-4.879155e+02
3.330000e-06	-2.629694e-06	-8.321291e-09	-1.894554e+01	-4.925715e+02
3.340000e-06	-2.661968e-06	-8.401608e-09	-1.917805e+01	-4.970582e+02
3.350000e-06	-2.693585e-06	-8.472687e-09	-1.940583e+01	-5.013821e+02
3.360000e-06	-2.724671e-06	-8.542908e-09	-1.962979e+01	-5.055521e+02
3.370000e-06	-2.754806e-06	-8.613098e-09	-1.984690e+01	-5.095777e+02
3.380000e-06	-2.783630e-06	-8.679389e-09	-2.005456e+01	-5.134662e+02
3.390000e-06	-2.811472e-06	-8.736196e-09	-2.025515e+01	-5.172209e+02
3.400000e-06	-2.838753e-06	-8.794493e-09	-2.045169e+01	-5.208405e+02
3.410000e-06	-2.865388e-06	-8.857982e-09	-2.064359e+01	-5.243194e+02
3.420000e-06	-2.891161e-06	-8.918598e-09	-2.082926e+01	-5.276505e+02
3.430000e-06	-2.916031e-06	-8.970010e-09	-2.100844e+01	-5.308280e+02
3.440000e-06	-2.940128e-06	-9.017594e-09	-2.118204e+01	-5.338508e+02
3.450000e-06	-2.963622e-06	-9.066663e-09	-2.135131e+01	-5.367239e+02
3.460000e-06	-2.986446e-06	-9.115739e-09	-2.151574e+01	-5.394583e+02
3.470000e-06	-3.008133e-06	-9.157462e-09	-2.167198e+01	-5.420684e+02
3.480000e-06	-3.028548e-06	-9.196329e-09	-2.181907e+01	-5.445688e+02
3.490000e-06	-3.048197e-06	-9.237355e-09	-2.196063e+01	-5.469700e+02
3.500000e-06	-3.067205e-06	-9.278657e-09	-2.209757e+01	-5.492759e+02
3.510000e-06	-3.085367e-06	-9.314838e-09	-2.222841e+01	-5.514826e+02
3.520000e-06	-3.102771e-06	-9.348628e-09	-2.235381e+01	-5.535806e+02
3.530000e-06	-3.119383e-06	-9.386302e-09	-2.247348e+01	-5.555583e+02
3.540000e-06	-3.135216e-06	-9.422189e-09	-2.258755e+01	-5.574061e+02
3.550000e-06	-3.150418e-06	-9.450380e-09	-2.269707e+01	-5.591207e+02
3.560000e-06	-3.164630e-06	-9.474310e-09	-2.279946e+01	-5.607065e+02
3.570000e-06	-3.177396e-06	-9.502301e-09	-2.289144e+01	-5.621749e+02
3.580000e-06	-3.189036e-06	-9.528451e-09	-2.297529e+01	-5.635408e+02
3.590000e-06	-3.199798e-06	-9.547847e-09	-2.305283e+01	-5.648181e+02
3.600000e-06	-3.209631e-06	-9.566355e-09	-2.312367e+01	-5.660149e+02
3.610000e-06	-3.218585e-06	-9.589440e-09	-2.318818e+01	-5.671310e+02
3.620000e-06	-3.226682e-06	-9.611211e-09	-2.324652e+01	-5.681577e+02
3.630000e-06	-3.234114e-06	-9.624456e-09	-2.330006e+01	-5.690813e+02
3.640000e-06	-3.240650e-06	-9.633821e-09	-2.334715e+01	-5.698878e+02
3.650000e-06	-3.245917e-06	-9.647312e-09	-2.338509e+01	-5.705687e+02
3.660000e-06	-3.250033e-06	-9.660690e-09	-2.341475e+01	-5.711248e+02
3.670000e-06	-3.253396e-06	-9.668979e-09	-2.343898e+01	-5.715671e+02
3.680000e-06	-3.255961e-06	-9.677813e-09	-2.345745e+01	-5.719142e+02
3.690000e-06	-3.257662e-06	-9.688633e-09	-2.346971e+01	-5.721863e+02
3.700000e-06	-3.258463e-06	-9.696356e-09	-2.347548e+01	-5.723985e+02
3.710000e-06	-3.258392e-06	-9.697101e-09	-2.347497e+01	-5.725547e+02
