# Temperatura_=_20.0
# Concentracion g/m^3_=_12000.0
# C_Vs_to_Am_M_A/Vsm_=_59384043850.047264
# pendiente_HvsI_1/m_=_3716.3
# ordenada_HvsI_A/m_=_1297.0
# frecuencia_Hz_=_269539.6188851944

Tiempo_(s)	Campo_(V.s)	Magnetizacion_(V.s)	Campo_(kA/m)	Magnetizacion_(A/m)
0.000000e+00	-3.252299e-06	-9.722643e-09	-2.347101e+01	-5.728156e+02
1.000000e-08	-3.252194e-06	-9.720455e-09	-2.347026e+01	-5.729838e+02
2.000000e-08	-3.251316e-06	-9.714522e-09	-2.346392e+01	-5.730836e+02
3.000000e-08	-3.249406e-06	-9.713720e-09	-2.345013e+01	-5.730754e+02
4.000000e-08	-3.246287e-06	-9.715753e-09	-2.342762e+01	-5.729182e+02
5.000000e-08	-3.242237e-06	-9.713141e-09	-2.339840e+01	-5.725833e+02
6.000000e-08	-3.237452e-06	-9.707869e-09	-2.336387e+01	-5.720669e+02
7.000000e-08	-3.231887e-06	-9.706326e-09	-2.332371e+01	-5.713960e+02
8.000000e-08	-3.225427e-06	-9.693160e-09	-2.327708e+01	-5.706253e+02
9.000000e-08	-3.217932e-06	-9.642772e-09	-2.322299e+01	-5.698265e+02
1.000000e-07	-3.209306e-06	-9.606388e-09	-2.316075e+01	-5.690709e+02
1.100000e-07	-3.199472e-06	-9.675919e-09	-2.308978e+01	-5.684112e+02
1.200000e-07	-3.188768e-06	-9.699567e-09	-2.301253e+01	-5.678663e+02
1.300000e-07	-3.177292e-06	-9.617958e-09	-2.292971e+01	-5.674148e+02
1.400000e-07	-3.164815e-06	-9.494261e-09	-2.283967e+01	-5.669974e+02
1.500000e-07	-3.151397e-06	-9.570735e-09	-2.274283e+01	-5.665305e+02
1.600000e-07	-3.137182e-06	-9.534106e-09	-2.264024e+01	-5.659242e+02
1.700000e-07	-3.121759e-06	-9.350073e-09	-2.252894e+01	-5.651026e+02
1.800000e-07	-3.105088e-06	-9.396475e-09	-2.240863e+01	-5.640201e+02
1.900000e-07	-3.087659e-06	-9.382016e-09	-2.228285e+01	-5.626694e+02
2.000000e-07	-3.069556e-06	-9.378128e-09	-2.215221e+01	-5.610794e+02
2.100000e-07	-3.050548e-06	-9.363666e-09	-2.201503e+01	-5.593046e+02
2.200000e-07	-3.030651e-06	-9.309029e-09	-2.187143e+01	-5.574089e+02
2.300000e-07	-3.010201e-06	-9.219284e-09	-2.172385e+01	-5.554477e+02
2.400000e-07	-2.989017e-06	-9.208649e-09	-2.157097e+01	-5.534547e+02
2.500000e-07	-2.966989e-06	-9.301321e-09	-2.141201e+01	-5.514355e+02
2.600000e-07	-2.944216e-06	-9.204321e-09	-2.124765e+01	-5.493690e+02
2.700000e-07	-2.920669e-06	-9.062766e-09	-2.107773e+01	-5.472163e+02
2.800000e-07	-2.896385e-06	-9.116364e-09	-2.090247e+01	-5.449338e+02
2.900000e-07	-2.871171e-06	-9.111995e-09	-2.072051e+01	-5.424853e+02
3.000000e-07	-2.844815e-06	-9.001294e-09	-2.053030e+01	-5.398517e+02
3.100000e-07	-2.817424e-06	-8.935667e-09	-2.033263e+01	-5.370340e+02
3.200000e-07	-2.789225e-06	-8.897677e-09	-2.012912e+01	-5.340508e+02
3.300000e-07	-2.760265e-06	-8.895562e-09	-1.992013e+01	-5.309315e+02
3.400000e-07	-2.730623e-06	-8.814513e-09	-1.970621e+01	-5.277067e+02
3.500000e-07	-2.700321e-06	-8.720673e-09	-1.948753e+01	-5.244011e+02
3.600000e-07	-2.669223e-06	-8.671561e-09	-1.926310e+01	-5.210285e+02
3.700000e-07	-2.637379e-06	-8.656948e-09	-1.903329e+01	-5.175913e+02
3.800000e-07	-2.604981e-06	-8.596892e-09	-1.879949e+01	-5.140842e+02
3.900000e-07	-2.572023e-06	-8.522553e-09	-1.856164e+01	-5.104984e+02
4.000000e-07	-2.538172e-06	-8.461577e-09	-1.831734e+01	-5.068266e+02
4.100000e-07	-2.503195e-06	-8.398045e-09	-1.806492e+01	-5.030655e+02
4.200000e-07	-2.467347e-06	-8.372389e-09	-1.780622e+01	-4.992158e+02
4.300000e-07	-2.430981e-06	-8.292268e-09	-1.754377e+01	-4.952793e+02
4.400000e-07	-2.394001e-06	-8.200930e-09	-1.727690e+01	-4.912558e+02
4.500000e-07	-2.356353e-06	-8.139930e-09	-1.700520e+01	-4.871395e+02
4.600000e-07	-2.318054e-06	-8.097026e-09	-1.672881e+01	-4.829187e+02
4.700000e-07	-2.279062e-06	-8.008186e-09	-1.644741e+01	-4.785771e+02
4.800000e-07	-2.239476e-06	-7.907831e-09	-1.616173e+01	-4.740984e+02
4.900000e-07	-2.199398e-06	-7.837535e-09	-1.587250e+01	-4.694704e+02
5.000000e-07	-2.158892e-06	-7.780157e-09	-1.558018e+01	-4.646898e+02
5.100000e-07	-2.117869e-06	-7.709947e-09	-1.528412e+01	-4.597633e+02
5.200000e-07	-2.076043e-06	-7.600900e-09	-1.498227e+01	-4.547059e+02
5.300000e-07	-2.033250e-06	-7.513710e-09	-1.467345e+01	-4.495364e+02
5.400000e-07	-1.989656e-06	-7.443813e-09	-1.435884e+01	-4.442716e+02
5.500000e-07	-1.945525e-06	-7.360570e-09	-1.404036e+01	-4.389200e+02
5.600000e-07	-1.900972e-06	-7.242468e-09	-1.371883e+01	-4.334789e+02
5.700000e-07	-1.855994e-06	-7.144679e-09	-1.339424e+01	-4.279341e+02
5.800000e-07	-1.810522e-06	-7.071005e-09	-1.306607e+01	-4.222632e+02
5.900000e-07	-1.764531e-06	-6.981444e-09	-1.273417e+01	-4.164413e+02
6.000000e-07	-1.718081e-06	-6.868190e-09	-1.239895e+01	-4.104476e+02
6.100000e-07	-1.671116e-06	-6.747807e-09	-1.206002e+01	-4.042700e+02
6.200000e-07	-1.623663e-06	-6.653992e-09	-1.171756e+01	-3.979075e+02
6.300000e-07	-1.575792e-06	-6.554533e-09	-1.137209e+01	-3.913688e+02
6.400000e-07	-1.527581e-06	-6.436745e-09	-1.102416e+01	-3.846678e+02
6.500000e-07	-1.478985e-06	-6.309249e-09	-1.067346e+01	-3.778178e+02
6.600000e-07	-1.429821e-06	-6.203148e-09	-1.031865e+01	-3.708265e+02
6.700000e-07	-1.379960e-06	-6.097360e-09	-9.958820e+00	-3.636924e+02
6.800000e-07	-1.329502e-06	-5.963644e-09	-9.594677e+00	-3.564045e+02
6.900000e-07	-1.278479e-06	-5.823043e-09	-9.226460e+00	-3.489456e+02
7.000000e-07	-1.226882e-06	-5.700893e-09	-8.854094e+00	-3.412965e+02
7.100000e-07	-1.174895e-06	-5.587579e-09	-8.478918e+00	-3.334410e+02
7.200000e-07	-1.122509e-06	-5.448222e-09	-8.100860e+00	-3.253699e+02
7.300000e-07	-1.069756e-06	-5.298430e-09	-7.720157e+00	-3.170816e+02
7.400000e-07	-1.016765e-06	-5.159361e-09	-7.337737e+00	-3.085809e+02
7.500000e-07	-9.634920e-07	-5.028738e-09	-6.953276e+00	-2.998754e+02
7.600000e-07	-9.098835e-07	-4.874647e-09	-6.566397e+00	-2.909709e+02
7.700000e-07	-8.560269e-07	-4.706562e-09	-6.177728e+00	-2.818677e+02
7.800000e-07	-8.020114e-07	-4.553382e-09	-5.787912e+00	-2.725594e+02
7.900000e-07	-7.478180e-07	-4.407582e-09	-5.396812e+00	-2.630334e+02
8.000000e-07	-6.934187e-07	-4.243474e-09	-5.004226e+00	-2.532736e+02
8.100000e-07	-6.388070e-07	-4.061135e-09	-4.610107e+00	-2.432644e+02
8.200000e-07	-5.840695e-07	-3.891015e-09	-4.215081e+00	-2.329939e+02
8.300000e-07	-5.292555e-07	-3.727421e-09	-3.819502e+00	-2.224556e+02
8.400000e-07	-4.743679e-07	-3.548399e-09	-3.423392e+00	-2.116480e+02
8.500000e-07	-4.193038e-07	-3.349108e-09	-3.026009e+00	-2.005723e+02
8.600000e-07	-3.640343e-07	-3.157498e-09	-2.627143e+00	-1.892292e+02
8.700000e-07	-3.087018e-07	-2.975925e-09	-2.227822e+00	-1.776158e+02
8.800000e-07	-2.532905e-07	-2.776801e-09	-1.827933e+00	-1.657238e+02
8.900000e-07	-1.977725e-07	-2.559842e-09	-1.427274e+00	-1.535406e+02
9.000000e-07	-1.422038e-07	-2.347267e-09	-1.026249e+00	-1.410515e+02
9.100000e-07	-8.662080e-08	-2.146738e-09	-6.251202e-01	-1.282439e+02
9.200000e-07	-3.103216e-08	-1.931674e-09	-2.239512e-01	-1.151117e+02
9.300000e-07	2.457516e-08	-1.696216e-09	1.773527e-01	-1.016583e+02
9.400000e-07	8.024234e-08	-1.460400e-09	5.790885e-01	-8.789775e+01
9.500000e-07	1.359116e-07	-1.234199e-09	9.808391e-01	-7.385375e+01
9.600000e-07	1.915096e-07	-9.989092e-10	1.382076e+00	-5.955700e+01
9.700000e-07	2.470002e-07	-7.443891e-10	1.782538e+00	-4.504158e+01
9.800000e-07	3.023906e-07	-4.920826e-10	2.182276e+00	-3.034184e+01
9.900000e-07	3.577828e-07	-2.541283e-10	2.582027e+00	-1.549060e+01
1.000000e-06	4.130697e-07	-1.455805e-11	2.981019e+00	-5.188666e-01
1.010000e-06	4.681584e-07	2.444997e-10	3.378580e+00	1.454295e+01
1.020000e-06	5.231396e-07	5.042483e-10	3.775365e+00	2.966318e+01
1.030000e-06	5.780099e-07	7.519285e-10	4.171350e+00	4.480734e+01
1.040000e-06	6.326897e-07	1.000668e-09	4.565960e+00	5.993767e+01
1.050000e-06	6.871838e-07	1.260719e-09	4.959230e+00	7.501409e+01
1.060000e-06	7.415799e-07	1.520541e-09	5.351793e+00	8.999647e+01
1.070000e-06	7.958366e-07	1.763266e-09	5.743350e+00	1.048474e+02
1.080000e-06	8.499282e-07	2.001038e-09	6.133716e+00	1.195348e+02
1.090000e-06	9.037695e-07	2.246436e-09	6.522274e+00	1.340334e+02
1.100000e-06	9.573341e-07	2.491670e-09	6.908837e+00	1.483242e+02
1.110000e-06	1.010548e-06	2.720208e-09	7.292871e+00	1.623939e+02
1.120000e-06	1.063367e-06	2.940381e-09	7.674050e+00	1.762318e+02
1.130000e-06	1.115893e-06	3.173456e-09	8.053116e+00	1.898277e+02
1.140000e-06	1.168186e-06	3.410298e-09	8.430504e+00	2.031709e+02
1.150000e-06	1.220138e-06	3.629395e-09	8.805429e+00	2.162493e+02
1.160000e-06	1.271575e-06	3.833213e-09	9.176632e+00	2.290507e+02
1.170000e-06	1.322438e-06	4.037458e-09	9.543700e+00	2.415644e+02
1.180000e-06	1.372549e-06	4.243686e-09	9.905336e+00	2.537829e+02
1.190000e-06	1.421965e-06	4.442785e-09	1.026196e+01	2.657027e+02
1.200000e-06	1.470858e-06	4.634677e-09	1.061480e+01	2.773243e+02
1.210000e-06	1.519341e-06	4.827838e-09	1.096470e+01	2.886508e+02
1.220000e-06	1.567537e-06	5.018741e-09	1.131251e+01	2.996859e+02
1.230000e-06	1.615379e-06	5.197303e-09	1.165778e+01	3.104325e+02
1.240000e-06	1.662808e-06	5.365535e-09	1.200006e+01	3.208910e+02
1.250000e-06	1.709733e-06	5.534415e-09	1.233871e+01	3.310600e+02
1.260000e-06	1.756172e-06	5.703086e-09	1.267385e+01	3.409373e+02
1.270000e-06	1.802118e-06	5.864122e-09	1.300543e+01	3.505218e+02
1.280000e-06	1.847471e-06	6.017485e-09	1.333273e+01	3.598154e+02
1.290000e-06	1.892334e-06	6.168121e-09	1.365649e+01	3.688235e+02
1.300000e-06	1.936845e-06	6.317290e-09	1.397772e+01	3.775551e+02
1.310000e-06	1.981088e-06	6.458058e-09	1.429701e+01	3.860208e+02
1.320000e-06	2.024960e-06	6.590507e-09	1.461362e+01	3.942305e+02
1.330000e-06	2.068176e-06	6.721970e-09	1.492550e+01	4.021915e+02
1.340000e-06	2.110523e-06	6.854520e-09	1.523111e+01	4.099070e+02
1.350000e-06	2.151930e-06	6.981460e-09	1.552993e+01	4.173762e+02
1.360000e-06	2.192611e-06	7.099570e-09	1.582352e+01	4.245968e+02
1.370000e-06	2.232844e-06	7.214113e-09	1.611387e+01	4.315665e+02
1.380000e-06	2.272583e-06	7.329936e-09	1.640065e+01	4.382866e+02
1.390000e-06	2.311721e-06	7.441135e-09	1.668310e+01	4.447629e+02
1.400000e-06	2.350320e-06	7.541494e-09	1.696166e+01	4.510066e+02
1.410000e-06	2.388324e-06	7.638299e-09	1.723592e+01	4.570319e+02
1.420000e-06	2.425577e-06	7.737329e-09	1.750477e+01	4.628538e+02
1.430000e-06	2.462199e-06	7.834785e-09	1.776906e+01	4.684850e+02
1.440000e-06	2.498400e-06	7.923098e-09	1.803031e+01	4.739336e+02
1.450000e-06	2.534056e-06	8.009038e-09	1.828764e+01	4.792027e+02
1.460000e-06	2.568759e-06	8.098011e-09	1.853808e+01	4.842916e+02
1.470000e-06	2.602340e-06	8.183864e-09	1.878043e+01	4.891986e+02
1.480000e-06	2.635056e-06	8.260843e-09	1.901653e+01	4.939240e+02
1.490000e-06	2.667160e-06	8.331764e-09	1.924822e+01	4.984724e+02
1.500000e-06	2.698567e-06	8.404201e-09	1.947487e+01	5.028529e+02
1.510000e-06	2.729246e-06	8.475237e-09	1.969627e+01	5.070784e+02
1.520000e-06	2.759261e-06	8.543165e-09	1.991288e+01	5.111618e+02
1.530000e-06	2.788467e-06	8.611573e-09	2.012365e+01	5.151129e+02
1.540000e-06	2.816994e-06	8.680098e-09	2.032953e+01	5.189351e+02
1.550000e-06	2.845031e-06	8.745057e-09	2.053186e+01	5.226253e+02
1.560000e-06	2.872162e-06	8.802578e-09	2.072766e+01	5.261745e+02
1.570000e-06	2.898046e-06	8.855438e-09	2.091446e+01	5.295721e+02
1.580000e-06	2.922862e-06	8.908716e-09	2.109355e+01	5.328104e+02
1.590000e-06	2.946840e-06	8.961781e-09	2.126659e+01	5.358884e+02
1.600000e-06	2.970069e-06	9.012920e-09	2.143423e+01	5.388137e+02
1.610000e-06	2.992533e-06	9.060480e-09	2.159635e+01	5.416015e+02
1.620000e-06	3.014189e-06	9.107361e-09	2.175263e+01	5.442707e+02
1.630000e-06	3.035089e-06	9.153422e-09	2.190346e+01	5.468388e+02
1.640000e-06	3.055345e-06	9.195633e-09	2.204965e+01	5.493159e+02
1.650000e-06	3.074870e-06	9.232559e-09	2.219056e+01	5.517018e+02
1.660000e-06	3.093488e-06	9.266662e-09	2.232491e+01	5.539858e+02
1.670000e-06	3.111236e-06	9.302112e-09	2.245300e+01	5.561505e+02
1.680000e-06	3.128101e-06	9.335329e-09	2.257471e+01	5.581773e+02
1.690000e-06	3.143999e-06	9.366725e-09	2.268944e+01	5.600538e+02
1.700000e-06	3.158976e-06	9.398045e-09	2.279752e+01	5.617784e+02
1.710000e-06	3.173033e-06	9.427439e-09	2.289897e+01	5.633624e+02
1.720000e-06	3.186249e-06	9.453709e-09	2.299435e+01	5.648275e+02
1.730000e-06	3.198544e-06	9.474929e-09	2.308308e+01	5.661994e+02
1.740000e-06	3.209728e-06	9.494350e-09	2.316379e+01	5.675000e+02
1.750000e-06	3.219682e-06	9.514627e-09	2.323563e+01	5.687406e+02
1.760000e-06	3.228508e-06	9.535964e-09	2.329932e+01	5.699178e+02
1.770000e-06	3.236477e-06	9.553733e-09	2.335683e+01	5.710145e+02
1.780000e-06	3.243633e-06	9.566907e-09	2.340848e+01	5.720057e+02
1.790000e-06	3.249975e-06	9.579967e-09	2.345424e+01	5.728666e+02
1.800000e-06	3.255477e-06	9.590342e-09	2.349395e+01	5.735822e+02
1.810000e-06	3.260208e-06	9.597483e-09	2.352809e+01	5.741526e+02
1.820000e-06	3.264174e-06	9.605264e-09	2.355671e+01	5.745949e+02
1.830000e-06	3.267128e-06	9.613781e-09	2.357803e+01	5.749379e+02
1.840000e-06	3.268828e-06	9.618671e-09	2.359030e+01	5.752135e+02
1.850000e-06	3.269452e-06	9.622324e-09	2.359480e+01	5.754453e+02
1.860000e-06	3.269302e-06	9.624574e-09	2.359372e+01	5.756396e+02
1.870000e-06	3.268342e-06	9.626506e-09	2.358680e+01	5.757816e+02
1.880000e-06	3.266484e-06	9.625472e-09	2.357338e+01	5.758382e+02
1.890000e-06	3.263778e-06	9.622328e-09	2.355385e+01	5.757674e+02
1.900000e-06	3.260400e-06	9.618477e-09	2.352948e+01	5.755319e+02
1.910000e-06	3.256271e-06	9.611450e-09	2.349968e+01	5.751135e+02
1.920000e-06	3.251265e-06	9.598207e-09	2.346355e+01	5.745221e+02
1.930000e-06	3.245129e-06	9.590943e-09	2.341927e+01	5.737982e+02
1.940000e-06	3.237873e-06	9.626799e-09	2.336690e+01	5.730063e+02
1.950000e-06	3.229550e-06	9.624764e-09	2.330684e+01	5.722201e+02
1.960000e-06	3.219831e-06	9.508447e-09	2.323670e+01	5.715047e+02
1.970000e-06	3.209116e-06	9.470979e-09	2.315937e+01	5.708986e+02
1.980000e-06	3.198220e-06	9.518483e-09	2.308074e+01	5.704026e+02
1.990000e-06	3.186987e-06	9.613094e-09	2.299967e+01	5.699769e+02
2.000000e-06	3.174170e-06	9.536128e-09	2.290717e+01	5.695491e+02
2.010000e-06	3.159781e-06	9.578205e-09	2.280333e+01	5.690300e+02
2.020000e-06	3.144778e-06	9.763736e-09	2.269506e+01	5.683338e+02
2.030000e-06	3.128983e-06	9.674820e-09	2.258107e+01	5.673971e+02
2.040000e-06	3.112123e-06	9.621723e-09	2.245940e+01	5.661912e+02
2.050000e-06	3.094580e-06	9.603823e-09	2.233279e+01	5.647262e+02
2.060000e-06	3.076498e-06	9.532759e-09	2.220230e+01	5.630448e+02
2.070000e-06	3.057627e-06	9.488290e-09	2.206612e+01	5.612078e+02
2.080000e-06	3.038005e-06	9.563432e-09	2.192451e+01	5.592772e+02
2.090000e-06	3.017680e-06	9.540660e-09	2.177783e+01	5.572998e+02
2.100000e-06	2.996183e-06	9.362688e-09	2.162269e+01	5.552969e+02
2.110000e-06	2.973404e-06	9.396644e-09	2.145830e+01	5.532609e+02
2.120000e-06	2.949705e-06	9.464375e-09	2.128727e+01	5.511612e+02
2.130000e-06	2.925232e-06	9.267579e-09	2.111066e+01	5.489552e+02
2.140000e-06	2.900073e-06	9.211814e-09	2.092909e+01	5.466012e+02
2.150000e-06	2.874143e-06	9.281595e-09	2.074196e+01	5.440700e+02
2.160000e-06	2.847346e-06	9.226253e-09	2.054857e+01	5.413517e+02
2.170000e-06	2.819897e-06	9.165664e-09	2.035048e+01	5.384560e+02
2.180000e-06	2.791753e-06	9.093090e-09	2.014737e+01	5.354075e+02
2.190000e-06	2.762469e-06	9.045124e-09	1.993604e+01	5.322372e+02
2.200000e-06	2.732019e-06	9.038747e-09	1.971629e+01	5.289738e+02
2.210000e-06	2.700791e-06	8.956487e-09	1.949092e+01	5.256375e+02
2.220000e-06	2.668920e-06	8.844515e-09	1.926091e+01	5.222365e+02
2.230000e-06	2.636317e-06	8.833541e-09	1.902563e+01	5.187693e+02
2.240000e-06	2.602980e-06	8.773048e-09	1.878504e+01	5.152282e+02
2.250000e-06	2.568996e-06	8.689179e-09	1.853979e+01	5.116046e+02
2.260000e-06	2.534405e-06	8.634226e-09	1.829016e+01	5.078929e+02
2.270000e-06	2.499274e-06	8.539076e-09	1.803662e+01	5.040919e+02
2.280000e-06	2.463526e-06	8.486056e-09	1.777864e+01	5.002032e+02
2.290000e-06	2.427020e-06	8.436336e-09	1.751519e+01	4.962281e+02
2.300000e-06	2.389554e-06	8.352203e-09	1.724480e+01	4.921642e+02
2.310000e-06	2.351074e-06	8.274967e-09	1.696710e+01	4.880027e+02
2.320000e-06	2.311915e-06	8.211759e-09	1.668451e+01	4.837297e+02
2.330000e-06	2.272245e-06	8.148778e-09	1.639821e+01	4.793281e+02
2.340000e-06	2.231969e-06	8.067455e-09	1.610755e+01	4.747829e+02
2.350000e-06	2.191111e-06	7.963354e-09	1.581269e+01	4.700858e+02
2.360000e-06	2.149765e-06	7.883545e-09	1.551431e+01	4.652379e+02
2.370000e-06	2.107917e-06	7.820333e-09	1.521230e+01	4.602501e+02
2.380000e-06	2.065479e-06	7.723073e-09	1.490604e+01	4.551399e+02
2.390000e-06	2.022461e-06	7.622411e-09	1.459559e+01	4.499260e+02
2.400000e-06	1.979026e-06	7.529305e-09	1.428213e+01	4.446220e+02
2.410000e-06	1.935219e-06	7.459421e-09	1.396598e+01	4.392314e+02
2.420000e-06	1.890991e-06	7.370588e-09	1.364680e+01	4.337461e+02
2.430000e-06	1.846178e-06	7.253772e-09	1.332340e+01	4.281476e+02
2.440000e-06	1.800712e-06	7.158107e-09	1.299528e+01	4.224115e+02
2.450000e-06	1.754712e-06	7.070269e-09	1.266331e+01	4.165139e+02
2.460000e-06	1.708251e-06	6.973129e-09	1.232801e+01	4.104377e+02
2.470000e-06	1.661422e-06	6.853836e-09	1.199006e+01	4.041758e+02
2.480000e-06	1.614185e-06	6.734502e-09	1.164916e+01	3.977320e+02
2.490000e-06	1.566342e-06	6.641039e-09	1.130389e+01	3.911180e+02
2.500000e-06	1.517863e-06	6.542629e-09	1.095403e+01	3.843483e+02
2.510000e-06	1.468869e-06	6.407274e-09	1.060045e+01	3.774341e+02
2.520000e-06	1.419454e-06	6.275856e-09	1.024383e+01	3.703791e+02
2.530000e-06	1.369620e-06	6.166252e-09	9.884197e+00	3.631772e+02
2.540000e-06	1.319332e-06	6.054356e-09	9.521283e+00	3.558143e+02
2.550000e-06	1.268615e-06	5.914126e-09	9.155272e+00	3.482715e+02
2.560000e-06	1.217567e-06	5.766427e-09	8.786870e+00	3.405305e+02
2.570000e-06	1.166155e-06	5.648547e-09	8.415843e+00	3.325778e+02
2.580000e-06	1.114381e-06	5.525594e-09	8.042206e+00	3.244078e+02
2.590000e-06	1.062299e-06	5.374769e-09	7.666340e+00	3.160223e+02
2.600000e-06	1.009813e-06	5.213948e-09	7.287560e+00	3.074278e+02
2.610000e-06	9.568559e-07	5.072051e-09	6.905386e+00	2.986315e+02
2.620000e-06	9.034965e-07	4.935069e-09	6.520304e+00	2.896373e+02
2.630000e-06	8.497311e-07	4.769805e-09	6.132293e+00	2.804423e+02
2.640000e-06	7.955344e-07	4.594409e-09	5.741169e+00	2.710370e+02
2.650000e-06	7.410214e-07	4.437318e-09	5.347762e+00	2.614069e+02
2.660000e-06	6.861789e-07	4.286401e-09	4.951978e+00	2.515355e+02
2.670000e-06	6.310620e-07	4.112650e-09	4.554214e+00	2.414087e+02
2.680000e-06	5.758668e-07	3.922349e-09	4.155884e+00	2.310169e+02
2.690000e-06	5.205934e-07	3.744696e-09	3.756990e+00	2.203560e+02
2.700000e-06	4.652469e-07	3.576029e-09	3.357568e+00	2.094263e+02
2.710000e-06	4.099094e-07	3.383959e-09	2.958212e+00	1.982291e+02
2.720000e-06	3.544705e-07	3.175026e-09	2.558123e+00	1.867637e+02
2.730000e-06	2.989372e-07	2.977498e-09	2.157354e+00	1.750250e+02
2.740000e-06	2.434157e-07	2.789348e-09	1.756669e+00	1.630023e+02
2.750000e-06	1.878727e-07	2.581833e-09	1.355829e+00	1.506816e+02
2.760000e-06	1.322896e-07	2.353183e-09	9.547005e-01	1.380488e+02
2.770000e-06	7.667904e-08	2.134107e-09	5.533731e-01	1.250936e+02
2.780000e-06	2.109289e-08	1.921888e-09	1.522220e-01	1.118141e+02
2.790000e-06	-3.446730e-08	1.693900e-09	-2.487417e-01	9.821850e+01
2.800000e-06	-9.001708e-08	1.447527e-09	-6.496303e-01	8.432555e+01
2.810000e-06	-1.455587e-07	1.205488e-09	-1.050460e+00	7.016258e+01
2.820000e-06	-2.011103e-07	9.741753e-10	-1.451361e+00	5.576226e+01
2.830000e-06	-2.566631e-07	7.303917e-10	-1.852272e+00	4.115913e+01
2.840000e-06	-3.121686e-07	4.679249e-10	-2.252841e+00	2.638697e+01
2.850000e-06	-3.676084e-07	2.089242e-10	-2.652936e+00	1.147769e+01
2.860000e-06	-4.230075e-07	-3.491320e-11	-3.052738e+00	-3.538175e+00
2.870000e-06	-4.783312e-07	-2.873354e-10	-3.451994e+00	-1.862987e+01
2.880000e-06	-5.335681e-07	-5.554106e-10	-3.850625e+00	-3.376459e+01
2.890000e-06	-5.886984e-07	-8.162525e-10	-4.248486e+00	-4.890631e+01
2.900000e-06	-6.437067e-07	-1.060912e-09	-4.645467e+00	-6.401601e+01
2.910000e-06	-6.985574e-07	-1.310127e-09	-5.041311e+00	-7.905324e+01
2.920000e-06	-7.531646e-07	-1.572732e-09	-5.435397e+00	-9.397879e+01
2.930000e-06	-8.075153e-07	-1.827966e-09	-5.827632e+00	-1.087574e+02
2.940000e-06	-8.614638e-07	-2.068236e-09	-6.216965e+00	-1.233600e+02
2.950000e-06	-9.148662e-07	-2.309463e-09	-6.602356e+00	-1.377644e+02
2.960000e-06	-9.678175e-07	-2.563051e-09	-6.984492e+00	-1.519544e+02
2.970000e-06	-1.020361e-06	-2.809678e-09	-7.363687e+00	-1.659181e+02
2.980000e-06	-1.072424e-06	-3.035121e-09	-7.739408e+00	-1.796454e+02
2.990000e-06	-1.124127e-06	-3.255437e-09	-8.112539e+00	-1.931259e+02
3.000000e-06	-1.175598e-06	-3.484552e-09	-8.483992e+00	-2.063483e+02
3.010000e-06	-1.226760e-06	-3.710625e-09	-8.853214e+00	-2.193002e+02
3.020000e-06	-1.277470e-06	-3.919198e-09	-9.219175e+00	-2.319700e+02
3.030000e-06	-1.327741e-06	-4.123928e-09	-9.581968e+00	-2.443481e+02
3.040000e-06	-1.377672e-06	-4.338292e-09	-9.942309e+00	-2.564289e+02
3.050000e-06	-1.427230e-06	-4.546778e-09	-1.029995e+01	-2.682108e+02
3.060000e-06	-1.476367e-06	-4.735439e-09	-1.065457e+01	-2.796957e+02
3.070000e-06	-1.524881e-06	-4.917981e-09	-1.100468e+01	-2.908873e+02
3.080000e-06	-1.572652e-06	-5.105628e-09	-1.134943e+01	-3.017890e+02
3.090000e-06	-1.619693e-06	-5.289851e-09	-1.168891e+01	-3.124026e+02
3.100000e-06	-1.666164e-06	-5.459614e-09	-1.202428e+01	-3.227277e+02
3.110000e-06	-1.712267e-06	-5.622838e-09	-1.235700e+01	-3.327623e+02
3.120000e-06	-1.758017e-06	-5.793588e-09	-1.268716e+01	-3.425044e+02
3.130000e-06	-1.803424e-06	-5.964260e-09	-1.301485e+01	-3.519542e+02
3.140000e-06	-1.848347e-06	-6.119191e-09	-1.333905e+01	-3.611151e+02
3.150000e-06	-1.892651e-06	-6.263187e-09	-1.365878e+01	-3.699942e+02
3.160000e-06	-1.936480e-06	-6.410097e-09	-1.397508e+01	-3.786017e+02
3.170000e-06	-1.979999e-06	-6.556116e-09	-1.428915e+01	-3.869480e+02
3.180000e-06	-2.023220e-06	-6.689350e-09	-1.460106e+01	-3.950421e+02
3.190000e-06	-2.065930e-06	-6.815537e-09	-1.490929e+01	-4.028894e+02
3.200000e-06	-2.108054e-06	-6.947550e-09	-1.521329e+01	-4.104913e+02
3.210000e-06	-2.149647e-06	-7.081573e-09	-1.551346e+01	-4.178460e+02
3.220000e-06	-2.190618e-06	-7.200956e-09	-1.580914e+01	-4.249507e+02
3.230000e-06	-2.230943e-06	-7.310258e-09	-1.610015e+01	-4.318046e+02
3.240000e-06	-2.270735e-06	-7.423286e-09	-1.638732e+01	-4.384109e+02
3.250000e-06	-2.310111e-06	-7.538142e-09	-1.667148e+01	-4.447781e+02
3.260000e-06	-2.348925e-06	-7.640326e-09	-1.695160e+01	-4.509188e+02
3.270000e-06	-2.386904e-06	-7.732496e-09	-1.722568e+01	-4.568481e+02
3.280000e-06	-2.423902e-06	-7.831154e-09	-1.749268e+01	-4.625804e+02
3.290000e-06	-2.460015e-06	-7.934681e-09	-1.775330e+01	-4.681262e+02
3.300000e-06	-2.495522e-06	-8.028357e-09	-1.800954e+01	-4.734914e+02
3.310000e-06	-2.530491e-06	-8.110426e-09	-1.826191e+01	-4.786771e+02
3.320000e-06	-2.564758e-06	-8.194634e-09	-1.850920e+01	-4.836819e+02
3.330000e-06	-2.598269e-06	-8.280881e-09	-1.875105e+01	-4.885045e+02
3.340000e-06	-2.631078e-06	-8.358065e-09	-1.898782e+01	-4.931469e+02
3.350000e-06	-2.663195e-06	-8.427141e-09	-1.921960e+01	-4.976160e+02
3.360000e-06	-2.694712e-06	-8.500378e-09	-1.944705e+01	-5.019228e+02
3.370000e-06	-2.725502e-06	-8.577814e-09	-1.966926e+01	-5.060807e+02
3.380000e-06	-2.755236e-06	-8.649033e-09	-1.988383e+01	-5.101016e+02
3.390000e-06	-2.783799e-06	-8.710544e-09	-2.008997e+01	-5.139926e+02
3.400000e-06	-2.811497e-06	-8.770707e-09	-2.028986e+01	-5.177542e+02
3.410000e-06	-2.838601e-06	-8.834479e-09	-2.048546e+01	-5.213801e+02
3.420000e-06	-2.865026e-06	-8.893998e-09	-2.067616e+01	-5.248601e+02
3.430000e-06	-2.890643e-06	-8.945732e-09	-2.086103e+01	-5.281844e+02
3.440000e-06	-2.915335e-06	-8.995994e-09	-2.103923e+01	-5.313479e+02
3.450000e-06	-2.939238e-06	-9.046624e-09	-2.121173e+01	-5.343534e+02
3.460000e-06	-2.962573e-06	-9.098433e-09	-2.138013e+01	-5.372125e+02
3.470000e-06	-2.985092e-06	-9.147273e-09	-2.154265e+01	-5.399426e+02
3.480000e-06	-3.006434e-06	-9.191119e-09	-2.169667e+01	-5.425627e+02
3.490000e-06	-3.026686e-06	-9.233581e-09	-2.184282e+01	-5.450874e+02
3.500000e-06	-3.046186e-06	-9.274609e-09	-2.198355e+01	-5.475224e+02
3.510000e-06	-3.064991e-06	-9.312359e-09	-2.211926e+01	-5.498625e+02
3.520000e-06	-3.083019e-06	-9.346925e-09	-2.224936e+01	-5.520933e+02
3.530000e-06	-3.100231e-06	-9.383463e-09	-2.237357e+01	-5.541959e+02
3.540000e-06	-3.116579e-06	-9.420773e-09	-2.249155e+01	-5.561538e+02
3.550000e-06	-3.132265e-06	-9.452617e-09	-2.260476e+01	-5.579591e+02
3.560000e-06	-3.147243e-06	-9.480172e-09	-2.271285e+01	-5.596162e+02
3.570000e-06	-3.161052e-06	-9.507050e-09	-2.281250e+01	-5.611416e+02
3.580000e-06	-3.173570e-06	-9.534231e-09	-2.290285e+01	-5.625599e+02
3.590000e-06	-3.185032e-06	-9.556591e-09	-2.298557e+01	-5.638959e+02
3.600000e-06	-3.195558e-06	-9.575113e-09	-2.306153e+01	-5.651675e+02
3.610000e-06	-3.205173e-06	-9.597301e-09	-2.313092e+01	-5.663794e+02
3.620000e-06	-3.213919e-06	-9.620947e-09	-2.319403e+01	-5.675215e+02
3.630000e-06	-3.221887e-06	-9.638938e-09	-2.325154e+01	-5.685722e+02
3.640000e-06	-3.229129e-06	-9.651486e-09	-2.330380e+01	-5.695054e+02
3.650000e-06	-3.235415e-06	-9.665299e-09	-2.334916e+01	-5.702998e+02
3.660000e-06	-3.240460e-06	-9.681560e-09	-2.338557e+01	-5.709468e+02
3.670000e-06	-3.244433e-06	-9.693544e-09	-2.341425e+01	-5.714545e+02
3.680000e-06	-3.247551e-06	-9.701133e-09	-2.343675e+01	-5.718463e+02
3.690000e-06	-3.249893e-06	-9.707173e-09	-2.345365e+01	-5.721538e+02
3.700000e-06	-3.251426e-06	-9.714804e-09	-2.346471e+01	-5.724063e+02
3.710000e-06	-3.252070e-06	-9.720768e-09	-2.346936e+01	-5.726204e+02
