# Temperatura_=_20.0
# Concentracion g/m^3_=_12000.0
# C_Vs_to_Am_M_A/Vsm_=_59384043850.047264
# pendiente_HvsI_1/m_=_3716.3
# ordenada_HvsI_A/m_=_1297.0
# frecuencia_Hz_=_269541.89004691143

Tiempo_(s)	Campo_(V.s)	Magnetizacion_(V.s)	Campo_(kA/m)	Magnetizacion_(A/m)
0.000000e+00	-3.268582e-06	-9.726325e-09	-2.360126e+01	-5.757334e+02
1.000000e-08	-3.268367e-06	-9.725904e-09	-2.359971e+01	-5.758920e+02
2.000000e-08	-3.267513e-06	-9.719087e-09	-2.359354e+01	-5.759818e+02
3.000000e-08	-3.265511e-06	-9.717630e-09	-2.357909e+01	-5.759731e+02
4.000000e-08	-3.262263e-06	-9.715630e-09	-2.355564e+01	-5.758328e+02
5.000000e-08	-3.258201e-06	-9.711469e-09	-2.352631e+01	-5.755344e+02
6.000000e-08	-3.253489e-06	-9.708222e-09	-2.349229e+01	-5.750672e+02
7.000000e-08	-3.247875e-06	-9.711850e-09	-2.345175e+01	-5.744418e+02
8.000000e-08	-3.241295e-06	-9.702132e-09	-2.340423e+01	-5.736895e+02
9.000000e-08	-3.233720e-06	-9.597939e-09	-2.334954e+01	-5.728564e+02
1.000000e-07	-3.225015e-06	-9.526492e-09	-2.328668e+01	-5.719920e+02
1.100000e-07	-3.214990e-06	-9.672948e-09	-2.321429e+01	-5.711370e+02
1.200000e-07	-3.204030e-06	-9.811977e-09	-2.313516e+01	-5.703120e+02
1.300000e-07	-3.192444e-06	-9.578406e-09	-2.305150e+01	-5.695118e+02
1.400000e-07	-3.179838e-06	-9.331866e-09	-2.296047e+01	-5.687059e+02
1.500000e-07	-3.166263e-06	-9.653386e-09	-2.286246e+01	-5.678459e+02
1.600000e-07	-3.152039e-06	-9.698148e-09	-2.275975e+01	-5.668770e+02
1.700000e-07	-3.136546e-06	-9.393160e-09	-2.264788e+01	-5.657517e+02
1.800000e-07	-3.119518e-06	-9.363519e-09	-2.252492e+01	-5.644406e+02
1.900000e-07	-3.102013e-06	-9.518828e-09	-2.239853e+01	-5.629380e+02
2.000000e-07	-3.083965e-06	-9.459910e-09	-2.226821e+01	-5.612614e+02
2.100000e-07	-3.064689e-06	-9.371514e-09	-2.212902e+01	-5.594446e+02
2.200000e-07	-3.044682e-06	-9.475667e-09	-2.198456e+01	-5.575267e+02
2.300000e-07	-3.024249e-06	-9.176277e-09	-2.183702e+01	-5.555409e+02
2.400000e-07	-3.002858e-06	-9.197477e-09	-2.168257e+01	-5.535059e+02
2.500000e-07	-2.980598e-06	-9.531940e-09	-2.152184e+01	-5.514216e+02
2.600000e-07	-2.957760e-06	-9.252245e-09	-2.135693e+01	-5.492717e+02
2.700000e-07	-2.934099e-06	-8.925986e-09	-2.118608e+01	-5.470300e+02
2.800000e-07	-2.909634e-06	-9.192394e-09	-2.100943e+01	-5.446698e+02
2.900000e-07	-2.884403e-06	-9.324226e-09	-2.082724e+01	-5.421723e+02
3.000000e-07	-2.857971e-06	-9.021671e-09	-2.063639e+01	-5.395325e+02
3.100000e-07	-2.830452e-06	-8.826754e-09	-2.043768e+01	-5.367596e+02
3.200000e-07	-2.802203e-06	-8.981123e-09	-2.023371e+01	-5.338733e+02
3.300000e-07	-2.773109e-06	-9.094783e-09	-2.002363e+01	-5.308971e+02
3.400000e-07	-2.743379e-06	-8.872288e-09	-1.980896e+01	-5.278502e+02
3.500000e-07	-2.713108e-06	-8.666742e-09	-1.959038e+01	-5.247416e+02
3.600000e-07	-2.681876e-06	-8.787259e-09	-1.936487e+01	-5.215678e+02
3.700000e-07	-2.649865e-06	-8.862183e-09	-1.913373e+01	-5.183142e+02
3.800000e-07	-2.617409e-06	-8.592894e-09	-1.889938e+01	-5.149602e+02
3.900000e-07	-2.584298e-06	-8.524722e-09	-1.866029e+01	-5.114857e+02
4.000000e-07	-2.550093e-06	-8.573877e-09	-1.841331e+01	-5.078768e+02
4.100000e-07	-2.514725e-06	-8.525297e-09	-1.815793e+01	-5.041299e+02
4.200000e-07	-2.478688e-06	-8.432336e-09	-1.789772e+01	-5.002509e+02
4.300000e-07	-2.442185e-06	-8.314047e-09	-1.763414e+01	-4.962525e+02
4.400000e-07	-2.405016e-06	-8.241447e-09	-1.736576e+01	-4.921487e+02
4.500000e-07	-2.367132e-06	-8.243623e-09	-1.709222e+01	-4.879498e+02
4.600000e-07	-2.328633e-06	-8.168444e-09	-1.681423e+01	-4.836588e+02
4.700000e-07	-2.289565e-06	-7.990575e-09	-1.653213e+01	-4.792705e+02
4.800000e-07	-2.249888e-06	-7.969389e-09	-1.624564e+01	-4.747739e+02
4.900000e-07	-2.209679e-06	-7.952215e-09	-1.595530e+01	-4.701564e+02
5.000000e-07	-2.169026e-06	-7.845828e-09	-1.566176e+01	-4.654081e+02
5.100000e-07	-2.127821e-06	-7.701478e-09	-1.536423e+01	-4.605256e+02
5.200000e-07	-2.085899e-06	-7.639821e-09	-1.506153e+01	-4.555123e+02
5.300000e-07	-2.042995e-06	-7.606640e-09	-1.475174e+01	-4.503773e+02
5.400000e-07	-1.999238e-06	-7.504214e-09	-1.443578e+01	-4.451310e+02
5.500000e-07	-1.955079e-06	-7.363980e-09	-1.411693e+01	-4.397802e+02
5.600000e-07	-1.910594e-06	-7.271895e-09	-1.379571e+01	-4.343250e+02
5.700000e-07	-1.865570e-06	-7.248092e-09	-1.347062e+01	-4.287570e+02
5.800000e-07	-1.819974e-06	-7.133195e-09	-1.314138e+01	-4.230605e+02
5.900000e-07	-1.773891e-06	-6.979522e-09	-1.280863e+01	-4.172162e+02
6.000000e-07	-1.727348e-06	-6.890111e-09	-1.247256e+01	-4.112063e+02
6.100000e-07	-1.680254e-06	-6.842653e-09	-1.213251e+01	-4.050186e+02
6.200000e-07	-1.632661e-06	-6.717196e-09	-1.178886e+01	-3.986496e+02
6.300000e-07	-1.584674e-06	-6.559177e-09	-1.144237e+01	-3.921040e+02
6.400000e-07	-1.536304e-06	-6.460623e-09	-1.109310e+01	-3.853920e+02
6.500000e-07	-1.487488e-06	-6.387485e-09	-1.074062e+01	-3.785250e+02
6.600000e-07	-1.438115e-06	-6.264024e-09	-1.038412e+01	-3.715112e+02
6.700000e-07	-1.388107e-06	-6.093105e-09	-1.002302e+01	-3.643516e+02
6.800000e-07	-1.337393e-06	-5.981609e-09	-9.656836e+00	-3.570392e+02
6.900000e-07	-1.286024e-06	-5.891678e-09	-9.285917e+00	-3.495606e+02
7.000000e-07	-1.234144e-06	-5.755699e-09	-8.911312e+00	-3.418989e+02
7.100000e-07	-1.181931e-06	-5.582607e-09	-8.534304e+00	-3.340385e+02
7.200000e-07	-1.129375e-06	-5.454135e-09	-8.154815e+00	-3.259681e+02
7.300000e-07	-1.076503e-06	-5.353729e-09	-7.773046e+00	-3.176829e+02
7.400000e-07	-1.023339e-06	-5.206291e-09	-7.389167e+00	-3.091839e+02
7.500000e-07	-9.698493e-07	-5.030007e-09	-7.002935e+00	-3.004753e+02
7.600000e-07	-9.160700e-07	-4.876333e-09	-6.614614e+00	-2.915615e+02
7.700000e-07	-8.619970e-07	-4.754046e-09	-6.224172e+00	-2.824431e+02
7.800000e-07	-8.077556e-07	-4.594889e-09	-5.832515e+00	-2.731154e+02
7.900000e-07	-7.534318e-07	-4.406336e-09	-5.440262e+00	-2.635683e+02
8.000000e-07	-6.989367e-07	-4.236602e-09	-5.046772e+00	-2.537879e+02
8.100000e-07	-6.442707e-07	-4.099143e-09	-4.652049e+00	-2.437600e+02
8.200000e-07	-5.894149e-07	-3.932970e-09	-4.255955e+00	-2.334724e+02
8.300000e-07	-5.344277e-07	-3.726456e-09	-3.858911e+00	-2.229173e+02
8.400000e-07	-4.792610e-07	-3.537325e-09	-3.460573e+00	-2.120914e+02
8.500000e-07	-4.238866e-07	-3.370398e-09	-3.060734e+00	-2.009941e+02
8.600000e-07	-3.684311e-07	-3.187069e-09	-2.660310e+00	-1.896249e+02
8.700000e-07	-3.128914e-07	-2.967603e-09	-2.259277e+00	-1.779805e+02
8.800000e-07	-2.572976e-07	-2.760178e-09	-1.857854e+00	-1.660533e+02
8.900000e-07	-2.016426e-07	-2.571499e-09	-1.455989e+00	-1.538314e+02
9.000000e-07	-1.459469e-07	-2.371293e-09	-1.053831e+00	-1.413009e+02
9.100000e-07	-9.025120e-08	-2.139096e-09	-6.516717e-01	-1.284497e+02
9.200000e-07	-3.452753e-08	-1.905396e-09	-2.493110e-01	-1.152715e+02
9.300000e-07	2.121827e-08	-1.691859e-09	1.532095e-01	-1.017695e+02
9.400000e-07	7.696318e-08	-1.468046e-09	5.557236e-01	-8.795808e+01
9.500000e-07	1.326477e-07	-1.217758e-09	9.578013e-01	-7.386199e+01
9.600000e-07	1.882609e-07	-9.656075e-10	1.359365e+00	-5.951403e+01
9.700000e-07	2.438217e-07	-7.344936e-10	1.760549e+00	-4.495125e+01
9.800000e-07	2.993266e-07	-4.980663e-10	2.161330e+00	-3.021109e+01
9.900000e-07	3.547751e-07	-2.405122e-10	2.561704e+00	-1.532864e+01
1.000000e-06	4.101380e-07	2.037349e-11	2.961460e+00	-3.355163e-01
1.010000e-06	4.654105e-07	2.649401e-10	3.360563e+00	1.473942e+01
1.020000e-06	5.205176e-07	5.129322e-10	3.758472e+00	2.986814e+01
1.030000e-06	5.754454e-07	7.792595e-10	4.155086e+00	4.502124e+01
1.040000e-06	6.302638e-07	1.042607e-09	4.550910e+00	6.016622e+01
1.050000e-06	6.849223e-07	1.289188e-09	4.945579e+00	7.526732e+01
1.060000e-06	7.394099e-07	1.530097e-09	5.339015e+00	9.028668e+01
1.070000e-06	7.937650e-07	1.783894e-09	5.731494e+00	1.051868e+02
1.080000e-06	8.479041e-07	2.037427e-09	6.122412e+00	1.199333e+02
1.090000e-06	9.018380e-07	2.277446e-09	6.511850e+00	1.344972e+02
1.100000e-06	9.555143e-07	2.511500e-09	6.899428e+00	1.488560e+02
1.110000e-06	1.008849e-06	2.753131e-09	7.284540e+00	1.629932e+02
1.120000e-06	1.061830e-06	2.995053e-09	7.667094e+00	1.768964e+02
1.130000e-06	1.114506e-06	3.221391e-09	8.047452e+00	1.905555e+02
1.140000e-06	1.166883e-06	3.439165e-09	8.425643e+00	2.039598e+02
1.150000e-06	1.218872e-06	3.659323e-09	8.801040e+00	2.170976e+02
1.160000e-06	1.270438e-06	3.880165e-09	9.173378e+00	2.299558e+02
1.170000e-06	1.321487e-06	4.087415e-09	9.541985e+00	2.425213e+02
1.180000e-06	1.371893e-06	4.288514e-09	9.905947e+00	2.547832e+02
1.190000e-06	1.421590e-06	4.492271e-09	1.026480e+01	2.667342e+02
1.200000e-06	1.470639e-06	4.694601e-09	1.061896e+01	2.783720e+02
1.210000e-06	1.519201e-06	4.880731e-09	1.096961e+01	2.896988e+02
1.220000e-06	1.567441e-06	5.057725e-09	1.131793e+01	3.007202e+02
1.230000e-06	1.615368e-06	5.239393e-09	1.166399e+01	3.114432e+02
1.240000e-06	1.662834e-06	5.419308e-09	1.200673e+01	3.218743e+02
1.250000e-06	1.709776e-06	5.586991e-09	1.234568e+01	3.320177e+02
1.260000e-06	1.756213e-06	5.744688e-09	1.268099e+01	3.418755e+02
1.270000e-06	1.802183e-06	5.907244e-09	1.301292e+01	3.514484e+02
1.280000e-06	1.847650e-06	6.069267e-09	1.334122e+01	3.607369e+02
1.290000e-06	1.892569e-06	6.220096e-09	1.366556e+01	3.697433e+02
1.300000e-06	1.937079e-06	6.360889e-09	1.398695e+01	3.784721e+02
1.310000e-06	1.981333e-06	6.501729e-09	1.430649e+01	3.869307e+02
1.320000e-06	2.025212e-06	6.640826e-09	1.462333e+01	3.951280e+02
1.330000e-06	2.068443e-06	6.770314e-09	1.493549e+01	4.030726e+02
1.340000e-06	2.110889e-06	6.893880e-09	1.524197e+01	4.107715e+02
1.350000e-06	2.152365e-06	7.020362e-09	1.554146e+01	4.182286e+02
1.360000e-06	2.193034e-06	7.144631e-09	1.583511e+01	4.254448e+02
1.370000e-06	2.233287e-06	7.260866e-09	1.612577e+01	4.324188e+02
1.380000e-06	2.273106e-06	7.371371e-09	1.641329e+01	4.391490e+02
1.390000e-06	2.312317e-06	7.481232e-09	1.669642e+01	4.456358e+02
1.400000e-06	2.350892e-06	7.587720e-09	1.697495e+01	4.518827e+02
1.410000e-06	2.388817e-06	7.686186e-09	1.724880e+01	4.578973e+02
1.420000e-06	2.426032e-06	7.779834e-09	1.751751e+01	4.636905e+02
1.430000e-06	2.462658e-06	7.873005e-09	1.778197e+01	4.692752e+02
1.440000e-06	2.498877e-06	7.964175e-09	1.804349e+01	4.746644e+02
1.450000e-06	2.534531e-06	8.050763e-09	1.830094e+01	4.798694e+02
1.460000e-06	2.569215e-06	8.134567e-09	1.855138e+01	4.848991e+02
1.470000e-06	2.602781e-06	8.218523e-09	1.879375e+01	4.897596e+02
1.480000e-06	2.635489e-06	8.299355e-09	1.902992e+01	4.944555e+02
1.490000e-06	2.667575e-06	8.374073e-09	1.926161e+01	4.989906e+02
1.500000e-06	2.699000e-06	8.445457e-09	1.948851e+01	5.033691e+02
1.510000e-06	2.729701e-06	8.513844e-09	1.971020e+01	5.075956e+02
1.520000e-06	2.759657e-06	8.581706e-09	1.992650e+01	5.116751e+02
1.530000e-06	2.788808e-06	8.648155e-09	2.013699e+01	5.156115e+02
1.540000e-06	2.817317e-06	8.713483e-09	2.034284e+01	5.194072e+02
1.550000e-06	2.845342e-06	8.777448e-09	2.054520e+01	5.230622e+02
1.560000e-06	2.872464e-06	8.837405e-09	2.074103e+01	5.265745e+02
1.570000e-06	2.898294e-06	8.894745e-09	2.092754e+01	5.299414e+02
1.580000e-06	2.923069e-06	8.947970e-09	2.110644e+01	5.331618e+02
1.590000e-06	2.947107e-06	9.000084e-09	2.128001e+01	5.362372e+02
1.600000e-06	2.970367e-06	9.052924e-09	2.144796e+01	5.391731e+02
1.610000e-06	2.992817e-06	9.100277e-09	2.161006e+01	5.419785e+02
1.620000e-06	3.014438e-06	9.143259e-09	2.176618e+01	5.446638e+02
1.630000e-06	3.035290e-06	9.186699e-09	2.191675e+01	5.472385e+02
1.640000e-06	3.055550e-06	9.231742e-09	2.206304e+01	5.497084e+02
1.650000e-06	3.075075e-06	9.272329e-09	2.220402e+01	5.520735e+02
1.660000e-06	3.093639e-06	9.308558e-09	2.233806e+01	5.543284e+02
1.670000e-06	3.111244e-06	9.346281e-09	2.246518e+01	5.564636e+02
1.680000e-06	3.128092e-06	9.381608e-09	2.258683e+01	5.584694e+02
1.690000e-06	3.143979e-06	9.412537e-09	2.270155e+01	5.603394e+02
1.700000e-06	3.158795e-06	9.439486e-09	2.280853e+01	5.620734e+02
1.710000e-06	3.172718e-06	9.465949e-09	2.290907e+01	5.636788e+02
1.720000e-06	3.185743e-06	9.492719e-09	2.300311e+01	5.651688e+02
1.730000e-06	3.197892e-06	9.516146e-09	2.309084e+01	5.665593e+02
1.740000e-06	3.209025e-06	9.538933e-09	2.317123e+01	5.678636e+02
1.750000e-06	3.218910e-06	9.561171e-09	2.324260e+01	5.690886e+02
1.760000e-06	3.227705e-06	9.582762e-09	2.330610e+01	5.702323e+02
1.770000e-06	3.235679e-06	9.598897e-09	2.336368e+01	5.712843e+02
1.780000e-06	3.242763e-06	9.610002e-09	2.341484e+01	5.722292e+02
1.790000e-06	3.248992e-06	9.622041e-09	2.345981e+01	5.730523e+02
1.800000e-06	3.254321e-06	9.634387e-09	2.349829e+01	5.737452e+02
1.810000e-06	3.258869e-06	9.644153e-09	2.353113e+01	5.743099e+02
1.820000e-06	3.262764e-06	9.650327e-09	2.355926e+01	5.747596e+02
1.830000e-06	3.265645e-06	9.656280e-09	2.358006e+01	5.751158e+02
1.840000e-06	3.267179e-06	9.667805e-09	2.359113e+01	5.754015e+02
1.850000e-06	3.267687e-06	9.673869e-09	2.359480e+01	5.756345e+02
1.860000e-06	3.267456e-06	9.671370e-09	2.359313e+01	5.758199e+02
1.870000e-06	3.266343e-06	9.672134e-09	2.358509e+01	5.759472e+02
1.880000e-06	3.264417e-06	9.675117e-09	2.357119e+01	5.759918e+02
1.890000e-06	3.261649e-06	9.672084e-09	2.355120e+01	5.759213e+02
1.900000e-06	3.258153e-06	9.665569e-09	2.352596e+01	5.757045e+02
1.910000e-06	3.253939e-06	9.660936e-09	2.349553e+01	5.753218e+02
1.920000e-06	3.248702e-06	9.644928e-09	2.345771e+01	5.747728e+02
1.930000e-06	3.242306e-06	9.623050e-09	2.341153e+01	5.740789e+02
1.940000e-06	3.234978e-06	9.711742e-09	2.335862e+01	5.732799e+02
1.950000e-06	3.226591e-06	9.768780e-09	2.329806e+01	5.724252e+02
1.960000e-06	3.216708e-06	9.571034e-09	2.322670e+01	5.715615e+02
1.970000e-06	3.205853e-06	9.394607e-09	2.314832e+01	5.707205e+02
1.980000e-06	3.195066e-06	9.572756e-09	2.307043e+01	5.699102e+02
1.990000e-06	3.183802e-06	9.806830e-09	2.298910e+01	5.691123e+02
2.000000e-06	3.170606e-06	9.467995e-09	2.289381e+01	5.682861e+02
2.010000e-06	3.155920e-06	9.413478e-09	2.278777e+01	5.673783e+02
2.020000e-06	3.140985e-06	9.742990e-09	2.267993e+01	5.663363e+02
2.030000e-06	3.125245e-06	9.656316e-09	2.256628e+01	5.651203e+02
2.040000e-06	3.108144e-06	9.392600e-09	2.244280e+01	5.637126e+02
2.050000e-06	3.090574e-06	9.465860e-09	2.231593e+01	5.621196e+02
2.060000e-06	3.072618e-06	9.501505e-09	2.218628e+01	5.603681e+02
2.070000e-06	3.053562e-06	9.238569e-09	2.204868e+01	5.584959e+02
2.080000e-06	3.033789e-06	9.568902e-09	2.190591e+01	5.565407e+02
2.090000e-06	3.013504e-06	9.580742e-09	2.175943e+01	5.545291e+02
2.100000e-06	2.991740e-06	8.986006e-09	2.160229e+01	5.524706e+02
2.110000e-06	2.968663e-06	9.253119e-09	2.143566e+01	5.503564e+02
2.120000e-06	2.944954e-06	9.608739e-09	2.126446e+01	5.481641e+02
2.130000e-06	2.920437e-06	9.073493e-09	2.108743e+01	5.458662e+02
2.140000e-06	2.895223e-06	8.893632e-09	2.090537e+01	5.434389e+02
2.150000e-06	2.869265e-06	9.289445e-09	2.071794e+01	5.408699e+02
2.160000e-06	2.842290e-06	9.267613e-09	2.052316e+01	5.381616e+02
2.170000e-06	2.814798e-06	8.957378e-09	2.032465e+01	5.353292e+02
2.180000e-06	2.786656e-06	8.839190e-09	2.012144e+01	5.323951e+02
2.190000e-06	2.757029e-06	8.941011e-09	1.990752e+01	5.293816e+02
2.200000e-06	2.726310e-06	9.082287e-09	1.968571e+01	5.263035e+02
2.210000e-06	2.695074e-06	8.776829e-09	1.946017e+01	5.231636e+02
2.220000e-06	2.663132e-06	8.543480e-09	1.922953e+01	5.199522e+02
2.230000e-06	2.630337e-06	8.849986e-09	1.899273e+01	5.166511e+02
2.240000e-06	2.596798e-06	8.776431e-09	1.875055e+01	5.132391e+02
2.250000e-06	2.562634e-06	8.467656e-09	1.850386e+01	5.096985e+02
2.260000e-06	2.528003e-06	8.488141e-09	1.825380e+01	5.060205e+02
2.270000e-06	2.492730e-06	8.503673e-09	1.799912e+01	5.022062e+02
2.280000e-06	2.456794e-06	8.444417e-09	1.773963e+01	4.982657e+02
2.290000e-06	2.420303e-06	8.352548e-09	1.747614e+01	4.942130e+02
2.300000e-06	2.382697e-06	8.174658e-09	1.720460e+01	4.900607e+02
2.310000e-06	2.343947e-06	8.193656e-09	1.692480e+01	4.858159e+02
2.320000e-06	2.304602e-06	8.215152e-09	1.664071e+01	4.814774e+02
2.330000e-06	2.264857e-06	8.014798e-09	1.635373e+01	4.770366e+02
2.340000e-06	2.224576e-06	7.916530e-09	1.606287e+01	4.724810e+02
2.350000e-06	2.183631e-06	7.889877e-09	1.576722e+01	4.677990e+02
2.360000e-06	2.142125e-06	7.867559e-09	1.546752e+01	4.629836e+02
2.370000e-06	2.100112e-06	7.745797e-09	1.516416e+01	4.580348e+02
2.380000e-06	2.057520e-06	7.566609e-09	1.485662e+01	4.529594e+02
2.390000e-06	2.014422e-06	7.540247e-09	1.454542e+01	4.477675e+02
2.400000e-06	1.970953e-06	7.521907e-09	1.423155e+01	4.424684e+02
2.410000e-06	1.927118e-06	7.380778e-09	1.391503e+01	4.370660e+02
2.420000e-06	1.882833e-06	7.226821e-09	1.359526e+01	4.315560e+02
2.430000e-06	1.837877e-06	7.168597e-09	1.327065e+01	4.259260e+02
2.440000e-06	1.792178e-06	7.149922e-09	1.294068e+01	4.201580e+02
2.450000e-06	1.745968e-06	7.009644e-09	1.260701e+01	4.142329e+02
2.460000e-06	1.699414e-06	6.816450e-09	1.227086e+01	4.081351e+02
2.470000e-06	1.652481e-06	6.770063e-09	1.193198e+01	4.018567e+02
2.480000e-06	1.605025e-06	6.717339e-09	1.158931e+01	3.953984e+02
2.490000e-06	1.556873e-06	6.569246e-09	1.124162e+01	3.887680e+02
2.500000e-06	1.508169e-06	6.408325e-09	1.088995e+01	3.819772e+02
2.510000e-06	1.459029e-06	6.309825e-09	1.053512e+01	3.750362e+02
2.520000e-06	1.409432e-06	6.259623e-09	1.017700e+01	3.679498e+02
2.530000e-06	1.359452e-06	6.101989e-09	9.816118e+00	3.607152e+02
2.540000e-06	1.309019e-06	5.922002e-09	9.451959e+00	3.533217e+02
2.550000e-06	1.258142e-06	5.827901e-09	9.084597e+00	3.457537e+02
2.560000e-06	1.206928e-06	5.744313e-09	8.714799e+00	3.379944e+02
2.570000e-06	1.155419e-06	5.592633e-09	8.342865e+00	3.300300e+02
2.580000e-06	1.103557e-06	5.404480e-09	7.968389e+00	3.218524e+02
2.590000e-06	1.051316e-06	5.278312e-09	7.591175e+00	3.134599e+02
2.600000e-06	9.986591e-07	5.180749e-09	7.210961e+00	3.048555e+02
2.610000e-06	9.455679e-07	5.015021e-09	6.827608e+00	2.960439e+02
2.620000e-06	8.920709e-07	4.822917e-09	6.441326e+00	2.870280e+02
2.630000e-06	8.381561e-07	4.683336e-09	6.052026e+00	2.778059e+02
2.640000e-06	7.837554e-07	4.563491e-09	5.659218e+00	2.683701e+02
2.650000e-06	7.289944e-07	4.394173e-09	5.263809e+00	2.587082e+02
2.660000e-06	6.740931e-07	4.181492e-09	4.867385e+00	2.488058e+02
2.670000e-06	6.190004e-07	4.017313e-09	4.469581e+00	2.386492e+02
2.680000e-06	5.636901e-07	3.881605e-09	4.070205e+00	2.282286e+02
2.690000e-06	5.082697e-07	3.696860e-09	3.670034e+00	2.175383e+02
2.700000e-06	4.528027e-07	3.481865e-09	3.269527e+00	2.065767e+02
2.710000e-06	3.973003e-07	3.293095e-09	2.868764e+00	1.953436e+02
2.720000e-06	3.417521e-07	3.136614e-09	2.467670e+00	1.838375e+02
2.730000e-06	2.861884e-07	2.939131e-09	2.066464e+00	1.720529e+02
2.740000e-06	2.306236e-07	2.702116e-09	1.665251e+00	1.599801e+02
2.750000e-06	1.750050e-07	2.489911e-09	1.263649e+00	1.476056e+02
2.760000e-06	1.193358e-07	2.304616e-09	8.616813e-01	1.349160e+02
2.770000e-06	6.366405e-08	2.090331e-09	4.596954e-01	1.219015e+02
2.780000e-06	8.000376e-09	1.837898e-09	5.776786e-02	1.085603e+02
2.790000e-06	-4.765692e-08	1.605549e-09	-3.441136e-01	9.490116e+01
2.800000e-06	-1.033138e-07	1.400671e-09	-7.459917e-01	8.094371e+01
2.810000e-06	-1.589550e-07	1.168051e-09	-1.147757e+00	6.671723e+01
2.820000e-06	-2.145910e-07	8.957881e-10	-1.549485e+00	5.225712e+01
2.830000e-06	-2.701852e-07	6.400356e-10	-1.950911e+00	3.760107e+01
2.840000e-06	-3.257066e-07	4.097440e-10	-2.351811e+00	2.278559e+01
2.850000e-06	-3.811716e-07	1.619699e-10	-2.752304e+00	7.844061e+00
2.860000e-06	-4.365920e-07	-1.123593e-10	-3.152475e+00	-7.193467e+00
2.870000e-06	-4.920280e-07	-3.717739e-10	-3.552758e+00	-2.229884e+01
2.880000e-06	-5.474156e-07	-6.044786e-10	-3.952693e+00	-3.744359e+01
2.890000e-06	-6.026773e-07	-8.521146e-10	-4.351717e+00	-5.259691e+01
2.900000e-06	-6.578107e-07	-1.124310e-09	-4.749817e+00	-6.772460e+01
2.910000e-06	-7.127824e-07	-1.386513e-09	-5.146748e+00	-8.278960e+01
2.920000e-06	-7.675054e-07	-1.624087e-09	-5.541883e+00	-9.775390e+01
2.930000e-06	-8.219619e-07	-1.869849e-09	-5.935093e+00	-1.125812e+02
2.940000e-06	-8.760753e-07	-2.134426e-09	-6.325827e+00	-1.272397e+02
2.950000e-06	-9.296288e-07	-2.387698e-09	-6.712518e+00	-1.417034e+02
2.960000e-06	-9.826848e-07	-2.615909e-09	-7.095616e+00	-1.559531e+02
2.970000e-06	-1.035380e-06	-2.843179e-09	-7.476106e+00	-1.699747e+02
2.980000e-06	-1.087645e-06	-3.087053e-09	-7.853495e+00	-1.837571e+02
2.990000e-06	-1.139499e-06	-3.322355e-09	-8.227912e+00	-1.972902e+02
3.000000e-06	-1.191029e-06	-3.534861e-09	-8.599996e+00	-2.105628e+02
3.010000e-06	-1.242299e-06	-3.747505e-09	-8.970196e+00	-2.235625e+02
3.020000e-06	-1.293217e-06	-3.975145e-09	-9.337861e+00	-2.362759e+02
3.030000e-06	-1.343641e-06	-4.193819e-09	-9.701953e+00	-2.486908e+02
3.040000e-06	-1.393637e-06	-4.390257e-09	-1.006295e+01	-2.607979e+02
3.050000e-06	-1.443273e-06	-4.582330e-09	-1.042136e+01	-2.725922e+02
3.060000e-06	-1.492444e-06	-4.784662e-09	-1.077641e+01	-2.840740e+02
3.070000e-06	-1.540993e-06	-4.981998e-09	-1.112696e+01	-2.952472e+02
3.080000e-06	-1.588826e-06	-5.157614e-09	-1.147235e+01	-3.061186e+02
3.090000e-06	-1.635973e-06	-5.328152e-09	-1.181277e+01	-3.166949e+02
3.100000e-06	-1.682574e-06	-5.508823e-09	-1.214926e+01	-3.269817e+02
3.110000e-06	-1.728712e-06	-5.686902e-09	-1.248241e+01	-3.369822e+02
3.120000e-06	-1.774533e-06	-5.845910e-09	-1.281327e+01	-3.466976e+02
3.130000e-06	-1.820071e-06	-5.999593e-09	-1.314208e+01	-3.561281e+02
3.140000e-06	-1.865094e-06	-6.160723e-09	-1.346718e+01	-3.652751e+02
3.150000e-06	-1.909469e-06	-6.318754e-09	-1.378760e+01	-3.741420e+02
3.160000e-06	-1.953370e-06	-6.459198e-09	-1.410459e+01	-3.827347e+02
3.170000e-06	-1.996977e-06	-6.593253e-09	-1.441946e+01	-3.910615e+02
3.180000e-06	-2.040277e-06	-6.735011e-09	-1.473211e+01	-3.991314e+02
3.190000e-06	-2.083090e-06	-6.875507e-09	-1.504125e+01	-4.069525e+02
3.200000e-06	-2.125238e-06	-7.001962e-09	-1.534559e+01	-4.145302e+02
3.210000e-06	-2.166819e-06	-7.120945e-09	-1.564582e+01	-4.218669e+02
3.220000e-06	-2.207832e-06	-7.243349e-09	-1.594197e+01	-4.289622e+02
3.230000e-06	-2.248214e-06	-7.365439e-09	-1.623355e+01	-4.358144e+02
3.240000e-06	-2.288119e-06	-7.475880e-09	-1.652169e+01	-4.424227e+02
3.250000e-06	-2.327607e-06	-7.578975e-09	-1.680682e+01	-4.487888e+02
3.260000e-06	-2.366502e-06	-7.683481e-09	-1.708767e+01	-4.549184e+02
3.270000e-06	-2.404457e-06	-7.786623e-09	-1.736172e+01	-4.608208e+02
3.280000e-06	-2.441381e-06	-7.884369e-09	-1.762834e+01	-4.665081e+02
3.290000e-06	-2.477503e-06	-7.975972e-09	-1.788916e+01	-4.719935e+02
3.300000e-06	-2.513074e-06	-8.067008e-09	-1.814601e+01	-4.772893e+02
3.310000e-06	-2.548090e-06	-8.153833e-09	-1.839885e+01	-4.824057e+02
3.320000e-06	-2.582388e-06	-8.236354e-09	-1.864650e+01	-4.873502e+02
3.330000e-06	-2.615977e-06	-8.314192e-09	-1.888904e+01	-4.921279e+02
3.340000e-06	-2.648857e-06	-8.393713e-09	-1.912645e+01	-4.967429e+02
3.350000e-06	-2.680995e-06	-8.472166e-09	-1.935851e+01	-5.011991e+02
3.360000e-06	-2.712541e-06	-8.546111e-09	-1.958629e+01	-5.055010e+02
3.370000e-06	-2.743339e-06	-8.615109e-09	-1.980867e+01	-5.096534e+02
3.380000e-06	-2.772982e-06	-8.682510e-09	-2.002271e+01	-5.136610e+02
3.390000e-06	-2.801510e-06	-8.748931e-09	-2.022871e+01	-5.175269e+02
3.400000e-06	-2.829286e-06	-8.809529e-09	-2.042926e+01	-5.212524e+02
3.410000e-06	-2.856418e-06	-8.867561e-09	-2.062517e+01	-5.248363e+02
3.420000e-06	-2.882773e-06	-8.925896e-09	-2.081548e+01	-5.282762e+02
3.430000e-06	-2.908394e-06	-8.983213e-09	-2.100048e+01	-5.315699e+02
3.440000e-06	-2.933144e-06	-9.033866e-09	-2.117919e+01	-5.347174e+02
3.450000e-06	-2.957107e-06	-9.082321e-09	-2.135222e+01	-5.377221e+02
3.460000e-06	-2.980513e-06	-9.130076e-09	-2.152122e+01	-5.405915e+02
3.470000e-06	-3.003064e-06	-9.178403e-09	-2.168405e+01	-5.433355e+02
3.480000e-06	-3.024303e-06	-9.221506e-09	-2.183741e+01	-5.459645e+02
3.490000e-06	-3.044468e-06	-9.261764e-09	-2.198302e+01	-5.484864e+02
3.500000e-06	-3.064066e-06	-9.301439e-09	-2.212453e+01	-5.509043e+02
3.510000e-06	-3.082904e-06	-9.341043e-09	-2.226055e+01	-5.532152e+02
3.520000e-06	-3.100874e-06	-9.378206e-09	-2.239030e+01	-5.554116e+02
3.530000e-06	-3.118060e-06	-9.411615e-09	-2.251440e+01	-5.574832e+02
3.540000e-06	-3.134399e-06	-9.445261e-09	-2.263237e+01	-5.594215e+02
3.550000e-06	-3.150063e-06	-9.477476e-09	-2.274548e+01	-5.612231e+02
3.560000e-06	-3.164987e-06	-9.503899e-09	-2.285324e+01	-5.628915e+02
3.570000e-06	-3.178604e-06	-9.526624e-09	-2.295156e+01	-5.644373e+02
3.580000e-06	-3.190956e-06	-9.550876e-09	-2.304076e+01	-5.658756e+02
3.590000e-06	-3.202408e-06	-9.575667e-09	-2.312345e+01	-5.672216e+02
3.600000e-06	-3.212917e-06	-9.596717e-09	-2.319933e+01	-5.684859e+02
3.610000e-06	-3.222543e-06	-9.615062e-09	-2.326883e+01	-5.696711e+02
3.620000e-06	-3.231244e-06	-9.636997e-09	-2.333166e+01	-5.707707e+02
3.630000e-06	-3.239167e-06	-9.655315e-09	-2.338887e+01	-5.717712e+02
3.640000e-06	-3.246402e-06	-9.668486e-09	-2.344111e+01	-5.726567e+02
3.650000e-06	-3.252455e-06	-9.679907e-09	-2.348482e+01	-5.734152e+02
3.660000e-06	-3.257209e-06	-9.690036e-09	-2.351914e+01	-5.740430e+02
3.670000e-06	-3.261154e-06	-9.698441e-09	-2.354763e+01	-5.745479e+02
3.680000e-06	-3.264371e-06	-9.706697e-09	-2.357086e+01	-5.749479e+02
3.690000e-06	-3.266644e-06	-9.715478e-09	-2.358727e+01	-5.752661e+02
3.700000e-06	-3.268066e-06	-9.721820e-09	-2.359754e+01	-5.755240e+02
