# Temperatura_=_20.0
# Concentracion g/m^3_=_12000.0
# C_Vs_to_Am_M_A/Vsm_=_59384043850.047264
# pendiente_HvsI_1/m_=_3716.3
# ordenada_HvsI_A/m_=_1297.0
# frecuencia_Hz_=_269549.9801831885

Tiempo_(s)	Campo_(V.s)	Magnetizacion_(V.s)	Campo_(kA/m)	Magnetizacion_(A/m)
0.000000e+00	-3.267071e-06	-9.739075e-09	-2.359726e+01	-5.746256e+02
1.000000e-08	-3.266267e-06	-9.732725e-09	-2.359146e+01	-5.747090e+02
2.000000e-08	-3.264400e-06	-9.726198e-09	-2.357797e+01	-5.746972e+02
3.000000e-08	-3.261407e-06	-9.723309e-09	-2.355635e+01	-5.745637e+02
4.000000e-08	-3.257535e-06	-9.722328e-09	-2.352839e+01	-5.742898e+02
5.000000e-08	-3.252903e-06	-9.723129e-09	-2.349493e+01	-5.738727e+02
6.000000e-08	-3.247473e-06	-9.729905e-09	-2.345571e+01	-5.733290e+02
7.000000e-08	-3.241152e-06	-9.727699e-09	-2.341006e+01	-5.726923e+02
8.000000e-08	-3.233823e-06	-9.673835e-09	-2.335712e+01	-5.720067e+02
9.000000e-08	-3.225382e-06	-9.590190e-09	-2.329615e+01	-5.713156e+02
1.000000e-07	-3.215759e-06	-9.678259e-09	-2.322665e+01	-5.706505e+02
1.100000e-07	-3.205049e-06	-9.766552e-09	-2.314929e+01	-5.700215e+02
1.200000e-07	-3.193553e-06	-9.709639e-09	-2.306626e+01	-5.694139e+02
1.300000e-07	-3.181207e-06	-9.493490e-09	-2.297709e+01	-5.687899e+02
1.400000e-07	-3.167894e-06	-9.540262e-09	-2.288093e+01	-5.680967e+02
1.500000e-07	-3.153864e-06	-9.676081e-09	-2.277959e+01	-5.672788e+02
1.600000e-07	-3.138604e-06	-9.413160e-09	-2.266938e+01	-5.662895e+02
1.700000e-07	-3.121928e-06	-9.397816e-09	-2.254893e+01	-5.651015e+02
1.800000e-07	-3.104587e-06	-9.429092e-09	-2.242368e+01	-5.637110e+02
1.900000e-07	-3.086674e-06	-9.418691e-09	-2.229429e+01	-5.621365e+02
2.000000e-07	-3.067727e-06	-9.458138e-09	-2.215745e+01	-5.604122e+02
2.100000e-07	-3.047864e-06	-9.373596e-09	-2.201399e+01	-5.585775e+02
2.200000e-07	-3.027498e-06	-9.255249e-09	-2.186689e+01	-5.566664e+02
2.300000e-07	-3.006428e-06	-9.208563e-09	-2.171470e+01	-5.546995e+02
2.400000e-07	-2.984442e-06	-9.362709e-09	-2.155590e+01	-5.526795e+02
2.500000e-07	-2.961727e-06	-9.338345e-09	-2.139184e+01	-5.505929e+02
2.600000e-07	-2.938296e-06	-9.056791e-09	-2.122260e+01	-5.484149e+02
2.700000e-07	-2.914047e-06	-9.093584e-09	-2.104746e+01	-5.461172e+02
2.800000e-07	-2.888973e-06	-9.239402e-09	-2.086635e+01	-5.436761e+02
2.900000e-07	-2.862819e-06	-9.086321e-09	-2.067745e+01	-5.410777e+02
3.000000e-07	-2.835527e-06	-8.923692e-09	-2.048032e+01	-5.383208e+02
3.100000e-07	-2.807459e-06	-8.916192e-09	-2.027759e+01	-5.354154e+02
3.200000e-07	-2.778664e-06	-9.015463e-09	-2.006962e+01	-5.323789e+02
3.300000e-07	-2.749092e-06	-8.897604e-09	-1.985602e+01	-5.292311e+02
3.400000e-07	-2.718862e-06	-8.705145e-09	-1.963768e+01	-5.259898e+02
3.500000e-07	-2.687823e-06	-8.710958e-09	-1.941349e+01	-5.226674e+02
3.600000e-07	-2.656023e-06	-8.756169e-09	-1.918381e+01	-5.192703e+02
3.700000e-07	-2.623775e-06	-8.646949e-09	-1.895089e+01	-5.158000e+02
3.800000e-07	-2.590893e-06	-8.520052e-09	-1.871339e+01	-5.122550e+02
3.900000e-07	-2.556922e-06	-8.520029e-09	-1.846802e+01	-5.086326e+02
4.000000e-07	-2.521779e-06	-8.476937e-09	-1.821420e+01	-5.049301e+02
4.100000e-07	-2.485862e-06	-8.420967e-09	-1.795478e+01	-5.011444e+02
4.200000e-07	-2.449474e-06	-8.320232e-09	-1.769196e+01	-4.972707e+02
4.300000e-07	-2.412498e-06	-8.240714e-09	-1.742489e+01	-4.933019e+02
4.400000e-07	-2.374818e-06	-8.217934e-09	-1.715273e+01	-4.892271e+02
4.500000e-07	-2.336477e-06	-8.162150e-09	-1.687581e+01	-4.850329e+02
4.600000e-07	-2.297509e-06	-8.037903e-09	-1.659435e+01	-4.807056e+02
4.700000e-07	-2.257940e-06	-7.948139e-09	-1.630855e+01	-4.762335e+02
4.800000e-07	-2.217867e-06	-7.923994e-09	-1.601912e+01	-4.716105e+02
4.900000e-07	-2.177379e-06	-7.840896e-09	-1.572668e+01	-4.668376e+02
5.000000e-07	-2.136405e-06	-7.731826e-09	-1.543074e+01	-4.619232e+02
5.100000e-07	-2.094616e-06	-7.632240e-09	-1.512890e+01	-4.568809e+02
5.200000e-07	-2.051816e-06	-7.582464e-09	-1.481977e+01	-4.517260e+02
5.300000e-07	-2.008206e-06	-7.508122e-09	-1.450478e+01	-4.464707e+02
5.400000e-07	-1.964121e-06	-7.384283e-09	-1.418637e+01	-4.411213e+02
5.500000e-07	-1.919699e-06	-7.277005e-09	-1.386552e+01	-4.356753e+02
5.600000e-07	-1.874803e-06	-7.219680e-09	-1.354124e+01	-4.301223e+02
5.700000e-07	-1.829343e-06	-7.140850e-09	-1.321290e+01	-4.244460e+02
5.800000e-07	-1.783378e-06	-7.002157e-09	-1.288091e+01	-4.186283e+02
5.900000e-07	-1.736983e-06	-6.898888e-09	-1.254581e+01	-4.126534e+02
6.000000e-07	-1.690068e-06	-6.823878e-09	-1.220695e+01	-4.065106e+02
6.100000e-07	-1.642602e-06	-6.727351e-09	-1.186411e+01	-4.001962e+02
6.200000e-07	-1.594720e-06	-6.585906e-09	-1.151827e+01	-3.937119e+02
6.300000e-07	-1.546501e-06	-6.472039e-09	-1.117000e+01	-3.870631e+02
6.400000e-07	-1.497837e-06	-6.386239e-09	-1.081852e+01	-3.802551e+02
6.500000e-07	-1.448479e-06	-6.275196e-09	-1.046201e+01	-3.732904e+02
6.600000e-07	-1.398509e-06	-6.129502e-09	-1.010109e+01	-3.661670e+02
6.700000e-07	-1.347960e-06	-5.994301e-09	-9.735986e+00	-3.588785e+02
6.800000e-07	-1.296756e-06	-5.895042e-09	-9.366151e+00	-3.514153e+02
6.900000e-07	-1.245035e-06	-5.771718e-09	-8.992586e+00	-3.437677e+02
7.000000e-07	-1.192939e-06	-5.623746e-09	-8.616312e+00	-3.359273e+02
7.100000e-07	-1.140516e-06	-5.480865e-09	-8.237670e+00	-3.278892e+02
7.200000e-07	-1.087703e-06	-5.364160e-09	-7.856212e+00	-3.196518e+02
7.300000e-07	-1.034567e-06	-5.231335e-09	-7.472424e+00	-3.112151e+02
7.400000e-07	-9.811610e-07	-5.069069e-09	-7.086688e+00	-3.025788e+02
7.500000e-07	-9.274628e-07	-4.910531e-09	-6.698839e+00	-2.937400e+02
7.600000e-07	-8.735079e-07	-4.770080e-09	-6.309135e+00	-2.846919e+02
7.700000e-07	-8.193074e-07	-4.626005e-09	-5.917659e+00	-2.754237e+02
7.800000e-07	-7.649857e-07	-4.452744e-09	-5.525306e+00	-2.659222e+02
7.900000e-07	-7.105685e-07	-4.281666e-09	-5.132264e+00	-2.561739e+02
8.000000e-07	-6.559382e-07	-4.126143e-09	-4.737683e+00	-2.461677e+02
8.100000e-07	-6.010660e-07	-3.965516e-09	-4.341354e+00	-2.358965e+02
8.200000e-07	-5.460492e-07	-3.775092e-09	-3.943981e+00	-2.253581e+02
8.300000e-07	-4.909303e-07	-3.582340e-09	-3.545871e+00	-2.145533e+02
8.400000e-07	-4.357007e-07	-3.405405e-09	-3.146960e+00	-2.034841e+02
8.500000e-07	-3.803147e-07	-3.223133e-09	-2.746921e+00	-1.921510e+02
8.600000e-07	-3.247851e-07	-3.019408e-09	-2.345844e+00	-1.805507e+02
8.700000e-07	-2.691618e-07	-2.808889e-09	-1.944090e+00	-1.686753e+02
8.800000e-07	-2.134820e-07	-2.613198e-09	-1.541929e+00	-1.565130e+02
8.900000e-07	-1.578141e-07	-2.411791e-09	-1.139853e+00	-1.440509e+02
9.000000e-07	-1.021637e-07	-2.191814e-09	-7.379033e-01	-1.312779e+02
9.100000e-07	-4.650776e-08	-1.961729e-09	-3.359142e-01	-1.181884e+02
9.200000e-07	9.249533e-09	-1.742498e-09	6.680713e-02	-1.047847e+02
9.300000e-07	6.502271e-08	-1.521292e-09	4.696433e-01	-9.107816e+01
9.400000e-07	1.207334e-07	-1.279191e-09	8.720282e-01	-7.708862e+01
9.500000e-07	1.764117e-07	-1.032338e-09	1.274179e+00	-6.284258e+01
9.600000e-07	2.320724e-07	-7.914556e-10	1.676203e+00	-4.837072e+01
9.700000e-07	2.876991e-07	-5.508567e-10	2.077981e+00	-3.370557e+01
9.800000e-07	3.432368e-07	-3.005340e-10	2.479116e+00	-1.887978e+01
9.900000e-07	3.986438e-07	-4.782378e-11	2.879308e+00	-3.925537e+00
1.000000e-06	4.539400e-07	2.000359e-10	3.278699e+00	1.112530e+01
1.010000e-06	5.091236e-07	4.482376e-10	3.677276e+00	2.624040e+01
1.020000e-06	5.641265e-07	7.071978e-10	4.074549e+00	4.138630e+01
1.030000e-06	6.189020e-07	9.702769e-10	4.470179e+00	5.652821e+01
1.040000e-06	6.735062e-07	1.224723e-09	4.864572e+00	7.163045e+01
1.050000e-06	7.279584e-07	1.474071e-09	5.257867e+00	8.665761e+01
1.060000e-06	7.822313e-07	1.723432e-09	5.649867e+00	1.015758e+02
1.070000e-06	8.363881e-07	1.971238e-09	6.041028e+00	1.163540e+02
1.080000e-06	8.903594e-07	2.210452e-09	6.430850e+00	1.309643e+02
1.090000e-06	9.440381e-07	2.448288e-09	6.818558e+00	1.453821e+02
1.100000e-06	9.974193e-07	2.689963e-09	7.204118e+00	1.595857e+02
1.110000e-06	1.050468e-06	2.929630e-09	7.587274e+00	1.735549e+02
1.120000e-06	1.103192e-06	3.161749e-09	7.968088e+00	1.872710e+02
1.130000e-06	1.155608e-06	3.386235e-09	8.346679e+00	2.007168e+02
1.140000e-06	1.207714e-06	3.608983e-09	8.723022e+00	2.138772e+02
1.150000e-06	1.259400e-06	3.825234e-09	9.096340e+00	2.267402e+02
1.160000e-06	1.310545e-06	4.029619e-09	9.465749e+00	2.392983e+02
1.170000e-06	1.361137e-06	4.227036e-09	9.831162e+00	2.515493e+02
1.180000e-06	1.411036e-06	4.430268e-09	1.019157e+01	2.634956e+02
1.190000e-06	1.460178e-06	4.632019e-09	1.054651e+01	2.751434e+02
1.200000e-06	1.508773e-06	4.823075e-09	1.089750e+01	2.865001e+02
1.210000e-06	1.557035e-06	5.005330e-09	1.124609e+01	2.975727e+02
1.220000e-06	1.605001e-06	5.185890e-09	1.159253e+01	3.083655e+02
1.230000e-06	1.652556e-06	5.365747e-09	1.193601e+01	3.188791e+02
1.240000e-06	1.699649e-06	5.534156e-09	1.227615e+01	3.291109e+02
1.250000e-06	1.746277e-06	5.693626e-09	1.261294e+01	3.390565e+02
1.260000e-06	1.792375e-06	5.853560e-09	1.294589e+01	3.487114e+02
1.270000e-06	1.837923e-06	6.014657e-09	1.327487e+01	3.580736e+02
1.280000e-06	1.882944e-06	6.167293e-09	1.360005e+01	3.671443e+02
1.290000e-06	1.927509e-06	6.313879e-09	1.392193e+01	3.759289e+02
1.300000e-06	1.971725e-06	6.457232e-09	1.424129e+01	3.844355e+02
1.310000e-06	2.015642e-06	6.595927e-09	1.455849e+01	3.926739e+02
1.320000e-06	2.059107e-06	6.726813e-09	1.487243e+01	4.006531e+02
1.330000e-06	2.101809e-06	6.851156e-09	1.518086e+01	4.083804e+02
1.340000e-06	2.143524e-06	6.975264e-09	1.548215e+01	4.158606e+02
1.350000e-06	2.184397e-06	7.097760e-09	1.577737e+01	4.230962e+02
1.360000e-06	2.224743e-06	7.215492e-09	1.606878e+01	4.300891e+02
1.370000e-06	2.264651e-06	7.329248e-09	1.635702e+01	4.368419e+02
1.380000e-06	2.304022e-06	7.438665e-09	1.664139e+01	4.433590e+02
1.390000e-06	2.342739e-06	7.543978e-09	1.692103e+01	4.496476e+02
1.400000e-06	2.380744e-06	7.643020e-09	1.719554e+01	4.557169e+02
1.410000e-06	2.418045e-06	7.736801e-09	1.746495e+01	4.615771e+02
1.420000e-06	2.454771e-06	7.828959e-09	1.773021e+01	4.672376e+02
1.430000e-06	2.491036e-06	7.922282e-09	1.799215e+01	4.727066e+02
1.440000e-06	2.526830e-06	8.012830e-09	1.825068e+01	4.779895e+02
1.450000e-06	2.561845e-06	8.097357e-09	1.850358e+01	4.830899e+02
1.460000e-06	2.595723e-06	8.179541e-09	1.874828e+01	4.880106e+02
1.470000e-06	2.628596e-06	8.260334e-09	1.898571e+01	4.927545e+02
1.480000e-06	2.660761e-06	8.337163e-09	1.921803e+01	4.973260e+02
1.490000e-06	2.692288e-06	8.408531e-09	1.944574e+01	5.017311e+02
1.500000e-06	2.723153e-06	8.477787e-09	1.966867e+01	5.059768e+02
1.510000e-06	2.753284e-06	8.545929e-09	1.988630e+01	5.100698e+02
1.520000e-06	2.782554e-06	8.612865e-09	2.009772e+01	5.140154e+02
1.530000e-06	2.811095e-06	8.677833e-09	2.030386e+01	5.178162e+02
1.540000e-06	2.839133e-06	8.741599e-09	2.050636e+01	5.214723e+02
1.550000e-06	2.866478e-06	8.801987e-09	2.070387e+01	5.249824e+02
1.560000e-06	2.892615e-06	8.858305e-09	2.089266e+01	5.283452e+02
1.570000e-06	2.917567e-06	8.911087e-09	2.107287e+01	5.315620e+02
1.580000e-06	2.941720e-06	8.961653e-09	2.124733e+01	5.346374e+02
1.590000e-06	2.965096e-06	9.011952e-09	2.141617e+01	5.375799e+02
1.600000e-06	2.987634e-06	9.059968e-09	2.157896e+01	5.404001e+02
1.610000e-06	3.009361e-06	9.105095e-09	2.173588e+01	5.431082e+02
1.620000e-06	3.030325e-06	9.149625e-09	2.188730e+01	5.457112e+02
1.630000e-06	3.050649e-06	9.194685e-09	2.203410e+01	5.482105e+02
1.640000e-06	3.070309e-06	9.237138e-09	2.217610e+01	5.506012e+02
1.650000e-06	3.089008e-06	9.273724e-09	2.231115e+01	5.528733e+02
1.660000e-06	3.106752e-06	9.307368e-09	2.243932e+01	5.550151e+02
1.670000e-06	3.123704e-06	9.339860e-09	2.256175e+01	5.570170e+02
1.680000e-06	3.139743e-06	9.370424e-09	2.267760e+01	5.588757e+02
1.690000e-06	3.154770e-06	9.399858e-09	2.278614e+01	5.605962e+02
1.700000e-06	3.168863e-06	9.425166e-09	2.288793e+01	5.621915e+02
1.710000e-06	3.182099e-06	9.449506e-09	2.298353e+01	5.636799e+02
1.720000e-06	3.194482e-06	9.473987e-09	2.307297e+01	5.650798e+02
1.730000e-06	3.205894e-06	9.495518e-09	2.315540e+01	5.664047e+02
1.740000e-06	3.216019e-06	9.514953e-09	2.322853e+01	5.676590e+02
1.750000e-06	3.224956e-06	9.532380e-09	2.329308e+01	5.688366e+02
1.760000e-06	3.233091e-06	9.550161e-09	2.335183e+01	5.699224e+02
1.770000e-06	3.240411e-06	9.566172e-09	2.340470e+01	5.708975e+02
1.780000e-06	3.246838e-06	9.578882e-09	2.345112e+01	5.717449e+02
1.790000e-06	3.252359e-06	9.589288e-09	2.349100e+01	5.724559e+02
1.800000e-06	3.257093e-06	9.597532e-09	2.352519e+01	5.730334e+02
1.810000e-06	3.261146e-06	9.604901e-09	2.355447e+01	5.734919e+02
1.820000e-06	3.264229e-06	9.610907e-09	2.357673e+01	5.738537e+02
1.830000e-06	3.266022e-06	9.614096e-09	2.358969e+01	5.741423e+02
1.840000e-06	3.266730e-06	9.618341e-09	2.359480e+01	5.743748e+02
1.850000e-06	3.266627e-06	9.619716e-09	2.359405e+01	5.745563e+02
1.860000e-06	3.265744e-06	9.618995e-09	2.358767e+01	5.746775e+02
1.870000e-06	3.264055e-06	9.618639e-09	2.357548e+01	5.747168e+02
1.880000e-06	3.261514e-06	9.617077e-09	2.355712e+01	5.746471e+02
1.890000e-06	3.258242e-06	9.615089e-09	2.353349e+01	5.744449e+02
1.900000e-06	3.254283e-06	9.608996e-09	2.350490e+01	5.740986e+02
1.910000e-06	3.249445e-06	9.593108e-09	2.346995e+01	5.736149e+02
1.920000e-06	3.243415e-06	9.568747e-09	2.342640e+01	5.730196e+02
1.930000e-06	3.236274e-06	9.615632e-09	2.337482e+01	5.723527e+02
1.940000e-06	3.228126e-06	9.676611e-09	2.331597e+01	5.716594e+02
1.950000e-06	3.218605e-06	9.517574e-09	2.324720e+01	5.709786e+02
1.960000e-06	3.207919e-06	9.429299e-09	2.317002e+01	5.703318e+02
1.970000e-06	3.196953e-06	9.482556e-09	2.309082e+01	5.697170e+02
1.980000e-06	3.185759e-06	9.630930e-09	2.300996e+01	5.691070e+02
1.990000e-06	3.173163e-06	9.574479e-09	2.291898e+01	5.684555e+02
2.000000e-06	3.158804e-06	9.434652e-09	2.281527e+01	5.677066e+02
2.010000e-06	3.143805e-06	9.669551e-09	2.270694e+01	5.668078e+02
2.020000e-06	3.128232e-06	9.653376e-09	2.259446e+01	5.657211e+02
2.030000e-06	3.111459e-06	9.543398e-09	2.247331e+01	5.644308e+02
2.040000e-06	3.093967e-06	9.561520e-09	2.234697e+01	5.629448e+02
2.050000e-06	3.076030e-06	9.457489e-09	2.221742e+01	5.612906e+02
2.060000e-06	3.057224e-06	9.390856e-09	2.208159e+01	5.595063e+02
2.070000e-06	3.037599e-06	9.481659e-09	2.193984e+01	5.576298e+02
2.080000e-06	3.017370e-06	9.513521e-09	2.179373e+01	5.556893e+02
2.090000e-06	2.996003e-06	9.279410e-09	2.163941e+01	5.536966e+02
2.100000e-06	2.973236e-06	9.243256e-09	2.147496e+01	5.516459e+02
2.110000e-06	2.949556e-06	9.489897e-09	2.130392e+01	5.495171e+02
2.120000e-06	2.925177e-06	9.282783e-09	2.112784e+01	5.472827e+02
2.130000e-06	2.900121e-06	9.025209e-09	2.094687e+01	5.449157e+02
2.140000e-06	2.874278e-06	9.182680e-09	2.076021e+01	5.423969e+02
2.150000e-06	2.847476e-06	9.250028e-09	2.056663e+01	5.397187e+02
2.160000e-06	2.820018e-06	9.109402e-09	2.036831e+01	5.368857e+02
2.170000e-06	2.792006e-06	8.943312e-09	2.016598e+01	5.339123e+02
2.180000e-06	2.762813e-06	8.971940e-09	1.995512e+01	5.308177e+02
2.190000e-06	2.732326e-06	9.066082e-09	1.973492e+01	5.276213e+02
2.200000e-06	2.701132e-06	8.909349e-09	1.950962e+01	5.243382e+02
2.210000e-06	2.669306e-06	8.700249e-09	1.927975e+01	5.209780e+02
2.220000e-06	2.636717e-06	8.786718e-09	1.904437e+01	5.175443e+02
2.230000e-06	2.603391e-06	8.806738e-09	1.880366e+01	5.140370e+02
2.240000e-06	2.569377e-06	8.614898e-09	1.855799e+01	5.104537e+02
2.250000e-06	2.534785e-06	8.533146e-09	1.830814e+01	5.067916e+02
2.260000e-06	2.499609e-06	8.509167e-09	1.805407e+01	5.030479e+02
2.270000e-06	2.463821e-06	8.482723e-09	1.779558e+01	4.992189e+02
2.280000e-06	2.427434e-06	8.395042e-09	1.753277e+01	4.952988e+02
2.290000e-06	2.390119e-06	8.264946e-09	1.726325e+01	4.912785e+02
2.300000e-06	2.351625e-06	8.229126e-09	1.698521e+01	4.871458e+02
2.310000e-06	2.312340e-06	8.218875e-09	1.670147e+01	4.828867e+02
2.320000e-06	2.272655e-06	8.110477e-09	1.641483e+01	4.784882e+02
2.330000e-06	2.232462e-06	7.981067e-09	1.612453e+01	4.739410e+02
2.340000e-06	2.191667e-06	7.921286e-09	1.582988e+01	4.692424e+02
2.350000e-06	2.150285e-06	7.883710e-09	1.553099e+01	4.643973e+02
2.360000e-06	2.108410e-06	7.801410e-09	1.522853e+01	4.594171e+02
2.370000e-06	2.066033e-06	7.653221e-09	1.492246e+01	4.543167e+02
2.380000e-06	2.023052e-06	7.573642e-09	1.461201e+01	4.491103e+02
2.390000e-06	1.979587e-06	7.541946e-09	1.429808e+01	4.438077e+02
2.400000e-06	1.935805e-06	7.442055e-09	1.398185e+01	4.384109e+02
2.410000e-06	1.891616e-06	7.297136e-09	1.366268e+01	4.329131e+02
2.420000e-06	1.846793e-06	7.202024e-09	1.333893e+01	4.273007e+02
2.430000e-06	1.801313e-06	7.164931e-09	1.301045e+01	4.215559e+02
2.440000e-06	1.755233e-06	7.053652e-09	1.267762e+01	4.156613e+02
2.450000e-06	1.708745e-06	6.894342e-09	1.234185e+01	4.096034e+02
2.460000e-06	1.661905e-06	6.798810e-09	1.200354e+01	4.033749e+02
2.470000e-06	1.614497e-06	6.741325e-09	1.166112e+01	3.969750e+02
2.480000e-06	1.566455e-06	6.626513e-09	1.131413e+01	3.904077e+02
2.490000e-06	1.517855e-06	6.473205e-09	1.096310e+01	3.836788e+02
2.500000e-06	1.468844e-06	6.355999e-09	1.060910e+01	3.767924e+02
2.510000e-06	1.419411e-06	6.277283e-09	1.025206e+01	3.697488e+02
2.520000e-06	1.369561e-06	6.153062e-09	9.892005e+00	3.625439e+02
2.530000e-06	1.319330e-06	5.988376e-09	9.529201e+00	3.551694e+02
2.540000e-06	1.268624e-06	5.866952e-09	9.162964e+00	3.476151e+02
2.550000e-06	1.217537e-06	5.765587e-09	8.793977e+00	3.398719e+02
2.560000e-06	1.166086e-06	5.633065e-09	8.422356e+00	3.319331e+02
2.570000e-06	1.114318e-06	5.463312e-09	8.048451e+00	3.237955e+02
2.580000e-06	1.062225e-06	5.318952e-09	7.672197e+00	3.154583e+02
2.590000e-06	1.009702e-06	5.206145e-09	7.292833e+00	3.069220e+02
2.600000e-06	9.566898e-07	5.064625e-09	6.909938e+00	2.981850e+02
2.610000e-06	9.032028e-07	4.889624e-09	6.523615e+00	2.892427e+02
2.620000e-06	8.493062e-07	4.725084e-09	6.134333e+00	2.800861e+02
2.630000e-06	7.950460e-07	4.587963e-09	5.742424e+00	2.707030e+02
2.640000e-06	7.404396e-07	4.430512e-09	5.348015e+00	2.610797e+02
2.650000e-06	6.855036e-07	4.238739e-09	4.951226e+00	2.512035e+02
2.660000e-06	6.303905e-07	4.059130e-09	4.553158e+00	2.410655e+02
2.670000e-06	5.751274e-07	3.909976e-09	4.154006e+00	2.306607e+02
2.680000e-06	5.197679e-07	3.744747e-09	3.754157e+00	2.199888e+02
2.690000e-06	4.643847e-07	3.543636e-09	3.354138e+00	2.090516e+02
2.700000e-06	4.088968e-07	3.342683e-09	2.953362e+00	1.978506e+02
2.710000e-06	3.533046e-07	3.163427e-09	2.551834e+00	1.863846e+02
2.720000e-06	2.976867e-07	2.974052e-09	2.150118e+00	1.746480e+02
2.730000e-06	2.420856e-07	2.751598e-09	1.748526e+00	1.626308e+02
2.740000e-06	1.864820e-07	2.535173e-09	1.346914e+00	1.503202e+02
2.750000e-06	1.308410e-07	2.340381e-09	9.450330e-01	1.377037e+02
2.760000e-06	7.515954e-08	2.136975e-09	5.428591e-01	1.247727e+02
2.770000e-06	1.941043e-08	1.900873e-09	1.401968e-01	1.115253e+02
2.780000e-06	-3.631734e-08	1.661949e-09	-2.623113e-01	9.796822e+01
2.790000e-06	-9.198889e-08	1.441822e-09	-6.644134e-01	8.411724e+01
2.800000e-06	-1.476750e-07	1.211251e-09	-1.066621e+00	6.999581e+01
2.810000e-06	-2.033373e-07	9.554972e-10	-1.468656e+00	5.563286e+01
2.820000e-06	-2.589592e-07	6.969377e-10	-1.870399e+00	4.106025e+01
2.830000e-06	-3.145410e-07	4.568801e-10	-2.271853e+00	2.631073e+01
2.840000e-06	-3.700866e-07	2.143189e-10	-2.673046e+00	1.141673e+01
2.850000e-06	-4.255891e-07	-4.459123e-11	-3.073927e+00	-3.589808e+00
2.860000e-06	-4.810459e-07	-3.051645e-10	-3.474478e+00	-1.867688e+01
2.870000e-06	-5.364686e-07	-5.526978e-10	-3.874782e+00	-3.381165e+01
2.880000e-06	-5.917957e-07	-8.014191e-10	-4.274396e+00	-4.895997e+01
2.890000e-06	-6.469135e-07	-1.064080e-09	-4.672499e+00	-6.408652e+01
2.900000e-06	-7.018512e-07	-1.327248e-09	-5.069301e+00	-7.915559e+01
2.910000e-06	-7.566289e-07	-1.577167e-09	-5.464947e+00	-9.413236e+01
2.920000e-06	-8.110809e-07	-1.820554e-09	-5.858241e+00	-1.089842e+02
2.930000e-06	-8.651444e-07	-2.071773e-09	-6.248728e+00	-1.236817e+02
2.940000e-06	-9.187647e-07	-2.323319e-09	-6.636014e+00	-1.381987e+02
2.950000e-06	-9.719159e-07	-2.563491e-09	-7.019912e+00	-1.525120e+02
2.960000e-06	-1.024619e-06	-2.794957e-09	-7.400572e+00	-1.666008e+02
2.970000e-06	-1.076912e-06	-3.030769e-09	-7.778275e+00	-1.804457e+02
2.980000e-06	-1.128830e-06	-3.265854e-09	-8.153265e+00	-1.940287e+02
2.990000e-06	-1.180407e-06	-3.489379e-09	-8.525792e+00	-2.073335e+02
3.000000e-06	-1.231691e-06	-3.704390e-09	-8.896206e+00	-2.203464e+02
3.010000e-06	-1.282580e-06	-3.920840e-09	-9.263763e+00	-2.330576e+02
3.020000e-06	-1.333086e-06	-4.136940e-09	-9.628557e+00	-2.454622e+02
3.030000e-06	-1.383201e-06	-4.340149e-09	-9.990524e+00	-2.575603e+02
3.040000e-06	-1.432834e-06	-4.535187e-09	-1.034901e+01	-2.693564e+02
3.050000e-06	-1.482036e-06	-4.731096e-09	-1.070438e+01	-2.808576e+02
3.060000e-06	-1.530758e-06	-4.925818e-09	-1.105629e+01	-2.920716e+02
3.070000e-06	-1.578865e-06	-5.111322e-09	-1.140376e+01	-3.030040e+02
3.080000e-06	-1.626203e-06	-5.288049e-09	-1.174567e+01	-3.136573e+02
3.090000e-06	-1.672852e-06	-5.465615e-09	-1.208260e+01	-3.240305e+02
3.100000e-06	-1.719140e-06	-5.639740e-09	-1.241693e+01	-3.341198e+02
3.110000e-06	-1.765117e-06	-5.804464e-09	-1.274901e+01	-3.439205e+02
3.120000e-06	-1.810686e-06	-5.961809e-09	-1.307815e+01	-3.534291e+02
3.130000e-06	-1.855826e-06	-6.119440e-09	-1.340418e+01	-3.626451e+02
3.140000e-06	-1.900354e-06	-6.275662e-09	-1.372580e+01	-3.715719e+02
3.150000e-06	-1.944273e-06	-6.423613e-09	-1.404302e+01	-3.802163e+02
3.160000e-06	-1.987849e-06	-6.563033e-09	-1.435775e+01	-3.885876e+02
3.170000e-06	-2.031143e-06	-6.699082e-09	-1.467045e+01	-3.966954e+02
3.180000e-06	-2.073979e-06	-6.834821e-09	-1.497985e+01	-4.045479e+02
3.190000e-06	-2.116259e-06	-6.965598e-09	-1.528522e+01	-4.121512e+02
3.200000e-06	-2.157994e-06	-7.089644e-09	-1.558667e+01	-4.195088e+02
3.210000e-06	-2.199184e-06	-7.208901e-09	-1.588417e+01	-4.266229e+02
3.220000e-06	-2.239727e-06	-7.326346e-09	-1.617700e+01	-4.334953e+02
3.230000e-06	-2.279667e-06	-7.438341e-09	-1.646548e+01	-4.401295e+02
3.240000e-06	-2.319156e-06	-7.548679e-09	-1.675070e+01	-4.465313e+02
3.250000e-06	-2.358125e-06	-7.656296e-09	-1.703216e+01	-4.527091e+02
3.260000e-06	-2.396282e-06	-7.759101e-09	-1.730776e+01	-4.586725e+02
3.270000e-06	-2.433433e-06	-7.856603e-09	-1.757610e+01	-4.644317e+02
3.280000e-06	-2.469772e-06	-7.950197e-09	-1.783856e+01	-4.699957e+02
3.290000e-06	-2.505491e-06	-8.042160e-09	-1.809656e+01	-4.753710e+02
3.300000e-06	-2.540619e-06	-8.130554e-09	-1.835027e+01	-4.805623e+02
3.310000e-06	-2.575036e-06	-8.214488e-09	-1.859886e+01	-4.855726e+02
3.320000e-06	-2.608708e-06	-8.295326e-09	-1.884207e+01	-4.904044e+02
3.330000e-06	-2.641664e-06	-8.373423e-09	-1.908010e+01	-4.950615e+02
3.340000e-06	-2.673898e-06	-8.451388e-09	-1.931292e+01	-4.995490e+02
3.350000e-06	-2.705501e-06	-8.528156e-09	-1.954118e+01	-5.038734e+02
3.360000e-06	-2.736464e-06	-8.598568e-09	-1.976482e+01	-5.080420e+02
3.370000e-06	-2.766403e-06	-8.666650e-09	-1.998106e+01	-5.120608e+02
3.380000e-06	-2.795129e-06	-8.731427e-09	-2.018854e+01	-5.159338e+02
3.390000e-06	-2.823016e-06	-8.790534e-09	-2.038996e+01	-5.196624e+02
3.400000e-06	-2.850267e-06	-8.847610e-09	-2.058679e+01	-5.232457e+02
3.410000e-06	-2.876809e-06	-8.906493e-09	-2.077849e+01	-5.266822e+02
3.420000e-06	-2.902553e-06	-8.965860e-09	-2.096444e+01	-5.299717e+02
3.430000e-06	-2.927388e-06	-9.021014e-09	-2.114381e+01	-5.331169e+02
3.440000e-06	-2.951461e-06	-9.068800e-09	-2.131769e+01	-5.361247e+02
3.450000e-06	-2.974992e-06	-9.115757e-09	-2.148764e+01	-5.390046e+02
3.460000e-06	-2.997711e-06	-9.163311e-09	-2.165174e+01	-5.417676e+02
3.470000e-06	-3.019215e-06	-9.207507e-09	-2.180705e+01	-5.444226e+02
3.480000e-06	-3.039574e-06	-9.247331e-09	-2.195411e+01	-5.469740e+02
3.490000e-06	-3.059200e-06	-9.288100e-09	-2.209586e+01	-5.494200e+02
3.500000e-06	-3.078193e-06	-9.330051e-09	-2.223304e+01	-5.517528e+02
3.510000e-06	-3.096386e-06	-9.366879e-09	-2.236444e+01	-5.539612e+02
3.520000e-06	-3.113752e-06	-9.400711e-09	-2.248987e+01	-5.560339e+02
3.530000e-06	-3.130289e-06	-9.434670e-09	-2.260931e+01	-5.579641e+02
3.540000e-06	-3.146109e-06	-9.467690e-09	-2.272358e+01	-5.597526e+02
3.550000e-06	-3.161095e-06	-9.495179e-09	-2.283182e+01	-5.614084e+02
3.560000e-06	-3.174812e-06	-9.519704e-09	-2.293090e+01	-5.629479e+02
3.570000e-06	-3.187303e-06	-9.545066e-09	-2.302111e+01	-5.643899e+02
3.580000e-06	-3.198834e-06	-9.570759e-09	-2.310440e+01	-5.657511e+02
3.590000e-06	-3.209477e-06	-9.593278e-09	-2.318127e+01	-5.670408e+02
3.600000e-06	-3.219241e-06	-9.613801e-09	-2.325179e+01	-5.682582e+02
3.610000e-06	-3.228115e-06	-9.636044e-09	-2.331589e+01	-5.693922e+02
3.620000e-06	-3.236201e-06	-9.656455e-09	-2.337430e+01	-5.704250e+02
3.630000e-06	-3.243540e-06	-9.670816e-09	-2.342730e+01	-5.713380e+02
3.640000e-06	-3.249920e-06	-9.681361e-09	-2.347339e+01	-5.721176e+02
3.650000e-06	-3.255057e-06	-9.690497e-09	-2.351049e+01	-5.727607e+02
3.660000e-06	-3.259097e-06	-9.700710e-09	-2.353967e+01	-5.732762e+02
3.670000e-06	-3.262323e-06	-9.711563e-09	-2.356297e+01	-5.736834e+02
3.680000e-06	-3.264779e-06	-9.722010e-09	-2.358071e+01	-5.740058e+02
3.690000e-06	-3.266418e-06	-9.731936e-09	-2.359254e+01	-5.742649e+02
3.700000e-06	-3.267129e-06	-9.738107e-09	-2.359768e+01	-5.744722e+02
