# Temperatura_=_20.0
# Concentracion g/m^3_=_12000.0
# C_Vs_to_Am_M_A/Vsm_=_59384043850.047264
# pendiente_HvsI_1/m_=_3716.3
# ordenada_HvsI_A/m_=_1297.0
# frecuencia_Hz_=_269357.8072159759

Tiempo_(s)	Campo_(V.s)	Magnetizacion_(V.s)	Campo_(kA/m)	Magnetizacion_(A/m)
0.000000e+00	-6.257863e-06	-1.310301e-08	-4.570009e+01	-7.761315e+02
1.000000e-08	-6.255498e-06	-1.309751e-08	-4.568282e+01	-7.759621e+02
2.000000e-08	-6.251302e-06	-1.309342e-08	-4.565217e+01	-7.757257e+02
3.000000e-08	-6.245562e-06	-1.308727e-08	-4.561026e+01	-7.754104e+02
4.000000e-08	-6.238324e-06	-1.307847e-08	-4.555740e+01	-7.749967e+02
5.000000e-08	-6.229507e-06	-1.306828e-08	-4.549301e+01	-7.744640e+02
6.000000e-08	-6.218751e-06	-1.305821e-08	-4.541446e+01	-7.737987e+02
7.000000e-08	-6.206065e-06	-1.305554e-08	-4.532182e+01	-7.729997e+02
8.000000e-08	-6.191486e-06	-1.303113e-08	-4.521535e+01	-7.720820e+02
9.000000e-08	-6.174535e-06	-1.295970e-08	-4.509156e+01	-7.710744e+02
1.000000e-07	-6.155320e-06	-1.293543e-08	-4.495124e+01	-7.700135e+02
1.100000e-07	-6.134356e-06	-1.296150e-08	-4.479814e+01	-7.689338e+02
1.200000e-07	-6.111870e-06	-1.298969e-08	-4.463393e+01	-7.678579e+02
1.300000e-07	-6.088110e-06	-1.302303e-08	-4.446042e+01	-7.667892e+02
1.400000e-07	-6.063075e-06	-1.290818e-08	-4.427758e+01	-7.657086e+02
1.500000e-07	-6.036278e-06	-1.282789e-08	-4.408189e+01	-7.645780e+02
1.600000e-07	-6.007935e-06	-1.292244e-08	-4.387491e+01	-7.633478e+02
1.700000e-07	-5.978176e-06	-1.284710e-08	-4.365758e+01	-7.619686e+02
1.800000e-07	-5.946710e-06	-1.274903e-08	-4.342779e+01	-7.604020e+02
1.900000e-07	-5.913913e-06	-1.276327e-08	-4.318828e+01	-7.586290e+02
2.000000e-07	-5.879511e-06	-1.271115e-08	-4.293705e+01	-7.566535e+02
2.100000e-07	-5.843247e-06	-1.274507e-08	-4.267222e+01	-7.544994e+02
2.200000e-07	-5.805421e-06	-1.271945e-08	-4.239599e+01	-7.522034e+02
2.300000e-07	-5.766004e-06	-1.255843e-08	-4.210813e+01	-7.498038e+02
2.400000e-07	-5.724870e-06	-1.255565e-08	-4.180773e+01	-7.473315e+02
2.500000e-07	-5.681930e-06	-1.258472e-08	-4.149415e+01	-7.448014e+02
2.600000e-07	-5.637239e-06	-1.252568e-08	-4.116778e+01	-7.422110e+02
2.700000e-07	-5.590950e-06	-1.242441e-08	-4.082974e+01	-7.395420e+02
2.800000e-07	-5.543041e-06	-1.235819e-08	-4.047987e+01	-7.367671e+02
2.900000e-07	-5.493092e-06	-1.239693e-08	-4.011510e+01	-7.338583e+02
3.000000e-07	-5.441080e-06	-1.232687e-08	-3.973527e+01	-7.307942e+02
3.100000e-07	-5.387361e-06	-1.218908e-08	-3.934296e+01	-7.275651e+02
3.200000e-07	-5.332107e-06	-1.216250e-08	-3.893945e+01	-7.241733e+02
3.300000e-07	-5.275385e-06	-1.216806e-08	-3.852522e+01	-7.206305e+02
3.400000e-07	-5.216994e-06	-1.210378e-08	-3.809881e+01	-7.169520e+02
3.500000e-07	-5.156954e-06	-1.196880e-08	-3.766034e+01	-7.131508e+02
3.600000e-07	-5.095463e-06	-1.190386e-08	-3.721129e+01	-7.092328e+02
3.700000e-07	-5.032556e-06	-1.188008e-08	-3.675189e+01	-7.051950e+02
3.800000e-07	-4.968290e-06	-1.180194e-08	-3.628256e+01	-7.010265e+02
3.900000e-07	-4.902424e-06	-1.171170e-08	-3.580155e+01	-6.967122e+02
4.000000e-07	-4.834883e-06	-1.163701e-08	-3.530831e+01	-6.922379e+02
4.100000e-07	-4.765961e-06	-1.160383e-08	-3.480499e+01	-6.875938e+02
4.200000e-07	-4.695819e-06	-1.151894e-08	-3.429275e+01	-6.827775e+02
4.300000e-07	-4.624554e-06	-1.137727e-08	-3.377232e+01	-6.777934e+02
4.400000e-07	-4.552054e-06	-1.128892e-08	-3.324286e+01	-6.726501e+02
4.500000e-07	-4.477997e-06	-1.123822e-08	-3.270203e+01	-6.673569e+02
4.600000e-07	-4.402352e-06	-1.116300e-08	-3.214961e+01	-6.619202e+02
4.700000e-07	-4.325412e-06	-1.104157e-08	-3.158774e+01	-6.563407e+02
4.800000e-07	-4.247244e-06	-1.094606e-08	-3.101689e+01	-6.506135e+02
4.900000e-07	-4.167638e-06	-1.087123e-08	-3.043554e+01	-6.447293e+02
5.000000e-07	-4.086567e-06	-1.075702e-08	-2.984349e+01	-6.386774e+02
5.100000e-07	-4.004362e-06	-1.061829e-08	-2.924317e+01	-6.324486e+02
5.200000e-07	-3.921256e-06	-1.050508e-08	-2.863625e+01	-6.260370e+02
5.300000e-07	-3.837255e-06	-1.043471e-08	-2.802281e+01	-6.194406e+02
5.400000e-07	-3.752409e-06	-1.033777e-08	-2.740320e+01	-6.126597e+02
5.500000e-07	-3.666722e-06	-1.019504e-08	-2.677744e+01	-6.056945e+02
5.600000e-07	-3.580101e-06	-1.006155e-08	-2.614485e+01	-5.985420e+02
5.700000e-07	-3.492566e-06	-9.957848e-09	-2.550560e+01	-5.911946e+02
5.800000e-07	-3.404120e-06	-9.835646e-09	-2.485970e+01	-5.836394e+02
5.900000e-07	-3.314680e-06	-9.674105e-09	-2.420654e+01	-5.758600e+02
6.000000e-07	-3.224171e-06	-9.532568e-09	-2.354556e+01	-5.678386e+02
6.100000e-07	-3.132538e-06	-9.425543e-09	-2.287638e+01	-5.595596e+02
6.200000e-07	-3.039930e-06	-9.294440e-09	-2.220008e+01	-5.510117e+02
6.300000e-07	-2.946588e-06	-9.121825e-09	-2.151842e+01	-5.421888e+02
6.400000e-07	-2.852471e-06	-8.957219e-09	-2.083110e+01	-5.330892e+02
6.500000e-07	-2.757503e-06	-8.820731e-09	-2.013756e+01	-5.237131e+02
6.600000e-07	-2.661745e-06	-8.664047e-09	-1.943827e+01	-5.140596e+02
6.700000e-07	-2.565154e-06	-8.470056e-09	-1.873288e+01	-5.041236e+02
6.800000e-07	-2.467694e-06	-8.286432e-09	-1.802114e+01	-4.938944e+02
6.900000e-07	-2.369358e-06	-8.131135e-09	-1.730301e+01	-4.833557e+02
7.000000e-07	-2.270159e-06	-7.958976e-09	-1.657858e+01	-4.724870e+02
7.100000e-07	-2.170194e-06	-7.751567e-09	-1.584855e+01	-4.612662e+02
7.200000e-07	-2.069637e-06	-7.548012e-09	-1.511420e+01	-4.496720e+02
7.300000e-07	-1.968554e-06	-7.363492e-09	-1.437601e+01	-4.376861e+02
7.400000e-07	-1.866967e-06	-7.164302e-09	-1.363414e+01	-4.252930e+02
7.500000e-07	-1.764888e-06	-6.931951e-09	-1.288867e+01	-4.124798e+02
7.600000e-07	-1.662245e-06	-6.696572e-09	-1.213909e+01	-3.992336e+02
7.700000e-07	-1.559130e-06	-6.476228e-09	-1.138606e+01	-3.855395e+02
7.800000e-07	-1.455661e-06	-6.244217e-09	-1.063044e+01	-3.713792e+02
7.900000e-07	-1.351817e-06	-5.985112e-09	-9.872087e+00	-3.567302e+02
8.000000e-07	-1.247570e-06	-5.722038e-09	-9.110790e+00	-3.415661e+02
8.100000e-07	-1.143006e-06	-5.469963e-09	-8.347173e+00	-3.258580e+02
8.200000e-07	-1.038169e-06	-5.207842e-09	-7.581569e+00	-3.095759e+02
8.300000e-07	-9.330520e-07	-4.915129e-09	-6.813917e+00	-2.926888e+02
8.400000e-07	-8.276642e-07	-4.607196e-09	-6.044289e+00	-2.751647e+02
8.500000e-07	-7.220383e-07	-4.305921e-09	-5.272921e+00	-2.569693e+02
8.600000e-07	-6.162697e-07	-3.996336e-09	-4.500511e+00	-2.380639e+02
8.700000e-07	-5.103536e-07	-3.656777e-09	-3.727024e+00	-2.184054e+02
8.800000e-07	-4.042955e-07	-3.299727e-09	-2.952500e+00	-1.979467e+02
8.900000e-07	-2.981983e-07	-2.945170e-09	-2.177690e+00	-1.766405e+02
9.000000e-07	-1.920556e-07	-2.580917e-09	-1.402549e+00	-1.544460e+02
9.100000e-07	-8.585081e-08	-2.186285e-09	-6.269536e-01	-1.313370e+02
9.200000e-07	2.031114e-08	-1.772210e-09	1.483287e-01	-1.073108e+02
9.300000e-07	1.264454e-07	-1.356751e-09	9.234087e-01	-8.239675e+01
9.400000e-07	2.326422e-07	-9.324737e-10	1.698946e+00	-5.666142e+01
9.500000e-07	3.387670e-07	-4.842900e-10	2.473956e+00	-3.020968e+01
9.600000e-07	4.447339e-07	-2.132163e-11	3.247815e+00	-3.181617e+00
9.700000e-07	5.505818e-07	4.376274e-10	4.020804e+00	2.425495e+01
9.800000e-07	6.563140e-07	8.964761e-10	4.792947e+00	5.191485e+01
9.900000e-07	7.619286e-07	1.365943e-09	5.564233e+00	7.960722e+01
1.000000e-06	8.673314e-07	1.836098e-09	6.333971e+00	1.071468e+02
1.010000e-06	9.724786e-07	2.291055e-09	7.101843e+00	1.343631e+02
1.020000e-06	1.077399e-06	2.732897e-09	7.868057e+00	1.611069e+02
1.030000e-06	1.182035e-06	3.172043e-09	8.632194e+00	1.872536e+02
1.040000e-06	1.286326e-06	3.604845e-09	9.393818e+00	2.127037e+02
1.050000e-06	1.390262e-06	4.020827e-09	1.015284e+01	2.373813e+02
1.060000e-06	1.493844e-06	4.419430e-09	1.090928e+01	2.612316e+02
1.070000e-06	1.597052e-06	4.808031e-09	1.166299e+01	2.842180e+02
1.080000e-06	1.699860e-06	5.182424e-09	1.241378e+01	3.063190e+02
1.090000e-06	1.802219e-06	5.534867e-09	1.316129e+01	3.275259e+02
1.100000e-06	1.904088e-06	5.868882e-09	1.390523e+01	3.478412e+02
1.110000e-06	2.005449e-06	6.193260e-09	1.464545e+01	3.672761e+02
1.120000e-06	2.106308e-06	6.506757e-09	1.538200e+01	3.858498e+02
1.130000e-06	2.206628e-06	6.803156e-09	1.611462e+01	4.035876e+02
1.140000e-06	2.306267e-06	7.083882e-09	1.684227e+01	4.205197e+02
1.150000e-06	2.405114e-06	7.356878e-09	1.756413e+01	4.366799e+02
1.160000e-06	2.503077e-06	7.620510e-09	1.827954e+01	4.521043e+02
1.170000e-06	2.600146e-06	7.867901e-09	1.898841e+01	4.668300e+02
1.180000e-06	2.696411e-06	8.101122e-09	1.969142e+01	4.808943e+02
1.190000e-06	2.791900e-06	8.327038e-09	2.038876e+01	4.943330e+02
1.200000e-06	2.886569e-06	8.546656e-09	2.108012e+01	5.071794e+02
1.210000e-06	2.980412e-06	8.752992e-09	2.176544e+01	5.194636e+02
1.220000e-06	3.073456e-06	8.946307e-09	2.244492e+01	5.312115e+02
1.230000e-06	3.165739e-06	9.134297e-09	2.311884e+01	5.424454e+02
1.240000e-06	3.257139e-06	9.319615e-09	2.378632e+01	5.531844e+02
1.250000e-06	3.347453e-06	9.494636e-09	2.444587e+01	5.634466e+02
1.260000e-06	3.436648e-06	9.656286e-09	2.509724e+01	5.732505e+02
1.270000e-06	3.524796e-06	9.811226e-09	2.574097e+01	5.826170e+02
1.280000e-06	3.612017e-06	9.963239e-09	2.637793e+01	5.915706e+02
1.290000e-06	3.698328e-06	1.010740e-08	2.700825e+01	6.001393e+02
1.300000e-06	3.783654e-06	1.024549e-08	2.763137e+01	6.083533e+02
1.310000e-06	3.868082e-06	1.037844e-08	2.824793e+01	6.162427e+02
1.320000e-06	3.951553e-06	1.050806e-08	2.885750e+01	6.238343e+02
1.330000e-06	4.033865e-06	1.063128e-08	2.945862e+01	6.311491e+02
1.340000e-06	4.115025e-06	1.074555e-08	3.005132e+01	6.382007e+02
1.350000e-06	4.195038e-06	1.085710e-08	3.063563e+01	6.449956e+02
1.360000e-06	4.273818e-06	1.096849e-08	3.121095e+01	6.515345e+02
1.370000e-06	4.351444e-06	1.107674e-08	3.177784e+01	6.578161e+02
1.380000e-06	4.427975e-06	1.117722e-08	3.233673e+01	6.638405e+02
1.390000e-06	4.503208e-06	1.127342e-08	3.288615e+01	6.696122e+02
1.400000e-06	4.576928e-06	1.136876e-08	3.342451e+01	6.751417e+02
1.410000e-06	4.649196e-06	1.145862e-08	3.395227e+01	6.804458e+02
1.420000e-06	4.720191e-06	1.154127e-08	3.447073e+01	6.855448e+02
1.430000e-06	4.789901e-06	1.162178e-08	3.497981e+01	6.904596e+02
1.440000e-06	4.858335e-06	1.170199e-08	3.547958e+01	6.952082e+02
1.450000e-06	4.925379e-06	1.178045e-08	3.596919e+01	6.998030e+02
1.460000e-06	4.990826e-06	1.185588e-08	3.644714e+01	7.042496e+02
1.470000e-06	5.054806e-06	1.192961e-08	3.691437e+01	7.085481e+02
1.480000e-06	5.117457e-06	1.200092e-08	3.737190e+01	7.126953e+02
1.490000e-06	5.178772e-06	1.206774e-08	3.781967e+01	7.166876e+02
1.500000e-06	5.238777e-06	1.213063e-08	3.825788e+01	7.205239e+02
1.510000e-06	5.297239e-06	1.219248e-08	3.868482e+01	7.242070e+02
1.520000e-06	5.353993e-06	1.225473e-08	3.909929e+01	7.277431e+02
1.530000e-06	5.409155e-06	1.231325e-08	3.950212e+01	7.311404e+02
1.540000e-06	5.462747e-06	1.236706e-08	3.989349e+01	7.344059e+02
1.550000e-06	5.514556e-06	1.241895e-08	4.027185e+01	7.375437e+02
1.560000e-06	5.564357e-06	1.247083e-08	4.063554e+01	7.405532e+02
1.570000e-06	5.612317e-06	1.252077e-08	4.098578e+01	7.434300e+02
1.580000e-06	5.658685e-06	1.256672e-08	4.132440e+01	7.461677e+02
1.590000e-06	5.703604e-06	1.260974e-08	4.165243e+01	7.487617e+02
1.600000e-06	5.746982e-06	1.265080e-08	4.196922e+01	7.512113e+02
1.610000e-06	5.788557e-06	1.269013e-08	4.227283e+01	7.535223e+02
1.620000e-06	5.828420e-06	1.272540e-08	4.256394e+01	7.557065e+02
1.630000e-06	5.866748e-06	1.275708e-08	4.284385e+01	7.577794e+02
1.640000e-06	5.903614e-06	1.278942e-08	4.311307e+01	7.597567e+02
1.650000e-06	5.938912e-06	1.282308e-08	4.337084e+01	7.616503e+02
1.660000e-06	5.972373e-06	1.285441e-08	4.361520e+01	7.634650e+02
1.670000e-06	6.004121e-06	1.288206e-08	4.384706e+01	7.651981e+02
1.680000e-06	6.034370e-06	1.290929e-08	4.406796e+01	7.668403e+02
1.690000e-06	6.063146e-06	1.293776e-08	4.427811e+01	7.683795e+02
1.700000e-06	6.090229e-06	1.296181e-08	4.447589e+01	7.698054e+02
1.710000e-06	6.115396e-06	1.297971e-08	4.465968e+01	7.711129e+02
1.720000e-06	6.138848e-06	1.299805e-08	4.483094e+01	7.723045e+02
1.730000e-06	6.160703e-06	1.301725e-08	4.499054e+01	7.733898e+02
1.740000e-06	6.181002e-06	1.303244e-08	4.513879e+01	7.743825e+02
1.750000e-06	6.199663e-06	1.304265e-08	4.527506e+01	7.752954e+02
1.760000e-06	6.216457e-06	1.305385e-08	4.539771e+01	7.761368e+02
1.770000e-06	6.231409e-06	1.306850e-08	4.550690e+01	7.769066e+02
1.780000e-06	6.244604e-06	1.308071e-08	4.560326e+01	7.775967e+02
1.790000e-06	6.255800e-06	1.308751e-08	4.568503e+01	7.781930e+02
1.800000e-06	6.264906e-06	1.309190e-08	4.575152e+01	7.786805e+02
1.810000e-06	6.272206e-06	1.309747e-08	4.580483e+01	7.790481e+02
1.820000e-06	6.277859e-06	1.310233e-08	4.584612e+01	7.792929e+02
1.830000e-06	6.281887e-06	1.310240e-08	4.587553e+01	7.794214e+02
1.840000e-06	6.284007e-06	1.309991e-08	4.589101e+01	7.794478e+02
1.850000e-06	6.284224e-06	1.309812e-08	4.589260e+01	7.793893e+02
1.860000e-06	6.282840e-06	1.309897e-08	4.588250e+01	7.792601e+02
1.870000e-06	6.279933e-06	1.309778e-08	4.586126e+01	7.790658e+02
1.880000e-06	6.275399e-06	1.309166e-08	4.582816e+01	7.788011e+02
1.890000e-06	6.268962e-06	1.308623e-08	4.578114e+01	7.784509e+02
1.900000e-06	6.260768e-06	1.308000e-08	4.572130e+01	7.779942e+02
1.910000e-06	6.251055e-06	1.306689e-08	4.565037e+01	7.774124e+02
1.920000e-06	6.239665e-06	1.304095e-08	4.556720e+01	7.766957e+02
1.930000e-06	6.226310e-06	1.303121e-08	4.546967e+01	7.758490e+02
1.940000e-06	6.210900e-06	1.308798e-08	4.535713e+01	7.748931e+02
1.950000e-06	6.193288e-06	1.308245e-08	4.522851e+01	7.738606e+02
1.960000e-06	6.173141e-06	1.302115e-08	4.508138e+01	7.727885e+02
1.970000e-06	6.150729e-06	1.292447e-08	4.491771e+01	7.717080e+02
1.980000e-06	6.127219e-06	1.285049e-08	4.474602e+01	7.706351e+02
1.990000e-06	6.103228e-06	1.299793e-08	4.457082e+01	7.695647e+02
2.000000e-06	6.077766e-06	1.297528e-08	4.438487e+01	7.684702e+02
2.010000e-06	6.050558e-06	1.283388e-08	4.418618e+01	7.673078e+02
2.020000e-06	6.022230e-06	1.294482e-08	4.397930e+01	7.660266e+02
2.030000e-06	5.991927e-06	1.292528e-08	4.375801e+01	7.645802e+02
2.040000e-06	5.959312e-06	1.285902e-08	4.351982e+01	7.629366e+02
2.050000e-06	5.925402e-06	1.287640e-08	4.327219e+01	7.610855e+02
2.060000e-06	5.890116e-06	1.268259e-08	4.301450e+01	7.590389e+02
2.070000e-06	5.853083e-06	1.270628e-08	4.274405e+01	7.568264e+02
2.080000e-06	5.814295e-06	1.285086e-08	4.246079e+01	7.544867e+02
2.090000e-06	5.773626e-06	1.265614e-08	4.216379e+01	7.520565e+02
2.100000e-06	5.731558e-06	1.257479e-08	4.185657e+01	7.495611e+02
2.110000e-06	5.688109e-06	1.259313e-08	4.153927e+01	7.470092e+02
2.120000e-06	5.642778e-06	1.258580e-08	4.120823e+01	7.443916e+02
2.130000e-06	5.595927e-06	1.252154e-08	4.086608e+01	7.416858e+02
2.140000e-06	5.547493e-06	1.232548e-08	4.051238e+01	7.388632e+02
2.150000e-06	5.497272e-06	1.241561e-08	4.014563e+01	7.358976e+02
2.160000e-06	5.445259e-06	1.245301e-08	3.976579e+01	7.327716e+02
2.170000e-06	5.391238e-06	1.226393e-08	3.937128e+01	7.294801e+02
2.180000e-06	5.335540e-06	1.217909e-08	3.896452e+01	7.260294e+02
2.190000e-06	5.278246e-06	1.214243e-08	3.854611e+01	7.224333e+02
2.200000e-06	5.219498e-06	1.219492e-08	3.811709e+01	7.187071e+02
2.210000e-06	5.159428e-06	1.205507e-08	3.767841e+01	7.148614e+02
2.220000e-06	5.097668e-06	1.190437e-08	3.722738e+01	7.108988e+02
2.230000e-06	5.034198e-06	1.195080e-08	3.676388e+01	7.068130e+02
2.240000e-06	4.969127e-06	1.187154e-08	3.628868e+01	7.025912e+02
2.250000e-06	4.902742e-06	1.175781e-08	3.580387e+01	6.982178e+02
2.260000e-06	4.835183e-06	1.160275e-08	3.531050e+01	6.936801e+02
2.270000e-06	4.766017e-06	1.159205e-08	3.480540e+01	6.889708e+02
2.280000e-06	4.695216e-06	1.160397e-08	3.428835e+01	6.840903e+02
2.290000e-06	4.623098e-06	1.143222e-08	3.376168e+01	6.790448e+02
2.300000e-06	4.549846e-06	1.132607e-08	3.322674e+01	6.738437e+02
2.310000e-06	4.475352e-06	1.124470e-08	3.268272e+01	6.684957e+02
2.320000e-06	4.399405e-06	1.120887e-08	3.212810e+01	6.630052e+02
2.330000e-06	4.321975e-06	1.106613e-08	3.156264e+01	6.573707e+02
2.340000e-06	4.243217e-06	1.091399e-08	3.098748e+01	6.515853e+02
2.350000e-06	4.163286e-06	1.088536e-08	3.040376e+01	6.456389e+02
2.360000e-06	4.082194e-06	1.081265e-08	2.981156e+01	6.395211e+02
2.370000e-06	4.000141e-06	1.069069e-08	2.921234e+01	6.332236e+02
2.380000e-06	3.917204e-06	1.050360e-08	2.860666e+01	6.267423e+02
2.390000e-06	3.833220e-06	1.041965e-08	2.799334e+01	6.200761e+02
2.400000e-06	3.748016e-06	1.036130e-08	2.737111e+01	6.132256e+02
2.410000e-06	3.661624e-06	1.021616e-08	2.674020e+01	6.061902e+02
2.420000e-06	3.574255e-06	1.006083e-08	2.610217e+01	5.989653e+02
2.430000e-06	3.485940e-06	9.948963e-09	2.545721e+01	5.915412e+02
2.440000e-06	3.396666e-06	9.877546e-09	2.480526e+01	5.839035e+02
2.450000e-06	3.306518e-06	9.707519e-09	2.414693e+01	5.760348e+02
2.460000e-06	3.215587e-06	9.516351e-09	2.348287e+01	5.679180e+02
2.470000e-06	3.123733e-06	9.393266e-09	2.281208e+01	5.595386e+02
2.480000e-06	3.030870e-06	9.301053e-09	2.213392e+01	5.508875e+02
2.490000e-06	2.937138e-06	9.148788e-09	2.144941e+01	5.419603e+02
2.500000e-06	2.842466e-06	8.949077e-09	2.075803e+01	5.327565e+02
2.510000e-06	2.746779e-06	8.804995e-09	2.005925e+01	5.232762e+02
2.520000e-06	2.650249e-06	8.677137e-09	1.935431e+01	5.135170e+02
2.530000e-06	2.553108e-06	8.494375e-09	1.864491e+01	5.034722e+02
2.540000e-06	2.455358e-06	8.274724e-09	1.793106e+01	4.931286e+02
2.550000e-06	2.356954e-06	8.106846e-09	1.721242e+01	4.824682e+02
2.560000e-06	2.257867e-06	7.964268e-09	1.648881e+01	4.714695e+02
2.570000e-06	2.158055e-06	7.771783e-09	1.575990e+01	4.601105e+02
2.580000e-06	2.057630e-06	7.538458e-09	1.502652e+01	4.483709e+02
2.590000e-06	1.956605e-06	7.336946e-09	1.428875e+01	4.362334e+02
2.600000e-06	1.854905e-06	7.163207e-09	1.354605e+01	4.236837e+02
2.610000e-06	1.752529e-06	6.940695e-09	1.279842e+01	4.107092e+02
2.620000e-06	1.649557e-06	6.681736e-09	1.204643e+01	3.972964e+02
2.630000e-06	1.546098e-06	6.447327e-09	1.129089e+01	3.834293e+02
2.640000e-06	1.442242e-06	6.239228e-09	1.053244e+01	3.690881e+02
2.650000e-06	1.338044e-06	5.992018e-09	9.771507e+00	3.542487e+02
2.660000e-06	1.233519e-06	5.704398e-09	9.008178e+00	3.388835e+02
2.670000e-06	1.128665e-06	5.432595e-09	8.242443e+00	3.229632e+02
2.680000e-06	1.023532e-06	5.182582e-09	7.474674e+00	3.064574e+02
2.690000e-06	9.181718e-07	4.902020e-09	6.705250e+00	2.893347e+02
2.700000e-06	8.126376e-07	4.580238e-09	5.934551e+00	2.715626e+02
2.710000e-06	7.069573e-07	4.263049e-09	5.162787e+00	2.531052e+02
2.720000e-06	6.011139e-07	3.960817e-09	4.389830e+00	2.339222e+02
2.730000e-06	4.951240e-07	3.631419e-09	3.615805e+00	2.139687e+02
2.740000e-06	3.891003e-07	3.260841e-09	2.841532e+00	1.931970e+02
2.750000e-06	2.830759e-07	2.891008e-09	2.067254e+00	1.715614e+02
2.760000e-06	1.769807e-07	2.533437e-09	1.292459e+00	1.490254e+02
2.770000e-06	7.084789e-08	2.149220e-09	5.173899e-01	1.255706e+02
2.780000e-06	-3.527642e-08	1.722475e-09	-2.576176e-01	1.012056e+02
2.790000e-06	-1.413743e-07	1.288758e-09	-1.032432e+00	7.597323e+01
2.800000e-06	-2.474544e-07	8.640202e-10	-1.807117e+00	4.995442e+01
2.810000e-06	-3.535201e-07	4.193026e-10	-2.581696e+00	2.326793e+01
2.820000e-06	-4.595118e-07	-5.630045e-11	-3.355735e+00	-3.934690e+00
2.830000e-06	-5.653598e-07	-5.280844e-10	-4.128725e+00	-3.147779e+01
2.840000e-06	-6.710893e-07	-9.782803e-10	-4.900849e+00	-5.917269e+01
2.850000e-06	-7.766632e-07	-1.434551e-09	-5.671837e+00	-8.682938e+01
2.860000e-06	-8.820330e-07	-1.910303e-09	-6.441334e+00	-1.142672e+02
2.870000e-06	-9.872055e-07	-2.377310e-09	-7.209391e+00	-1.413230e+02
2.880000e-06	-1.092177e-06	-2.815757e-09	-7.975983e+00	-1.678567e+02
2.890000e-06	-1.196854e-06	-3.245633e-09	-8.740415e+00	-1.937530e+02
2.900000e-06	-1.301189e-06	-3.678726e-09	-9.502358e+00	-2.189216e+02
2.910000e-06	-1.405208e-06	-4.094919e-09	-1.026199e+01	-2.432949e+02
2.920000e-06	-1.508893e-06	-4.482160e-09	-1.101919e+01	-2.668252e+02
2.930000e-06	-1.612174e-06	-4.857546e-09	-1.177343e+01	-2.894819e+02
2.940000e-06	-1.714907e-06	-5.234313e-09	-1.252367e+01	-3.112485e+02
2.950000e-06	-1.817036e-06	-5.596962e-09	-1.326950e+01	-3.321208e+02
2.960000e-06	-1.918501e-06	-5.931395e-09	-1.401048e+01	-3.521047e+02
2.970000e-06	-2.019352e-06	-6.249632e-09	-1.474698e+01	-3.712146e+02
2.980000e-06	-2.119577e-06	-6.564549e-09	-1.547890e+01	-3.894721e+02
2.990000e-06	-2.219129e-06	-6.864384e-09	-1.620591e+01	-4.069045e+02
3.000000e-06	-2.318075e-06	-7.136932e-09	-1.692850e+01	-4.235436e+02
3.010000e-06	-2.416373e-06	-7.396117e-09	-1.764636e+01	-4.394240e+02
3.020000e-06	-2.513980e-06	-7.655164e-09	-1.835916e+01	-4.545826e+02
3.030000e-06	-2.610924e-06	-7.906070e-09	-1.906713e+01	-4.690565e+02
3.040000e-06	-2.707183e-06	-8.138378e-09	-1.977009e+01	-4.828826e+02
3.050000e-06	-2.802706e-06	-8.357214e-09	-2.046768e+01	-4.960960e+02
3.060000e-06	-2.897386e-06	-8.574989e-09	-2.115911e+01	-5.087288e+02
3.070000e-06	-2.991137e-06	-8.784736e-09	-2.184375e+01	-5.208095e+02
3.080000e-06	-3.083896e-06	-8.973749e-09	-2.252116e+01	-5.323628e+02
3.090000e-06	-3.175649e-06	-9.150998e-09	-2.319121e+01	-5.434094e+02
3.100000e-06	-3.266443e-06	-9.329382e-09	-2.385427e+01	-5.539681e+02
3.110000e-06	-3.356280e-06	-9.506224e-09	-2.451033e+01	-5.640567e+02
3.120000e-06	-3.445191e-06	-9.669377e-09	-2.515963e+01	-5.736945e+02
3.130000e-06	-3.533183e-06	-9.820737e-09	-2.580223e+01	-5.829036e+02
3.140000e-06	-3.620274e-06	-9.972366e-09	-2.643823e+01	-5.917099e+02
3.150000e-06	-3.706354e-06	-1.011915e-08	-2.706686e+01	-6.001425e+02
3.160000e-06	-3.791267e-06	-1.025196e-08	-2.768696e+01	-6.082319e+02
3.170000e-06	-3.875082e-06	-1.037633e-08	-2.829905e+01	-6.160073e+02
3.180000e-06	-3.957851e-06	-1.050412e-08	-2.890350e+01	-6.234935e+02
3.190000e-06	-4.039582e-06	-1.063259e-08	-2.950037e+01	-6.307090e+02
3.200000e-06	-4.120311e-06	-1.075115e-08	-3.008992e+01	-6.376644e+02
3.210000e-06	-4.199975e-06	-1.086167e-08	-3.067169e+01	-6.443639e+02
3.220000e-06	-4.278438e-06	-1.096932e-08	-3.124469e+01	-6.508070e+02
3.230000e-06	-4.355541e-06	-1.107599e-08	-3.180776e+01	-6.569926e+02
3.240000e-06	-4.431227e-06	-1.117616e-08	-3.236049e+01	-6.629219e+02
3.250000e-06	-4.505571e-06	-1.126843e-08	-3.290341e+01	-6.686016e+02
3.260000e-06	-4.578666e-06	-1.135853e-08	-3.343721e+01	-6.740450e+02
3.270000e-06	-4.650582e-06	-1.144806e-08	-3.396240e+01	-6.792701e+02
3.280000e-06	-4.721173e-06	-1.153431e-08	-3.447791e+01	-6.842982e+02
3.290000e-06	-4.790223e-06	-1.161482e-08	-3.498217e+01	-6.891494e+02
3.300000e-06	-4.857824e-06	-1.169403e-08	-3.547585e+01	-6.938397e+02
3.310000e-06	-4.924112e-06	-1.177326e-08	-3.595994e+01	-6.983791e+02
3.320000e-06	-4.989122e-06	-1.184775e-08	-3.643469e+01	-7.027710e+02
3.330000e-06	-5.052855e-06	-1.191634e-08	-3.690013e+01	-7.070138e+02
3.340000e-06	-5.115097e-06	-1.198154e-08	-3.735467e+01	-7.111038e+02
3.350000e-06	-5.175647e-06	-1.204690e-08	-3.779686e+01	-7.150380e+02
3.360000e-06	-5.234676e-06	-1.211220e-08	-3.822793e+01	-7.188168e+02
3.370000e-06	-5.292309e-06	-1.217368e-08	-3.864881e+01	-7.224444e+02
3.380000e-06	-5.348489e-06	-1.223452e-08	-3.905909e+01	-7.259281e+02
3.390000e-06	-5.403057e-06	-1.229377e-08	-3.945759e+01	-7.292757e+02
3.400000e-06	-5.455719e-06	-1.234716e-08	-3.984217e+01	-7.324937e+02
3.410000e-06	-5.506444e-06	-1.239483e-08	-4.021261e+01	-7.355842e+02
3.420000e-06	-5.555412e-06	-1.244052e-08	-4.057021e+01	-7.385451e+02
3.430000e-06	-5.602566e-06	-1.248876e-08	-4.091457e+01	-7.413710e+02
3.440000e-06	-5.648058e-06	-1.253574e-08	-4.124679e+01	-7.440557e+02
3.450000e-06	-5.692147e-06	-1.257971e-08	-4.156876e+01	-7.465958e+02
3.460000e-06	-5.734851e-06	-1.262326e-08	-4.188063e+01	-7.489929e+02
3.470000e-06	-5.776125e-06	-1.266414e-08	-4.218204e+01	-7.512553e+02
3.480000e-06	-5.815893e-06	-1.269908e-08	-4.247246e+01	-7.533963e+02
3.490000e-06	-5.853984e-06	-1.273013e-08	-4.275063e+01	-7.554322e+02
3.500000e-06	-5.890259e-06	-1.276310e-08	-4.301554e+01	-7.573776e+02
3.510000e-06	-5.924883e-06	-1.279841e-08	-4.326839e+01	-7.592420e+02
3.520000e-06	-5.957994e-06	-1.283095e-08	-4.351020e+01	-7.610273e+02
3.530000e-06	-5.989557e-06	-1.285915e-08	-4.374070e+01	-7.627282e+02
3.540000e-06	-6.019314e-06	-1.288416e-08	-4.395801e+01	-7.643337e+02
3.550000e-06	-6.047235e-06	-1.290841e-08	-4.416191e+01	-7.658320e+02
3.560000e-06	-6.073585e-06	-1.293421e-08	-4.435434e+01	-7.672142e+02
3.570000e-06	-6.098333e-06	-1.295859e-08	-4.453507e+01	-7.684780e+02
3.580000e-06	-6.121414e-06	-1.298143e-08	-4.470363e+01	-7.696289e+02
3.590000e-06	-6.142668e-06	-1.300451e-08	-4.485884e+01	-7.706783e+02
3.600000e-06	-6.162111e-06	-1.302404e-08	-4.500083e+01	-7.716402e+02
3.610000e-06	-6.179933e-06	-1.303860e-08	-4.513098e+01	-7.725263e+02
3.620000e-06	-6.196153e-06	-1.304875e-08	-4.524944e+01	-7.733418e+02
3.630000e-06	-6.210558e-06	-1.305932e-08	-4.535463e+01	-7.740836e+02
3.640000e-06	-6.222884e-06	-1.307165e-08	-4.544464e+01	-7.747409e+02
3.650000e-06	-6.233321e-06	-1.308552e-08	-4.552087e+01	-7.752986e+02
3.660000e-06	-6.242047e-06	-1.309811e-08	-4.558459e+01	-7.757425e+02
3.670000e-06	-6.249037e-06	-1.310720e-08	-4.563563e+01	-7.760644e+02
3.680000e-06	-6.254101e-06	-1.311190e-08	-4.567262e+01	-7.762649e+02
3.690000e-06	-6.257351e-06	-1.311143e-08	-4.569635e+01	-7.763537e+02
3.700000e-06	-6.258983e-06	-1.311006e-08	-4.570827e+01	-7.763468e+02
3.710000e-06	-6.258947e-06	-1.310718e-08	-4.570800e+01	-7.762610e+02
