# Temperatura_=_20.0
# Concentracion g/m^3_=_12000.0
# C_Vs_to_Am_M_A/Vsm_=_59384043850.047264
# pendiente_HvsI_1/m_=_3716.3
# ordenada_HvsI_A/m_=_1297.0
# frecuencia_Hz_=_269359.2690774271

Tiempo_(s)	Campo_(V.s)	Magnetizacion_(V.s)	Campo_(kA/m)	Magnetizacion_(A/m)
0.000000e+00	-6.255266e-06	-1.309604e-08	-4.570119e+01	-7.758235e+02
1.000000e-08	-6.253052e-06	-1.309233e-08	-4.568501e+01	-7.756775e+02
2.000000e-08	-6.249003e-06	-1.308833e-08	-4.565543e+01	-7.754543e+02
3.000000e-08	-6.243389e-06	-1.308251e-08	-4.561441e+01	-7.751417e+02
4.000000e-08	-6.236240e-06	-1.307449e-08	-4.556219e+01	-7.747225e+02
5.000000e-08	-6.227559e-06	-1.306528e-08	-4.549876e+01	-7.741802e+02
6.000000e-08	-6.216987e-06	-1.305303e-08	-4.542152e+01	-7.735048e+02
7.000000e-08	-6.204417e-06	-1.303865e-08	-4.532969e+01	-7.726975e+02
8.000000e-08	-6.189965e-06	-1.301633e-08	-4.522410e+01	-7.717732e+02
9.000000e-08	-6.173219e-06	-1.297215e-08	-4.510175e+01	-7.707582e+02
1.000000e-07	-6.154213e-06	-1.294169e-08	-4.496289e+01	-7.696851e+02
1.100000e-07	-6.133408e-06	-1.295230e-08	-4.481089e+01	-7.685851e+02
1.200000e-07	-6.111025e-06	-1.297604e-08	-4.464736e+01	-7.674799e+02
1.300000e-07	-6.087373e-06	-1.297532e-08	-4.447455e+01	-7.663750e+02
1.400000e-07	-6.062513e-06	-1.292115e-08	-4.429293e+01	-7.652575e+02
1.500000e-07	-6.035920e-06	-1.285673e-08	-4.409864e+01	-7.640973e+02
1.600000e-07	-6.007774e-06	-1.285760e-08	-4.389301e+01	-7.628534e+02
1.700000e-07	-5.978202e-06	-1.283711e-08	-4.367695e+01	-7.614822e+02
1.800000e-07	-5.946900e-06	-1.277132e-08	-4.344826e+01	-7.599466e+02
1.900000e-07	-5.914255e-06	-1.274346e-08	-4.320975e+01	-7.582234e+02
2.000000e-07	-5.880087e-06	-1.272526e-08	-4.296012e+01	-7.563074e+02
2.100000e-07	-5.844042e-06	-1.272820e-08	-4.269677e+01	-7.542103e+02
2.200000e-07	-5.806357e-06	-1.269108e-08	-4.242145e+01	-7.519563e+02
2.300000e-07	-5.767053e-06	-1.257744e-08	-4.213428e+01	-7.495753e+02
2.400000e-07	-5.726022e-06	-1.254190e-08	-4.183452e+01	-7.470944e+02
2.500000e-07	-5.683182e-06	-1.256533e-08	-4.152152e+01	-7.445320e+02
2.600000e-07	-5.638638e-06	-1.251104e-08	-4.119608e+01	-7.418940e+02
2.700000e-07	-5.592546e-06	-1.242252e-08	-4.085933e+01	-7.391739e+02
2.800000e-07	-5.544826e-06	-1.237641e-08	-4.051069e+01	-7.363562e+02
2.900000e-07	-5.495132e-06	-1.237197e-08	-4.014762e+01	-7.334212e+02
3.000000e-07	-5.443302e-06	-1.230174e-08	-3.976895e+01	-7.303509e+02
3.100000e-07	-5.389677e-06	-1.218879e-08	-3.937717e+01	-7.271327e+02
3.200000e-07	-5.334568e-06	-1.215987e-08	-3.897453e+01	-7.237622e+02
3.300000e-07	-5.278020e-06	-1.215369e-08	-3.856140e+01	-7.202417e+02
3.400000e-07	-5.219828e-06	-1.208928e-08	-3.813625e+01	-7.165787e+02
3.500000e-07	-5.159967e-06	-1.197865e-08	-3.769890e+01	-7.127813e+02
3.600000e-07	-5.098647e-06	-1.190636e-08	-3.725089e+01	-7.088558e+02
3.700000e-07	-5.035901e-06	-1.186964e-08	-3.679246e+01	-7.048038e+02
3.800000e-07	-4.971733e-06	-1.178950e-08	-3.632365e+01	-7.006222e+02
3.900000e-07	-4.905993e-06	-1.169497e-08	-3.584335e+01	-6.963042e+02
4.000000e-07	-4.838594e-06	-1.163305e-08	-3.535093e+01	-6.918416e+02
4.100000e-07	-4.769827e-06	-1.159375e-08	-3.484852e+01	-6.872273e+02
4.200000e-07	-4.699898e-06	-1.151063e-08	-3.433762e+01	-6.824571e+02
4.300000e-07	-4.628811e-06	-1.138128e-08	-3.381825e+01	-6.775304e+02
4.400000e-07	-4.556431e-06	-1.129418e-08	-3.328944e+01	-6.724492e+02
4.500000e-07	-4.482516e-06	-1.123863e-08	-3.274942e+01	-6.672169e+02
4.600000e-07	-4.407004e-06	-1.115065e-08	-3.219772e+01	-6.618361e+02
4.700000e-07	-4.330164e-06	-1.103601e-08	-3.163633e+01	-6.563070e+02
4.800000e-07	-4.252140e-06	-1.094464e-08	-3.106628e+01	-6.506265e+02
4.900000e-07	-4.172724e-06	-1.087096e-08	-3.048607e+01	-6.447886e+02
5.000000e-07	-4.091835e-06	-1.076038e-08	-2.989509e+01	-6.387854e+02
5.100000e-07	-4.009793e-06	-1.062726e-08	-2.929569e+01	-6.326088e+02
5.200000e-07	-3.926808e-06	-1.051665e-08	-2.868940e+01	-6.262513e+02
5.300000e-07	-3.842871e-06	-1.043763e-08	-2.807615e+01	-6.197073e+02
5.400000e-07	-3.758104e-06	-1.033805e-08	-2.745683e+01	-6.129729e+02
5.500000e-07	-3.672480e-06	-1.019771e-08	-2.683126e+01	-6.060447e+02
5.600000e-07	-3.585898e-06	-1.006893e-08	-2.619869e+01	-5.989193e+02
5.700000e-07	-3.498350e-06	-9.964133e-09	-2.555906e+01	-5.915914e+02
5.800000e-07	-3.409906e-06	-9.841432e-09	-2.491289e+01	-5.840534e+02
5.900000e-07	-3.320634e-06	-9.684317e-09	-2.426067e+01	-5.762953e+02
6.000000e-07	-3.230290e-06	-9.544065e-09	-2.360061e+01	-5.683050e+02
6.100000e-07	-3.138747e-06	-9.432205e-09	-2.293179e+01	-5.600696e+02
6.200000e-07	-3.046291e-06	-9.298049e-09	-2.225630e+01	-5.515764e+02
6.300000e-07	-2.953062e-06	-9.127798e-09	-2.157517e+01	-5.428138e+02
6.400000e-07	-2.859015e-06	-8.965547e-09	-2.088806e+01	-5.337721e+02
6.500000e-07	-2.764143e-06	-8.829142e-09	-2.019492e+01	-5.244431e+02
6.600000e-07	-2.668400e-06	-8.674006e-09	-1.949542e+01	-5.148197e+02
6.700000e-07	-2.571928e-06	-8.485056e-09	-1.879059e+01	-5.048952e+02
6.800000e-07	-2.474752e-06	-8.301662e-09	-1.808062e+01	-4.946622e+02
6.900000e-07	-2.376561e-06	-8.141873e-09	-1.736324e+01	-4.841124e+02
7.000000e-07	-2.277282e-06	-7.966309e-09	-1.663790e+01	-4.732354e+02
7.100000e-07	-2.177245e-06	-7.758908e-09	-1.590703e+01	-4.620194e+02
7.200000e-07	-2.076759e-06	-7.556687e-09	-1.517287e+01	-4.504501e+02
7.300000e-07	-1.975770e-06	-7.373588e-09	-1.443504e+01	-4.385115e+02
7.400000e-07	-1.874233e-06	-7.176407e-09	-1.369321e+01	-4.261856e+02
7.500000e-07	-1.772172e-06	-6.947336e-09	-1.294755e+01	-4.134524e+02
7.600000e-07	-1.669570e-06	-6.714969e-09	-1.219794e+01	-4.002904e+02
7.700000e-07	-1.566512e-06	-6.495167e-09	-1.144499e+01	-3.866772e+02
7.800000e-07	-1.462998e-06	-6.263166e-09	-1.068871e+01	-3.725893e+02
7.900000e-07	-1.359100e-06	-6.003415e-09	-9.929633e+00	-3.580035e+02
8.000000e-07	-1.254857e-06	-5.739781e-09	-9.168025e+00	-3.428966e+02
8.100000e-07	-1.150304e-06	-5.486835e-09	-8.404160e+00	-3.272457e+02
8.200000e-07	-1.045594e-06	-5.223219e-09	-7.639142e+00	-3.110266e+02
8.300000e-07	-9.406701e-07	-4.932302e-09	-6.872568e+00	-2.942132e+02
8.400000e-07	-8.355264e-07	-4.629159e-09	-6.104385e+00	-2.767751e+02
8.500000e-07	-7.302073e-07	-4.331703e-09	-5.334920e+00	-2.586763e+02
8.600000e-07	-6.247536e-07	-4.024232e-09	-4.564472e+00	-2.398745e+02
8.700000e-07	-5.191303e-07	-3.685254e-09	-3.792784e+00	-2.203220e+02
8.800000e-07	-4.133138e-07	-3.328817e-09	-3.019685e+00	-1.999684e+02
8.900000e-07	-3.073759e-07	-2.974489e-09	-2.245699e+00	-1.787653e+02
9.000000e-07	-2.013686e-07	-2.611332e-09	-1.471206e+00	-1.566733e+02
9.100000e-07	-9.531720e-08	-2.220642e-09	-6.963908e-01	-1.336692e+02
9.200000e-07	1.076950e-08	-1.810672e-09	7.868237e-02	-1.097534e+02
9.300000e-07	1.168336e-07	-1.398092e-09	8.535903e-01	-8.495639e+01
9.400000e-07	2.228969e-07	-9.750666e-10	1.628493e+00	-5.934219e+01
9.500000e-07	3.289234e-07	-5.277929e-10	2.403126e+00	-3.300942e+01
9.600000e-07	4.348243e-07	-6.592306e-11	3.176841e+00	-6.088762e+00
9.700000e-07	5.405763e-07	3.925902e-10	3.949469e+00	2.126258e+01
9.800000e-07	6.461451e-07	8.503594e-10	4.720758e+00	4.886877e+01
9.900000e-07	7.515042e-07	1.317194e-09	5.490515e+00	7.654470e+01
1.000000e-06	8.566859e-07	1.785791e-09	6.258977e+00	1.041057e+02
1.010000e-06	9.616707e-07	2.241934e-09	7.025999e+00	1.313766e+02
1.020000e-06	1.066397e-06	2.687823e-09	7.791130e+00	1.581991e+02
1.030000e-06	1.170954e-06	3.130334e-09	8.555027e+00	1.844378e+02
1.040000e-06	1.275311e-06	3.562915e-09	9.317466e+00	2.099826e+02
1.050000e-06	1.379332e-06	3.977590e-09	1.007745e+01	2.347500e+02
1.060000e-06	1.483052e-06	4.374969e-09	1.083523e+01	2.586817e+02
1.070000e-06	1.586367e-06	4.761785e-09	1.159005e+01	2.817416e+02
1.080000e-06	1.689163e-06	5.135146e-09	1.234108e+01	3.039123e+02
1.090000e-06	1.791461e-06	5.488210e-09	1.308848e+01	3.251902e+02
1.100000e-06	1.893262e-06	5.825569e-09	1.383224e+01	3.455821e+02
1.110000e-06	1.994568e-06	6.153502e-09	1.457238e+01	3.651015e+02
1.120000e-06	2.095379e-06	6.468836e-09	1.530891e+01	3.837667e+02
1.130000e-06	2.195690e-06	6.765523e-09	1.604178e+01	4.015991e+02
1.140000e-06	2.295433e-06	7.044215e-09	1.677051e+01	4.186235e+02
1.150000e-06	2.394368e-06	7.313091e-09	1.749333e+01	4.348684e+02
1.160000e-06	2.492362e-06	7.574291e-09	1.820928e+01	4.503656e+02
1.170000e-06	2.589519e-06	7.822493e-09	1.891911e+01	4.651508e+02
1.180000e-06	2.685847e-06	8.060259e-09	1.962289e+01	4.792622e+02
1.190000e-06	2.781385e-06	8.290258e-09	2.032090e+01	4.927391e+02
1.200000e-06	2.876114e-06	8.511690e-09	2.101299e+01	5.056196e+02
1.210000e-06	2.970020e-06	8.719079e-09	2.169907e+01	5.179386e+02
1.220000e-06	3.063182e-06	8.912390e-09	2.237972e+01	5.297262e+02
1.230000e-06	3.155491e-06	9.097098e-09	2.305412e+01	5.410071e+02
1.240000e-06	3.246802e-06	9.276520e-09	2.372124e+01	5.518017e+02
1.250000e-06	3.337104e-06	9.450750e-09	2.438100e+01	5.621270e+02
1.260000e-06	3.426433e-06	9.617529e-09	2.503364e+01	5.720000e+02
1.270000e-06	3.514770e-06	9.776960e-09	2.567903e+01	5.814389e+02
1.280000e-06	3.602134e-06	9.930096e-09	2.631732e+01	5.904654e+02
1.290000e-06	3.688500e-06	1.007733e-08	2.694831e+01	5.991044e+02
1.300000e-06	3.773893e-06	1.021690e-08	2.757219e+01	6.073828e+02
1.310000e-06	3.858391e-06	1.034888e-08	2.818954e+01	6.153277e+02
1.320000e-06	3.941921e-06	1.047533e-08	2.879981e+01	6.229632e+02
1.330000e-06	4.024381e-06	1.059709e-08	2.940227e+01	6.303087e+02
1.340000e-06	4.105664e-06	1.071359e-08	2.999612e+01	6.373776e+02
1.350000e-06	4.185707e-06	1.082787e-08	3.058092e+01	6.441778e+02
1.360000e-06	4.264596e-06	1.094120e-08	3.115729e+01	6.507133e+02
1.370000e-06	4.342385e-06	1.105202e-08	3.172561e+01	6.569873e+02
1.380000e-06	4.418984e-06	1.115573e-08	3.228525e+01	6.630050e+02
1.390000e-06	4.494238e-06	1.125070e-08	3.283506e+01	6.687754e+02
1.400000e-06	4.568041e-06	1.134329e-08	3.337426e+01	6.743125e+02
1.410000e-06	4.640412e-06	1.143216e-08	3.390301e+01	6.796338e+02
1.420000e-06	4.711434e-06	1.151608e-08	3.442190e+01	6.847585e+02
1.430000e-06	4.781209e-06	1.159873e-08	3.493168e+01	6.897044e+02
1.440000e-06	4.849776e-06	1.168083e-08	3.543263e+01	6.944852e+02
1.450000e-06	4.916975e-06	1.176064e-08	3.592359e+01	6.991096e+02
1.460000e-06	4.982625e-06	1.183763e-08	3.640323e+01	7.035804e+02
1.470000e-06	5.046801e-06	1.191131e-08	3.687210e+01	7.078967e+02
1.480000e-06	5.109635e-06	1.198191e-08	3.733117e+01	7.120562e+02
1.490000e-06	5.171149e-06	1.204919e-08	3.778059e+01	7.160576e+02
1.500000e-06	5.231308e-06	1.211514e-08	3.822011e+01	7.199026e+02
1.510000e-06	5.289925e-06	1.217969e-08	3.864837e+01	7.235966e+02
1.520000e-06	5.346866e-06	1.224135e-08	3.906439e+01	7.271475e+02
1.530000e-06	5.402163e-06	1.229956e-08	3.946839e+01	7.305639e+02
1.540000e-06	5.455860e-06	1.235269e-08	3.986070e+01	7.338523e+02
1.550000e-06	5.507818e-06	1.240387e-08	4.024031e+01	7.370160e+02
1.560000e-06	5.557839e-06	1.245357e-08	4.060576e+01	7.400537e+02
1.570000e-06	5.605998e-06	1.250260e-08	4.095761e+01	7.429607e+02
1.580000e-06	5.652494e-06	1.255224e-08	4.129732e+01	7.457310e+02
1.590000e-06	5.697510e-06	1.260040e-08	4.162621e+01	7.483604e+02
1.600000e-06	5.740946e-06	1.264498e-08	4.194355e+01	7.508486e+02
1.610000e-06	5.782594e-06	1.268541e-08	4.224783e+01	7.532003e+02
1.620000e-06	5.822569e-06	1.272124e-08	4.253989e+01	7.554255e+02
1.630000e-06	5.860984e-06	1.275302e-08	4.282055e+01	7.575364e+02
1.640000e-06	5.897927e-06	1.278373e-08	4.309046e+01	7.595454e+02
1.650000e-06	5.933311e-06	1.281526e-08	4.334898e+01	7.614609e+02
1.660000e-06	5.966862e-06	1.284679e-08	4.359410e+01	7.632863e+02
1.670000e-06	5.998721e-06	1.287716e-08	4.382686e+01	7.650186e+02
1.680000e-06	6.029093e-06	1.290528e-08	4.404876e+01	7.666506e+02
1.690000e-06	6.057981e-06	1.293173e-08	4.425982e+01	7.681734e+02
1.700000e-06	6.085205e-06	1.295658e-08	4.445872e+01	7.695802e+02
1.710000e-06	6.110500e-06	1.297712e-08	4.464352e+01	7.708690e+02
1.720000e-06	6.134055e-06	1.299363e-08	4.481562e+01	7.720435e+02
1.730000e-06	6.156058e-06	1.300778e-08	4.497637e+01	7.731130e+02
1.740000e-06	6.176507e-06	1.302048e-08	4.512577e+01	7.740894e+02
1.750000e-06	6.195291e-06	1.303361e-08	4.526301e+01	7.749837e+02
1.760000e-06	6.212193e-06	1.304713e-08	4.538649e+01	7.758025e+02
1.770000e-06	6.227296e-06	1.306046e-08	4.549684e+01	7.765463e+02
1.780000e-06	6.240611e-06	1.307338e-08	4.559412e+01	7.772094e+02
1.790000e-06	6.251943e-06	1.308313e-08	4.567691e+01	7.777820e+02
1.800000e-06	6.261243e-06	1.308845e-08	4.574486e+01	7.782535e+02
1.810000e-06	6.268748e-06	1.309212e-08	4.579969e+01	7.786169e+02
1.820000e-06	6.274592e-06	1.309507e-08	4.584238e+01	7.788709e+02
1.830000e-06	6.278732e-06	1.309491e-08	4.587263e+01	7.790209e+02
1.840000e-06	6.281030e-06	1.309305e-08	4.588942e+01	7.790770e+02
1.850000e-06	6.281465e-06	1.309121e-08	4.589260e+01	7.790506e+02
1.860000e-06	6.280235e-06	1.309134e-08	4.588361e+01	7.789497e+02
1.870000e-06	6.277429e-06	1.309197e-08	4.586311e+01	7.787753e+02
1.880000e-06	6.272975e-06	1.308968e-08	4.583057e+01	7.785200e+02
1.890000e-06	6.266675e-06	1.308566e-08	4.578454e+01	7.781691e+02
1.900000e-06	6.258607e-06	1.307712e-08	4.572560e+01	7.777051e+02
1.910000e-06	6.249006e-06	1.306557e-08	4.565546e+01	7.771131e+02
1.920000e-06	6.237819e-06	1.304981e-08	4.557372e+01	7.763869e+02
1.930000e-06	6.224793e-06	1.303701e-08	4.547855e+01	7.755330e+02
1.940000e-06	6.209736e-06	1.305762e-08	4.536854e+01	7.745707e+02
1.950000e-06	6.192366e-06	1.306017e-08	4.524164e+01	7.735295e+02
1.960000e-06	6.172408e-06	1.300955e-08	4.509583e+01	7.724426e+02
1.970000e-06	6.150173e-06	1.294140e-08	4.493338e+01	7.713385e+02
1.980000e-06	6.126722e-06	1.289292e-08	4.476204e+01	7.702333e+02
1.990000e-06	6.102689e-06	1.294081e-08	4.458646e+01	7.691258e+02
2.000000e-06	6.077333e-06	1.297245e-08	4.440121e+01	7.679962e+02
2.010000e-06	6.050278e-06	1.288910e-08	4.420354e+01	7.668094e+02
2.020000e-06	6.022058e-06	1.289165e-08	4.399736e+01	7.655223e+02
2.030000e-06	5.991997e-06	1.292040e-08	4.377773e+01	7.640927e+02
2.040000e-06	5.959605e-06	1.286398e-08	4.354108e+01	7.624881e+02
2.050000e-06	5.925800e-06	1.282225e-08	4.329410e+01	7.606919e+02
2.060000e-06	5.890656e-06	1.272563e-08	4.303733e+01	7.587054e+02
2.070000e-06	5.853801e-06	1.271707e-08	4.276807e+01	7.565457e+02
2.080000e-06	5.815162e-06	1.281151e-08	4.248577e+01	7.542402e+02
2.090000e-06	5.774641e-06	1.268855e-08	4.218973e+01	7.518185e+02
2.100000e-06	5.732657e-06	1.256704e-08	4.188299e+01	7.493051e+02
2.110000e-06	5.689270e-06	1.260461e-08	4.156600e+01	7.467139e+02
2.120000e-06	5.643993e-06	1.257412e-08	4.123520e+01	7.440461e+02
2.130000e-06	5.597169e-06	1.247904e-08	4.089311e+01	7.412911e+02
2.140000e-06	5.548864e-06	1.237552e-08	4.054019e+01	7.384314e+02
2.150000e-06	5.498803e-06	1.241342e-08	4.017445e+01	7.354471e+02
2.160000e-06	5.446922e-06	1.243238e-08	3.979540e+01	7.323220e+02
2.170000e-06	5.393053e-06	1.226651e-08	3.940183e+01	7.290464e+02
2.180000e-06	5.337504e-06	1.217655e-08	3.899599e+01	7.256186e+02
2.190000e-06	5.280355e-06	1.215890e-08	3.857846e+01	7.220433e+02
2.200000e-06	5.221669e-06	1.215552e-08	3.814970e+01	7.183286e+02
2.210000e-06	5.161686e-06	1.205878e-08	3.771146e+01	7.144822e+02
2.220000e-06	5.100144e-06	1.192718e-08	3.726183e+01	7.105090e+02
2.230000e-06	5.036887e-06	1.194324e-08	3.679967e+01	7.064086e+02
2.240000e-06	4.972027e-06	1.188199e-08	3.632580e+01	7.021763e+02
2.250000e-06	4.905803e-06	1.173790e-08	3.584196e+01	6.978046e+02
2.260000e-06	4.838402e-06	1.161933e-08	3.534953e+01	6.932854e+02
2.270000e-06	4.769547e-06	1.159329e-08	3.484648e+01	6.886126e+02
2.280000e-06	4.699018e-06	1.159098e-08	3.433119e+01	6.837832e+02
2.290000e-06	4.627075e-06	1.143996e-08	3.380557e+01	6.787978e+02
2.300000e-06	4.554001e-06	1.132406e-08	3.327169e+01	6.736591e+02
2.310000e-06	4.479681e-06	1.126628e-08	3.272870e+01	6.683706e+02
2.320000e-06	4.403980e-06	1.120030e-08	3.217563e+01	6.629339e+02
2.330000e-06	4.326806e-06	1.107042e-08	3.161180e+01	6.573481e+02
2.340000e-06	4.248142e-06	1.092627e-08	3.103707e+01	6.516090e+02
2.350000e-06	4.168271e-06	1.088867e-08	3.045353e+01	6.457097e+02
2.360000e-06	4.087304e-06	1.081771e-08	2.986198e+01	6.396420e+02
2.370000e-06	4.005351e-06	1.068481e-08	2.926324e+01	6.333979e+02
2.380000e-06	3.922467e-06	1.052166e-08	2.865768e+01	6.269707e+02
2.390000e-06	3.838617e-06	1.042829e-08	2.804507e+01	6.203553e+02
2.400000e-06	3.753645e-06	1.036622e-08	2.742426e+01	6.135481e+02
2.410000e-06	3.667348e-06	1.021970e-08	2.679377e+01	6.065461e+02
2.420000e-06	3.579959e-06	1.006900e-08	2.615530e+01	5.993450e+02
2.430000e-06	3.491698e-06	9.964464e-09	2.551046e+01	5.919389e+02
2.440000e-06	3.402583e-06	9.881977e-09	2.485939e+01	5.843193e+02
2.450000e-06	3.312626e-06	9.717964e-09	2.420216e+01	5.764752e+02
2.460000e-06	3.221816e-06	9.529008e-09	2.353870e+01	5.683941e+02
2.470000e-06	3.130101e-06	9.409232e-09	2.286863e+01	5.600631e+02
2.480000e-06	3.037441e-06	9.309993e-09	2.219165e+01	5.514697e+02
2.490000e-06	2.943811e-06	9.155290e-09	2.150759e+01	5.426031e+02
2.500000e-06	2.849154e-06	8.962316e-09	2.081602e+01	5.334542e+02
2.510000e-06	2.753563e-06	8.819623e-09	2.011762e+01	5.240152e+02
2.520000e-06	2.657191e-06	8.692081e-09	1.941353e+01	5.142793e+02
2.530000e-06	2.560176e-06	8.508121e-09	1.870474e+01	5.042396e+02
2.540000e-06	2.462609e-06	8.292490e-09	1.799191e+01	4.938884e+02
2.550000e-06	2.364354e-06	8.121880e-09	1.727405e+01	4.832168e+02
2.560000e-06	2.265297e-06	7.975077e-09	1.655034e+01	4.722138e+02
2.570000e-06	2.165609e-06	7.778860e-09	1.582201e+01	4.608666e+02
2.580000e-06	2.065448e-06	7.548639e-09	1.509023e+01	4.491604e+02
2.590000e-06	1.964661e-06	7.351411e-09	1.435388e+01	4.370784e+02
2.600000e-06	1.863131e-06	7.178978e-09	1.361210e+01	4.246018e+02
2.610000e-06	1.760836e-06	6.961366e-09	1.286473e+01	4.117100e+02
2.620000e-06	1.657851e-06	6.706568e-09	1.211232e+01	3.983811e+02
2.630000e-06	1.554390e-06	6.473091e-09	1.135643e+01	3.845921e+02
2.640000e-06	1.450524e-06	6.261023e-09	1.059758e+01	3.703199e+02
2.650000e-06	1.346327e-06	6.012186e-09	9.836309e+00	3.555410e+02
2.660000e-06	1.241822e-06	5.727222e-09	9.072795e+00	3.402324e+02
2.670000e-06	1.137010e-06	5.460116e-09	8.307037e+00	3.243709e+02
2.680000e-06	1.031950e-06	5.211965e-09	7.539464e+00	3.079318e+02
2.690000e-06	9.266778e-07	4.934009e-09	6.770340e+00	2.908876e+02
2.700000e-06	8.212283e-07	4.615755e-09	5.999922e+00	2.732058e+02
2.710000e-06	7.156044e-07	4.301849e-09	5.228230e+00	2.548483e+02
2.720000e-06	6.098651e-07	4.000626e-09	4.455696e+00	2.357704e+02
2.730000e-06	5.040166e-07	3.670860e-09	3.682363e+00	2.159230e+02
2.740000e-06	3.981236e-07	3.300543e-09	2.908705e+00	1.952558e+02
2.750000e-06	2.921664e-07	2.931171e-09	2.134578e+00	1.737229e+02
2.760000e-06	1.860985e-07	2.575623e-09	1.359642e+00	1.512900e+02
2.770000e-06	7.999536e-08	2.193552e-09	5.844489e-01	1.279421e+02
2.780000e-06	-2.610101e-08	1.769012e-09	-1.906949e-01	1.036901e+02
2.790000e-06	-1.321445e-07	1.336707e-09	-9.654524e-01	7.857684e+01
2.800000e-06	-2.381569e-07	9.175033e-10	-1.739982e+00	5.267941e+01
2.810000e-06	-3.441480e-07	4.792625e-10	-2.514357e+00	2.610889e+01
2.820000e-06	-4.500425e-07	6.044392e-12	-3.288026e+00	-9.932997e-01
2.830000e-06	-5.557646e-07	-4.671230e-10	-4.060435e+00	-2.846193e+01
2.840000e-06	-6.613557e-07	-9.198310e-10	-4.831887e+00	-5.611656e+01
2.850000e-06	-7.668623e-07	-1.378414e-09	-5.602722e+00	-8.377112e+01
2.860000e-06	-8.722205e-07	-1.855559e-09	-6.372473e+00	-1.112435e+02
2.870000e-06	-9.773380e-07	-2.322631e-09	-7.140465e+00	-1.383641e+02
2.880000e-06	-1.082203e-06	-2.760068e-09	-7.906616e+00	-1.649826e+02
2.890000e-06	-1.186863e-06	-3.187272e-09	-8.671262e+00	-1.909730e+02
2.900000e-06	-1.291217e-06	-3.620580e-09	-9.433679e+00	-2.162350e+02
2.910000e-06	-1.395172e-06	-4.040501e-09	-1.019317e+01	-2.406950e+02
2.920000e-06	-1.498730e-06	-4.433632e-09	-1.094977e+01	-2.643033e+02
2.930000e-06	-1.601921e-06	-4.813483e-09	-1.170369e+01	-2.870314e+02
2.940000e-06	-1.704649e-06	-5.193216e-09	-1.245422e+01	-3.088675e+02
2.950000e-06	-1.806766e-06	-5.557534e-09	-1.320030e+01	-3.298123e+02
2.960000e-06	-1.908211e-06	-5.891328e-09	-1.394146e+01	-3.498756e+02
2.970000e-06	-2.008960e-06	-6.209905e-09	-1.467753e+01	-3.690727e+02
2.980000e-06	-2.109068e-06	-6.526994e-09	-1.540893e+01	-3.874233e+02
2.990000e-06	-2.208626e-06	-6.831429e-09	-1.613630e+01	-4.049500e+02
3.000000e-06	-2.307608e-06	-7.108903e-09	-1.685947e+01	-4.216791e+02
3.010000e-06	-2.405891e-06	-7.371453e-09	-1.757753e+01	-4.376400e+02
3.020000e-06	-2.503484e-06	-7.633467e-09	-1.829054e+01	-4.528663e+02
3.030000e-06	-2.600432e-06	-7.886040e-09	-1.899885e+01	-4.673946e+02
3.040000e-06	-2.696657e-06	-8.119272e-09	-1.970187e+01	-4.812639e+02
3.050000e-06	-2.792154e-06	-8.339184e-09	-2.039957e+01	-4.945132e+02
3.060000e-06	-2.886922e-06	-8.557081e-09	-2.109195e+01	-5.071797e+02
3.070000e-06	-2.980751e-06	-8.767696e-09	-2.177747e+01	-5.192966e+02
3.080000e-06	-3.073555e-06	-8.958586e-09	-2.245550e+01	-5.308919e+02
3.090000e-06	-3.165395e-06	-9.138257e-09	-2.312649e+01	-5.419888e+02
3.100000e-06	-3.256269e-06	-9.318192e-09	-2.379041e+01	-5.526058e+02
3.110000e-06	-3.346164e-06	-9.495435e-09	-2.444719e+01	-5.627599e+02
3.120000e-06	-3.435118e-06	-9.659574e-09	-2.509709e+01	-5.724682e+02
3.130000e-06	-3.523166e-06	-9.811571e-09	-2.574037e+01	-5.817502e+02
3.140000e-06	-3.610271e-06	-9.966106e-09	-2.637676e+01	-5.906287e+02
3.150000e-06	-3.696388e-06	-1.011684e-08	-2.700594e+01	-5.991296e+02
3.160000e-06	-3.781397e-06	-1.025307e-08	-2.762702e+01	-6.072803e+02
3.170000e-06	-3.865289e-06	-1.037916e-08	-2.823994e+01	-6.151069e+02
3.180000e-06	-3.948135e-06	-1.050621e-08	-2.884521e+01	-6.226322e+02
3.190000e-06	-4.029944e-06	-1.063205e-08	-2.944291e+01	-6.298731e+02
3.200000e-06	-4.110788e-06	-1.074666e-08	-3.003356e+01	-6.368410e+02
3.210000e-06	-4.190575e-06	-1.085490e-08	-3.061649e+01	-6.435419e+02
3.220000e-06	-4.269172e-06	-1.096310e-08	-3.119072e+01	-6.499794e+02
3.230000e-06	-4.346422e-06	-1.106918e-08	-3.175511e+01	-6.561569e+02
3.240000e-06	-4.422217e-06	-1.116916e-08	-3.230887e+01	-6.620809e+02
3.250000e-06	-4.496648e-06	-1.126377e-08	-3.285266e+01	-6.677624e+02
3.260000e-06	-4.569800e-06	-1.135584e-08	-3.338711e+01	-6.732168e+02
3.270000e-06	-4.641733e-06	-1.144430e-08	-3.391266e+01	-6.784626e+02
3.280000e-06	-4.712411e-06	-1.152866e-08	-3.442904e+01	-6.835187e+02
3.290000e-06	-4.781598e-06	-1.160910e-08	-3.493452e+01	-6.884017e+02
3.300000e-06	-4.849322e-06	-1.168751e-08	-3.542932e+01	-6.931236e+02
3.310000e-06	-4.915776e-06	-1.176424e-08	-3.591483e+01	-6.976907e+02
3.320000e-06	-4.980926e-06	-1.183667e-08	-3.639082e+01	-7.021042e+02
3.330000e-06	-5.044737e-06	-1.190586e-08	-3.685702e+01	-7.063624e+02
3.340000e-06	-5.107092e-06	-1.197393e-08	-3.731259e+01	-7.104630e+02
3.350000e-06	-5.167794e-06	-1.203944e-08	-3.775608e+01	-7.144058e+02
3.360000e-06	-5.226888e-06	-1.210278e-08	-3.818783e+01	-7.181938e+02
3.370000e-06	-5.284591e-06	-1.216511e-08	-3.860940e+01	-7.218335e+02
3.380000e-06	-5.340895e-06	-1.222398e-08	-3.902076e+01	-7.253334e+02
3.390000e-06	-5.395573e-06	-1.228021e-08	-3.942024e+01	-7.287016e+02
3.400000e-06	-5.448365e-06	-1.233239e-08	-3.980594e+01	-7.319436e+02
3.410000e-06	-5.499293e-06	-1.238228e-08	-4.017802e+01	-7.350608e+02
3.420000e-06	-5.548490e-06	-1.243023e-08	-4.053746e+01	-7.380505e+02
3.430000e-06	-5.595822e-06	-1.247789e-08	-4.088327e+01	-7.409073e+02
3.440000e-06	-5.641462e-06	-1.252693e-08	-4.121672e+01	-7.436256e+02
3.450000e-06	-5.685680e-06	-1.257422e-08	-4.153977e+01	-7.462022e+02
3.460000e-06	-5.728467e-06	-1.261609e-08	-4.185237e+01	-7.486387e+02
3.470000e-06	-5.769817e-06	-1.265268e-08	-4.215448e+01	-7.509420e+02
3.480000e-06	-5.809692e-06	-1.268707e-08	-4.244581e+01	-7.531233e+02
3.490000e-06	-5.847961e-06	-1.272001e-08	-4.272540e+01	-7.551951e+02
3.500000e-06	-5.884436e-06	-1.275153e-08	-4.299190e+01	-7.571687e+02
3.510000e-06	-5.919187e-06	-1.278323e-08	-4.324579e+01	-7.590508e+02
3.520000e-06	-5.952334e-06	-1.281690e-08	-4.348796e+01	-7.608423e+02
3.530000e-06	-5.983934e-06	-1.285012e-08	-4.371883e+01	-7.625384e+02
3.540000e-06	-6.013834e-06	-1.287729e-08	-4.393728e+01	-7.641308e+02
3.550000e-06	-6.041911e-06	-1.289985e-08	-4.414241e+01	-7.656112e+02
3.560000e-06	-6.068355e-06	-1.292410e-08	-4.433561e+01	-7.669740e+02
3.570000e-06	-6.093204e-06	-1.294746e-08	-4.451716e+01	-7.682195e+02
3.580000e-06	-6.116409e-06	-1.296726e-08	-4.468669e+01	-7.693538e+02
3.590000e-06	-6.137837e-06	-1.298582e-08	-4.484325e+01	-7.703874e+02
3.600000e-06	-6.157500e-06	-1.300456e-08	-4.498691e+01	-7.713323e+02
3.610000e-06	-6.175534e-06	-1.302257e-08	-4.511867e+01	-7.721982e+02
3.620000e-06	-6.191927e-06	-1.303484e-08	-4.523843e+01	-7.729896e+02
3.630000e-06	-6.206514e-06	-1.304549e-08	-4.534500e+01	-7.737045e+02
3.640000e-06	-6.219015e-06	-1.305883e-08	-4.543633e+01	-7.743353e+02
3.650000e-06	-6.229555e-06	-1.307225e-08	-4.551334e+01	-7.748715e+02
3.660000e-06	-6.238442e-06	-1.308130e-08	-4.557827e+01	-7.753035e+02
3.670000e-06	-6.245641e-06	-1.308757e-08	-4.563087e+01	-7.756260e+02
3.680000e-06	-6.250899e-06	-1.309394e-08	-4.566929e+01	-7.758405e+02
3.690000e-06	-6.254294e-06	-1.309775e-08	-4.569409e+01	-7.759543e+02
3.700000e-06	-6.256085e-06	-1.309780e-08	-4.570718e+01	-7.759787e+02
3.710000e-06	-6.256224e-06	-1.309657e-08	-4.570819e+01	-7.759241e+02
