# Temperatura_=_20.0
# Concentracion g/m^3_=_12000.0
# C_Vs_to_Am_M_A/Vsm_=_59384043850.047264
# pendiente_HvsI_1/m_=_3716.3
# ordenada_HvsI_A/m_=_1297.0
# frecuencia_Hz_=_269360.1024146698

Tiempo_(s)	Campo_(V.s)	Magnetizacion_(V.s)	Campo_(kA/m)	Magnetizacion_(A/m)
0.000000e+00	-6.234853e-06	-1.305847e-08	-4.570162e+01	-7.736078e+02
1.000000e-08	-6.232554e-06	-1.305677e-08	-4.568477e+01	-7.734510e+02
2.000000e-08	-6.228404e-06	-1.305027e-08	-4.565435e+01	-7.732181e+02
3.000000e-08	-6.222655e-06	-1.304094e-08	-4.561221e+01	-7.728961e+02
4.000000e-08	-6.215428e-06	-1.303348e-08	-4.555923e+01	-7.724675e+02
5.000000e-08	-6.206660e-06	-1.302677e-08	-4.549497e+01	-7.719163e+02
6.000000e-08	-6.196000e-06	-1.301739e-08	-4.541683e+01	-7.712341e+02
7.000000e-08	-6.183421e-06	-1.300461e-08	-4.532463e+01	-7.704246e+02
8.000000e-08	-6.168938e-06	-1.297117e-08	-4.521847e+01	-7.695053e+02
9.000000e-08	-6.152144e-06	-1.293682e-08	-4.509536e+01	-7.685051e+02
1.000000e-07	-6.133096e-06	-1.292365e-08	-4.495574e+01	-7.674580e+02
1.100000e-07	-6.112232e-06	-1.292140e-08	-4.480281e+01	-7.663948e+02
1.200000e-07	-6.089831e-06	-1.295288e-08	-4.463860e+01	-7.653345e+02
1.300000e-07	-6.066167e-06	-1.293382e-08	-4.446515e+01	-7.642779e+02
1.400000e-07	-6.041174e-06	-1.284935e-08	-4.428195e+01	-7.632053e+02
1.500000e-07	-6.014466e-06	-1.285796e-08	-4.408618e+01	-7.620801e+02
1.600000e-07	-5.986265e-06	-1.283843e-08	-4.387947e+01	-7.608555e+02
1.700000e-07	-5.956659e-06	-1.277586e-08	-4.366245e+01	-7.594849e+02
1.800000e-07	-5.925366e-06	-1.276766e-08	-4.343307e+01	-7.579324e+02
1.900000e-07	-5.892653e-06	-1.270553e-08	-4.319329e+01	-7.561799e+02
2.000000e-07	-5.858402e-06	-1.269094e-08	-4.294223e+01	-7.542302e+02
2.100000e-07	-5.822375e-06	-1.271208e-08	-4.267815e+01	-7.521048e+02
2.200000e-07	-5.784748e-06	-1.262617e-08	-4.240234e+01	-7.498372e+02
2.300000e-07	-5.745484e-06	-1.254742e-08	-4.211454e+01	-7.474633e+02
2.400000e-07	-5.704502e-06	-1.254122e-08	-4.181413e+01	-7.450118e+02
2.500000e-07	-5.661709e-06	-1.253726e-08	-4.150046e+01	-7.424977e+02
2.600000e-07	-5.617131e-06	-1.248429e-08	-4.117370e+01	-7.399195e+02
2.700000e-07	-5.570998e-06	-1.237517e-08	-4.083555e+01	-7.372611e+02
2.800000e-07	-5.523296e-06	-1.234958e-08	-4.048589e+01	-7.344979e+02
2.900000e-07	-5.473665e-06	-1.235831e-08	-4.012210e+01	-7.316041e+02
3.000000e-07	-5.421987e-06	-1.225714e-08	-3.974330e+01	-7.285600e+02
3.100000e-07	-5.368518e-06	-1.216328e-08	-3.935137e+01	-7.253565e+02
3.200000e-07	-5.313476e-06	-1.215459e-08	-3.894791e+01	-7.219960e+02
3.300000e-07	-5.256943e-06	-1.214335e-08	-3.853352e+01	-7.184893e+02
3.400000e-07	-5.198845e-06	-1.204563e-08	-3.810766e+01	-7.148507e+02
3.500000e-07	-5.139086e-06	-1.193769e-08	-3.766963e+01	-7.110918e+02
3.600000e-07	-5.077813e-06	-1.188819e-08	-3.722049e+01	-7.072175e+02
3.700000e-07	-5.015107e-06	-1.184184e-08	-3.676085e+01	-7.032237e+02
3.800000e-07	-4.950944e-06	-1.176632e-08	-3.629054e+01	-6.990989e+02
3.900000e-07	-4.885305e-06	-1.167585e-08	-3.580940e+01	-6.948279e+02
4.000000e-07	-4.818132e-06	-1.162372e-08	-3.531702e+01	-6.903970e+02
4.100000e-07	-4.749509e-06	-1.158597e-08	-3.481402e+01	-6.857976e+02
4.200000e-07	-4.679609e-06	-1.148041e-08	-3.430165e+01	-6.810292e+02
4.300000e-07	-4.608481e-06	-1.134891e-08	-3.378027e+01	-6.760982e+02
4.400000e-07	-4.536082e-06	-1.126942e-08	-3.324959e+01	-6.710149e+02
4.500000e-07	-4.462291e-06	-1.121801e-08	-3.270870e+01	-6.657893e+02
4.600000e-07	-4.386995e-06	-1.112888e-08	-3.215678e+01	-6.604264e+02
4.700000e-07	-4.310334e-06	-1.101792e-08	-3.159485e+01	-6.549239e+02
4.800000e-07	-4.232421e-06	-1.093788e-08	-3.102375e+01	-6.492717e+02
4.900000e-07	-4.153187e-06	-1.085697e-08	-3.044296e+01	-6.434545e+02
5.000000e-07	-4.072572e-06	-1.073520e-08	-2.985205e+01	-6.374554e+02
5.100000e-07	-3.990706e-06	-1.059729e-08	-2.925197e+01	-6.312612e+02
5.200000e-07	-3.907831e-06	-1.049390e-08	-2.864450e+01	-6.248649e+02
5.300000e-07	-3.824039e-06	-1.041800e-08	-2.803030e+01	-6.182668e+02
5.400000e-07	-3.739396e-06	-1.031119e-08	-2.740986e+01	-6.114732e+02
5.500000e-07	-3.653962e-06	-1.017313e-08	-2.678363e+01	-6.044924e+02
5.600000e-07	-3.567607e-06	-1.004774e-08	-2.615064e+01	-5.973303e+02
5.700000e-07	-3.480239e-06	-9.942400e-09	-2.551024e+01	-5.899863e+02
5.800000e-07	-3.391950e-06	-9.814034e-09	-2.486308e+01	-5.824516e+02
5.900000e-07	-3.302815e-06	-9.658225e-09	-2.420971e+01	-5.747091e+02
6.000000e-07	-3.212709e-06	-9.524272e-09	-2.354923e+01	-5.667368e+02
6.100000e-07	-3.121449e-06	-9.410970e-09	-2.288030e+01	-5.585120e+02
6.200000e-07	-3.029171e-06	-9.270544e-09	-2.220390e+01	-5.500152e+02
6.300000e-07	-2.936055e-06	-9.097627e-09	-2.152136e+01	-5.412337e+02
6.400000e-07	-2.842156e-06	-8.939845e-09	-2.083307e+01	-5.321620e+02
6.500000e-07	-2.747487e-06	-8.803110e-09	-2.013915e+01	-5.228002e+02
6.600000e-07	-2.652028e-06	-8.645507e-09	-1.943943e+01	-5.131509e+02
6.700000e-07	-2.555793e-06	-8.459463e-09	-1.873402e+01	-5.032146e+02
6.800000e-07	-2.458762e-06	-8.283059e-09	-1.802279e+01	-4.929869e+02
6.900000e-07	-2.360887e-06	-8.123554e-09	-1.730536e+01	-4.824562e+02
7.000000e-07	-2.262096e-06	-7.941532e-09	-1.658122e+01	-4.716046e+02
7.100000e-07	-2.162440e-06	-7.732653e-09	-1.585074e+01	-4.604097e+02
7.200000e-07	-2.062141e-06	-7.530174e-09	-1.511554e+01	-4.488481e+02
7.300000e-07	-1.961345e-06	-7.345154e-09	-1.437671e+01	-4.368986e+02
7.400000e-07	-1.860060e-06	-7.145974e-09	-1.363429e+01	-4.245435e+02
7.500000e-07	-1.758268e-06	-6.919498e-09	-1.288815e+01	-4.117691e+02
7.600000e-07	-1.655943e-06	-6.690560e-09	-1.213810e+01	-3.985637e+02
7.700000e-07	-1.553166e-06	-6.470935e-09	-1.138475e+01	-3.849153e+02
7.800000e-07	-1.450040e-06	-6.235835e-09	-1.062883e+01	-3.708084e+02
7.900000e-07	-1.346592e-06	-5.973568e-09	-9.870550e+00	-3.562221e+02
8.000000e-07	-1.242833e-06	-5.711172e-09	-9.109997e+00	-3.411299e+02
8.100000e-07	-1.138711e-06	-5.460409e-09	-8.346777e+00	-3.255004e+02
8.200000e-07	-1.034282e-06	-5.199172e-09	-7.581315e+00	-3.092992e+02
8.300000e-07	-9.296466e-07	-4.910003e-09	-6.814332e+00	-2.924912e+02
8.400000e-07	-8.248348e-07	-4.608552e-09	-6.046059e+00	-2.750415e+02
8.500000e-07	-7.198620e-07	-4.308445e-09	-5.276605e+00	-2.569154e+02
8.600000e-07	-6.146922e-07	-3.995461e-09	-4.505709e+00	-2.380777e+02
8.700000e-07	-5.092757e-07	-3.654705e-09	-3.733003e+00	-2.184910e+02
8.800000e-07	-4.036696e-07	-3.300776e-09	-2.958908e+00	-1.981153e+02
8.900000e-07	-2.979956e-07	-2.949419e-09	-2.184315e+00	-1.769099e+02
9.000000e-07	-1.923089e-07	-2.587591e-09	-1.409629e+00	-1.548375e+02
9.100000e-07	-8.661165e-08	-2.196471e-09	-6.348655e-01	-1.318713e+02
9.200000e-07	1.908045e-08	-1.785473e-09	1.398602e-01	-1.080042e+02
9.300000e-07	1.247815e-07	-1.371504e-09	9.146517e-01	-8.325788e+01
9.400000e-07	2.305122e-07	-9.459258e-10	1.689660e+00	-5.768978e+01
9.500000e-07	3.361515e-07	-4.976713e-10	2.463999e+00	-3.139683e+01
9.600000e-07	4.416696e-07	-3.995178e-11	3.237449e+00	-4.513956e+00
9.700000e-07	5.471234e-07	4.125418e-10	4.010427e+00	2.279237e+01
9.800000e-07	6.524659e-07	8.685088e-10	4.782590e+00	5.033475e+01
9.900000e-07	7.575906e-07	1.338150e-09	5.553157e+00	7.791784e+01
1.000000e-06	8.624580e-07	1.807503e-09	6.321838e+00	1.053514e+02
1.010000e-06	9.671056e-07	2.260223e-09	7.088907e+00	1.324615e+02
1.020000e-06	1.071549e-06	2.702477e-09	7.854483e+00	1.590979e+02
1.030000e-06	1.175699e-06	3.141569e-09	8.617902e+00	1.851381e+02
1.040000e-06	1.279514e-06	3.569141e-09	9.378869e+00	2.104865e+02
1.050000e-06	1.383065e-06	3.978749e-09	1.013790e+01	2.350719e+02
1.060000e-06	1.486324e-06	4.375804e-09	1.089479e+01	2.588430e+02
1.070000e-06	1.589213e-06	4.765767e-09	1.164897e+01	2.817645e+02
1.080000e-06	1.691690e-06	5.141719e-09	1.240013e+01	3.038137e+02
1.090000e-06	1.793715e-06	5.492185e-09	1.314797e+01	3.249788e+02
1.100000e-06	1.895265e-06	5.823624e-09	1.389234e+01	3.452584e+02
1.110000e-06	1.996266e-06	6.147228e-09	1.463268e+01	3.646608e+02
1.120000e-06	2.096730e-06	6.459420e-09	1.536908e+01	3.832041e+02
1.130000e-06	2.196684e-06	6.754338e-09	1.610174e+01	4.009147e+02
1.140000e-06	2.295981e-06	7.034421e-09	1.682960e+01	4.178255e+02
1.150000e-06	2.394443e-06	7.309983e-09	1.755133e+01	4.339732e+02
1.160000e-06	2.491983e-06	7.574966e-09	1.826630e+01	4.493954e+02
1.170000e-06	2.588659e-06	7.821410e-09	1.897493e+01	4.641281e+02
1.180000e-06	2.684561e-06	8.053120e-09	1.967789e+01	4.782049e+02
1.190000e-06	2.779699e-06	8.278757e-09	2.037526e+01	4.916559e+02
1.200000e-06	2.874031e-06	8.498050e-09	2.106672e+01	5.045089e+02
1.210000e-06	2.967569e-06	8.701735e-09	2.175235e+01	5.167900e+02
1.220000e-06	3.060363e-06	8.893821e-09	2.243253e+01	5.285252e+02
1.230000e-06	3.152385e-06	9.082955e-09	2.310706e+01	5.397411e+02
1.240000e-06	3.243482e-06	9.269863e-09	2.377480e+01	5.504646e+02
1.250000e-06	3.333464e-06	9.445501e-09	2.443437e+01	5.607227e+02
1.260000e-06	3.422291e-06	9.607840e-09	2.508547e+01	5.705413e+02
1.270000e-06	3.510165e-06	9.763318e-09	2.572959e+01	5.799448e+02
1.280000e-06	3.597168e-06	9.914500e-09	2.636733e+01	5.889550e+02
1.290000e-06	3.683175e-06	1.005643e-08	2.699776e+01	5.975911e+02
1.300000e-06	3.768263e-06	1.019273e-08	2.762146e+01	6.058707e+02
1.310000e-06	3.852460e-06	1.032866e-08	2.823862e+01	6.138099e+02
1.320000e-06	3.935665e-06	1.046326e-08	2.884852e+01	6.214247e+02
1.330000e-06	4.017750e-06	1.058833e-08	2.945021e+01	6.287311e+02
1.340000e-06	4.098614e-06	1.070446e-08	3.004294e+01	6.357454e+02
1.350000e-06	4.178320e-06	1.081718e-08	3.062719e+01	6.424838e+02
1.360000e-06	4.256877e-06	1.092670e-08	3.120301e+01	6.489619e+02
1.370000e-06	4.334288e-06	1.103147e-08	3.177043e+01	6.551940e+02
1.380000e-06	4.410524e-06	1.112885e-08	3.232925e+01	6.611926e+02
1.390000e-06	4.485412e-06	1.122481e-08	3.287818e+01	6.669685e+02
1.400000e-06	4.558779e-06	1.132137e-08	3.341596e+01	6.725305e+02
1.410000e-06	4.630781e-06	1.141338e-08	3.394374e+01	6.778864e+02
1.420000e-06	4.701538e-06	1.149871e-08	3.446239e+01	6.830433e+02
1.430000e-06	4.771001e-06	1.158226e-08	3.497156e+01	6.880082e+02
1.440000e-06	4.839260e-06	1.166347e-08	3.547189e+01	6.927880e+02
1.450000e-06	4.906128e-06	1.174032e-08	3.596203e+01	6.973898e+02
1.460000e-06	4.971336e-06	1.181383e-08	3.644001e+01	7.018209e+02
1.470000e-06	5.035076e-06	1.188543e-08	3.690723e+01	7.060883e+02
1.480000e-06	5.097555e-06	1.195553e-08	3.736520e+01	7.101989e+02
1.490000e-06	5.158766e-06	1.202285e-08	3.781388e+01	7.141587e+02
1.500000e-06	5.218655e-06	1.208771e-08	3.825287e+01	7.179732e+02
1.510000e-06	5.276918e-06	1.215045e-08	3.867993e+01	7.216471e+02
1.520000e-06	5.333481e-06	1.221168e-08	3.909454e+01	7.251837e+02
1.530000e-06	5.388530e-06	1.226986e-08	3.949806e+01	7.285850e+02
1.540000e-06	5.442010e-06	1.232327e-08	3.989006e+01	7.318519e+02
1.550000e-06	5.493651e-06	1.237359e-08	4.026859e+01	7.349835e+02
1.560000e-06	5.543305e-06	1.242384e-08	4.063256e+01	7.379786e+02
1.570000e-06	5.591171e-06	1.247305e-08	4.098342e+01	7.408360e+02
1.580000e-06	5.637444e-06	1.251925e-08	4.132260e+01	7.435555e+02
1.590000e-06	5.682248e-06	1.256357e-08	4.165101e+01	7.461393e+02
1.600000e-06	5.725508e-06	1.260573e-08	4.196811e+01	7.485922e+02
1.610000e-06	5.766958e-06	1.264475e-08	4.227194e+01	7.509214e+02
1.620000e-06	5.806673e-06	1.268008e-08	4.256305e+01	7.531360e+02
1.630000e-06	5.844887e-06	1.271367e-08	4.284316e+01	7.552451e+02
1.640000e-06	5.881648e-06	1.274815e-08	4.311262e+01	7.572562e+02
1.650000e-06	5.916765e-06	1.278282e-08	4.337003e+01	7.591737e+02
1.660000e-06	5.950035e-06	1.281401e-08	4.361390e+01	7.609980e+02
1.670000e-06	5.981652e-06	1.284100e-08	4.384565e+01	7.627262e+02
1.680000e-06	6.011797e-06	1.286590e-08	4.406662e+01	7.643530e+02
1.690000e-06	6.040441e-06	1.289112e-08	4.427658e+01	7.658730e+02
1.700000e-06	6.067362e-06	1.291542e-08	4.447391e+01	7.672830e+02
1.710000e-06	6.092425e-06	1.293489e-08	4.465762e+01	7.685837e+02
1.720000e-06	6.115780e-06	1.295316e-08	4.482882e+01	7.697795e+02
1.730000e-06	6.137575e-06	1.297218e-08	4.498857e+01	7.708779e+02
1.740000e-06	6.157834e-06	1.298911e-08	4.513707e+01	7.718872e+02
1.750000e-06	6.176345e-06	1.300216e-08	4.527275e+01	7.728138e+02
1.760000e-06	6.192997e-06	1.301283e-08	4.539481e+01	7.736598e+02
1.770000e-06	6.207906e-06	1.302423e-08	4.550410e+01	7.744224e+02
1.780000e-06	6.221115e-06	1.303436e-08	4.560092e+01	7.750939e+02
1.790000e-06	6.232298e-06	1.304037e-08	4.568289e+01	7.756646e+02
1.800000e-06	6.241435e-06	1.304360e-08	4.574987e+01	7.761259e+02
1.810000e-06	6.248817e-06	1.304855e-08	4.580398e+01	7.764733e+02
1.820000e-06	6.254516e-06	1.305457e-08	4.584576e+01	7.767086e+02
1.830000e-06	6.258543e-06	1.305803e-08	4.587527e+01	7.768399e+02
1.840000e-06	6.260672e-06	1.305773e-08	4.589088e+01	7.768790e+02
1.850000e-06	6.260907e-06	1.305644e-08	4.589260e+01	7.768382e+02
1.860000e-06	6.259490e-06	1.305562e-08	4.588221e+01	7.767253e+02
1.870000e-06	6.256536e-06	1.305173e-08	4.586056e+01	7.765406e+02
1.880000e-06	6.251940e-06	1.304569e-08	4.582687e+01	7.762757e+02
1.890000e-06	6.245489e-06	1.303891e-08	4.577958e+01	7.759153e+02
1.900000e-06	6.237306e-06	1.303074e-08	4.571960e+01	7.754419e+02
1.910000e-06	6.227613e-06	1.302073e-08	4.564855e+01	7.748416e+02
1.920000e-06	6.216336e-06	1.300506e-08	4.556589e+01	7.741100e+02
1.930000e-06	6.203233e-06	1.301327e-08	4.546985e+01	7.732561e+02
1.940000e-06	6.188071e-06	1.301765e-08	4.535871e+01	7.723022e+02
1.950000e-06	6.170602e-06	1.300001e-08	4.523066e+01	7.712799e+02
1.960000e-06	6.150575e-06	1.296267e-08	4.508386e+01	7.702232e+02
1.970000e-06	6.128324e-06	1.287517e-08	4.492076e+01	7.691593e+02
1.980000e-06	6.104960e-06	1.288543e-08	4.474950e+01	7.681009e+02
1.990000e-06	6.081001e-06	1.292650e-08	4.457389e+01	7.670412e+02
2.000000e-06	6.055613e-06	1.286498e-08	4.438779e+01	7.659535e+02
2.010000e-06	6.028593e-06	1.287895e-08	4.418973e+01	7.647962e+02
2.020000e-06	6.000397e-06	1.288003e-08	4.398305e+01	7.635215e+02
2.030000e-06	5.970267e-06	1.283926e-08	4.376220e+01	7.620857e+02
2.040000e-06	5.937934e-06	1.286612e-08	4.352520e+01	7.604587e+02
2.050000e-06	5.904189e-06	1.277011e-08	4.327785e+01	7.586303e+02
2.060000e-06	5.869023e-06	1.266840e-08	4.302008e+01	7.566109e+02
2.070000e-06	5.832177e-06	1.273808e-08	4.275000e+01	7.544275e+02
2.080000e-06	5.793550e-06	1.272752e-08	4.246686e+01	7.521155e+02
2.090000e-06	5.753082e-06	1.261360e-08	4.217023e+01	7.497093e+02
2.100000e-06	5.711205e-06	1.253649e-08	4.186327e+01	7.472331e+02
2.110000e-06	5.667845e-06	1.254946e-08	4.154544e+01	7.446955e+02
2.120000e-06	5.622627e-06	1.257210e-08	4.121399e+01	7.420893e+02
2.130000e-06	5.575867e-06	1.240888e-08	4.087124e+01	7.393943e+02
2.140000e-06	5.527579e-06	1.233093e-08	4.051729e+01	7.365844e+02
2.150000e-06	5.477587e-06	1.241898e-08	4.015084e+01	7.336356e+02
2.160000e-06	5.425754e-06	1.235577e-08	3.977091e+01	7.305317e+02
2.170000e-06	5.371939e-06	1.221370e-08	3.937644e+01	7.272681e+02
2.180000e-06	5.316466e-06	1.213269e-08	3.896983e+01	7.238507e+02
2.190000e-06	5.259370e-06	1.215210e-08	3.855131e+01	7.202924e+02
2.200000e-06	5.200776e-06	1.213008e-08	3.812181e+01	7.166072e+02
2.210000e-06	5.140824e-06	1.198418e-08	3.768236e+01	7.128045e+02
2.220000e-06	5.079262e-06	1.191830e-08	3.723111e+01	7.088858e+02
2.230000e-06	5.016063e-06	1.190626e-08	3.676786e+01	7.048441e+02
2.240000e-06	4.951301e-06	1.184384e-08	3.629316e+01	7.006658e+02
2.250000e-06	4.885248e-06	1.169633e-08	3.580899e+01	6.963358e+02
2.260000e-06	4.817982e-06	1.157949e-08	3.531592e+01	6.918419e+02
2.270000e-06	4.749214e-06	1.159397e-08	3.481185e+01	6.871783e+02
2.280000e-06	4.678858e-06	1.154264e-08	3.429614e+01	6.823475e+02
2.290000e-06	4.607088e-06	1.140396e-08	3.377007e+01	6.773576e+02
2.300000e-06	4.534082e-06	1.128760e-08	3.323493e+01	6.722194e+02
2.310000e-06	4.459801e-06	1.123443e-08	3.269045e+01	6.669416e+02
2.320000e-06	4.384134e-06	1.117158e-08	3.213580e+01	6.615267e+02
2.330000e-06	4.307040e-06	1.101836e-08	3.157071e+01	6.559692e+02
2.340000e-06	4.228615e-06	1.090923e-08	3.099585e+01	6.502566e+02
2.350000e-06	4.148989e-06	1.086671e-08	3.041219e+01	6.443726e+02
2.360000e-06	4.068220e-06	1.079882e-08	2.982015e+01	6.383012e+02
2.370000e-06	3.986448e-06	1.064783e-08	2.922076e+01	6.320311e+02
2.380000e-06	3.903774e-06	1.048504e-08	2.861475e+01	6.255583e+02
2.390000e-06	3.820110e-06	1.040841e-08	2.800150e+01	6.188854e+02
2.400000e-06	3.735300e-06	1.032681e-08	2.737984e+01	6.120202e+02
2.410000e-06	3.649319e-06	1.018429e-08	2.674960e+01	6.049706e+02
2.420000e-06	3.562261e-06	1.003254e-08	2.611146e+01	5.977403e+02
2.430000e-06	3.474268e-06	9.942413e-09	2.546646e+01	5.903259e+02
2.440000e-06	3.385376e-06	9.849898e-09	2.481489e+01	5.827151e+02
2.450000e-06	3.295564e-06	9.675777e-09	2.415656e+01	5.748888e+02
2.460000e-06	3.204948e-06	9.497153e-09	2.349235e+01	5.668239e+02
2.470000e-06	3.113474e-06	9.383427e-09	2.282184e+01	5.584986e+02
2.480000e-06	3.021077e-06	9.285492e-09	2.214457e+01	5.498957e+02
2.490000e-06	2.927733e-06	9.117293e-09	2.146035e+01	5.410052e+02
2.500000e-06	2.833338e-06	8.929823e-09	2.076844e+01	5.318240e+02
2.510000e-06	2.737978e-06	8.791157e-09	2.006945e+01	5.223536e+02
2.520000e-06	2.641800e-06	8.657213e-09	1.936446e+01	5.125964e+02
2.530000e-06	2.544967e-06	8.466876e-09	1.865467e+01	5.025513e+02
2.540000e-06	2.447544e-06	8.259321e-09	1.794056e+01	4.922112e+02
2.550000e-06	2.349446e-06	8.100582e-09	1.722150e+01	4.815621e+02
2.560000e-06	2.250677e-06	7.949842e-09	1.649751e+01	4.705840e+02
2.570000e-06	2.151274e-06	7.747168e-09	1.576889e+01	4.592539e+02
2.580000e-06	2.051293e-06	7.518159e-09	1.503602e+01	4.475487e+02
2.590000e-06	1.950752e-06	7.325977e-09	1.429906e+01	4.354485e+02
2.600000e-06	1.849563e-06	7.145852e-09	1.355734e+01	4.229371e+02
2.610000e-06	1.747633e-06	6.920439e-09	1.281019e+01	4.100020e+02
2.620000e-06	1.645033e-06	6.669576e-09	1.205813e+01	3.966316e+02
2.630000e-06	1.541958e-06	6.445466e-09	1.130259e+01	3.828128e+02
2.640000e-06	1.438457e-06	6.234056e-09	1.054392e+01	3.685284e+02
2.650000e-06	1.334558e-06	5.981152e-09	9.782341e+00	3.537554e+02
2.660000e-06	1.230358e-06	5.699143e-09	9.018552e+00	3.384651e+02
2.670000e-06	1.125858e-06	5.434087e-09	8.252566e+00	3.226249e+02
2.680000e-06	1.021072e-06	5.180974e-09	7.484479e+00	3.061998e+02
2.690000e-06	9.160823e-07	4.895588e-09	6.714905e+00	2.891548e+02
2.700000e-06	8.109467e-07	4.577514e-09	5.944259e+00	2.714550e+02
2.710000e-06	7.056653e-07	4.267758e-09	5.172544e+00	2.530659e+02
2.720000e-06	6.002107e-07	3.966784e-09	4.399559e+00	2.339514e+02
2.730000e-06	4.946284e-07	3.635700e-09	3.625638e+00	2.140731e+02
2.740000e-06	3.889870e-07	3.268251e-09	2.851284e+00	1.933906e+02
2.750000e-06	2.833036e-07	2.904308e-09	2.076622e+00	1.718636e+02
2.760000e-06	1.775746e-07	2.548720e-09	1.301626e+00	1.494578e+02
2.770000e-06	7.179136e-08	2.161894e-09	5.262324e-01	1.261528e+02
2.780000e-06	-3.404190e-08	1.736524e-09	-2.495280e-01	1.019512e+02
2.790000e-06	-1.398373e-07	1.307865e-09	-1.025011e+00	7.688742e+01
2.800000e-06	-2.455622e-07	8.883906e-10	-1.799977e+00	5.103356e+01
2.810000e-06	-3.512262e-07	4.462761e-10	-2.574497e+00	2.450123e+01
2.820000e-06	-4.568086e-07	-2.691028e-11	-3.348418e+00	-2.561782e+00
2.830000e-06	-5.623199e-07	-4.941057e-10	-4.121818e+00	-2.997976e+01
2.840000e-06	-6.676874e-07	-9.413928e-10	-4.894165e+00	-5.756076e+01
2.850000e-06	-7.728244e-07	-1.398805e-09	-5.664821e+00	-8.510986e+01
2.860000e-06	-8.777607e-07	-1.873932e-09	-6.434007e+00	-1.124418e+02
2.870000e-06	-9.825549e-07	-2.336130e-09	-7.202151e+00	-1.393909e+02
2.880000e-06	-1.087123e-06	-2.772801e-09	-7.968635e+00	-1.658171e+02
2.890000e-06	-1.191384e-06	-3.202917e-09	-8.732874e+00	-1.916081e+02
2.900000e-06	-1.295350e-06	-3.635102e-09	-9.494944e+00	-2.166780e+02
2.910000e-06	-1.398963e-06	-4.048983e-09	-1.025443e+01	-2.409636e+02
2.920000e-06	-1.502200e-06	-4.435611e-09	-1.101116e+01	-2.644199e+02
2.930000e-06	-1.605037e-06	-4.811877e-09	-1.176496e+01	-2.870168e+02
2.940000e-06	-1.707377e-06	-5.187002e-09	-1.251512e+01	-3.087357e+02
2.950000e-06	-1.809085e-06	-5.545399e-09	-1.326064e+01	-3.295689e+02
2.960000e-06	-1.910070e-06	-5.876012e-09	-1.400086e+01	-3.495184e+02
2.970000e-06	-2.010368e-06	-6.195389e-09	-1.473604e+01	-3.685965e+02
2.980000e-06	-2.110088e-06	-6.514264e-09	-1.546699e+01	-3.868245e+02
2.990000e-06	-2.209282e-06	-6.817446e-09	-1.619409e+01	-4.042316e+02
3.000000e-06	-2.307919e-06	-7.092606e-09	-1.691710e+01	-4.208523e+02
3.010000e-06	-2.405934e-06	-7.352784e-09	-1.763555e+01	-4.367239e+02
3.020000e-06	-2.503257e-06	-7.610026e-09	-1.834894e+01	-4.518839e+02
3.030000e-06	-2.599865e-06	-7.856434e-09	-1.905707e+01	-4.663674e+02
3.040000e-06	-2.695716e-06	-8.084618e-09	-1.975967e+01	-4.802066e+02
3.050000e-06	-2.790909e-06	-8.304815e-09	-2.045743e+01	-4.934307e+02
3.060000e-06	-2.885423e-06	-8.526837e-09	-2.115022e+01	-5.060666e+02
3.070000e-06	-2.978958e-06	-8.740066e-09	-2.183583e+01	-5.181404e+02
3.080000e-06	-3.071319e-06	-8.931726e-09	-2.251284e+01	-5.296782e+02
3.090000e-06	-3.162656e-06	-9.112072e-09	-2.318235e+01	-5.407067e+02
3.100000e-06	-3.253142e-06	-9.292010e-09	-2.384561e+01	-5.512530e+02
3.110000e-06	-3.342664e-06	-9.465549e-09	-2.450181e+01	-5.613438e+02
3.120000e-06	-3.431202e-06	-9.624253e-09	-2.515079e+01	-5.710045e+02
3.130000e-06	-3.518892e-06	-9.774563e-09	-2.579357e+01	-5.802585e+02
3.140000e-06	-3.605759e-06	-9.929663e-09	-2.643030e+01	-5.891267e+02
3.150000e-06	-3.691601e-06	-1.008128e-08	-2.705952e+01	-5.976276e+02
3.160000e-06	-3.776219e-06	-1.021734e-08	-2.767977e+01	-6.057781e+02
3.170000e-06	-3.859683e-06	-1.034273e-08	-2.829157e+01	-6.135943e+02
3.180000e-06	-3.942164e-06	-1.046940e-08	-2.889616e+01	-6.210920e+02
3.190000e-06	-4.023660e-06	-1.059546e-08	-2.949352e+01	-6.282874e+02
3.200000e-06	-4.104128e-06	-1.070973e-08	-3.008336e+01	-6.351968e+02
3.210000e-06	-4.183590e-06	-1.081603e-08	-3.066581e+01	-6.418362e+02
3.220000e-06	-4.261863e-06	-1.092318e-08	-3.123956e+01	-6.482209e+02
3.230000e-06	-4.338640e-06	-1.103041e-08	-3.180234e+01	-6.543646e+02
3.240000e-06	-4.413991e-06	-1.112942e-08	-3.235466e+01	-6.602790e+02
3.250000e-06	-4.488069e-06	-1.122177e-08	-3.289765e+01	-6.659742e+02
3.260000e-06	-4.560905e-06	-1.131353e-08	-3.343154e+01	-6.714585e+02
3.270000e-06	-4.632611e-06	-1.140326e-08	-3.395715e+01	-6.767394e+02
3.280000e-06	-4.703033e-06	-1.148862e-08	-3.447334e+01	-6.818240e+02
3.290000e-06	-4.771863e-06	-1.157037e-08	-3.497787e+01	-6.867190e+02
3.300000e-06	-4.839219e-06	-1.165037e-08	-3.547159e+01	-6.914317e+02
3.310000e-06	-4.905313e-06	-1.172854e-08	-3.595606e+01	-6.959691e+02
3.320000e-06	-4.970097e-06	-1.180133e-08	-3.643093e+01	-7.003385e+02
3.330000e-06	-5.033572e-06	-1.186873e-08	-3.689620e+01	-7.045468e+02
3.340000e-06	-5.095585e-06	-1.193381e-08	-3.735076e+01	-7.086005e+02
3.350000e-06	-5.155909e-06	-1.199776e-08	-3.779293e+01	-7.125057e+02
3.360000e-06	-5.214685e-06	-1.206007e-08	-3.822377e+01	-7.162675e+02
3.370000e-06	-5.272095e-06	-1.212070e-08	-3.864458e+01	-7.198900e+02
3.380000e-06	-5.328082e-06	-1.218194e-08	-3.905497e+01	-7.233762e+02
3.390000e-06	-5.382419e-06	-1.224352e-08	-3.945326e+01	-7.267276e+02
3.400000e-06	-5.434874e-06	-1.229855e-08	-3.983775e+01	-7.299443e+02
3.410000e-06	-5.485511e-06	-1.234583e-08	-4.020892e+01	-7.330253e+02
3.420000e-06	-5.534348e-06	-1.239147e-08	-4.056691e+01	-7.359693e+02
3.430000e-06	-5.581279e-06	-1.243933e-08	-4.091091e+01	-7.387754e+02
3.440000e-06	-5.626528e-06	-1.248566e-08	-4.124258e+01	-7.414441e+02
3.450000e-06	-5.670406e-06	-1.252731e-08	-4.156421e+01	-7.439786e+02
3.460000e-06	-5.712914e-06	-1.256925e-08	-4.187579e+01	-7.463845e+02
3.470000e-06	-5.754016e-06	-1.261155e-08	-4.217707e+01	-7.486701e+02
3.480000e-06	-5.793744e-06	-1.265016e-08	-4.246828e+01	-7.508446e+02
3.490000e-06	-5.831861e-06	-1.268175e-08	-4.274768e+01	-7.529166e+02
3.500000e-06	-5.868124e-06	-1.271183e-08	-4.301349e+01	-7.548927e+02
3.510000e-06	-5.902676e-06	-1.274453e-08	-4.326676e+01	-7.567759e+02
3.520000e-06	-5.935689e-06	-1.277877e-08	-4.350874e+01	-7.585652e+02
3.530000e-06	-5.967131e-06	-1.280939e-08	-4.373921e+01	-7.602565e+02
3.540000e-06	-5.996742e-06	-1.283564e-08	-4.395626e+01	-7.618442e+02
3.550000e-06	-6.024606e-06	-1.286114e-08	-4.416050e+01	-7.633236e+02
3.560000e-06	-6.050925e-06	-1.288671e-08	-4.435342e+01	-7.646929e+02
3.570000e-06	-6.075613e-06	-1.290882e-08	-4.453439e+01	-7.659539e+02
3.580000e-06	-6.098647e-06	-1.292875e-08	-4.470323e+01	-7.671126e+02
3.590000e-06	-6.119843e-06	-1.295074e-08	-4.485860e+01	-7.681772e+02
3.600000e-06	-6.139252e-06	-1.297203e-08	-4.500087e+01	-7.691553e+02
3.610000e-06	-6.157089e-06	-1.298924e-08	-4.513161e+01	-7.700522e+02
3.620000e-06	-6.173273e-06	-1.300083e-08	-4.525024e+01	-7.708680e+02
3.630000e-06	-6.187621e-06	-1.301336e-08	-4.535541e+01	-7.715979e+02
3.640000e-06	-6.199935e-06	-1.302748e-08	-4.544567e+01	-7.722333e+02
3.650000e-06	-6.210323e-06	-1.303856e-08	-4.552182e+01	-7.727643e+02
3.660000e-06	-6.219026e-06	-1.304621e-08	-4.558561e+01	-7.731835e+02
3.670000e-06	-6.225974e-06	-1.305436e-08	-4.563654e+01	-7.734888e+02
3.680000e-06	-6.230971e-06	-1.306188e-08	-4.567317e+01	-7.736843e+02
3.690000e-06	-6.234196e-06	-1.306357e-08	-4.569681e+01	-7.737800e+02
3.700000e-06	-6.235855e-06	-1.306134e-08	-4.570897e+01	-7.737883e+02
3.710000e-06	-6.235884e-06	-1.305958e-08	-4.570918e+01	-7.737203e+02
