# Temperatura_=_20.0
# Concentracion g/m^3_=_12000.0
# C_Vs_to_Am_M_A/Vsm_=_59384043850.047264
# pendiente_HvsI_1/m_=_3716.3
# ordenada_HvsI_A/m_=_1297.0
# frecuencia_Hz_=_269357.5381162369

Tiempo_(s)	Campo_(V.s)	Magnetizacion_(V.s)	Campo_(kA/m)	Magnetizacion_(A/m)
0.000000e+00	-6.285066e-06	-1.312570e-08	-4.570018e+01	-7.766431e+02
1.000000e-08	-6.283003e-06	-1.311926e-08	-4.568518e+01	-7.765436e+02
2.000000e-08	-6.279077e-06	-1.311002e-08	-4.565663e+01	-7.763642e+02
3.000000e-08	-6.273555e-06	-1.310050e-08	-4.561648e+01	-7.760844e+02
4.000000e-08	-6.266459e-06	-1.309146e-08	-4.556488e+01	-7.756799e+02
5.000000e-08	-6.257751e-06	-1.308343e-08	-4.550156e+01	-7.751301e+02
6.000000e-08	-6.247186e-06	-1.307428e-08	-4.542474e+01	-7.744257e+02
7.000000e-08	-6.234733e-06	-1.306312e-08	-4.533420e+01	-7.735739e+02
8.000000e-08	-6.220431e-06	-1.304645e-08	-4.523021e+01	-7.726003e+02
9.000000e-08	-6.203847e-06	-1.299545e-08	-4.510962e+01	-7.715440e+02
1.000000e-07	-6.184940e-06	-1.295595e-08	-4.497214e+01	-7.704496e+02
1.100000e-07	-6.164163e-06	-1.296593e-08	-4.482107e+01	-7.693566e+02
1.200000e-07	-6.141825e-06	-1.297560e-08	-4.465864e+01	-7.682881e+02
1.300000e-07	-6.118224e-06	-1.299707e-08	-4.448703e+01	-7.672445e+02
1.400000e-07	-6.093341e-06	-1.296309e-08	-4.430610e+01	-7.662013e+02
1.500000e-07	-6.066709e-06	-1.285364e-08	-4.411245e+01	-7.651137e+02
1.600000e-07	-6.038496e-06	-1.288745e-08	-4.390731e+01	-7.639264e+02
1.700000e-07	-6.008926e-06	-1.289588e-08	-4.369230e+01	-7.625859e+02
1.800000e-07	-5.977696e-06	-1.278133e-08	-4.346522e+01	-7.610521e+02
1.900000e-07	-5.944972e-06	-1.276930e-08	-4.322728e+01	-7.593074e+02
2.000000e-07	-5.910756e-06	-1.273994e-08	-4.297848e+01	-7.573582e+02
2.100000e-07	-5.874748e-06	-1.271543e-08	-4.271666e+01	-7.552319e+02
2.200000e-07	-5.837055e-06	-1.272833e-08	-4.244259e+01	-7.529678e+02
2.300000e-07	-5.797709e-06	-1.262537e-08	-4.215649e+01	-7.506057e+02
2.400000e-07	-5.756538e-06	-1.255334e-08	-4.185713e+01	-7.481755e+02
2.500000e-07	-5.713574e-06	-1.257493e-08	-4.154473e+01	-7.456893e+02
2.600000e-07	-5.668915e-06	-1.253606e-08	-4.122001e+01	-7.431400e+02
2.700000e-07	-5.622687e-06	-1.245792e-08	-4.088387e+01	-7.405048e+02
2.800000e-07	-5.574872e-06	-1.238701e-08	-4.053619e+01	-7.377525e+02
2.900000e-07	-5.525072e-06	-1.237254e-08	-4.017409e+01	-7.348532e+02
3.000000e-07	-5.473150e-06	-1.234007e-08	-3.979655e+01	-7.317865e+02
3.100000e-07	-5.419420e-06	-1.223946e-08	-3.940587e+01	-7.285463e+02
3.200000e-07	-5.364221e-06	-1.217358e-08	-3.900450e+01	-7.251409e+02
3.300000e-07	-5.307465e-06	-1.214030e-08	-3.859182e+01	-7.215891e+02
3.400000e-07	-5.248995e-06	-1.211152e-08	-3.816667e+01	-7.179131e+02
3.500000e-07	-5.188976e-06	-1.202223e-08	-3.773026e+01	-7.141310e+02
3.600000e-07	-5.127502e-06	-1.192222e-08	-3.728326e+01	-7.102512e+02
3.700000e-07	-5.064551e-06	-1.187900e-08	-3.682553e+01	-7.062701e+02
3.800000e-07	-5.000112e-06	-1.182512e-08	-3.635698e+01	-7.021735e+02
3.900000e-07	-4.934098e-06	-1.174464e-08	-3.587698e+01	-6.979415e+02
4.000000e-07	-4.866539e-06	-1.165519e-08	-3.538574e+01	-6.935539e+02
4.100000e-07	-4.797575e-06	-1.159194e-08	-3.488428e+01	-6.889967e+02
4.200000e-07	-4.727359e-06	-1.153642e-08	-3.437373e+01	-6.842644e+02
4.300000e-07	-4.655996e-06	-1.143405e-08	-3.385483e+01	-6.793607e+02
4.400000e-07	-4.583251e-06	-1.132793e-08	-3.332589e+01	-6.742955e+02
4.500000e-07	-4.508916e-06	-1.125167e-08	-3.278538e+01	-6.690801e+02
4.600000e-07	-4.433122e-06	-1.118248e-08	-3.223426e+01	-6.637224e+02
4.700000e-07	-4.356101e-06	-1.108715e-08	-3.167422e+01	-6.582238e+02
4.800000e-07	-4.277838e-06	-1.097625e-08	-3.110516e+01	-6.525776e+02
4.900000e-07	-4.198188e-06	-1.088654e-08	-3.052600e+01	-6.467710e+02
5.000000e-07	-4.117185e-06	-1.079549e-08	-2.993701e+01	-6.407889e+02
5.100000e-07	-4.034963e-06	-1.068483e-08	-2.933915e+01	-6.346174e+02
5.200000e-07	-3.951728e-06	-1.056034e-08	-2.873393e+01	-6.282480e+02
5.300000e-07	-3.867564e-06	-1.045269e-08	-2.812196e+01	-6.216784e+02
5.400000e-07	-3.782461e-06	-1.035953e-08	-2.750315e+01	-6.149112e+02
5.500000e-07	-3.696478e-06	-1.024286e-08	-2.687795e+01	-6.079517e+02
5.600000e-07	-3.609621e-06	-1.010824e-08	-2.624639e+01	-6.008031e+02
5.700000e-07	-3.521854e-06	-9.981748e-09	-2.560822e+01	-5.934635e+02
5.800000e-07	-3.433094e-06	-9.867320e-09	-2.496283e+01	-5.859240e+02
5.900000e-07	-3.343297e-06	-9.733194e-09	-2.430989e+01	-5.781693e+02
6.000000e-07	-3.252511e-06	-9.582532e-09	-2.364977e+01	-5.701799e+02
6.100000e-07	-3.160696e-06	-9.442723e-09	-2.298216e+01	-5.619361e+02
6.200000e-07	-3.067899e-06	-9.310935e-09	-2.230741e+01	-5.534218e+02
6.300000e-07	-2.974265e-06	-9.165185e-09	-2.162657e+01	-5.446268e+02
6.400000e-07	-2.879809e-06	-9.002431e-09	-2.093977e+01	-5.355474e+02
6.500000e-07	-2.784532e-06	-8.844113e-09	-2.024698e+01	-5.261844e+02
6.600000e-07	-2.688422e-06	-8.689852e-09	-1.954814e+01	-5.165401e+02
6.700000e-07	-2.591453e-06	-8.521185e-09	-1.884306e+01	-5.066140e+02
6.800000e-07	-2.493618e-06	-8.336838e-09	-1.813167e+01	-4.964000e+02
6.900000e-07	-2.394981e-06	-8.157278e-09	-1.741446e+01	-4.858852e+02
7.000000e-07	-2.295557e-06	-7.983420e-09	-1.669153e+01	-4.750499e+02
7.100000e-07	-2.195308e-06	-7.797450e-09	-1.596259e+01	-4.638706e+02
7.200000e-07	-2.094357e-06	-7.596004e-09	-1.522855e+01	-4.523229e+02
7.300000e-07	-1.992908e-06	-7.391620e-09	-1.449090e+01	-4.403850e+02
7.400000e-07	-1.890988e-06	-7.189526e-09	-1.374982e+01	-4.280388e+02
7.500000e-07	-1.788575e-06	-6.977512e-09	-1.300514e+01	-4.152708e+02
7.600000e-07	-1.685650e-06	-6.749706e-09	-1.225675e+01	-4.020699e+02
7.700000e-07	-1.582225e-06	-6.515104e-09	-1.150473e+01	-3.884251e+02
7.800000e-07	-1.478370e-06	-6.279453e-09	-1.074957e+01	-3.743221e+02
7.900000e-07	-1.374077e-06	-6.034539e-09	-9.991235e+00	-3.597417e+02
8.000000e-07	-1.269376e-06	-5.775173e-09	-9.229925e+00	-3.446585e+02
8.100000e-07	-1.164261e-06	-5.508852e-09	-8.465610e+00	-3.290416e+02
8.200000e-07	-1.058784e-06	-5.240817e-09	-7.698664e+00	-3.128564e+02
8.300000e-07	-9.530512e-07	-4.962597e-09	-6.929858e+00	-2.960660e+02
8.400000e-07	-8.471543e-07	-4.665784e-09	-6.159857e+00	-2.786328e+02
8.500000e-07	-7.411032e-07	-4.356121e-09	-5.388734e+00	-2.605188e+02
8.600000e-07	-6.348724e-07	-4.041569e-09	-4.616305e+00	-2.416849e+02
8.700000e-07	-5.285348e-07	-3.715509e-09	-3.843100e+00	-2.220905e+02
8.800000e-07	-4.221476e-07	-3.367723e-09	-3.069534e+00	-2.016934e+02
8.900000e-07	-3.156552e-07	-3.002631e-09	-2.295203e+00	-1.804519e+02
9.000000e-07	-2.090548e-07	-2.629294e-09	-1.520086e+00	-1.583290e+02
9.100000e-07	-1.024511e-07	-2.244682e-09	-7.449455e-01	-1.352991e+02
9.200000e-07	4.145110e-09	-1.838885e-09	3.014006e-02	-1.113565e+02
9.300000e-07	1.107770e-07	-1.414587e-09	8.054852e-01	-8.652385e+01
9.400000e-07	2.174259e-07	-9.829324e-10	1.580955e+00	-6.085878e+01
9.500000e-07	3.239980e-07	-5.446564e-10	2.355865e+00	-3.445740e+01
9.600000e-07	4.304495e-07	-9.281873e-11	3.129898e+00	-7.453104e+00
9.700000e-07	5.368143e-07	3.711601e-10	3.903302e+00	1.998942e+01
9.800000e-07	6.430596e-07	8.384453e-10	4.675836e+00	4.768416e+01
9.900000e-07	7.491586e-07	1.306075e-09	5.447307e+00	7.543620e+01
1.000000e-06	8.551594e-07	1.774593e-09	6.218063e+00	1.030546e+02
1.010000e-06	9.609876e-07	2.237505e-09	6.987565e+00	1.303638e+02
1.020000e-06	1.066586e-06	2.686811e-09	7.755393e+00	1.572113e+02
1.030000e-06	1.171872e-06	3.121776e-09	8.520955e+00	1.834723e+02
1.040000e-06	1.276718e-06	3.545762e-09	9.283315e+00	2.090495e+02
1.050000e-06	1.381168e-06	3.961384e-09	1.004279e+01	2.338709e+02
1.060000e-06	1.485282e-06	4.366770e-09	1.079983e+01	2.578847e+02
1.070000e-06	1.589008e-06	4.757527e-09	1.155405e+01	2.810550e+02
1.080000e-06	1.692279e-06	5.133859e-09	1.230496e+01	3.033579e+02
1.090000e-06	1.795118e-06	5.496474e-09	1.305273e+01	3.247789e+02
1.100000e-06	1.897436e-06	5.840446e-09	1.379670e+01	3.453122e+02
1.110000e-06	1.999239e-06	6.165640e-09	1.453693e+01	3.649605e+02
1.120000e-06	2.100582e-06	6.475289e-09	1.527382e+01	3.837358e+02
1.130000e-06	2.201342e-06	6.772697e-09	1.600647e+01	4.016597e+02
1.140000e-06	2.301487e-06	7.058862e-09	1.673465e+01	4.187620e+02
1.150000e-06	2.400885e-06	7.332851e-09	1.745739e+01	4.350795e+02
1.160000e-06	2.499443e-06	7.595361e-09	1.817403e+01	4.506530e+02
1.170000e-06	2.597198e-06	7.846790e-09	1.888483e+01	4.655244e+02
1.180000e-06	2.694054e-06	8.086929e-09	1.958909e+01	4.797337e+02
1.190000e-06	2.790013e-06	8.315629e-09	2.028684e+01	4.933168e+02
1.200000e-06	2.885185e-06	8.533953e-09	2.097885e+01	5.063049e+02
1.210000e-06	2.979599e-06	8.742047e-09	2.166536e+01	5.187240e+02
1.220000e-06	3.073239e-06	8.939928e-09	2.234624e+01	5.305968e+02
1.230000e-06	3.166071e-06	9.127699e-09	2.302124e+01	5.419439e+02
1.240000e-06	3.257946e-06	9.308746e-09	2.368928e+01	5.527859e+02
1.250000e-06	3.348740e-06	9.484281e-09	2.434947e+01	5.631447e+02
1.260000e-06	3.438544e-06	9.651270e-09	2.500246e+01	5.730442e+02
1.270000e-06	3.527348e-06	9.809380e-09	2.564817e+01	5.825102e+02
1.280000e-06	3.615115e-06	9.961435e-09	2.628635e+01	5.915693e+02
1.290000e-06	3.701882e-06	1.010710e-08	2.691725e+01	6.002476e+02
1.300000e-06	3.787655e-06	1.024669e-08	2.754092e+01	6.085694e+02
1.310000e-06	3.872517e-06	1.038024e-08	2.815797e+01	6.165553e+02
1.320000e-06	3.956421e-06	1.050860e-08	2.876806e+01	6.242222e+02
1.330000e-06	4.039289e-06	1.063215e-08	2.937061e+01	6.315833e+02
1.340000e-06	4.121038e-06	1.074975e-08	2.996503e+01	6.386491e+02
1.350000e-06	4.201563e-06	1.086207e-08	3.055055e+01	6.454290e+02
1.360000e-06	4.280856e-06	1.097039e-08	3.112710e+01	6.519329e+02
1.370000e-06	4.358991e-06	1.107687e-08	3.169524e+01	6.581724e+02
1.380000e-06	4.436018e-06	1.117973e-08	3.225532e+01	6.641618e+02
1.390000e-06	4.511750e-06	1.127591e-08	3.280599e+01	6.699174e+02
1.400000e-06	4.585998e-06	1.136856e-08	3.334586e+01	6.754568e+02
1.410000e-06	4.658787e-06	1.145889e-08	3.387513e+01	6.807968e+02
1.420000e-06	4.730219e-06	1.154471e-08	3.439453e+01	6.859515e+02
1.430000e-06	4.800365e-06	1.162644e-08	3.490458e+01	6.909313e+02
1.440000e-06	4.869285e-06	1.170592e-08	3.540571e+01	6.957420e+02
1.450000e-06	4.936893e-06	1.178456e-08	3.589730e+01	7.003855e+02
1.460000e-06	5.002942e-06	1.186118e-08	3.637756e+01	7.048614e+02
1.470000e-06	5.067468e-06	1.193393e-08	3.684674e+01	7.091687e+02
1.480000e-06	5.130635e-06	1.200378e-08	3.730604e+01	7.133082e+02
1.490000e-06	5.192434e-06	1.207293e-08	3.775540e+01	7.172837e+02
1.500000e-06	5.252930e-06	1.213971e-08	3.819528e+01	7.211019e+02
1.510000e-06	5.311954e-06	1.220210e-08	3.862446e+01	7.247719e+02
1.520000e-06	5.369229e-06	1.226063e-08	3.904091e+01	7.283027e+02
1.530000e-06	5.424855e-06	1.231617e-08	3.944539e+01	7.317014e+02
1.540000e-06	5.478919e-06	1.236932e-08	3.983849e+01	7.349711e+02
1.550000e-06	5.531234e-06	1.241949e-08	4.021889e+01	7.381106e+02
1.560000e-06	5.581592e-06	1.246930e-08	4.058506e+01	7.411148e+02
1.570000e-06	5.630075e-06	1.252054e-08	4.093759e+01	7.439775e+02
1.580000e-06	5.676873e-06	1.256998e-08	4.127787e+01	7.466935e+02
1.590000e-06	5.722148e-06	1.261351e-08	4.160707e+01	7.492621e+02
1.600000e-06	5.765973e-06	1.265178e-08	4.192573e+01	7.516881e+02
1.610000e-06	5.808008e-06	1.268835e-08	4.223138e+01	7.539823e+02
1.620000e-06	5.848229e-06	1.272179e-08	4.252383e+01	7.561594e+02
1.630000e-06	5.886910e-06	1.275106e-08	4.280510e+01	7.582346e+02
1.640000e-06	5.924104e-06	1.278215e-08	4.307554e+01	7.602206e+02
1.650000e-06	5.959755e-06	1.281823e-08	4.333477e+01	7.621236e+02
1.660000e-06	5.993602e-06	1.285286e-08	4.358088e+01	7.639429e+02
1.670000e-06	6.025699e-06	1.288243e-08	4.381426e+01	7.656711e+02
1.680000e-06	6.056255e-06	1.290838e-08	4.403645e+01	7.672970e+02
1.690000e-06	6.085321e-06	1.293278e-08	4.424779e+01	7.688096e+02
1.700000e-06	6.112794e-06	1.295244e-08	4.444755e+01	7.702019e+02
1.710000e-06	6.138334e-06	1.296665e-08	4.463326e+01	7.714739e+02
1.720000e-06	6.162052e-06	1.298179e-08	4.480571e+01	7.726329e+02
1.730000e-06	6.184240e-06	1.300220e-08	4.496705e+01	7.736916e+02
1.740000e-06	6.204922e-06	1.302358e-08	4.511743e+01	7.746644e+02
1.750000e-06	6.223945e-06	1.303983e-08	4.525576e+01	7.755633e+02
1.760000e-06	6.241037e-06	1.305083e-08	4.538003e+01	7.763941e+02
1.770000e-06	6.256242e-06	1.306053e-08	4.549059e+01	7.771548e+02
1.780000e-06	6.269720e-06	1.306838e-08	4.558859e+01	7.778365e+02
1.790000e-06	6.281283e-06	1.307167e-08	4.567267e+01	7.784266e+02
1.800000e-06	6.290771e-06	1.307455e-08	4.574166e+01	7.789137e+02
1.810000e-06	6.298420e-06	1.308090e-08	4.579728e+01	7.792915e+02
1.820000e-06	6.304377e-06	1.308953e-08	4.584059e+01	7.795615e+02
1.830000e-06	6.308645e-06	1.309502e-08	4.587163e+01	7.797324e+02
1.840000e-06	6.311037e-06	1.309575e-08	4.588902e+01	7.798175e+02
1.850000e-06	6.311529e-06	1.309456e-08	4.589260e+01	7.798290e+02
1.860000e-06	6.310312e-06	1.309347e-08	4.588375e+01	7.797729e+02
1.870000e-06	6.307516e-06	1.309188e-08	4.586342e+01	7.796451e+02
1.880000e-06	6.303147e-06	1.308614e-08	4.583165e+01	7.794305e+02
1.890000e-06	6.296923e-06	1.308068e-08	4.578640e+01	7.791066e+02
1.900000e-06	6.288912e-06	1.307563e-08	4.572815e+01	7.786494e+02
1.910000e-06	6.279363e-06	1.306795e-08	4.565871e+01	7.780417e+02
1.920000e-06	6.268231e-06	1.305627e-08	4.557777e+01	7.772799e+02
1.930000e-06	6.255301e-06	1.303812e-08	4.548375e+01	7.763784e+02
1.940000e-06	6.240314e-06	1.306477e-08	4.537478e+01	7.753684e+02
1.950000e-06	6.222995e-06	1.307202e-08	4.524885e+01	7.742924e+02
1.960000e-06	6.203096e-06	1.301725e-08	4.510416e+01	7.731944e+02
1.970000e-06	6.180902e-06	1.295867e-08	4.494278e+01	7.721087e+02
1.980000e-06	6.157456e-06	1.287551e-08	4.477230e+01	7.710507e+02
1.990000e-06	6.133438e-06	1.293145e-08	4.459766e+01	7.700111e+02
2.000000e-06	6.108126e-06	1.300388e-08	4.441361e+01	7.689571e+02
2.010000e-06	6.081011e-06	1.287199e-08	4.421645e+01	7.678386e+02
2.020000e-06	6.052666e-06	1.289209e-08	4.401035e+01	7.665993e+02
2.030000e-06	6.022550e-06	1.295258e-08	4.379137e+01	7.651897e+02
2.040000e-06	5.990098e-06	1.285419e-08	4.355540e+01	7.635774e+02
2.050000e-06	5.956183e-06	1.285889e-08	4.330880e+01	7.617537e+02
2.060000e-06	5.920979e-06	1.277848e-08	4.305282e+01	7.597338e+02
2.070000e-06	5.884060e-06	1.268758e-08	4.278437e+01	7.575507e+02
2.080000e-06	5.845366e-06	1.279184e-08	4.250302e+01	7.552453e+02
2.090000e-06	5.804805e-06	1.271989e-08	4.220809e+01	7.528548e+02
2.100000e-06	5.762757e-06	1.259848e-08	4.190235e+01	7.504030e+02
2.110000e-06	5.719285e-06	1.260559e-08	4.158626e+01	7.478948e+02
2.120000e-06	5.673865e-06	1.257379e-08	4.125599e+01	7.453164e+02
2.130000e-06	5.626851e-06	1.254915e-08	4.091414e+01	7.426408e+02
2.140000e-06	5.578368e-06	1.242531e-08	4.056161e+01	7.398363e+02
2.150000e-06	5.528167e-06	1.238509e-08	4.019659e+01	7.368757e+02
2.160000e-06	5.476148e-06	1.242764e-08	3.981835e+01	7.337436e+02
2.170000e-06	5.422167e-06	1.232019e-08	3.942584e+01	7.304395e+02
2.180000e-06	5.366518e-06	1.223796e-08	3.902121e+01	7.269765e+02
2.190000e-06	5.309250e-06	1.215864e-08	3.860479e+01	7.233753e+02
2.200000e-06	5.250459e-06	1.214839e-08	3.817731e+01	7.196576e+02
2.210000e-06	5.190270e-06	1.211496e-08	3.773966e+01	7.158383e+02
2.220000e-06	5.128409e-06	1.196336e-08	3.728986e+01	7.119214e+02
2.230000e-06	5.064876e-06	1.192721e-08	3.682789e+01	7.078988e+02
2.240000e-06	4.999823e-06	1.187915e-08	3.635488e+01	7.037537e+02
2.250000e-06	4.933494e-06	1.180235e-08	3.587258e+01	6.994653e+02
2.260000e-06	4.865912e-06	1.169589e-08	3.538118e+01	6.950151e+02
2.270000e-06	4.796763e-06	1.159465e-08	3.487838e+01	6.903921e+02
2.280000e-06	4.726021e-06	1.158210e-08	3.436400e+01	6.855945e+02
2.290000e-06	4.653874e-06	1.148419e-08	3.383940e+01	6.806287e+02
2.300000e-06	4.580467e-06	1.137270e-08	3.330564e+01	6.755056e+02
2.310000e-06	4.505762e-06	1.127244e-08	3.276245e+01	6.702360e+02
2.320000e-06	4.429583e-06	1.120332e-08	3.220853e+01	6.648256e+02
2.330000e-06	4.351976e-06	1.113005e-08	3.164423e+01	6.592726e+02
2.340000e-06	4.273079e-06	1.098789e-08	3.107056e+01	6.535677e+02
2.350000e-06	4.192970e-06	1.089449e-08	3.048806e+01	6.476969e+02
2.360000e-06	4.111718e-06	1.080894e-08	2.989726e+01	6.416449e+02
2.370000e-06	4.029470e-06	1.071947e-08	2.929922e+01	6.353997e+02
2.380000e-06	3.946246e-06	1.058517e-08	2.869408e+01	6.289549e+02
2.390000e-06	3.861912e-06	1.045089e-08	2.808086e+01	6.223104e+02
2.400000e-06	3.776469e-06	1.036751e-08	2.745958e+01	6.154703e+02
2.410000e-06	3.689925e-06	1.025852e-08	2.683031e+01	6.084395e+02
2.420000e-06	3.602329e-06	1.012463e-08	2.619338e+01	6.012196e+02
2.430000e-06	3.513688e-06	9.978339e-09	2.554885e+01	5.938063e+02
2.440000e-06	3.424142e-06	9.870514e-09	2.489773e+01	5.861880e+02
2.450000e-06	3.333856e-06	9.754680e-09	2.424125e+01	5.783474e+02
2.460000e-06	3.242755e-06	9.598871e-09	2.357883e+01	5.702645e+02
2.470000e-06	3.150632e-06	9.445575e-09	2.290898e+01	5.619207e+02
2.480000e-06	3.057472e-06	9.314404e-09	2.223160e+01	5.533017e+02
2.490000e-06	2.963475e-06	9.189311e-09	2.154812e+01	5.444000e+02
2.500000e-06	2.868534e-06	9.022441e-09	2.085778e+01	5.352138e+02
2.510000e-06	2.772578e-06	8.844881e-09	2.016006e+01	5.257449e+02
2.520000e-06	2.675727e-06	8.689047e-09	1.945584e+01	5.159949e+02
2.530000e-06	2.578203e-06	8.538403e-09	1.874671e+01	5.059617e+02
2.540000e-06	2.480133e-06	8.358987e-09	1.803362e+01	4.956366e+02
2.550000e-06	2.381439e-06	8.163789e-09	1.731600e+01	4.850040e+02
2.560000e-06	2.281950e-06	7.987943e-09	1.659259e+01	4.740423e+02
2.570000e-06	2.181624e-06	7.813614e-09	1.586310e+01	4.627275e+02
2.580000e-06	2.080689e-06	7.610813e-09	1.512918e+01	4.510356e+02
2.590000e-06	1.979218e-06	7.390183e-09	1.439135e+01	4.389462e+02
2.600000e-06	1.877175e-06	7.185540e-09	1.364938e+01	4.264430e+02
2.610000e-06	1.774516e-06	6.985127e-09	1.290292e+01	4.135137e+02
2.620000e-06	1.671195e-06	6.761639e-09	1.215165e+01	4.001475e+02
2.630000e-06	1.567351e-06	6.518638e-09	1.139658e+01	3.863326e+02
2.640000e-06	1.463112e-06	6.280335e-09	1.063863e+01	3.720529e+02
2.650000e-06	1.358446e-06	6.045028e-09	9.877577e+00	3.572870e+02
2.660000e-06	1.253425e-06	5.786539e-09	9.113946e+00	3.420073e+02
2.670000e-06	1.148140e-06	5.505869e-09	8.348397e+00	3.261813e+02
2.680000e-06	1.042621e-06	5.227598e-09	7.581137e+00	3.097733e+02
2.690000e-06	9.369125e-07	4.956049e-09	6.812509e+00	2.927461e+02
2.700000e-06	8.310122e-07	4.664329e-09	6.042484e+00	2.750619e+02
2.710000e-06	7.249711e-07	4.345650e-09	5.271434e+00	2.566823e+02
2.720000e-06	6.188655e-07	4.020492e-09	4.499916e+00	2.375678e+02
2.730000e-06	5.126214e-07	3.695624e-09	3.727389e+00	2.176772e+02
2.740000e-06	4.062680e-07	3.352095e-09	2.954069e+00	1.969679e+02
2.750000e-06	2.998502e-07	2.980862e-09	2.180281e+00	1.753996e+02
2.760000e-06	1.933543e-07	2.598669e-09	1.405924e+00	1.529385e+02
2.770000e-06	8.686812e-08	2.213572e-09	6.316383e-01	1.295654e+02
2.780000e-06	-1.957468e-08	1.810115e-09	-1.423321e-01	1.052844e+02
2.790000e-06	-1.259745e-07	1.379275e-09	-9.159899e-01	8.013060e+01
2.800000e-06	-2.323427e-07	9.386743e-10	-1.689418e+00	5.417585e+01
2.810000e-06	-3.387003e-07	4.980572e-10	-2.462769e+00	2.753067e+01
2.820000e-06	-4.450306e-07	4.413028e-11	-3.235922e+00	3.411108e-01
2.830000e-06	-5.512430e-07	-4.273895e-10	-4.008216e+00	-2.721878e+01
2.840000e-06	-6.573251e-07	-8.995172e-10	-4.779564e+00	-5.495813e+01
2.850000e-06	-7.632704e-07	-1.361133e-09	-5.549917e+00	-8.268206e+01
2.860000e-06	-8.690552e-07	-1.822754e-09	-6.319103e+00	-1.102042e+02
2.870000e-06	-9.746532e-07	-2.288003e-09	-7.086931e+00	-1.373569e+02
2.880000e-06	-1.080035e-06	-2.742231e-09	-7.853188e+00	-1.639978e+02
2.890000e-06	-1.185207e-06	-3.176990e-09	-8.617918e+00	-1.900125e+02
2.900000e-06	-1.290110e-06	-3.601047e-09	-9.380690e+00	-2.153138e+02
2.910000e-06	-1.394643e-06	-4.019006e-09	-1.014077e+01	-2.398377e+02
2.920000e-06	-1.498833e-06	-4.423842e-09	-1.089836e+01	-2.635389e+02
2.930000e-06	-1.602642e-06	-4.806687e-09	-1.165318e+01	-2.863864e+02
2.940000e-06	-1.705903e-06	-5.174291e-09	-1.240402e+01	-3.083601e+02
2.950000e-06	-1.808522e-06	-5.535092e-09	-1.315019e+01	-3.294486e+02
2.960000e-06	-1.910486e-06	-5.882785e-09	-1.389159e+01	-3.496494e+02
2.970000e-06	-2.011903e-06	-6.211118e-09	-1.462902e+01	-3.689687e+02
2.980000e-06	-2.112782e-06	-6.522630e-09	-1.536253e+01	-3.874220e+02
2.990000e-06	-2.212976e-06	-6.824631e-09	-1.609107e+01	-4.050340e+02
3.000000e-06	-2.312381e-06	-7.110637e-09	-1.681386e+01	-4.218376e+02
3.010000e-06	-2.411072e-06	-7.376057e-09	-1.753147e+01	-4.378715e+02
3.020000e-06	-2.509131e-06	-7.629316e-09	-1.824448e+01	-4.531771e+02
3.030000e-06	-2.606549e-06	-7.877144e-09	-1.895282e+01	-4.677959e+02
3.040000e-06	-2.703330e-06	-8.118788e-09	-1.965654e+01	-4.817666e+02
3.050000e-06	-2.799414e-06	-8.347781e-09	-2.035520e+01	-4.951235e+02
3.060000e-06	-2.894693e-06	-8.564251e-09	-2.104799e+01	-5.078955e+02
3.070000e-06	-2.989046e-06	-8.771856e-09	-2.173405e+01	-5.201075e+02
3.080000e-06	-3.082441e-06	-8.968291e-09	-2.241314e+01	-5.317810e+02
3.090000e-06	-3.174830e-06	-9.153912e-09	-2.308493e+01	-5.429365e+02
3.100000e-06	-3.266164e-06	-9.330627e-09	-2.374904e+01	-5.535948e+02
3.110000e-06	-3.356500e-06	-9.503436e-09	-2.440590e+01	-5.637787e+02
3.120000e-06	-3.445884e-06	-9.672259e-09	-2.505583e+01	-5.735128e+02
3.130000e-06	-3.534408e-06	-9.830787e-09	-2.569950e+01	-5.828232e+02
3.140000e-06	-3.622028e-06	-9.980235e-09	-2.633661e+01	-5.917368e+02
3.150000e-06	-3.708597e-06	-1.012309e-08	-2.696607e+01	-6.002790e+02
3.160000e-06	-3.794101e-06	-1.026287e-08	-2.758779e+01	-6.084728e+02
3.170000e-06	-3.878488e-06	-1.039630e-08	-2.820139e+01	-6.163375e+02
3.180000e-06	-3.961721e-06	-1.052136e-08	-2.880660e+01	-6.238886e+02
3.190000e-06	-4.043864e-06	-1.064271e-08	-2.940388e+01	-6.311381e+02
3.200000e-06	-4.125019e-06	-1.076199e-08	-2.999398e+01	-6.380958e+02
3.210000e-06	-4.205218e-06	-1.087702e-08	-3.057712e+01	-6.447712e+02
3.220000e-06	-4.284309e-06	-1.098162e-08	-3.115221e+01	-6.511746e+02
3.230000e-06	-4.362079e-06	-1.108191e-08	-3.171770e+01	-6.573188e+02
3.240000e-06	-4.438392e-06	-1.118255e-08	-3.227258e+01	-6.632187e+02
3.250000e-06	-4.513316e-06	-1.128089e-08	-3.281738e+01	-6.688915e+02
3.260000e-06	-4.586936e-06	-1.137191e-08	-3.335268e+01	-6.743544e+02
3.270000e-06	-4.659313e-06	-1.145643e-08	-3.387895e+01	-6.796236e+02
3.280000e-06	-4.730407e-06	-1.154230e-08	-3.439589e+01	-6.847120e+02
3.290000e-06	-4.800028e-06	-1.162804e-08	-3.490213e+01	-6.896282e+02
3.300000e-06	-4.868165e-06	-1.170829e-08	-3.539756e+01	-6.943764e+02
3.310000e-06	-4.934917e-06	-1.178218e-08	-3.588293e+01	-6.989574e+02
3.320000e-06	-5.000352e-06	-1.185547e-08	-3.635873e+01	-7.033703e+02
3.330000e-06	-5.064505e-06	-1.192804e-08	-3.682520e+01	-7.076147e+02
3.340000e-06	-5.127263e-06	-1.199363e-08	-3.728153e+01	-7.116923e+02
3.350000e-06	-5.188354e-06	-1.205406e-08	-3.772573e+01	-7.156081e+02
3.360000e-06	-5.247776e-06	-1.211685e-08	-3.815780e+01	-7.193699e+02
3.370000e-06	-5.305761e-06	-1.218165e-08	-3.857942e+01	-7.229869e+02
3.380000e-06	-5.362400e-06	-1.224343e-08	-3.899126e+01	-7.264677e+02
3.390000e-06	-5.417529e-06	-1.229838e-08	-3.939212e+01	-7.298181e+02
3.400000e-06	-5.470806e-06	-1.235096e-08	-3.977951e+01	-7.330396e+02
3.410000e-06	-5.522147e-06	-1.240348e-08	-4.015282e+01	-7.361293e+02
3.420000e-06	-5.571734e-06	-1.245153e-08	-4.051338e+01	-7.390814e+02
3.430000e-06	-5.619520e-06	-1.249599e-08	-4.086084e+01	-7.418897e+02
3.440000e-06	-5.665489e-06	-1.254146e-08	-4.119509e+01	-7.445505e+02
3.450000e-06	-5.709941e-06	-1.258956e-08	-4.151831e+01	-7.470649e+02
3.460000e-06	-5.753012e-06	-1.263363e-08	-4.183149e+01	-7.494402e+02
3.470000e-06	-5.794639e-06	-1.267101e-08	-4.213417e+01	-7.516889e+02
3.480000e-06	-5.834839e-06	-1.270463e-08	-4.242648e+01	-7.538263e+02
3.490000e-06	-5.873423e-06	-1.273966e-08	-4.270703e+01	-7.558670e+02
3.500000e-06	-5.910180e-06	-1.277383e-08	-4.297430e+01	-7.578217e+02
3.510000e-06	-5.945245e-06	-1.280561e-08	-4.322926e+01	-7.596941e+02
3.520000e-06	-5.978752e-06	-1.283820e-08	-4.347290e+01	-7.614806e+02
3.530000e-06	-6.010661e-06	-1.287186e-08	-4.370492e+01	-7.631721e+02
3.540000e-06	-6.040779e-06	-1.289962e-08	-4.392391e+01	-7.647568e+02
3.550000e-06	-6.069062e-06	-1.292228e-08	-4.412956e+01	-7.662250e+02
3.560000e-06	-6.095716e-06	-1.294595e-08	-4.432337e+01	-7.675720e+02
3.570000e-06	-6.120751e-06	-1.296965e-08	-4.450541e+01	-7.688007e+02
3.580000e-06	-6.144183e-06	-1.299090e-08	-4.467579e+01	-7.699206e+02
3.590000e-06	-6.165876e-06	-1.300944e-08	-4.483352e+01	-7.709456e+02
3.600000e-06	-6.185709e-06	-1.302755e-08	-4.497773e+01	-7.718898e+02
3.610000e-06	-6.203905e-06	-1.304495e-08	-4.511004e+01	-7.727632e+02
3.620000e-06	-6.220506e-06	-1.305921e-08	-4.523075e+01	-7.735686e+02
3.630000e-06	-6.235253e-06	-1.307143e-08	-4.533798e+01	-7.743012e+02
3.640000e-06	-6.247892e-06	-1.308487e-08	-4.542988e+01	-7.749502e+02
3.650000e-06	-6.258587e-06	-1.309736e-08	-4.550765e+01	-7.755031e+02
3.660000e-06	-6.267590e-06	-1.310644e-08	-4.557311e+01	-7.759498e+02
3.670000e-06	-6.274919e-06	-1.311313e-08	-4.562640e+01	-7.762868e+02
3.680000e-06	-6.280320e-06	-1.312019e-08	-4.566567e+01	-7.765185e+02
3.690000e-06	-6.283806e-06	-1.312552e-08	-4.569102e+01	-7.766558e+02
3.700000e-06	-6.285648e-06	-1.312730e-08	-4.570441e+01	-7.767123e+02
3.710000e-06	-6.285868e-06	-1.312713e-08	-4.570601e+01	-7.766985e+02
