# Temperatura_=_20.0
# Concentracion g/m^3_=_12000.0
# C_Vs_to_Am_M_A/Vsm_=_59384043850.047264
# pendiente_HvsI_1/m_=_3716.3
# ordenada_HvsI_A/m_=_1297.0
# frecuencia_Hz_=_269356.7723401442

Tiempo_(s)	Campo_(V.s)	Magnetizacion_(V.s)	Campo_(kA/m)	Magnetizacion_(A/m)
0.000000e+00	-6.303060e-06	-1.311318e-08	-4.569805e+01	-7.768284e+02
1.000000e-08	-6.300901e-06	-1.311256e-08	-4.568239e+01	-7.767384e+02
2.000000e-08	-6.296944e-06	-1.311071e-08	-4.565370e+01	-7.765571e+02
3.000000e-08	-6.291424e-06	-1.310316e-08	-4.561368e+01	-7.762654e+02
4.000000e-08	-6.284311e-06	-1.309321e-08	-4.556212e+01	-7.758447e+02
5.000000e-08	-6.275556e-06	-1.308388e-08	-4.549864e+01	-7.752831e+02
6.000000e-08	-6.264910e-06	-1.307218e-08	-4.542145e+01	-7.745797e+02
7.000000e-08	-6.252364e-06	-1.305570e-08	-4.533049e+01	-7.737473e+02
8.000000e-08	-6.237866e-06	-1.302933e-08	-4.522538e+01	-7.728109e+02
9.000000e-08	-6.221007e-06	-1.300302e-08	-4.510315e+01	-7.718035e+02
1.000000e-07	-6.201950e-06	-1.298783e-08	-4.496499e+01	-7.707585e+02
1.100000e-07	-6.181127e-06	-1.298255e-08	-4.481402e+01	-7.697027e+02
1.200000e-07	-6.158741e-06	-1.298675e-08	-4.465172e+01	-7.686484e+02
1.300000e-07	-6.135087e-06	-1.296749e-08	-4.448022e+01	-7.675908e+02
1.400000e-07	-6.110098e-06	-1.293480e-08	-4.429905e+01	-7.665075e+02
1.500000e-07	-6.083347e-06	-1.292237e-08	-4.410510e+01	-7.653628e+02
1.600000e-07	-6.055072e-06	-1.288688e-08	-4.390010e+01	-7.641155e+02
1.700000e-07	-6.025365e-06	-1.285111e-08	-4.368472e+01	-7.627269e+02
1.800000e-07	-5.993976e-06	-1.282706e-08	-4.345715e+01	-7.611689e+02
1.900000e-07	-5.961141e-06	-1.277115e-08	-4.321909e+01	-7.594291e+02
2.000000e-07	-5.926729e-06	-1.274397e-08	-4.296959e+01	-7.575114e+02
2.100000e-07	-5.890570e-06	-1.273969e-08	-4.270744e+01	-7.554337e+02
2.200000e-07	-5.852769e-06	-1.269353e-08	-4.243338e+01	-7.532219e+02
2.300000e-07	-5.813335e-06	-1.264196e-08	-4.214748e+01	-7.509024e+02
2.400000e-07	-5.772110e-06	-1.260517e-08	-4.184859e+01	-7.484953e+02
2.500000e-07	-5.728936e-06	-1.257253e-08	-4.153557e+01	-7.460102e+02
2.600000e-07	-5.684030e-06	-1.252735e-08	-4.121000e+01	-7.434442e+02
2.700000e-07	-5.637652e-06	-1.244993e-08	-4.087375e+01	-7.407842e+02
2.800000e-07	-5.589672e-06	-1.240827e-08	-4.052589e+01	-7.380113e+02
2.900000e-07	-5.539645e-06	-1.239470e-08	-4.016319e+01	-7.351059e+02
3.000000e-07	-5.487477e-06	-1.232941e-08	-3.978496e+01	-7.320531e+02
3.100000e-07	-5.433541e-06	-1.225423e-08	-3.939391e+01	-7.288458e+02
3.200000e-07	-5.378140e-06	-1.220818e-08	-3.899225e+01	-7.254852e+02
3.300000e-07	-5.321200e-06	-1.216042e-08	-3.857943e+01	-7.219790e+02
3.400000e-07	-5.262575e-06	-1.209220e-08	-3.815439e+01	-7.183383e+02
3.500000e-07	-5.202341e-06	-1.201753e-08	-3.771769e+01	-7.145732e+02
3.600000e-07	-5.140640e-06	-1.195155e-08	-3.727035e+01	-7.106897e+02
3.700000e-07	-5.077526e-06	-1.189373e-08	-3.681276e+01	-7.066875e+02
3.800000e-07	-5.012930e-06	-1.183375e-08	-3.634443e+01	-7.025606e+02
3.900000e-07	-4.946704e-06	-1.175381e-08	-3.586428e+01	-6.982988e+02
4.000000e-07	-4.878895e-06	-1.167078e-08	-3.537266e+01	-6.938906e+02
4.100000e-07	-4.809732e-06	-1.160586e-08	-3.487122e+01	-6.893259e+02
4.200000e-07	-4.739320e-06	-1.153013e-08	-3.436072e+01	-6.845981e+02
4.300000e-07	-4.667729e-06	-1.143320e-08	-3.384167e+01	-6.797053e+02
4.400000e-07	-4.594821e-06	-1.134197e-08	-3.331308e+01	-6.746488e+02
4.500000e-07	-4.520286e-06	-1.126687e-08	-3.277270e+01	-6.694324e+02
4.600000e-07	-4.444211e-06	-1.118868e-08	-3.222114e+01	-6.640597e+02
4.700000e-07	-4.366900e-06	-1.109126e-08	-3.166062e+01	-6.585326e+02
4.800000e-07	-4.288317e-06	-1.099013e-08	-3.109088e+01	-6.528504e+02
4.900000e-07	-4.208237e-06	-1.089344e-08	-3.051029e+01	-6.470095e+02
5.000000e-07	-4.126811e-06	-1.079423e-08	-2.991995e+01	-6.410044e+02
5.100000e-07	-4.044291e-06	-1.068362e-08	-2.932167e+01	-6.348289e+02
5.200000e-07	-3.960828e-06	-1.056810e-08	-2.871655e+01	-6.284770e+02
5.300000e-07	-3.876504e-06	-1.046476e-08	-2.810518e+01	-6.219435e+02
5.400000e-07	-3.791271e-06	-1.036375e-08	-2.748724e+01	-6.152240e+02
5.500000e-07	-3.705087e-06	-1.024528e-08	-2.686239e+01	-6.083140e+02
5.600000e-07	-3.617964e-06	-1.011313e-08	-2.623074e+01	-6.012081e+02
5.700000e-07	-3.529988e-06	-9.990709e-09	-2.559290e+01	-5.938985e+02
5.800000e-07	-3.441025e-06	-9.871930e-09	-2.494790e+01	-5.863752e+02
5.900000e-07	-3.350940e-06	-9.735681e-09	-2.429477e+01	-5.786259e+02
6.000000e-07	-3.259788e-06	-9.591357e-09	-2.363391e+01	-5.706372e+02
6.100000e-07	-3.167681e-06	-9.453992e-09	-2.296612e+01	-5.623957e+02
6.200000e-07	-3.074670e-06	-9.317097e-09	-2.229178e+01	-5.538896e+02
6.300000e-07	-2.980736e-06	-9.166391e-09	-2.161074e+01	-5.451091e+02
6.400000e-07	-2.885976e-06	-9.007541e-09	-2.092372e+01	-5.360473e+02
6.500000e-07	-2.790473e-06	-8.852256e-09	-2.023131e+01	-5.266988e+02
6.600000e-07	-2.694131e-06	-8.695723e-09	-1.953282e+01	-5.170593e+02
6.700000e-07	-2.596852e-06	-8.526361e-09	-1.882753e+01	-5.071237e+02
6.800000e-07	-2.498694e-06	-8.346619e-09	-1.811588e+01	-4.968847e+02
6.900000e-07	-2.399702e-06	-8.168480e-09	-1.739817e+01	-4.863328e+02
7.000000e-07	-2.299916e-06	-7.990547e-09	-1.667471e+01	-4.754551e+02
7.100000e-07	-2.199444e-06	-7.802958e-09	-1.594627e+01	-4.642363e+02
7.200000e-07	-2.098348e-06	-7.603055e-09	-1.521331e+01	-4.526592e+02
7.300000e-07	-1.996635e-06	-7.400430e-09	-1.447588e+01	-4.407055e+02
7.400000e-07	-1.894393e-06	-7.197702e-09	-1.373461e+01	-4.283565e+02
7.500000e-07	-1.791630e-06	-6.985372e-09	-1.298956e+01	-4.155935e+02
7.600000e-07	-1.688331e-06	-6.758533e-09	-1.224063e+01	-4.023973e+02
7.700000e-07	-1.584581e-06	-6.525856e-09	-1.148843e+01	-3.887487e+02
7.800000e-07	-1.480399e-06	-6.289626e-09	-1.073309e+01	-3.746274e+02
7.900000e-07	-1.375817e-06	-6.044155e-09	-9.974864e+00	-3.600121e+02
8.000000e-07	-1.270806e-06	-5.786734e-09	-9.213518e+00	-3.448799e+02
8.100000e-07	-1.165410e-06	-5.520925e-09	-8.449380e+00	-3.292059e+02
8.200000e-07	-1.059666e-06	-5.250769e-09	-7.682723e+00	-3.129633e+02
8.300000e-07	-9.536418e-07	-4.969446e-09	-6.914034e+00	-2.961219e+02
8.400000e-07	-8.474283e-07	-4.672113e-09	-6.143971e+00	-2.786481e+02
8.500000e-07	-7.410560e-07	-4.364207e-09	-5.372757e+00	-2.605036e+02
8.600000e-07	-6.345883e-07	-4.050182e-09	-4.600852e+00	-2.416455e+02
8.700000e-07	-5.279633e-07	-3.721339e-09	-3.827806e+00	-2.220266e+02
8.800000e-07	-4.211844e-07	-3.372350e-09	-3.053645e+00	-2.015983e+02
8.900000e-07	-3.143518e-07	-3.009603e-09	-2.279093e+00	-1.803138e+02
9.000000e-07	-2.074778e-07	-2.638075e-09	-1.504242e+00	-1.581347e+02
9.100000e-07	-1.005138e-07	-2.252385e-09	-7.287387e-01	-1.350377e+02
9.200000e-07	6.502770e-09	-1.845282e-09	4.714598e-02	-1.110219e+02
9.300000e-07	1.134931e-07	-1.421392e-09	8.228407e-01	-8.611614e+01
9.400000e-07	2.204660e-07	-9.875915e-10	1.598409e+00	-6.038351e+01
9.500000e-07	3.274120e-07	-5.426060e-10	2.373782e+00	-3.392297e+01
9.600000e-07	4.342644e-07	-8.516078e-11	3.148476e+00	-6.867571e+00
9.700000e-07	5.409874e-07	3.795271e-10	3.922233e+00	2.062122e+01
9.800000e-07	6.475752e-07	8.441824e-10	4.695009e+00	4.836223e+01
9.900000e-07	7.540271e-07	1.308229e-09	5.466800e+00	7.616529e+01
1.000000e-06	8.603200e-07	1.774270e-09	6.237438e+00	1.038424e+02
1.010000e-06	9.663699e-07	2.237593e-09	7.006314e+00	1.312180e+02
1.020000e-06	1.072189e-06	2.691199e-09	7.773516e+00	1.581368e+02
1.030000e-06	1.177736e-06	3.133409e-09	8.538750e+00	1.844687e+02
1.040000e-06	1.282882e-06	3.564838e-09	9.301067e+00	2.101107e+02
1.050000e-06	1.387643e-06	3.984589e-09	1.006060e+01	2.349854e+02
1.060000e-06	1.492047e-06	4.388779e-09	1.081755e+01	2.590379e+02
1.070000e-06	1.596029e-06	4.775780e-09	1.157143e+01	2.822319e+02
1.080000e-06	1.699550e-06	5.147481e-09	1.232197e+01	3.045452e+02
1.090000e-06	1.802628e-06	5.505359e-09	1.306930e+01	3.259664e+02
1.100000e-06	1.905201e-06	5.849795e-09	1.381297e+01	3.464934e+02
1.110000e-06	2.007239e-06	6.179438e-09	1.455276e+01	3.661315e+02
1.120000e-06	2.108768e-06	6.493672e-09	1.528886e+01	3.848943e+02
1.130000e-06	2.209758e-06	6.792830e-09	1.602105e+01	4.028031e+02
1.140000e-06	2.310222e-06	7.078246e-09	1.674943e+01	4.198871e+02
1.150000e-06	2.410004e-06	7.349989e-09	1.747286e+01	4.361821e+02
1.160000e-06	2.508919e-06	7.610326e-09	1.819001e+01	4.517288e+02
1.170000e-06	2.606935e-06	7.861347e-09	1.890064e+01	4.665701e+02
1.180000e-06	2.704044e-06	8.101346e-09	1.960469e+01	4.807478e+02
1.190000e-06	2.800313e-06	8.330298e-09	2.030265e+01	4.943004e+02
1.200000e-06	2.895757e-06	8.549218e-09	2.099464e+01	5.072610e+02
1.210000e-06	2.990334e-06	8.758613e-09	2.168033e+01	5.196569e+02
1.220000e-06	3.084083e-06	8.956596e-09	2.236002e+01	5.315100e+02
1.230000e-06	3.177039e-06	9.144569e-09	2.303396e+01	5.428389e+02
1.240000e-06	3.269113e-06	9.326809e-09	2.370152e+01	5.536609e+02
1.250000e-06	3.360242e-06	9.501919e-09	2.436222e+01	5.639947e+02
1.260000e-06	3.450360e-06	9.666922e-09	2.501558e+01	5.738618e+02
1.270000e-06	3.539366e-06	9.820912e-09	2.566089e+01	5.832869e+02
1.280000e-06	3.627307e-06	9.969582e-09	2.629847e+01	5.922975e+02
1.290000e-06	3.714259e-06	1.011569e-08	2.692889e+01	6.009224e+02
1.300000e-06	3.800256e-06	1.025634e-08	2.755237e+01	6.091895e+02
1.310000e-06	3.885340e-06	1.038954e-08	2.816924e+01	6.171234e+02
1.320000e-06	3.969486e-06	1.051798e-08	2.877932e+01	6.247448e+02
1.330000e-06	4.052576e-06	1.064173e-08	2.938173e+01	6.320693e+02
1.340000e-06	4.134487e-06	1.075770e-08	2.997560e+01	6.391084e+02
1.350000e-06	4.215189e-06	1.086855e-08	3.056070e+01	6.458711e+02
1.360000e-06	4.294710e-06	1.097590e-08	3.113724e+01	6.523655e+02
1.370000e-06	4.373083e-06	1.108219e-08	3.170545e+01	6.586006e+02
1.380000e-06	4.450306e-06	1.118455e-08	3.226533e+01	6.645874e+02
1.390000e-06	4.526222e-06	1.128131e-08	3.281573e+01	6.703388e+02
1.400000e-06	4.600680e-06	1.137523e-08	3.335556e+01	6.758694e+02
1.410000e-06	4.673716e-06	1.146622e-08	3.388508e+01	6.811933e+02
1.420000e-06	4.745390e-06	1.155141e-08	3.440473e+01	6.863236e+02
1.430000e-06	4.815731e-06	1.163150e-08	3.491471e+01	6.912707e+02
1.440000e-06	4.884756e-06	1.170831e-08	3.541515e+01	6.960420e+02
1.450000e-06	4.952463e-06	1.178514e-08	3.590604e+01	7.006426e+02
1.460000e-06	5.018695e-06	1.186181e-08	3.638622e+01	7.050762e+02
1.470000e-06	5.083356e-06	1.193488e-08	3.685503e+01	7.093466e+02
1.480000e-06	5.146581e-06	1.200498e-08	3.731342e+01	7.134584e+02
1.490000e-06	5.208472e-06	1.207412e-08	3.776214e+01	7.174182e+02
1.500000e-06	5.269068e-06	1.214030e-08	3.820146e+01	7.212336e+02
1.510000e-06	5.328199e-06	1.220047e-08	3.863018e+01	7.249122e+02
1.520000e-06	5.385616e-06	1.225846e-08	3.904645e+01	7.284602e+02
1.530000e-06	5.441376e-06	1.231669e-08	3.945072e+01	7.318811e+02
1.540000e-06	5.495573e-06	1.237371e-08	3.984366e+01	7.351744e+02
1.550000e-06	5.548032e-06	1.242741e-08	4.022399e+01	7.383366e+02
1.560000e-06	5.598501e-06	1.247819e-08	4.058990e+01	7.413621e+02
1.570000e-06	5.647066e-06	1.252803e-08	4.094200e+01	7.442450e+02
1.580000e-06	5.693966e-06	1.257528e-08	4.128203e+01	7.469816e+02
1.590000e-06	5.739346e-06	1.261726e-08	4.161105e+01	7.495719e+02
1.600000e-06	5.783235e-06	1.265584e-08	4.192924e+01	7.520203e+02
1.610000e-06	5.825336e-06	1.269517e-08	4.223449e+01	7.543351e+02
1.620000e-06	5.865671e-06	1.273286e-08	4.252692e+01	7.565268e+02
1.630000e-06	5.904453e-06	1.276574e-08	4.280810e+01	7.586058e+02
1.640000e-06	5.941743e-06	1.279667e-08	4.307845e+01	7.605807e+02
1.650000e-06	5.977469e-06	1.282864e-08	4.333747e+01	7.624563e+02
1.660000e-06	6.011390e-06	1.285877e-08	4.358340e+01	7.642338e+02
1.670000e-06	6.043619e-06	1.288491e-08	4.381707e+01	7.659115e+02
1.680000e-06	6.074280e-06	1.290959e-08	4.403936e+01	7.674868e+02
1.690000e-06	6.103383e-06	1.293604e-08	4.425037e+01	7.689579e+02
1.700000e-06	6.130956e-06	1.296139e-08	4.445027e+01	7.703257e+02
1.710000e-06	6.156635e-06	1.298109e-08	4.463645e+01	7.715942e+02
1.720000e-06	6.180409e-06	1.299845e-08	4.480881e+01	7.727697e+02
1.730000e-06	6.202577e-06	1.301554e-08	4.496954e+01	7.738591e+02
1.740000e-06	6.223251e-06	1.303163e-08	4.511943e+01	7.748674e+02
1.750000e-06	6.242290e-06	1.304457e-08	4.525746e+01	7.757965e+02
1.760000e-06	6.259519e-06	1.305495e-08	4.538237e+01	7.766438e+02
1.770000e-06	6.274880e-06	1.306608e-08	4.549374e+01	7.774030e+02
1.780000e-06	6.288384e-06	1.307747e-08	4.559164e+01	7.780666e+02
1.790000e-06	6.299907e-06	1.308414e-08	4.567519e+01	7.786278e+02
1.800000e-06	6.309310e-06	1.308799e-08	4.574336e+01	7.790839e+02
1.810000e-06	6.316876e-06	1.309290e-08	4.579822e+01	7.794375e+02
1.820000e-06	6.322822e-06	1.309845e-08	4.584133e+01	7.796959e+02
1.830000e-06	6.327088e-06	1.310144e-08	4.587225e+01	7.798697e+02
1.840000e-06	6.329448e-06	1.310103e-08	4.588936e+01	7.799689e+02
1.850000e-06	6.329894e-06	1.310182e-08	4.589260e+01	7.799988e+02
1.860000e-06	6.328649e-06	1.310400e-08	4.588358e+01	7.799577e+02
1.870000e-06	6.325860e-06	1.310150e-08	4.586335e+01	7.798354e+02
1.880000e-06	6.321428e-06	1.309352e-08	4.583122e+01	7.796149e+02
1.890000e-06	6.315129e-06	1.308607e-08	4.578555e+01	7.792766e+02
1.900000e-06	6.307092e-06	1.307879e-08	4.572728e+01	7.788038e+02
1.910000e-06	6.297533e-06	1.306782e-08	4.565798e+01	7.781883e+02
1.920000e-06	6.286368e-06	1.305869e-08	4.557703e+01	7.774341e+02
1.930000e-06	6.273294e-06	1.306177e-08	4.548224e+01	7.765591e+02
1.940000e-06	6.258064e-06	1.306437e-08	4.537182e+01	7.755918e+02
1.950000e-06	6.240520e-06	1.304628e-08	4.524462e+01	7.745664e+02
1.960000e-06	6.220496e-06	1.300433e-08	4.509945e+01	7.735147e+02
1.970000e-06	6.198294e-06	1.295215e-08	4.493848e+01	7.724587e+02
1.980000e-06	6.174849e-06	1.293779e-08	4.476850e+01	7.714047e+02
1.990000e-06	6.150750e-06	1.294283e-08	4.459378e+01	7.703407e+02
2.000000e-06	6.125299e-06	1.292759e-08	4.440925e+01	7.692389e+02
2.010000e-06	6.098165e-06	1.292060e-08	4.421253e+01	7.680604e+02
2.020000e-06	6.069754e-06	1.290574e-08	4.400655e+01	7.667641e+02
2.030000e-06	6.039446e-06	1.288839e-08	4.378681e+01	7.653143e+02
2.040000e-06	6.006928e-06	1.288686e-08	4.355105e+01	7.636886e+02
2.050000e-06	5.972919e-06	1.283176e-08	4.330448e+01	7.618805e+02
2.060000e-06	5.937447e-06	1.275616e-08	4.304730e+01	7.599000e+02
2.070000e-06	5.900218e-06	1.275553e-08	4.277739e+01	7.577687e+02
2.080000e-06	5.861255e-06	1.275128e-08	4.249490e+01	7.555134e+02
2.090000e-06	5.820513e-06	1.268345e-08	4.219952e+01	7.531591e+02
2.100000e-06	5.778276e-06	1.261832e-08	4.189329e+01	7.507221e+02
2.110000e-06	5.734527e-06	1.260642e-08	4.157611e+01	7.482075e+02
2.120000e-06	5.688987e-06	1.259766e-08	4.124594e+01	7.456080e+02
2.130000e-06	5.641930e-06	1.249879e-08	4.090476e+01	7.429079e+02
2.140000e-06	5.593310e-06	1.242153e-08	4.055227e+01	7.400873e+02
2.150000e-06	5.542943e-06	1.242975e-08	4.018709e+01	7.371278e+02
2.160000e-06	5.490665e-06	1.238347e-08	3.980808e+01	7.340173e+02
2.170000e-06	5.436349e-06	1.230505e-08	3.941428e+01	7.307518e+02
2.180000e-06	5.380411e-06	1.223797e-08	3.900872e+01	7.273352e+02
2.190000e-06	5.322956e-06	1.218687e-08	3.859216e+01	7.237771e+02
2.200000e-06	5.263979e-06	1.215412e-08	3.816457e+01	7.200886e+02
2.210000e-06	5.203556e-06	1.207118e-08	3.772650e+01	7.162786e+02
2.220000e-06	5.141485e-06	1.198702e-08	3.727647e+01	7.123507e+02
2.230000e-06	5.077781e-06	1.192971e-08	3.681461e+01	7.083026e+02
2.240000e-06	5.012511e-06	1.187465e-08	3.634139e+01	7.041263e+02
2.250000e-06	4.945857e-06	1.179704e-08	3.585814e+01	6.998108e+02
2.260000e-06	4.877916e-06	1.169211e-08	3.536556e+01	6.953447e+02
2.270000e-06	4.808424e-06	1.163415e-08	3.486173e+01	6.907192e+02
2.280000e-06	4.737332e-06	1.157505e-08	3.434631e+01	6.859295e+02
2.290000e-06	4.664885e-06	1.147907e-08	3.382106e+01	6.809747e+02
2.300000e-06	4.591258e-06	1.137384e-08	3.328725e+01	6.758577e+02
2.310000e-06	4.516303e-06	1.127816e-08	3.274382e+01	6.705821e+02
2.320000e-06	4.439873e-06	1.120992e-08	3.218969e+01	6.651512e+02
2.330000e-06	4.361987e-06	1.111376e-08	3.162500e+01	6.595661e+02
2.340000e-06	4.282802e-06	1.100966e-08	3.105090e+01	6.538247e+02
2.350000e-06	4.202433e-06	1.091303e-08	3.046821e+01	6.479228e+02
2.360000e-06	4.120908e-06	1.081943e-08	2.987715e+01	6.418545e+02
2.370000e-06	4.038457e-06	1.071777e-08	2.927937e+01	6.356133e+02
2.380000e-06	3.955041e-06	1.058343e-08	2.867459e+01	6.291936e+02
2.390000e-06	3.870510e-06	1.046668e-08	2.806173e+01	6.225907e+02
2.400000e-06	3.784777e-06	1.036674e-08	2.744015e+01	6.158002e+02
2.410000e-06	3.697852e-06	1.026227e-08	2.680993e+01	6.088173e+02
2.420000e-06	3.609941e-06	1.013394e-08	2.617256e+01	6.016359e+02
2.430000e-06	3.521107e-06	1.000256e-08	2.552851e+01	5.942473e+02
2.440000e-06	3.431387e-06	9.887062e-09	2.487803e+01	5.866406e+02
2.450000e-06	3.340832e-06	9.755450e-09	2.422149e+01	5.788030e+02
2.460000e-06	3.249491e-06	9.608596e-09	2.355926e+01	5.707209e+02
2.470000e-06	3.157187e-06	9.461554e-09	2.289004e+01	5.623813e+02
2.480000e-06	3.063754e-06	9.330484e-09	2.221263e+01	5.537731e+02
2.490000e-06	2.969368e-06	9.191588e-09	2.152833e+01	5.448877e+02
2.500000e-06	2.874084e-06	9.032506e-09	2.083750e+01	5.357188e+02
2.510000e-06	2.777891e-06	8.865104e-09	2.014009e+01	5.262615e+02
2.520000e-06	2.680855e-06	8.703252e-09	1.943657e+01	5.165115e+02
2.530000e-06	2.583092e-06	8.542788e-09	1.872777e+01	5.064629e+02
2.540000e-06	2.484765e-06	8.366296e-09	1.801489e+01	4.961077e+02
2.550000e-06	2.385842e-06	8.182026e-09	1.729768e+01	4.854351e+02
2.560000e-06	2.286151e-06	7.999216e-09	1.657491e+01	4.744312e+02
2.570000e-06	2.185658e-06	7.816293e-09	1.584632e+01	4.630800e+02
2.580000e-06	2.084480e-06	7.614566e-09	1.511277e+01	4.513637e+02
2.590000e-06	1.982678e-06	7.401458e-09	1.437469e+01	4.392638e+02
2.600000e-06	1.880238e-06	7.193157e-09	1.363198e+01	4.267616e+02
2.610000e-06	1.777116e-06	6.985663e-09	1.288433e+01	4.138382e+02
2.620000e-06	1.673408e-06	6.764048e-09	1.213244e+01	4.004746e+02
2.630000e-06	1.569287e-06	6.525864e-09	1.137754e+01	3.866510e+02
2.640000e-06	1.464779e-06	6.285477e-09	1.061985e+01	3.723468e+02
2.650000e-06	1.359856e-06	6.042736e-09	9.859142e+00	3.575403e+02
2.660000e-06	1.254562e-06	5.784556e-09	9.095747e+00	3.422078e+02
2.670000e-06	1.148994e-06	5.509495e-09	8.330364e+00	3.263237e+02
2.680000e-06	1.043230e-06	5.229202e-09	7.563559e+00	3.098601e+02
2.690000e-06	9.372497e-07	4.949299e-09	6.795189e+00	2.927855e+02
2.700000e-06	8.310561e-07	4.655948e-09	6.025271e+00	2.750648e+02
2.710000e-06	7.247112e-07	4.340968e-09	5.254255e+00	2.566578e+02
2.720000e-06	6.182364e-07	4.017138e-09	4.482298e+00	2.375200e+02
2.730000e-06	5.116393e-07	3.689109e-09	3.709455e+00	2.176031e+02
2.740000e-06	4.049806e-07	3.343754e-09	2.936165e+00	1.968587e+02
2.750000e-06	2.982757e-07	2.975094e-09	2.162540e+00	1.752425e+02
2.760000e-06	1.915146e-07	2.592453e-09	1.388507e+00	1.527207e+02
2.770000e-06	8.474081e-08	2.201683e-09	6.143825e-01	1.292775e+02
2.780000e-06	-2.205860e-08	1.794964e-09	-1.599278e-01	1.049227e+02
2.790000e-06	-1.288549e-07	1.365957e-09	-9.342159e-01	7.969745e+01
2.800000e-06	-2.355811e-07	9.257739e-10	-1.707995e+00	5.367819e+01
2.810000e-06	-3.422790e-07	4.832099e-10	-2.481570e+00	2.697714e+01
2.820000e-06	-4.489461e-07	3.060998e-11	-3.254921e+00	-2.611416e-01
2.830000e-06	-5.554458e-07	-4.377815e-10	-4.027058e+00	-2.786663e+01
2.840000e-06	-6.618075e-07	-9.111540e-10	-4.798195e+00	-5.565348e+01
2.850000e-06	-7.680337e-07	-1.379652e-09	-5.568350e+00	-8.343104e+01
2.860000e-06	-8.741053e-07	-1.843098e-09	-6.337383e+00	-1.110149e+02
2.870000e-06	-9.799892e-07	-2.305461e-09	-7.105056e+00	-1.382362e+02
2.880000e-06	-1.085607e-06	-2.760929e-09	-7.870798e+00	-1.649489e+02
2.890000e-06	-1.190955e-06	-3.197433e-09	-8.634584e+00	-1.910329e+02
2.900000e-06	-1.296029e-06	-3.617994e-09	-9.396387e+00	-2.163951e+02
2.910000e-06	-1.400849e-06	-4.031326e-09	-1.015634e+01	-2.409670e+02
2.920000e-06	-1.505289e-06	-4.436534e-09	-1.091355e+01	-2.647012e+02
2.930000e-06	-1.609276e-06	-4.823555e-09	-1.166747e+01	-2.875670e+02
2.940000e-06	-1.712803e-06	-5.192583e-09	-1.241806e+01	-3.095467e+02
2.950000e-06	-1.815769e-06	-5.551976e-09	-1.316457e+01	-3.306326e+02
2.960000e-06	-1.918127e-06	-5.899803e-09	-1.390668e+01	-3.508253e+02
2.970000e-06	-2.019851e-06	-6.228690e-09	-1.464420e+01	-3.701334e+02
2.980000e-06	-2.120950e-06	-6.537978e-09	-1.537718e+01	-3.885731e+02
2.990000e-06	-2.221377e-06	-6.835368e-09	-1.610529e+01	-4.061690e+02
3.000000e-06	-2.321129e-06	-7.120564e-09	-1.682850e+01	-4.229528e+02
3.010000e-06	-2.420204e-06	-7.388740e-09	-1.754681e+01	-4.389624e+02
3.020000e-06	-2.518514e-06	-7.642246e-09	-1.825957e+01	-4.542397e+02
3.030000e-06	-2.616109e-06	-7.888110e-09	-1.896715e+01	-4.688275e+02
3.040000e-06	-2.713044e-06	-8.127176e-09	-1.966994e+01	-4.827666e+02
3.050000e-06	-2.809288e-06	-8.354313e-09	-2.036773e+01	-4.960939e+02
3.060000e-06	-2.904767e-06	-8.568026e-09	-2.105996e+01	-5.088400e+02
3.070000e-06	-2.999380e-06	-8.773312e-09	-2.174592e+01	-5.210302e+02
3.080000e-06	-3.093032e-06	-8.970764e-09	-2.242491e+01	-5.326848e+02
3.090000e-06	-3.185662e-06	-9.157943e-09	-2.309649e+01	-5.438217e+02
3.100000e-06	-3.277326e-06	-9.334537e-09	-2.376106e+01	-5.544585e+02
3.110000e-06	-3.368003e-06	-9.506434e-09	-2.441848e+01	-5.646147e+02
3.120000e-06	-3.457639e-06	-9.674985e-09	-2.506836e+01	-5.743131e+02
3.130000e-06	-3.546380e-06	-9.833513e-09	-2.571174e+01	-5.835796e+02
3.140000e-06	-3.634222e-06	-9.980019e-09	-2.634861e+01	-5.924424e+02
3.150000e-06	-3.721031e-06	-1.011942e-08	-2.697798e+01	-6.009302e+02
3.160000e-06	-3.806751e-06	-1.025888e-08	-2.759947e+01	-6.090698e+02
3.170000e-06	-3.891315e-06	-1.039309e-08	-2.821257e+01	-6.168845e+02
3.180000e-06	-3.974788e-06	-1.051890e-08	-2.881776e+01	-6.243931e+02
3.190000e-06	-4.057207e-06	-1.064039e-08	-2.941531e+01	-6.316096e+02
3.200000e-06	-4.138591e-06	-1.076090e-08	-3.000535e+01	-6.385442e+02
3.210000e-06	-4.218931e-06	-1.087654e-08	-3.058783e+01	-6.452055e+02
3.220000e-06	-4.298158e-06	-1.098056e-08	-3.116224e+01	-6.516017e+02
3.230000e-06	-4.376109e-06	-1.107811e-08	-3.172739e+01	-6.577424e+02
3.240000e-06	-4.452647e-06	-1.117805e-08	-3.228230e+01	-6.636395e+02
3.250000e-06	-4.527812e-06	-1.127674e-08	-3.282726e+01	-6.693065e+02
3.260000e-06	-4.601605e-06	-1.136796e-08	-3.336226e+01	-6.747581e+02
3.270000e-06	-4.674099e-06	-1.145336e-08	-3.388786e+01	-6.800082e+02
3.280000e-06	-4.745342e-06	-1.154219e-08	-3.440438e+01	-6.850689e+02
3.290000e-06	-4.815134e-06	-1.163108e-08	-3.491038e+01	-6.899495e+02
3.300000e-06	-4.883458e-06	-1.171129e-08	-3.540574e+01	-6.946565e+02
3.310000e-06	-4.950459e-06	-1.178474e-08	-3.589151e+01	-6.991942e+02
3.320000e-06	-5.016082e-06	-1.185800e-08	-3.636728e+01	-7.035663e+02
3.330000e-06	-5.080342e-06	-1.192940e-08	-3.683318e+01	-7.077767e+02
3.340000e-06	-5.143192e-06	-1.199251e-08	-3.728885e+01	-7.118309e+02
3.350000e-06	-5.204394e-06	-1.205284e-08	-3.773257e+01	-7.157357e+02
3.360000e-06	-5.264034e-06	-1.211838e-08	-3.816497e+01	-7.194991e+02
3.370000e-06	-5.322284e-06	-1.218582e-08	-3.858729e+01	-7.231283e+02
3.380000e-06	-5.379058e-06	-1.224630e-08	-3.899891e+01	-7.266286e+02
3.390000e-06	-5.434186e-06	-1.230286e-08	-3.939859e+01	-7.300020e+02
3.400000e-06	-5.487411e-06	-1.235734e-08	-3.978448e+01	-7.332469e+02
3.410000e-06	-5.538814e-06	-1.240937e-08	-4.015716e+01	-7.363587e+02
3.420000e-06	-5.588470e-06	-1.245659e-08	-4.051717e+01	-7.393315e+02
3.430000e-06	-5.636233e-06	-1.250143e-08	-4.086346e+01	-7.421600e+02
3.440000e-06	-5.682263e-06	-1.254717e-08	-4.119719e+01	-7.448416e+02
3.450000e-06	-5.726801e-06	-1.259262e-08	-4.152010e+01	-7.473782e+02
3.460000e-06	-5.769944e-06	-1.263484e-08	-4.183289e+01	-7.497755e+02
3.470000e-06	-5.811685e-06	-1.267283e-08	-4.213551e+01	-7.520430e+02
3.480000e-06	-5.851932e-06	-1.271010e-08	-4.242731e+01	-7.541914e+02
3.490000e-06	-5.890553e-06	-1.274770e-08	-4.270731e+01	-7.562307e+02
3.500000e-06	-5.927402e-06	-1.278296e-08	-4.297448e+01	-7.581681e+02
3.510000e-06	-5.962554e-06	-1.281388e-08	-4.322934e+01	-7.600072e+02
3.520000e-06	-5.996148e-06	-1.284319e-08	-4.347290e+01	-7.617477e+02
3.530000e-06	-6.028152e-06	-1.287121e-08	-4.370493e+01	-7.633875e+02
3.540000e-06	-6.058371e-06	-1.289422e-08	-4.392402e+01	-7.649239e+02
3.550000e-06	-6.086783e-06	-1.291638e-08	-4.413001e+01	-7.663562e+02
3.560000e-06	-6.113570e-06	-1.294305e-08	-4.432422e+01	-7.676863e+02
3.570000e-06	-6.138714e-06	-1.296984e-08	-4.450652e+01	-7.689193e+02
3.580000e-06	-6.162177e-06	-1.299092e-08	-4.467663e+01	-7.700619e+02
3.590000e-06	-6.183851e-06	-1.300913e-08	-4.483377e+01	-7.711206e+02
3.600000e-06	-6.203725e-06	-1.302699e-08	-4.497786e+01	-7.720994e+02
3.610000e-06	-6.221930e-06	-1.304396e-08	-4.510985e+01	-7.729985e+02
3.620000e-06	-6.238544e-06	-1.305590e-08	-4.523030e+01	-7.738137e+02
3.630000e-06	-6.253369e-06	-1.306657e-08	-4.533778e+01	-7.745382e+02
3.640000e-06	-6.266120e-06	-1.308068e-08	-4.543023e+01	-7.751641e+02
3.650000e-06	-6.276875e-06	-1.309482e-08	-4.550820e+01	-7.756862e+02
3.660000e-06	-6.285871e-06	-1.310441e-08	-4.557343e+01	-7.761034e+02
3.670000e-06	-6.293131e-06	-1.310930e-08	-4.562606e+01	-7.764203e+02
3.680000e-06	-6.298452e-06	-1.311361e-08	-4.566464e+01	-7.766459e+02
3.690000e-06	-6.301933e-06	-1.311669e-08	-4.568988e+01	-7.767909e+02
3.700000e-06	-6.303789e-06	-1.311706e-08	-4.570334e+01	-7.768640e+02
3.710000e-06	-6.303970e-06	-1.311489e-08	-4.570465e+01	-7.768681e+02
