# Temperatura_=_20.0
# Concentracion g/m^3_=_12000.0
# C_Vs_to_Am_M_A/Vsm_=_59384043850.047264
# pendiente_HvsI_1/m_=_3716.3
# ordenada_HvsI_A/m_=_1297.0
# frecuencia_Hz_=_269357.8579023926

Tiempo_(s)	Campo_(V.s)	Magnetizacion_(V.s)	Campo_(kA/m)	Magnetizacion_(A/m)
0.000000e+00	-6.280774e-06	-1.316748e-08	-4.570126e+01	-7.793632e+02
1.000000e-08	-6.278792e-06	-1.316196e-08	-4.568684e+01	-7.792532e+02
2.000000e-08	-6.274935e-06	-1.315593e-08	-4.565877e+01	-7.790615e+02
3.000000e-08	-6.269443e-06	-1.314764e-08	-4.561881e+01	-7.787664e+02
4.000000e-08	-6.262425e-06	-1.313688e-08	-4.556775e+01	-7.783454e+02
5.000000e-08	-6.253809e-06	-1.312686e-08	-4.550505e+01	-7.777810e+02
6.000000e-08	-6.243327e-06	-1.311656e-08	-4.542878e+01	-7.770678e+02
7.000000e-08	-6.230903e-06	-1.310862e-08	-4.533838e+01	-7.762162e+02
8.000000e-08	-6.216578e-06	-1.309384e-08	-4.523414e+01	-7.752521e+02
9.000000e-08	-6.200002e-06	-1.303954e-08	-4.511353e+01	-7.742127e+02
1.000000e-07	-6.181147e-06	-1.300198e-08	-4.497633e+01	-7.731385e+02
1.100000e-07	-6.160423e-06	-1.301643e-08	-4.482554e+01	-7.720634e+02
1.200000e-07	-6.138089e-06	-1.303286e-08	-4.466303e+01	-7.710053e+02
1.300000e-07	-6.114439e-06	-1.305731e-08	-4.449094e+01	-7.699609e+02
1.400000e-07	-6.089571e-06	-1.300890e-08	-4.430999e+01	-7.689041e+02
1.500000e-07	-6.062987e-06	-1.289963e-08	-4.411656e+01	-7.677908e+02
1.600000e-07	-6.034795e-06	-1.293639e-08	-4.391142e+01	-7.665678e+02
1.700000e-07	-6.005214e-06	-1.293497e-08	-4.369618e+01	-7.651843e+02
1.800000e-07	-5.973981e-06	-1.282662e-08	-4.346892e+01	-7.636027e+02
1.900000e-07	-5.941339e-06	-1.281504e-08	-4.323140e+01	-7.618064e+02
2.000000e-07	-5.907161e-06	-1.278707e-08	-4.298271e+01	-7.598020e+02
2.100000e-07	-5.871132e-06	-1.277956e-08	-4.272055e+01	-7.576162e+02
2.200000e-07	-5.833494e-06	-1.277515e-08	-4.244668e+01	-7.552882e+02
2.300000e-07	-5.794252e-06	-1.264628e-08	-4.216114e+01	-7.528585e+02
2.400000e-07	-5.753200e-06	-1.258656e-08	-4.186244e+01	-7.503594e+02
2.500000e-07	-5.710308e-06	-1.261487e-08	-4.155033e+01	-7.478071e+02
2.600000e-07	-5.665683e-06	-1.257602e-08	-4.122563e+01	-7.451993e+02
2.700000e-07	-5.619472e-06	-1.249840e-08	-4.088938e+01	-7.425179e+02
2.800000e-07	-5.571728e-06	-1.242684e-08	-4.054198e+01	-7.397345e+02
2.900000e-07	-5.522074e-06	-1.242081e-08	-4.018068e+01	-7.368198e+02
3.000000e-07	-5.470271e-06	-1.237830e-08	-3.980373e+01	-7.337512e+02
3.100000e-07	-5.416647e-06	-1.225764e-08	-3.941355e+01	-7.305177e+02
3.200000e-07	-5.361526e-06	-1.220037e-08	-3.901247e+01	-7.271216e+02
3.300000e-07	-5.304864e-06	-1.219172e-08	-3.860018e+01	-7.235758e+02
3.400000e-07	-5.246510e-06	-1.215981e-08	-3.817556e+01	-7.198979e+02
3.500000e-07	-5.186536e-06	-1.205174e-08	-3.773918e+01	-7.161037e+02
3.600000e-07	-5.125057e-06	-1.195880e-08	-3.729183e+01	-7.122016e+02
3.700000e-07	-5.062137e-06	-1.192101e-08	-3.683400e+01	-7.081899e+02
3.800000e-07	-4.997799e-06	-1.185079e-08	-3.636585e+01	-7.040571e+02
3.900000e-07	-4.931905e-06	-1.176004e-08	-3.588638e+01	-6.997855e+02
4.000000e-07	-4.864417e-06	-1.168074e-08	-3.539531e+01	-6.953563e+02
4.100000e-07	-4.795493e-06	-1.163896e-08	-3.489380e+01	-6.907551e+02
4.200000e-07	-4.725336e-06	-1.157923e-08	-3.438331e+01	-6.859752e+02
4.300000e-07	-4.654034e-06	-1.145749e-08	-3.386449e+01	-6.810187e+02
4.400000e-07	-4.581450e-06	-1.135261e-08	-3.333634e+01	-6.758944e+02
4.500000e-07	-4.507304e-06	-1.128469e-08	-3.279683e+01	-6.706142e+02
4.600000e-07	-4.431584e-06	-1.120791e-08	-3.224586e+01	-6.651882e+02
4.700000e-07	-4.354582e-06	-1.109917e-08	-3.168557e+01	-6.596206e+02
4.800000e-07	-4.276366e-06	-1.099647e-08	-3.111644e+01	-6.539082e+02
4.900000e-07	-4.196795e-06	-1.091863e-08	-3.053745e+01	-6.480406e+02
5.000000e-07	-4.115756e-06	-1.081890e-08	-2.994778e+01	-6.420032e+02
5.100000e-07	-4.033474e-06	-1.069354e-08	-2.934906e+01	-6.357805e+02
5.200000e-07	-3.950237e-06	-1.057274e-08	-2.874340e+01	-6.293603e+02
5.300000e-07	-3.866081e-06	-1.048212e-08	-2.813105e+01	-6.227360e+02
5.400000e-07	-3.781055e-06	-1.038759e-08	-2.751237e+01	-6.159071e+02
5.500000e-07	-3.695192e-06	-1.025484e-08	-2.688760e+01	-6.088774e+02
5.600000e-07	-3.608425e-06	-1.011779e-08	-2.625625e+01	-6.016519e+02
5.700000e-07	-3.520697e-06	-1.000074e-08	-2.561791e+01	-5.942331e+02
5.800000e-07	-3.432022e-06	-9.880776e-09	-2.497268e+01	-5.866184e+02
5.900000e-07	-3.342355e-06	-9.732021e-09	-2.432023e+01	-5.787986e+02
6.000000e-07	-3.251575e-06	-9.586252e-09	-2.365967e+01	-5.707588e+02
6.100000e-07	-3.159666e-06	-9.463527e-09	-2.299091e+01	-5.624801e+02
6.200000e-07	-3.066882e-06	-9.333880e-09	-2.231578e+01	-5.539435e+02
6.300000e-07	-2.973361e-06	-9.174532e-09	-2.163529e+01	-5.451323e+02
6.400000e-07	-2.879023e-06	-9.006621e-09	-2.094884e+01	-5.360345e+02
6.500000e-07	-2.783853e-06	-8.855717e-09	-2.025635e+01	-5.266428e+02
6.600000e-07	-2.687819e-06	-8.699435e-09	-1.955757e+01	-5.169541e+02
6.700000e-07	-2.590985e-06	-8.518904e-09	-1.885298e+01	-5.069666e+02
6.800000e-07	-2.493350e-06	-8.334434e-09	-1.814254e+01	-4.966775e+02
6.900000e-07	-2.394796e-06	-8.167315e-09	-1.742543e+01	-4.860805e+02
7.000000e-07	-2.295332e-06	-7.996532e-09	-1.670170e+01	-4.751650e+02
7.100000e-07	-2.195071e-06	-7.800518e-09	-1.597216e+01	-4.639152e+02
7.200000e-07	-2.094243e-06	-7.594691e-09	-1.523850e+01	-4.523120e+02
7.300000e-07	-1.992942e-06	-7.399196e-09	-1.450139e+01	-4.403341e+02
7.400000e-07	-1.891060e-06	-7.200117e-09	-1.376006e+01	-4.279600e+02
7.500000e-07	-1.788640e-06	-6.977062e-09	-1.301481e+01	-4.151689e+02
7.600000e-07	-1.685743e-06	-6.742828e-09	-1.226610e+01	-4.019416e+02
7.700000e-07	-1.582358e-06	-6.515246e-09	-1.151383e+01	-3.882598e+02
7.800000e-07	-1.478537e-06	-6.283857e-09	-1.075839e+01	-3.741057e+02
7.900000e-07	-1.374303e-06	-6.031247e-09	-9.999945e+00	-3.594606e+02
8.000000e-07	-1.269642e-06	-5.769029e-09	-9.238387e+00	-3.443041e+02
8.100000e-07	-1.164618e-06	-5.511628e-09	-8.474198e+00	-3.286130e+02
8.200000e-07	-1.059351e-06	-5.248083e-09	-7.708232e+00	-3.123609e+02
8.300000e-07	-9.538730e-07	-4.961487e-09	-6.940736e+00	-2.955174e+02
8.400000e-07	-8.481951e-07	-4.656023e-09	-6.171785e+00	-2.780476e+02
8.500000e-07	-7.423472e-07	-4.349586e-09	-5.401595e+00	-2.599117e+02
8.600000e-07	-6.363822e-07	-4.038049e-09	-4.630554e+00	-2.410650e+02
8.700000e-07	-5.302561e-07	-3.704750e-09	-3.858342e+00	-2.214589e+02
8.800000e-07	-4.239418e-07	-3.352729e-09	-3.084759e+00	-2.010432e+02
8.900000e-07	-3.175107e-07	-2.994587e-09	-2.310326e+00	-1.797700e+02
9.000000e-07	-2.109998e-07	-2.628968e-09	-1.535314e+00	-1.575998e+02
9.100000e-07	-1.045049e-07	-2.240432e-09	-7.604165e-01	-1.345085e+02
9.200000e-07	1.940395e-09	-1.828295e-09	1.411904e-02	-1.104951e+02
9.300000e-07	1.083658e-07	-1.404970e-09	7.885100e-01	-8.558825e+01
9.400000e-07	2.148001e-07	-9.732752e-10	1.562966e+00	-5.985138e+01
9.500000e-07	3.212511e-07	-5.259138e-10	2.337543e+00	-3.338394e+01
9.600000e-07	4.275960e-07	-6.453199e-11	3.111348e+00	-6.319423e+00
9.700000e-07	5.337724e-07	3.979781e-10	3.883928e+00	2.118046e+01
9.800000e-07	6.398554e-07	8.592713e-10	4.655827e+00	4.893464e+01
9.900000e-07	7.458215e-07	1.326883e-09	5.426876e+00	7.675325e+01
1.000000e-06	8.515944e-07	1.796313e-09	6.196519e+00	1.044486e+02
1.010000e-06	9.571756e-07	2.255999e-09	6.964768e+00	1.318448e+02
1.020000e-06	1.062539e-06	2.703468e-09	7.731430e+00	1.587857e+02
1.030000e-06	1.167672e-06	3.144185e-09	8.496419e+00	1.851393e+02
1.040000e-06	1.272532e-06	3.578200e-09	9.259421e+00	2.107996e+02
1.050000e-06	1.377008e-06	3.997951e-09	1.001963e+01	2.356866e+02
1.060000e-06	1.481073e-06	4.400644e-09	1.077684e+01	2.597429e+02
1.070000e-06	1.584744e-06	4.790249e-09	1.153119e+01	2.829315e+02
1.080000e-06	1.688032e-06	5.166451e-09	1.228275e+01	3.052314e+02
1.090000e-06	1.790852e-06	5.523165e-09	1.303091e+01	3.266347e+02
1.100000e-06	1.893151e-06	5.860567e-09	1.377527e+01	3.471441e+02
1.110000e-06	1.994930e-06	6.186770e-09	1.451585e+01	3.667702e+02
1.120000e-06	2.096156e-06	6.502962e-09	1.525242e+01	3.855308e+02
1.130000e-06	2.196912e-06	6.804109e-09	1.598555e+01	4.034491e+02
1.140000e-06	2.297089e-06	7.089174e-09	1.671448e+01	4.205529e+02
1.150000e-06	2.396417e-06	7.363479e-09	1.743723e+01	4.368736e+02
1.160000e-06	2.494876e-06	7.628735e-09	1.815365e+01	4.524454e+02
1.170000e-06	2.592537e-06	7.879148e-09	1.886427e+01	4.673041e+02
1.180000e-06	2.689323e-06	8.114932e-09	1.956852e+01	4.814866e+02
1.190000e-06	2.785221e-06	8.341339e-09	2.026631e+01	4.950295e+02
1.200000e-06	2.880310e-06	8.559599e-09	2.095821e+01	5.079681e+02
1.210000e-06	2.974595e-06	8.765683e-09	2.164427e+01	5.203362e+02
1.220000e-06	3.068116e-06	8.960107e-09	2.232476e+01	5.321644e+02
1.230000e-06	3.160889e-06	9.150386e-09	2.299981e+01	5.434803e+02
1.240000e-06	3.252725e-06	9.337545e-09	2.366804e+01	5.543085e+02
1.250000e-06	3.343496e-06	9.515099e-09	2.432852e+01	5.646706e+02
1.260000e-06	3.433239e-06	9.679766e-09	2.498153e+01	5.745862e+02
1.270000e-06	3.521912e-06	9.836148e-09	2.562675e+01	5.840739e+02
1.280000e-06	3.609562e-06	9.987984e-09	2.626452e+01	5.931523e+02
1.290000e-06	3.696270e-06	1.013249e-08	2.689544e+01	6.018409e+02
1.300000e-06	3.782062e-06	1.027046e-08	2.751969e+01	6.101602e+02
1.310000e-06	3.866940e-06	1.040281e-08	2.813730e+01	6.181319e+02
1.320000e-06	3.950847e-06	1.053234e-08	2.874784e+01	6.257774e+02
1.330000e-06	4.033721e-06	1.065676e-08	2.935086e+01	6.331175e+02
1.340000e-06	4.115475e-06	1.077354e-08	2.994574e+01	6.401708e+02
1.350000e-06	4.195983e-06	1.088683e-08	3.053154e+01	6.469534e+02
1.360000e-06	4.275278e-06	1.099840e-08	3.110852e+01	6.534783e+02
1.370000e-06	4.353466e-06	1.110578e-08	3.167745e+01	6.597560e+02
1.380000e-06	4.430503e-06	1.120738e-08	3.223800e+01	6.657954e+02
1.390000e-06	4.506189e-06	1.130370e-08	3.278871e+01	6.716048e+02
1.400000e-06	4.580382e-06	1.139761e-08	3.332857e+01	6.771930e+02
1.410000e-06	4.653122e-06	1.148717e-08	3.385786e+01	6.825696e+02
1.420000e-06	4.724528e-06	1.157091e-08	3.437743e+01	6.877454e+02
1.430000e-06	4.794701e-06	1.165341e-08	3.488804e+01	6.927314e+02
1.440000e-06	4.863602e-06	1.173438e-08	3.538938e+01	6.975382e+02
1.450000e-06	4.931134e-06	1.181353e-08	3.588077e+01	7.021753e+02
1.460000e-06	4.997206e-06	1.188997e-08	3.636154e+01	7.066500e+02
1.470000e-06	5.061794e-06	1.196243e-08	3.683151e+01	7.109678e+02
1.480000e-06	5.124953e-06	1.203148e-08	3.729108e+01	7.151324e+02
1.490000e-06	5.186744e-06	1.209885e-08	3.774069e+01	7.191463e+02
1.500000e-06	5.247201e-06	1.216473e-08	3.818060e+01	7.230119e+02
1.510000e-06	5.306176e-06	1.222770e-08	3.860972e+01	7.267314e+02
1.520000e-06	5.363483e-06	1.228832e-08	3.902671e+01	7.303077e+02
1.530000e-06	5.419202e-06	1.234661e-08	3.943214e+01	7.337434e+02
1.540000e-06	5.473376e-06	1.240130e-08	3.982633e+01	7.370408e+02
1.550000e-06	5.525835e-06	1.245372e-08	4.020804e+01	7.402017e+02
1.560000e-06	5.576288e-06	1.250471e-08	4.057516e+01	7.432269e+02
1.570000e-06	5.624788e-06	1.255501e-08	4.092806e+01	7.461166e+02
1.580000e-06	5.671613e-06	1.260338e-08	4.126877e+01	7.488715e+02
1.590000e-06	5.716901e-06	1.264773e-08	4.159831e+01	7.514930e+02
1.600000e-06	5.760690e-06	1.268873e-08	4.191693e+01	7.539846e+02
1.610000e-06	5.802728e-06	1.272619e-08	4.222282e+01	7.563516e+02
1.620000e-06	5.842971e-06	1.275999e-08	4.251564e+01	7.586010e+02
1.630000e-06	5.881637e-06	1.279296e-08	4.279699e+01	7.607403e+02
1.640000e-06	5.918856e-06	1.282731e-08	4.306780e+01	7.627762e+02
1.650000e-06	5.954565e-06	1.286118e-08	4.332764e+01	7.647134e+02
1.660000e-06	5.988479e-06	1.289214e-08	4.357441e+01	7.665541e+02
1.670000e-06	6.020644e-06	1.292007e-08	4.380845e+01	7.682976e+02
1.680000e-06	6.051257e-06	1.294730e-08	4.403121e+01	7.699418e+02
1.690000e-06	6.080381e-06	1.297389e-08	4.424312e+01	7.714840e+02
1.700000e-06	6.107889e-06	1.299777e-08	4.444328e+01	7.729227e+02
1.710000e-06	6.133508e-06	1.301746e-08	4.462970e+01	7.742584e+02
1.720000e-06	6.157304e-06	1.303593e-08	4.480284e+01	7.754934e+02
1.730000e-06	6.179460e-06	1.305520e-08	4.496406e+01	7.766311e+02
1.740000e-06	6.200093e-06	1.307213e-08	4.511419e+01	7.776745e+02
1.750000e-06	6.219097e-06	1.308529e-08	4.525247e+01	7.786247e+02
1.760000e-06	6.236284e-06	1.309704e-08	4.537753e+01	7.794797e+02
1.770000e-06	6.251593e-06	1.310846e-08	4.548893e+01	7.802348e+02
1.780000e-06	6.265071e-06	1.311891e-08	4.558700e+01	7.808839e+02
1.790000e-06	6.276683e-06	1.312671e-08	4.567149e+01	7.814221e+02
1.800000e-06	6.286234e-06	1.313041e-08	4.574099e+01	7.818479e+02
1.810000e-06	6.293893e-06	1.313322e-08	4.579672e+01	7.821654e+02
1.820000e-06	6.299883e-06	1.313744e-08	4.584030e+01	7.823837e+02
1.830000e-06	6.304184e-06	1.313928e-08	4.587160e+01	7.825161e+02
1.840000e-06	6.306596e-06	1.313776e-08	4.588915e+01	7.825755e+02
1.850000e-06	6.307070e-06	1.313658e-08	4.589260e+01	7.825712e+02
1.860000e-06	6.305853e-06	1.313830e-08	4.588375e+01	7.825040e+02
1.870000e-06	6.303098e-06	1.314043e-08	4.586370e+01	7.823652e+02
1.880000e-06	6.298780e-06	1.313545e-08	4.583227e+01	7.821372e+02
1.890000e-06	6.292599e-06	1.312834e-08	4.578730e+01	7.817972e+02
1.900000e-06	6.284641e-06	1.312028e-08	4.572940e+01	7.813236e+02
1.910000e-06	6.275193e-06	1.310811e-08	4.566065e+01	7.807030e+02
1.920000e-06	6.264129e-06	1.308997e-08	4.558014e+01	7.799356e+02
1.930000e-06	6.251162e-06	1.307197e-08	4.548579e+01	7.790377e+02
1.940000e-06	6.236172e-06	1.310894e-08	4.537672e+01	7.780404e+02
1.950000e-06	6.218937e-06	1.311986e-08	4.525131e+01	7.769831e+02
1.960000e-06	6.199137e-06	1.306361e-08	4.510723e+01	7.759050e+02
1.970000e-06	6.177022e-06	1.298886e-08	4.494632e+01	7.748349e+02
1.980000e-06	6.153634e-06	1.289867e-08	4.477614e+01	7.737834e+02
1.990000e-06	6.129707e-06	1.297837e-08	4.460204e+01	7.727382e+02
2.000000e-06	6.104506e-06	1.304533e-08	4.441866e+01	7.716659e+02
2.010000e-06	6.077525e-06	1.290619e-08	4.422234e+01	7.705175e+02
2.020000e-06	6.049264e-06	1.293619e-08	4.401670e+01	7.692395e+02
2.030000e-06	6.019134e-06	1.298413e-08	4.379747e+01	7.677849e+02
2.040000e-06	5.986714e-06	1.289218e-08	4.356157e+01	7.661232e+02
2.050000e-06	5.952919e-06	1.289473e-08	4.331566e+01	7.642466e+02
2.060000e-06	5.917795e-06	1.277618e-08	4.306009e+01	7.621699e+02
2.070000e-06	5.880848e-06	1.271893e-08	4.279125e+01	7.599256e+02
2.080000e-06	5.842096e-06	1.286219e-08	4.250927e+01	7.575547e+02
2.090000e-06	5.801561e-06	1.275295e-08	4.221432e+01	7.550957e+02
2.100000e-06	5.759568e-06	1.262176e-08	4.190877e+01	7.525754e+02
2.110000e-06	5.716144e-06	1.263236e-08	4.159280e+01	7.500033e+02
2.120000e-06	5.670814e-06	1.260022e-08	4.126296e+01	7.473705e+02
2.130000e-06	5.623922e-06	1.256349e-08	4.092176e+01	7.446541e+02
2.140000e-06	5.575583e-06	1.241818e-08	4.057003e+01	7.418244e+02
2.150000e-06	5.525529e-06	1.242119e-08	4.020582e+01	7.388539e+02
2.160000e-06	5.473613e-06	1.248958e-08	3.982805e+01	7.357237e+02
2.170000e-06	5.419616e-06	1.235112e-08	3.943515e+01	7.324280e+02
2.180000e-06	5.363951e-06	1.224325e-08	3.903011e+01	7.289737e+02
2.190000e-06	5.306795e-06	1.217499e-08	3.861422e+01	7.253760e+02
2.200000e-06	5.248124e-06	1.219666e-08	3.818731e+01	7.216526e+02
2.210000e-06	5.187999e-06	1.213038e-08	3.774982e+01	7.178172e+02
2.220000e-06	5.126176e-06	1.196496e-08	3.729997e+01	7.138745e+02
2.230000e-06	5.062730e-06	1.197196e-08	3.683832e+01	7.098189e+02
2.240000e-06	4.997746e-06	1.192909e-08	3.636547e+01	7.056360e+02
2.250000e-06	4.931387e-06	1.182621e-08	3.588261e+01	7.013071e+02
2.260000e-06	4.863834e-06	1.169045e-08	3.539108e+01	6.968145e+02
2.270000e-06	4.794821e-06	1.162072e-08	3.488891e+01	6.921464e+02
2.280000e-06	4.724150e-06	1.163318e-08	3.437468e+01	6.872993e+02
2.290000e-06	4.652020e-06	1.150473e-08	3.384984e+01	6.822783e+02
2.300000e-06	4.578715e-06	1.138573e-08	3.331644e+01	6.770939e+02
2.310000e-06	4.504129e-06	1.130110e-08	3.277373e+01	6.717578e+02
2.320000e-06	4.428102e-06	1.124878e-08	3.222052e+01	6.662783e+02
2.330000e-06	4.350622e-06	1.114617e-08	3.165675e+01	6.606569e+02
2.340000e-06	4.271695e-06	1.098754e-08	3.108245e+01	6.548876e+02
2.350000e-06	4.191585e-06	1.092369e-08	3.049954e+01	6.489579e+02
2.360000e-06	4.110458e-06	1.085373e-08	2.990923e+01	6.428524e+02
2.370000e-06	4.028338e-06	1.074985e-08	2.931170e+01	6.365566e+02
2.380000e-06	3.945260e-06	1.058874e-08	2.870719e+01	6.300600e+02
2.390000e-06	3.861156e-06	1.047137e-08	2.809521e+01	6.233585e+02
2.400000e-06	3.775840e-06	1.040348e-08	2.747443e+01	6.164535e+02
2.410000e-06	3.689260e-06	1.027578e-08	2.684443e+01	6.093495e+02
2.420000e-06	3.601677e-06	1.012668e-08	2.620715e+01	6.020512e+02
2.430000e-06	3.513189e-06	9.997503e-09	2.556328e+01	5.945593e+02
2.440000e-06	3.423829e-06	9.910995e-09	2.491306e+01	5.868689e+02
2.450000e-06	3.333632e-06	9.770837e-09	2.425675e+01	5.789684e+02
2.460000e-06	3.242540e-06	9.591393e-09	2.359393e+01	5.708410e+02
2.470000e-06	3.150488e-06	9.448545e-09	2.292413e+01	5.624675e+02
2.480000e-06	3.057480e-06	9.339355e-09	2.224737e+01	5.538294e+02
2.490000e-06	2.963537e-06	9.207014e-09	2.156381e+01	5.449116e+02
2.500000e-06	2.868578e-06	9.026320e-09	2.087284e+01	5.357039e+02
2.510000e-06	2.772660e-06	8.864374e-09	2.017491e+01	5.262008e+02
2.520000e-06	2.675959e-06	8.722090e-09	1.947128e+01	5.163999e+02
2.530000e-06	2.578616e-06	8.553412e-09	1.876297e+01	5.062995e+02
2.540000e-06	2.480696e-06	8.346748e-09	1.805047e+01	4.958957e+02
2.550000e-06	2.382109e-06	8.159106e-09	1.733311e+01	4.851805e+02
2.560000e-06	2.282730e-06	8.001733e-09	1.661000e+01	4.741414e+02
2.570000e-06	2.182602e-06	7.823531e-09	1.588143e+01	4.627612e+02
2.580000e-06	2.081929e-06	7.607791e-09	1.514889e+01	4.510198e+02
2.590000e-06	1.980721e-06	7.395598e-09	1.441247e+01	4.388956e+02
2.600000e-06	1.878770e-06	7.205949e-09	1.367063e+01	4.263672e+02
2.610000e-06	1.776004e-06	6.995128e-09	1.292287e+01	4.134144e+02
2.620000e-06	1.672632e-06	6.750305e-09	1.217070e+01	4.000185e+02
2.630000e-06	1.568825e-06	6.506653e-09	1.141536e+01	3.861615e+02
2.640000e-06	1.464640e-06	6.283747e-09	1.065727e+01	3.718253e+02
2.650000e-06	1.360127e-06	6.045280e-09	9.896790e+00	3.569906e+02
2.660000e-06	1.255281e-06	5.771430e-09	9.133894e+00	3.416363e+02
2.670000e-06	1.150171e-06	5.494063e-09	8.369072e+00	3.257378e+02
2.680000e-06	1.044782e-06	5.232583e-09	7.602226e+00	3.092675e+02
2.690000e-06	9.391417e-07	4.958948e-09	6.833546e+00	2.921932e+02
2.700000e-06	8.333725e-07	4.651262e-09	6.063930e+00	2.744783e+02
2.710000e-06	7.274456e-07	4.331315e-09	5.293166e+00	2.560811e+02
2.720000e-06	6.213279e-07	4.018454e-09	4.521014e+00	2.369552e+02
2.730000e-06	5.150573e-07	3.692106e-09	3.747749e+00	2.170511e+02
2.740000e-06	4.087282e-07	3.332753e-09	2.974059e+00	1.963188e+02
2.750000e-06	3.023519e-07	2.961106e-09	2.200025e+00	1.747129e+02
2.760000e-06	1.959293e-07	2.593725e-09	1.425655e+00	1.521988e+02
2.770000e-06	8.951835e-08	2.212293e-09	6.513690e-01	1.287601e+02
2.780000e-06	-1.688956e-08	1.798088e-09	-1.228947e-01	1.044063e+02
2.790000e-06	-1.232778e-07	1.364798e-09	-8.970153e-01	7.917854e+01
2.800000e-06	-2.296522e-07	9.326453e-10	-1.671035e+00	5.315387e+01
2.810000e-06	-3.359866e-07	4.921536e-10	-2.444764e+00	2.644493e+01
2.820000e-06	-4.422185e-07	2.701651e-11	-3.217747e+00	-8.033163e-01
2.830000e-06	-5.483569e-07	-4.481535e-10	-3.990050e+00	-2.842076e+01
2.840000e-06	-6.543987e-07	-9.124985e-10	-4.761650e+00	-5.622173e+01
2.850000e-06	-7.603157e-07	-1.373068e-09	-5.532341e+00	-8.401593e+01
2.860000e-06	-8.660452e-07	-1.843031e-09	-6.301669e+00	-1.116190e+02
2.870000e-06	-9.715382e-07	-2.311503e-09	-7.069275e+00	-1.388619e+02
2.880000e-06	-1.076822e-06	-2.759481e-09	-7.835361e+00	-1.655969e+02
2.890000e-06	-1.181883e-06	-3.191036e-09	-8.599822e+00	-1.917017e+02
2.900000e-06	-1.286670e-06	-3.619409e-09	-9.362292e+00	-2.170804e+02
2.910000e-06	-1.391138e-06	-4.039503e-09	-1.012244e+01	-2.416617e+02
2.920000e-06	-1.495263e-06	-4.440396e-09	-1.088009e+01	-2.653963e+02
2.930000e-06	-1.599013e-06	-4.824724e-09	-1.163502e+01	-2.882536e+02
2.940000e-06	-1.702293e-06	-5.201522e-09	-1.238652e+01	-3.102179e+02
2.950000e-06	-1.804940e-06	-5.566481e-09	-1.313341e+01	-3.312854e+02
2.960000e-06	-1.906868e-06	-5.906343e-09	-1.387509e+01	-3.514621e+02
2.970000e-06	-2.008154e-06	-6.226601e-09	-1.461208e+01	-3.707616e+02
2.980000e-06	-2.108831e-06	-6.538199e-09	-1.534464e+01	-3.892036e+02
2.990000e-06	-2.208909e-06	-6.839100e-09	-1.607284e+01	-4.068133e+02
3.000000e-06	-2.308356e-06	-7.121849e-09	-1.679646e+01	-4.236198e+02
3.010000e-06	-2.407079e-06	-7.388031e-09	-1.751480e+01	-4.396558e+02
3.020000e-06	-2.505075e-06	-7.648516e-09	-1.822786e+01	-4.549562e+02
3.030000e-06	-2.602451e-06	-7.901934e-09	-1.893641e+01	-4.695573e+02
3.040000e-06	-2.699195e-06	-8.139767e-09	-1.964035e+01	-4.834959e+02
3.050000e-06	-2.795213e-06	-8.361244e-09	-2.033902e+01	-4.968084e+02
3.060000e-06	-2.890440e-06	-8.575586e-09	-2.103192e+01	-5.095296e+02
3.070000e-06	-2.984723e-06	-8.783110e-09	-2.171796e+01	-5.216920e+02
3.080000e-06	-3.077988e-06	-8.976943e-09	-2.239659e+01	-5.333253e+02
3.090000e-06	-3.170287e-06	-9.160118e-09	-2.306819e+01	-5.444559e+02
3.100000e-06	-3.261585e-06	-9.340073e-09	-2.373251e+01	-5.551071e+02
3.110000e-06	-3.351906e-06	-9.518013e-09	-2.438972e+01	-5.652998e+02
3.120000e-06	-3.441300e-06	-9.685783e-09	-2.504019e+01	-5.750531e+02
3.130000e-06	-3.529749e-06	-9.841914e-09	-2.568377e+01	-5.843853e+02
3.140000e-06	-3.617268e-06	-9.994794e-09	-2.632059e+01	-5.933155e+02
3.150000e-06	-3.703870e-06	-1.014333e-08	-2.695074e+01	-6.018634e+02
3.160000e-06	-3.789417e-06	-1.028109e-08	-2.757321e+01	-6.100501e+02
3.170000e-06	-3.873743e-06	-1.040907e-08	-2.818680e+01	-6.178972e+02
3.180000e-06	-3.956929e-06	-1.053444e-08	-2.879209e+01	-6.254261e+02
3.190000e-06	-4.039101e-06	-1.066072e-08	-2.939001e+01	-6.326569e+02
3.200000e-06	-4.120285e-06	-1.078044e-08	-2.998074e+01	-6.396072e+02
3.210000e-06	-4.200511e-06	-1.089184e-08	-3.056448e+01	-6.462921e+02
3.220000e-06	-4.279638e-06	-1.099974e-08	-3.114024e+01	-6.527234e+02
3.230000e-06	-4.357414e-06	-1.110621e-08	-3.170617e+01	-6.589110e+02
3.240000e-06	-4.433727e-06	-1.120684e-08	-3.226146e+01	-6.648635e+02
3.250000e-06	-4.508634e-06	-1.129961e-08	-3.280650e+01	-6.705891e+02
3.260000e-06	-4.582234e-06	-1.138936e-08	-3.334205e+01	-6.760970e+02
3.270000e-06	-4.654537e-06	-1.147868e-08	-3.386815e+01	-6.813973e+02
3.280000e-06	-4.725571e-06	-1.156807e-08	-3.438502e+01	-6.865009e+02
3.290000e-06	-4.795235e-06	-1.165355e-08	-3.489192e+01	-6.914188e+02
3.300000e-06	-4.863372e-06	-1.173496e-08	-3.538771e+01	-6.961612e+02
3.310000e-06	-4.930108e-06	-1.181475e-08	-3.587331e+01	-7.007369e+02
3.320000e-06	-4.995569e-06	-1.189029e-08	-3.634963e+01	-7.051525e+02
3.330000e-06	-5.059711e-06	-1.195965e-08	-3.681634e+01	-7.094128e+02
3.340000e-06	-5.122439e-06	-1.202387e-08	-3.727278e+01	-7.135208e+02
3.350000e-06	-5.183550e-06	-1.208710e-08	-3.771745e+01	-7.174791e+02
3.360000e-06	-5.243091e-06	-1.215127e-08	-3.815069e+01	-7.212899e+02
3.370000e-06	-5.301197e-06	-1.221388e-08	-3.857349e+01	-7.249557e+02
3.380000e-06	-5.357872e-06	-1.227436e-08	-3.898588e+01	-7.284791e+02
3.390000e-06	-5.412981e-06	-1.233428e-08	-3.938688e+01	-7.318630e+02
3.400000e-06	-5.466211e-06	-1.239103e-08	-3.977420e+01	-7.351094e+02
3.410000e-06	-5.517519e-06	-1.244209e-08	-4.014753e+01	-7.382196e+02
3.420000e-06	-5.567059e-06	-1.248897e-08	-4.050800e+01	-7.411942e+02
3.430000e-06	-5.614777e-06	-1.253637e-08	-4.085521e+01	-7.440335e+02
3.440000e-06	-5.660694e-06	-1.258361e-08	-4.118932e+01	-7.467384e+02
3.450000e-06	-5.705085e-06	-1.262796e-08	-4.151233e+01	-7.493109e+02
3.460000e-06	-5.748073e-06	-1.267004e-08	-4.182513e+01	-7.517553e+02
3.470000e-06	-5.789682e-06	-1.271094e-08	-4.212789e+01	-7.540777e+02
3.480000e-06	-5.829839e-06	-1.274937e-08	-4.242009e+01	-7.562852e+02
3.490000e-06	-5.868379e-06	-1.278523e-08	-4.270052e+01	-7.583852e+02
3.500000e-06	-5.905087e-06	-1.281937e-08	-4.296762e+01	-7.603840e+02
3.510000e-06	-5.940069e-06	-1.285409e-08	-4.322216e+01	-7.622852e+02
3.520000e-06	-5.973552e-06	-1.288932e-08	-4.346580e+01	-7.640899e+02
3.530000e-06	-6.005472e-06	-1.292092e-08	-4.369805e+01	-7.657967e+02
3.540000e-06	-6.035657e-06	-1.294661e-08	-4.391770e+01	-7.674032e+02
3.550000e-06	-6.064032e-06	-1.296726e-08	-4.412417e+01	-7.689069e+02
3.560000e-06	-6.090795e-06	-1.298885e-08	-4.431890e+01	-7.703071e+02
3.570000e-06	-6.115899e-06	-1.301344e-08	-4.450156e+01	-7.716049e+02
3.580000e-06	-6.139318e-06	-1.303758e-08	-4.467197e+01	-7.728033e+02
3.590000e-06	-6.161003e-06	-1.306045e-08	-4.482976e+01	-7.739056e+02
3.600000e-06	-6.180822e-06	-1.308231e-08	-4.497397e+01	-7.749144e+02
3.610000e-06	-6.198971e-06	-1.310281e-08	-4.510603e+01	-7.758296e+02
3.620000e-06	-6.215579e-06	-1.311685e-08	-4.522687e+01	-7.766480e+02
3.630000e-06	-6.230458e-06	-1.312446e-08	-4.533514e+01	-7.773643e+02
3.640000e-06	-6.243245e-06	-1.313203e-08	-4.542819e+01	-7.779725e+02
3.650000e-06	-6.254005e-06	-1.314075e-08	-4.550648e+01	-7.784687e+02
3.660000e-06	-6.263006e-06	-1.314970e-08	-4.557197e+01	-7.788534e+02
3.670000e-06	-6.270340e-06	-1.315805e-08	-4.562534e+01	-7.791326e+02
3.680000e-06	-6.275815e-06	-1.316532e-08	-4.566518e+01	-7.793174e+02
3.690000e-06	-6.279405e-06	-1.316992e-08	-4.569130e+01	-7.794213e+02
3.700000e-06	-6.281312e-06	-1.317179e-08	-4.570517e+01	-7.794564e+02
3.710000e-06	-6.281557e-06	-1.317059e-08	-4.570696e+01	-7.794291e+02
