# Temperatura_=_20.0
# Concentracion g/m^3_=_12000.0
# C_Vs_to_Am_M_A/Vsm_=_59384043850.047264
# pendiente_HvsI_1/m_=_3716.3
# ordenada_HvsI_A/m_=_1297.0
# frecuencia_Hz_=_269359.42321948416

Tiempo_(s)	Campo_(V.s)	Magnetizacion_(V.s)	Campo_(kA/m)	Magnetizacion_(A/m)
0.000000e+00	-6.242470e-06	-1.310973e-08	-4.569927e+01	-7.761037e+02
1.000000e-08	-6.240465e-06	-1.310654e-08	-4.568460e+01	-7.759592e+02
2.000000e-08	-6.236575e-06	-1.309894e-08	-4.565612e+01	-7.757445e+02
3.000000e-08	-6.231102e-06	-1.308904e-08	-4.561605e+01	-7.754425e+02
4.000000e-08	-6.224134e-06	-1.308024e-08	-4.556504e+01	-7.750305e+02
5.000000e-08	-6.215599e-06	-1.307299e-08	-4.550256e+01	-7.744876e+02
6.000000e-08	-6.205202e-06	-1.306405e-08	-4.542645e+01	-7.738021e+02
7.000000e-08	-6.192905e-06	-1.304967e-08	-4.533642e+01	-7.729774e+02
8.000000e-08	-6.178736e-06	-1.303396e-08	-4.523270e+01	-7.720330e+02
9.000000e-08	-6.162278e-06	-1.300812e-08	-4.511222e+01	-7.710021e+02
1.000000e-07	-6.143508e-06	-1.297309e-08	-4.497481e+01	-7.699240e+02
1.100000e-07	-6.122881e-06	-1.296120e-08	-4.482380e+01	-7.688347e+02
1.200000e-07	-6.100702e-06	-1.296971e-08	-4.466144e+01	-7.677565e+02
1.300000e-07	-6.077221e-06	-1.296247e-08	-4.448954e+01	-7.666913e+02
1.400000e-07	-6.052486e-06	-1.293636e-08	-4.430846e+01	-7.656183e+02
1.500000e-07	-6.026048e-06	-1.288272e-08	-4.411492e+01	-7.644972e+02
1.600000e-07	-5.998008e-06	-1.284984e-08	-4.390964e+01	-7.632770e+02
1.700000e-07	-5.968628e-06	-1.285051e-08	-4.369456e+01	-7.619065e+02
1.800000e-07	-5.937655e-06	-1.280669e-08	-4.346781e+01	-7.603461e+02
1.900000e-07	-5.905213e-06	-1.275718e-08	-4.323032e+01	-7.585756e+02
2.000000e-07	-5.871209e-06	-1.274055e-08	-4.298138e+01	-7.565982e+02
2.100000e-07	-5.835383e-06	-1.272127e-08	-4.271912e+01	-7.544374e+02
2.200000e-07	-5.797935e-06	-1.267927e-08	-4.244497e+01	-7.521301e+02
2.300000e-07	-5.758959e-06	-1.259764e-08	-4.215964e+01	-7.497161e+02
2.400000e-07	-5.718300e-06	-1.254917e-08	-4.186198e+01	-7.472281e+02
2.500000e-07	-5.675806e-06	-1.256676e-08	-4.155089e+01	-7.446841e+02
2.600000e-07	-5.631492e-06	-1.253083e-08	-4.122649e+01	-7.420842e+02
2.700000e-07	-5.585583e-06	-1.244310e-08	-4.089040e+01	-7.394125e+02
2.800000e-07	-5.538109e-06	-1.239486e-08	-4.054286e+01	-7.366428e+02
2.900000e-07	-5.488740e-06	-1.237330e-08	-4.018144e+01	-7.337472e+02
3.000000e-07	-5.437347e-06	-1.230025e-08	-3.980521e+01	-7.307031e+02
3.100000e-07	-5.384087e-06	-1.220692e-08	-3.941531e+01	-7.274983e+02
3.200000e-07	-5.329229e-06	-1.217904e-08	-3.901371e+01	-7.241331e+02
3.300000e-07	-5.272870e-06	-1.216241e-08	-3.860112e+01	-7.206167e+02
3.400000e-07	-5.214931e-06	-1.209649e-08	-3.817697e+01	-7.169632e+02
3.500000e-07	-5.155398e-06	-1.199961e-08	-3.774114e+01	-7.131848e+02
3.600000e-07	-5.094313e-06	-1.192010e-08	-3.729396e+01	-7.092876e+02
3.700000e-07	-5.031783e-06	-1.187276e-08	-3.683620e+01	-7.052687e+02
3.800000e-07	-4.967856e-06	-1.180130e-08	-3.636820e+01	-7.011181e+02
3.900000e-07	-4.902445e-06	-1.171034e-08	-3.588935e+01	-6.968213e+02
4.000000e-07	-4.835449e-06	-1.165032e-08	-3.539889e+01	-6.923650e+02
4.100000e-07	-4.766983e-06	-1.160714e-08	-3.489767e+01	-6.877410e+02
4.200000e-07	-4.697241e-06	-1.152278e-08	-3.438711e+01	-6.829488e+02
4.300000e-07	-4.626300e-06	-1.139597e-08	-3.386777e+01	-6.779953e+02
4.400000e-07	-4.554107e-06	-1.130341e-08	-3.333927e+01	-6.728923e+02
4.500000e-07	-4.480512e-06	-1.124444e-08	-3.280050e+01	-6.676512e+02
4.600000e-07	-4.405397e-06	-1.116101e-08	-3.225061e+01	-6.622792e+02
4.700000e-07	-4.328909e-06	-1.105560e-08	-3.169066e+01	-6.567755e+02
4.800000e-07	-4.251155e-06	-1.096643e-08	-3.112145e+01	-6.511307e+02
4.900000e-07	-4.172076e-06	-1.088941e-08	-3.054253e+01	-6.453290e+02
5.000000e-07	-4.091619e-06	-1.077739e-08	-2.995353e+01	-6.393517e+02
5.100000e-07	-4.009890e-06	-1.064121e-08	-2.935522e+01	-6.331824e+02
5.200000e-07	-3.927142e-06	-1.052799e-08	-2.874944e+01	-6.268106e+02
5.300000e-07	-3.843442e-06	-1.044394e-08	-2.813670e+01	-6.202338e+02
5.400000e-07	-3.758887e-06	-1.034707e-08	-2.751770e+01	-6.134563e+02
5.500000e-07	-3.673505e-06	-1.021405e-08	-2.689264e+01	-6.064867e+02
5.600000e-07	-3.587212e-06	-1.008528e-08	-2.626092e+01	-5.993326e+02
5.700000e-07	-3.499943e-06	-9.976566e-09	-2.562205e+01	-5.919970e+02
5.800000e-07	-3.411718e-06	-9.852632e-09	-2.497618e+01	-5.844747e+02
5.900000e-07	-3.322678e-06	-9.699443e-09	-2.432434e+01	-5.767520e+02
6.000000e-07	-3.232649e-06	-9.556443e-09	-2.366526e+01	-5.688084e+02
6.100000e-07	-3.141464e-06	-9.440480e-09	-2.299773e+01	-5.606205e+02
6.200000e-07	-3.049280e-06	-9.308583e-09	-2.232288e+01	-5.521664e+02
6.300000e-07	-2.956233e-06	-9.142745e-09	-2.164170e+01	-5.434291e+02
6.400000e-07	-2.862424e-06	-8.978852e-09	-2.095496e+01	-5.343989e+02
6.500000e-07	-2.767821e-06	-8.836394e-09	-2.026240e+01	-5.250726e+02
6.600000e-07	-2.672388e-06	-8.681566e-09	-1.956376e+01	-5.154514e+02
6.700000e-07	-2.576147e-06	-8.496518e-09	-1.885921e+01	-5.055366e+02
6.800000e-07	-2.479145e-06	-8.314710e-09	-1.814909e+01	-4.953267e+02
6.900000e-07	-2.381325e-06	-8.154274e-09	-1.743297e+01	-4.848143e+02
7.000000e-07	-2.282588e-06	-7.981811e-09	-1.671015e+01	-4.739853e+02
7.100000e-07	-2.183067e-06	-7.777875e-09	-1.598159e+01	-4.628204e+02
7.200000e-07	-2.082900e-06	-7.570240e-09	-1.524830e+01	-4.512974e+02
7.300000e-07	-1.982107e-06	-7.380121e-09	-1.451042e+01	-4.393940e+02
7.400000e-07	-1.880806e-06	-7.182706e-09	-1.376883e+01	-4.270906e+02
7.500000e-07	-1.779100e-06	-6.957851e-09	-1.302426e+01	-4.143708e+02
7.600000e-07	-1.676862e-06	-6.728017e-09	-1.227581e+01	-4.012206e+02
7.700000e-07	-1.574073e-06	-6.509906e-09	-1.152332e+01	-3.876271e+02
7.800000e-07	-1.470842e-06	-6.281364e-09	-1.076760e+01	-3.735752e+02
7.900000e-07	-1.367264e-06	-6.023779e-09	-1.000934e+01	-3.590456e+02
8.000000e-07	-1.263327e-06	-5.758638e-09	-9.248440e+00	-3.440134e+02
8.100000e-07	-1.159054e-06	-5.503800e-09	-8.485091e+00	-3.284485e+02
8.200000e-07	-1.054499e-06	-5.241422e-09	-7.719678e+00	-3.123164e+02
8.300000e-07	-9.496755e-07	-4.952588e-09	-6.952293e+00	-2.955807e+02
8.400000e-07	-8.446388e-07	-4.650888e-09	-6.183351e+00	-2.782041e+02
8.500000e-07	-7.394358e-07	-4.352956e-09	-5.413191e+00	-2.601502e+02
8.600000e-07	-6.340968e-07	-4.045614e-09	-4.642035e+00	-2.413826e+02
8.700000e-07	-5.286025e-07	-3.709601e-09	-3.869743e+00	-2.218651e+02
8.800000e-07	-4.229922e-07	-3.355519e-09	-3.096601e+00	-2.015603e+02
8.900000e-07	-3.172860e-07	-3.002547e-09	-2.322757e+00	-1.804314e+02
9.000000e-07	-2.115180e-07	-2.640943e-09	-1.548461e+00	-1.584445e+02
9.100000e-07	-1.056813e-07	-2.252088e-09	-7.736615e-01	-1.355740e+02
9.200000e-07	1.984928e-10	-1.842615e-09	1.453107e-03	-1.118107e+02
9.300000e-07	1.060489e-07	-1.428349e-09	7.763525e-01	-8.716974e+01
9.400000e-07	2.118676e-07	-1.004470e-09	1.551020e+00	-6.169891e+01
9.500000e-07	3.176079e-07	-5.599200e-10	2.325113e+00	-3.548346e+01
9.600000e-07	4.232493e-07	-1.026109e-10	3.098483e+00	-8.647266e+00
9.700000e-07	5.287878e-07	3.515915e-10	3.871099e+00	1.865130e+01
9.800000e-07	6.341804e-07	8.060050e-10	4.642647e+00	4.622812e+01
9.900000e-07	7.393980e-07	1.271277e-09	5.412914e+00	7.388572e+01
1.000000e-06	8.444974e-07	1.740262e-09	6.182316e+00	1.014272e+02
1.010000e-06	9.494557e-07	2.198069e-09	6.950684e+00	1.286694e+02
1.020000e-06	1.054184e-06	2.644367e-09	7.717370e+00	1.554531e+02
1.030000e-06	1.158642e-06	3.085398e-09	8.482074e+00	1.816491e+02
1.040000e-06	1.262825e-06	3.517072e-09	9.244770e+00	2.071598e+02
1.050000e-06	1.366665e-06	3.930755e-09	1.000495e+01	2.319159e+02
1.060000e-06	1.470072e-06	4.326974e-09	1.076197e+01	2.558711e+02
1.070000e-06	1.573062e-06	4.714460e-09	1.151592e+01	2.789957e+02
1.080000e-06	1.675630e-06	5.090753e-09	1.226680e+01	3.012702e+02
1.090000e-06	1.777792e-06	5.448966e-09	1.301469e+01	3.226816e+02
1.100000e-06	1.879527e-06	5.788936e-09	1.375946e+01	3.432218e+02
1.110000e-06	1.980747e-06	6.117616e-09	1.450046e+01	3.628881e+02
1.120000e-06	2.081460e-06	6.436337e-09	1.523775e+01	3.816853e+02
1.130000e-06	2.181650e-06	6.737576e-09	1.597121e+01	3.996274e+02
1.140000e-06	2.281176e-06	7.020749e-09	1.669981e+01	4.167388e+02
1.150000e-06	2.379836e-06	7.291697e-09	1.742208e+01	4.330540e+02
1.160000e-06	2.477670e-06	7.554393e-09	1.813829e+01	4.486147e+02
1.170000e-06	2.574736e-06	7.804056e-09	1.884888e+01	4.634667e+02
1.180000e-06	2.670915e-06	8.039524e-09	1.955298e+01	4.776551e+02
1.190000e-06	2.766234e-06	8.266245e-09	2.025078e+01	4.912209e+02
1.200000e-06	2.860783e-06	8.486824e-09	2.094294e+01	5.041985e+02
1.210000e-06	2.954578e-06	8.696931e-09	2.162959e+01	5.166151e+02
1.220000e-06	3.047597e-06	8.895721e-09	2.231055e+01	5.284921e+02
1.230000e-06	3.139779e-06	9.087111e-09	2.298540e+01	5.398471e+02
1.240000e-06	3.231002e-06	9.272883e-09	2.365321e+01	5.506977e+02
1.250000e-06	3.321188e-06	9.448306e-09	2.431344e+01	5.610636e+02
1.260000e-06	3.410328e-06	9.611551e-09	2.496600e+01	5.709686e+02
1.270000e-06	3.498492e-06	9.767266e-09	2.561143e+01	5.804399e+02
1.280000e-06	3.585696e-06	9.918894e-09	2.624982e+01	5.895076e+02
1.290000e-06	3.671910e-06	1.006522e-08	2.688097e+01	5.982015e+02
1.300000e-06	3.757201e-06	1.020613e-08	2.750536e+01	6.065486e+02
1.310000e-06	3.841627e-06	1.034412e-08	2.812342e+01	6.145712e+02
1.320000e-06	3.925029e-06	1.047824e-08	2.873398e+01	6.222852e+02
1.330000e-06	4.007323e-06	1.060454e-08	2.933642e+01	6.297015e+02
1.340000e-06	4.088548e-06	1.071971e-08	2.993105e+01	6.368269e+02
1.350000e-06	4.168598e-06	1.083073e-08	3.051707e+01	6.436671e+02
1.360000e-06	4.247499e-06	1.094076e-08	3.109469e+01	6.502288e+02
1.370000e-06	4.325257e-06	1.104742e-08	3.166393e+01	6.565226e+02
1.380000e-06	4.401812e-06	1.115008e-08	3.222437e+01	6.625626e+02
1.390000e-06	4.477009e-06	1.124843e-08	3.277486e+01	6.683664e+02
1.400000e-06	4.550740e-06	1.134382e-08	3.331462e+01	6.739532e+02
1.410000e-06	4.623099e-06	1.143611e-08	3.384434e+01	6.793408e+02
1.420000e-06	4.694160e-06	1.152396e-08	3.436456e+01	6.845438e+02
1.430000e-06	4.763960e-06	1.160872e-08	3.487554e+01	6.895717e+02
1.440000e-06	4.832526e-06	1.169139e-08	3.537749e+01	6.944285e+02
1.450000e-06	4.899768e-06	1.177121e-08	3.586975e+01	6.991144e+02
1.460000e-06	4.965462e-06	1.184694e-08	3.635068e+01	7.036276e+02
1.470000e-06	5.029653e-06	1.191831e-08	3.682060e+01	7.079669e+02
1.480000e-06	5.092469e-06	1.198668e-08	3.728046e+01	7.121340e+02
1.490000e-06	5.153963e-06	1.205385e-08	3.773064e+01	7.161347e+02
1.500000e-06	5.214170e-06	1.212040e-08	3.817140e+01	7.199779e+02
1.510000e-06	5.272841e-06	1.218649e-08	3.860091e+01	7.236747e+02
1.520000e-06	5.329811e-06	1.225190e-08	3.901797e+01	7.272353e+02
1.530000e-06	5.385168e-06	1.231227e-08	3.942322e+01	7.306663e+02
1.540000e-06	5.438933e-06	1.236498e-08	3.981682e+01	7.339697e+02
1.550000e-06	5.490953e-06	1.241405e-08	4.019764e+01	7.371420e+02
1.560000e-06	5.541052e-06	1.246149e-08	4.056440e+01	7.401760e+02
1.570000e-06	5.589286e-06	1.250791e-08	4.091751e+01	7.430637e+02
1.580000e-06	5.635871e-06	1.255446e-08	4.125855e+01	7.457994e+02
1.590000e-06	5.680991e-06	1.260148e-08	4.158886e+01	7.483830e+02
1.600000e-06	5.724560e-06	1.264699e-08	4.190781e+01	7.508209e+02
1.610000e-06	5.766323e-06	1.268720e-08	4.221354e+01	7.531260e+02
1.620000e-06	5.806381e-06	1.272216e-08	4.250680e+01	7.553154e+02
1.630000e-06	5.844944e-06	1.275431e-08	4.278911e+01	7.574065e+02
1.640000e-06	5.882017e-06	1.278695e-08	4.306050e+01	7.594129e+02
1.650000e-06	5.917527e-06	1.281798e-08	4.332046e+01	7.613418e+02
1.660000e-06	5.951287e-06	1.284497e-08	4.356761e+01	7.631924e+02
1.670000e-06	5.983327e-06	1.287205e-08	4.380217e+01	7.649573e+02
1.680000e-06	6.013792e-06	1.289999e-08	4.402519e+01	7.666248e+02
1.690000e-06	6.042772e-06	1.292652e-08	4.423735e+01	7.681837e+02
1.700000e-06	6.070127e-06	1.295099e-08	4.443760e+01	7.696263e+02
1.710000e-06	6.095606e-06	1.297220e-08	4.462413e+01	7.709518e+02
1.720000e-06	6.119324e-06	1.299171e-08	4.479776e+01	7.721659e+02
1.730000e-06	6.141450e-06	1.300861e-08	4.495974e+01	7.732792e+02
1.740000e-06	6.162023e-06	1.302313e-08	4.511034e+01	7.743034e+02
1.750000e-06	6.180884e-06	1.303725e-08	4.524842e+01	7.752474e+02
1.760000e-06	6.197892e-06	1.304911e-08	4.537293e+01	7.761141e+02
1.770000e-06	6.213160e-06	1.306018e-08	4.548471e+01	7.768988e+02
1.780000e-06	6.226697e-06	1.306896e-08	4.558380e+01	7.775910e+02
1.790000e-06	6.238296e-06	1.307645e-08	4.566872e+01	7.781774e+02
1.800000e-06	6.247853e-06	1.308244e-08	4.573869e+01	7.786469e+02
1.810000e-06	6.255537e-06	1.308707e-08	4.579494e+01	7.789946e+02
1.820000e-06	6.261531e-06	1.309173e-08	4.583882e+01	7.792240e+02
1.830000e-06	6.265873e-06	1.309513e-08	4.587061e+01	7.793467e+02
1.840000e-06	6.268344e-06	1.309726e-08	4.588869e+01	7.793793e+02
1.850000e-06	6.268878e-06	1.309663e-08	4.589260e+01	7.793378e+02
1.860000e-06	6.267739e-06	1.309311e-08	4.588426e+01	7.792322e+02
1.870000e-06	6.265049e-06	1.308941e-08	4.586457e+01	7.790624e+02
1.880000e-06	6.260722e-06	1.308474e-08	4.583289e+01	7.788171e+02
1.890000e-06	6.254573e-06	1.307894e-08	4.578788e+01	7.784761e+02
1.900000e-06	6.246650e-06	1.307166e-08	4.572988e+01	7.780166e+02
1.910000e-06	6.237171e-06	1.306274e-08	4.566049e+01	7.774205e+02
1.920000e-06	6.226131e-06	1.305615e-08	4.557966e+01	7.766811e+02
1.930000e-06	6.213288e-06	1.304471e-08	4.548564e+01	7.758079e+02
1.940000e-06	6.198423e-06	1.304392e-08	4.537682e+01	7.748263e+02
1.950000e-06	6.181287e-06	1.304567e-08	4.525137e+01	7.737726e+02
1.960000e-06	6.161683e-06	1.301081e-08	4.510786e+01	7.726863e+02
1.970000e-06	6.139800e-06	1.295928e-08	4.494766e+01	7.715990e+02
1.980000e-06	6.116568e-06	1.291365e-08	4.477759e+01	7.705263e+02
1.990000e-06	6.092752e-06	1.291415e-08	4.460323e+01	7.694613e+02
2.000000e-06	6.067680e-06	1.296197e-08	4.441969e+01	7.683754e+02
2.010000e-06	6.040883e-06	1.292534e-08	4.422352e+01	7.672230e+02
2.020000e-06	6.012844e-06	1.287724e-08	4.401825e+01	7.659516e+02
2.030000e-06	5.983073e-06	1.290368e-08	4.380031e+01	7.645132e+02
2.040000e-06	5.951047e-06	1.287265e-08	4.356586e+01	7.628747e+02
2.050000e-06	5.917470e-06	1.280818e-08	4.332005e+01	7.610246e+02
2.060000e-06	5.882539e-06	1.274991e-08	4.306433e+01	7.589743e+02
2.070000e-06	5.845946e-06	1.272530e-08	4.279644e+01	7.567534e+02
2.080000e-06	5.807562e-06	1.277238e-08	4.251545e+01	7.544012e+02
2.090000e-06	5.767326e-06	1.269399e-08	4.222088e+01	7.519559e+02
2.100000e-06	5.725593e-06	1.256198e-08	4.191537e+01	7.494453e+02
2.110000e-06	5.682460e-06	1.258573e-08	4.159961e+01	7.468809e+02
2.120000e-06	5.637576e-06	1.257097e-08	4.127103e+01	7.442562e+02
2.130000e-06	5.591096e-06	1.247174e-08	4.093076e+01	7.415506e+02
2.140000e-06	5.543076e-06	1.240519e-08	4.057922e+01	7.387365e+02
2.150000e-06	5.493349e-06	1.241581e-08	4.021518e+01	7.357869e+02
2.160000e-06	5.441808e-06	1.241343e-08	3.983787e+01	7.326828e+02
2.170000e-06	5.388223e-06	1.227518e-08	3.944558e+01	7.294169e+02
2.180000e-06	5.332890e-06	1.217686e-08	3.904051e+01	7.259930e+02
2.190000e-06	5.276015e-06	1.216281e-08	3.862415e+01	7.224232e+02
2.200000e-06	5.217628e-06	1.213754e-08	3.819671e+01	7.187212e+02
2.210000e-06	5.157875e-06	1.206110e-08	3.775928e+01	7.148976e+02
2.220000e-06	5.096536e-06	1.195091e-08	3.731024e+01	7.109551e+02
2.230000e-06	5.033540e-06	1.193741e-08	3.684906e+01	7.068879e+02
2.240000e-06	4.968969e-06	1.189155e-08	3.637635e+01	7.026838e+02
2.250000e-06	4.903046e-06	1.174742e-08	3.589375e+01	6.983282e+02
2.260000e-06	4.835911e-06	1.163644e-08	3.540228e+01	6.938091e+02
2.270000e-06	4.767292e-06	1.159705e-08	3.489993e+01	6.891212e+02
2.280000e-06	4.697054e-06	1.157561e-08	3.438575e+01	6.842669e+02
2.290000e-06	4.625352e-06	1.144898e-08	3.386083e+01	6.792555e+02
2.300000e-06	4.552466e-06	1.132576e-08	3.332726e+01	6.740991e+02
2.310000e-06	4.478373e-06	1.126971e-08	3.278485e+01	6.688080e+02
2.320000e-06	4.402916e-06	1.119764e-08	3.223245e+01	6.633868e+02
2.330000e-06	4.326043e-06	1.107645e-08	3.166968e+01	6.578312e+02
2.340000e-06	4.247700e-06	1.094098e-08	3.109615e+01	6.521293e+02
2.350000e-06	4.168087e-06	1.088729e-08	3.051333e+01	6.462634e+02
2.360000e-06	4.087391e-06	1.082124e-08	2.992258e+01	6.402154e+02
2.370000e-06	4.005705e-06	1.068699e-08	2.932458e+01	6.339706e+02
2.380000e-06	3.923092e-06	1.053504e-08	2.871979e+01	6.275214e+02
2.390000e-06	3.839494e-06	1.043106e-08	2.810780e+01	6.208681e+02
2.400000e-06	3.754778e-06	1.035842e-08	2.748762e+01	6.140170e+02
2.410000e-06	3.668873e-06	1.022076e-08	2.685873e+01	6.069771e+02
2.420000e-06	3.581896e-06	1.007163e-08	2.622200e+01	5.997546e+02
2.430000e-06	3.493928e-06	9.965447e-09	2.557801e+01	5.923496e+02
2.440000e-06	3.405048e-06	9.875587e-09	2.492735e+01	5.847538e+02
2.450000e-06	3.315318e-06	9.726058e-09	2.427046e+01	5.769504e+02
2.460000e-06	3.224775e-06	9.544615e-09	2.360762e+01	5.689176e+02
2.470000e-06	3.133355e-06	9.416679e-09	2.293837e+01	5.606318e+02
2.480000e-06	3.040973e-06	9.309035e-09	2.226206e+01	5.520726e+02
2.490000e-06	2.947682e-06	9.157188e-09	2.157910e+01	5.432258e+02
2.500000e-06	2.853473e-06	8.972720e-09	2.088943e+01	5.340843e+02
2.510000e-06	2.758255e-06	8.825518e-09	2.019237e+01	5.246467e+02
2.520000e-06	2.662108e-06	8.695391e-09	1.948851e+01	5.149149e+02
2.530000e-06	2.565317e-06	8.520308e-09	1.877993e+01	5.048895e+02
2.540000e-06	2.467928e-06	8.315092e-09	1.806697e+01	4.945669e+02
2.550000e-06	2.369785e-06	8.140537e-09	1.734849e+01	4.839373e+02
2.560000e-06	2.270955e-06	7.987912e-09	1.662499e+01	4.729844e+02
2.570000e-06	2.171496e-06	7.795751e-09	1.589688e+01	4.616875e+02
2.580000e-06	2.071415e-06	7.570417e-09	1.516422e+01	4.500239e+02
2.590000e-06	1.970775e-06	7.367904e-09	1.442746e+01	4.379723e+02
2.600000e-06	1.869505e-06	7.188037e-09	1.368609e+01	4.255141e+02
2.610000e-06	1.767534e-06	6.975053e-09	1.293959e+01	4.126339e+02
2.620000e-06	1.664897e-06	6.728452e-09	1.218822e+01	3.993187e+02
2.630000e-06	1.561706e-06	6.496551e-09	1.143279e+01	3.855548e+02
2.640000e-06	1.458094e-06	6.283727e-09	1.067427e+01	3.713259e+02
2.650000e-06	1.354109e-06	6.040012e-09	9.913028e+00	3.566106e+02
2.660000e-06	1.249795e-06	5.760164e-09	9.149378e+00	3.413820e+02
2.670000e-06	1.145224e-06	5.488870e-09	8.383849e+00	3.256082e+02
2.680000e-06	1.040406e-06	5.231945e-09	7.616503e+00	3.092536e+02
2.690000e-06	9.353927e-07	4.952923e-09	6.847734e+00	2.922815e+02
2.700000e-06	8.302157e-07	4.639656e-09	6.077763e+00	2.746548e+02
2.710000e-06	7.248683e-07	4.328758e-09	5.306546e+00	2.563370e+02
2.720000e-06	6.193564e-07	4.030224e-09	4.534125e+00	2.372921e+02
2.730000e-06	5.137000e-07	3.707256e-09	3.760646e+00	2.174833e+02
2.740000e-06	4.079208e-07	3.343714e-09	2.986268e+00	1.968733e+02
2.750000e-06	3.020688e-07	2.973135e-09	2.211356e+00	1.754259e+02
2.760000e-06	1.961793e-07	2.612364e-09	1.436171e+00	1.531095e+02
2.770000e-06	9.028798e-08	2.230021e-09	6.609716e-01	1.299037e+02
2.780000e-06	-1.556696e-08	1.810858e-09	-1.139611e-01	1.058075e+02
2.790000e-06	-1.213970e-07	1.382441e-09	-8.887116e-01	8.084740e+01
2.800000e-06	-2.272060e-07	9.635549e-10	-1.663308e+00	5.508482e+01
2.810000e-06	-3.329818e-07	5.279292e-10	-2.437662e+00	2.861966e+01
2.820000e-06	-4.386833e-07	6.007932e-11	-3.211470e+00	1.589469e+00
2.830000e-06	-5.442732e-07	-4.117917e-10	-3.984463e+00	-2.583645e+01
2.840000e-06	-6.497113e-07	-8.667418e-10	-4.756344e+00	-5.346741e+01
2.850000e-06	-7.549852e-07	-1.325058e-09	-5.527023e+00	-8.110450e+01
2.860000e-06	-8.601097e-07	-1.801427e-09	-6.296609e+00	-1.085545e+02
2.870000e-06	-9.650501e-07	-2.270179e-09	-7.064847e+00	-1.356423e+02
2.880000e-06	-1.069787e-06	-2.712252e-09	-7.831591e+00	-1.622195e+02
2.890000e-06	-1.174255e-06	-3.143382e-09	-8.596377e+00	-1.881688e+02
2.900000e-06	-1.278396e-06	-3.576143e-09	-9.358756e+00	-2.134036e+02
2.910000e-06	-1.382203e-06	-3.994015e-09	-1.011870e+01	-2.378642e+02
2.920000e-06	-1.485695e-06	-4.386025e-09	-1.087633e+01	-2.615113e+02
2.930000e-06	-1.588772e-06	-4.764016e-09	-1.163093e+01	-2.843193e+02
2.940000e-06	-1.691288e-06	-5.141617e-09	-1.238142e+01	-3.062718e+02
2.950000e-06	-1.793196e-06	-5.508573e-09	-1.312746e+01	-3.273576e+02
2.960000e-06	-1.894467e-06	-5.849275e-09	-1.386883e+01	-3.475705e+02
2.970000e-06	-1.995086e-06	-6.173002e-09	-1.460544e+01	-3.669103e+02
2.980000e-06	-2.095126e-06	-6.491361e-09	-1.533780e+01	-3.853851e+02
2.990000e-06	-2.194605e-06	-6.797121e-09	-1.606606e+01	-4.030127e+02
3.000000e-06	-2.293437e-06	-7.076340e-09	-1.678957e+01	-4.198214e+02
3.010000e-06	-2.391584e-06	-7.337371e-09	-1.750808e+01	-4.358489e+02
3.020000e-06	-2.489075e-06	-7.597088e-09	-1.822178e+01	-4.511389e+02
3.030000e-06	-2.585907e-06	-7.850820e-09	-1.893066e+01	-4.657373e+02
3.040000e-06	-2.682055e-06	-8.086392e-09	-1.963453e+01	-4.796881e+02
3.050000e-06	-2.777589e-06	-8.307163e-09	-2.033391e+01	-4.930301e+02
3.060000e-06	-2.872370e-06	-8.527387e-09	-2.102777e+01	-5.057950e+02
3.070000e-06	-2.966153e-06	-8.742480e-09	-2.171433e+01	-5.180074e+02
3.080000e-06	-3.058870e-06	-8.937197e-09	-2.239308e+01	-5.296871e+02
3.090000e-06	-3.150540e-06	-9.117713e-09	-2.306417e+01	-5.408512e+02
3.100000e-06	-3.241241e-06	-9.297534e-09	-2.372817e+01	-5.515180e+02
3.110000e-06	-3.331051e-06	-9.475854e-09	-2.438564e+01	-5.617085e+02
3.120000e-06	-3.419923e-06	-9.639741e-09	-2.503624e+01	-5.714479e+02
3.130000e-06	-3.507902e-06	-9.789817e-09	-2.568031e+01	-5.807647e+02
3.140000e-06	-3.594962e-06	-9.941021e-09	-2.631765e+01	-5.896893e+02
3.150000e-06	-3.680959e-06	-1.009155e-08	-2.694721e+01	-5.982506e+02
3.160000e-06	-3.765877e-06	-1.022958e-08	-2.756887e+01	-6.064741e+02
3.170000e-06	-3.849690e-06	-1.035643e-08	-2.818244e+01	-6.143798e+02
3.180000e-06	-3.932416e-06	-1.048690e-08	-2.878806e+01	-6.219817e+02
3.190000e-06	-4.014148e-06	-1.061905e-08	-2.938639e+01	-6.292887e+02
3.200000e-06	-4.094902e-06	-1.073838e-08	-2.997756e+01	-6.363068e+02
3.210000e-06	-4.174600e-06	-1.084476e-08	-3.056102e+01	-6.430420e+02
3.220000e-06	-4.253080e-06	-1.094918e-08	-3.113554e+01	-6.495023e+02
3.230000e-06	-4.330195e-06	-1.105692e-08	-3.170008e+01	-6.556994e+02
3.240000e-06	-4.405914e-06	-1.115713e-08	-3.225439e+01	-6.616491e+02
3.250000e-06	-4.480292e-06	-1.124778e-08	-3.279889e+01	-6.673697e+02
3.260000e-06	-4.553397e-06	-1.133853e-08	-3.333407e+01	-6.728803e+02
3.270000e-06	-4.625317e-06	-1.143302e-08	-3.386058e+01	-6.781977e+02
3.280000e-06	-4.695984e-06	-1.152447e-08	-3.437791e+01	-6.833346e+02
3.290000e-06	-4.765159e-06	-1.160733e-08	-3.488432e+01	-6.882985e+02
3.300000e-06	-4.832920e-06	-1.168542e-08	-3.538037e+01	-6.930918e+02
3.310000e-06	-4.899411e-06	-1.176236e-08	-3.586714e+01	-6.977136e+02
3.320000e-06	-4.964552e-06	-1.183481e-08	-3.634402e+01	-7.021620e+02
3.330000e-06	-5.028326e-06	-1.190049e-08	-3.681089e+01	-7.064368e+02
3.340000e-06	-5.090636e-06	-1.196374e-08	-3.726704e+01	-7.105410e+02
3.350000e-06	-5.151297e-06	-1.203048e-08	-3.771112e+01	-7.144818e+02
3.360000e-06	-5.210424e-06	-1.209824e-08	-3.814397e+01	-7.182693e+02
3.370000e-06	-5.268119e-06	-1.216251e-08	-3.856634e+01	-7.219144e+02
3.380000e-06	-5.324396e-06	-1.222350e-08	-3.897833e+01	-7.254263e+02
3.390000e-06	-5.379133e-06	-1.228191e-08	-3.937904e+01	-7.288099e+02
3.400000e-06	-5.432005e-06	-1.233545e-08	-3.976610e+01	-7.320652e+02
3.410000e-06	-5.482995e-06	-1.238125e-08	-4.013938e+01	-7.351870e+02
3.420000e-06	-5.532224e-06	-1.242432e-08	-4.049977e+01	-7.381675e+02
3.430000e-06	-5.579644e-06	-1.247130e-08	-4.084692e+01	-7.409990e+02
3.440000e-06	-5.625365e-06	-1.252120e-08	-4.118164e+01	-7.436778e+02
3.450000e-06	-5.669602e-06	-1.256780e-08	-4.150548e+01	-7.462060e+02
3.460000e-06	-5.712430e-06	-1.261012e-08	-4.181901e+01	-7.485928e+02
3.470000e-06	-5.753832e-06	-1.265046e-08	-4.212211e+01	-7.508528e+02
3.480000e-06	-5.793783e-06	-1.268634e-08	-4.241457e+01	-7.530039e+02
3.490000e-06	-5.832109e-06	-1.271680e-08	-4.269514e+01	-7.550623e+02
3.500000e-06	-5.868644e-06	-1.274658e-08	-4.296260e+01	-7.570396e+02
3.510000e-06	-5.903522e-06	-1.278042e-08	-4.321794e+01	-7.589401e+02
3.520000e-06	-5.936844e-06	-1.281613e-08	-4.346188e+01	-7.607602e+02
3.530000e-06	-5.968604e-06	-1.285002e-08	-4.369438e+01	-7.624904e+02
3.540000e-06	-5.998607e-06	-1.287705e-08	-4.391402e+01	-7.641188e+02
3.550000e-06	-6.026771e-06	-1.290129e-08	-4.412021e+01	-7.656351e+02
3.560000e-06	-6.053348e-06	-1.292761e-08	-4.431477e+01	-7.670340e+02
3.570000e-06	-6.078380e-06	-1.295031e-08	-4.449802e+01	-7.683171e+02
3.580000e-06	-6.101785e-06	-1.297016e-08	-4.466936e+01	-7.694924e+02
3.590000e-06	-6.123342e-06	-1.299173e-08	-4.482718e+01	-7.705714e+02
3.600000e-06	-6.143042e-06	-1.301477e-08	-4.497140e+01	-7.715652e+02
3.610000e-06	-6.161161e-06	-1.303479e-08	-4.510404e+01	-7.724807e+02
3.620000e-06	-6.177726e-06	-1.304688e-08	-4.522530e+01	-7.733180e+02
3.630000e-06	-6.192504e-06	-1.305808e-08	-4.533349e+01	-7.740699e+02
3.640000e-06	-6.205175e-06	-1.307207e-08	-4.542625e+01	-7.747244e+02
3.650000e-06	-6.215845e-06	-1.308443e-08	-4.550436e+01	-7.752685e+02
3.660000e-06	-6.224829e-06	-1.309252e-08	-4.557013e+01	-7.756929e+02
3.670000e-06	-6.232132e-06	-1.309909e-08	-4.562359e+01	-7.759957e+02
3.680000e-06	-6.237543e-06	-1.310652e-08	-4.566321e+01	-7.761838e+02
3.690000e-06	-6.241095e-06	-1.311080e-08	-4.568921e+01	-7.762711e+02
3.700000e-06	-6.242989e-06	-1.311054e-08	-4.570307e+01	-7.762747e+02
3.710000e-06	-6.243238e-06	-1.310936e-08	-4.570490e+01	-7.762089e+02
