# Temperatura_=_20.0
# Concentracion g/m^3_=_12000.0
# C_Vs_to_Am_M_A/Vsm_=_59384043850.047264
# pendiente_HvsI_1/m_=_3716.3
# ordenada_HvsI_A/m_=_1297.0
# frecuencia_Hz_=_269358.44851455506

Tiempo_(s)	Campo_(V.s)	Magnetizacion_(V.s)	Campo_(kA/m)	Magnetizacion_(A/m)
0.000000e+00	-6.258972e-06	-1.306746e-08	-4.569768e+01	-7.741070e+02
1.000000e-08	-6.257061e-06	-1.306346e-08	-4.568373e+01	-7.739729e+02
2.000000e-08	-6.253250e-06	-1.305960e-08	-4.565590e+01	-7.737710e+02
3.000000e-08	-6.247799e-06	-1.305359e-08	-4.561610e+01	-7.734857e+02
4.000000e-08	-6.240849e-06	-1.304451e-08	-4.556536e+01	-7.730961e+02
5.000000e-08	-6.232374e-06	-1.303449e-08	-4.550348e+01	-7.725828e+02
6.000000e-08	-6.222047e-06	-1.302256e-08	-4.542808e+01	-7.719344e+02
7.000000e-08	-6.209727e-06	-1.300981e-08	-4.533813e+01	-7.711537e+02
8.000000e-08	-6.195506e-06	-1.300030e-08	-4.523430e+01	-7.702583e+02
9.000000e-08	-6.178988e-06	-1.295739e-08	-4.511370e+01	-7.692780e+02
1.000000e-07	-6.160178e-06	-1.291761e-08	-4.497637e+01	-7.682476e+02
1.100000e-07	-6.139568e-06	-1.293113e-08	-4.482589e+01	-7.671982e+02
1.200000e-07	-6.117378e-06	-1.293927e-08	-4.466388e+01	-7.661482e+02
1.300000e-07	-6.093858e-06	-1.294635e-08	-4.449215e+01	-7.650976e+02
1.400000e-07	-6.069203e-06	-1.291926e-08	-4.431214e+01	-7.640262e+02
1.500000e-07	-6.042839e-06	-1.281855e-08	-4.411966e+01	-7.628979e+02
1.600000e-07	-6.014738e-06	-1.284168e-08	-4.391449e+01	-7.616682e+02
1.700000e-07	-5.985255e-06	-1.285447e-08	-4.369923e+01	-7.602942e+02
1.800000e-07	-5.954088e-06	-1.274522e-08	-4.347167e+01	-7.587440e+02
1.900000e-07	-5.921499e-06	-1.273167e-08	-4.323374e+01	-7.570031e+02
2.000000e-07	-5.887375e-06	-1.270127e-08	-4.298459e+01	-7.550764e+02
2.100000e-07	-5.851420e-06	-1.267501e-08	-4.272208e+01	-7.529847e+02
2.200000e-07	-5.813923e-06	-1.269054e-08	-4.244831e+01	-7.507582e+02
2.300000e-07	-5.774881e-06	-1.258889e-08	-4.216326e+01	-7.484279e+02
2.400000e-07	-5.734184e-06	-1.252617e-08	-4.186612e+01	-7.460175e+02
2.500000e-07	-5.691607e-06	-1.254696e-08	-4.155526e+01	-7.435380e+02
2.600000e-07	-5.647111e-06	-1.248972e-08	-4.123039e+01	-7.409869e+02
2.700000e-07	-5.601056e-06	-1.241720e-08	-4.089414e+01	-7.383501e+02
2.800000e-07	-5.553468e-06	-1.234952e-08	-4.054669e+01	-7.356074e+02
2.900000e-07	-5.503924e-06	-1.233217e-08	-4.018496e+01	-7.327385e+02
3.000000e-07	-5.452282e-06	-1.231489e-08	-3.980791e+01	-7.297286e+02
3.100000e-07	-5.398856e-06	-1.221772e-08	-3.941784e+01	-7.265705e+02
3.200000e-07	-5.343915e-06	-1.215357e-08	-3.901671e+01	-7.232655e+02
3.300000e-07	-5.287553e-06	-1.211871e-08	-3.860521e+01	-7.198198e+02
3.400000e-07	-5.229559e-06	-1.208155e-08	-3.818178e+01	-7.162415e+02
3.500000e-07	-5.169803e-06	-1.198793e-08	-3.774549e+01	-7.125361e+02
3.600000e-07	-5.108526e-06	-1.189284e-08	-3.729810e+01	-7.087044e+02
3.700000e-07	-5.045856e-06	-1.185970e-08	-3.684054e+01	-7.047420e+02
3.800000e-07	-4.981806e-06	-1.179933e-08	-3.637290e+01	-7.006406e+02
3.900000e-07	-4.916208e-06	-1.171812e-08	-3.589396e+01	-6.963913e+02
4.000000e-07	-4.848949e-06	-1.163693e-08	-3.540289e+01	-6.919874e+02
4.100000e-07	-4.780208e-06	-1.157410e-08	-3.490100e+01	-6.874260e+02
4.200000e-07	-4.710216e-06	-1.151453e-08	-3.438998e+01	-6.827087e+02
4.300000e-07	-4.639082e-06	-1.140739e-08	-3.387062e+01	-6.778405e+02
4.400000e-07	-4.566737e-06	-1.130507e-08	-3.334242e+01	-6.728265e+02
4.500000e-07	-4.492868e-06	-1.123099e-08	-3.280309e+01	-6.676701e+02
4.600000e-07	-4.417379e-06	-1.115965e-08	-3.225194e+01	-6.623705e+02
4.700000e-07	-4.340632e-06	-1.106495e-08	-3.169159e+01	-6.569221e+02
4.800000e-07	-4.262675e-06	-1.095902e-08	-3.112242e+01	-6.513159e+02
4.900000e-07	-4.183341e-06	-1.087581e-08	-3.054319e+01	-6.455410e+02
5.000000e-07	-4.102565e-06	-1.078056e-08	-2.995343e+01	-6.395879e+02
5.100000e-07	-4.020572e-06	-1.066699e-08	-2.935479e+01	-6.334497e+02
5.200000e-07	-3.937611e-06	-1.054495e-08	-2.874908e+01	-6.271231e+02
5.300000e-07	-3.853706e-06	-1.044004e-08	-2.813647e+01	-6.206079e+02
5.400000e-07	-3.768984e-06	-1.034789e-08	-2.751791e+01	-6.139045e+02
5.500000e-07	-3.683393e-06	-1.022863e-08	-2.689300e+01	-6.070120e+02
5.600000e-07	-3.596857e-06	-1.009632e-08	-2.626118e+01	-5.999264e+02
5.700000e-07	-3.509449e-06	-9.975522e-09	-2.562300e+01	-5.926393e+02
5.800000e-07	-3.421135e-06	-9.865476e-09	-2.497821e+01	-5.851389e+02
5.900000e-07	-3.331842e-06	-9.730066e-09	-2.432627e+01	-5.774116e+02
6.000000e-07	-3.241415e-06	-9.578300e-09	-2.366605e+01	-5.694443e+02
6.100000e-07	-3.149814e-06	-9.442247e-09	-2.299725e+01	-5.612266e+02
6.200000e-07	-3.057303e-06	-9.311696e-09	-2.232182e+01	-5.527515e+02
6.300000e-07	-2.964053e-06	-9.162679e-09	-2.164099e+01	-5.440153e+02
6.400000e-07	-2.869980e-06	-8.998463e-09	-2.095415e+01	-5.350159e+02
6.500000e-07	-2.775090e-06	-8.845891e-09	-2.026134e+01	-5.257501e+02
6.600000e-07	-2.679407e-06	-8.697030e-09	-1.956274e+01	-5.162118e+02
6.700000e-07	-2.582948e-06	-8.529519e-09	-1.885848e+01	-5.063901e+02
6.800000e-07	-2.485736e-06	-8.344306e-09	-1.814872e+01	-4.962697e+02
6.900000e-07	-2.387628e-06	-8.165948e-09	-1.743242e+01	-4.858316e+02
7.000000e-07	-2.288547e-06	-7.994095e-09	-1.670902e+01	-4.750559e+02
7.100000e-07	-2.188628e-06	-7.807359e-09	-1.597950e+01	-4.639238e+02
7.200000e-07	-2.088123e-06	-7.606010e-09	-1.524569e+01	-4.524193e+02
7.300000e-07	-1.987139e-06	-7.404607e-09	-1.450840e+01	-4.405298e+02
7.400000e-07	-1.885591e-06	-7.207135e-09	-1.376698e+01	-4.282447e+02
7.500000e-07	-1.783465e-06	-6.995097e-09	-1.302134e+01	-4.155539e+02
7.600000e-07	-1.680865e-06	-6.763830e-09	-1.227224e+01	-4.024451e+02
7.700000e-07	-1.577829e-06	-6.529885e-09	-1.151996e+01	-3.889019e+02
7.800000e-07	-1.474290e-06	-6.298873e-09	-1.076401e+01	-3.749028e+02
7.900000e-07	-1.370297e-06	-6.057408e-09	-1.000474e+01	-3.604214e+02
8.000000e-07	-1.266003e-06	-5.799494e-09	-9.243271e+00	-3.454283e+02
8.100000e-07	-1.161451e-06	-5.536371e-09	-8.479922e+00	-3.298925e+02
8.200000e-07	-1.056645e-06	-5.272076e-09	-7.714723e+00	-3.137827e+02
8.300000e-07	-9.516396e-07	-4.995086e-09	-6.948061e+00	-2.970683e+02
8.400000e-07	-8.464271e-07	-4.694946e-09	-6.179889e+00	-2.797183e+02
8.500000e-07	-7.410047e-07	-4.384245e-09	-5.410185e+00	-2.616995e+02
8.600000e-07	-6.354620e-07	-4.073351e-09	-4.639602e+00	-2.429750e+02
8.700000e-07	-5.297728e-07	-3.749414e-09	-3.867949e+00	-2.235033e+02
8.800000e-07	-4.239440e-07	-3.402086e-09	-3.095277e+00	-2.032394e+02
8.900000e-07	-3.180155e-07	-3.039182e-09	-2.321878e+00	-1.821383e+02
9.000000e-07	-2.120422e-07	-2.671250e-09	-1.548151e+00	-1.601611e+02
9.100000e-07	-1.060542e-07	-2.290934e-09	-7.743177e-01	-1.372830e+02
9.200000e-07	-1.039557e-11	-1.887726e-09	-7.589961e-05	-1.135014e+02
9.300000e-07	1.060629e-07	-1.466165e-09	7.743809e-01	-8.884341e+01
9.400000e-07	2.121058e-07	-1.037464e-09	1.548615e+00	-6.336996e+01
9.500000e-07	3.180508e-07	-6.000695e-10	2.322136e+00	-3.717727e+01
9.600000e-07	4.239050e-07	-1.484531e-10	3.094993e+00	-1.039396e+01
9.700000e-07	5.296649e-07	3.131311e-10	3.867162e+00	1.682521e+01
9.800000e-07	6.352951e-07	7.743260e-10	4.638383e+00	4.430796e+01
9.900000e-07	7.407613e-07	1.233383e-09	5.408407e+00	7.187437e+01
1.000000e-06	8.460076e-07	1.695368e-09	6.176826e+00	9.934640e+01
1.010000e-06	9.510264e-07	2.156800e-09	6.943584e+00	1.265563e+02
1.020000e-06	1.055890e-06	2.607584e-09	7.709210e+00	1.533526e+02
1.030000e-06	1.160602e-06	3.043693e-09	8.473725e+00	1.796048e+02
1.040000e-06	1.265050e-06	3.471930e-09	9.236315e+00	2.052044e+02
1.050000e-06	1.369190e-06	3.892921e-09	9.996656e+00	2.300661e+02
1.060000e-06	1.473010e-06	4.298797e-09	1.075467e+01	2.541261e+02
1.070000e-06	1.576440e-06	4.686508e-09	1.150982e+01	2.773403e+02
1.080000e-06	1.679416e-06	5.059879e-09	1.226166e+01	2.996821e+02
1.090000e-06	1.781890e-06	5.421356e-09	1.300984e+01	3.211395e+02
1.100000e-06	1.883819e-06	5.766574e-09	1.375404e+01	3.417123e+02
1.110000e-06	1.985258e-06	6.093957e-09	1.449466e+01	3.614094e+02
1.120000e-06	2.086220e-06	6.406638e-09	1.523180e+01	3.802466e+02
1.130000e-06	2.186627e-06	6.709575e-09	1.596488e+01	3.982449e+02
1.140000e-06	2.286385e-06	6.998970e-09	1.669324e+01	4.154293e+02
1.150000e-06	2.385376e-06	7.271722e-09	1.741598e+01	4.318282e+02
1.160000e-06	2.483496e-06	7.533043e-09	1.813237e+01	4.474729e+02
1.170000e-06	2.580746e-06	7.786903e-09	1.884241e+01	4.623978e+02
1.180000e-06	2.677229e-06	8.029000e-09	1.954684e+01	4.766397e+02
1.190000e-06	2.772934e-06	8.255533e-09	2.024560e+01	4.902363e+02
1.200000e-06	2.867777e-06	8.472138e-09	2.093807e+01	5.032256e+02
1.210000e-06	2.961798e-06	8.682681e-09	2.162452e+01	5.156432e+02
1.220000e-06	3.055062e-06	8.882036e-09	2.230546e+01	5.275213e+02
1.230000e-06	3.147585e-06	9.069637e-09	2.298098e+01	5.388875e+02
1.240000e-06	3.239240e-06	9.253478e-09	2.365017e+01	5.497642e+02
1.250000e-06	3.329748e-06	9.434157e-09	2.431098e+01	5.601702e+02
1.260000e-06	3.419141e-06	9.602968e-09	2.496365e+01	5.701221e+02
1.270000e-06	3.507607e-06	9.757501e-09	2.560955e+01	5.796365e+02
1.280000e-06	3.595114e-06	9.907173e-09	2.624846e+01	5.887315e+02
1.290000e-06	3.681640e-06	1.005452e-08	2.688019e+01	5.974284e+02
1.300000e-06	3.767209e-06	1.019598e-08	2.750495e+01	6.057510e+02
1.310000e-06	3.851878e-06	1.032834e-08	2.812313e+01	6.137247e+02
1.320000e-06	3.935585e-06	1.045646e-08	2.873428e+01	6.213745e+02
1.330000e-06	4.018143e-06	1.058246e-08	2.933705e+01	6.287229e+02
1.340000e-06	4.099576e-06	1.070243e-08	2.993161e+01	6.357883e+02
1.350000e-06	4.179860e-06	1.081473e-08	3.051777e+01	6.425846e+02
1.360000e-06	4.258941e-06	1.092168e-08	3.109516e+01	6.491216e+02
1.370000e-06	4.336883e-06	1.102778e-08	3.166422e+01	6.554071e+02
1.380000e-06	4.413674e-06	1.113263e-08	3.222488e+01	6.614481e+02
1.390000e-06	4.489136e-06	1.123084e-08	3.277584e+01	6.672533e+02
1.400000e-06	4.563055e-06	1.132408e-08	3.331554e+01	6.728333e+02
1.410000e-06	4.635552e-06	1.141511e-08	3.384485e+01	6.782010e+02
1.420000e-06	4.706798e-06	1.150251e-08	3.436503e+01	6.833696e+02
1.430000e-06	4.776769e-06	1.158566e-08	3.487589e+01	6.883517e+02
1.440000e-06	4.845487e-06	1.166429e-08	3.537761e+01	6.931571e+02
1.450000e-06	4.912851e-06	1.174116e-08	3.586945e+01	6.977923e+02
1.460000e-06	4.978657e-06	1.181720e-08	3.634991e+01	7.022609e+02
1.470000e-06	5.042985e-06	1.189086e-08	3.681958e+01	7.065645e+02
1.480000e-06	5.105998e-06	1.196124e-08	3.727964e+01	7.107047e+02
1.490000e-06	5.167661e-06	1.203023e-08	3.772985e+01	7.146845e+02
1.500000e-06	5.228005e-06	1.209733e-08	3.817043e+01	7.185095e+02
1.510000e-06	5.286822e-06	1.216030e-08	3.859987e+01	7.221872e+02
1.520000e-06	5.343970e-06	1.221934e-08	3.901711e+01	7.257257e+02
1.530000e-06	5.399577e-06	1.227653e-08	3.942311e+01	7.291317e+02
1.540000e-06	5.453541e-06	1.233078e-08	3.981711e+01	7.324083e+02
1.550000e-06	5.505696e-06	1.238164e-08	4.019790e+01	7.355546e+02
1.560000e-06	5.555926e-06	1.243144e-08	4.056463e+01	7.385653e+02
1.570000e-06	5.604327e-06	1.248127e-08	4.091802e+01	7.414337e+02
1.580000e-06	5.651074e-06	1.252988e-08	4.125932e+01	7.441539e+02
1.590000e-06	5.696342e-06	1.257509e-08	4.158984e+01	7.467242e+02
1.600000e-06	5.740065e-06	1.261635e-08	4.190906e+01	7.491488e+02
1.610000e-06	5.781983e-06	1.265324e-08	4.221511e+01	7.514389e+02
1.620000e-06	5.822203e-06	1.268744e-08	4.250876e+01	7.536099e+02
1.630000e-06	5.860857e-06	1.271882e-08	4.279098e+01	7.556791e+02
1.640000e-06	5.898001e-06	1.275020e-08	4.306218e+01	7.576609e+02
1.650000e-06	5.933626e-06	1.278371e-08	4.332228e+01	7.595638e+02
1.660000e-06	5.967455e-06	1.281555e-08	4.356927e+01	7.613882e+02
1.670000e-06	5.999524e-06	1.284292e-08	4.380341e+01	7.631274e+02
1.680000e-06	6.030057e-06	1.286902e-08	4.402633e+01	7.647698e+02
1.690000e-06	6.059126e-06	1.289493e-08	4.423857e+01	7.663033e+02
1.700000e-06	6.086563e-06	1.291743e-08	4.443889e+01	7.677196e+02
1.710000e-06	6.112060e-06	1.293472e-08	4.462505e+01	7.690171e+02
1.720000e-06	6.135724e-06	1.295171e-08	4.479782e+01	7.702017e+02
1.730000e-06	6.157831e-06	1.297109e-08	4.495923e+01	7.712852e+02
1.740000e-06	6.178499e-06	1.298831e-08	4.511013e+01	7.722811e+02
1.750000e-06	6.197541e-06	1.300116e-08	4.524916e+01	7.732006e+02
1.760000e-06	6.214699e-06	1.301167e-08	4.537443e+01	7.740486e+02
1.770000e-06	6.230018e-06	1.302239e-08	4.548628e+01	7.748219e+02
1.780000e-06	6.243528e-06	1.303225e-08	4.558492e+01	7.755102e+02
1.790000e-06	6.255035e-06	1.303769e-08	4.566893e+01	7.760994e+02
1.800000e-06	6.264486e-06	1.304192e-08	4.573793e+01	7.765768e+02
1.810000e-06	6.272157e-06	1.305016e-08	4.579394e+01	7.769354e+02
1.820000e-06	6.278193e-06	1.305973e-08	4.583801e+01	7.771768e+02
1.830000e-06	6.282591e-06	1.306344e-08	4.587012e+01	7.773114e+02
1.840000e-06	6.285103e-06	1.306146e-08	4.588847e+01	7.773548e+02
1.850000e-06	6.285670e-06	1.305762e-08	4.589260e+01	7.773233e+02
1.860000e-06	6.284574e-06	1.305364e-08	4.588460e+01	7.772276e+02
1.870000e-06	6.281916e-06	1.305141e-08	4.586520e+01	7.770689e+02
1.880000e-06	6.277645e-06	1.304655e-08	4.583401e+01	7.768376e+02
1.890000e-06	6.271485e-06	1.304355e-08	4.578904e+01	7.765154e+02
1.900000e-06	6.263556e-06	1.304026e-08	4.573114e+01	7.760810e+02
1.910000e-06	6.254141e-06	1.303282e-08	4.566241e+01	7.755172e+02
1.920000e-06	6.243149e-06	1.302266e-08	4.558215e+01	7.748178e+02
1.930000e-06	6.230287e-06	1.299591e-08	4.548824e+01	7.739909e+02
1.940000e-06	6.215348e-06	1.302026e-08	4.537917e+01	7.730593e+02
1.950000e-06	6.198183e-06	1.303173e-08	4.525384e+01	7.720557e+02
1.960000e-06	6.178523e-06	1.297290e-08	4.511031e+01	7.710146e+02
1.970000e-06	6.156519e-06	1.292568e-08	4.494965e+01	7.699634e+02
1.980000e-06	6.133217e-06	1.284723e-08	4.477952e+01	7.689139e+02
1.990000e-06	6.109376e-06	1.289232e-08	4.460545e+01	7.678584e+02
2.000000e-06	6.084292e-06	1.298032e-08	4.442231e+01	7.667702e+02
2.010000e-06	6.057408e-06	1.284005e-08	4.422603e+01	7.656088e+02
2.020000e-06	6.029304e-06	1.284043e-08	4.402084e+01	7.643292e+02
2.030000e-06	5.999471e-06	1.291552e-08	4.380302e+01	7.628916e+02
2.040000e-06	5.967270e-06	1.280750e-08	4.356792e+01	7.612702e+02
2.050000e-06	5.933574e-06	1.282273e-08	4.332189e+01	7.594577e+02
2.060000e-06	5.898579e-06	1.275373e-08	4.306640e+01	7.574656e+02
2.070000e-06	5.861838e-06	1.264001e-08	4.279815e+01	7.553192e+02
2.080000e-06	5.823291e-06	1.276043e-08	4.251670e+01	7.530501e+02
2.090000e-06	5.782929e-06	1.267753e-08	4.222201e+01	7.506871e+02
2.100000e-06	5.741096e-06	1.255435e-08	4.191659e+01	7.482499e+02
2.110000e-06	5.697861e-06	1.259389e-08	4.160092e+01	7.457442e+02
2.120000e-06	5.652755e-06	1.253066e-08	4.127159e+01	7.431627e+02
2.130000e-06	5.606097e-06	1.251592e-08	4.093094e+01	7.404883e+02
2.140000e-06	5.557999e-06	1.239364e-08	4.057977e+01	7.377000e+02
2.150000e-06	5.508124e-06	1.232577e-08	4.021562e+01	7.347792e+02
2.160000e-06	5.456393e-06	1.239493e-08	3.983793e+01	7.317137e+02
2.170000e-06	5.402642e-06	1.228000e-08	3.944549e+01	7.284997e+02
2.180000e-06	5.347215e-06	1.220771e-08	3.904080e+01	7.251406e+02
2.190000e-06	5.290252e-06	1.213555e-08	3.862491e+01	7.216439e+02
2.200000e-06	5.231729e-06	1.211900e-08	3.819763e+01	7.180171e+02
2.210000e-06	5.171880e-06	1.209159e-08	3.776066e+01	7.142642e+02
2.220000e-06	5.110337e-06	1.191675e-08	3.731132e+01	7.103838e+02
2.230000e-06	5.047097e-06	1.190390e-08	3.684960e+01	7.063700e+02
2.240000e-06	4.982403e-06	1.185312e-08	3.637726e+01	7.022138e+02
2.250000e-06	4.916351e-06	1.176543e-08	3.589500e+01	6.979067e+02
2.260000e-06	4.849070e-06	1.166960e-08	3.540377e+01	6.934434e+02
2.270000e-06	4.780145e-06	1.155843e-08	3.490055e+01	6.888228e+02
2.280000e-06	4.709558e-06	1.156477e-08	3.438518e+01	6.840478e+02
2.290000e-06	4.637667e-06	1.144987e-08	3.386029e+01	6.791240e+02
2.300000e-06	4.564643e-06	1.134419e-08	3.332713e+01	6.740561e+02
2.310000e-06	4.490401e-06	1.125373e-08	3.278508e+01	6.688459e+02
2.320000e-06	4.414729e-06	1.117492e-08	3.223258e+01	6.634910e+02
2.330000e-06	4.337492e-06	1.110856e-08	3.166867e+01	6.579843e+02
2.340000e-06	4.258795e-06	1.095513e-08	3.109409e+01	6.523156e+02
2.350000e-06	4.178976e-06	1.087805e-08	3.051132e+01	6.464746e+02
2.360000e-06	4.098059e-06	1.078651e-08	2.992053e+01	6.404522e+02
2.370000e-06	4.016131e-06	1.069902e-08	2.932237e+01	6.342432e+02
2.380000e-06	3.933338e-06	1.056523e-08	2.871788e+01	6.278455e+02
2.390000e-06	3.849618e-06	1.042285e-08	2.810663e+01	6.212592e+02
2.400000e-06	3.764696e-06	1.035307e-08	2.748660e+01	6.144848e+02
2.410000e-06	3.678406e-06	1.023764e-08	2.685658e+01	6.075202e+02
2.420000e-06	3.591092e-06	1.010817e-08	2.621909e+01	6.003598e+02
2.430000e-06	3.502925e-06	9.960689e-09	2.557537e+01	5.929939e+02
2.440000e-06	3.413877e-06	9.858222e-09	2.492522e+01	5.854096e+02
2.450000e-06	3.323940e-06	9.737349e-09	2.426858e+01	5.775934e+02
2.460000e-06	3.233139e-06	9.570402e-09	2.360562e+01	5.695328e+02
2.470000e-06	3.141489e-06	9.422724e-09	2.293647e+01	5.612188e+02
2.480000e-06	3.048891e-06	9.295850e-09	2.226040e+01	5.526457e+02
2.490000e-06	2.955300e-06	9.174964e-09	2.157708e+01	5.438107e+02
2.500000e-06	2.860695e-06	9.003746e-09	2.088635e+01	5.347115e+02
2.510000e-06	2.765188e-06	8.833576e-09	2.018904e+01	5.253441e+02
2.520000e-06	2.668842e-06	8.681677e-09	1.948561e+01	5.157007e+02
2.530000e-06	2.571717e-06	8.526719e-09	1.877648e+01	5.057686e+02
2.540000e-06	2.474005e-06	8.341459e-09	1.806308e+01	4.955310e+02
2.550000e-06	2.375651e-06	8.149344e-09	1.734498e+01	4.849682e+02
2.560000e-06	2.276571e-06	7.981169e-09	1.662158e+01	4.740606e+02
2.570000e-06	2.176897e-06	7.807750e-09	1.589385e+01	4.627902e+02
2.580000e-06	2.076736e-06	7.605528e-09	1.516255e+01	4.511422e+02
2.590000e-06	1.975976e-06	7.386535e-09	1.442689e+01	4.391051e+02
2.600000e-06	1.874421e-06	7.188564e-09	1.368543e+01	4.266687e+02
2.610000e-06	1.772073e-06	6.988063e-09	1.293816e+01	4.138225e+02
2.620000e-06	1.669100e-06	6.761048e-09	1.218634e+01	4.005526e+02
2.630000e-06	1.565643e-06	6.516543e-09	1.143099e+01	3.868408e+02
2.640000e-06	1.461802e-06	6.282235e-09	1.067283e+01	3.726637e+02
2.650000e-06	1.357638e-06	6.048982e-09	9.912315e+00	3.579937e+02
2.660000e-06	1.253122e-06	5.789352e-09	9.149227e+00	3.428003e+02
2.670000e-06	1.148264e-06	5.512574e-09	8.383646e+00	3.270525e+02
2.680000e-06	1.043193e-06	5.241158e-09	7.616504e+00	3.107192e+02
2.690000e-06	9.379418e-07	4.973148e-09	6.848051e+00	2.937698e+02
2.700000e-06	8.324827e-07	4.678622e-09	6.078079e+00	2.761726e+02
2.710000e-06	7.268547e-07	4.358542e-09	5.306873e+00	2.578933e+02
2.720000e-06	6.210659e-07	4.036278e-09	4.534494e+00	2.388934e+02
2.730000e-06	5.151451e-07	3.715439e-09	3.761150e+00	2.191296e+02
2.740000e-06	4.091422e-07	3.370383e-09	2.987208e+00	1.985565e+02
2.750000e-06	3.030933e-07	3.000112e-09	2.212929e+00	1.771304e+02
2.760000e-06	1.969900e-07	2.625862e-09	1.438253e+00	1.548169e+02
2.770000e-06	9.089269e-08	2.248622e-09	6.636209e-01	1.315984e+02
2.780000e-06	-1.521284e-08	1.846326e-09	-1.110712e-01	1.074829e+02
2.790000e-06	-1.213420e-07	1.413742e-09	-8.859357e-01	8.250965e+01
2.800000e-06	-2.274185e-07	9.772600e-10	-1.660416e+00	5.675299e+01
2.810000e-06	-3.334727e-07	5.422056e-10	-2.434733e+00	3.032178e+01
2.820000e-06	-4.394614e-07	9.194018e-11	-3.208573e+00	3.355357e+00
2.830000e-06	-5.452974e-07	-3.773264e-10	-3.981296e+00	-2.398386e+01
2.840000e-06	-6.509830e-07	-8.438985e-10	-4.752922e+00	-5.151955e+01
2.850000e-06	-7.565170e-07	-1.300396e-09	-5.523442e+00	-7.907143e+01
2.860000e-06	-8.618953e-07	-1.761297e-09	-6.292824e+00	-1.064644e+02
2.870000e-06	-9.671270e-07	-2.227647e-09	-7.061137e+00	-1.335363e+02
2.880000e-06	-1.072135e-06	-2.681170e-09	-7.827815e+00	-1.601431e+02
2.890000e-06	-1.176855e-06	-3.112303e-09	-8.592389e+00	-1.861624e+02
2.900000e-06	-1.281252e-06	-3.532045e-09	-9.354610e+00	-2.114945e+02
2.910000e-06	-1.385310e-06	-3.948001e-09	-1.011435e+01	-2.360623e+02
2.920000e-06	-1.489038e-06	-4.354901e-09	-1.087169e+01	-2.598097e+02
2.930000e-06	-1.592409e-06	-4.741536e-09	-1.162641e+01	-2.826994e+02
2.940000e-06	-1.695325e-06	-5.112102e-09	-1.237782e+01	-3.047107e+02
2.950000e-06	-1.797637e-06	-5.474387e-09	-1.312482e+01	-3.258362e+02
2.960000e-06	-1.899189e-06	-5.820556e-09	-1.386626e+01	-3.460795e+02
2.970000e-06	-2.000026e-06	-6.144359e-09	-1.460248e+01	-3.654524e+02
2.980000e-06	-2.100272e-06	-6.453245e-09	-1.533440e+01	-3.839727e+02
2.990000e-06	-2.200005e-06	-6.755503e-09	-1.606256e+01	-4.016631e+02
3.000000e-06	-2.299208e-06	-7.044648e-09	-1.678685e+01	-4.185498e+02
3.010000e-06	-2.397747e-06	-7.314034e-09	-1.750631e+01	-4.346624e+02
3.020000e-06	-2.495495e-06	-7.569491e-09	-1.821998e+01	-4.500334e+02
3.030000e-06	-2.592511e-06	-7.819261e-09	-1.892830e+01	-4.646982e+02
3.040000e-06	-2.688898e-06	-8.061719e-09	-1.963204e+01	-4.786940e+02
3.050000e-06	-2.784567e-06	-8.287813e-09	-2.033053e+01	-4.920589e+02
3.060000e-06	-2.879485e-06	-8.500481e-09	-2.102355e+01	-5.048301e+02
3.070000e-06	-2.973507e-06	-8.707874e-09	-2.171001e+01	-5.170423e+02
3.080000e-06	-3.066441e-06	-8.906733e-09	-2.238854e+01	-5.287259e+02
3.090000e-06	-3.158373e-06	-9.092534e-09	-2.305974e+01	-5.399064e+02
3.100000e-06	-3.249368e-06	-9.268667e-09	-2.372411e+01	-5.506050e+02
3.110000e-06	-3.339410e-06	-9.443195e-09	-2.438152e+01	-5.608393e+02
3.120000e-06	-3.428501e-06	-9.613642e-09	-2.503199e+01	-5.706255e+02
3.130000e-06	-3.516711e-06	-9.772418e-09	-2.567602e+01	-5.799807e+02
3.140000e-06	-3.604098e-06	-9.921871e-09	-2.631405e+01	-5.889241e+02
3.150000e-06	-3.690492e-06	-1.006762e-08	-2.694483e+01	-5.974781e+02
3.160000e-06	-3.775608e-06	-1.020894e-08	-2.756627e+01	-6.056673e+02
3.170000e-06	-3.859564e-06	-1.034092e-08	-2.817924e+01	-6.135171e+02
3.180000e-06	-3.942579e-06	-1.046467e-08	-2.878535e+01	-6.210518e+02
3.190000e-06	-4.024561e-06	-1.058640e-08	-2.938391e+01	-6.282926e+02
3.200000e-06	-4.105466e-06	-1.070664e-08	-2.997461e+01	-6.352560e+02
3.210000e-06	-4.185361e-06	-1.081963e-08	-3.055794e+01	-6.419545e+02
3.220000e-06	-4.264154e-06	-1.092377e-08	-3.113322e+01	-6.483967e+02
3.230000e-06	-4.341567e-06	-1.102681e-08	-3.169842e+01	-6.545900e+02
3.240000e-06	-4.417505e-06	-1.112998e-08	-3.225286e+01	-6.605419e+02
3.250000e-06	-4.492094e-06	-1.122799e-08	-3.279744e+01	-6.662616e+02
3.260000e-06	-4.565401e-06	-1.131738e-08	-3.333267e+01	-6.717609e+02
3.270000e-06	-4.637499e-06	-1.140313e-08	-3.385906e+01	-6.770527e+02
3.280000e-06	-4.708371e-06	-1.149172e-08	-3.437651e+01	-6.821504e+02
3.290000e-06	-4.777764e-06	-1.157749e-08	-3.488316e+01	-6.870656e+02
3.300000e-06	-4.845710e-06	-1.165553e-08	-3.537924e+01	-6.918070e+02
3.310000e-06	-4.912318e-06	-1.172966e-08	-3.586556e+01	-6.963799e+02
3.320000e-06	-4.977567e-06	-1.180502e-08	-3.634195e+01	-7.007869e+02
3.330000e-06	-5.041535e-06	-1.187662e-08	-3.680899e+01	-7.050293e+02
3.340000e-06	-5.104041e-06	-1.194146e-08	-3.726536e+01	-7.091092e+02
3.350000e-06	-5.164871e-06	-1.200437e-08	-3.770948e+01	-7.130306e+02
3.360000e-06	-5.224171e-06	-1.206915e-08	-3.814244e+01	-7.167998e+02
3.370000e-06	-5.282042e-06	-1.213303e-08	-3.856497e+01	-7.204248e+02
3.380000e-06	-5.338446e-06	-1.219068e-08	-3.897678e+01	-7.239133e+02
3.390000e-06	-5.393249e-06	-1.224577e-08	-3.937690e+01	-7.272711e+02
3.400000e-06	-5.446225e-06	-1.230198e-08	-3.976369e+01	-7.304996e+02
3.410000e-06	-5.497408e-06	-1.235505e-08	-4.013739e+01	-7.335961e+02
3.420000e-06	-5.546827e-06	-1.240143e-08	-4.049820e+01	-7.365547e+02
3.430000e-06	-5.594349e-06	-1.244665e-08	-4.084516e+01	-7.393684e+02
3.440000e-06	-5.640163e-06	-1.249369e-08	-4.117966e+01	-7.420327e+02
3.450000e-06	-5.684538e-06	-1.253977e-08	-4.150365e+01	-7.445479e+02
3.460000e-06	-5.727486e-06	-1.257992e-08	-4.181722e+01	-7.469208e+02
3.470000e-06	-5.768988e-06	-1.261495e-08	-4.212023e+01	-7.491647e+02
3.480000e-06	-5.809046e-06	-1.264985e-08	-4.241270e+01	-7.512959e+02
3.490000e-06	-5.847494e-06	-1.268447e-08	-4.269341e+01	-7.533313e+02
3.500000e-06	-5.884131e-06	-1.271661e-08	-4.296090e+01	-7.552833e+02
3.510000e-06	-5.919098e-06	-1.274853e-08	-4.321621e+01	-7.571575e+02
3.520000e-06	-5.952491e-06	-1.278339e-08	-4.346002e+01	-7.589515e+02
3.530000e-06	-5.984315e-06	-1.281750e-08	-4.369236e+01	-7.606563e+02
3.540000e-06	-6.014440e-06	-1.284517e-08	-4.391231e+01	-7.622595e+02
3.550000e-06	-6.042713e-06	-1.286814e-08	-4.411874e+01	-7.637501e+02
3.560000e-06	-6.069379e-06	-1.289178e-08	-4.431343e+01	-7.651220e+02
3.570000e-06	-6.094478e-06	-1.291567e-08	-4.449668e+01	-7.663765e+02
3.580000e-06	-6.117861e-06	-1.293661e-08	-4.466740e+01	-7.675220e+02
3.590000e-06	-6.139413e-06	-1.295563e-08	-4.482476e+01	-7.685714e+02
3.600000e-06	-6.159183e-06	-1.297606e-08	-4.496910e+01	-7.695380e+02
3.610000e-06	-6.177348e-06	-1.299642e-08	-4.510173e+01	-7.704310e+02
3.620000e-06	-6.193922e-06	-1.301045e-08	-4.522274e+01	-7.712522e+02
3.630000e-06	-6.208709e-06	-1.302068e-08	-4.533070e+01	-7.719955e+02
3.640000e-06	-6.221421e-06	-1.303339e-08	-4.542351e+01	-7.726487e+02
3.650000e-06	-6.232120e-06	-1.304635e-08	-4.550163e+01	-7.731976e+02
3.660000e-06	-6.241083e-06	-1.305467e-08	-4.556707e+01	-7.736312e+02
3.670000e-06	-6.248434e-06	-1.305969e-08	-4.562074e+01	-7.739456e+02
3.680000e-06	-6.253919e-06	-1.306515e-08	-4.566078e+01	-7.741458e+02
3.690000e-06	-6.257512e-06	-1.306887e-08	-4.568702e+01	-7.742445e+02
3.700000e-06	-6.259432e-06	-1.306954e-08	-4.570103e+01	-7.742585e+02
3.710000e-06	-6.259698e-06	-1.306869e-08	-4.570297e+01	-7.742025e+02
