# Temperatura_=_20.0
# Concentracion g/m^3_=_12000.0
# C_Vs_to_Am_M_A/Vsm_=_59384043850.047264
# pendiente_HvsI_1/m_=_3716.3
# ordenada_HvsI_A/m_=_1297.0
# frecuencia_Hz_=_269358.94921457284

Tiempo_(s)	Campo_(V.s)	Magnetizacion_(V.s)	Campo_(kA/m)	Magnetizacion_(A/m)
0.000000e+00	-6.270185e-06	-1.307771e-08	-4.569246e+01	-7.746158e+02
1.000000e-08	-6.267956e-06	-1.307296e-08	-4.567621e+01	-7.744798e+02
2.000000e-08	-6.263923e-06	-1.306921e-08	-4.564683e+01	-7.742780e+02
3.000000e-08	-6.258328e-06	-1.306265e-08	-4.560605e+01	-7.739934e+02
4.000000e-08	-6.251151e-06	-1.305276e-08	-4.555375e+01	-7.736021e+02
5.000000e-08	-6.242388e-06	-1.304377e-08	-4.548989e+01	-7.730806e+02
6.000000e-08	-6.231755e-06	-1.303483e-08	-4.541241e+01	-7.724145e+02
7.000000e-08	-6.219153e-06	-1.302679e-08	-4.532058e+01	-7.716046e+02
8.000000e-08	-6.204661e-06	-1.300307e-08	-4.521496e+01	-7.706701e+02
9.000000e-08	-6.187832e-06	-1.294816e-08	-4.509233e+01	-7.696455e+02
1.000000e-07	-6.168688e-06	-1.292507e-08	-4.495283e+01	-7.685728e+02
1.100000e-07	-6.147796e-06	-1.293778e-08	-4.480058e+01	-7.674913e+02
1.200000e-07	-6.125394e-06	-1.295130e-08	-4.463732e+01	-7.664259e+02
1.300000e-07	-6.101776e-06	-1.296786e-08	-4.446522e+01	-7.653798e+02
1.400000e-07	-6.076888e-06	-1.288821e-08	-4.428385e+01	-7.643316e+02
1.500000e-07	-6.050206e-06	-1.282417e-08	-4.408942e+01	-7.632386e+02
1.600000e-07	-6.021945e-06	-1.288249e-08	-4.388347e+01	-7.620466e+02
1.700000e-07	-5.992260e-06	-1.282966e-08	-4.366715e+01	-7.607022e+02
1.800000e-07	-5.960847e-06	-1.274692e-08	-4.343823e+01	-7.591653e+02
1.900000e-07	-5.928057e-06	-1.274262e-08	-4.319928e+01	-7.574179e+02
2.000000e-07	-5.893757e-06	-1.269367e-08	-4.294933e+01	-7.554671e+02
2.100000e-07	-5.857638e-06	-1.270821e-08	-4.268612e+01	-7.533419e+02
2.200000e-07	-5.819964e-06	-1.269814e-08	-4.241158e+01	-7.510842e+02
2.300000e-07	-5.780654e-06	-1.257678e-08	-4.212512e+01	-7.487365e+02
2.400000e-07	-5.739553e-06	-1.254906e-08	-4.182560e+01	-7.463305e+02
2.500000e-07	-5.696664e-06	-1.255627e-08	-4.151306e+01	-7.438793e+02
2.600000e-07	-5.651977e-06	-1.250163e-08	-4.118741e+01	-7.413752e+02
2.700000e-07	-5.605699e-06	-1.242429e-08	-4.085017e+01	-7.387929e+02
2.800000e-07	-5.557824e-06	-1.235921e-08	-4.050130e+01	-7.360978e+02
2.900000e-07	-5.507960e-06	-1.236160e-08	-4.013793e+01	-7.332564e+02
3.000000e-07	-5.456051e-06	-1.232120e-08	-3.975965e+01	-7.302449e+02
3.100000e-07	-5.402350e-06	-1.221474e-08	-3.936832e+01	-7.270547e+02
3.200000e-07	-5.347080e-06	-1.214993e-08	-3.896555e+01	-7.236933e+02
3.300000e-07	-5.290280e-06	-1.212923e-08	-3.855164e+01	-7.201793e+02
3.400000e-07	-5.231883e-06	-1.208849e-08	-3.812608e+01	-7.165353e+02
3.500000e-07	-5.171939e-06	-1.198110e-08	-3.768925e+01	-7.127799e+02
3.600000e-07	-5.110535e-06	-1.190430e-08	-3.724179e+01	-7.089216e+02
3.700000e-07	-5.047716e-06	-1.187174e-08	-3.678401e+01	-7.049559e+02
3.800000e-07	-4.983437e-06	-1.180448e-08	-3.631559e+01	-7.008676e+02
3.900000e-07	-4.917545e-06	-1.171644e-08	-3.583542e+01	-6.966356e+02
4.000000e-07	-4.850047e-06	-1.162914e-08	-3.534355e+01	-6.922397e+02
4.100000e-07	-4.781116e-06	-1.157587e-08	-3.484123e+01	-6.876665e+02
4.200000e-07	-4.710952e-06	-1.151241e-08	-3.432992e+01	-6.829132e+02
4.300000e-07	-4.639615e-06	-1.140460e-08	-3.381007e+01	-6.779869e+02
4.400000e-07	-4.566939e-06	-1.130792e-08	-3.328046e+01	-6.729017e+02
4.500000e-07	-4.492729e-06	-1.123790e-08	-3.273968e+01	-6.676729e+02
4.600000e-07	-4.416994e-06	-1.116391e-08	-3.218778e+01	-6.623114e+02
4.700000e-07	-4.339939e-06	-1.105631e-08	-3.162626e+01	-6.568193e+02
4.800000e-07	-4.261649e-06	-1.095020e-08	-3.105573e+01	-6.511892e+02
4.900000e-07	-4.182008e-06	-1.086307e-08	-3.047537e+01	-6.454063e+02
5.000000e-07	-4.100951e-06	-1.076917e-08	-2.988469e+01	-6.394521e+02
5.100000e-07	-4.018750e-06	-1.065763e-08	-2.928567e+01	-6.333100e+02
5.200000e-07	-3.935580e-06	-1.053705e-08	-2.867959e+01	-6.269695e+02
5.300000e-07	-3.851446e-06	-1.043809e-08	-2.806648e+01	-6.204274e+02
5.400000e-07	-3.766461e-06	-1.034474e-08	-2.744717e+01	-6.136873e+02
5.500000e-07	-3.680635e-06	-1.022322e-08	-2.682173e+01	-6.067561e+02
5.600000e-07	-3.593927e-06	-1.008636e-08	-2.618988e+01	-5.996390e+02
5.700000e-07	-3.506242e-06	-9.965045e-09	-2.555089e+01	-5.923351e+02
5.800000e-07	-3.417616e-06	-9.851453e-09	-2.490505e+01	-5.848356e+02
5.900000e-07	-3.328128e-06	-9.712447e-09	-2.425293e+01	-5.771235e+02
6.000000e-07	-3.237539e-06	-9.563401e-09	-2.359278e+01	-5.691762e+02
6.100000e-07	-3.145797e-06	-9.431184e-09	-2.292423e+01	-5.609705e+02
6.200000e-07	-3.053114e-06	-9.303055e-09	-2.224883e+01	-5.524867e+02
6.300000e-07	-2.959603e-06	-9.153226e-09	-2.156739e+01	-5.437122e+02
6.400000e-07	-2.865335e-06	-8.987763e-09	-2.088043e+01	-5.346427e+02
6.500000e-07	-2.770235e-06	-8.831972e-09	-2.018742e+01	-5.252803e+02
6.600000e-07	-2.674309e-06	-8.678000e-09	-1.948838e+01	-5.156303e+02
6.700000e-07	-2.577637e-06	-8.504463e-09	-1.878391e+01	-5.056967e+02
6.800000e-07	-2.480107e-06	-8.320270e-09	-1.807318e+01	-4.954777e+02
6.900000e-07	-2.381598e-06	-8.147073e-09	-1.735532e+01	-4.849637e+02
7.000000e-07	-2.282174e-06	-7.976740e-09	-1.663079e+01	-4.741372e+02
7.100000e-07	-2.182055e-06	-7.788918e-09	-1.590120e+01	-4.629743e+02
7.200000e-07	-2.081370e-06	-7.585361e-09	-1.516748e+01	-4.514488e+02
7.300000e-07	-1.980151e-06	-7.382828e-09	-1.442987e+01	-4.395351e+02
7.400000e-07	-1.878405e-06	-7.181252e-09	-1.368842e+01	-4.272111e+02
7.500000e-07	-1.776093e-06	-6.964980e-09	-1.294285e+01	-4.144595e+02
7.600000e-07	-1.673258e-06	-6.734258e-09	-1.219347e+01	-4.012666e+02
7.700000e-07	-1.569951e-06	-6.503035e-09	-1.144064e+01	-3.876208e+02
7.800000e-07	-1.466181e-06	-6.270541e-09	-1.068444e+01	-3.735092e+02
7.900000e-07	-1.362052e-06	-6.024227e-09	-9.925622e+00	-3.589155e+02
8.000000e-07	-1.257687e-06	-5.763152e-09	-9.165093e+00	-3.438184e+02
8.100000e-07	-1.153054e-06	-5.498538e-09	-8.402603e+00	-3.281912e+02
8.200000e-07	-1.048109e-06	-5.232092e-09	-7.637840e+00	-3.120026e+02
8.300000e-07	-9.428780e-07	-4.951555e-09	-6.870995e+00	-2.952176e+02
8.400000e-07	-8.374202e-07	-4.651798e-09	-6.102497e+00	-2.777984e+02
8.500000e-07	-7.317478e-07	-4.344405e-09	-5.332436e+00	-2.597053e+02
8.600000e-07	-6.259009e-07	-4.033014e-09	-4.561102e+00	-2.408967e+02
8.700000e-07	-5.198845e-07	-3.704791e-09	-3.788532e+00	-2.213293e+02
8.800000e-07	-4.136547e-07	-3.353542e-09	-3.014409e+00	-2.009591e+02
8.900000e-07	-3.073346e-07	-2.989188e-09	-2.239626e+00	-1.797446e+02
9.000000e-07	-2.009892e-07	-2.619777e-09	-1.464660e+00	-1.576506e+02
9.100000e-07	-9.457381e-08	-2.236949e-09	-6.891837e-01	-1.346552e+02
9.200000e-07	1.187401e-08	-1.832103e-09	8.652896e-02	-1.107571e+02
9.300000e-07	1.182635e-07	-1.411099e-09	8.618165e-01	-8.598280e+01
9.400000e-07	2.246053e-07	-9.818342e-10	1.636757e+00	-6.039204e+01
9.500000e-07	3.309379e-07	-5.402234e-10	2.411630e+00	-3.408024e+01
9.600000e-07	4.372158e-07	-8.367550e-11	3.186105e+00	-7.176987e+00
9.700000e-07	5.433580e-07	3.802201e-10	3.959590e+00	2.015943e+01
9.800000e-07	6.493244e-07	8.432004e-10	4.731795e+00	4.775080e+01
9.900000e-07	7.550976e-07	1.305079e-09	5.502592e+00	7.540974e+01
1.000000e-06	8.606490e-07	1.767732e-09	6.271772e+00	1.029509e+02
1.010000e-06	9.659597e-07	2.226731e-09	7.039197e+00	1.302007e+02
1.020000e-06	1.070981e-06	2.675953e-09	7.804518e+00	1.570053e+02
1.030000e-06	1.175745e-06	3.114224e-09	8.567961e+00	1.832349e+02
1.040000e-06	1.280269e-06	3.544176e-09	9.329652e+00	2.087855e+02
1.050000e-06	1.384487e-06	3.965482e-09	1.008912e+01	2.335780e+02
1.060000e-06	1.488397e-06	4.369746e-09	1.084634e+01	2.575557e+02
1.070000e-06	1.591917e-06	4.755472e-09	1.160071e+01	2.806812e+02
1.080000e-06	1.694981e-06	5.126022e-09	1.235176e+01	3.029323e+02
1.090000e-06	1.797550e-06	5.483759e-09	1.309921e+01	3.242996e+02
1.100000e-06	1.899653e-06	5.826705e-09	1.384326e+01	3.447834e+02
1.110000e-06	2.001289e-06	6.153560e-09	1.458391e+01	3.643922e+02
1.120000e-06	2.102382e-06	6.467509e-09	1.532060e+01	3.831413e+02
1.130000e-06	2.202877e-06	6.769974e-09	1.605294e+01	4.010514e+02
1.140000e-06	2.302705e-06	7.058327e-09	1.678041e+01	4.181482e+02
1.150000e-06	2.401803e-06	7.329300e-09	1.750256e+01	4.344614e+02
1.160000e-06	2.500095e-06	7.586553e-09	1.821884e+01	4.500240e+02
1.170000e-06	2.597512e-06	7.834053e-09	1.892874e+01	4.648715e+02
1.180000e-06	2.694058e-06	8.071610e-09	1.963230e+01	4.790411e+02
1.190000e-06	2.789764e-06	8.298206e-09	2.032973e+01	4.925704e+02
1.200000e-06	2.884611e-06	8.516779e-09	2.102091e+01	5.054957e+02
1.210000e-06	2.978688e-06	8.728862e-09	2.170647e+01	5.178511e+02
1.220000e-06	3.072006e-06	8.931080e-09	2.238650e+01	5.296673e+02
1.230000e-06	3.164538e-06	9.117917e-09	2.306081e+01	5.409703e+02
1.240000e-06	3.256219e-06	9.294489e-09	2.372891e+01	5.517823e+02
1.250000e-06	3.346860e-06	9.467011e-09	2.438943e+01	5.621220e+02
1.260000e-06	3.436342e-06	9.631658e-09	2.504151e+01	5.720064e+02
1.270000e-06	3.524734e-06	9.788283e-09	2.568565e+01	5.814527e+02
1.280000e-06	3.612152e-06	9.940479e-09	2.632269e+01	5.904798e+02
1.290000e-06	3.698631e-06	1.008916e-08	2.695288e+01	5.991099e+02
1.300000e-06	3.784192e-06	1.023057e-08	2.757639e+01	6.073679e+02
1.310000e-06	3.868857e-06	1.036249e-08	2.819336e+01	6.152806e+02
1.320000e-06	3.952545e-06	1.048804e-08	2.880322e+01	6.228744e+02
1.330000e-06	4.035178e-06	1.060871e-08	2.940538e+01	6.301734e+02
1.340000e-06	4.116693e-06	1.072337e-08	2.999940e+01	6.371968e+02
1.350000e-06	4.197057e-06	1.083344e-08	3.058504e+01	6.439580e+02
1.360000e-06	4.276215e-06	1.094318e-08	3.116188e+01	6.504654e+02
1.370000e-06	4.354132e-06	1.105344e-08	3.172968e+01	6.567232e+02
1.380000e-06	4.430900e-06	1.115811e-08	3.228911e+01	6.627344e+02
1.390000e-06	4.506389e-06	1.125388e-08	3.283922e+01	6.685034e+02
1.400000e-06	4.580407e-06	1.134619e-08	3.337861e+01	6.740377e+02
1.410000e-06	4.652998e-06	1.143569e-08	3.390760e+01	6.793492e+02
1.420000e-06	4.724256e-06	1.152052e-08	3.442687e+01	6.844531e+02
1.430000e-06	4.794198e-06	1.159988e-08	3.493656e+01	6.893666e+02
1.440000e-06	4.862905e-06	1.167638e-08	3.543724e+01	6.941059e+02
1.450000e-06	4.930279e-06	1.175393e-08	3.592822e+01	6.986843e+02
1.460000e-06	4.996078e-06	1.183163e-08	3.640771e+01	7.031107e+02
1.470000e-06	5.060324e-06	1.190561e-08	3.687589e+01	7.073889e+02
1.480000e-06	5.123197e-06	1.197446e-08	3.733406e+01	7.115192e+02
1.490000e-06	5.184799e-06	1.204119e-08	3.778297e+01	7.154998e+02
1.500000e-06	5.245135e-06	1.210738e-08	3.822266e+01	7.193289e+02
1.510000e-06	5.303949e-06	1.217110e-08	3.865125e+01	7.230063e+02
1.520000e-06	5.361001e-06	1.223023e-08	3.906700e+01	7.265338e+02
1.530000e-06	5.416434e-06	1.228710e-08	3.947095e+01	7.299153e+02
1.540000e-06	5.470331e-06	1.234022e-08	3.986371e+01	7.331548e+02
1.550000e-06	5.522431e-06	1.238993e-08	4.024338e+01	7.362561e+02
1.560000e-06	5.572507e-06	1.243741e-08	4.060829e+01	7.392213e+02
1.570000e-06	5.620747e-06	1.248464e-08	4.095983e+01	7.420510e+02
1.580000e-06	5.667389e-06	1.253299e-08	4.129973e+01	7.447457e+02
1.590000e-06	5.712535e-06	1.257960e-08	4.162872e+01	7.473064e+02
1.600000e-06	5.756106e-06	1.262241e-08	4.194623e+01	7.497368e+02
1.610000e-06	5.797842e-06	1.266056e-08	4.225037e+01	7.520435e+02
1.620000e-06	5.837893e-06	1.269338e-08	4.254223e+01	7.542356e+02
1.630000e-06	5.876409e-06	1.272205e-08	4.282291e+01	7.563232e+02
1.640000e-06	5.913420e-06	1.275080e-08	4.309262e+01	7.583148e+02
1.650000e-06	5.948909e-06	1.278129e-08	4.335124e+01	7.602155e+02
1.660000e-06	5.982602e-06	1.281307e-08	4.359677e+01	7.620253e+02
1.670000e-06	6.014538e-06	1.284346e-08	4.382949e+01	7.637394e+02
1.680000e-06	6.044895e-06	1.287301e-08	4.405071e+01	7.653503e+02
1.690000e-06	6.073761e-06	1.290065e-08	4.426107e+01	7.668505e+02
1.700000e-06	6.101069e-06	1.292368e-08	4.446007e+01	7.682357e+02
1.710000e-06	6.126450e-06	1.294052e-08	4.464502e+01	7.695074e+02
1.720000e-06	6.149995e-06	1.295516e-08	4.481660e+01	7.706733e+02
1.730000e-06	6.172028e-06	1.297167e-08	4.497716e+01	7.717453e+02
1.740000e-06	6.192547e-06	1.298613e-08	4.512669e+01	7.727369e+02
1.750000e-06	6.211386e-06	1.300056e-08	4.526398e+01	7.736582e+02
1.760000e-06	6.228395e-06	1.301474e-08	4.538792e+01	7.745128e+02
1.770000e-06	6.243610e-06	1.302983e-08	4.549880e+01	7.752962e+02
1.780000e-06	6.256996e-06	1.304258e-08	4.559634e+01	7.759966e+02
1.790000e-06	6.268329e-06	1.304966e-08	4.567894e+01	7.765983e+02
1.800000e-06	6.277578e-06	1.305415e-08	4.574633e+01	7.770866e+02
1.810000e-06	6.285069e-06	1.305789e-08	4.580092e+01	7.774530e+02
1.820000e-06	6.290933e-06	1.306040e-08	4.584365e+01	7.776982e+02
1.830000e-06	6.295089e-06	1.305861e-08	4.587394e+01	7.778327e+02
1.840000e-06	6.297333e-06	1.305686e-08	4.589029e+01	7.778731e+02
1.850000e-06	6.297650e-06	1.305823e-08	4.589260e+01	7.778375e+02
1.860000e-06	6.296302e-06	1.306129e-08	4.588278e+01	7.777387e+02
1.870000e-06	6.293416e-06	1.306175e-08	4.586174e+01	7.775789e+02
1.880000e-06	6.288895e-06	1.305778e-08	4.582880e+01	7.773482e+02
1.890000e-06	6.282527e-06	1.305137e-08	4.578239e+01	7.770262e+02
1.900000e-06	6.274489e-06	1.304220e-08	4.572382e+01	7.765881e+02
1.910000e-06	6.264951e-06	1.302866e-08	4.565431e+01	7.760129e+02
1.920000e-06	6.253764e-06	1.300851e-08	4.557279e+01	7.752914e+02
1.930000e-06	6.240702e-06	1.300108e-08	4.547761e+01	7.744312e+02
1.940000e-06	6.225556e-06	1.303865e-08	4.536723e+01	7.734579e+02
1.950000e-06	6.208055e-06	1.303213e-08	4.523970e+01	7.724098e+02
1.960000e-06	6.187914e-06	1.297938e-08	4.509293e+01	7.713294e+02
1.970000e-06	6.165503e-06	1.290613e-08	4.492961e+01	7.702516e+02
1.980000e-06	6.141973e-06	1.284853e-08	4.475814e+01	7.691940e+02
1.990000e-06	6.117948e-06	1.294247e-08	4.458306e+01	7.681505e+02
2.000000e-06	6.092586e-06	1.293859e-08	4.439825e+01	7.670909e+02
2.010000e-06	6.065441e-06	1.282819e-08	4.420043e+01	7.659670e+02
2.020000e-06	6.037080e-06	1.289250e-08	4.399376e+01	7.647233e+02
2.030000e-06	6.006831e-06	1.288765e-08	4.377333e+01	7.633100e+02
2.040000e-06	5.974300e-06	1.282842e-08	4.353627e+01	7.616945e+02
2.050000e-06	5.940394e-06	1.284425e-08	4.328918e+01	7.598682e+02
2.060000e-06	5.905055e-06	1.270601e-08	4.303166e+01	7.578473e+02
2.070000e-06	5.867982e-06	1.267728e-08	4.276150e+01	7.556669e+02
2.080000e-06	5.829169e-06	1.277093e-08	4.247866e+01	7.533704e+02
2.090000e-06	5.788511e-06	1.264426e-08	4.218237e+01	7.509975e+02
2.100000e-06	5.746466e-06	1.256699e-08	4.187598e+01	7.485738e+02
2.110000e-06	5.702966e-06	1.256588e-08	4.155899e+01	7.461044e+02
2.120000e-06	5.657490e-06	1.254212e-08	4.122759e+01	7.435742e+02
2.130000e-06	5.610523e-06	1.250687e-08	4.088533e+01	7.409534e+02
2.140000e-06	5.562141e-06	1.236313e-08	4.053276e+01	7.382067e+02
2.150000e-06	5.511990e-06	1.236789e-08	4.016730e+01	7.353031e+02
2.160000e-06	5.459995e-06	1.239571e-08	3.978839e+01	7.322243e+02
2.170000e-06	5.405959e-06	1.228341e-08	3.939462e+01	7.289679e+02
2.180000e-06	5.350250e-06	1.219382e-08	3.898866e+01	7.255463e+02
2.190000e-06	5.293000e-06	1.212205e-08	3.857146e+01	7.219805e+02
2.200000e-06	5.234255e-06	1.214226e-08	3.814337e+01	7.182926e+02
2.210000e-06	5.174137e-06	1.206011e-08	3.770527e+01	7.144979e+02
2.220000e-06	5.112348e-06	1.192187e-08	3.725500e+01	7.106001e+02
2.230000e-06	5.048925e-06	1.191144e-08	3.679282e+01	7.065903e+02
2.240000e-06	4.983888e-06	1.185390e-08	3.631888e+01	7.024503e+02
2.250000e-06	4.917442e-06	1.177735e-08	3.583467e+01	6.981585e+02
2.260000e-06	4.849788e-06	1.164772e-08	3.534166e+01	6.936968e+02
2.270000e-06	4.780570e-06	1.157546e-08	3.483725e+01	6.890554e+02
2.280000e-06	4.709706e-06	1.155910e-08	3.432084e+01	6.842355e+02
2.290000e-06	4.637495e-06	1.144064e-08	3.379462e+01	6.792474e+02
2.300000e-06	4.564170e-06	1.133830e-08	3.326028e+01	6.741063e+02
2.310000e-06	4.489585e-06	1.124234e-08	3.271677e+01	6.688264e+02
2.320000e-06	4.413574e-06	1.118864e-08	3.216285e+01	6.634158e+02
2.330000e-06	4.336020e-06	1.109373e-08	3.159770e+01	6.578729e+02
2.340000e-06	4.257021e-06	1.095677e-08	3.102201e+01	6.521872e+02
2.350000e-06	4.176956e-06	1.087420e-08	3.043855e+01	6.463418e+02
2.360000e-06	4.095849e-06	1.078702e-08	2.984751e+01	6.403184e+02
2.370000e-06	4.013709e-06	1.069773e-08	2.924893e+01	6.341024e+02
2.380000e-06	3.930605e-06	1.054801e-08	2.864333e+01	6.276858e+02
2.390000e-06	3.846547e-06	1.042768e-08	2.803078e+01	6.210684e+02
2.400000e-06	3.761338e-06	1.034895e-08	2.740984e+01	6.142555e+02
2.410000e-06	3.674807e-06	1.023645e-08	2.677927e+01	6.072537e+02
2.420000e-06	3.587239e-06	1.009750e-08	2.614114e+01	6.000666e+02
2.430000e-06	3.498806e-06	9.956723e-09	2.549671e+01	5.926906e+02
2.440000e-06	3.409504e-06	9.859756e-09	2.484593e+01	5.851133e+02
2.450000e-06	3.319267e-06	9.730133e-09	2.418836e+01	5.773154e+02
2.460000e-06	3.228159e-06	9.568018e-09	2.352443e+01	5.692734e+02
2.470000e-06	3.136205e-06	9.420488e-09	2.285433e+01	5.609650e+02
2.480000e-06	3.043303e-06	9.300743e-09	2.217733e+01	5.523728e+02
2.490000e-06	2.949454e-06	9.171255e-09	2.149343e+01	5.434874e+02
2.500000e-06	2.854630e-06	8.997824e-09	2.080242e+01	5.343071e+02
2.510000e-06	2.758849e-06	8.828446e-09	2.010445e+01	5.248358e+02
2.520000e-06	2.662202e-06	8.676747e-09	1.940015e+01	5.150789e+02
2.530000e-06	2.564914e-06	8.518200e-09	1.869119e+01	5.050384e+02
2.540000e-06	2.467030e-06	8.328497e-09	1.797788e+01	4.947100e+02
2.550000e-06	2.368397e-06	8.137631e-09	1.725912e+01	4.840808e+02
2.560000e-06	2.269064e-06	7.966659e-09	1.653526e+01	4.731308e+02
2.570000e-06	2.169171e-06	7.791687e-09	1.580731e+01	4.618347e+02
2.580000e-06	2.068709e-06	7.586645e-09	1.507522e+01	4.501660e+02
2.590000e-06	1.967565e-06	7.371936e-09	1.433815e+01	4.381004e+02
2.600000e-06	1.865625e-06	7.173925e-09	1.359529e+01	4.256174e+02
2.610000e-06	1.762949e-06	6.969103e-09	1.284706e+01	4.127014e+02
2.620000e-06	1.659746e-06	6.737976e-09	1.209500e+01	3.993397e+02
2.630000e-06	1.556113e-06	6.493238e-09	1.133979e+01	3.855204e+02
2.640000e-06	1.452063e-06	6.259269e-09	1.058155e+01	3.712298e+02
2.650000e-06	1.347617e-06	6.022080e-09	9.820434e+00	3.564497e+02
2.660000e-06	1.242847e-06	5.759826e-09	9.056949e+00	3.411568e+02
2.670000e-06	1.137848e-06	5.481796e-09	8.291789e+00	3.253226e+02
2.680000e-06	1.032631e-06	5.208435e-09	7.525049e+00	3.089142e+02
2.690000e-06	9.272051e-07	4.935893e-09	6.756783e+00	2.918955e+02
2.700000e-06	8.215856e-07	4.640124e-09	5.987106e+00	2.742279e+02
2.710000e-06	7.157815e-07	4.321362e-09	5.216084e+00	2.558711e+02
2.720000e-06	6.098043e-07	4.001266e-09	4.443801e+00	2.367827e+02
2.730000e-06	5.036610e-07	3.678268e-09	3.670308e+00	2.169189e+02
2.740000e-06	3.974085e-07	3.328990e-09	2.896019e+00	1.962364e+02
2.750000e-06	2.911848e-07	2.955946e-09	2.121939e+00	1.746952e+02
2.760000e-06	1.849465e-07	2.578496e-09	1.347753e+00	1.522644e+02
2.770000e-06	7.860764e-08	2.197467e-09	5.728342e-01	1.289289e+02
2.780000e-06	-2.774818e-08	1.794060e-09	-2.022082e-01	1.046971e+02
2.790000e-06	-1.340523e-07	1.364121e-09	-9.768740e-01	7.960729e+01
2.800000e-06	-2.403079e-07	9.282635e-10	-1.751186e+00	5.373265e+01
2.810000e-06	-3.465497e-07	4.911345e-10	-2.525397e+00	2.718177e+01
2.820000e-06	-4.527272e-07	3.702719e-11	-3.299140e+00	9.584305e-02
2.830000e-06	-5.587281e-07	-4.354485e-10	-4.071596e+00	-2.735820e+01
2.840000e-06	-6.645493e-07	-9.059866e-10	-4.842742e+00	-5.499740e+01
2.850000e-06	-7.702712e-07	-1.366220e-09	-5.613165e+00	-8.263384e+01
2.860000e-06	-8.758340e-07	-1.826835e-09	-6.382428e+00	-1.100855e+02
2.870000e-06	-9.811693e-07	-2.289014e-09	-7.150034e+00	-1.371856e+02
2.880000e-06	-1.086280e-06	-2.739778e-09	-7.916000e+00	-1.637888e+02
2.890000e-06	-1.191158e-06	-3.171486e-09	-8.680273e+00	-1.897750e+02
2.900000e-06	-1.295757e-06	-3.593401e-09	-9.442513e+00	-2.150497e+02
2.910000e-06	-1.400027e-06	-4.010025e-09	-1.020236e+01	-2.395426e+02
2.920000e-06	-1.503929e-06	-4.414234e-09	-1.095952e+01	-2.632047e+02
2.930000e-06	-1.607334e-06	-4.799461e-09	-1.171306e+01	-2.860045e+02
2.940000e-06	-1.710210e-06	-5.169680e-09	-1.246274e+01	-3.079251e+02
2.950000e-06	-1.812603e-06	-5.529267e-09	-1.320890e+01	-3.289609e+02
2.960000e-06	-1.914411e-06	-5.872603e-09	-1.395081e+01	-3.491156e+02
2.970000e-06	-2.015523e-06	-6.195319e-09	-1.468764e+01	-3.684003e+02
2.980000e-06	-2.115944e-06	-6.502659e-09	-1.541943e+01	-3.868325e+02
2.990000e-06	-2.215757e-06	-6.802501e-09	-1.614680e+01	-4.044348e+02
3.000000e-06	-2.314981e-06	-7.089907e-09	-1.686986e+01	-4.212345e+02
3.010000e-06	-2.413526e-06	-7.359867e-09	-1.758799e+01	-4.372626e+02
3.020000e-06	-2.511359e-06	-7.616217e-09	-1.830092e+01	-4.525531e+02
3.030000e-06	-2.608498e-06	-7.864425e-09	-1.900880e+01	-4.671424e+02
3.040000e-06	-2.704934e-06	-8.103831e-09	-1.971155e+01	-4.810679e+02
3.050000e-06	-2.800648e-06	-8.327407e-09	-2.040904e+01	-4.943669e+02
3.060000e-06	-2.895618e-06	-8.538376e-09	-2.110112e+01	-5.070751e+02
3.070000e-06	-2.989700e-06	-8.743595e-09	-2.178671e+01	-5.192254e+02
3.080000e-06	-3.082757e-06	-8.940810e-09	-2.246485e+01	-5.308467e+02
3.090000e-06	-3.174813e-06	-9.126561e-09	-2.313568e+01	-5.419636e+02
3.100000e-06	-3.265913e-06	-9.303314e-09	-2.379955e+01	-5.525968e+02
3.110000e-06	-3.356018e-06	-9.476633e-09	-2.445617e+01	-5.627642e+02
3.120000e-06	-3.445155e-06	-9.644761e-09	-2.510573e+01	-5.724826e+02
3.130000e-06	-3.533410e-06	-9.801081e-09	-2.574887e+01	-5.817697e+02
3.140000e-06	-3.620751e-06	-9.949291e-09	-2.638535e+01	-5.906456e+02
3.150000e-06	-3.707060e-06	-1.009324e-08	-2.701431e+01	-5.991335e+02
3.160000e-06	-3.792264e-06	-1.023284e-08	-2.763521e+01	-6.072592e+02
3.170000e-06	-3.876338e-06	-1.036409e-08	-2.824788e+01	-6.150498e+02
3.180000e-06	-3.959335e-06	-1.048774e-08	-2.885270e+01	-6.225308e+02
3.190000e-06	-4.041331e-06	-1.060972e-08	-2.945022e+01	-6.297249e+02
3.200000e-06	-4.122299e-06	-1.072899e-08	-3.004026e+01	-6.366491e+02
3.210000e-06	-4.202233e-06	-1.084259e-08	-3.062276e+01	-6.433148e+02
3.220000e-06	-4.280971e-06	-1.094696e-08	-3.119654e+01	-6.497286e+02
3.230000e-06	-4.358375e-06	-1.104958e-08	-3.176061e+01	-6.558940e+02
3.240000e-06	-4.434398e-06	-1.115148e-08	-3.231461e+01	-6.618141e+02
3.250000e-06	-4.508995e-06	-1.124772e-08	-3.285821e+01	-6.674944e+02
3.260000e-06	-4.582297e-06	-1.133683e-08	-3.339238e+01	-6.729439e+02
3.270000e-06	-4.654421e-06	-1.142211e-08	-3.391797e+01	-6.781760e+02
3.280000e-06	-4.725224e-06	-1.150923e-08	-3.443393e+01	-6.832069e+02
3.290000e-06	-4.794512e-06	-1.159378e-08	-3.493885e+01	-6.880537e+02
3.300000e-06	-4.862361e-06	-1.167144e-08	-3.543328e+01	-6.927317e+02
3.310000e-06	-4.928908e-06	-1.174685e-08	-3.591822e+01	-6.972528e+02
3.320000e-06	-4.994128e-06	-1.182274e-08	-3.639350e+01	-7.016238e+02
3.330000e-06	-5.058001e-06	-1.189449e-08	-3.685896e+01	-7.058471e+02
3.340000e-06	-5.120464e-06	-1.195861e-08	-3.731415e+01	-7.099219e+02
3.350000e-06	-5.181234e-06	-1.201944e-08	-3.775699e+01	-7.138462e+02
3.360000e-06	-5.240401e-06	-1.208424e-08	-3.818815e+01	-7.176187e+02
3.370000e-06	-5.298208e-06	-1.214823e-08	-3.860941e+01	-7.212400e+02
3.380000e-06	-5.354576e-06	-1.220736e-08	-3.902018e+01	-7.247126e+02
3.390000e-06	-5.409399e-06	-1.226349e-08	-3.941969e+01	-7.280408e+02
3.400000e-06	-5.462353e-06	-1.231801e-08	-3.980558e+01	-7.312285e+02
3.410000e-06	-5.513403e-06	-1.236985e-08	-4.017759e+01	-7.342790e+02
3.420000e-06	-5.562707e-06	-1.241560e-08	-4.053688e+01	-7.371937e+02
3.430000e-06	-5.610098e-06	-1.246030e-08	-4.088224e+01	-7.399732e+02
3.440000e-06	-5.655740e-06	-1.250740e-08	-4.121484e+01	-7.426178e+02
3.450000e-06	-5.699947e-06	-1.255369e-08	-4.153698e+01	-7.451295e+02
3.460000e-06	-5.742804e-06	-1.259611e-08	-4.184929e+01	-7.475130e+02
3.470000e-06	-5.784225e-06	-1.263394e-08	-4.215114e+01	-7.497759e+02
3.480000e-06	-5.824136e-06	-1.267002e-08	-4.244198e+01	-7.519281e+02
3.490000e-06	-5.862448e-06	-1.270513e-08	-4.272117e+01	-7.539792e+02
3.500000e-06	-5.899016e-06	-1.273840e-08	-4.298765e+01	-7.559368e+02
3.510000e-06	-5.933899e-06	-1.277074e-08	-4.324185e+01	-7.578041e+02
3.520000e-06	-5.967206e-06	-1.280309e-08	-4.348457e+01	-7.595791e+02
3.530000e-06	-5.998943e-06	-1.283563e-08	-4.371585e+01	-7.612559e+02
3.540000e-06	-6.028863e-06	-1.286304e-08	-4.393388e+01	-7.628264e+02
3.550000e-06	-6.056929e-06	-1.288487e-08	-4.413841e+01	-7.642841e+02
3.560000e-06	-6.083453e-06	-1.290777e-08	-4.433169e+01	-7.656267e+02
3.570000e-06	-6.108393e-06	-1.293048e-08	-4.451344e+01	-7.668579e+02
3.580000e-06	-6.131633e-06	-1.295099e-08	-4.468279e+01	-7.679874e+02
3.590000e-06	-6.153026e-06	-1.296974e-08	-4.483869e+01	-7.690282e+02
3.600000e-06	-6.172635e-06	-1.298747e-08	-4.498159e+01	-7.699929e+02
3.610000e-06	-6.190674e-06	-1.300471e-08	-4.511304e+01	-7.708896e+02
3.620000e-06	-6.207124e-06	-1.301865e-08	-4.523292e+01	-7.717189e+02
3.630000e-06	-6.221755e-06	-1.303081e-08	-4.533953e+01	-7.724733e+02
3.640000e-06	-6.234243e-06	-1.304345e-08	-4.543054e+01	-7.731390e+02
3.650000e-06	-6.244768e-06	-1.305586e-08	-4.550724e+01	-7.737000e+02
3.660000e-06	-6.253608e-06	-1.306488e-08	-4.557166e+01	-7.741435e+02
3.670000e-06	-6.260711e-06	-1.307038e-08	-4.562342e+01	-7.744642e+02
3.680000e-06	-6.265896e-06	-1.307482e-08	-4.566120e+01	-7.746667e+02
3.690000e-06	-6.269273e-06	-1.307819e-08	-4.568581e+01	-7.747641e+02
3.700000e-06	-6.271030e-06	-1.308069e-08	-4.569862e+01	-7.747745e+02
3.710000e-06	-6.271133e-06	-1.308068e-08	-4.569937e+01	-7.747146e+02
