# Temperatura_=_20.0
# Concentracion g/m^3_=_12000.0
# C_Vs_to_Am_M_A/Vsm_=_59384043850.047264
# pendiente_HvsI_1/m_=_3716.3
# ordenada_HvsI_A/m_=_1297.0
# frecuencia_Hz_=_269359.84512077126

Tiempo_(s)	Campo_(V.s)	Magnetizacion_(V.s)	Campo_(kA/m)	Magnetizacion_(A/m)
0.000000e+00	-6.249515e-06	-1.305315e-08	-4.569719e+01	-7.734833e+02
1.000000e-08	-6.247448e-06	-1.305175e-08	-4.568207e+01	-7.733938e+02
2.000000e-08	-6.243594e-06	-1.305316e-08	-4.565389e+01	-7.732276e+02
3.000000e-08	-6.238156e-06	-1.305053e-08	-4.561412e+01	-7.729647e+02
4.000000e-08	-6.231142e-06	-1.304257e-08	-4.556284e+01	-7.725820e+02
5.000000e-08	-6.222533e-06	-1.303332e-08	-4.549989e+01	-7.720609e+02
6.000000e-08	-6.212085e-06	-1.302121e-08	-4.542349e+01	-7.713938e+02
7.000000e-08	-6.199704e-06	-1.300178e-08	-4.533296e+01	-7.705887e+02
8.000000e-08	-6.185512e-06	-1.298985e-08	-4.522919e+01	-7.696694e+02
9.000000e-08	-6.169138e-06	-1.295594e-08	-4.510946e+01	-7.686709e+02
1.000000e-07	-6.150414e-06	-1.291207e-08	-4.497255e+01	-7.676314e+02
1.100000e-07	-6.129786e-06	-1.292031e-08	-4.482172e+01	-7.665832e+02
1.200000e-07	-6.107595e-06	-1.292797e-08	-4.465945e+01	-7.655437e+02
1.300000e-07	-6.084039e-06	-1.292959e-08	-4.448720e+01	-7.645104e+02
1.400000e-07	-6.059283e-06	-1.293533e-08	-4.430619e+01	-7.634601e+02
1.500000e-07	-6.032916e-06	-1.282439e-08	-4.411339e+01	-7.623539e+02
1.600000e-07	-6.004921e-06	-1.281285e-08	-4.390869e+01	-7.611456e+02
1.700000e-07	-5.975572e-06	-1.286263e-08	-4.369408e+01	-7.597917e+02
1.800000e-07	-5.944548e-06	-1.275266e-08	-4.346723e+01	-7.582611e+02
1.900000e-07	-5.912000e-06	-1.271881e-08	-4.322923e+01	-7.565402e+02
2.000000e-07	-5.877989e-06	-1.270564e-08	-4.298055e+01	-7.546349e+02
2.100000e-07	-5.842181e-06	-1.266168e-08	-4.271871e+01	-7.525661e+02
2.200000e-07	-5.804746e-06	-1.268223e-08	-4.244498e+01	-7.503631e+02
2.300000e-07	-5.765736e-06	-1.260950e-08	-4.215974e+01	-7.480548e+02
2.400000e-07	-5.724983e-06	-1.252448e-08	-4.186174e+01	-7.456617e+02
2.500000e-07	-5.682437e-06	-1.254104e-08	-4.155064e+01	-7.431921e+02
2.600000e-07	-5.638109e-06	-1.248645e-08	-4.122652e+01	-7.406409e+02
2.700000e-07	-5.592205e-06	-1.242635e-08	-4.089086e+01	-7.379930e+02
2.800000e-07	-5.544726e-06	-1.236036e-08	-4.054369e+01	-7.352289e+02
2.900000e-07	-5.495369e-06	-1.230788e-08	-4.018278e+01	-7.323312e+02
3.000000e-07	-5.443924e-06	-1.230691e-08	-3.980661e+01	-7.292893e+02
3.100000e-07	-5.390613e-06	-1.222872e-08	-3.941680e+01	-7.261016e+02
3.200000e-07	-5.335774e-06	-1.214392e-08	-3.901580e+01	-7.227745e+02
3.300000e-07	-5.279445e-06	-1.210081e-08	-3.860392e+01	-7.193187e+02
3.400000e-07	-5.221478e-06	-1.207511e-08	-3.818006e+01	-7.157447e+02
3.500000e-07	-5.161880e-06	-1.199622e-08	-3.774427e+01	-7.120578e+02
3.600000e-07	-5.100778e-06	-1.189368e-08	-3.729749e+01	-7.082562e+02
3.700000e-07	-5.038156e-06	-1.185296e-08	-3.683959e+01	-7.043303e+02
3.800000e-07	-4.974103e-06	-1.179710e-08	-3.637122e+01	-7.002656e+02
3.900000e-07	-4.908652e-06	-1.171399e-08	-3.589264e+01	-6.960467e+02
4.000000e-07	-4.841583e-06	-1.163095e-08	-3.540222e+01	-6.916610e+02
4.100000e-07	-4.772999e-06	-1.155323e-08	-3.490073e+01	-6.871025e+02
4.200000e-07	-4.703246e-06	-1.149763e-08	-3.439069e+01	-6.823723e+02
4.300000e-07	-4.632305e-06	-1.140805e-08	-3.387195e+01	-6.774775e+02
4.400000e-07	-4.560008e-06	-1.130775e-08	-3.334331e+01	-6.724281e+02
4.500000e-07	-4.486331e-06	-1.123099e-08	-3.280458e+01	-6.672331e+02
4.600000e-07	-4.411150e-06	-1.115479e-08	-3.225485e+01	-6.618971e+02
4.700000e-07	-4.334525e-06	-1.106358e-08	-3.169456e+01	-6.564188e+02
4.800000e-07	-4.256672e-06	-1.094708e-08	-3.112529e+01	-6.507911e+02
4.900000e-07	-4.177494e-06	-1.084984e-08	-3.054633e+01	-6.450025e+02
5.000000e-07	-4.096890e-06	-1.075729e-08	-2.995694e+01	-6.390410e+02
5.100000e-07	-4.015049e-06	-1.065412e-08	-2.935851e+01	-6.328962e+02
5.200000e-07	-3.932219e-06	-1.053940e-08	-2.875285e+01	-6.265620e+02
5.300000e-07	-3.848455e-06	-1.043173e-08	-2.814035e+01	-6.200365e+02
5.400000e-07	-3.763802e-06	-1.034031e-08	-2.752136e+01	-6.133208e+02
5.500000e-07	-3.678301e-06	-1.022240e-08	-2.689617e+01	-6.064168e+02
5.600000e-07	-3.591845e-06	-1.008697e-08	-2.626399e+01	-5.993246e+02
5.700000e-07	-3.504451e-06	-9.956768e-09	-2.562495e+01	-5.920397e+02
5.800000e-07	-3.416222e-06	-9.841466e-09	-2.497982e+01	-5.845528e+02
5.900000e-07	-3.327164e-06	-9.712409e-09	-2.432861e+01	-5.768501e+02
6.000000e-07	-3.237071e-06	-9.565306e-09	-2.366984e+01	-5.689153e+02
6.100000e-07	-3.145781e-06	-9.426686e-09	-2.300232e+01	-5.607319e+02
6.200000e-07	-3.053431e-06	-9.294974e-09	-2.232705e+01	-5.522854e+02
6.300000e-07	-2.960235e-06	-9.151820e-09	-2.164558e+01	-5.435650e+02
6.400000e-07	-2.866300e-06	-8.988717e-09	-2.095872e+01	-5.345636e+02
6.500000e-07	-2.771569e-06	-8.829593e-09	-2.026604e+01	-5.252768e+02
6.600000e-07	-2.676059e-06	-8.676450e-09	-1.956766e+01	-5.157010e+02
6.700000e-07	-2.579782e-06	-8.510509e-09	-1.886367e+01	-5.058317e+02
6.800000e-07	-2.482747e-06	-8.326615e-09	-1.815414e+01	-4.956619e+02
6.900000e-07	-2.384856e-06	-8.145752e-09	-1.743835e+01	-4.851816e+02
7.000000e-07	-2.285966e-06	-7.971526e-09	-1.671525e+01	-4.743777e+02
7.100000e-07	-2.186212e-06	-7.786816e-09	-1.598584e+01	-4.632353e+02
7.200000e-07	-2.085841e-06	-7.587715e-09	-1.525191e+01	-4.517383e+02
7.300000e-07	-1.985005e-06	-7.385399e-09	-1.451459e+01	-4.398705e+02
7.400000e-07	-1.883704e-06	-7.186568e-09	-1.377387e+01	-4.276159e+02
7.500000e-07	-1.781820e-06	-6.976591e-09	-1.302888e+01	-4.149582e+02
7.600000e-07	-1.679342e-06	-6.749663e-09	-1.227954e+01	-4.018802e+02
7.700000e-07	-1.576352e-06	-6.514538e-09	-1.152647e+01	-3.883629e+02
7.800000e-07	-1.472965e-06	-6.279534e-09	-1.077049e+01	-3.743848e+02
7.900000e-07	-1.369211e-06	-6.037865e-09	-1.001183e+01	-3.599221e+02
8.000000e-07	-1.265086e-06	-5.781952e-09	-9.250457e+00	-3.449490e+02
8.100000e-07	-1.160700e-06	-5.518087e-09	-8.487176e+00	-3.294376e+02
8.200000e-07	-1.056041e-06	-5.253038e-09	-7.721895e+00	-3.133591e+02
8.300000e-07	-9.511248e-07	-4.980985e-09	-6.954736e+00	-2.966828e+02
8.400000e-07	-8.460596e-07	-4.688429e-09	-6.186487e+00	-2.793758e+02
8.500000e-07	-7.408508e-07	-4.379455e-09	-5.417188e+00	-2.614020e+02
8.600000e-07	-6.354527e-07	-4.064500e-09	-4.646505e+00	-2.427210e+02
8.700000e-07	-5.298682e-07	-3.739093e-09	-3.874458e+00	-2.232885e+02
8.800000e-07	-4.241232e-07	-3.394583e-09	-3.101239e+00	-2.030582e+02
8.900000e-07	-3.182517e-07	-3.033589e-09	-2.327094e+00	-1.819850e+02
9.000000e-07	-2.123021e-07	-2.665908e-09	-1.552378e+00	-1.600317e+02
9.100000e-07	-1.063362e-07	-2.288395e-09	-7.775426e-01	-1.371751e+02
9.200000e-07	-3.527939e-10	-1.889888e-09	-2.579671e-03	-1.134144e+02
9.300000e-07	1.056009e-07	-1.470230e-09	7.721663e-01	-8.877713e+01
9.400000e-07	2.115076e-07	-1.040435e-09	1.546568e+00	-6.332411e+01
9.500000e-07	3.173631e-07	-6.022224e-10	2.320596e+00	-3.715049e+01
9.600000e-07	4.230571e-07	-1.517695e-10	3.093443e+00	-1.038380e+01
9.700000e-07	5.286420e-07	3.083052e-10	3.865492e+00	1.682165e+01
9.800000e-07	6.341646e-07	7.708380e-10	4.637086e+00	4.429290e+01
9.900000e-07	7.395388e-07	1.232710e-09	5.407595e+00	7.184802e+01
1.000000e-06	8.447149e-07	1.693531e-09	6.176654e+00	9.930611e+01
1.010000e-06	9.496984e-07	2.151885e-09	6.944306e+00	1.264963e+02
1.020000e-06	1.054479e-06	2.603775e-09	7.710471e+00	1.532649e+02
1.030000e-06	1.159022e-06	3.042134e-09	8.474904e+00	1.794801e+02
1.040000e-06	1.263257e-06	3.468942e-09	9.237082e+00	2.050344e+02
1.050000e-06	1.367174e-06	3.886284e-09	9.996935e+00	2.298445e+02
1.060000e-06	1.470716e-06	4.291038e-09	1.075405e+01	2.538497e+02
1.070000e-06	1.573816e-06	4.678159e-09	1.150793e+01	2.770091e+02
1.080000e-06	1.676517e-06	5.049201e-09	1.225889e+01	2.992983e+02
1.090000e-06	1.778794e-06	5.408772e-09	1.300675e+01	3.207064e+02
1.100000e-06	1.880643e-06	5.754060e-09	1.375148e+01	3.412329e+02
1.110000e-06	1.981970e-06	6.081132e-09	1.449239e+01	3.608859e+02
1.120000e-06	2.082725e-06	6.392626e-09	1.522913e+01	3.796802e+02
1.130000e-06	2.183028e-06	6.695979e-09	1.596256e+01	3.976367e+02
1.140000e-06	2.282808e-06	6.987068e-09	1.669216e+01	4.147815e+02
1.150000e-06	2.381776e-06	7.258463e-09	1.741583e+01	4.311454e+02
1.160000e-06	2.479773e-06	7.515925e-09	1.813239e+01	4.467629e+02
1.170000e-06	2.576845e-06	7.767669e-09	1.884220e+01	4.616711e+02
1.180000e-06	2.673124e-06	8.011069e-09	1.954620e+01	4.759082e+02
1.190000e-06	2.768605e-06	8.239862e-09	2.024436e+01	4.895117e+02
1.200000e-06	2.863235e-06	8.458019e-09	2.093631e+01	5.025165e+02
1.210000e-06	2.957124e-06	8.670248e-09	2.162283e+01	5.149536e+02
1.220000e-06	3.050234e-06	8.873270e-09	2.230367e+01	5.268496e+02
1.230000e-06	3.142545e-06	9.061561e-09	2.297866e+01	5.382268e+02
1.240000e-06	3.234028e-06	9.239258e-09	2.364759e+01	5.491044e+02
1.250000e-06	3.324504e-06	9.414470e-09	2.430916e+01	5.595000e+02
1.260000e-06	3.413826e-06	9.583239e-09	2.496229e+01	5.694318e+02
1.270000e-06	3.502079e-06	9.740346e-09	2.560761e+01	5.789201e+02
1.280000e-06	3.589388e-06	9.890943e-09	2.624602e+01	5.879880e+02
1.290000e-06	3.675732e-06	1.003968e-08	2.687739e+01	5.966609e+02
1.300000e-06	3.761134e-06	1.018400e-08	2.750185e+01	6.049659e+02
1.310000e-06	3.845606e-06	1.031828e-08	2.811952e+01	6.129293e+02
1.320000e-06	3.929159e-06	1.044508e-08	2.873047e+01	6.205749e+02
1.330000e-06	4.011642e-06	1.056974e-08	2.933360e+01	6.279225e+02
1.340000e-06	4.092948e-06	1.068879e-08	2.992811e+01	6.349872e+02
1.350000e-06	4.173103e-06	1.079957e-08	3.051422e+01	6.417799e+02
1.360000e-06	4.252095e-06	1.090531e-08	3.109182e+01	6.483089e+02
1.370000e-06	4.329940e-06	1.101202e-08	3.166103e+01	6.545816e+02
1.380000e-06	4.406635e-06	1.111871e-08	3.222183e+01	6.606064e+02
1.390000e-06	4.482022e-06	1.121831e-08	3.277307e+01	6.663938e+02
1.400000e-06	4.555856e-06	1.131208e-08	3.331295e+01	6.719563e+02
1.410000e-06	4.628238e-06	1.140246e-08	3.384222e+01	6.773079e+02
1.420000e-06	4.699388e-06	1.148943e-08	3.436247e+01	6.824623e+02
1.430000e-06	4.769277e-06	1.157094e-08	3.487351e+01	6.874315e+02
1.440000e-06	4.837882e-06	1.164674e-08	3.537516e+01	6.922244e+02
1.450000e-06	4.905210e-06	1.172245e-08	3.586747e+01	6.968468e+02
1.460000e-06	4.971014e-06	1.179976e-08	3.634864e+01	7.013019e+02
1.470000e-06	5.035275e-06	1.187460e-08	3.681852e+01	7.055921e+02
1.480000e-06	5.098178e-06	1.194397e-08	3.727847e+01	7.097201e+02
1.490000e-06	5.159702e-06	1.201054e-08	3.772835e+01	7.136906e+02
1.500000e-06	5.219908e-06	1.207730e-08	3.816858e+01	7.175101e+02
1.510000e-06	5.278710e-06	1.214008e-08	3.859855e+01	7.211862e+02
1.520000e-06	5.335809e-06	1.219765e-08	3.901606e+01	7.247263e+02
1.530000e-06	5.391259e-06	1.225426e-08	3.942152e+01	7.281350e+02
1.540000e-06	5.445172e-06	1.230967e-08	3.981573e+01	7.314137e+02
1.550000e-06	5.497315e-06	1.236206e-08	4.019701e+01	7.345593e+02
1.560000e-06	5.547440e-06	1.240974e-08	4.056353e+01	7.375663e+02
1.570000e-06	5.595665e-06	1.245609e-08	4.091616e+01	7.404284e+02
1.580000e-06	5.642298e-06	1.250388e-08	4.125714e+01	7.431417e+02
1.590000e-06	5.687437e-06	1.255024e-08	4.158721e+01	7.457069e+02
1.600000e-06	5.731075e-06	1.259164e-08	4.190629e+01	7.481307e+02
1.610000e-06	5.772936e-06	1.262939e-08	4.221238e+01	7.504256e+02
1.620000e-06	5.813052e-06	1.266605e-08	4.250572e+01	7.526070e+02
1.630000e-06	5.851691e-06	1.269959e-08	4.278825e+01	7.546905e+02
1.640000e-06	5.888808e-06	1.272832e-08	4.305966e+01	7.566878e+02
1.650000e-06	5.924347e-06	1.275671e-08	4.331952e+01	7.586043e+02
1.660000e-06	5.958112e-06	1.278715e-08	4.356642e+01	7.604384e+02
1.670000e-06	5.990173e-06	1.281771e-08	4.380085e+01	7.621823e+02
1.680000e-06	6.020667e-06	1.284523e-08	4.402382e+01	7.638253e+02
1.690000e-06	6.049583e-06	1.287118e-08	4.423526e+01	7.653577e+02
1.700000e-06	6.076974e-06	1.289573e-08	4.443555e+01	7.667743e+02
1.710000e-06	6.102468e-06	1.291611e-08	4.462196e+01	7.680763e+02
1.720000e-06	6.126131e-06	1.293407e-08	4.479499e+01	7.692713e+02
1.730000e-06	6.148259e-06	1.294999e-08	4.495679e+01	7.703710e+02
1.740000e-06	6.168863e-06	1.296515e-08	4.510745e+01	7.713870e+02
1.750000e-06	6.187871e-06	1.297884e-08	4.524643e+01	7.723275e+02
1.760000e-06	6.204999e-06	1.299084e-08	4.537168e+01	7.731943e+02
1.770000e-06	6.220282e-06	1.300237e-08	4.548343e+01	7.739817e+02
1.780000e-06	6.233864e-06	1.301324e-08	4.558275e+01	7.746792e+02
1.790000e-06	6.245539e-06	1.302280e-08	4.566811e+01	7.752745e+02
1.800000e-06	6.255089e-06	1.303111e-08	4.573794e+01	7.757582e+02
1.810000e-06	6.262745e-06	1.303694e-08	4.579393e+01	7.761277e+02
1.820000e-06	6.268743e-06	1.304275e-08	4.583778e+01	7.763883e+02
1.830000e-06	6.273102e-06	1.304839e-08	4.586966e+01	7.765523e+02
1.840000e-06	6.275640e-06	1.304983e-08	4.588821e+01	7.766350e+02
1.850000e-06	6.276240e-06	1.304707e-08	4.589260e+01	7.766494e+02
1.860000e-06	6.275128e-06	1.304330e-08	4.588447e+01	7.766008e+02
1.870000e-06	6.272467e-06	1.304228e-08	4.586502e+01	7.764843e+02
1.880000e-06	6.268208e-06	1.303849e-08	4.583387e+01	7.762843e+02
1.890000e-06	6.262133e-06	1.303491e-08	4.578945e+01	7.759789e+02
1.900000e-06	6.254342e-06	1.303005e-08	4.573248e+01	7.755458e+02
1.910000e-06	6.244988e-06	1.302312e-08	4.566409e+01	7.749698e+02
1.920000e-06	6.233973e-06	1.301825e-08	4.558354e+01	7.742490e+02
1.930000e-06	6.221175e-06	1.298982e-08	4.548996e+01	7.733974e+02
1.940000e-06	6.206343e-06	1.299309e-08	4.538151e+01	7.724437e+02
1.950000e-06	6.189218e-06	1.300832e-08	4.525629e+01	7.714252e+02
1.960000e-06	6.169570e-06	1.295845e-08	4.511262e+01	7.703791e+02
1.970000e-06	6.147587e-06	1.292975e-08	4.495187e+01	7.693330e+02
1.980000e-06	6.124303e-06	1.285403e-08	4.478162e+01	7.682971e+02
1.990000e-06	6.100455e-06	1.285178e-08	4.460724e+01	7.672609e+02
2.000000e-06	6.075363e-06	1.298576e-08	4.442377e+01	7.661946e+02
2.010000e-06	6.048495e-06	1.285943e-08	4.422730e+01	7.650554e+02
2.020000e-06	6.020406e-06	1.280562e-08	4.402192e+01	7.637969e+02
2.030000e-06	5.990651e-06	1.292168e-08	4.380434e+01	7.623794e+02
2.040000e-06	5.958565e-06	1.280857e-08	4.356973e+01	7.607777e+02
2.050000e-06	5.924926e-06	1.279553e-08	4.332375e+01	7.589859e+02
2.060000e-06	5.889966e-06	1.278498e-08	4.306812e+01	7.570160e+02
2.070000e-06	5.853330e-06	1.263720e-08	4.280023e+01	7.548931e+02
2.080000e-06	5.814967e-06	1.272238e-08	4.251972e+01	7.526473e+02
2.090000e-06	5.774735e-06	1.269112e-08	4.222554e+01	7.503052e+02
2.100000e-06	5.732979e-06	1.254861e-08	4.192021e+01	7.478830e+02
2.110000e-06	5.689841e-06	1.259362e-08	4.160478e+01	7.453839e+02
2.120000e-06	5.644809e-06	1.251357e-08	4.127551e+01	7.427983e+02
2.130000e-06	5.598140e-06	1.249460e-08	4.093425e+01	7.401089e+02
2.140000e-06	5.550035e-06	1.243185e-08	4.058251e+01	7.372963e+02
2.150000e-06	5.500214e-06	1.230355e-08	4.021821e+01	7.343452e+02
2.160000e-06	5.448590e-06	1.236052e-08	3.984073e+01	7.312481e+02
2.170000e-06	5.394932e-06	1.228192e-08	3.944838e+01	7.280068e+02
2.180000e-06	5.339551e-06	1.219952e-08	3.904342e+01	7.246299e+02
2.190000e-06	5.282672e-06	1.213366e-08	3.862752e+01	7.211286e+02
2.200000e-06	5.224223e-06	1.208665e-08	3.820013e+01	7.175118e+02
2.210000e-06	5.164431e-06	1.209990e-08	3.776292e+01	7.137823e+02
2.220000e-06	5.103065e-06	1.193528e-08	3.731421e+01	7.099354e+02
2.230000e-06	5.039954e-06	1.188088e-08	3.685273e+01	7.059591e+02
2.240000e-06	4.975290e-06	1.185057e-08	3.637991e+01	7.018381e+02
2.250000e-06	4.909285e-06	1.175338e-08	3.589727e+01	6.975576e+02
2.260000e-06	4.842050e-06	1.168428e-08	3.540564e+01	6.931072e+02
2.270000e-06	4.773336e-06	1.155516e-08	3.490319e+01	6.884837e+02
2.280000e-06	4.703036e-06	1.154150e-08	3.438915e+01	6.836905e+02
2.290000e-06	4.631297e-06	1.145297e-08	3.386459e+01	6.787364e+02
2.300000e-06	4.558276e-06	1.133540e-08	3.333065e+01	6.736313e+02
2.310000e-06	4.484035e-06	1.125748e-08	3.278779e+01	6.683829e+02
2.320000e-06	4.408483e-06	1.115727e-08	3.223534e+01	6.629939e+02
2.330000e-06	4.331561e-06	1.110415e-08	3.167288e+01	6.574605e+02
2.340000e-06	4.253161e-06	1.096148e-08	3.109961e+01	6.517737e+02
2.350000e-06	4.173451e-06	1.086339e-08	3.051676e+01	6.459215e+02
2.360000e-06	4.092684e-06	1.077332e-08	2.992618e+01	6.398920e+02
2.370000e-06	4.010916e-06	1.067911e-08	2.932829e+01	6.336766e+02
2.380000e-06	3.928184e-06	1.057371e-08	2.872334e+01	6.272704e+02
2.390000e-06	3.844540e-06	1.042518e-08	2.811173e+01	6.206731e+02
2.400000e-06	3.759840e-06	1.034282e-08	2.749239e+01	6.138865e+02
2.410000e-06	3.673822e-06	1.023110e-08	2.686342e+01	6.069119e+02
2.420000e-06	3.586638e-06	1.010479e-08	2.622592e+01	5.997480e+02
2.430000e-06	3.498516e-06	9.957166e-09	2.558156e+01	5.923885e+02
2.440000e-06	3.409497e-06	9.836872e-09	2.493064e+01	5.848223e+02
2.450000e-06	3.319574e-06	9.731624e-09	2.427311e+01	5.770344e+02
2.460000e-06	3.228769e-06	9.579404e-09	2.360914e+01	5.690080e+02
2.470000e-06	3.137173e-06	9.431492e-09	2.293938e+01	5.607273e+02
2.480000e-06	3.044760e-06	9.291908e-09	2.226364e+01	5.521789e+02
2.490000e-06	2.951418e-06	9.169777e-09	2.158112e+01	5.433537e+02
2.500000e-06	2.857031e-06	9.010232e-09	2.089094e+01	5.342454e+02
2.510000e-06	2.761644e-06	8.834131e-09	2.019347e+01	5.248505e+02
2.520000e-06	2.665420e-06	8.675295e-09	1.948986e+01	5.151650e+02
2.530000e-06	2.568517e-06	8.523605e-09	1.878130e+01	5.051838e+02
2.540000e-06	2.470989e-06	8.351519e-09	1.806816e+01	4.948988e+02
2.550000e-06	2.372728e-06	8.157395e-09	1.734967e+01	4.842986e+02
2.560000e-06	2.273744e-06	7.979460e-09	1.662588e+01	4.733694e+02
2.570000e-06	2.174132e-06	7.802632e-09	1.589751e+01	4.620957e+02
2.580000e-06	2.074023e-06	7.606443e-09	1.516550e+01	4.504614e+02
2.590000e-06	1.973384e-06	7.388912e-09	1.442961e+01	4.384502e+02
2.600000e-06	1.872016e-06	7.183537e-09	1.368840e+01	4.260462e+02
2.610000e-06	1.769852e-06	6.985627e-09	1.294137e+01	4.132328e+02
2.620000e-06	1.666979e-06	6.768500e-09	1.218915e+01	3.999922e+02
2.630000e-06	1.563587e-06	6.528802e-09	1.143313e+01	3.863046e+02
2.640000e-06	1.459861e-06	6.286228e-09	1.067468e+01	3.721475e+02
2.650000e-06	1.355857e-06	6.048297e-09	9.914185e+00	3.574963e+02
2.660000e-06	1.251507e-06	5.792803e-09	9.151162e+00	3.423245e+02
2.670000e-06	1.146762e-06	5.515887e-09	8.385261e+00	3.266037e+02
2.680000e-06	1.041785e-06	5.236765e-09	7.617651e+00	3.103045e+02
2.690000e-06	9.366985e-07	4.968282e-09	6.849249e+00	2.933955e+02
2.700000e-06	8.313960e-07	4.684295e-09	6.079265e+00	2.758428e+02
2.710000e-06	7.259056e-07	4.370216e-09	5.307907e+00	2.576085e+02
2.720000e-06	6.202771e-07	4.043210e-09	4.535539e+00	2.386509e+02
2.730000e-06	5.144991e-07	3.718150e-09	3.762078e+00	2.189245e+02
2.740000e-06	4.086526e-07	3.377060e-09	2.988116e+00	1.983829e+02
2.750000e-06	3.027711e-07	3.006570e-09	2.213898e+00	1.769832e+02
2.760000e-06	1.968690e-07	2.624880e-09	1.439529e+00	1.546926e+02
2.770000e-06	9.091041e-08	2.242848e-09	6.647476e-01	1.314955e+02
2.780000e-06	-1.508033e-08	1.846504e-09	-1.102692e-01	1.074010e+02
2.790000e-06	-1.210581e-07	1.419446e-09	-8.851910e-01	8.244863e+01
2.800000e-06	-2.270241e-07	9.796220e-10	-1.660027e+00	5.671222e+01
2.810000e-06	-3.329261e-07	5.419522e-10	-2.434395e+00	3.029947e+01
2.820000e-06	-4.387371e-07	9.455489e-11	-3.208097e+00	3.348768e+00
2.830000e-06	-5.444365e-07	-3.725421e-10	-3.980984e+00	-2.397752e+01
2.840000e-06	-6.500237e-07	-8.453466e-10	-4.753050e+00	-5.150188e+01
2.850000e-06	-7.554964e-07	-1.308196e-09	-5.524278e+00	-7.904165e+01
2.860000e-06	-8.608004e-07	-1.766551e-09	-6.294273e+00	-1.064187e+02
2.870000e-06	-9.659037e-07	-2.226713e-09	-7.062801e+00	-1.334679e+02
2.880000e-06	-1.070787e-06	-2.679554e-09	-7.829720e+00	-1.600433e+02
2.890000e-06	-1.175400e-06	-3.112707e-09	-8.594665e+00	-1.860222e+02
2.900000e-06	-1.279685e-06	-3.530865e-09	-9.357210e+00	-2.113061e+02
2.910000e-06	-1.383599e-06	-3.943427e-09	-1.011703e+01	-2.358205e+02
2.920000e-06	-1.487204e-06	-4.350156e-09	-1.087461e+01	-2.595126e+02
2.930000e-06	-1.590441e-06	-4.739586e-09	-1.162949e+01	-2.823479e+02
2.940000e-06	-1.693161e-06	-5.110110e-09	-1.238059e+01	-3.043076e+02
2.950000e-06	-1.795278e-06	-5.470586e-09	-1.312728e+01	-3.253848e+02
2.960000e-06	-1.896652e-06	-5.819652e-09	-1.386854e+01	-3.455826e+02
2.970000e-06	-1.997312e-06	-6.147787e-09	-1.460458e+01	-3.649117e+02
2.980000e-06	-2.097372e-06	-6.453978e-09	-1.533623e+01	-3.833893e+02
2.990000e-06	-2.196919e-06	-6.751789e-09	-1.606413e+01	-4.010382e+02
3.000000e-06	-2.295891e-06	-7.040213e-09	-1.678783e+01	-4.178866e+02
3.010000e-06	-2.394161e-06	-7.309550e-09	-1.750639e+01	-4.339665e+02
3.020000e-06	-2.491757e-06	-7.562629e-09	-1.822002e+01	-4.493138e+02
3.030000e-06	-2.588674e-06	-7.810437e-09	-1.892869e+01	-4.639661e+02
3.040000e-06	-2.684895e-06	-8.055466e-09	-1.963227e+01	-4.779615e+02
3.050000e-06	-2.780438e-06	-8.284405e-09	-2.033089e+01	-4.913367e+02
3.060000e-06	-2.875242e-06	-8.496510e-09	-2.102411e+01	-5.041254e+02
3.070000e-06	-2.969158e-06	-8.702538e-09	-2.171083e+01	-5.163570e+02
3.080000e-06	-3.061992e-06	-8.901387e-09	-2.238964e+01	-5.280562e+02
3.090000e-06	-3.153756e-06	-9.086894e-09	-2.306063e+01	-5.392441e+02
3.100000e-06	-3.244621e-06	-9.259958e-09	-2.372505e+01	-5.499391e+02
3.110000e-06	-3.334574e-06	-9.432010e-09	-2.438280e+01	-5.601587e+02
3.120000e-06	-3.423548e-06	-9.604225e-09	-2.503339e+01	-5.699219e+02
3.130000e-06	-3.511596e-06	-9.765472e-09	-2.567720e+01	-5.792499e+02
3.140000e-06	-3.598763e-06	-9.913914e-09	-2.631457e+01	-5.881668e+02
3.150000e-06	-3.684937e-06	-1.005713e-08	-2.694469e+01	-5.966988e+02
3.160000e-06	-3.769944e-06	-1.019820e-08	-2.756627e+01	-6.048729e+02
3.170000e-06	-3.853806e-06	-1.032920e-08	-2.817948e+01	-6.127147e+02
3.180000e-06	-3.936626e-06	-1.045061e-08	-2.878507e+01	-6.202466e+02
3.190000e-06	-4.018427e-06	-1.057035e-08	-2.938321e+01	-6.274868e+02
3.200000e-06	-4.099218e-06	-1.069030e-08	-2.997396e+01	-6.344486e+02
3.210000e-06	-4.178989e-06	-1.080520e-08	-3.055725e+01	-6.411417e+02
3.220000e-06	-4.257634e-06	-1.090983e-08	-3.113232e+01	-6.475739e+02
3.230000e-06	-4.334933e-06	-1.101095e-08	-3.169754e+01	-6.537528e+02
3.240000e-06	-4.410788e-06	-1.111258e-08	-3.225220e+01	-6.596874e+02
3.250000e-06	-4.485284e-06	-1.120987e-08	-3.279692e+01	-6.653891e+02
3.260000e-06	-4.558478e-06	-1.129856e-08	-3.333213e+01	-6.708710e+02
3.270000e-06	-4.630424e-06	-1.138450e-08	-3.385820e+01	-6.761473e+02
3.280000e-06	-4.701178e-06	-1.147407e-08	-3.437556e+01	-6.812312e+02
3.290000e-06	-4.770482e-06	-1.156049e-08	-3.488232e+01	-6.861336e+02
3.300000e-06	-4.838287e-06	-1.163800e-08	-3.537812e+01	-6.908622e+02
3.310000e-06	-4.904816e-06	-1.170984e-08	-3.586459e+01	-6.954218e+02
3.320000e-06	-4.970001e-06	-1.178323e-08	-3.634123e+01	-6.998150e+02
3.330000e-06	-5.033824e-06	-1.185556e-08	-3.680791e+01	-7.040441e+02
3.340000e-06	-5.096246e-06	-1.192136e-08	-3.726435e+01	-7.081126e+02
3.350000e-06	-5.156967e-06	-1.198389e-08	-3.770835e+01	-7.120258e+02
3.360000e-06	-5.216049e-06	-1.204999e-08	-3.814036e+01	-7.157908e+02
3.370000e-06	-5.273760e-06	-1.211629e-08	-3.856235e+01	-7.194154e+02
3.380000e-06	-5.330102e-06	-1.217582e-08	-3.897433e+01	-7.229060e+02
3.390000e-06	-5.384941e-06	-1.223068e-08	-3.937532e+01	-7.262662e+02
3.400000e-06	-5.437892e-06	-1.228511e-08	-3.976250e+01	-7.294957e+02
3.410000e-06	-5.488918e-06	-1.233757e-08	-4.013561e+01	-7.325903e+02
3.420000e-06	-5.538230e-06	-1.238232e-08	-4.049618e+01	-7.355439e+02
3.430000e-06	-5.585676e-06	-1.242502e-08	-4.084312e+01	-7.383506e+02
3.440000e-06	-5.631372e-06	-1.247131e-08	-4.117725e+01	-7.410081e+02
3.450000e-06	-5.675611e-06	-1.252078e-08	-4.150073e+01	-7.435194e+02
3.460000e-06	-5.718482e-06	-1.256475e-08	-4.181421e+01	-7.458934e+02
3.470000e-06	-5.759989e-06	-1.260446e-08	-4.211771e+01	-7.481440e+02
3.480000e-06	-5.800016e-06	-1.264248e-08	-4.241040e+01	-7.502872e+02
3.490000e-06	-5.838457e-06	-1.267822e-08	-4.269148e+01	-7.523374e+02
3.500000e-06	-5.875067e-06	-1.270801e-08	-4.295917e+01	-7.543044e+02
3.510000e-06	-5.909938e-06	-1.273369e-08	-4.321416e+01	-7.561908e+02
3.520000e-06	-5.943333e-06	-1.276381e-08	-4.345835e+01	-7.579924e+02
3.530000e-06	-5.975165e-06	-1.279805e-08	-4.369111e+01	-7.596999e+02
3.540000e-06	-6.005225e-06	-1.282972e-08	-4.391091e+01	-7.613026e+02
3.550000e-06	-6.033444e-06	-1.285698e-08	-4.411725e+01	-7.627921e+02
3.560000e-06	-6.060052e-06	-1.288692e-08	-4.431181e+01	-7.641654e+02
3.570000e-06	-6.085058e-06	-1.291557e-08	-4.449465e+01	-7.654263e+02
3.580000e-06	-6.108437e-06	-1.293477e-08	-4.466561e+01	-7.665843e+02
3.590000e-06	-6.130039e-06	-1.294577e-08	-4.482356e+01	-7.676515e+02
3.600000e-06	-6.149804e-06	-1.296025e-08	-4.496808e+01	-7.686387e+02
3.610000e-06	-6.167998e-06	-1.298007e-08	-4.510113e+01	-7.695520e+02
3.620000e-06	-6.184622e-06	-1.299736e-08	-4.522268e+01	-7.703902e+02
3.630000e-06	-6.199426e-06	-1.301036e-08	-4.533093e+01	-7.711455e+02
3.640000e-06	-6.212106e-06	-1.302634e-08	-4.542365e+01	-7.718063e+02
3.650000e-06	-6.222804e-06	-1.304421e-08	-4.550187e+01	-7.723607e+02
3.660000e-06	-6.231851e-06	-1.305420e-08	-4.556802e+01	-7.728016e+02
3.670000e-06	-6.239214e-06	-1.305475e-08	-4.562187e+01	-7.731294e+02
3.680000e-06	-6.244640e-06	-1.305463e-08	-4.566154e+01	-7.733523e+02
3.690000e-06	-6.248194e-06	-1.305655e-08	-4.568753e+01	-7.734842e+02
3.700000e-06	-6.250116e-06	-1.305630e-08	-4.570158e+01	-7.735403e+02
3.710000e-06	-6.250366e-06	-1.305461e-08	-4.570341e+01	-7.735311e+02
