# Temperatura_=_20.0
# Concentracion g/m^3_=_12000.0
# C_Vs_to_Am_M_A/Vsm_=_59384043850.047264
# pendiente_HvsI_1/m_=_3716.3
# ordenada_HvsI_A/m_=_1297.0
# frecuencia_Hz_=_269359.7612766773

Tiempo_(s)	Campo_(V.s)	Magnetizacion_(V.s)	Campo_(kA/m)	Magnetizacion_(A/m)
0.000000e+00	-6.269801e-06	-1.314101e-08	-4.570356e+01	-7.781396e+02
1.000000e-08	-6.267812e-06	-1.313709e-08	-4.568907e+01	-7.779894e+02
2.000000e-08	-6.264009e-06	-1.313200e-08	-4.566135e+01	-7.777633e+02
3.000000e-08	-6.258598e-06	-1.312550e-08	-4.562190e+01	-7.774497e+02
4.000000e-08	-6.251630e-06	-1.311773e-08	-4.557111e+01	-7.770315e+02
5.000000e-08	-6.243092e-06	-1.310983e-08	-4.550887e+01	-7.764922e+02
6.000000e-08	-6.232696e-06	-1.309975e-08	-4.543309e+01	-7.758215e+02
7.000000e-08	-6.220372e-06	-1.308586e-08	-4.534325e+01	-7.750211e+02
8.000000e-08	-6.206162e-06	-1.306776e-08	-4.523967e+01	-7.741064e+02
9.000000e-08	-6.189675e-06	-1.302815e-08	-4.511949e+01	-7.731052e+02
1.000000e-07	-6.170891e-06	-1.299026e-08	-4.498257e+01	-7.720521e+02
1.100000e-07	-6.150278e-06	-1.299376e-08	-4.483231e+01	-7.709797e+02
1.200000e-07	-6.128105e-06	-1.301219e-08	-4.467068e+01	-7.699099e+02
1.300000e-07	-6.104564e-06	-1.302149e-08	-4.449907e+01	-7.688471e+02
1.400000e-07	-6.079751e-06	-1.299163e-08	-4.431820e+01	-7.677747e+02
1.500000e-07	-6.053283e-06	-1.290011e-08	-4.412526e+01	-7.666578e+02
1.600000e-07	-6.025209e-06	-1.289385e-08	-4.392062e+01	-7.654500e+02
1.700000e-07	-5.995739e-06	-1.291051e-08	-4.370580e+01	-7.641031e+02
1.800000e-07	-5.964617e-06	-1.282425e-08	-4.347894e+01	-7.625779e+02
1.900000e-07	-5.932076e-06	-1.278517e-08	-4.324172e+01	-7.608524e+02
2.000000e-07	-5.898047e-06	-1.277266e-08	-4.299367e+01	-7.589255e+02
2.100000e-07	-5.862191e-06	-1.275778e-08	-4.273231e+01	-7.568155e+02
2.200000e-07	-5.824660e-06	-1.275006e-08	-4.245872e+01	-7.545541e+02
2.300000e-07	-5.785497e-06	-1.265079e-08	-4.217324e+01	-7.521771e+02
2.400000e-07	-5.744647e-06	-1.257880e-08	-4.187547e+01	-7.497147e+02
2.500000e-07	-5.702010e-06	-1.259978e-08	-4.156467e+01	-7.471845e+02
2.600000e-07	-5.657595e-06	-1.255983e-08	-4.124090e+01	-7.445878e+02
2.700000e-07	-5.611589e-06	-1.248154e-08	-4.090555e+01	-7.419114e+02
2.800000e-07	-5.563994e-06	-1.242577e-08	-4.055860e+01	-7.391323e+02
2.900000e-07	-5.514491e-06	-1.240680e-08	-4.019775e+01	-7.362250e+02
3.000000e-07	-5.462907e-06	-1.236850e-08	-3.982173e+01	-7.331691e+02
3.100000e-07	-5.409467e-06	-1.226796e-08	-3.943219e+01	-7.299534e+02
3.200000e-07	-5.354467e-06	-1.219794e-08	-3.903126e+01	-7.265778e+02
3.300000e-07	-5.297975e-06	-1.217154e-08	-3.861946e+01	-7.230515e+02
3.400000e-07	-5.239860e-06	-1.213494e-08	-3.819584e+01	-7.193876e+02
3.500000e-07	-5.180084e-06	-1.203872e-08	-3.776010e+01	-7.155987e+02
3.600000e-07	-5.118790e-06	-1.194574e-08	-3.731330e+01	-7.116917e+02
3.700000e-07	-5.056076e-06	-1.191074e-08	-3.685615e+01	-7.076657e+02
3.800000e-07	-4.991986e-06	-1.184925e-08	-3.638896e+01	-7.035128e+02
3.900000e-07	-4.926407e-06	-1.175482e-08	-3.591093e+01	-6.992209e+02
4.000000e-07	-4.859177e-06	-1.167601e-08	-3.542085e+01	-6.947772e+02
4.100000e-07	-4.790467e-06	-1.162120e-08	-3.492000e+01	-6.901730e+02
4.200000e-07	-4.720537e-06	-1.155504e-08	-3.441025e+01	-6.854046e+02
4.300000e-07	-4.649409e-06	-1.144064e-08	-3.389176e+01	-6.804744e+02
4.400000e-07	-4.577001e-06	-1.133835e-08	-3.336394e+01	-6.753882e+02
4.500000e-07	-4.503141e-06	-1.127343e-08	-3.282554e+01	-6.701525e+02
4.600000e-07	-4.427724e-06	-1.119940e-08	-3.227579e+01	-6.647707e+02
4.700000e-07	-4.350923e-06	-1.109474e-08	-3.171595e+01	-6.592415e+02
4.800000e-07	-4.272835e-06	-1.099048e-08	-3.114673e+01	-6.535583e+02
4.900000e-07	-4.193400e-06	-1.090771e-08	-3.056769e+01	-6.477109e+02
5.000000e-07	-4.112576e-06	-1.080537e-08	-2.997853e+01	-6.416883e+02
5.100000e-07	-4.030550e-06	-1.068069e-08	-2.938060e+01	-6.354811e+02
5.200000e-07	-3.947521e-06	-1.056130e-08	-2.877536e+01	-6.290837e+02
5.300000e-07	-3.863557e-06	-1.046670e-08	-2.816331e+01	-6.224948e+02
5.400000e-07	-3.778760e-06	-1.037392e-08	-2.754518e+01	-6.157158e+02
5.500000e-07	-3.693118e-06	-1.024903e-08	-2.692090e+01	-6.087485e+02
5.600000e-07	-3.606542e-06	-1.011616e-08	-2.628980e+01	-6.015920e+02
5.700000e-07	-3.518940e-06	-9.998408e-09	-2.565123e+01	-5.942408e+02
5.800000e-07	-3.430406e-06	-9.879462e-09	-2.500586e+01	-5.866843e+02
5.900000e-07	-3.341037e-06	-9.733770e-09	-2.435441e+01	-5.789077e+02
6.000000e-07	-3.250591e-06	-9.586180e-09	-2.369511e+01	-5.708943e+02
6.100000e-07	-3.158949e-06	-9.459507e-09	-2.302709e+01	-5.626288e+02
6.200000e-07	-3.066408e-06	-9.328785e-09	-2.235251e+01	-5.540988e+02
6.300000e-07	-2.973127e-06	-9.172291e-09	-2.167254e+01	-5.452967e+02
6.400000e-07	-2.879028e-06	-9.007242e-09	-2.098661e+01	-5.362185e+02
6.500000e-07	-2.784051e-06	-8.857022e-09	-2.029428e+01	-5.268622e+02
6.600000e-07	-2.688227e-06	-8.703803e-09	-1.959576e+01	-5.172251e+02
6.700000e-07	-2.591667e-06	-8.527917e-09	-1.889189e+01	-5.073015e+02
6.800000e-07	-2.494384e-06	-8.343199e-09	-1.818275e+01	-4.970810e+02
6.900000e-07	-2.396171e-06	-8.171330e-09	-1.746684e+01	-4.865493e+02
7.000000e-07	-2.296919e-06	-7.997924e-09	-1.674334e+01	-4.756892e+02
7.100000e-07	-2.196865e-06	-7.803919e-09	-1.601400e+01	-4.644828e+02
7.200000e-07	-2.096247e-06	-7.599989e-09	-1.528054e+01	-4.529133e+02
7.300000e-07	-1.995153e-06	-7.402783e-09	-1.454362e+01	-4.409664e+02
7.400000e-07	-1.893572e-06	-7.203484e-09	-1.380315e+01	-4.286294e+02
7.500000e-07	-1.791414e-06	-6.984924e-09	-1.305847e+01	-4.158897e+02
7.600000e-07	-1.688621e-06	-6.754498e-09	-1.230917e+01	-4.027329e+02
7.700000e-07	-1.585317e-06	-6.525371e-09	-1.155613e+01	-3.891400e+02
7.800000e-07	-1.481627e-06	-6.292783e-09	-1.080028e+01	-3.750870e+02
7.900000e-07	-1.377562e-06	-6.043186e-09	-1.004171e+01	-3.605449e+02
8.000000e-07	-1.273159e-06	-5.782542e-09	-9.280660e+00	-3.454818e+02
8.100000e-07	-1.168454e-06	-5.523875e-09	-8.517419e+00	-3.298649e+02
8.200000e-07	-1.063468e-06	-5.259922e-09	-7.752123e+00	-3.136631e+02
8.300000e-07	-9.581902e-07	-4.975632e-09	-6.984705e+00	-2.968477e+02
8.400000e-07	-8.526961e-07	-4.674330e-09	-6.215708e+00	-2.793915e+02
8.500000e-07	-7.470517e-07	-4.369443e-09	-5.445616e+00	-2.612670e+02
8.600000e-07	-6.412695e-07	-4.058443e-09	-4.674519e+00	-2.424425e+02
8.700000e-07	-5.353501e-07	-3.726959e-09	-3.902422e+00	-2.228801e+02
8.800000e-07	-4.292619e-07	-3.375249e-09	-3.129094e+00	-2.025352e+02
8.900000e-07	-3.230242e-07	-3.016387e-09	-2.354677e+00	-1.813595e+02
9.000000e-07	-2.167390e-07	-2.649957e-09	-1.579914e+00	-1.593068e+02
9.100000e-07	-1.104716e-07	-2.263771e-09	-8.052800e-01	-1.363428e+02
9.200000e-07	-4.146062e-09	-1.855455e-09	-3.022262e-02	-1.124553e+02
9.300000e-07	1.022217e-07	-1.434050e-09	7.451423e-01	-8.766385e+01
9.400000e-07	2.085066e-07	-1.003547e-09	1.519904e+00	-6.202666e+01
9.500000e-07	3.147014e-07	-5.583874e-10	2.294008e+00	-3.564275e+01
9.600000e-07	4.208065e-07	-1.004249e-10	3.067459e+00	-8.648967e+00
9.700000e-07	5.267824e-07	3.609511e-10	3.839968e+00	1.878777e+01
9.800000e-07	6.326279e-07	8.227834e-10	4.611526e+00	4.648168e+01
9.900000e-07	7.383189e-07	1.289214e-09	5.381958e+00	7.424062e+01
1.000000e-06	8.438319e-07	1.757711e-09	6.151093e+00	1.018780e+02
1.010000e-06	9.491599e-07	2.219179e-09	6.918878e+00	1.292223e+02
1.020000e-06	1.054267e-06	2.669667e-09	7.685053e+00	1.561229e+02
1.030000e-06	1.159123e-06	3.112388e-09	8.449399e+00	1.824532e+02
1.040000e-06	1.263714e-06	3.545300e-09	9.211811e+00	2.081103e+02
1.050000e-06	1.367989e-06	3.962985e-09	9.971926e+00	2.330130e+02
1.060000e-06	1.471884e-06	4.364257e-09	1.072926e+01	2.570998e+02
1.070000e-06	1.575395e-06	4.752786e-09	1.148381e+01	2.803263e+02
1.080000e-06	1.678471e-06	5.127029e-09	1.223517e+01	3.026637e+02
1.090000e-06	1.781060e-06	5.483542e-09	1.298300e+01	3.240975e+02
1.100000e-06	1.883218e-06	5.824766e-09	1.372768e+01	3.446267e+02
1.110000e-06	1.984913e-06	6.154371e-09	1.446898e+01	3.642622e+02
1.120000e-06	2.086080e-06	6.471347e-09	1.520643e+01	3.830250e+02
1.130000e-06	2.186705e-06	6.771564e-09	1.593994e+01	4.009435e+02
1.140000e-06	2.286674e-06	7.055461e-09	1.666865e+01	4.180508e+02
1.150000e-06	2.385918e-06	7.325321e-09	1.739209e+01	4.343824e+02
1.160000e-06	2.484357e-06	7.585135e-09	1.810966e+01	4.499738e+02
1.170000e-06	2.581885e-06	7.834249e-09	1.882059e+01	4.648597e+02
1.180000e-06	2.678582e-06	8.072461e-09	1.952546e+01	4.790739e+02
1.190000e-06	2.774406e-06	8.301456e-09	2.022397e+01	4.926492e+02
1.200000e-06	2.869376e-06	8.523059e-09	2.091625e+01	5.056181e+02
1.210000e-06	2.963629e-06	8.732546e-09	2.160330e+01	5.180129e+02
1.220000e-06	3.057110e-06	8.928378e-09	2.228473e+01	5.298647e+02
1.230000e-06	3.149779e-06	9.116804e-09	2.296024e+01	5.412033e+02
1.240000e-06	3.241488e-06	9.299614e-09	2.362875e+01	5.520557e+02
1.250000e-06	3.332162e-06	9.475786e-09	2.428972e+01	5.624455e+02
1.260000e-06	3.421855e-06	9.641232e-09	2.494353e+01	5.723932e+02
1.270000e-06	3.510454e-06	9.797794e-09	2.558937e+01	5.819166e+02
1.280000e-06	3.597991e-06	9.949852e-09	2.622747e+01	5.910326e+02
1.290000e-06	3.684614e-06	1.009542e-08	2.685891e+01	5.997586e+02
1.300000e-06	3.770349e-06	1.023508e-08	2.748387e+01	6.081139e+02
1.310000e-06	3.855178e-06	1.036971e-08	2.810223e+01	6.161200e+02
1.320000e-06	3.939014e-06	1.050165e-08	2.871335e+01	6.238000e+02
1.330000e-06	4.021754e-06	1.062791e-08	2.931648e+01	6.311769e+02
1.340000e-06	4.103363e-06	1.074381e-08	2.991137e+01	6.382718e+02
1.350000e-06	4.183776e-06	1.085602e-08	3.049753e+01	6.451016e+02
1.360000e-06	4.263011e-06	1.096751e-08	3.107511e+01	6.516790e+02
1.370000e-06	4.341102e-06	1.107567e-08	3.164436e+01	6.580116e+02
1.380000e-06	4.418018e-06	1.117714e-08	3.220503e+01	6.641042e+02
1.390000e-06	4.493646e-06	1.127240e-08	3.275633e+01	6.699604e+02
1.400000e-06	4.567896e-06	1.136727e-08	3.329757e+01	6.755855e+02
1.410000e-06	4.640670e-06	1.145987e-08	3.382806e+01	6.809875e+02
1.420000e-06	4.712003e-06	1.154701e-08	3.434803e+01	6.861781e+02
1.430000e-06	4.782094e-06	1.162962e-08	3.485896e+01	6.911718e+02
1.440000e-06	4.850996e-06	1.170955e-08	3.536122e+01	6.959843e+02
1.450000e-06	4.918540e-06	1.178793e-08	3.585358e+01	7.006297e+02
1.460000e-06	4.984562e-06	1.186345e-08	3.633485e+01	7.051194e+02
1.470000e-06	5.049067e-06	1.193708e-08	3.680505e+01	7.094603e+02
1.480000e-06	5.112163e-06	1.200797e-08	3.726499e+01	7.136551e+02
1.490000e-06	5.173944e-06	1.207573e-08	3.771534e+01	7.177036e+02
1.500000e-06	5.234427e-06	1.214224e-08	3.815623e+01	7.216040e+02
1.510000e-06	5.293469e-06	1.220657e-08	3.858662e+01	7.253549e+02
1.520000e-06	5.350831e-06	1.226882e-08	3.900476e+01	7.289564e+02
1.530000e-06	5.406560e-06	1.232827e-08	3.941099e+01	7.324101e+02
1.540000e-06	5.460722e-06	1.238358e-08	3.980580e+01	7.357188e+02
1.550000e-06	5.513086e-06	1.243680e-08	4.018751e+01	7.388853e+02
1.560000e-06	5.563508e-06	1.248626e-08	4.055506e+01	7.419115e+02
1.570000e-06	5.612055e-06	1.253202e-08	4.090894e+01	7.447985e+02
1.580000e-06	5.658896e-06	1.257652e-08	4.125039e+01	7.475465e+02
1.590000e-06	5.704216e-06	1.262074e-08	4.158075e+01	7.501565e+02
1.600000e-06	5.748011e-06	1.266476e-08	4.189999e+01	7.526315e+02
1.610000e-06	5.790052e-06	1.270589e-08	4.220645e+01	7.549779e+02
1.620000e-06	5.830278e-06	1.274406e-08	4.249967e+01	7.572051e+02
1.630000e-06	5.868958e-06	1.277747e-08	4.278163e+01	7.593246e+02
1.640000e-06	5.906215e-06	1.280905e-08	4.305322e+01	7.613479e+02
1.650000e-06	5.941903e-06	1.284004e-08	4.331336e+01	7.632843e+02
1.660000e-06	5.975831e-06	1.286864e-08	4.356068e+01	7.651382e+02
1.670000e-06	6.007985e-06	1.289688e-08	4.379506e+01	7.669083e+02
1.680000e-06	6.038586e-06	1.292594e-08	4.401813e+01	7.685885e+02
1.690000e-06	6.067734e-06	1.295594e-08	4.423061e+01	7.701695e+02
1.700000e-06	6.095234e-06	1.298190e-08	4.443107e+01	7.716421e+02
1.710000e-06	6.120843e-06	1.300256e-08	4.461774e+01	7.729999e+02
1.720000e-06	6.144674e-06	1.302116e-08	4.479146e+01	7.742415e+02
1.730000e-06	6.166911e-06	1.303892e-08	4.495355e+01	7.753708e+02
1.740000e-06	6.187607e-06	1.305533e-08	4.510442e+01	7.763952e+02
1.750000e-06	6.206728e-06	1.306903e-08	4.524380e+01	7.773237e+02
1.760000e-06	6.224006e-06	1.308159e-08	4.536974e+01	7.781630e+02
1.770000e-06	6.239390e-06	1.309473e-08	4.548188e+01	7.789156e+02
1.780000e-06	6.252991e-06	1.310432e-08	4.558103e+01	7.795791e+02
1.790000e-06	6.264660e-06	1.310907e-08	4.566609e+01	7.801470e+02
1.800000e-06	6.274312e-06	1.311135e-08	4.573645e+01	7.806120e+02
1.810000e-06	6.282113e-06	1.311701e-08	4.579331e+01	7.809687e+02
1.820000e-06	6.288192e-06	1.312589e-08	4.583763e+01	7.812167e+02
1.830000e-06	6.292590e-06	1.312933e-08	4.586968e+01	7.813612e+02
1.840000e-06	6.295129e-06	1.312782e-08	4.588819e+01	7.814122e+02
1.850000e-06	6.295733e-06	1.312513e-08	4.589260e+01	7.813808e+02
1.860000e-06	6.294623e-06	1.312195e-08	4.588451e+01	7.812753e+02
1.870000e-06	6.291980e-06	1.311685e-08	4.586524e+01	7.810971e+02
1.880000e-06	6.287729e-06	1.310867e-08	4.583425e+01	7.808395e+02
1.890000e-06	6.281634e-06	1.310340e-08	4.578982e+01	7.804883e+02
1.900000e-06	6.273775e-06	1.310003e-08	4.573253e+01	7.800260e+02
1.910000e-06	6.264368e-06	1.309369e-08	4.566396e+01	7.794377e+02
1.920000e-06	6.253399e-06	1.308155e-08	4.558400e+01	7.787170e+02
1.930000e-06	6.240594e-06	1.306578e-08	4.549066e+01	7.778707e+02
1.940000e-06	6.225784e-06	1.308243e-08	4.538270e+01	7.769194e+02
1.950000e-06	6.208747e-06	1.309374e-08	4.525852e+01	7.758942e+02
1.960000e-06	6.189053e-06	1.304608e-08	4.511495e+01	7.748300e+02
1.970000e-06	6.167014e-06	1.297893e-08	4.495430e+01	7.737564e+02
1.980000e-06	6.143696e-06	1.290759e-08	4.478433e+01	7.726894e+02
1.990000e-06	6.119786e-06	1.293967e-08	4.461003e+01	7.716256e+02
2.000000e-06	6.094662e-06	1.301308e-08	4.442689e+01	7.705410e+02
2.010000e-06	6.067796e-06	1.291501e-08	4.423106e+01	7.693954e+02
2.020000e-06	6.039710e-06	1.289085e-08	4.402632e+01	7.681403e+02
2.030000e-06	6.009887e-06	1.294946e-08	4.380893e+01	7.667300e+02
2.040000e-06	5.977721e-06	1.288273e-08	4.357445e+01	7.651307e+02
2.050000e-06	5.944012e-06	1.284964e-08	4.332873e+01	7.633283e+02
2.060000e-06	5.908958e-06	1.277152e-08	4.307321e+01	7.613292e+02
2.070000e-06	5.872177e-06	1.270225e-08	4.280509e+01	7.591579e+02
2.080000e-06	5.833682e-06	1.280001e-08	4.252449e+01	7.568486e+02
2.090000e-06	5.793396e-06	1.273796e-08	4.223083e+01	7.544362e+02
2.100000e-06	5.751578e-06	1.260014e-08	4.192599e+01	7.519467e+02
2.110000e-06	5.708328e-06	1.261187e-08	4.161072e+01	7.493918e+02
2.120000e-06	5.663261e-06	1.258580e-08	4.128220e+01	7.467671e+02
2.130000e-06	5.616633e-06	1.253292e-08	4.094231e+01	7.440547e+02
2.140000e-06	5.568522e-06	1.242634e-08	4.059161e+01	7.412300e+02
2.150000e-06	5.518637e-06	1.239515e-08	4.022797e+01	7.382685e+02
2.160000e-06	5.466845e-06	1.244829e-08	3.985044e+01	7.351529e+02
2.170000e-06	5.413046e-06	1.233872e-08	3.945827e+01	7.318763e+02
2.180000e-06	5.357591e-06	1.222600e-08	3.905403e+01	7.284424e+02
2.190000e-06	5.300591e-06	1.217094e-08	3.863853e+01	7.248624e+02
2.200000e-06	5.242025e-06	1.216530e-08	3.821162e+01	7.211500e+02
2.210000e-06	5.182073e-06	1.211602e-08	3.777460e+01	7.173159e+02
2.220000e-06	5.120503e-06	1.196869e-08	3.732579e+01	7.133644e+02
2.230000e-06	5.057313e-06	1.194914e-08	3.686516e+01	7.092916e+02
2.240000e-06	4.992599e-06	1.192063e-08	3.639343e+01	7.050877e+02
2.250000e-06	4.926452e-06	1.180800e-08	3.591125e+01	7.007398e+02
2.260000e-06	4.859118e-06	1.168548e-08	3.542042e+01	6.962363e+02
2.270000e-06	4.790339e-06	1.160897e-08	3.491906e+01	6.915701e+02
2.280000e-06	4.719855e-06	1.160664e-08	3.440527e+01	6.867401e+02
2.290000e-06	4.647907e-06	1.149569e-08	3.388081e+01	6.817502e+02
2.300000e-06	4.574744e-06	1.136982e-08	3.334749e+01	6.766069e+02
2.310000e-06	4.500314e-06	1.129678e-08	3.280494e+01	6.713158e+02
2.320000e-06	4.424513e-06	1.123414e-08	3.225238e+01	6.658787e+02
2.330000e-06	4.347236e-06	1.113653e-08	3.168908e+01	6.602923e+02
2.340000e-06	4.268536e-06	1.098768e-08	3.111539e+01	6.545485e+02
2.350000e-06	4.188666e-06	1.091610e-08	3.053318e+01	6.486362e+02
2.360000e-06	4.107754e-06	1.084592e-08	2.994338e+01	6.425449e+02
2.370000e-06	4.025856e-06	1.073362e-08	2.934638e+01	6.362663e+02
2.380000e-06	3.942988e-06	1.058480e-08	2.874232e+01	6.297966e+02
2.390000e-06	3.859135e-06	1.046400e-08	2.813108e+01	6.231358e+02
2.400000e-06	3.774135e-06	1.039389e-08	2.751147e+01	6.162856e+02
2.410000e-06	3.687833e-06	1.027088e-08	2.688237e+01	6.092473e+02
2.420000e-06	3.600457e-06	1.012480e-08	2.624545e+01	6.020182e+02
2.430000e-06	3.512179e-06	9.997512e-09	2.560195e+01	5.945911e+02
2.440000e-06	3.423000e-06	9.903305e-09	2.495188e+01	5.869536e+02
2.450000e-06	3.332905e-06	9.768810e-09	2.429514e+01	5.790897e+02
2.460000e-06	3.241945e-06	9.592561e-09	2.363208e+01	5.709830e+02
2.470000e-06	3.150170e-06	9.451206e-09	2.296309e+01	5.626191e+02
2.480000e-06	3.057518e-06	9.337651e-09	2.228771e+01	5.539873e+02
2.490000e-06	2.963854e-06	9.200569e-09	2.160494e+01	5.450815e+02
2.500000e-06	2.869120e-06	9.019527e-09	2.091438e+01	5.358988e+02
2.510000e-06	2.773440e-06	8.856285e-09	2.021693e+01	5.264373e+02
2.520000e-06	2.676933e-06	8.716574e-09	1.951344e+01	5.166932e+02
2.530000e-06	2.579765e-06	8.553019e-09	1.880514e+01	5.066593e+02
2.540000e-06	2.482034e-06	8.355082e-09	1.809273e+01	4.963236e+02
2.550000e-06	2.383609e-06	8.170429e-09	1.737526e+01	4.856704e+02
2.560000e-06	2.284396e-06	8.010370e-09	1.665205e+01	4.746821e+02
2.570000e-06	2.184494e-06	7.826276e-09	1.592382e+01	4.633409e+02
2.580000e-06	2.084083e-06	7.607012e-09	1.519187e+01	4.516310e+02
2.590000e-06	1.983197e-06	7.393822e-09	1.445646e+01	4.395388e+02
2.600000e-06	1.881544e-06	7.206015e-09	1.371547e+01	4.270519e+02
2.610000e-06	1.778983e-06	7.000652e-09	1.296786e+01	4.141573e+02
2.620000e-06	1.675772e-06	6.763411e-09	1.221550e+01	4.008390e+02
2.630000e-06	1.572174e-06	6.525542e-09	1.146032e+01	3.870762e+02
2.640000e-06	1.468229e-06	6.302601e-09	1.070262e+01	3.728430e+02
2.650000e-06	1.363920e-06	6.062014e-09	9.942259e+00	3.581090e+02
2.660000e-06	1.259269e-06	5.787465e-09	9.179409e+00	3.428416e+02
2.670000e-06	1.154292e-06	5.510347e-09	8.414185e+00	3.270084e+02
2.680000e-06	1.049050e-06	5.246562e-09	7.647026e+00	3.105793e+02
2.690000e-06	9.435984e-07	4.971365e-09	6.878338e+00	2.935263e+02
2.700000e-06	8.379920e-07	4.665824e-09	6.108523e+00	2.758225e+02
2.710000e-06	7.322441e-07	4.349849e-09	5.337676e+00	2.574390e+02
2.720000e-06	6.263274e-07	4.037528e-09	4.565599e+00	2.383422e+02
2.730000e-06	5.202725e-07	3.712346e-09	3.792514e+00	2.184915e+02
2.740000e-06	4.141363e-07	3.356392e-09	3.018836e+00	1.978404e+02
2.750000e-06	3.079640e-07	2.987312e-09	2.244896e+00	1.763403e+02
2.760000e-06	2.017623e-07	2.619720e-09	1.470742e+00	1.539485e+02
2.770000e-06	9.550803e-08	2.237091e-09	6.962035e-01	1.306377e+02
2.780000e-06	-1.074431e-08	1.824921e-09	-7.832036e-02	1.064066e+02
2.790000e-06	-1.169761e-07	1.393894e-09	-8.526944e-01	8.128851e+01
2.800000e-06	-2.232019e-07	9.634188e-10	-1.627025e+00	5.535711e+01
2.810000e-06	-3.293943e-07	5.233954e-10	-2.401112e+00	2.872621e+01
2.820000e-06	-4.354796e-07	6.091822e-11	-3.174418e+00	1.545051e+00
2.830000e-06	-5.414125e-07	-4.103188e-10	-3.946614e+00	-2.601094e+01
2.840000e-06	-6.472567e-07	-8.723405e-10	-4.718163e+00	-5.375212e+01
2.850000e-06	-7.529800e-07	-1.331388e-09	-5.488830e+00	-8.148715e+01
2.860000e-06	-8.585365e-07	-1.801107e-09	-6.258281e+00	-1.090341e+02
2.870000e-06	-9.639090e-07	-2.267989e-09	-7.026392e+00	-1.362288e+02
2.880000e-06	-1.069003e-06	-2.716014e-09	-7.792475e+00	-1.629296e+02
2.890000e-06	-1.173842e-06	-3.150011e-09	-8.556691e+00	-1.890187e+02
2.900000e-06	-1.278434e-06	-3.580658e-09	-9.319116e+00	-2.144017e+02
2.910000e-06	-1.382729e-06	-4.000801e-09	-1.007937e+01	-2.390051e+02
2.920000e-06	-1.486700e-06	-4.399366e-09	-1.083727e+01	-2.627741e+02
2.930000e-06	-1.590266e-06	-4.781373e-09	-1.159221e+01	-2.856701e+02
2.940000e-06	-1.693310e-06	-5.156509e-09	-1.234334e+01	-3.076700e+02
2.950000e-06	-1.795745e-06	-5.519981e-09	-1.309004e+01	-3.287645e+02
2.960000e-06	-1.897535e-06	-5.861797e-09	-1.383204e+01	-3.489572e+02
2.970000e-06	-1.998653e-06	-6.185436e-09	-1.456913e+01	-3.682629e+02
2.980000e-06	-2.099157e-06	-6.501136e-09	-1.530175e+01	-3.867058e+02
2.990000e-06	-2.199111e-06	-6.805518e-09	-1.603037e+01	-4.043165e+02
3.000000e-06	-2.298448e-06	-7.087518e-09	-1.675448e+01	-4.211292e+02
3.010000e-06	-2.397088e-06	-7.352083e-09	-1.747352e+01	-4.371794e+02
3.020000e-06	-2.495028e-06	-7.612144e-09	-1.818745e+01	-4.525027e+02
3.030000e-06	-2.592273e-06	-7.864462e-09	-1.889631e+01	-4.671332e+02
3.040000e-06	-2.688799e-06	-8.101237e-09	-1.959994e+01	-4.811044e+02
3.050000e-06	-2.784651e-06	-8.324568e-09	-2.029865e+01	-4.944490e+02
3.060000e-06	-2.879812e-06	-8.541057e-09	-2.099232e+01	-5.071993e+02
3.070000e-06	-2.974012e-06	-8.750658e-09	-2.167899e+01	-5.193873e+02
3.080000e-06	-3.067175e-06	-8.945123e-09	-2.235810e+01	-5.310437e+02
3.090000e-06	-3.159409e-06	-9.128202e-09	-2.303043e+01	-5.421974e+02
3.100000e-06	-3.250648e-06	-9.309101e-09	-2.369552e+01	-5.528742e+02
3.110000e-06	-3.340918e-06	-9.487684e-09	-2.435354e+01	-5.630964e+02
3.120000e-06	-3.430243e-06	-9.655139e-09	-2.500467e+01	-5.728834e+02
3.130000e-06	-3.518653e-06	-9.809988e-09	-2.564914e+01	-5.822525e+02
3.140000e-06	-3.606156e-06	-9.961707e-09	-2.628699e+01	-5.912205e+02
3.150000e-06	-3.692632e-06	-1.010926e-08	-2.691736e+01	-5.998056e+02
3.160000e-06	-3.778021e-06	-1.024715e-08	-2.753980e+01	-6.080278e+02
3.170000e-06	-3.862243e-06	-1.037798e-08	-2.815373e+01	-6.159093e+02
3.180000e-06	-3.945334e-06	-1.050855e-08	-2.875942e+01	-6.234734e+02
3.190000e-06	-4.027456e-06	-1.063733e-08	-2.935805e+01	-6.307426e+02
3.200000e-06	-4.108550e-06	-1.075610e-08	-2.994918e+01	-6.377368e+02
3.210000e-06	-4.188607e-06	-1.086711e-08	-3.053275e+01	-6.444712e+02
3.220000e-06	-4.267582e-06	-1.097515e-08	-3.110843e+01	-6.509565e+02
3.230000e-06	-4.345249e-06	-1.107984e-08	-3.167459e+01	-6.571991e+02
3.240000e-06	-4.421504e-06	-1.117932e-08	-3.223045e+01	-6.632030e+02
3.250000e-06	-4.496348e-06	-1.127541e-08	-3.277602e+01	-6.689722e+02
3.260000e-06	-4.569893e-06	-1.137089e-08	-3.331213e+01	-6.745129e+02
3.270000e-06	-4.642242e-06	-1.146366e-08	-3.383952e+01	-6.798345e+02
3.280000e-06	-4.713269e-06	-1.155206e-08	-3.435727e+01	-6.849499e+02
3.290000e-06	-4.782841e-06	-1.163589e-08	-3.486441e+01	-6.898743e+02
3.300000e-06	-4.850933e-06	-1.171641e-08	-3.536076e+01	-6.946230e+02
3.310000e-06	-4.917636e-06	-1.179276e-08	-3.584699e+01	-6.992094e+02
3.320000e-06	-4.983021e-06	-1.186446e-08	-3.632362e+01	-7.036431e+02
3.330000e-06	-5.047123e-06	-1.193339e-08	-3.679088e+01	-7.079295e+02
3.340000e-06	-5.109857e-06	-1.200063e-08	-3.724818e+01	-7.120700e+02
3.350000e-06	-5.170939e-06	-1.206736e-08	-3.769344e+01	-7.160636e+02
3.360000e-06	-5.230385e-06	-1.213366e-08	-3.812677e+01	-7.199085e+02
3.370000e-06	-5.288372e-06	-1.219823e-08	-3.854947e+01	-7.236037e+02
3.380000e-06	-5.344985e-06	-1.225947e-08	-3.896214e+01	-7.271499e+02
3.390000e-06	-5.400097e-06	-1.231762e-08	-3.936388e+01	-7.305493e+02
3.400000e-06	-5.453365e-06	-1.237239e-08	-3.975218e+01	-7.338048e+02
3.410000e-06	-5.504720e-06	-1.242241e-08	-4.012653e+01	-7.369190e+02
3.420000e-06	-5.554314e-06	-1.246828e-08	-4.048804e+01	-7.398934e+02
3.430000e-06	-5.602084e-06	-1.251504e-08	-4.083626e+01	-7.427286e+02
3.440000e-06	-5.648063e-06	-1.256257e-08	-4.117142e+01	-7.454251e+02
3.450000e-06	-5.692503e-06	-1.260765e-08	-4.149536e+01	-7.479844e+02
3.460000e-06	-5.735580e-06	-1.265009e-08	-4.180937e+01	-7.504107e+02
3.470000e-06	-5.777236e-06	-1.269065e-08	-4.211302e+01	-7.527115e+02
3.480000e-06	-5.817393e-06	-1.272767e-08	-4.240575e+01	-7.548973e+02
3.490000e-06	-5.855975e-06	-1.276215e-08	-4.268699e+01	-7.569799e+02
3.500000e-06	-5.892779e-06	-1.279667e-08	-4.295527e+01	-7.589702e+02
3.510000e-06	-5.927897e-06	-1.283075e-08	-4.321127e+01	-7.608759e+02
3.520000e-06	-5.961464e-06	-1.286321e-08	-4.345595e+01	-7.626992e+02
3.530000e-06	-5.993440e-06	-1.289279e-08	-4.368904e+01	-7.644370e+02
3.540000e-06	-6.023711e-06	-1.291782e-08	-4.390970e+01	-7.660816e+02
3.550000e-06	-6.052167e-06	-1.294070e-08	-4.411713e+01	-7.676233e+02
3.560000e-06	-6.078944e-06	-1.296515e-08	-4.431232e+01	-7.690538e+02
3.570000e-06	-6.104019e-06	-1.299108e-08	-4.449510e+01	-7.703684e+02
3.580000e-06	-6.127386e-06	-1.301640e-08	-4.466544e+01	-7.715676e+02
3.590000e-06	-6.149070e-06	-1.303929e-08	-4.482350e+01	-7.726569e+02
3.600000e-06	-6.168993e-06	-1.305778e-08	-4.496873e+01	-7.736448e+02
3.610000e-06	-6.187260e-06	-1.307200e-08	-4.510189e+01	-7.745397e+02
3.620000e-06	-6.203920e-06	-1.308241e-08	-4.522333e+01	-7.753468e+02
3.630000e-06	-6.218807e-06	-1.309210e-08	-4.533184e+01	-7.760670e+02
3.640000e-06	-6.231667e-06	-1.310305e-08	-4.542559e+01	-7.766959e+02
3.650000e-06	-6.242573e-06	-1.311559e-08	-4.550509e+01	-7.772265e+02
3.660000e-06	-6.251744e-06	-1.312766e-08	-4.557194e+01	-7.776518e+02
3.670000e-06	-6.259208e-06	-1.313696e-08	-4.562635e+01	-7.779679e+02
3.680000e-06	-6.264746e-06	-1.314431e-08	-4.566672e+01	-7.781766e+02
3.690000e-06	-6.268323e-06	-1.314781e-08	-4.569279e+01	-7.782851e+02
3.700000e-06	-6.270249e-06	-1.314693e-08	-4.570684e+01	-7.783044e+02
3.710000e-06	-6.270568e-06	-1.314386e-08	-4.570915e+01	-7.782449e+02
