# Configuracion:
# Concentracion g/m^3_=_9000.0
# C_Vs_to_Am_M_A/Vsm_=_59384043850.047264
# pendiente_HvsI_1/m_=_3716.3
# ordenada_HvsI_A/m_=_1297.0
# frecuencia_ref_Hz_=_269539.9309871771
# 
Resultados:
# tau_ns_=_(4.78+/-0.09)e+01
# dphi_rad_=_6.36+/-0.00
# SAR_W/g_=_99.73+/-1.91
# Hc_kA/m_=_2.48+/-0.02
# Mr_A/m_=_67.22+/-0.55
# Magnetizacion_max_=_407.17+/-1.26
# Suceptibilidad_a_M=0_=_(2.808+/-0.011)e-02

Nombre_archivo	Time_m_(s)	Temperatura_(ºC)	Mr_(A/m)	Hc_(kA/m)	Campo_max_(A/m)	Mag_max_(A/m)	f0	mag0	dphi0	SAR_(W/g)	Tau_(ns)	N	xi_M_0
265kHz_060dA_100Mss_bobN1FGFe-0007.txt		20.00	66.75	2.50	23594.80	402.29	2.694812e+05	2.783428e+01	6.365693e+00	100.78	48.833271	4453	2.768e-02
265kHz_060dA_100Mss_bobN1FGFe-0008.txt		20.00	67.57	2.49	23594.80	406.59	2.694812e+05	2.814048e+01	6.365021e+00	101.06	48.434114	4453	2.812e-02
265kHz_060dA_100Mss_bobN1FGFe-0009.txt		20.00	66.54	2.46	23594.80	408.37	2.694812e+05	2.821693e+01	6.362306e+00	97.98	46.820243	4453	2.806e-02
265kHz_060dA_100Mss_bobN1FGFe-0010.txt		20.00	67.34	2.49	23594.80	407.36	2.694812e+05	2.814784e+01	6.364061e+00	99.91	47.863044	4453	2.808e-02
265kHz_060dA_100Mss_bobN1FGFe-0011.txt		20.00	68.10	2.52	23594.80	406.06	2.694812e+05	2.811418e+01	6.366313e+00	102.56	49.201740	4453	2.797e-02
265kHz_060dA_100Mss_bobN1FGFe-0012.txt		20.00	67.27	2.49	23594.80	406.52	2.694812e+05	2.811100e+01	6.364425e+00	100.22	48.079424	4453	2.799e-02
265kHz_060dA_100Mss_bobN1FGFe-0013.txt		20.00	67.17	2.48	23594.80	406.33	2.694812e+05	2.809295e+01	6.364273e+00	99.97	47.989166	4453	2.810e-02
265kHz_060dA_100Mss_bobN1FGFe-0014.txt		20.00	68.29	2.53	23594.80	406.53	2.694812e+05	2.812861e+01	6.366965e+00	103.41	49.589859	4453	2.809e-02
265kHz_060dA_100Mss_bobN1FGFe-0015.txt		20.00	67.59	2.50	23594.80	407.24	2.694812e+05	2.815580e+01	6.364723e+00	100.75	48.256745	4453	2.804e-02
265kHz_060dA_100Mss_bobN1FGFe-0016.txt		20.00	67.42	2.50	23594.80	405.86	2.695418e+05	2.808728e+01	6.364636e+00	100.42	48.204952	4452	2.790e-02
265kHz_060dA_100Mss_bobN1FGFe-0017.txt		20.00	67.06	2.48	23594.80	406.38	2.694812e+05	2.811813e+01	6.364157e+00	99.92	47.919622	4453	2.795e-02
265kHz_060dA_100Mss_bobN1FGFe-0018.txt		20.00	66.55	2.46	23594.80	408.55	2.694812e+05	2.821215e+01	6.361851e+00	97.40	46.549302	4453	2.807e-02
265kHz_060dA_100Mss_bobN1FGFe-0019.txt		20.00	67.09	2.47	23594.80	407.62	2.694812e+05	2.820599e+01	6.364042e+00	100.09	47.851610	4453	2.814e-02
265kHz_060dA_100Mss_bobN1FGFe-0020.txt		20.00	67.61	2.50	23594.80	406.09	2.694812e+05	2.811522e+01	6.365121e+00	101.10	48.492658	4453	2.815e-02
265kHz_060dA_100Mss_bobN1FGFe-0021.txt		20.00	68.15	2.51	23594.80	407.12	2.695418e+05	2.817867e+01	6.366206e+00	102.69	49.138159	4452	2.821e-02
265kHz_060dA_100Mss_bobN1FGFe-0022.txt		20.00	66.95	2.47	23594.80	407.89	2.694812e+05	2.819000e+01	6.363318e+00	99.14	47.421037	4453	2.809e-02
265kHz_060dA_100Mss_bobN1FGFe-0023.txt		20.00	68.13	2.51	23594.80	407.64	2.694812e+05	2.821876e+01	6.366712e+00	103.43	49.438758	4453	2.808e-02
265kHz_060dA_100Mss_bobN1FGFe-0024.txt		20.00	66.90	2.46	23594.80	409.11	2.694812e+05	2.823844e+01	6.362088e+00	97.79	46.690209	4453	2.825e-02
265kHz_060dA_100Mss_bobN1FGFe-0025.txt		20.00	67.51	2.49	23594.80	406.66	2.694812e+05	2.814544e+01	6.364811e+00	100.82	48.307967	4453	2.809e-02
265kHz_060dA_100Mss_bobN1FGFe-0026.txt		20.00	66.80	2.46	23594.80	407.29	2.694812e+05	2.815684e+01	6.362631e+00	98.17	47.012833	4453	2.803e-02
265kHz_060dA_100Mss_bobN1FGFe-0027.txt		20.00	66.72	2.47	23594.80	407.40	2.694812e+05	2.814657e+01	6.362339e+00	97.78	46.838986	4453	2.807e-02
265kHz_060dA_100Mss_bobN1FGFe-0028.txt		20.00	67.77	2.49	23594.80	408.46	2.694812e+05	2.825318e+01	6.364701e+00	101.07	48.243228	4453	2.826e-02
265kHz_060dA_100Mss_bobN1FGFe-0029.txt		20.00	66.47	2.46	23594.80	406.89	2.695418e+05	2.809923e+01	6.361248e+00	96.29	46.191034	4452	2.804e-02
265kHz_060dA_100Mss_bobN1FGFe-0030.txt		20.00	67.35	2.46	23594.80	409.33	2.694812e+05	2.830721e+01	6.363169e+00	99.37	47.332750	4453	2.832e-02
265kHz_060dA_100Mss_bobN1FGFe-0031.txt		20.00	67.41	2.48	23594.80	407.68	2.694812e+05	2.821918e+01	6.364381e+00	100.55	48.052358	4453	2.808e-02
265kHz_060dA_100Mss_bobN1FGFe-0032.txt		20.00	67.35	2.48	23594.80	407.14	2.695418e+05	2.816734e+01	6.364023e+00	99.95	47.840346	4452	2.816e-02
265kHz_060dA_100Mss_bobN1FGFe-0033.txt		20.00	66.95	2.47	23594.80	406.53	2.694812e+05	2.812733e+01	6.363056e+00	98.60	47.264900	4453	2.811e-02
265kHz_060dA_100Mss_bobN1FGFe-0034.txt		20.00	66.37	2.46	23594.80	407.34	2.694812e+05	2.812219e+01	6.361642e+00	96.84	46.424587	4453	2.806e-02
265kHz_060dA_100Mss_bobN1FGFe-0035.txt		20.00	66.06	2.43	23594.80	408.82	2.694812e+05	2.824114e+01	6.360577e+00	95.93	45.792571	4453	2.816e-02
265kHz_060dA_100Mss_bobN1FGFe-0036.txt		20.00	67.57	2.49	23594.80	407.34	2.695418e+05	2.817298e+01	6.363698e+00	99.57	47.646900	4452	2.808e-02
265kHz_060dA_100Mss_bobN1FGFe-0037.txt		20.00	66.86	2.46	23594.80	407.70	2.694812e+05	2.818040e+01	6.362394e+00	97.96	46.871299	4453	2.811e-02
