# Temperatura_=_20.0
# Concentracion g/m^3_=_12000.0
# C_Vs_to_Am_M_A/Vsm_=_59384043850.047264
# pendiente_HvsI_1/m_=_3716.3
# ordenada_HvsI_A/m_=_1297.0
# frecuencia_Hz_=_269357.45796791307

Tiempo_(s)	Campo_(V.s)	Magnetizacion_(V.s)	Campo_(kA/m)	Magnetizacion_(A/m)
0.000000e+00	-6.439004e-06	-6.419085e-09	-4.570139e+01	-3.809806e+02
1.000000e-08	-6.436959e-06	-6.422963e-09	-4.568688e+01	-3.816306e+02
2.000000e-08	-6.433037e-06	-6.430811e-09	-4.565905e+01	-3.822023e+02
3.000000e-08	-6.427493e-06	-6.441894e-09	-4.561969e+01	-3.826909e+02
4.000000e-08	-6.420379e-06	-6.451912e-09	-4.556920e+01	-3.830900e+02
5.000000e-08	-6.411586e-06	-6.460029e-09	-4.550679e+01	-3.833932e+02
6.000000e-08	-6.400761e-06	-6.468913e-09	-4.542996e+01	-3.835965e+02
7.000000e-08	-6.387969e-06	-6.478008e-09	-4.533917e+01	-3.837003e+02
8.000000e-08	-6.373167e-06	-6.463049e-09	-4.523411e+01	-3.837104e+02
9.000000e-08	-6.355990e-06	-6.425343e-09	-4.511219e+01	-3.836380e+02
1.000000e-07	-6.336628e-06	-6.417814e-09	-4.497477e+01	-3.834969e+02
1.100000e-07	-6.315400e-06	-6.434503e-09	-4.482410e+01	-3.833009e+02
1.200000e-07	-6.292553e-06	-6.457947e-09	-4.466194e+01	-3.830593e+02
1.300000e-07	-6.268481e-06	-6.479792e-09	-4.449109e+01	-3.827743e+02
1.400000e-07	-6.243055e-06	-6.436695e-09	-4.431063e+01	-3.824394e+02
1.500000e-07	-6.215894e-06	-6.418288e-09	-4.411785e+01	-3.820402e+02
1.600000e-07	-6.187185e-06	-6.466878e-09	-4.391409e+01	-3.815578e+02
1.700000e-07	-6.156978e-06	-6.425606e-09	-4.369969e+01	-3.809735e+02
1.800000e-07	-6.125030e-06	-6.361276e-09	-4.347293e+01	-3.802737e+02
1.900000e-07	-6.091448e-06	-6.350846e-09	-4.323459e+01	-3.794541e+02
2.000000e-07	-6.056267e-06	-6.332952e-09	-4.298488e+01	-3.785207e+02
2.100000e-07	-6.019396e-06	-6.352494e-09	-4.272319e+01	-3.774891e+02
2.200000e-07	-5.980869e-06	-6.350610e-09	-4.244974e+01	-3.763803e+02
2.300000e-07	-5.940553e-06	-6.303130e-09	-4.216360e+01	-3.752156e+02
2.400000e-07	-5.898330e-06	-6.288738e-09	-4.186392e+01	-3.740106e+02
2.500000e-07	-5.854328e-06	-6.268111e-09	-4.155161e+01	-3.727719e+02
2.600000e-07	-5.808686e-06	-6.241408e-09	-4.122766e+01	-3.714951e+02
2.700000e-07	-5.761452e-06	-6.204389e-09	-4.089241e+01	-3.701664e+02
2.800000e-07	-5.712388e-06	-6.167361e-09	-4.054417e+01	-3.687666e+02
2.900000e-07	-5.661209e-06	-6.176571e-09	-4.018092e+01	-3.672767e+02
3.000000e-07	-5.608034e-06	-6.164316e-09	-3.980351e+01	-3.656822e+02
3.100000e-07	-5.553189e-06	-6.109950e-09	-3.941424e+01	-3.639771e+02
3.200000e-07	-5.496784e-06	-6.060538e-09	-3.901391e+01	-3.621647e+02
3.300000e-07	-5.438594e-06	-6.037666e-09	-3.860090e+01	-3.602559e+02
3.400000e-07	-5.378686e-06	-6.020282e-09	-3.817569e+01	-3.582653e+02
3.500000e-07	-5.317368e-06	-5.976314e-09	-3.774049e+01	-3.562072e+02
3.600000e-07	-5.254655e-06	-5.940858e-09	-3.729537e+01	-3.540912e+02
3.700000e-07	-5.190413e-06	-5.915054e-09	-3.683941e+01	-3.519202e+02
3.800000e-07	-5.124492e-06	-5.882388e-09	-3.637153e+01	-3.496906e+02
3.900000e-07	-5.056833e-06	-5.834201e-09	-3.589131e+01	-3.473935e+02
4.000000e-07	-4.987679e-06	-5.771340e-09	-3.540048e+01	-3.450186e+02
4.100000e-07	-4.917256e-06	-5.734955e-09	-3.490065e+01	-3.425567e+02
4.200000e-07	-4.845544e-06	-5.709751e-09	-3.439167e+01	-3.400026e+02
4.300000e-07	-4.772371e-06	-5.670369e-09	-3.387232e+01	-3.373552e+02
4.400000e-07	-4.697574e-06	-5.617529e-09	-3.334144e+01	-3.346174e+02
4.500000e-07	-4.621172e-06	-5.567990e-09	-3.279917e+01	-3.317934e+02
4.600000e-07	-4.543325e-06	-5.527591e-09	-3.224665e+01	-3.288871e+02
4.700000e-07	-4.464163e-06	-5.472466e-09	-3.168479e+01	-3.259002e+02
4.800000e-07	-4.383633e-06	-5.412539e-09	-3.111322e+01	-3.228314e+02
4.900000e-07	-4.301786e-06	-5.363100e-09	-3.053231e+01	-3.196780e+02
5.000000e-07	-4.218812e-06	-5.318747e-09	-2.994339e+01	-3.164372e+02
5.100000e-07	-4.134842e-06	-5.263825e-09	-2.934740e+01	-3.131080e+02
5.200000e-07	-4.049964e-06	-5.195552e-09	-2.874497e+01	-3.096931e+02
5.300000e-07	-3.964164e-06	-5.131833e-09	-2.813600e+01	-3.061986e+02
5.400000e-07	-3.877391e-06	-5.076769e-09	-2.752012e+01	-3.026326e+02
5.500000e-07	-3.789575e-06	-5.024768e-09	-2.689684e+01	-2.990037e+02
5.600000e-07	-3.700647e-06	-4.963632e-09	-2.626567e+01	-2.953175e+02
5.700000e-07	-3.610631e-06	-4.899439e-09	-2.562677e+01	-2.915752e+02
5.800000e-07	-3.519500e-06	-4.839807e-09	-2.497996e+01	-2.877727e+02
5.900000e-07	-3.427325e-06	-4.772983e-09	-2.432574e+01	-2.839010e+02
6.000000e-07	-3.334256e-06	-4.695074e-09	-2.366517e+01	-2.799492e+02
6.100000e-07	-3.240241e-06	-4.618912e-09	-2.299789e+01	-2.759064e+02
6.200000e-07	-3.145301e-06	-4.557679e-09	-2.232405e+01	-2.717649e+02
6.300000e-07	-3.049473e-06	-4.498203e-09	-2.164390e+01	-2.675214e+02
6.400000e-07	-2.952749e-06	-4.427430e-09	-2.095739e+01	-2.631773e+02
6.500000e-07	-2.855187e-06	-4.350144e-09	-2.026494e+01	-2.587372e+02
6.600000e-07	-2.756661e-06	-4.275245e-09	-1.956564e+01	-2.542064e+02
6.700000e-07	-2.657090e-06	-4.198388e-09	-1.885893e+01	-2.495886e+02
6.800000e-07	-2.556707e-06	-4.111978e-09	-1.814645e+01	-2.448841e+02
6.900000e-07	-2.455639e-06	-4.025193e-09	-1.742911e+01	-2.400893e+02
7.000000e-07	-2.353833e-06	-3.948214e-09	-1.670653e+01	-2.351978e+02
7.100000e-07	-2.251365e-06	-3.870873e-09	-1.597926e+01	-2.302021e+02
7.200000e-07	-2.148290e-06	-3.782648e-09	-1.524768e+01	-2.250967e+02
7.300000e-07	-2.044545e-06	-3.690023e-09	-1.451133e+01	-2.198790e+02
7.400000e-07	-1.940135e-06	-3.601945e-09	-1.377028e+01	-2.145506e+02
7.500000e-07	-1.835147e-06	-3.514826e-09	-1.302511e+01	-2.091161e+02
7.600000e-07	-1.729604e-06	-3.420931e-09	-1.227601e+01	-2.035814e+02
7.700000e-07	-1.623573e-06	-3.324479e-09	-1.152345e+01	-1.979512e+02
7.800000e-07	-1.517054e-06	-3.230109e-09	-1.076742e+01	-1.922267e+02
7.900000e-07	-1.410030e-06	-3.134334e-09	-1.000781e+01	-1.864052e+02
8.000000e-07	-1.302610e-06	-3.032560e-09	-9.245392e+00	-1.804801e+02
8.100000e-07	-1.194831e-06	-2.927121e-09	-8.480420e+00	-1.744434e+02
8.200000e-07	-1.086706e-06	-2.822479e-09	-7.712988e+00	-1.682880e+02
8.300000e-07	-9.783212e-07	-2.719164e-09	-6.943720e+00	-1.620105e+02
8.400000e-07	-8.698134e-07	-2.613756e-09	-6.173577e+00	-1.556127e+02
8.500000e-07	-7.611842e-07	-2.504264e-09	-5.402571e+00	-1.491013e+02
8.600000e-07	-6.523490e-07	-2.394169e-09	-4.630104e+00	-1.424861e+02
8.700000e-07	-5.433265e-07	-2.284489e-09	-3.856308e+00	-1.357775e+02
8.800000e-07	-4.341923e-07	-2.170659e-09	-3.081718e+00	-1.289828e+02
8.900000e-07	-3.249982e-07	-2.053032e-09	-2.306703e+00	-1.221038e+02
9.000000e-07	-2.157412e-07	-1.936420e-09	-1.531242e+00	-1.151356e+02
9.100000e-07	-1.064501e-07	-1.820443e-09	-7.555391e-01	-1.080676e+02
9.200000e-07	2.817899e-09	-1.699598e-09	2.000029e-02	-1.008857e+02
9.300000e-07	1.120619e-07	-1.574057e-09	7.953689e-01	-9.357575e+01
9.400000e-07	2.212944e-07	-1.449277e-09	1.570657e+00	-8.612716e+01
9.500000e-07	3.304979e-07	-1.323697e-09	2.345738e+00	-7.853566e+01
9.600000e-07	4.396255e-07	-1.195031e-09	3.120281e+00	-7.080458e+01
9.700000e-07	5.486726e-07	-1.062051e-09	3.894252e+00	-6.294462e+01
9.800000e-07	6.576092e-07	-9.294988e-10	4.667439e+00	-5.497235e+01
9.900000e-07	7.663783e-07	-7.976185e-10	5.439437e+00	-4.690798e+01
1.000000e-06	8.749825e-07	-6.601760e-10	6.210265e+00	-3.877317e+01
1.010000e-06	9.834173e-07	-5.168660e-10	6.979890e+00	-3.058933e+01
1.020000e-06	1.091609e-06	-3.753674e-10	7.747794e+00	-2.237678e+01
1.030000e-06	1.199475e-06	-2.385850e-10	8.513378e+00	-1.415455e+01
1.040000e-06	1.307060e-06	-1.016195e-10	9.276973e+00	-5.940391e+00
1.050000e-06	1.414340e-06	3.749369e-11	1.003840e+01	2.249184e+00
1.060000e-06	1.521203e-06	1.740145e-10	1.079687e+01	1.039943e+01
1.070000e-06	1.627655e-06	3.047589e-10	1.155243e+01	1.849830e+01
1.080000e-06	1.733685e-06	4.360860e-10	1.230498e+01	2.653753e+01
1.090000e-06	1.839171e-06	5.718382e-10	1.305368e+01	3.451356e+01
1.100000e-06	1.944015e-06	7.085625e-10	1.379781e+01	4.242752e+01
1.110000e-06	2.048190e-06	8.420569e-10	1.453721e+01	5.028432e+01
1.120000e-06	2.151753e-06	9.737684e-10	1.527225e+01	5.809066e+01
1.130000e-06	2.254737e-06	1.106344e-09	1.600319e+01	6.585249e+01
1.140000e-06	2.357081e-06	1.236591e-09	1.672959e+01	7.357257e+01
1.150000e-06	2.458752e-06	1.359613e-09	1.745121e+01	8.124889e+01
1.160000e-06	2.559741e-06	1.480959e-09	1.816799e+01	8.887443e+01
1.170000e-06	2.659989e-06	1.607622e-09	1.887951e+01	9.643837e+01
1.180000e-06	2.759427e-06	1.736297e-09	1.958528e+01	1.039286e+02
1.190000e-06	2.858007e-06	1.862413e-09	2.028495e+01	1.113344e+02
1.200000e-06	2.955594e-06	1.986332e-09	2.097759e+01	1.186493e+02
1.210000e-06	3.052176e-06	2.111758e-09	2.166309e+01	1.258720e+02
1.220000e-06	3.147884e-06	2.235175e-09	2.234238e+01	1.330061e+02
1.230000e-06	3.242673e-06	2.351904e-09	2.301515e+01	1.400586e+02
1.240000e-06	3.336513e-06	2.463765e-09	2.368119e+01	1.470372e+02
1.250000e-06	3.429498e-06	2.574667e-09	2.434116e+01	1.539472e+02
1.260000e-06	3.521624e-06	2.687251e-09	2.499503e+01	1.607901e+02
1.270000e-06	3.612798e-06	2.800948e-09	2.564215e+01	1.675623e+02
1.280000e-06	3.702876e-06	2.915743e-09	2.628149e+01	1.742568e+02
1.290000e-06	3.791736e-06	3.031379e-09	2.691218e+01	1.808647e+02
1.300000e-06	3.879404e-06	3.146164e-09	2.753441e+01	1.873782e+02
1.310000e-06	3.966017e-06	3.255501e-09	2.814915e+01	1.937923e+02
1.320000e-06	4.051665e-06	3.359022e-09	2.875705e+01	2.001059e+02
1.330000e-06	4.136345e-06	3.458730e-09	2.935807e+01	2.063211e+02
1.340000e-06	4.220014e-06	3.556573e-09	2.995192e+01	2.124419e+02
1.350000e-06	4.302631e-06	3.656686e-09	3.053830e+01	2.184713e+02
1.360000e-06	4.384068e-06	3.759512e-09	3.111631e+01	2.244097e+02
1.370000e-06	4.464198e-06	3.862822e-09	3.168504e+01	2.302537e+02
1.380000e-06	4.543019e-06	3.961063e-09	3.224447e+01	2.359966e+02
1.390000e-06	4.620638e-06	4.055225e-09	3.279538e+01	2.416300e+02
1.400000e-06	4.697022e-06	4.147308e-09	3.333752e+01	2.471464e+02
1.410000e-06	4.771955e-06	4.235663e-09	3.386937e+01	2.525420e+02
1.420000e-06	4.845257e-06	4.322033e-09	3.438964e+01	2.578176e+02
1.430000e-06	4.917063e-06	4.409188e-09	3.489928e+01	2.629790e+02
1.440000e-06	4.987538e-06	4.498706e-09	3.539949e+01	2.680354e+02
1.450000e-06	5.056657e-06	4.585211e-09	3.589006e+01	2.729963e+02
1.460000e-06	5.124471e-06	4.665084e-09	3.637138e+01	2.778686e+02
1.470000e-06	5.190784e-06	4.742642e-09	3.684205e+01	2.826538e+02
1.480000e-06	5.255395e-06	4.822121e-09	3.730063e+01	2.873477e+02
1.490000e-06	5.318477e-06	4.900519e-09	3.774836e+01	2.919402e+02
1.500000e-06	5.380157e-06	4.974668e-09	3.818613e+01	2.964187e+02
1.510000e-06	5.440521e-06	5.047516e-09	3.861458e+01	3.007707e+02
1.520000e-06	5.499417e-06	5.121946e-09	3.903259e+01	3.049872e+02
1.530000e-06	5.556518e-06	5.192755e-09	3.943787e+01	3.090649e+02
1.540000e-06	5.611928e-06	5.257604e-09	3.983115e+01	3.130067e+02
1.550000e-06	5.665744e-06	5.319344e-09	4.021312e+01	3.168201e+02
1.560000e-06	5.717758e-06	5.380272e-09	4.058229e+01	3.205154e+02
1.570000e-06	5.767718e-06	5.439350e-09	4.093689e+01	3.241018e+02
1.580000e-06	5.815723e-06	5.496935e-09	4.127760e+01	3.275856e+02
1.590000e-06	5.862026e-06	5.555487e-09	4.160624e+01	3.309685e+02
1.600000e-06	5.906797e-06	5.614379e-09	4.192401e+01	3.342477e+02
1.610000e-06	5.949951e-06	5.669639e-09	4.223030e+01	3.374178e+02
1.620000e-06	5.991206e-06	5.718731e-09	4.252311e+01	3.404730e+02
1.630000e-06	6.030708e-06	5.767431e-09	4.280348e+01	3.434093e+02
1.640000e-06	6.068680e-06	5.815917e-09	4.307299e+01	3.462262e+02
1.650000e-06	6.105156e-06	5.860277e-09	4.333188e+01	3.489269e+02
1.660000e-06	6.139961e-06	5.901624e-09	4.357891e+01	3.515171e+02
1.670000e-06	6.172924e-06	5.942511e-09	4.381287e+01	3.540034e+02
1.680000e-06	6.204165e-06	5.981116e-09	4.403460e+01	3.563914e+02
1.690000e-06	6.233811e-06	6.017702e-09	4.424502e+01	3.586840e+02
1.700000e-06	6.261938e-06	6.056639e-09	4.444466e+01	3.608808e+02
1.710000e-06	6.288273e-06	6.095977e-09	4.463157e+01	3.629786e+02
1.720000e-06	6.312638e-06	6.130944e-09	4.480450e+01	3.649732e+02
1.730000e-06	6.335262e-06	6.161128e-09	4.496507e+01	3.668603e+02
1.740000e-06	6.356313e-06	6.188746e-09	4.511449e+01	3.686377e+02
1.750000e-06	6.375761e-06	6.214280e-09	4.525252e+01	3.703058e+02
1.760000e-06	6.393366e-06	6.239747e-09	4.537747e+01	3.718673e+02
1.770000e-06	6.409075e-06	6.263168e-09	4.548897e+01	3.733268e+02
1.780000e-06	6.422976e-06	6.285188e-09	4.558763e+01	3.746894e+02
1.790000e-06	6.434950e-06	6.307294e-09	4.567262e+01	3.759596e+02
1.800000e-06	6.444788e-06	6.327694e-09	4.574244e+01	3.771414e+02
1.810000e-06	6.452598e-06	6.345331e-09	4.579788e+01	3.782375e+02
1.820000e-06	6.458629e-06	6.360949e-09	4.584069e+01	3.792503e+02
1.830000e-06	6.462977e-06	6.377981e-09	4.587154e+01	3.801819e+02
1.840000e-06	6.465442e-06	6.394844e-09	4.588904e+01	3.810347e+02
1.850000e-06	6.465944e-06	6.408434e-09	4.589260e+01	3.818107e+02
1.860000e-06	6.464726e-06	6.419346e-09	4.588396e+01	3.825111e+02
1.870000e-06	6.461896e-06	6.428250e-09	4.586387e+01	3.831349e+02
1.880000e-06	6.457400e-06	6.435611e-09	4.583196e+01	3.836789e+02
1.890000e-06	6.451068e-06	6.441915e-09	4.578702e+01	3.841376e+02
1.900000e-06	6.442930e-06	6.445840e-09	4.572926e+01	3.845042e+02
1.910000e-06	6.433176e-06	6.450226e-09	4.566003e+01	3.847730e+02
1.920000e-06	6.421731e-06	6.449392e-09	4.557880e+01	3.849415e+02
1.930000e-06	6.408312e-06	6.468195e-09	4.548355e+01	3.850120e+02
1.940000e-06	6.392769e-06	6.509673e-09	4.537324e+01	3.849925e+02
1.950000e-06	6.374888e-06	6.507727e-09	4.524633e+01	3.848954e+02
1.960000e-06	6.354412e-06	6.478044e-09	4.510100e+01	3.847351e+02
1.970000e-06	6.331695e-06	6.422375e-09	4.493976e+01	3.845240e+02
1.980000e-06	6.307796e-06	6.402605e-09	4.477013e+01	3.842692e+02
1.990000e-06	6.283266e-06	6.477999e-09	4.459603e+01	3.839695e+02
2.000000e-06	6.257296e-06	6.449332e-09	4.441171e+01	3.836153e+02
2.010000e-06	6.229522e-06	6.400407e-09	4.421457e+01	3.831901e+02
2.020000e-06	6.200444e-06	6.469982e-09	4.400819e+01	3.826743e+02
2.030000e-06	6.169406e-06	6.460820e-09	4.378790e+01	3.820507e+02
2.040000e-06	6.136103e-06	6.447384e-09	4.355152e+01	3.813088e+02
2.050000e-06	6.101430e-06	6.452306e-09	4.330543e+01	3.804480e+02
2.060000e-06	6.065207e-06	6.358040e-09	4.304834e+01	3.794784e+02
2.070000e-06	6.027123e-06	6.356596e-09	4.277803e+01	3.784181e+02
2.080000e-06	5.987336e-06	6.378860e-09	4.249564e+01	3.772888e+02
2.090000e-06	5.945719e-06	6.331515e-09	4.220026e+01	3.761104e+02
2.100000e-06	5.902641e-06	6.331221e-09	4.189451e+01	3.748954e+02
2.110000e-06	5.858095e-06	6.294103e-09	4.157834e+01	3.736463e+02
2.120000e-06	5.811660e-06	6.304191e-09	4.124877e+01	3.723548e+02
2.130000e-06	5.763619e-06	6.294369e-09	4.090779e+01	3.710047e+02
2.140000e-06	5.713953e-06	6.187600e-09	4.055528e+01	3.695760e+02
2.150000e-06	5.662464e-06	6.192673e-09	4.018983e+01	3.680510e+02
2.160000e-06	5.608991e-06	6.197684e-09	3.981031e+01	3.664180e+02
2.170000e-06	5.553518e-06	6.169579e-09	3.941658e+01	3.646746e+02
2.180000e-06	5.496495e-06	6.130526e-09	3.901185e+01	3.628273e+02
2.190000e-06	5.437916e-06	6.074731e-09	3.859609e+01	3.608889e+02
2.200000e-06	5.377779e-06	6.083889e-09	3.816925e+01	3.588743e+02
2.210000e-06	5.316076e-06	6.027326e-09	3.773132e+01	3.567965e+02
2.220000e-06	5.252696e-06	5.968518e-09	3.728147e+01	3.546627e+02
2.230000e-06	5.187763e-06	5.943122e-09	3.682060e+01	3.524734e+02
2.240000e-06	5.121301e-06	5.920196e-09	3.634888e+01	3.502225e+02
2.250000e-06	5.053395e-06	5.915549e-09	3.586691e+01	3.479003e+02
2.260000e-06	4.984040e-06	5.834498e-09	3.537466e+01	3.454964e+02
2.270000e-06	4.913014e-06	5.778655e-09	3.487055e+01	3.430032e+02
2.280000e-06	4.840434e-06	5.742687e-09	3.435541e+01	3.404167e+02
2.290000e-06	4.766541e-06	5.698620e-09	3.383094e+01	3.377378e+02
2.300000e-06	4.691336e-06	5.655769e-09	3.329717e+01	3.349700e+02
2.310000e-06	4.614627e-06	5.598008e-09	3.275272e+01	3.321176e+02
2.320000e-06	4.536365e-06	5.582318e-09	3.219724e+01	3.291839e+02
2.330000e-06	4.456690e-06	5.528618e-09	3.163175e+01	3.261693e+02
2.340000e-06	4.375786e-06	5.457539e-09	3.105752e+01	3.230720e+02
2.350000e-06	4.293845e-06	5.389179e-09	3.047594e+01	3.198889e+02
2.360000e-06	4.210846e-06	5.331928e-09	2.988684e+01	3.166177e+02
2.370000e-06	4.126712e-06	5.292168e-09	2.928970e+01	3.132587e+02
2.380000e-06	4.041458e-06	5.228661e-09	2.868460e+01	3.098159e+02
2.390000e-06	3.955037e-06	5.172693e-09	2.807122e+01	3.062963e+02
2.400000e-06	3.867377e-06	5.110243e-09	2.744905e+01	3.027087e+02
2.410000e-06	3.778655e-06	5.055876e-09	2.681933e+01	2.990606e+02
2.420000e-06	3.689038e-06	4.989178e-09	2.618327e+01	2.953564e+02
2.430000e-06	3.598529e-06	4.913831e-09	2.554087e+01	2.915951e+02
2.440000e-06	3.507033e-06	4.854496e-09	2.489148e+01	2.877707e+02
2.450000e-06	3.414501e-06	4.799220e-09	2.423472e+01	2.838731e+02
2.460000e-06	3.321034e-06	4.735729e-09	2.357133e+01	2.798912e+02
2.470000e-06	3.226523e-06	4.648658e-09	2.290053e+01	2.758149e+02
2.480000e-06	3.130993e-06	4.570683e-09	2.222249e+01	2.716380e+02
2.490000e-06	3.034608e-06	4.505047e-09	2.153840e+01	2.673593e+02
2.500000e-06	2.937331e-06	4.438020e-09	2.084796e+01	2.629813e+02
2.510000e-06	2.839232e-06	4.359674e-09	2.015170e+01	2.585094e+02
2.520000e-06	2.740325e-06	4.284403e-09	1.944970e+01	2.539486e+02
2.530000e-06	2.640615e-06	4.219212e-09	1.874200e+01	2.493013e+02
2.540000e-06	2.540106e-06	4.138949e-09	1.802863e+01	2.445663e+02
2.550000e-06	2.438786e-06	4.042343e-09	1.730950e+01	2.397389e+02
2.560000e-06	2.336650e-06	3.948106e-09	1.658458e+01	2.348120e+02
2.570000e-06	2.233795e-06	3.869503e-09	1.585455e+01	2.297785e+02
2.580000e-06	2.130267e-06	3.789766e-09	1.511976e+01	2.246339e+02
2.590000e-06	2.026051e-06	3.700091e-09	1.438007e+01	2.193771e+02
2.600000e-06	1.921247e-06	3.611739e-09	1.363622e+01	2.140110e+02
2.610000e-06	1.815886e-06	3.528698e-09	1.288841e+01	2.085411e+02
2.620000e-06	1.710079e-06	3.436743e-09	1.213743e+01	2.029730e+02
2.630000e-06	1.603908e-06	3.329854e-09	1.138387e+01	1.973104e+02
2.640000e-06	1.497317e-06	3.224271e-09	1.062734e+01	1.915529e+02
2.650000e-06	1.390321e-06	3.130480e-09	9.867926e+00	1.856962e+02
2.660000e-06	1.283020e-06	3.035404e-09	9.106345e+00	1.797330e+02
2.670000e-06	1.175405e-06	2.930427e-09	8.342541e+00	1.736553e+02
2.680000e-06	1.067507e-06	2.823950e-09	7.576723e+00	1.674571e+02
2.690000e-06	9.594336e-07	2.722236e-09	6.809664e+00	1.611369e+02
2.700000e-06	8.512100e-07	2.620297e-09	6.041538e+00	1.546982e+02
2.710000e-06	7.428351e-07	2.505473e-09	5.272337e+00	1.481495e+02
2.720000e-06	6.343307e-07	2.386494e-09	4.502217e+00	1.415010e+02
2.730000e-06	5.256182e-07	2.276313e-09	3.730621e+00	1.347623e+02
2.740000e-06	4.168090e-07	2.168090e-09	2.958338e+00	1.279389e+02
2.750000e-06	3.080655e-07	2.049091e-09	2.186522e+00	1.210302e+02
2.760000e-06	1.992802e-07	1.922387e-09	1.414409e+00	1.140289e+02
2.770000e-06	9.046921e-08	1.802553e-09	6.421132e-01	1.069228e+02
2.780000e-06	-1.832665e-08	1.688250e-09	-1.300750e-01	9.969719e+01
2.790000e-06	-1.271654e-07	1.566100e-09	-9.025678e-01	9.233902e+01
2.800000e-06	-2.359773e-07	1.435639e-09	-1.674870e+00	8.483976e+01
2.810000e-06	-3.447118e-07	1.308529e-09	-2.446622e+00	7.719793e+01
2.820000e-06	-4.533682e-07	1.184237e-09	-3.217820e+00	6.941972e+01
2.830000e-06	-5.619181e-07	1.049969e-09	-3.988263e+00	6.151827e+01
2.840000e-06	-6.703364e-07	9.061490e-10	-4.757771e+00	5.351180e+01
2.850000e-06	-7.785971e-07	7.694086e-10	-5.526161e+00	4.542128e+01
2.860000e-06	-8.866900e-07	6.398592e-10	-6.293360e+00	3.726844e+01
2.870000e-06	-9.945996e-07	5.002230e-10	-7.059258e+00	2.907434e+01
2.880000e-06	-1.102300e-06	3.521654e-10	-7.823672e+00	2.085882e+01
2.890000e-06	-1.209748e-06	2.129962e-10	-8.586293e+00	1.264041e+01
2.900000e-06	-1.316908e-06	8.340478e-11	-9.346869e+00	4.436440e+00
2.910000e-06	-1.423774e-06	-5.212129e-11	-1.010536e+01	-3.737177e+00
2.920000e-06	-1.530331e-06	-1.953700e-10	-1.086165e+01	-1.186657e+01
2.930000e-06	-1.636474e-06	-3.308840e-10	-1.161502e+01	-1.994098e+01
2.940000e-06	-1.742188e-06	-4.585776e-10	-1.236533e+01	-2.795386e+01
2.950000e-06	-1.847475e-06	-5.954470e-10	-1.311262e+01	-3.590342e+01
2.960000e-06	-1.952222e-06	-7.407043e-10	-1.385607e+01	-4.379240e+01
2.970000e-06	-2.056357e-06	-8.773812e-10	-1.459517e+01	-5.162666e+01
2.980000e-06	-2.159861e-06	-1.003022e-09	-1.532980e+01	-5.941291e+01
2.990000e-06	-2.262712e-06	-1.130455e-09	-1.605979e+01	-6.715618e+01
3.000000e-06	-2.364819e-06	-1.261364e-09	-1.678451e+01	-7.485755e+01
3.010000e-06	-2.466095e-06	-1.387264e-09	-1.750333e+01	-8.251307e+01
3.020000e-06	-2.566546e-06	-1.509961e-09	-1.821628e+01	-9.011410e+01
3.030000e-06	-2.666216e-06	-1.640793e-09	-1.892370e+01	-9.764897e+01
3.040000e-06	-2.765108e-06	-1.776888e-09	-1.962560e+01	-1.051058e+02
3.050000e-06	-2.863212e-06	-1.904488e-09	-2.032190e+01	-1.124752e+02
3.060000e-06	-2.960516e-06	-2.021226e-09	-2.101252e+01	-1.197526e+02
3.070000e-06	-3.057023e-06	-2.139129e-09	-2.169749e+01	-1.269385e+02
3.080000e-06	-3.152700e-06	-2.261461e-09	-2.237657e+01	-1.340383e+02
3.090000e-06	-3.247478e-06	-2.379163e-09	-2.304926e+01	-1.410595e+02
3.100000e-06	-3.341331e-06	-2.493182e-09	-2.371539e+01	-1.480091e+02
3.110000e-06	-3.434151e-06	-2.612157e-09	-2.437419e+01	-1.548912e+02
3.120000e-06	-3.525870e-06	-2.735373e-09	-2.502517e+01	-1.617054e+02
3.130000e-06	-3.616547e-06	-2.850189e-09	-2.566876e+01	-1.684466e+02
3.140000e-06	-3.706166e-06	-2.956480e-09	-2.630484e+01	-1.751069e+02
3.150000e-06	-3.794769e-06	-3.064469e-09	-2.693370e+01	-1.816774e+02
3.160000e-06	-3.882434e-06	-3.177109e-09	-2.755592e+01	-1.881512e+02
3.170000e-06	-3.969090e-06	-3.288332e-09	-2.817096e+01	-1.945247e+02
3.180000e-06	-4.054559e-06	-3.393144e-09	-2.877759e+01	-2.007981e+02
3.190000e-06	-4.138734e-06	-3.496702e-09	-2.937502e+01	-2.069747e+02
3.200000e-06	-4.221753e-06	-3.602328e-09	-2.996426e+01	-2.130581e+02
3.210000e-06	-4.303754e-06	-3.702106e-09	-3.054627e+01	-2.190507e+02
3.220000e-06	-4.384680e-06	-3.794439e-09	-3.112065e+01	-2.249515e+02
3.230000e-06	-4.464472e-06	-3.889797e-09	-3.168698e+01	-2.307557e+02
3.240000e-06	-4.542974e-06	-3.991916e-09	-3.224416e+01	-2.364557e+02
3.250000e-06	-4.619970e-06	-4.090238e-09	-3.279064e+01	-2.420432e+02
3.260000e-06	-4.695454e-06	-4.178643e-09	-3.332640e+01	-2.475117e+02
3.270000e-06	-4.769559e-06	-4.266057e-09	-3.385237e+01	-2.528590e+02
3.280000e-06	-4.842399e-06	-4.357611e-09	-3.436935e+01	-2.580881e+02
3.290000e-06	-4.913940e-06	-4.446289e-09	-3.487712e+01	-2.632061e+02
3.300000e-06	-4.984022e-06	-4.526885e-09	-3.537453e+01	-2.682229e+02
3.310000e-06	-5.052545e-06	-4.605820e-09	-3.586088e+01	-2.731472e+02
3.320000e-06	-5.119552e-06	-4.687222e-09	-3.633647e+01	-2.779841e+02
3.330000e-06	-5.185174e-06	-4.765924e-09	-3.680223e+01	-2.827331e+02
3.340000e-06	-5.249471e-06	-4.840449e-09	-3.725858e+01	-2.873875e+02
3.350000e-06	-5.312298e-06	-4.917067e-09	-3.770450e+01	-2.919360e+02
3.360000e-06	-5.373364e-06	-4.998087e-09	-3.813792e+01	-2.963656e+02
3.370000e-06	-5.432798e-06	-5.075133e-09	-3.855976e+01	-3.006648e+02
3.380000e-06	-5.490768e-06	-5.142654e-09	-3.897120e+01	-3.048265e+02
3.390000e-06	-5.547196e-06	-5.206984e-09	-3.937171e+01	-3.088497e+02
3.400000e-06	-5.602001e-06	-5.271808e-09	-3.976070e+01	-3.127394e+02
3.410000e-06	-5.654911e-06	-5.334515e-09	-4.013622e+01	-3.165046e+02
3.420000e-06	-5.705917e-06	-5.391455e-09	-4.049824e+01	-3.201552e+02
3.430000e-06	-5.755034e-06	-5.447890e-09	-4.084686e+01	-3.236999e+02
3.440000e-06	-5.802150e-06	-5.508931e-09	-4.118127e+01	-3.271430e+02
3.450000e-06	-5.847579e-06	-5.570725e-09	-4.150370e+01	-3.304847e+02
3.460000e-06	-5.891645e-06	-5.625085e-09	-4.181646e+01	-3.337208e+02
3.470000e-06	-5.934275e-06	-5.672825e-09	-4.211903e+01	-3.368457e+02
3.480000e-06	-5.975416e-06	-5.724100e-09	-4.241104e+01	-3.398538e+02
3.490000e-06	-6.015007e-06	-5.777406e-09	-4.269204e+01	-3.427424e+02
3.500000e-06	-6.052777e-06	-5.824227e-09	-4.296011e+01	-3.455124e+02
3.510000e-06	-6.088729e-06	-5.865404e-09	-4.321528e+01	-3.481680e+02
3.520000e-06	-6.123041e-06	-5.907930e-09	-4.345882e+01	-3.507156e+02
3.530000e-06	-6.155776e-06	-5.950890e-09	-4.369116e+01	-3.531618e+02
3.540000e-06	-6.186786e-06	-5.989673e-09	-4.391125e+01	-3.555110e+02
3.550000e-06	-6.215915e-06	-6.026095e-09	-4.411800e+01	-3.577651e+02
3.560000e-06	-6.243331e-06	-6.063295e-09	-4.431259e+01	-3.599224e+02
3.570000e-06	-6.269128e-06	-6.101392e-09	-4.449569e+01	-3.619792e+02
3.580000e-06	-6.293262e-06	-6.136617e-09	-4.466698e+01	-3.639310e+02
3.590000e-06	-6.315584e-06	-6.169029e-09	-4.482541e+01	-3.657743e+02
3.600000e-06	-6.336011e-06	-6.201363e-09	-4.497039e+01	-3.675078e+02
3.610000e-06	-6.354706e-06	-6.228896e-09	-4.510308e+01	-3.691327e+02
3.620000e-06	-6.371775e-06	-6.250356e-09	-4.522423e+01	-3.706525e+02
3.630000e-06	-6.387039e-06	-6.270223e-09	-4.533257e+01	-3.720722e+02
3.640000e-06	-6.400183e-06	-6.291893e-09	-4.542586e+01	-3.733968e+02
3.650000e-06	-6.411271e-06	-6.313786e-09	-4.550456e+01	-3.746307e+02
3.660000e-06	-6.420563e-06	-6.334559e-09	-4.557051e+01	-3.757773e+02
3.670000e-06	-6.428118e-06	-6.355813e-09	-4.562413e+01	-3.768391e+02
3.680000e-06	-6.433711e-06	-6.377008e-09	-4.566383e+01	-3.778183e+02
3.690000e-06	-6.437379e-06	-6.394832e-09	-4.568986e+01	-3.787173e+02
3.700000e-06	-6.439388e-06	-6.408713e-09	-4.570412e+01	-3.795382e+02
3.710000e-06	-6.439738e-06	-6.416365e-09	-4.570660e+01	-3.802830e+02
