# Temperatura_=_20.0
# Concentracion g/m^3_=_12000.0
# C_Vs_to_Am_M_A/Vsm_=_59384043850.047264
# pendiente_HvsI_1/m_=_3716.3
# ordenada_HvsI_A/m_=_1297.0
# frecuencia_Hz_=_269353.84435450885

Tiempo_(s)	Campo_(V.s)	Magnetizacion_(V.s)	Campo_(kA/m)	Magnetizacion_(A/m)
0.000000e+00	-6.424867e-06	-6.251530e-09	-4.569740e+01	-3.710038e+02
1.000000e-08	-6.422785e-06	-6.258139e-09	-4.568259e+01	-3.716680e+02
2.000000e-08	-6.418849e-06	-6.269571e-09	-4.565459e+01	-3.722578e+02
3.000000e-08	-6.413376e-06	-6.280408e-09	-4.561567e+01	-3.727617e+02
4.000000e-08	-6.406413e-06	-6.286059e-09	-4.556614e+01	-3.731671e+02
5.000000e-08	-6.397723e-06	-6.289313e-09	-4.550434e+01	-3.734643e+02
6.000000e-08	-6.387013e-06	-6.296691e-09	-4.542816e+01	-3.736505e+02
7.000000e-08	-6.374355e-06	-6.311001e-09	-4.533813e+01	-3.737318e+02
8.000000e-08	-6.359687e-06	-6.302095e-09	-4.523380e+01	-3.737233e+02
9.000000e-08	-6.342651e-06	-6.246079e-09	-4.511263e+01	-3.736459e+02
1.000000e-07	-6.323445e-06	-6.232823e-09	-4.497603e+01	-3.735214e+02
1.100000e-07	-6.302460e-06	-6.268520e-09	-4.482677e+01	-3.733662e+02
1.200000e-07	-6.279839e-06	-6.300183e-09	-4.466587e+01	-3.731867e+02
1.300000e-07	-6.255933e-06	-6.350501e-09	-4.449585e+01	-3.729769e+02
1.400000e-07	-6.230667e-06	-6.276108e-09	-4.431614e+01	-3.727191e+02
1.500000e-07	-6.203604e-06	-6.204230e-09	-4.412365e+01	-3.723883e+02
1.600000e-07	-6.175003e-06	-6.319800e-09	-4.392022e+01	-3.719584e+02
1.700000e-07	-6.144935e-06	-6.276980e-09	-4.370636e+01	-3.714097e+02
1.800000e-07	-6.113118e-06	-6.169035e-09	-4.348006e+01	-3.707333e+02
1.900000e-07	-6.079666e-06	-6.204949e-09	-4.324213e+01	-3.699346e+02
2.000000e-07	-6.044588e-06	-6.168347e-09	-4.299264e+01	-3.690311e+02
2.100000e-07	-6.007839e-06	-6.195549e-09	-4.273126e+01	-3.680480e+02
2.200000e-07	-5.969539e-06	-6.231579e-09	-4.245885e+01	-3.670109e+02
2.300000e-07	-5.929501e-06	-6.125767e-09	-4.217407e+01	-3.659394e+02
2.400000e-07	-5.887480e-06	-6.101545e-09	-4.187519e+01	-3.648415e+02
2.500000e-07	-5.843642e-06	-6.122691e-09	-4.156339e+01	-3.637122e+02
2.600000e-07	-5.798148e-06	-6.102759e-09	-4.123981e+01	-3.625351e+02
2.700000e-07	-5.751067e-06	-6.061320e-09	-4.090494e+01	-3.612876e+02
2.800000e-07	-5.702223e-06	-6.007996e-09	-4.055753e+01	-3.599473e+02
2.900000e-07	-5.651190e-06	-6.035991e-09	-4.019456e+01	-3.584984e+02
3.000000e-07	-5.598127e-06	-6.036483e-09	-3.981714e+01	-3.569350e+02
3.100000e-07	-5.543487e-06	-5.958734e-09	-3.942851e+01	-3.552627e+02
3.200000e-07	-5.487340e-06	-5.898945e-09	-3.902916e+01	-3.534956e+02
3.300000e-07	-5.429439e-06	-5.890703e-09	-3.861733e+01	-3.516513e+02
3.400000e-07	-5.369798e-06	-5.902307e-09	-3.819313e+01	-3.497461e+02
3.500000e-07	-5.308658e-06	-5.839673e-09	-3.775827e+01	-3.477895e+02
3.600000e-07	-5.246025e-06	-5.785931e-09	-3.731279e+01	-3.457829e+02
3.700000e-07	-5.181869e-06	-5.774945e-09	-3.685647e+01	-3.437193e+02
3.800000e-07	-5.116061e-06	-5.749630e-09	-3.638841e+01	-3.415870e+02
3.900000e-07	-5.048554e-06	-5.702941e-09	-3.590826e+01	-3.393736e+02
4.000000e-07	-4.979631e-06	-5.628344e-09	-3.541804e+01	-3.370699e+02
4.100000e-07	-4.909440e-06	-5.598978e-09	-3.491880e+01	-3.346730e+02
4.200000e-07	-4.837913e-06	-5.588978e-09	-3.441006e+01	-3.321860e+02
4.300000e-07	-4.764984e-06	-5.540217e-09	-3.389135e+01	-3.296164e+02
4.400000e-07	-4.690467e-06	-5.476689e-09	-3.336134e+01	-3.269726e+02
4.500000e-07	-4.614325e-06	-5.433132e-09	-3.281977e+01	-3.242603e+02
4.600000e-07	-4.536744e-06	-5.408911e-09	-3.226797e+01	-3.214800e+02
4.700000e-07	-4.457799e-06	-5.352319e-09	-3.170647e+01	-3.186267e+02
4.800000e-07	-4.377419e-06	-5.283531e-09	-3.113476e+01	-3.156912e+02
4.900000e-07	-4.295770e-06	-5.238317e-09	-3.055402e+01	-3.126640e+02
5.000000e-07	-4.213045e-06	-5.202914e-09	-2.996563e+01	-3.095380e+02
5.100000e-07	-4.129289e-06	-5.149195e-09	-2.936991e+01	-3.063123e+02
5.200000e-07	-4.044635e-06	-5.072828e-09	-2.876780e+01	-3.029928e+02
5.300000e-07	-3.959056e-06	-5.014143e-09	-2.815911e+01	-2.995906e+02
5.400000e-07	-3.872454e-06	-4.972612e-09	-2.754315e+01	-2.961197e+02
5.500000e-07	-3.784791e-06	-4.915887e-09	-2.691964e+01	-2.925927e+02
5.600000e-07	-3.696133e-06	-4.841193e-09	-2.628905e+01	-2.890168e+02
5.700000e-07	-3.606449e-06	-4.781271e-09	-2.565117e+01	-2.853925e+02
5.800000e-07	-3.515558e-06	-4.737253e-09	-2.500470e+01	-2.817128e+02
5.900000e-07	-3.423594e-06	-4.670176e-09	-2.435060e+01	-2.779656e+02
6.000000e-07	-3.330815e-06	-4.585890e-09	-2.369070e+01	-2.741372e+02
6.100000e-07	-3.237174e-06	-4.518137e-09	-2.302467e+01	-2.702156e+02
6.200000e-07	-3.142533e-06	-4.467853e-09	-2.235153e+01	-2.661937e+02
6.300000e-07	-3.046971e-06	-4.402444e-09	-2.167183e+01	-2.620700e+02
6.400000e-07	-2.950557e-06	-4.318433e-09	-2.098608e+01	-2.578481e+02
6.500000e-07	-2.853298e-06	-4.246728e-09	-2.029432e+01	-2.535338e+02
6.600000e-07	-2.755023e-06	-4.188816e-09	-1.959533e+01	-2.491330e+02
6.700000e-07	-2.655612e-06	-4.113061e-09	-1.888826e+01	-2.446485e+02
6.800000e-07	-2.555388e-06	-4.017869e-09	-1.817541e+01	-2.400791e+02
6.900000e-07	-2.454560e-06	-3.935944e-09	-1.745826e+01	-2.354202e+02
7.000000e-07	-2.353049e-06	-3.869366e-09	-1.673626e+01	-2.306651e+02
7.100000e-07	-2.250816e-06	-3.790333e-09	-1.600912e+01	-2.258083e+02
7.200000e-07	-2.147933e-06	-3.693105e-09	-1.527735e+01	-2.208468e+02
7.300000e-07	-2.044391e-06	-3.604646e-09	-1.454090e+01	-2.157818e+02
7.400000e-07	-1.940185e-06	-3.533024e-09	-1.379972e+01	-2.106179e+02
7.500000e-07	-1.835448e-06	-3.450765e-09	-1.305478e+01	-2.053611e+02
7.600000e-07	-1.730269e-06	-3.350640e-09	-1.230668e+01	-2.000164e+02
7.700000e-07	-1.624582e-06	-3.255792e-09	-1.155497e+01	-1.945852e+02
7.800000e-07	-1.518297e-06	-3.174091e-09	-1.079901e+01	-1.890637e+02
7.900000e-07	-1.411521e-06	-3.082666e-09	-1.003956e+01	-1.834439e+02
8.000000e-07	-1.304347e-06	-2.972705e-09	-9.277275e+00	-1.777144e+02
8.100000e-07	-1.196806e-06	-2.868400e-09	-8.512381e+00	-1.718647e+02
8.200000e-07	-1.088929e-06	-2.778613e-09	-7.745097e+00	-1.658871e+02
8.300000e-07	-9.807613e-07	-2.684598e-09	-6.975746e+00	-1.597800e+02
8.400000e-07	-8.724148e-07	-2.574278e-09	-6.205123e+00	-1.535478e+02
8.500000e-07	-7.639273e-07	-2.465058e-09	-5.433496e+00	-1.472000e+02
8.600000e-07	-6.553371e-07	-2.367599e-09	-4.661139e+00	-1.407484e+02
8.700000e-07	-5.465894e-07	-2.265036e-09	-3.887662e+00	-1.342037e+02
8.800000e-07	-4.377257e-07	-2.145771e-09	-3.113360e+00	-1.275722e+02
8.900000e-07	-3.288101e-07	-2.025736e-09	-2.338689e+00	-1.208540e+02
9.000000e-07	-2.198275e-07	-1.917948e-09	-1.563542e+00	-1.140432e+02
9.100000e-07	-1.108242e-07	-1.808269e-09	-7.882464e-01	-1.071293e+02
9.200000e-07	-1.849442e-09	-1.684742e-09	-1.315431e-02	-1.001002e+02
9.300000e-07	1.071160e-07	-1.559526e-09	7.618718e-01	-9.294541e+01
9.400000e-07	2.161226e-07	-1.445810e-09	1.537190e+00	-8.565909e+01
9.500000e-07	3.250699e-07	-1.329468e-09	2.312087e+00	-7.824131e+01
9.600000e-07	4.339052e-07	-1.199307e-09	3.086187e+00	-7.069833e+01
9.700000e-07	5.426708e-07	-1.065276e-09	3.859791e+00	-6.304160e+01
9.800000e-07	6.513820e-07	-9.394858e-10	4.633008e+00	-5.528603e+01
9.900000e-07	7.600038e-07	-8.125758e-10	5.405590e+00	-4.744831e+01
1.000000e-06	8.684621e-07	-6.722246e-10	6.177009e+00	-3.954575e+01
1.010000e-06	9.767518e-07	-5.294327e-10	6.947229e+00	-3.159575e+01
1.020000e-06	1.084850e-06	-3.996885e-10	7.716088e+00	-2.361591e+01
1.030000e-06	1.192675e-06	-2.740822e-10	8.483002e+00	-1.562419e+01
1.040000e-06	1.300199e-06	-1.385733e-10	9.247771e+00	-7.638795e+00
1.050000e-06	1.407372e-06	2.568355e-13	1.001005e+01	3.226400e-01
1.060000e-06	1.514114e-06	1.284189e-10	1.076926e+01	8.244463e+00
1.070000e-06	1.620312e-06	2.521770e-10	1.152460e+01	1.611478e+01
1.080000e-06	1.725860e-06	3.870079e-10	1.227532e+01	2.392692e+01
1.090000e-06	1.830867e-06	5.268041e-10	1.302219e+01	3.168008e+01
1.100000e-06	1.935462e-06	6.564225e-10	1.376613e+01	3.937866e+01
1.110000e-06	2.039556e-06	7.798749e-10	1.450651e+01	4.703027e+01
1.120000e-06	2.143067e-06	9.102457e-10	1.524274e+01	5.464291e+01
1.130000e-06	2.245907e-06	1.042711e-09	1.597420e+01	6.222194e+01
1.140000e-06	2.348036e-06	1.165315e-09	1.670060e+01	6.976777e+01
1.150000e-06	2.449496e-06	1.280822e-09	1.742224e+01	7.727494e+01
1.160000e-06	2.550273e-06	1.403778e-09	1.813903e+01	8.473283e+01
1.170000e-06	2.650343e-06	1.534195e-09	1.885078e+01	9.212795e+01
1.180000e-06	2.749632e-06	1.659871e-09	1.955699e+01	9.944693e+01
1.190000e-06	2.847996e-06	1.779028e-09	2.025661e+01	1.066795e+02
1.200000e-06	2.945352e-06	1.900626e-09	2.094906e+01	1.138204e+02
1.210000e-06	3.041767e-06	2.024830e-09	2.163482e+01	1.208700e+02
1.220000e-06	3.137297e-06	2.140839e-09	2.231429e+01	1.278330e+02
1.230000e-06	3.231854e-06	2.249346e-09	2.298683e+01	1.347161e+02
1.240000e-06	3.325476e-06	2.359922e-09	2.365273e+01	1.415254e+02
1.250000e-06	3.418317e-06	2.474566e-09	2.431306e+01	1.482638e+02
1.260000e-06	3.510352e-06	2.586589e-09	2.496767e+01	1.549305e+02
1.270000e-06	3.601365e-06	2.695973e-09	2.561501e+01	1.615206e+02
1.280000e-06	3.691085e-06	2.808505e-09	2.625315e+01	1.680273e+02
1.290000e-06	3.779650e-06	2.923326e-09	2.688307e+01	1.744438e+02
1.300000e-06	3.867291e-06	3.033775e-09	2.750643e+01	1.807654e+02
1.310000e-06	3.953897e-06	3.136214e-09	2.812242e+01	1.869906e+02
1.320000e-06	4.039432e-06	3.236091e-09	2.873080e+01	1.931212e+02
1.330000e-06	4.123997e-06	3.336888e-09	2.933227e+01	1.991609e+02
1.340000e-06	4.207630e-06	3.436528e-09	2.992712e+01	2.051132e+02
1.350000e-06	4.290142e-06	3.534072e-09	3.051399e+01	2.109797e+02
1.360000e-06	4.371356e-06	3.633447e-09	3.109163e+01	2.167590e+02
1.370000e-06	4.451303e-06	3.734371e-09	3.166027e+01	2.224463e+02
1.380000e-06	4.529953e-06	3.830547e-09	3.221966e+01	2.280352e+02
1.390000e-06	4.607368e-06	3.920599e-09	3.277029e+01	2.335193e+02
1.400000e-06	4.683591e-06	4.009486e-09	3.331243e+01	2.388942e+02
1.410000e-06	4.758347e-06	4.099091e-09	3.384414e+01	2.441594e+02
1.420000e-06	4.831510e-06	4.184407e-09	3.436452e+01	2.493178e+02
1.430000e-06	4.903271e-06	4.265597e-09	3.487493e+01	2.543755e+02
1.440000e-06	4.973650e-06	4.348833e-09	3.537550e+01	2.593390e+02
1.450000e-06	5.042676e-06	4.436659e-09	3.586645e+01	2.642132e+02
1.460000e-06	5.110382e-06	4.520135e-09	3.634802e+01	2.689992e+02
1.470000e-06	5.176554e-06	4.596546e-09	3.681867e+01	2.736938e+02
1.480000e-06	5.241121e-06	4.672997e-09	3.727791e+01	2.782897e+02
1.490000e-06	5.304178e-06	4.752235e-09	3.772641e+01	2.827774e+02
1.500000e-06	5.365844e-06	4.826328e-09	3.816501e+01	2.871477e+02
1.510000e-06	5.426190e-06	4.893522e-09	3.859423e+01	2.913941e+02
1.520000e-06	5.484984e-06	4.960689e-09	3.901241e+01	2.955139e+02
1.530000e-06	5.542010e-06	5.029542e-09	3.941800e+01	2.995089e+02
1.540000e-06	5.597334e-06	5.097556e-09	3.981151e+01	3.033844e+02
1.550000e-06	5.651054e-06	5.159861e-09	4.019359e+01	3.071468e+02
1.560000e-06	5.702970e-06	5.221116e-09	4.056285e+01	3.108021e+02
1.570000e-06	5.752795e-06	5.280786e-09	4.091723e+01	3.143536e+02
1.580000e-06	5.800715e-06	5.337074e-09	4.125807e+01	3.178016e+02
1.590000e-06	5.846996e-06	5.390669e-09	4.158724e+01	3.211433e+02
1.600000e-06	5.891754e-06	5.445388e-09	4.190559e+01	3.243746e+02
1.610000e-06	5.934886e-06	5.500646e-09	4.221237e+01	3.274913e+02
1.620000e-06	5.976136e-06	5.553300e-09	4.250576e+01	3.304909e+02
1.630000e-06	6.015699e-06	5.605307e-09	4.278716e+01	3.333734e+02
1.640000e-06	6.053710e-06	5.654717e-09	4.305752e+01	3.361412e+02
1.650000e-06	6.090196e-06	5.698704e-09	4.331703e+01	3.387987e+02
1.660000e-06	6.125100e-06	5.738573e-09	4.356528e+01	3.413507e+02
1.670000e-06	6.158159e-06	5.775851e-09	4.380042e+01	3.438015e+02
1.680000e-06	6.189447e-06	5.811555e-09	4.402296e+01	3.461543e+02
1.690000e-06	6.219176e-06	5.850339e-09	4.423440e+01	3.484112e+02
1.700000e-06	6.247357e-06	5.891416e-09	4.443485e+01	3.505735e+02
1.710000e-06	6.273664e-06	5.930216e-09	4.462195e+01	3.526423e+02
1.720000e-06	6.298001e-06	5.963669e-09	4.479505e+01	3.546189e+02
1.730000e-06	6.320640e-06	5.995044e-09	4.495608e+01	3.565049e+02
1.740000e-06	6.341704e-06	6.025456e-09	4.510590e+01	3.583016e+02
1.750000e-06	6.361201e-06	6.050729e-09	4.524457e+01	3.600090e+02
1.760000e-06	6.378971e-06	6.074477e-09	4.537096e+01	3.616254e+02
1.770000e-06	6.394776e-06	6.099176e-09	4.548338e+01	3.631475e+02
1.780000e-06	6.408658e-06	6.124409e-09	4.558212e+01	3.645707e+02
1.790000e-06	6.420681e-06	6.147042e-09	4.566763e+01	3.658909e+02
1.800000e-06	6.430573e-06	6.165703e-09	4.573798e+01	3.671064e+02
1.810000e-06	6.438438e-06	6.183987e-09	4.579393e+01	3.682186e+02
1.820000e-06	6.444600e-06	6.202570e-09	4.583775e+01	3.692335e+02
1.830000e-06	6.449111e-06	6.218993e-09	4.586984e+01	3.701598e+02
1.840000e-06	6.451722e-06	6.234091e-09	4.588841e+01	3.710075e+02
1.850000e-06	6.452311e-06	6.248010e-09	4.589260e+01	3.717847e+02
1.860000e-06	6.451100e-06	6.261958e-09	4.588398e+01	3.724947e+02
1.870000e-06	6.448312e-06	6.273029e-09	4.586416e+01	3.731350e+02
1.880000e-06	6.443990e-06	6.277908e-09	4.583342e+01	3.736969e+02
1.890000e-06	6.437822e-06	6.283795e-09	4.578954e+01	3.741681e+02
1.900000e-06	6.429786e-06	6.291123e-09	4.573239e+01	3.745367e+02
1.910000e-06	6.420105e-06	6.295572e-09	4.566353e+01	3.747950e+02
1.920000e-06	6.408762e-06	6.287432e-09	4.558285e+01	3.749434e+02
1.930000e-06	6.395487e-06	6.293765e-09	4.548843e+01	3.749917e+02
1.940000e-06	6.380082e-06	6.363178e-09	4.537886e+01	3.749577e+02
1.950000e-06	6.362351e-06	6.373914e-09	4.525275e+01	3.748631e+02
1.960000e-06	6.342022e-06	6.326041e-09	4.510816e+01	3.747285e+02
1.970000e-06	6.319391e-06	6.257296e-09	4.494720e+01	3.745669e+02
1.980000e-06	6.295527e-06	6.200012e-09	4.477746e+01	3.743803e+02
1.990000e-06	6.271054e-06	6.344873e-09	4.460339e+01	3.741579e+02
2.000000e-06	6.245214e-06	6.344744e-09	4.441960e+01	3.738787e+02
2.010000e-06	6.217597e-06	6.199520e-09	4.422318e+01	3.735165e+02
2.020000e-06	6.188668e-06	6.320414e-09	4.401742e+01	3.730468e+02
2.030000e-06	6.157791e-06	6.326495e-09	4.379780e+01	3.724533e+02
2.040000e-06	6.124654e-06	6.248823e-09	4.356211e+01	3.717326e+02
2.050000e-06	6.090113e-06	6.322516e-09	4.331644e+01	3.708948e+02
2.060000e-06	6.054075e-06	6.198248e-09	4.306011e+01	3.699612e+02
2.070000e-06	6.016171e-06	6.156707e-09	4.279051e+01	3.689578e+02
2.080000e-06	5.976516e-06	6.266232e-09	4.250846e+01	3.679089e+02
2.090000e-06	5.935060e-06	6.181375e-09	4.221361e+01	3.668302e+02
2.100000e-06	5.892152e-06	6.157127e-09	4.190842e+01	3.657246e+02
2.110000e-06	5.847760e-06	6.133686e-09	4.159268e+01	3.645827e+02
2.120000e-06	5.801490e-06	6.138247e-09	4.126358e+01	3.633848e+02
2.130000e-06	5.753719e-06	6.177357e-09	4.092381e+01	3.621078e+02
2.140000e-06	5.704307e-06	6.020336e-09	4.057236e+01	3.607310e+02
2.150000e-06	5.652981e-06	6.028750e-09	4.020730e+01	3.592420e+02
2.160000e-06	5.599705e-06	6.071064e-09	3.982837e+01	3.576395e+02
2.170000e-06	5.544457e-06	6.006327e-09	3.943541e+01	3.559325e+02
2.180000e-06	5.487651e-06	5.973294e-09	3.903138e+01	3.541372e+02
2.190000e-06	5.429279e-06	5.891419e-09	3.861620e+01	3.522713e+02
2.200000e-06	5.369300e-06	5.940292e-09	3.818960e+01	3.503490e+02
2.210000e-06	5.307754e-06	5.906778e-09	3.775184e+01	3.483768e+02
2.220000e-06	5.244519e-06	5.812118e-09	3.730207e+01	3.463529e+02
2.230000e-06	5.179693e-06	5.808759e-09	3.684099e+01	3.442679e+02
2.240000e-06	5.113306e-06	5.765781e-09	3.636882e+01	3.421094e+02
2.250000e-06	5.045577e-06	5.776522e-09	3.588708e+01	3.398658e+02
2.260000e-06	4.976415e-06	5.686352e-09	3.539517e+01	3.375300e+02
2.270000e-06	4.905517e-06	5.620443e-09	3.489090e+01	3.351014e+02
2.280000e-06	4.833143e-06	5.622497e-09	3.437613e+01	3.325853e+02
2.290000e-06	4.759469e-06	5.571411e-09	3.385212e+01	3.299899e+02
2.300000e-06	4.684460e-06	5.535623e-09	3.331861e+01	3.273228e+02
2.310000e-06	4.607952e-06	5.453228e-09	3.277444e+01	3.245881e+02
2.320000e-06	4.529855e-06	5.443776e-09	3.221897e+01	3.217842e+02
2.330000e-06	4.450353e-06	5.406095e-09	3.165351e+01	3.189041e+02
2.340000e-06	4.369666e-06	5.325919e-09	3.107962e+01	3.159381e+02
2.350000e-06	4.287916e-06	5.267551e-09	3.049816e+01	3.128772e+02
2.360000e-06	4.205053e-06	5.210639e-09	2.990879e+01	3.097165e+02
2.370000e-06	4.121131e-06	5.193364e-09	2.931189e+01	3.064575e+02
2.380000e-06	4.036109e-06	5.113078e-09	2.870716e+01	3.031082e+02
2.390000e-06	3.949859e-06	5.042783e-09	2.809370e+01	2.996815e+02
2.400000e-06	3.862406e-06	4.996804e-09	2.747168e+01	2.961912e+02
2.410000e-06	3.773918e-06	4.955779e-09	2.684231e+01	2.926482e+02
2.420000e-06	3.684531e-06	4.891642e-09	2.620654e+01	2.890574e+02
2.430000e-06	3.594148e-06	4.801550e-09	2.556368e+01	2.854163e+02
2.440000e-06	3.502780e-06	4.758683e-09	2.491382e+01	2.817157e+02
2.450000e-06	3.410505e-06	4.709333e-09	2.425750e+01	2.779425e+02
2.460000e-06	3.317375e-06	4.635318e-09	2.359511e+01	2.740832e+02
2.470000e-06	3.223194e-06	4.543707e-09	2.292524e+01	2.701274e+02
2.480000e-06	3.127868e-06	4.480649e-09	2.224722e+01	2.660701e+02
2.490000e-06	3.031650e-06	4.432961e-09	2.156286e+01	2.619118e+02
2.500000e-06	2.934619e-06	4.355035e-09	2.087272e+01	2.576573e+02
2.510000e-06	2.836752e-06	4.269128e-09	2.017663e+01	2.533129e+02
2.520000e-06	2.738020e-06	4.201902e-09	1.947439e+01	2.488835e+02
2.530000e-06	2.638578e-06	4.147451e-09	1.876711e+01	2.443703e+02
2.540000e-06	2.538490e-06	4.061912e-09	1.805522e+01	2.397709e+02
2.550000e-06	2.437566e-06	3.961118e-09	1.733739e+01	2.350796e+02
2.560000e-06	2.335730e-06	3.879199e-09	1.661307e+01	2.302898e+02
2.570000e-06	2.233082e-06	3.814398e-09	1.588298e+01	2.253967e+02
2.580000e-06	2.129785e-06	3.730392e-09	1.514828e+01	2.203989e+02
2.590000e-06	2.025849e-06	3.630420e-09	1.440902e+01	2.152990e+02
2.600000e-06	1.921269e-06	3.549929e-09	1.366518e+01	2.101024e+02
2.610000e-06	1.816161e-06	3.479623e-09	1.291759e+01	2.048150e+02
2.620000e-06	1.710642e-06	3.385753e-09	1.216708e+01	1.994408e+02
2.630000e-06	1.604692e-06	3.270769e-09	1.141351e+01	1.939794e+02
2.640000e-06	1.498283e-06	3.173913e-09	1.065666e+01	1.884250e+02
2.650000e-06	1.391527e-06	3.094833e-09	9.897354e+00	1.827683e+02
2.660000e-06	1.284474e-06	2.999332e-09	9.135925e+00	1.769978e+02
2.670000e-06	1.177028e-06	2.883723e-09	8.371713e+00	1.711035e+02
2.680000e-06	1.069243e-06	2.781554e-09	7.605079e+00	1.650801e+02
2.690000e-06	9.613458e-07	2.694623e-09	6.837652e+00	1.589281e+02
2.700000e-06	8.533810e-07	2.590003e-09	6.069743e+00	1.526541e+02
2.710000e-06	7.452380e-07	2.463196e-09	5.300567e+00	1.462689e+02
2.720000e-06	6.369511e-07	2.348901e-09	4.530368e+00	1.397842e+02
2.730000e-06	5.285739e-07	2.254026e-09	3.759526e+00	1.332093e+02
2.740000e-06	4.201302e-07	2.145622e-09	2.988211e+00	1.265485e+02
2.750000e-06	3.116567e-07	2.015875e-09	2.216684e+00	1.197994e+02
2.760000e-06	2.031410e-07	1.893423e-09	1.444857e+00	1.129542e+02
2.770000e-06	9.459649e-08	1.788910e-09	6.728254e-01	1.060013e+02
2.780000e-06	-1.397321e-08	1.673619e-09	-9.938561e-02	9.892898e+01
2.790000e-06	-1.225571e-07	1.539571e-09	-8.716972e-01	9.172814e+01
2.800000e-06	-2.311013e-07	1.413077e-09	-1.643727e+00	8.439503e+01
2.810000e-06	-3.395718e-07	1.301519e-09	-2.415233e+00	7.693211e+01
2.820000e-06	-4.479620e-07	1.178864e-09	-3.186167e+00	6.934777e+01
2.830000e-06	-5.562590e-07	1.034969e-09	-3.956439e+00	6.165496e+01
2.840000e-06	-6.644550e-07	8.946168e-10	-4.725991e+00	5.386943e+01
2.850000e-06	-7.725276e-07	7.717135e-10	-5.494667e+00	4.600822e+01
2.860000e-06	-8.804746e-07	6.444252e-10	-6.262449e+00	3.808868e+01
2.870000e-06	-9.882391e-07	4.997613e-10	-7.028933e+00	3.012827e+01
2.880000e-06	-1.095746e-06	3.588116e-10	-7.793588e+00	2.214471e+01
2.890000e-06	-1.203035e-06	2.343113e-10	-8.556684e+00	1.415609e+01
2.900000e-06	-1.310061e-06	1.066498e-10	-9.317921e+00	6.180543e+00
2.910000e-06	-1.416748e-06	-3.693449e-11	-1.007674e+01	-1.764850e+00
2.920000e-06	-1.523067e-06	-1.785624e-10	-1.083294e+01	-9.665636e+00
2.930000e-06	-1.629015e-06	-3.030364e-10	-1.158651e+01	-1.751174e+01
2.940000e-06	-1.734525e-06	-4.268299e-10	-1.233695e+01	-2.529870e+01
2.950000e-06	-1.839491e-06	-5.664368e-10	-1.308353e+01	-3.302779e+01
2.960000e-06	-1.943968e-06	-7.049448e-10	-1.382663e+01	-4.070491e+01
2.970000e-06	-2.047949e-06	-8.273534e-10	-1.456621e+01	-4.833819e+01
2.980000e-06	-2.151332e-06	-9.472437e-10	-1.530153e+01	-5.593497e+01
2.990000e-06	-2.254000e-06	-1.079519e-09	-1.603176e+01	-6.349896e+01
3.000000e-06	-2.355804e-06	-1.212424e-09	-1.675585e+01	-7.102838e+01
3.010000e-06	-2.456747e-06	-1.332592e-09	-1.747382e+01	-7.851567e+01
3.020000e-06	-2.556936e-06	-1.452658e-09	-1.818642e+01	-8.594881e+01
3.030000e-06	-2.656457e-06	-1.585370e-09	-1.889427e+01	-9.331397e+01
3.040000e-06	-2.755283e-06	-1.717078e-09	-1.959718e+01	-1.005986e+02
3.050000e-06	-2.853269e-06	-1.832988e-09	-2.029411e+01	-1.077943e+02
3.060000e-06	-2.950424e-06	-1.943254e-09	-2.098513e+01	-1.148978e+02
3.070000e-06	-3.046793e-06	-2.063394e-09	-2.167057e+01	-1.219114e+02
3.080000e-06	-3.142389e-06	-2.187655e-09	-2.235051e+01	-1.288407e+02
3.090000e-06	-3.237122e-06	-2.302215e-09	-2.302430e+01	-1.356927e+02
3.100000e-06	-3.330801e-06	-2.411687e-09	-2.369060e+01	-1.424724e+02
3.110000e-06	-3.423337e-06	-2.528770e-09	-2.434877e+01	-1.491814e+02
3.120000e-06	-3.514822e-06	-2.647295e-09	-2.499946e+01	-1.558172e+02
3.130000e-06	-3.605248e-06	-2.753035e-09	-2.564263e+01	-1.623740e+02
3.140000e-06	-3.694628e-06	-2.852421e-09	-2.627835e+01	-1.688448e+02
3.150000e-06	-3.783144e-06	-2.959689e-09	-2.690793e+01	-1.752232e+02
3.160000e-06	-3.870734e-06	-3.072021e-09	-2.753091e+01	-1.815058e+02
3.170000e-06	-3.957145e-06	-3.177544e-09	-2.814552e+01	-1.876923e+02
3.180000e-06	-4.042287e-06	-3.275833e-09	-2.875110e+01	-1.937855e+02
3.190000e-06	-4.126308e-06	-3.377743e-09	-2.934871e+01	-1.997892e+02
3.200000e-06	-4.209274e-06	-3.482063e-09	-2.993881e+01	-2.057064e+02
3.210000e-06	-4.291149e-06	-3.576352e-09	-3.052115e+01	-2.115377e+02
3.220000e-06	-4.371956e-06	-3.664167e-09	-3.109590e+01	-2.172803e+02
3.230000e-06	-4.451634e-06	-3.758252e-09	-3.166262e+01	-2.229287e+02
3.240000e-06	-4.529950e-06	-3.859011e-09	-3.221964e+01	-2.284762e+02
3.250000e-06	-4.606783e-06	-3.952573e-09	-3.276612e+01	-2.339168e+02
3.260000e-06	-4.682186e-06	-4.036400e-09	-3.330244e+01	-2.392475e+02
3.270000e-06	-4.756189e-06	-4.124391e-09	-3.382879e+01	-2.444692e+02
3.280000e-06	-4.828897e-06	-4.217591e-09	-3.434593e+01	-2.495863e+02
3.290000e-06	-4.900350e-06	-4.304243e-09	-3.485414e+01	-2.546050e+02
3.300000e-06	-4.970278e-06	-4.379858e-09	-3.535151e+01	-2.595318e+02
3.310000e-06	-5.038679e-06	-4.458404e-09	-3.583803e+01	-2.643701e+02
3.320000e-06	-5.105713e-06	-4.543633e-09	-3.631481e+01	-2.691196e+02
3.330000e-06	-5.171314e-06	-4.621922e-09	-3.678140e+01	-2.737754e+02
3.340000e-06	-5.235538e-06	-4.691141e-09	-3.723820e+01	-2.783290e+02
3.350000e-06	-5.298258e-06	-4.762304e-09	-3.768430e+01	-2.827708e+02
3.360000e-06	-5.359204e-06	-4.840361e-09	-3.811778e+01	-2.870924e+02
3.370000e-06	-5.418577e-06	-4.915705e-09	-3.854008e+01	-2.912885e+02
3.380000e-06	-5.476516e-06	-4.983224e-09	-3.895218e+01	-2.953582e+02
3.390000e-06	-5.532944e-06	-5.048041e-09	-3.935353e+01	-2.993048e+02
3.400000e-06	-5.587685e-06	-5.115238e-09	-3.974288e+01	-3.031342e+02
3.410000e-06	-5.640503e-06	-5.179531e-09	-4.011855e+01	-3.068530e+02
3.420000e-06	-5.691477e-06	-5.235180e-09	-4.048110e+01	-3.104663e+02
3.430000e-06	-5.740523e-06	-5.288901e-09	-4.082995e+01	-3.139763e+02
3.440000e-06	-5.787578e-06	-5.347237e-09	-4.116463e+01	-3.173820e+02
3.450000e-06	-5.832974e-06	-5.407299e-09	-4.148751e+01	-3.206800e+02
3.460000e-06	-5.876960e-06	-5.460301e-09	-4.180037e+01	-3.238659e+02
3.470000e-06	-5.919538e-06	-5.507947e-09	-4.210321e+01	-3.269360e+02
3.480000e-06	-5.960639e-06	-5.559059e-09	-4.239554e+01	-3.298886e+02
3.490000e-06	-6.000209e-06	-5.610277e-09	-4.267699e+01	-3.327249e+02
3.500000e-06	-6.038031e-06	-5.654167e-09	-4.294600e+01	-3.354479e+02
3.510000e-06	-6.074000e-06	-5.694519e-09	-4.320183e+01	-3.380624e+02
3.520000e-06	-6.108350e-06	-5.738055e-09	-4.344615e+01	-3.405731e+02
3.530000e-06	-6.141154e-06	-5.781650e-09	-4.367947e+01	-3.429840e+02
3.540000e-06	-6.172195e-06	-5.818599e-09	-4.390025e+01	-3.452979e+02
3.550000e-06	-6.201329e-06	-5.851199e-09	-4.410747e+01	-3.475163e+02
3.560000e-06	-6.228739e-06	-5.886754e-09	-4.430243e+01	-3.496405e+02
3.570000e-06	-6.254542e-06	-5.925357e-09	-4.448595e+01	-3.516717e+02
3.580000e-06	-6.278702e-06	-5.961400e-09	-4.465779e+01	-3.536113e+02
3.590000e-06	-6.301023e-06	-5.993079e-09	-4.481655e+01	-3.554609e+02
3.600000e-06	-6.321418e-06	-6.024880e-09	-4.496161e+01	-3.572212e+02
3.610000e-06	-6.340155e-06	-6.055055e-09	-4.509488e+01	-3.588920e+02
3.620000e-06	-6.357320e-06	-6.078452e-09	-4.521697e+01	-3.604706e+02
3.630000e-06	-6.372657e-06	-6.097178e-09	-4.532606e+01	-3.619533e+02
3.640000e-06	-6.385830e-06	-6.117017e-09	-4.541975e+01	-3.633354e+02
3.650000e-06	-6.396948e-06	-6.141602e-09	-4.549882e+01	-3.646136e+02
3.660000e-06	-6.406286e-06	-6.166682e-09	-4.556524e+01	-3.657871e+02
3.670000e-06	-6.413890e-06	-6.187674e-09	-4.561933e+01	-3.668591e+02
3.680000e-06	-6.419533e-06	-6.206482e-09	-4.565946e+01	-3.678367e+02
3.690000e-06	-6.423274e-06	-6.224100e-09	-4.568607e+01	-3.687296e+02
3.700000e-06	-6.425334e-06	-6.238797e-09	-4.570072e+01	-3.695472e+02
3.710000e-06	-6.425655e-06	-6.246990e-09	-4.570300e+01	-3.702962e+02
