# Temperatura_=_20.0
# Concentracion g/m^3_=_12000.0
# C_Vs_to_Am_M_A/Vsm_=_59384043850.047264
# pendiente_HvsI_1/m_=_3716.3
# ordenada_HvsI_A/m_=_1297.0
# frecuencia_Hz_=_269358.1765355429

Tiempo_(s)	Campo_(V.s)	Magnetizacion_(V.s)	Campo_(kA/m)	Magnetizacion_(A/m)
0.000000e+00	-6.461288e-06	-6.429601e-09	-4.570301e+01	-3.806652e+02
1.000000e-08	-6.459455e-06	-6.431898e-09	-4.569004e+01	-3.813080e+02
2.000000e-08	-6.455719e-06	-6.440176e-09	-4.566362e+01	-3.818851e+02
3.000000e-08	-6.450367e-06	-6.449036e-09	-4.562576e+01	-3.823921e+02
4.000000e-08	-6.443431e-06	-6.450724e-09	-4.557670e+01	-3.828191e+02
5.000000e-08	-6.434899e-06	-6.453830e-09	-4.551635e+01	-3.831534e+02
6.000000e-08	-6.424416e-06	-6.465246e-09	-4.544220e+01	-3.833842e+02
7.000000e-08	-6.411862e-06	-6.489085e-09	-4.535340e+01	-3.835066e+02
8.000000e-08	-6.397336e-06	-6.494341e-09	-4.525065e+01	-3.835231e+02
9.000000e-08	-6.380451e-06	-6.416868e-09	-4.513122e+01	-3.834442e+02
1.000000e-07	-6.361336e-06	-6.382129e-09	-4.499601e+01	-3.832847e+02
1.100000e-07	-6.340381e-06	-6.427433e-09	-4.484779e+01	-3.830591e+02
1.200000e-07	-6.317708e-06	-6.443143e-09	-4.468742e+01	-3.827771e+02
1.300000e-07	-6.293717e-06	-6.531562e-09	-4.451772e+01	-3.824401e+02
1.400000e-07	-6.268489e-06	-6.490278e-09	-4.433927e+01	-3.820398e+02
1.500000e-07	-6.241516e-06	-6.327529e-09	-4.414848e+01	-3.815611e+02
1.600000e-07	-6.212877e-06	-6.490853e-09	-4.394591e+01	-3.809865e+02
1.700000e-07	-6.182815e-06	-6.486021e-09	-4.373327e+01	-3.803018e+02
1.800000e-07	-6.150965e-06	-6.297813e-09	-4.350798e+01	-3.795014e+02
1.900000e-07	-6.117303e-06	-6.374761e-09	-4.326988e+01	-3.785911e+02
2.000000e-07	-6.082120e-06	-6.305159e-09	-4.302102e+01	-3.775876e+02
2.100000e-07	-6.045324e-06	-6.308905e-09	-4.276075e+01	-3.765147e+02
2.200000e-07	-6.006880e-06	-6.430891e-09	-4.248882e+01	-3.753975e+02
2.300000e-07	-5.966816e-06	-6.298723e-09	-4.220543e+01	-3.742551e+02
2.400000e-07	-5.924781e-06	-6.226956e-09	-4.190810e+01	-3.730958e+02
2.500000e-07	-5.880845e-06	-6.254184e-09	-4.159732e+01	-3.719144e+02
2.600000e-07	-5.835254e-06	-6.243373e-09	-4.127484e+01	-3.706936e+02
2.700000e-07	-5.788030e-06	-6.236183e-09	-4.094081e+01	-3.694081e+02
2.800000e-07	-5.739036e-06	-6.129576e-09	-4.059426e+01	-3.680316e+02
2.900000e-07	-5.687867e-06	-6.132243e-09	-4.023233e+01	-3.665431e+02
3.000000e-07	-5.634621e-06	-6.209981e-09	-3.985570e+01	-3.649320e+02
3.100000e-07	-5.579730e-06	-6.140939e-09	-3.946743e+01	-3.631998e+02
3.200000e-07	-5.523365e-06	-6.015690e-09	-3.906874e+01	-3.613593e+02
3.300000e-07	-5.465288e-06	-5.970929e-09	-3.865794e+01	-3.594297e+02
3.400000e-07	-5.405468e-06	-6.043008e-09	-3.823481e+01	-3.574315e+02
3.500000e-07	-5.344192e-06	-6.001374e-09	-3.780139e+01	-3.553806e+02
3.600000e-07	-5.281435e-06	-5.905967e-09	-3.735748e+01	-3.532845e+02
3.700000e-07	-5.217126e-06	-5.882119e-09	-3.690260e+01	-3.511413e+02
3.800000e-07	-5.151134e-06	-5.877293e-09	-3.643582e+01	-3.489413e+02
3.900000e-07	-5.083398e-06	-5.863738e-09	-3.595670e+01	-3.466706e+02
4.000000e-07	-5.014231e-06	-5.754775e-09	-3.546746e+01	-3.443154e+02
4.100000e-07	-4.943765e-06	-5.682007e-09	-3.496903e+01	-3.418660e+02
4.200000e-07	-4.871951e-06	-5.709329e-09	-3.446106e+01	-3.393188e+02
4.300000e-07	-4.798666e-06	-5.699309e-09	-3.394269e+01	-3.366767e+02
4.400000e-07	-4.723770e-06	-5.604418e-09	-3.341292e+01	-3.339472e+02
4.500000e-07	-4.647362e-06	-5.514662e-09	-3.287246e+01	-3.311394e+02
4.600000e-07	-4.569523e-06	-5.512189e-09	-3.232188e+01	-3.282611e+02
4.700000e-07	-4.490223e-06	-5.492602e-09	-3.176096e+01	-3.253165e+02
4.800000e-07	-4.409549e-06	-5.400542e-09	-3.119032e+01	-3.223055e+02
4.900000e-07	-4.327634e-06	-5.324013e-09	-3.061091e+01	-3.192240e+02
5.000000e-07	-4.244564e-06	-5.306496e-09	-3.002333e+01	-3.160662e+02
5.100000e-07	-4.160499e-06	-5.290724e-09	-2.942870e+01	-3.128263e+02
5.200000e-07	-4.075513e-06	-5.197704e-09	-2.882757e+01	-3.095006e+02
5.300000e-07	-3.989589e-06	-5.097244e-09	-2.821980e+01	-3.060885e+02
5.400000e-07	-3.902649e-06	-5.063165e-09	-2.760484e+01	-3.025924e+02
5.500000e-07	-3.814679e-06	-5.042766e-09	-2.698259e+01	-2.990168e+02
5.600000e-07	-3.725678e-06	-4.963684e-09	-2.635306e+01	-2.953664e+02
5.700000e-07	-3.635587e-06	-4.863206e-09	-2.571581e+01	-2.916453e+02
5.800000e-07	-3.544352e-06	-4.823161e-09	-2.507048e+01	-2.878555e+02
5.900000e-07	-3.452014e-06	-4.791897e-09	-2.441734e+01	-2.839968e+02
6.000000e-07	-3.358759e-06	-4.704185e-09	-2.375771e+01	-2.800665e+02
6.100000e-07	-3.264629e-06	-4.598933e-09	-2.309189e+01	-2.760602e+02
6.200000e-07	-3.169558e-06	-4.546499e-09	-2.241942e+01	-2.719726e+02
6.300000e-07	-3.073525e-06	-4.515770e-09	-2.174015e+01	-2.677976e+02
6.400000e-07	-2.976567e-06	-4.430957e-09	-2.105432e+01	-2.635291e+02
6.500000e-07	-2.878695e-06	-4.322903e-09	-2.036204e+01	-2.591612e+02
6.600000e-07	-2.779837e-06	-4.257269e-09	-1.966278e+01	-2.546889e+02
6.700000e-07	-2.680042e-06	-4.212582e-09	-1.895690e+01	-2.501082e+02
6.800000e-07	-2.579518e-06	-4.122902e-09	-1.824586e+01	-2.454170e+02
6.900000e-07	-2.478342e-06	-4.012053e-09	-1.753020e+01	-2.406158e+02
7.000000e-07	-2.376404e-06	-3.940993e-09	-1.680916e+01	-2.357074e+02
7.100000e-07	-2.273741e-06	-3.886925e-09	-1.608299e+01	-2.306971e+02
7.200000e-07	-2.170466e-06	-3.792066e-09	-1.535249e+01	-2.255913e+02
7.300000e-07	-2.066534e-06	-3.671481e-09	-1.461733e+01	-2.203960e+02
7.400000e-07	-1.961935e-06	-3.588501e-09	-1.387747e+01	-2.151149e+02
7.500000e-07	-1.856623e-06	-3.527217e-09	-1.313256e+01	-2.097483e+02
7.600000e-07	-1.750679e-06	-3.432011e-09	-1.238318e+01	-2.042922e+02
7.700000e-07	-1.644289e-06	-3.313651e-09	-1.163065e+01	-1.987390e+02
7.800000e-07	-1.537440e-06	-3.223525e-09	-1.087486e+01	-1.930789e+02
7.900000e-07	-1.430063e-06	-3.153970e-09	-1.011535e+01	-1.873027e+02
8.000000e-07	-1.322282e-06	-3.051129e-09	-9.352975e+00	-1.814038e+02
8.100000e-07	-1.214231e-06	-2.924564e-09	-8.588692e+00	-1.753799e+02
8.200000e-07	-1.105896e-06	-2.821520e-09	-7.822398e+00	-1.692340e+02
8.300000e-07	-9.972568e-07	-2.740388e-09	-7.053955e+00	-1.629731e+02
8.400000e-07	-8.883910e-07	-2.635453e-09	-6.283908e+00	-1.566063e+02
8.500000e-07	-7.793691e-07	-2.505305e-09	-5.512757e+00	-1.501423e+02
8.600000e-07	-6.701810e-07	-2.393576e-09	-4.740431e+00	-1.435866e+02
8.700000e-07	-5.608494e-07	-2.303851e-09	-3.967089e+00	-1.369402e+02
8.800000e-07	-4.514305e-07	-2.194634e-09	-3.193130e+00	-1.301993e+02
8.900000e-07	-3.419611e-07	-2.058320e-09	-2.418814e+00	-1.233562e+02
9.000000e-07	-2.324199e-07	-1.937479e-09	-1.643989e+00	-1.164017e+02
9.100000e-07	-1.228517e-07	-1.837896e-09	-8.689744e-01	-1.093269e+02
9.200000e-07	-1.327600e-08	-1.722489e-09	-9.390592e-02	-1.021257e+02
9.300000e-07	9.635139e-08	-1.582602e-09	6.815280e-01	-9.479540e+01
9.400000e-07	2.059526e-07	-1.451003e-09	1.456777e+00	-8.733652e+01
9.500000e-07	3.154867e-07	-1.339083e-09	2.231551e+00	-7.975217e+01
9.600000e-07	4.249669e-07	-1.216080e-09	3.005943e+00	-7.204684e+01
9.700000e-07	5.343455e-07	-1.069019e-09	3.779617e+00	-6.422585e+01
9.800000e-07	6.435904e-07	-9.286543e-10	4.552346e+00	-5.629567e+01
9.900000e-07	7.527147e-07	-8.099236e-10	5.324221e+00	-4.826509e+01
1.000000e-06	8.617039e-07	-6.829693e-10	6.095141e+00	-4.014695e+01
1.010000e-06	9.704835e-07	-5.333315e-10	6.864578e+00	-3.195956e+01
1.020000e-06	1.079025e-06	-3.865695e-10	7.632334e+00	-2.372713e+01
1.030000e-06	1.187326e-06	-2.596432e-10	8.398380e+00	-1.547846e+01
1.040000e-06	1.295324e-06	-1.278093e-10	9.162290e+00	-7.244014e+00
1.050000e-06	1.402934e-06	2.391891e-11	9.923455e+00	9.482066e-01
1.060000e-06	1.510148e-06	1.707632e-10	1.068182e+01	9.076982e+00
1.070000e-06	1.616964e-06	2.938640e-10	1.143736e+01	1.713110e+01
1.080000e-06	1.723341e-06	4.158489e-10	1.218981e+01	2.511049e+01
1.090000e-06	1.829312e-06	5.559600e-10	1.293938e+01	3.302473e+01
1.100000e-06	1.934782e-06	6.969405e-10	1.368541e+01	4.088921e+01
1.110000e-06	2.039574e-06	8.231902e-10	1.442664e+01	4.871978e+01
1.120000e-06	2.143631e-06	9.474725e-10	1.516267e+01	5.652749e+01
1.130000e-06	2.246955e-06	1.087237e-09	1.589352e+01	6.431471e+01
1.140000e-06	2.349675e-06	1.226760e-09	1.662009e+01	7.207392e+01
1.150000e-06	2.451777e-06	1.347095e-09	1.734230e+01	7.978932e+01
1.160000e-06	2.553191e-06	1.462679e-09	1.805963e+01	8.744096e+01
1.170000e-06	2.653923e-06	1.592865e-09	1.877215e+01	9.500997e+01
1.180000e-06	2.753911e-06	1.727206e-09	1.947940e+01	1.024834e+02
1.190000e-06	2.853003e-06	1.847363e-09	2.018032e+01	1.098574e+02
1.200000e-06	2.951151e-06	1.962630e-09	2.087455e+01	1.171370e+02
1.210000e-06	3.048335e-06	2.088384e-09	2.156197e+01	1.243341e+02
1.220000e-06	3.144435e-06	2.216368e-09	2.224172e+01	1.314630e+02
1.230000e-06	3.239548e-06	2.331432e-09	2.291449e+01	1.385348e+02
1.240000e-06	3.333843e-06	2.440130e-09	2.358147e+01	1.455543e+02
1.250000e-06	3.427321e-06	2.557357e-09	2.424267e+01	1.525178e+02
1.260000e-06	3.519923e-06	2.678919e-09	2.489768e+01	1.594140e+02
1.270000e-06	3.611541e-06	2.793628e-09	2.554572e+01	1.662279e+02
1.280000e-06	3.702077e-06	2.902501e-09	2.618612e+01	1.729445e+02
1.290000e-06	3.791441e-06	3.016068e-09	2.681822e+01	1.795537e+02
1.300000e-06	3.879517e-06	3.130905e-09	2.744122e+01	1.860524e+02
1.310000e-06	3.966552e-06	3.236044e-09	2.805684e+01	1.924448e+02
1.320000e-06	4.052686e-06	3.332479e-09	2.866610e+01	1.987403e+02
1.330000e-06	4.137811e-06	3.434629e-09	2.926823e+01	2.049491e+02
1.340000e-06	4.221919e-06	3.543508e-09	2.986315e+01	2.110786e+02
1.350000e-06	4.304960e-06	3.646821e-09	3.045053e+01	2.171300e+02
1.360000e-06	4.386835e-06	3.745060e-09	3.102966e+01	2.230976e+02
1.370000e-06	4.467428e-06	3.844658e-09	3.159972e+01	2.289698e+02
1.380000e-06	4.546747e-06	3.945509e-09	3.216077e+01	2.347333e+02
1.390000e-06	4.624762e-06	4.039135e-09	3.271260e+01	2.403763e+02
1.400000e-06	4.701489e-06	4.125301e-09	3.325532e+01	2.458926e+02
1.410000e-06	4.776892e-06	4.212153e-09	3.378867e+01	2.512834e+02
1.420000e-06	4.850796e-06	4.302425e-09	3.431142e+01	2.565560e+02
1.430000e-06	4.923155e-06	4.390758e-09	3.482324e+01	2.617218e+02
1.440000e-06	4.994061e-06	4.476723e-09	3.532478e+01	2.667923e+02
1.450000e-06	5.063625e-06	4.564377e-09	3.581684e+01	2.717748e+02
1.460000e-06	5.131921e-06	4.652111e-09	3.629992e+01	2.766704e+02
1.470000e-06	5.198778e-06	4.733841e-09	3.677282e+01	2.814738e+02
1.480000e-06	5.263978e-06	4.808072e-09	3.723401e+01	2.861745e+02
1.490000e-06	5.327579e-06	4.880338e-09	3.768388e+01	2.907608e+02
1.500000e-06	5.389695e-06	4.953803e-09	3.812325e+01	2.952232e+02
1.510000e-06	5.450449e-06	5.026640e-09	3.855299e+01	2.995572e+02
1.520000e-06	5.509805e-06	5.097169e-09	3.897283e+01	3.037644e+02
1.530000e-06	5.567431e-06	5.167212e-09	3.938044e+01	3.078512e+02
1.540000e-06	5.623268e-06	5.239175e-09	3.977539e+01	3.118264e+02
1.550000e-06	5.677471e-06	5.308246e-09	4.015879e+01	3.156971e+02
1.560000e-06	5.729911e-06	5.369247e-09	4.052972e+01	3.194666e+02
1.570000e-06	5.780290e-06	5.425452e-09	4.088606e+01	3.231322e+02
1.580000e-06	5.828675e-06	5.482001e-09	4.122831e+01	3.266867e+02
1.590000e-06	5.875399e-06	5.537463e-09	4.155880e+01	3.301203e+02
1.600000e-06	5.920585e-06	5.591162e-09	4.187843e+01	3.334243e+02
1.610000e-06	5.964160e-06	5.646734e-09	4.218665e+01	3.365942e+02
1.620000e-06	6.005854e-06	5.702326e-09	4.248156e+01	3.396316e+02
1.630000e-06	6.045799e-06	5.754162e-09	4.276411e+01	3.425442e+02
1.640000e-06	6.084190e-06	5.800024e-09	4.303566e+01	3.453432e+02
1.650000e-06	6.120994e-06	5.844190e-09	4.329599e+01	3.480407e+02
1.660000e-06	6.156176e-06	5.887819e-09	4.354484e+01	3.506458e+02
1.670000e-06	6.189484e-06	5.929259e-09	4.378044e+01	3.531621e+02
1.680000e-06	6.221052e-06	5.963825e-09	4.400374e+01	3.555876e+02
1.690000e-06	6.251072e-06	5.997608e-09	4.421608e+01	3.579156e+02
1.700000e-06	6.279511e-06	6.037208e-09	4.441724e+01	3.601377e+02
1.710000e-06	6.306161e-06	6.076424e-09	4.460574e+01	3.622475e+02
1.720000e-06	6.330821e-06	6.109494e-09	4.478017e+01	3.642429e+02
1.730000e-06	6.353724e-06	6.140439e-09	4.494217e+01	3.661272e+02
1.740000e-06	6.375025e-06	6.174372e-09	4.509284e+01	3.679080e+02
1.750000e-06	6.394768e-06	6.204763e-09	4.523249e+01	3.695953e+02
1.760000e-06	6.412796e-06	6.228231e-09	4.536001e+01	3.711973e+02
1.770000e-06	6.428845e-06	6.247608e-09	4.547353e+01	3.727184e+02
1.780000e-06	6.442993e-06	6.270211e-09	4.557360e+01	3.741575e+02
1.790000e-06	6.455260e-06	6.293912e-09	4.566037e+01	3.755087e+02
1.800000e-06	6.465388e-06	6.313466e-09	4.573201e+01	3.767636e+02
1.810000e-06	6.473460e-06	6.332070e-09	4.578911e+01	3.779152e+02
1.820000e-06	6.479733e-06	6.353203e-09	4.583347e+01	3.789602e+02
1.830000e-06	6.484354e-06	6.372753e-09	4.586616e+01	3.799013e+02
1.840000e-06	6.487232e-06	6.387271e-09	4.588652e+01	3.807467e+02
1.850000e-06	6.488091e-06	6.396945e-09	4.589260e+01	3.815079e+02
1.860000e-06	6.487075e-06	6.410412e-09	4.588541e+01	3.821956e+02
1.870000e-06	6.484428e-06	6.426998e-09	4.586669e+01	3.828166e+02
1.880000e-06	6.480208e-06	6.433085e-09	4.583684e+01	3.833710e+02
1.890000e-06	6.474133e-06	6.436178e-09	4.579387e+01	3.838522e+02
1.900000e-06	6.466187e-06	6.442616e-09	4.573766e+01	3.842486e+02
1.910000e-06	6.456640e-06	6.448238e-09	4.567013e+01	3.845479e+02
1.920000e-06	6.445391e-06	6.437326e-09	4.559057e+01	3.847410e+02
1.930000e-06	6.432210e-06	6.421011e-09	4.549733e+01	3.848257e+02
1.940000e-06	6.416956e-06	6.518308e-09	4.538943e+01	3.848077e+02
1.950000e-06	6.399435e-06	6.555858e-09	4.526550e+01	3.846995e+02
1.960000e-06	6.379296e-06	6.502327e-09	4.512305e+01	3.845163e+02
1.970000e-06	6.356767e-06	6.447384e-09	4.496370e+01	3.842717e+02
1.980000e-06	6.332949e-06	6.302657e-09	4.479522e+01	3.839722e+02
1.990000e-06	6.308555e-06	6.465084e-09	4.462268e+01	3.836156e+02
2.000000e-06	6.282823e-06	6.550177e-09	4.444066e+01	3.831907e+02
2.010000e-06	6.255171e-06	6.278369e-09	4.424507e+01	3.826808e+02
2.020000e-06	6.226159e-06	6.434710e-09	4.403986e+01	3.820690e+02
2.030000e-06	6.195340e-06	6.509778e-09	4.382186e+01	3.813437e+02
2.040000e-06	6.162216e-06	6.345198e-09	4.358757e+01	3.805035e+02
2.050000e-06	6.127616e-06	6.521146e-09	4.334283e+01	3.795586e+02
2.060000e-06	6.091525e-06	6.377647e-09	4.308754e+01	3.785288e+02
2.070000e-06	6.053469e-06	6.206390e-09	4.281836e+01	3.774394e+02
2.080000e-06	6.013708e-06	6.402761e-09	4.253711e+01	3.763137e+02
2.090000e-06	5.972201e-06	6.335671e-09	4.224352e+01	3.751675e+02
2.100000e-06	5.929199e-06	6.317974e-09	4.193935e+01	3.740040e+02
2.110000e-06	5.884817e-06	6.270147e-09	4.162542e+01	3.728131e+02
2.120000e-06	5.838467e-06	6.205323e-09	4.129757e+01	3.715740e+02
2.130000e-06	5.790444e-06	6.388185e-09	4.095789e+01	3.702601e+02
2.140000e-06	5.740809e-06	6.185548e-09	4.060680e+01	3.688464e+02
2.150000e-06	5.689312e-06	6.072706e-09	4.024255e+01	3.673152e+02
2.160000e-06	5.635938e-06	6.192005e-09	3.986501e+01	3.656606e+02
2.170000e-06	5.580590e-06	6.190242e-09	3.947351e+01	3.638886e+02
2.180000e-06	5.523614e-06	6.179899e-09	3.907051e+01	3.620150e+02
2.190000e-06	5.465048e-06	5.981569e-09	3.865625e+01	3.600602e+02
2.200000e-06	5.404924e-06	6.027965e-09	3.823097e+01	3.580435e+02
2.210000e-06	5.343247e-06	6.085903e-09	3.779471e+01	3.559780e+02
2.220000e-06	5.279828e-06	5.950524e-09	3.734612e+01	3.538677e+02
2.230000e-06	5.214879e-06	5.911987e-09	3.688671e+01	3.517075e+02
2.240000e-06	5.148395e-06	5.843328e-09	3.641644e+01	3.494855e+02
2.250000e-06	5.080390e-06	5.949723e-09	3.593542e+01	3.471873e+02
2.260000e-06	5.010947e-06	5.879882e-09	3.544423e+01	3.448004e+02
2.270000e-06	4.939849e-06	5.700268e-09	3.494133e+01	3.423171e+02
2.280000e-06	4.867243e-06	5.704322e-09	3.442776e+01	3.397365e+02
2.290000e-06	4.793297e-06	5.704688e-09	3.390471e+01	3.370633e+02
2.300000e-06	4.717967e-06	5.708551e-09	3.337187e+01	3.343061e+02
2.310000e-06	4.641086e-06	5.551898e-09	3.282806e+01	3.314739e+02
2.320000e-06	4.562613e-06	5.515453e-09	3.227300e+01	3.285733e+02
2.330000e-06	4.482838e-06	5.552043e-09	3.170872e+01	3.256068e+02
2.340000e-06	4.401893e-06	5.477170e-09	3.113617e+01	3.225727e+02
2.350000e-06	4.319841e-06	5.365705e-09	3.055579e+01	3.194661e+02
2.360000e-06	4.236715e-06	5.265179e-09	2.996781e+01	3.162808e+02
2.370000e-06	4.152517e-06	5.324440e-09	2.937225e+01	3.130118e+02
2.380000e-06	4.067114e-06	5.282640e-09	2.876816e+01	3.096564e+02
2.390000e-06	3.980471e-06	5.151283e-09	2.815530e+01	3.062152e+02
2.400000e-06	3.892720e-06	5.066551e-09	2.753461e+01	3.026914e+02
2.410000e-06	3.803898e-06	5.063505e-09	2.690634e+01	2.990899e+02
2.420000e-06	3.714096e-06	5.044859e-09	2.627114e+01	2.954154e+02
2.430000e-06	3.623355e-06	4.898598e-09	2.562929e+01	2.916712e+02
2.440000e-06	3.531652e-06	4.817795e-09	2.498064e+01	2.878585e+02
2.450000e-06	3.438889e-06	4.815037e-09	2.432449e+01	2.839761e+02
2.460000e-06	3.345104e-06	4.789725e-09	2.366112e+01	2.800207e+02
2.470000e-06	3.250346e-06	4.656182e-09	2.299086e+01	2.759874e+02
2.480000e-06	3.154571e-06	4.538139e-09	2.231341e+01	2.718704e+02
2.490000e-06	3.057878e-06	4.526646e-09	2.162947e+01	2.676638e+02
2.500000e-06	2.960369e-06	4.490923e-09	2.093976e+01	2.633615e+02
2.510000e-06	2.862105e-06	4.370178e-09	2.024470e+01	2.589578e+02
2.520000e-06	2.763069e-06	4.253325e-09	1.954418e+01	2.544480e+02
2.530000e-06	2.663269e-06	4.231121e-09	1.883826e+01	2.498287e+02
2.540000e-06	2.562663e-06	4.191548e-09	1.812664e+01	2.450988e+02
2.550000e-06	2.461141e-06	4.061316e-09	1.740853e+01	2.402597e+02
2.560000e-06	2.358642e-06	3.929800e-09	1.668352e+01	2.353151e+02
2.570000e-06	2.255358e-06	3.884003e-09	1.595296e+01	2.302710e+02
2.580000e-06	2.151561e-06	3.841012e-09	1.521877e+01	2.251338e+02
2.590000e-06	2.047179e-06	3.716131e-09	1.448043e+01	2.199088e+02
2.600000e-06	1.942063e-06	3.591172e-09	1.373691e+01	2.145987e+02
2.610000e-06	1.836290e-06	3.537632e-09	1.298874e+01	2.092020e+02
2.620000e-06	1.730145e-06	3.485211e-09	1.223793e+01	2.037132e+02
2.630000e-06	1.623741e-06	3.353185e-09	1.148530e+01	1.981239e+02
2.640000e-06	1.516961e-06	3.213143e-09	1.073001e+01	1.924240e+02
2.650000e-06	1.409744e-06	3.143384e-09	9.971625e+00	1.866051e+02
2.660000e-06	1.302166e-06	3.084615e-09	9.210686e+00	1.806621e+02
2.670000e-06	1.194338e-06	2.956888e-09	8.447984e+00	1.745946e+02
2.680000e-06	1.086219e-06	2.814688e-09	7.683220e+00	1.684073e+02
2.690000e-06	9.778311e-07	2.732864e-09	6.916551e+00	1.621084e+02
2.700000e-06	8.693196e-07	2.664489e-09	6.149009e+00	1.557070e+02
2.710000e-06	7.606930e-07	2.532687e-09	5.380654e+00	1.492109e+02
2.720000e-06	6.519035e-07	2.379326e-09	4.611148e+00	1.426241e+02
2.730000e-06	5.429709e-07	2.283591e-09	3.840628e+00	1.359458e+02
2.740000e-06	4.339263e-07	2.210211e-09	3.069317e+00	1.291704e+02
2.750000e-06	3.248233e-07	2.084819e-09	2.297592e+00	1.222893e+02
2.760000e-06	2.156694e-07	1.929158e-09	1.525507e+00	1.152934e+02
2.770000e-06	1.064965e-07	1.818327e-09	7.532877e-01	1.081745e+02
2.780000e-06	-2.676499e-09	1.733122e-09	-1.893184e-02	1.009278e+02
2.790000e-06	-1.118177e-07	1.602258e-09	-7.909271e-01	9.355183e+01
2.800000e-06	-2.208864e-07	1.439653e-09	-1.562409e+00	8.604821e+01
2.810000e-06	-3.299085e-07	1.314551e-09	-2.333561e+00	7.842067e+01
2.820000e-06	-4.388551e-07	1.218266e-09	-3.104179e+00	7.067407e+01
2.830000e-06	-5.477000e-07	1.083195e-09	-3.874079e+00	6.281405e+01
2.840000e-06	-6.564027e-07	9.156096e-10	-4.642972e+00	5.484777e+01
2.850000e-06	-7.650164e-07	7.800727e-10	-5.411235e+00	4.678534e+01
2.860000e-06	-8.735460e-07	6.739256e-10	-6.178904e+00	3.864152e+01
2.870000e-06	-9.818614e-07	5.361169e-10	-6.945058e+00	3.043688e+01
2.880000e-06	-1.089937e-06	3.667140e-10	-7.709516e+00	2.219758e+01
2.890000e-06	-1.197767e-06	2.243487e-10	-8.472237e+00	1.395347e+01
2.900000e-06	-1.305286e-06	1.135931e-10	-9.232759e+00	5.734616e+00
2.910000e-06	-1.412463e-06	-2.096898e-11	-9.990856e+00	-2.433051e+00
2.920000e-06	-1.519264e-06	-1.853156e-10	-1.074630e+01	-1.053178e+01
2.930000e-06	-1.625720e-06	-3.270188e-10	-1.149930e+01	-1.855454e+01
2.940000e-06	-1.731846e-06	-4.357556e-10	-1.224997e+01	-2.650520e+01
2.950000e-06	-1.837519e-06	-5.632836e-10	-1.299743e+01	-3.439606e+01
2.960000e-06	-1.942636e-06	-7.192260e-10	-1.374096e+01	-4.224336e+01
2.970000e-06	-2.047232e-06	-8.571475e-10	-1.448081e+01	-5.006170e+01
2.980000e-06	-2.151303e-06	-9.665398e-10	-1.521694e+01	-5.785922e+01
2.990000e-06	-2.254740e-06	-1.090442e-09	-1.594858e+01	-6.563457e+01
3.000000e-06	-2.357376e-06	-1.242726e-09	-1.667457e+01	-7.337676e+01
3.010000e-06	-2.459167e-06	-1.381623e-09	-1.739457e+01	-8.106789e+01
3.020000e-06	-2.560189e-06	-1.493771e-09	-1.810913e+01	-8.868777e+01
3.030000e-06	-2.660378e-06	-1.615137e-09	-1.881781e+01	-9.621926e+01
3.040000e-06	-2.759708e-06	-1.758257e-09	-1.952041e+01	-1.036526e+02
3.050000e-06	-2.858244e-06	-1.887512e-09	-2.021739e+01	-1.109873e+02
3.060000e-06	-2.955992e-06	-1.990899e-09	-2.090880e+01	-1.182316e+02
3.070000e-06	-3.052964e-06	-2.102967e-09	-2.159471e+01	-1.253988e+02
3.080000e-06	-3.149157e-06	-2.240004e-09	-2.227512e+01	-1.325024e+02
3.090000e-06	-3.244473e-06	-2.369998e-09	-2.294932e+01	-1.395518e+02
3.100000e-06	-3.338778e-06	-2.475699e-09	-2.361638e+01	-1.465484e+02
3.110000e-06	-3.432020e-06	-2.584756e-09	-2.427591e+01	-1.534855e+02
3.120000e-06	-3.524203e-06	-2.713059e-09	-2.492795e+01	-1.603500e+02
3.130000e-06	-3.615316e-06	-2.834443e-09	-2.557243e+01	-1.671262e+02
3.140000e-06	-3.705372e-06	-2.933742e-09	-2.620943e+01	-1.738006e+02
3.150000e-06	-3.794425e-06	-3.036228e-09	-2.683933e+01	-1.803655e+02
3.160000e-06	-3.882532e-06	-3.156538e-09	-2.746254e+01	-1.868208e+02
3.170000e-06	-3.969609e-06	-3.273203e-09	-2.807847e+01	-1.931728e+02
3.180000e-06	-4.055544e-06	-3.369680e-09	-2.868632e+01	-1.994319e+02
3.190000e-06	-4.140257e-06	-3.464924e-09	-2.928553e+01	-2.056076e+02
3.200000e-06	-4.223760e-06	-3.576534e-09	-2.987617e+01	-2.117053e+02
3.210000e-06	-4.306194e-06	-3.687539e-09	-3.045925e+01	-2.177236e+02
3.220000e-06	-4.387573e-06	-3.780773e-09	-3.103488e+01	-2.236542e+02
3.230000e-06	-4.467840e-06	-3.871131e-09	-3.160264e+01	-2.294844e+02
3.240000e-06	-4.546797e-06	-3.974279e-09	-3.216113e+01	-2.352011e+02
3.250000e-06	-4.624252e-06	-4.077415e-09	-3.270899e+01	-2.407942e+02
3.260000e-06	-4.700224e-06	-4.161825e-09	-3.324637e+01	-2.462602e+02
3.270000e-06	-4.774827e-06	-4.240763e-09	-3.377407e+01	-2.516027e+02
3.280000e-06	-4.848101e-06	-4.332929e-09	-3.429236e+01	-2.568311e+02
3.290000e-06	-4.920024e-06	-4.429874e-09	-3.480109e+01	-2.619572e+02
3.300000e-06	-4.990522e-06	-4.513124e-09	-3.529975e+01	-2.669913e+02
3.310000e-06	-5.059501e-06	-4.589092e-09	-3.578767e+01	-2.719387e+02
3.320000e-06	-5.126999e-06	-4.674026e-09	-3.626511e+01	-2.767980e+02
3.330000e-06	-5.193025e-06	-4.759965e-09	-3.673213e+01	-2.815614e+02
3.340000e-06	-5.257667e-06	-4.832525e-09	-3.718937e+01	-2.862178e+02
3.350000e-06	-5.320889e-06	-4.898376e-09	-3.763656e+01	-2.907558e+02
3.360000e-06	-5.382438e-06	-4.974604e-09	-3.807191e+01	-2.951675e+02
3.370000e-06	-5.442321e-06	-5.055177e-09	-3.849549e+01	-2.994506e+02
3.380000e-06	-5.500688e-06	-5.126210e-09	-3.890834e+01	-3.036090e+02
3.390000e-06	-5.557552e-06	-5.189194e-09	-3.931056e+01	-3.076502e+02
3.400000e-06	-5.612827e-06	-5.258149e-09	-3.970154e+01	-3.115827e+02
3.410000e-06	-5.666203e-06	-5.329645e-09	-4.007909e+01	-3.154127e+02
3.420000e-06	-5.717635e-06	-5.389953e-09	-4.044288e+01	-3.191410e+02
3.430000e-06	-5.767236e-06	-5.442735e-09	-4.079373e+01	-3.227633e+02
3.440000e-06	-5.814863e-06	-5.499694e-09	-4.113061e+01	-3.262709e+02
3.450000e-06	-5.860680e-06	-5.561921e-09	-4.145470e+01	-3.296539e+02
3.460000e-06	-5.905085e-06	-5.617227e-09	-4.176879e+01	-3.329051e+02
3.470000e-06	-5.948120e-06	-5.663935e-09	-4.207319e+01	-3.360220e+02
3.480000e-06	-5.989640e-06	-5.715341e-09	-4.236687e+01	-3.390087e+02
3.490000e-06	-6.029633e-06	-5.771357e-09	-4.264976e+01	-3.418744e+02
3.500000e-06	-6.067866e-06	-5.819979e-09	-4.292019e+01	-3.446313e+02
3.510000e-06	-6.104213e-06	-5.860897e-09	-4.317729e+01	-3.472906e+02
3.520000e-06	-6.138897e-06	-5.903723e-09	-4.342262e+01	-3.498595e+02
3.530000e-06	-6.172039e-06	-5.949413e-09	-4.365705e+01	-3.523396e+02
3.540000e-06	-6.203517e-06	-5.989405e-09	-4.387970e+01	-3.547267e+02
3.550000e-06	-6.233035e-06	-6.023019e-09	-4.408850e+01	-3.570131e+02
3.560000e-06	-6.260738e-06	-6.056942e-09	-4.428445e+01	-3.591910e+02
3.570000e-06	-6.286808e-06	-6.095490e-09	-4.446885e+01	-3.612551e+02
3.580000e-06	-6.311209e-06	-6.132705e-09	-4.464144e+01	-3.632053e+02
3.590000e-06	-6.333849e-06	-6.163533e-09	-4.480159e+01	-3.650470e+02
3.600000e-06	-6.354573e-06	-6.192877e-09	-4.494818e+01	-3.667888e+02
3.610000e-06	-6.373594e-06	-6.223573e-09	-4.508272e+01	-3.684405e+02
3.620000e-06	-6.391024e-06	-6.250742e-09	-4.520601e+01	-3.700093e+02
3.630000e-06	-6.406684e-06	-6.272485e-09	-4.531678e+01	-3.714973e+02
3.640000e-06	-6.420225e-06	-6.291983e-09	-4.541256e+01	-3.729015e+02
3.650000e-06	-6.431651e-06	-6.313904e-09	-4.549338e+01	-3.742148e+02
3.660000e-06	-6.441258e-06	-6.336415e-09	-4.556133e+01	-3.754289e+02
3.670000e-06	-6.449107e-06	-6.354936e-09	-4.561685e+01	-3.765378e+02
3.680000e-06	-6.454980e-06	-6.372106e-09	-4.565839e+01	-3.775404e+02
3.690000e-06	-6.458931e-06	-6.390390e-09	-4.568634e+01	-3.784417e+02
3.700000e-06	-6.461232e-06	-6.408673e-09	-4.570262e+01	-3.792514e+02
3.710000e-06	-6.461821e-06	-6.421907e-09	-4.570678e+01	-3.799811e+02
