# Temperatura_=_20.0
# Concentracion g/m^3_=_12000.0
# C_Vs_to_Am_M_A/Vsm_=_59384043850.047264
# pendiente_HvsI_1/m_=_3716.3
# ordenada_HvsI_A/m_=_1297.0
# frecuencia_Hz_=_269346.68148941605

Tiempo_(s)	Campo_(V.s)	Magnetizacion_(V.s)	Campo_(kA/m)	Magnetizacion_(A/m)
0.000000e+00	-6.445419e-06	-6.129126e-09	-4.570351e+01	-3.629830e+02
1.000000e-08	-6.443485e-06	-6.135938e-09	-4.568979e+01	-3.636366e+02
2.000000e-08	-6.439715e-06	-6.143171e-09	-4.566306e+01	-3.642199e+02
3.000000e-08	-6.434318e-06	-6.153087e-09	-4.562479e+01	-3.647271e+02
4.000000e-08	-6.427343e-06	-6.162109e-09	-4.557533e+01	-3.651495e+02
5.000000e-08	-6.418670e-06	-6.168067e-09	-4.551383e+01	-3.654781e+02
6.000000e-08	-6.408005e-06	-6.173872e-09	-4.543821e+01	-3.657073e+02
7.000000e-08	-6.395347e-06	-6.182562e-09	-4.534845e+01	-3.658372e+02
8.000000e-08	-6.380655e-06	-6.183304e-09	-4.524427e+01	-3.658747e+02
9.000000e-08	-6.363657e-06	-6.137329e-09	-4.512375e+01	-3.658330e+02
1.000000e-07	-6.344482e-06	-6.113255e-09	-4.498778e+01	-3.657286e+02
1.100000e-07	-6.323416e-06	-6.154064e-09	-4.483840e+01	-3.655765e+02
1.200000e-07	-6.300661e-06	-6.183222e-09	-4.467705e+01	-3.653869e+02
1.300000e-07	-6.276646e-06	-6.215364e-09	-4.450676e+01	-3.651612e+02
1.400000e-07	-6.251352e-06	-6.185006e-09	-4.432740e+01	-3.648913e+02
1.500000e-07	-6.224282e-06	-6.082122e-09	-4.413546e+01	-3.645614e+02
1.600000e-07	-6.195589e-06	-6.162534e-09	-4.393200e+01	-3.641517e+02
1.700000e-07	-6.165455e-06	-6.187476e-09	-4.371833e+01	-3.636434e+02
1.800000e-07	-6.133654e-06	-6.060142e-09	-4.349283e+01	-3.630244e+02
1.900000e-07	-6.100139e-06	-6.079505e-09	-4.325518e+01	-3.622917e+02
2.000000e-07	-6.064993e-06	-6.067461e-09	-4.300596e+01	-3.614530e+02
2.100000e-07	-6.028172e-06	-6.064462e-09	-4.274487e+01	-3.605242e+02
2.200000e-07	-5.989695e-06	-6.105713e-09	-4.247203e+01	-3.595250e+02
2.300000e-07	-5.949520e-06	-6.016171e-09	-4.218716e+01	-3.584737e+02
2.400000e-07	-5.907410e-06	-5.975386e-09	-4.188857e+01	-3.573815e+02
2.500000e-07	-5.863479e-06	-6.020193e-09	-4.157706e+01	-3.562502e+02
2.600000e-07	-5.817929e-06	-5.994334e-09	-4.125406e+01	-3.550711e+02
2.700000e-07	-5.770697e-06	-5.942887e-09	-4.091915e+01	-3.538276e+02
2.800000e-07	-5.721594e-06	-5.892213e-09	-4.057097e+01	-3.525001e+02
2.900000e-07	-5.670340e-06	-5.903245e-09	-4.020754e+01	-3.510712e+02
3.000000e-07	-5.617116e-06	-5.905401e-09	-3.983013e+01	-3.495301e+02
3.100000e-07	-5.562290e-06	-5.836134e-09	-3.944137e+01	-3.478757e+02
3.200000e-07	-5.505945e-06	-5.795622e-09	-3.904183e+01	-3.461163e+02
3.300000e-07	-5.447874e-06	-5.781966e-09	-3.863006e+01	-3.442674e+02
3.400000e-07	-5.388065e-06	-5.784763e-09	-3.820597e+01	-3.423470e+02
3.500000e-07	-5.326775e-06	-5.723552e-09	-3.777137e+01	-3.403715e+02
3.600000e-07	-5.263983e-06	-5.658255e-09	-3.732612e+01	-3.383511e+02
3.700000e-07	-5.199647e-06	-5.647652e-09	-3.686992e+01	-3.362884e+02
3.800000e-07	-5.133700e-06	-5.620861e-09	-3.640230e+01	-3.341784e+02
3.900000e-07	-5.066092e-06	-5.576770e-09	-3.592291e+01	-3.320104e+02
4.000000e-07	-4.997037e-06	-5.522625e-09	-3.543324e+01	-3.297721e+02
4.100000e-07	-4.926648e-06	-5.496188e-09	-3.493413e+01	-3.274522e+02
4.200000e-07	-4.854974e-06	-5.476328e-09	-3.442590e+01	-3.250439e+02
4.300000e-07	-4.781907e-06	-5.419932e-09	-3.390779e+01	-3.225450e+02
4.400000e-07	-4.707171e-06	-5.358727e-09	-3.337785e+01	-3.199581e+02
4.500000e-07	-4.630844e-06	-5.315731e-09	-3.283663e+01	-3.172885e+02
4.600000e-07	-4.553133e-06	-5.284077e-09	-3.228558e+01	-3.145416e+02
4.700000e-07	-4.474050e-06	-5.233577e-09	-3.172482e+01	-3.117213e+02
4.800000e-07	-4.393503e-06	-5.174359e-09	-3.115367e+01	-3.088287e+02
4.900000e-07	-4.311602e-06	-5.134805e-09	-3.057293e+01	-3.058623e+02
5.000000e-07	-4.228589e-06	-5.088769e-09	-2.998429e+01	-3.028189e+02
5.100000e-07	-4.144617e-06	-5.028366e-09	-2.938886e+01	-2.996954e+02
5.200000e-07	-4.059751e-06	-4.961346e-09	-2.878709e+01	-2.964902e+02
5.300000e-07	-3.973841e-06	-4.909674e-09	-2.817791e+01	-2.932040e+02
5.400000e-07	-3.886903e-06	-4.866423e-09	-2.756145e+01	-2.898396e+02
5.500000e-07	-3.799119e-06	-4.808493e-09	-2.693899e+01	-2.864013e+02
5.600000e-07	-3.710308e-06	-4.743214e-09	-2.630924e+01	-2.828933e+02
5.700000e-07	-3.620265e-06	-4.684208e-09	-2.567076e+01	-2.793181e+02
5.800000e-07	-3.529125e-06	-4.632130e-09	-2.502450e+01	-2.756763e+02
5.900000e-07	-3.437024e-06	-4.561959e-09	-2.437143e+01	-2.719658e+02
6.000000e-07	-3.343999e-06	-4.485798e-09	-2.371180e+01	-2.681826e+02
6.100000e-07	-3.250042e-06	-4.424932e-09	-2.304557e+01	-2.643220e+02
6.200000e-07	-3.155094e-06	-4.369520e-09	-2.237230e+01	-2.603797e+02
6.300000e-07	-3.059238e-06	-4.299647e-09	-2.169260e+01	-2.563524e+02
6.400000e-07	-2.962527e-06	-4.221205e-09	-2.100684e+01	-2.522383e+02
6.500000e-07	-2.864879e-06	-4.156975e-09	-2.031443e+01	-2.480364e+02
6.600000e-07	-2.766279e-06	-4.095284e-09	-1.961528e+01	-2.437462e+02
6.700000e-07	-2.666749e-06	-4.017330e-09	-1.890952e+01	-2.393667e+02
6.800000e-07	-2.566398e-06	-3.930724e-09	-1.819795e+01	-2.348963e+02
6.900000e-07	-2.465292e-06	-3.857255e-09	-1.748102e+01	-2.303324e+02
7.000000e-07	-2.363426e-06	-3.788370e-09	-1.675870e+01	-2.256721e+02
7.100000e-07	-2.260882e-06	-3.702137e-09	-1.603158e+01	-2.209134e+02
7.200000e-07	-2.157769e-06	-3.609501e-09	-1.530042e+01	-2.160553e+02
7.300000e-07	-2.054101e-06	-3.530444e-09	-1.456533e+01	-2.110984e+02
7.400000e-07	-1.949688e-06	-3.457645e-09	-1.382495e+01	-2.060445e+02
7.500000e-07	-1.844502e-06	-3.370651e-09	-1.307909e+01	-2.008960e+02
7.600000e-07	-1.738775e-06	-3.274708e-09	-1.232939e+01	-1.956546e+02
7.700000e-07	-1.632595e-06	-3.187026e-09	-1.157649e+01	-1.903204e+02
7.800000e-07	-1.525963e-06	-3.103519e-09	-1.082038e+01	-1.848913e+02
7.900000e-07	-1.418970e-06	-3.006595e-09	-1.006171e+01	-1.793632e+02
8.000000e-07	-1.311660e-06	-2.900686e-09	-9.300784e+00	-1.737312e+02
8.100000e-07	-1.203991e-06	-2.806241e-09	-8.537324e+00	-1.679907e+02
8.200000e-07	-1.095908e-06	-2.719697e-09	-7.770922e+00	-1.621387e+02
8.300000e-07	-9.875553e-07	-2.620848e-09	-7.002607e+00	-1.561756e+02
8.400000e-07	-8.790369e-07	-2.510549e-09	-6.233120e+00	-1.501046e+02
8.500000e-07	-7.703188e-07	-2.408107e-09	-5.462216e+00	-1.439317e+02
8.600000e-07	-6.613895e-07	-2.310925e-09	-4.689815e+00	-1.376640e+02
8.700000e-07	-5.522790e-07	-2.201734e-09	-3.916128e+00	-1.313079e+02
8.800000e-07	-4.430546e-07	-2.084663e-09	-3.141634e+00	-1.248675e+02
8.900000e-07	-3.337287e-07	-1.978393e-09	-2.366420e+00	-1.183431e+02
9.000000e-07	-2.243170e-07	-1.881154e-09	-1.590598e+00	-1.117309e+02
9.100000e-07	-1.148897e-07	-1.771121e-09	-8.146657e-01	-1.050237e+02
9.200000e-07	-5.514279e-09	-1.646946e-09	-3.910093e-02	-9.821212e+01
9.300000e-07	1.038291e-07	-1.527855e-09	7.362363e-01	-9.128656e+01
9.400000e-07	2.131677e-07	-1.416100e-09	1.511540e+00	-8.423893e+01
9.500000e-07	3.225187e-07	-1.294760e-09	2.286932e+00	-7.706449e+01
9.600000e-07	4.317742e-07	-1.164721e-09	3.061646e+00	-6.976292e+01
9.700000e-07	5.408911e-07	-1.041928e-09	3.835378e+00	-6.233905e+01
9.800000e-07	6.498723e-07	-9.261342e-10	4.608148e+00	-5.480290e+01
9.900000e-07	7.586976e-07	-8.001026e-10	5.379812e+00	-4.716938e+01
1.000000e-06	8.673781e-07	-6.595095e-10	6.150449e+00	-3.945766e+01
1.010000e-06	9.758484e-07	-5.232068e-10	6.919595e+00	-3.169007e+01
1.020000e-06	1.084087e-06	-3.984060e-10	7.687098e+00	-2.389085e+01
1.030000e-06	1.192074e-06	-2.710348e-10	8.452822e+00	-1.608441e+01
1.040000e-06	1.299739e-06	-1.361748e-10	9.216253e+00	-8.293417e+00
1.050000e-06	1.407038e-06	-5.625396e-12	9.977100e+00	-5.369211e-01
1.060000e-06	1.513947e-06	1.173866e-10	1.073517e+01	7.171338e+00
1.070000e-06	1.620462e-06	2.438884e-10	1.149046e+01	1.482387e+01
1.080000e-06	1.726531e-06	3.784239e-10	1.224258e+01	2.241939e+01
1.090000e-06	1.832115e-06	5.105584e-10	1.299126e+01	2.996172e+01
1.100000e-06	1.937206e-06	6.324617e-10	1.373644e+01	3.745758e+01
1.110000e-06	2.041740e-06	7.536594e-10	1.447767e+01	4.491396e+01
1.120000e-06	2.145586e-06	8.813164e-10	1.521403e+01	5.233546e+01
1.130000e-06	2.248671e-06	1.007110e-09	1.594499e+01	5.972236e+01
1.140000e-06	2.351130e-06	1.123960e-09	1.667151e+01	6.706992e+01
1.150000e-06	2.453002e-06	1.240089e-09	1.739387e+01	7.436914e+01
1.160000e-06	2.554175e-06	1.365285e-09	1.811127e+01	8.160870e+01
1.170000e-06	2.654550e-06	1.490564e-09	1.882302e+01	8.877767e+01
1.180000e-06	2.754103e-06	1.606111e-09	1.952893e+01	9.586802e+01
1.190000e-06	2.852778e-06	1.720257e-09	2.022862e+01	1.028764e+02
1.200000e-06	2.950587e-06	1.841473e-09	2.092217e+01	1.098044e+02
1.210000e-06	3.047518e-06	1.960221e-09	2.160950e+01	1.166575e+02
1.220000e-06	3.143421e-06	2.067972e-09	2.228953e+01	1.234428e+02
1.230000e-06	3.238298e-06	2.173555e-09	2.296229e+01	1.301662e+02
1.240000e-06	3.332303e-06	2.285314e-09	2.362887e+01	1.368298e+02
1.250000e-06	3.425469e-06	2.397328e-09	2.428949e+01	1.434315e+02
1.260000e-06	3.517715e-06	2.502637e-09	2.494360e+01	1.499644e+02
1.270000e-06	3.608897e-06	2.609134e-09	2.559015e+01	1.564189e+02
1.280000e-06	3.699006e-06	2.723189e-09	2.622910e+01	1.627856e+02
1.290000e-06	3.788146e-06	2.835558e-09	2.686118e+01	1.690575e+02
1.300000e-06	3.876142e-06	2.937562e-09	2.748515e+01	1.752320e+02
1.310000e-06	3.962998e-06	3.035119e-09	2.810103e+01	1.813118e+02
1.320000e-06	4.048850e-06	3.135506e-09	2.870979e+01	1.873029e+02
1.330000e-06	4.133726e-06	3.235127e-09	2.931163e+01	1.932130e+02
1.340000e-06	4.217536e-06	3.329575e-09	2.990592e+01	1.990483e+02
1.350000e-06	4.300231e-06	3.423841e-09	3.049230e+01	2.048109e+02
1.360000e-06	4.381845e-06	3.523402e-09	3.107101e+01	2.104977e+02
1.370000e-06	4.462175e-06	3.623321e-09	3.164062e+01	2.161007e+02
1.380000e-06	4.541213e-06	3.715638e-09	3.220107e+01	2.216089e+02
1.390000e-06	4.619022e-06	3.802109e-09	3.275280e+01	2.270114e+02
1.400000e-06	4.695504e-06	3.890043e-09	3.329512e+01	2.323001e+02
1.410000e-06	4.770545e-06	3.978525e-09	3.382723e+01	2.374724e+02
1.420000e-06	4.844101e-06	4.062352e-09	3.434880e+01	2.425317e+02
1.430000e-06	4.916156e-06	4.143205e-09	3.485973e+01	2.474865e+02
1.440000e-06	4.986773e-06	4.227321e-09	3.536046e+01	2.523479e+02
1.450000e-06	5.056112e-06	4.314190e-09	3.585214e+01	2.571266e+02
1.460000e-06	5.124087e-06	4.395285e-09	3.633414e+01	2.618296e+02
1.470000e-06	5.190576e-06	4.469585e-09	3.680560e+01	2.664584e+02
1.480000e-06	5.255440e-06	4.544792e-09	3.726554e+01	2.710084e+02
1.490000e-06	5.318703e-06	4.622615e-09	3.771413e+01	2.754700e+02
1.500000e-06	5.380565e-06	4.696673e-09	3.815278e+01	2.798312e+02
1.510000e-06	5.441074e-06	4.766202e-09	3.858184e+01	2.840797e+02
1.520000e-06	5.500073e-06	4.837126e-09	3.900020e+01	2.882060e+02
1.530000e-06	5.557310e-06	4.908190e-09	3.940606e+01	2.922046e+02
1.540000e-06	5.612857e-06	4.972930e-09	3.979993e+01	2.960746e+02
1.550000e-06	5.666774e-06	5.032118e-09	4.018225e+01	2.998184e+02
1.560000e-06	5.718881e-06	5.092378e-09	4.055173e+01	3.034405e+02
1.570000e-06	5.769000e-06	5.151719e-09	4.090712e+01	3.069457e+02
1.580000e-06	5.817211e-06	5.205929e-09	4.124898e+01	3.103382e+02
1.590000e-06	5.863741e-06	5.258980e-09	4.157891e+01	3.136205e+02
1.600000e-06	5.908701e-06	5.315645e-09	4.189772e+01	3.167940e+02
1.610000e-06	5.952041e-06	5.370962e-09	4.220503e+01	3.198594e+02
1.620000e-06	5.993566e-06	5.418496e-09	4.249949e+01	3.228177e+02
1.630000e-06	6.033307e-06	5.464255e-09	4.278128e+01	3.256706e+02
1.640000e-06	6.071482e-06	5.513445e-09	4.305197e+01	3.284203e+02
1.650000e-06	6.108123e-06	5.560744e-09	4.331179e+01	3.310692e+02
1.660000e-06	6.143068e-06	5.601051e-09	4.355958e+01	3.336192e+02
1.670000e-06	6.176193e-06	5.637571e-09	4.379447e+01	3.360710e+02
1.680000e-06	6.207597e-06	5.674490e-09	4.401715e+01	3.384241e+02
1.690000e-06	6.237432e-06	5.711965e-09	4.422870e+01	3.406769e+02
1.700000e-06	6.265710e-06	5.748266e-09	4.442922e+01	3.428280e+02
1.710000e-06	6.292222e-06	5.782585e-09	4.461721e+01	3.448767e+02
1.720000e-06	6.316784e-06	5.816397e-09	4.479138e+01	3.468240e+02
1.730000e-06	6.339543e-06	5.849793e-09	4.495275e+01	3.486726e+02
1.740000e-06	6.360702e-06	5.879407e-09	4.510279e+01	3.504262e+02
1.750000e-06	6.380273e-06	5.904321e-09	4.524156e+01	3.520887e+02
1.760000e-06	6.398014e-06	5.927911e-09	4.536736e+01	3.536628e+02
1.770000e-06	6.413844e-06	5.950925e-09	4.547961e+01	3.551493e+02
1.780000e-06	6.427861e-06	5.972535e-09	4.557901e+01	3.565467e+02
1.790000e-06	6.439950e-06	5.993171e-09	4.566473e+01	3.578521e+02
1.800000e-06	6.449932e-06	6.013530e-09	4.573551e+01	3.590627e+02
1.810000e-06	6.457910e-06	6.033858e-09	4.579208e+01	3.601771e+02
1.820000e-06	6.464142e-06	6.052971e-09	4.583626e+01	3.611967e+02
1.830000e-06	6.468695e-06	6.069340e-09	4.586855e+01	3.621261e+02
1.840000e-06	6.471371e-06	6.083528e-09	4.588752e+01	3.629722e+02
1.850000e-06	6.472086e-06	6.096519e-09	4.589260e+01	3.637422e+02
1.860000e-06	6.470999e-06	6.108142e-09	4.588489e+01	3.644416e+02
1.870000e-06	6.468270e-06	6.118340e-09	4.586554e+01	3.650721e+02
1.880000e-06	6.463953e-06	6.123641e-09	4.583493e+01	3.656306e+02
1.890000e-06	6.457743e-06	6.129387e-09	4.579089e+01	3.661099e+02
1.900000e-06	6.449662e-06	6.137880e-09	4.573359e+01	3.665009e+02
1.910000e-06	6.440031e-06	6.144050e-09	4.566530e+01	3.667954e+02
1.920000e-06	6.428737e-06	6.141726e-09	4.558522e+01	3.669898e+02
1.930000e-06	6.415480e-06	6.136532e-09	4.549121e+01	3.670866e+02
1.940000e-06	6.400090e-06	6.195033e-09	4.538209e+01	3.670955e+02
1.950000e-06	6.382399e-06	6.223578e-09	4.525664e+01	3.670311e+02
1.960000e-06	6.362189e-06	6.172869e-09	4.511334e+01	3.669101e+02
1.970000e-06	6.339728e-06	6.128959e-09	4.495407e+01	3.667460e+02
1.980000e-06	6.315959e-06	6.057313e-09	4.478552e+01	3.665460e+02
1.990000e-06	6.291472e-06	6.140551e-09	4.461189e+01	3.663080e+02
2.000000e-06	6.265654e-06	6.227348e-09	4.442882e+01	3.660206e+02
2.010000e-06	6.238093e-06	6.071332e-09	4.423339e+01	3.656659e+02
2.020000e-06	6.209103e-06	6.120424e-09	4.402783e+01	3.652240e+02
2.030000e-06	6.178196e-06	6.210014e-09	4.380867e+01	3.646780e+02
2.040000e-06	6.145058e-06	6.114875e-09	4.357369e+01	3.640189e+02
2.050000e-06	6.110443e-06	6.164390e-09	4.332824e+01	3.632478e+02
2.060000e-06	6.074303e-06	6.094008e-09	4.307198e+01	3.623760e+02
2.070000e-06	6.036249e-06	6.010254e-09	4.280214e+01	3.614212e+02
2.080000e-06	5.996461e-06	6.137519e-09	4.252001e+01	3.604035e+02
2.090000e-06	5.954939e-06	6.070125e-09	4.222558e+01	3.593388e+02
2.100000e-06	5.911969e-06	5.991921e-09	4.192089e+01	3.582352e+02
2.110000e-06	5.867570e-06	6.012904e-09	4.160607e+01	3.570902e+02
2.120000e-06	5.821256e-06	6.002594e-09	4.127766e+01	3.558920e+02
2.130000e-06	5.773325e-06	6.040181e-09	4.093779e+01	3.546221e+02
2.140000e-06	5.723786e-06	5.913119e-09	4.058652e+01	3.532612e+02
2.150000e-06	5.672339e-06	5.890391e-09	4.022171e+01	3.517938e+02
2.160000e-06	5.618959e-06	5.958428e-09	3.984320e+01	3.502126e+02
2.170000e-06	5.563673e-06	5.870910e-09	3.945118e+01	3.485202e+02
2.180000e-06	5.506780e-06	5.836768e-09	3.904775e+01	3.467280e+02
2.190000e-06	5.448262e-06	5.775785e-09	3.863282e+01	3.448530e+02
2.200000e-06	5.388163e-06	5.807758e-09	3.820666e+01	3.429131e+02
2.210000e-06	5.326472e-06	5.801194e-09	3.776922e+01	3.409227e+02
2.220000e-06	5.263059e-06	5.682354e-09	3.731956e+01	3.388894e+02
2.230000e-06	5.198053e-06	5.690168e-09	3.685862e+01	3.368128e+02
2.240000e-06	5.131490e-06	5.659496e-09	3.638663e+01	3.346852e+02
2.250000e-06	5.063542e-06	5.639598e-09	3.590482e+01	3.324952e+02
2.260000e-06	4.994187e-06	5.568685e-09	3.541304e+01	3.302302e+02
2.270000e-06	4.923156e-06	5.502649e-09	3.490936e+01	3.278805e+02
2.280000e-06	4.850588e-06	5.526346e-09	3.439479e+01	3.254410e+02
2.290000e-06	4.776697e-06	5.464273e-09	3.387085e+01	3.229114e+02
2.300000e-06	4.701517e-06	5.412998e-09	3.333776e+01	3.202957e+02
2.310000e-06	4.624829e-06	5.351685e-09	3.279398e+01	3.175993e+02
2.320000e-06	4.546554e-06	5.334449e-09	3.223894e+01	3.148273e+02
2.330000e-06	4.466949e-06	5.299606e-09	3.167447e+01	3.119828e+02
2.340000e-06	4.386152e-06	5.209074e-09	3.110155e+01	3.090656e+02
2.350000e-06	4.304218e-06	5.172143e-09	3.052057e+01	3.060735e+02
2.360000e-06	4.221195e-06	5.125167e-09	2.993186e+01	3.030032e+02
2.370000e-06	4.137152e-06	5.088282e-09	2.933593e+01	2.998520e+02
2.380000e-06	4.051922e-06	5.007636e-09	2.873158e+01	2.966191e+02
2.390000e-06	3.965394e-06	4.942063e-09	2.811802e+01	2.933059e+02
2.400000e-06	3.877711e-06	4.909878e-09	2.749627e+01	2.899161e+02
2.410000e-06	3.788978e-06	4.855720e-09	2.686708e+01	2.864540e+02
2.420000e-06	3.699344e-06	4.790778e-09	2.623150e+01	2.829234e+02
2.430000e-06	3.608829e-06	4.714461e-09	2.558967e+01	2.793262e+02
2.440000e-06	3.517368e-06	4.677769e-09	2.494113e+01	2.756618e+02
2.450000e-06	3.424875e-06	4.620221e-09	2.428528e+01	2.719273e+02
2.460000e-06	3.331312e-06	4.533750e-09	2.362183e+01	2.681185e+02
2.470000e-06	3.236681e-06	4.454138e-09	2.295082e+01	2.642305e+02
2.480000e-06	3.141047e-06	4.400354e-09	2.227269e+01	2.602595e+02
2.490000e-06	3.044548e-06	4.349591e-09	2.158844e+01	2.562026e+02
2.500000e-06	2.947231e-06	4.265798e-09	2.089837e+01	2.520584e+02
2.510000e-06	2.849061e-06	4.190316e-09	2.020227e+01	2.478263e+02
2.520000e-06	2.750119e-06	4.132167e-09	1.950068e+01	2.435056e+02
2.530000e-06	2.650517e-06	4.067738e-09	1.879442e+01	2.390951e+02
2.540000e-06	2.550085e-06	3.971900e-09	1.808227e+01	2.345927e+02
2.550000e-06	2.448673e-06	3.878187e-09	1.736318e+01	2.299958e+02
2.560000e-06	2.346353e-06	3.810504e-09	1.663764e+01	2.253017e+02
2.570000e-06	2.243346e-06	3.742091e-09	1.590723e+01	2.205085e+02
2.580000e-06	2.139720e-06	3.651393e-09	1.517244e+01	2.156160e+02
2.590000e-06	2.035414e-06	3.558548e-09	1.443282e+01	2.106253e+02
2.600000e-06	1.930499e-06	3.487271e-09	1.368888e+01	2.055385e+02
2.610000e-06	1.825057e-06	3.411766e-09	1.294121e+01	2.003578e+02
2.620000e-06	1.719171e-06	3.309963e-09	1.219038e+01	1.950845e+02
2.630000e-06	1.612921e-06	3.202232e-09	1.143699e+01	1.897179e+02
2.640000e-06	1.506317e-06	3.116721e-09	1.068107e+01	1.842551e+02
2.650000e-06	1.399379e-06	3.034471e-09	9.922790e+00	1.786914e+02
2.660000e-06	1.292142e-06	2.931472e-09	9.162388e+00	1.730220e+02
2.670000e-06	1.184576e-06	2.821761e-09	8.399654e+00	1.672427e+02
2.680000e-06	1.076649e-06	2.730354e-09	7.634355e+00	1.613516e+02
2.690000e-06	9.684488e-07	2.642763e-09	6.867126e+00	1.553503e+02
2.700000e-06	8.601423e-07	2.534665e-09	6.099141e+00	1.492431e+02
2.710000e-06	7.516372e-07	2.420225e-09	5.329747e+00	1.430366e+02
2.720000e-06	6.429554e-07	2.318546e-09	4.559101e+00	1.367380e+02
2.730000e-06	5.342496e-07	2.220280e-09	3.788284e+00	1.303528e+02
2.740000e-06	4.254199e-07	2.105987e-09	3.016589e+00	1.238839e+02
2.750000e-06	3.164871e-07	1.983273e-09	2.244163e+00	1.173300e+02
2.760000e-06	2.075529e-07	1.871813e-09	1.471726e+00	1.106860e+02
2.770000e-06	9.862873e-08	1.765869e-09	6.993616e-01	1.039436e+02
2.780000e-06	-1.024203e-08	1.648304e-09	-7.262467e-02	9.709320e+01
2.790000e-06	-1.191503e-07	1.524586e-09	-8.448767e-01	9.012548e+01
2.800000e-06	-2.281085e-07	1.410349e-09	-1.617483e+00	8.303345e+01
2.810000e-06	-3.369560e-07	1.299575e-09	-2.389304e+00	7.581391e+01
2.820000e-06	-4.457016e-07	1.174109e-09	-3.160404e+00	6.846845e+01
2.830000e-06	-5.543341e-07	1.038138e-09	-3.930701e+00	6.100384e+01
2.840000e-06	-6.628181e-07	9.080876e-10	-4.699944e+00	5.343199e+01
2.850000e-06	-7.712150e-07	7.859811e-10	-5.468571e+00	4.576952e+01
2.860000e-06	-8.794526e-07	6.558065e-10	-6.236067e+00	3.803691e+01
2.870000e-06	-9.874909e-07	5.154589e-10	-7.002151e+00	3.025739e+01
2.880000e-06	-1.095345e-06	3.827518e-10	-7.766925e+00	2.245546e+01
2.890000e-06	-1.202936e-06	2.606245e-10	-8.529840e+00	1.465512e+01
2.900000e-06	-1.310208e-06	1.320506e-10	-9.290493e+00	6.877901e+00
2.910000e-06	-1.417128e-06	-6.151625e-12	-1.004864e+01	-8.589786e-01
2.920000e-06	-1.523714e-06	-1.374997e-10	-1.080443e+01	-8.544057e+00
2.930000e-06	-1.629945e-06	-2.587478e-10	-1.155770e+01	-1.617224e+01
2.940000e-06	-1.735760e-06	-3.841342e-10	-1.230802e+01	-2.374434e+01
2.950000e-06	-1.841149e-06	-5.206597e-10	-1.305531e+01	-3.126556e+01
2.960000e-06	-1.946070e-06	-6.525016e-10	-1.379929e+01	-3.874306e+01
2.970000e-06	-2.050388e-06	-7.726696e-10	-1.453899e+01	-4.618321e+01
2.980000e-06	-2.154034e-06	-8.943197e-10	-1.527393e+01	-5.358916e+01
2.990000e-06	-2.256995e-06	-1.023136e-09	-1.600402e+01	-6.095931e+01
3.000000e-06	-2.359230e-06	-1.148003e-09	-1.672895e+01	-6.828716e+01
3.010000e-06	-2.460737e-06	-1.264150e-09	-1.744872e+01	-7.556256e+01
3.020000e-06	-2.561429e-06	-1.384506e-09	-1.816271e+01	-8.277401e+01
3.030000e-06	-2.661260e-06	-1.513559e-09	-1.887060e+01	-8.991140e+01
3.040000e-06	-2.760246e-06	-1.638026e-09	-1.957249e+01	-9.696832e+01
3.050000e-06	-2.858440e-06	-1.751453e-09	-2.026877e+01	-1.039433e+02
3.060000e-06	-2.955920e-06	-1.865223e-09	-2.095999e+01	-1.108396e+02
3.070000e-06	-3.052626e-06	-1.986033e-09	-2.164572e+01	-1.176637e+02
3.080000e-06	-3.148524e-06	-2.104109e-09	-2.232571e+01	-1.244224e+02
3.090000e-06	-3.243539e-06	-2.214119e-09	-2.299945e+01	-1.311205e+02
3.100000e-06	-3.337539e-06	-2.325467e-09	-2.366599e+01	-1.377587e+02
3.110000e-06	-3.430498e-06	-2.442677e-09	-2.432515e+01	-1.443327e+02
3.120000e-06	-3.522376e-06	-2.555561e-09	-2.497664e+01	-1.508346e+02
3.130000e-06	-3.613177e-06	-2.657542e-09	-2.562050e+01	-1.572544e+02
3.140000e-06	-3.702970e-06	-2.760975e-09	-2.625721e+01	-1.635833e+02
3.150000e-06	-3.791769e-06	-2.871876e-09	-2.688687e+01	-1.698159e+02
3.160000e-06	-3.879577e-06	-2.979089e-09	-2.750950e+01	-1.759516e+02
3.170000e-06	-3.966300e-06	-3.079162e-09	-2.812444e+01	-1.819944e+02
3.180000e-06	-4.051873e-06	-3.178436e-09	-2.873123e+01	-1.879514e+02
3.190000e-06	-4.136272e-06	-3.279949e-09	-2.932968e+01	-1.938301e+02
3.200000e-06	-4.219451e-06	-3.378065e-09	-2.991950e+01	-1.996354e+02
3.210000e-06	-4.301549e-06	-3.469638e-09	-3.050164e+01	-2.053674e+02
3.220000e-06	-4.382620e-06	-3.562254e-09	-3.107651e+01	-2.110211e+02
3.230000e-06	-4.462511e-06	-3.660979e-09	-3.164300e+01	-2.165871e+02
3.240000e-06	-4.541077e-06	-3.756143e-09	-3.220010e+01	-2.220540e+02
3.250000e-06	-4.618335e-06	-3.845020e-09	-3.274792e+01	-2.274117e+02
3.260000e-06	-4.694166e-06	-3.932907e-09	-3.328563e+01	-2.326539e+02
3.270000e-06	-4.768532e-06	-4.022203e-09	-3.381295e+01	-2.377803e+02
3.280000e-06	-4.841584e-06	-4.107368e-09	-3.433095e+01	-2.427964e+02
3.290000e-06	-4.913246e-06	-4.185372e-09	-3.483909e+01	-2.477121e+02
3.300000e-06	-4.983438e-06	-4.263258e-09	-3.533681e+01	-2.525385e+02
3.310000e-06	-5.052127e-06	-4.344394e-09	-3.582388e+01	-2.572855e+02
3.320000e-06	-5.119328e-06	-4.422962e-09	-3.630039e+01	-2.619580e+02
3.330000e-06	-5.185127e-06	-4.497565e-09	-3.676696e+01	-2.665552e+02
3.340000e-06	-5.249526e-06	-4.574838e-09	-3.722361e+01	-2.710706e+02
3.350000e-06	-5.312435e-06	-4.653843e-09	-3.766968e+01	-2.754933e+02
3.360000e-06	-5.373720e-06	-4.726513e-09	-3.810424e+01	-2.798107e+02
3.370000e-06	-5.433382e-06	-4.789979e-09	-3.852730e+01	-2.840114e+02
3.380000e-06	-5.491539e-06	-4.855358e-09	-3.893969e+01	-2.880875e+02
3.390000e-06	-5.548100e-06	-4.923059e-09	-3.934075e+01	-2.920350e+02
3.400000e-06	-5.603042e-06	-4.988913e-09	-3.973034e+01	-2.958543e+02
3.410000e-06	-5.656175e-06	-5.050820e-09	-4.010710e+01	-2.995491e+02
3.420000e-06	-5.707334e-06	-5.111774e-09	-4.046986e+01	-3.031240e+02
3.430000e-06	-5.756625e-06	-5.173294e-09	-4.081937e+01	-3.065838e+02
3.440000e-06	-5.803974e-06	-5.228425e-09	-4.115512e+01	-3.099319e+02
3.450000e-06	-5.849579e-06	-5.278782e-09	-4.147849e+01	-3.131705e+02
3.460000e-06	-5.893771e-06	-5.328205e-09	-4.179185e+01	-3.163005e+02
3.470000e-06	-5.936579e-06	-5.379309e-09	-4.209540e+01	-3.193228e+02
3.480000e-06	-5.977892e-06	-5.428932e-09	-4.238834e+01	-3.222385e+02
3.490000e-06	-6.017608e-06	-5.475732e-09	-4.266996e+01	-3.250496e+02
3.500000e-06	-6.055567e-06	-5.523079e-09	-4.293912e+01	-3.277585e+02
3.510000e-06	-6.091726e-06	-5.571174e-09	-4.319552e+01	-3.303673e+02
3.520000e-06	-6.126209e-06	-5.613829e-09	-4.344003e+01	-3.328777e+02
3.530000e-06	-6.159084e-06	-5.650599e-09	-4.367315e+01	-3.352897e+02
3.540000e-06	-6.190273e-06	-5.687144e-09	-4.389430e+01	-3.376026e+02
3.550000e-06	-6.219624e-06	-5.726550e-09	-4.410243e+01	-3.398146e+02
3.560000e-06	-6.247197e-06	-5.763919e-09	-4.429794e+01	-3.419245e+02
3.570000e-06	-6.273088e-06	-5.797264e-09	-4.448153e+01	-3.439322e+02
3.580000e-06	-6.297315e-06	-5.829994e-09	-4.465332e+01	-3.458392e+02
3.590000e-06	-6.319800e-06	-5.864147e-09	-4.481276e+01	-3.476489e+02
3.600000e-06	-6.340452e-06	-5.896606e-09	-4.495920e+01	-3.493651e+02
3.610000e-06	-6.359365e-06	-5.921813e-09	-4.509331e+01	-3.509914e+02
3.620000e-06	-6.376594e-06	-5.945913e-09	-4.521548e+01	-3.525299e+02
3.630000e-06	-6.392018e-06	-5.971819e-09	-4.532484e+01	-3.539804e+02
3.640000e-06	-6.405351e-06	-5.995489e-09	-4.541939e+01	-3.553409e+02
3.650000e-06	-6.416623e-06	-6.014770e-09	-4.549932e+01	-3.566082e+02
3.660000e-06	-6.426104e-06	-6.035599e-09	-4.556655e+01	-3.577799e+02
3.670000e-06	-6.433851e-06	-6.057532e-09	-4.562148e+01	-3.588556e+02
3.680000e-06	-6.439680e-06	-6.076106e-09	-4.566281e+01	-3.598380e+02
3.690000e-06	-6.443558e-06	-6.089093e-09	-4.569031e+01	-3.607324e+02
3.700000e-06	-6.445682e-06	-6.102700e-09	-4.570537e+01	-3.615464e+02
3.710000e-06	-6.446100e-06	-6.118073e-09	-4.570834e+01	-3.622866e+02
