# Temperatura_=_20.0
# Concentracion g/m^3_=_12000.0
# C_Vs_to_Am_M_A/Vsm_=_59384043850.047264
# pendiente_HvsI_1/m_=_3716.3
# ordenada_HvsI_A/m_=_1297.0
# frecuencia_Hz_=_269354.84090911056

Tiempo_(s)	Campo_(V.s)	Magnetizacion_(V.s)	Campo_(kA/m)	Magnetizacion_(A/m)
0.000000e+00	-6.427902e-06	-6.305723e-09	-4.569617e+01	-3.743047e+02
1.000000e-08	-6.425863e-06	-6.312424e-09	-4.568167e+01	-3.749422e+02
2.000000e-08	-6.421943e-06	-6.323845e-09	-4.565381e+01	-3.755218e+02
3.000000e-08	-6.416416e-06	-6.335202e-09	-4.561451e+01	-3.760366e+02
4.000000e-08	-6.409344e-06	-6.341292e-09	-4.556424e+01	-3.764727e+02
5.000000e-08	-6.400620e-06	-6.345902e-09	-4.550222e+01	-3.768138e+02
6.000000e-08	-6.389931e-06	-6.354070e-09	-4.542623e+01	-3.770462e+02
7.000000e-08	-6.377273e-06	-6.367169e-09	-4.533625e+01	-3.771634e+02
8.000000e-08	-6.362570e-06	-6.366020e-09	-4.523172e+01	-3.771691e+02
9.000000e-08	-6.345483e-06	-6.312075e-09	-4.511025e+01	-3.770768e+02
1.000000e-07	-6.326242e-06	-6.292752e-09	-4.497346e+01	-3.769061e+02
1.100000e-07	-6.305215e-06	-6.333609e-09	-4.482399e+01	-3.766777e+02
1.200000e-07	-6.282567e-06	-6.353080e-09	-4.466298e+01	-3.764068e+02
1.300000e-07	-6.258666e-06	-6.395026e-09	-4.449306e+01	-3.760988e+02
1.400000e-07	-6.233366e-06	-6.351184e-09	-4.431321e+01	-3.757468e+02
1.500000e-07	-6.206271e-06	-6.250953e-09	-4.412058e+01	-3.753339e+02
1.600000e-07	-6.177654e-06	-6.362441e-09	-4.391715e+01	-3.748375e+02
1.700000e-07	-6.147575e-06	-6.357467e-09	-4.370331e+01	-3.742362e+02
1.800000e-07	-6.115766e-06	-6.224243e-09	-4.347719e+01	-3.735168e+02
1.900000e-07	-6.082298e-06	-6.260436e-09	-4.323926e+01	-3.726781e+02
2.000000e-07	-6.047180e-06	-6.219004e-09	-4.298961e+01	-3.717323e+02
2.100000e-07	-6.010338e-06	-6.226576e-09	-4.272769e+01	-3.707019e+02
2.200000e-07	-5.971886e-06	-6.278351e-09	-4.245434e+01	-3.696133e+02
2.300000e-07	-5.931790e-06	-6.181560e-09	-4.216929e+01	-3.684900e+02
2.400000e-07	-5.889750e-06	-6.154291e-09	-4.187043e+01	-3.673449e+02
2.500000e-07	-5.845859e-06	-6.173163e-09	-4.155841e+01	-3.661775e+02
2.600000e-07	-5.800348e-06	-6.143849e-09	-4.123487e+01	-3.649730e+02
2.700000e-07	-5.753201e-06	-6.109122e-09	-4.089970e+01	-3.637069e+02
2.800000e-07	-5.704270e-06	-6.036248e-09	-4.055184e+01	-3.623516e+02
2.900000e-07	-5.653180e-06	-6.052664e-09	-4.018865e+01	-3.608836e+02
3.000000e-07	-5.600050e-06	-6.083664e-09	-3.981094e+01	-3.592903e+02
3.100000e-07	-5.545275e-06	-6.010352e-09	-3.942154e+01	-3.575722e+02
3.200000e-07	-5.488983e-06	-5.943678e-09	-3.902136e+01	-3.557427e+02
3.300000e-07	-5.430982e-06	-5.927238e-09	-3.860903e+01	-3.538235e+02
3.400000e-07	-5.371283e-06	-5.936021e-09	-3.818463e+01	-3.518376e+02
3.500000e-07	-5.310130e-06	-5.865305e-09	-3.774989e+01	-3.498035e+02
3.600000e-07	-5.247487e-06	-5.804705e-09	-3.730456e+01	-3.477295e+02
3.700000e-07	-5.183347e-06	-5.796160e-09	-3.684858e+01	-3.456128e+02
3.800000e-07	-5.117534e-06	-5.771923e-09	-3.638072e+01	-3.434410e+02
3.900000e-07	-5.050000e-06	-5.735835e-09	-3.590062e+01	-3.411970e+02
4.000000e-07	-4.981036e-06	-5.661975e-09	-3.541035e+01	-3.388646e+02
4.100000e-07	-4.910715e-06	-5.624930e-09	-3.491044e+01	-3.364337e+02
4.200000e-07	-4.839124e-06	-5.614785e-09	-3.440149e+01	-3.339029e+02
4.300000e-07	-4.766216e-06	-5.564474e-09	-3.388319e+01	-3.312797e+02
4.400000e-07	-4.691641e-06	-5.495335e-09	-3.335303e+01	-3.285771e+02
4.500000e-07	-4.615450e-06	-5.446740e-09	-3.281139e+01	-3.258090e+02
4.600000e-07	-4.537897e-06	-5.423656e-09	-3.226006e+01	-3.229851e+02
4.700000e-07	-4.459010e-06	-5.373678e-09	-3.169925e+01	-3.201078e+02
4.800000e-07	-4.378672e-06	-5.306324e-09	-3.112812e+01	-3.171710e+02
4.900000e-07	-4.296987e-06	-5.261129e-09	-3.054743e+01	-3.141626e+02
5.000000e-07	-4.214186e-06	-5.226001e-09	-2.995879e+01	-3.110677e+02
5.100000e-07	-4.130390e-06	-5.174932e-09	-2.936308e+01	-3.078742e+02
5.200000e-07	-4.045684e-06	-5.097472e-09	-2.876090e+01	-3.045764e+02
5.300000e-07	-3.959966e-06	-5.035131e-09	-2.815153e+01	-3.011769e+02
5.400000e-07	-3.873233e-06	-4.992949e-09	-2.753495e+01	-2.976861e+02
5.500000e-07	-3.785550e-06	-4.937461e-09	-2.691160e+01	-2.941187e+02
5.600000e-07	-3.696905e-06	-4.863489e-09	-2.628142e+01	-2.904894e+02
5.700000e-07	-3.607150e-06	-4.797599e-09	-2.564335e+01	-2.868084e+02
5.800000e-07	-3.516160e-06	-4.752840e-09	-2.499650e+01	-2.830783e+02
5.900000e-07	-3.424123e-06	-4.689176e-09	-2.434220e+01	-2.792932e+02
6.000000e-07	-3.331250e-06	-4.606635e-09	-2.368196e+01	-2.754408e+02
6.100000e-07	-3.237482e-06	-4.537488e-09	-2.301536e+01	-2.715056e+02
6.200000e-07	-3.142784e-06	-4.485329e-09	-2.234216e+01	-2.674734e+02
6.300000e-07	-3.047210e-06	-4.419620e-09	-2.166272e+01	-2.633348e+02
6.400000e-07	-2.950741e-06	-4.332515e-09	-2.097692e+01	-2.590872e+02
6.500000e-07	-2.853415e-06	-4.258278e-09	-2.028502e+01	-2.547342e+02
6.600000e-07	-2.755050e-06	-4.198481e-09	-1.958574e+01	-2.502839e+02
6.700000e-07	-2.655593e-06	-4.125575e-09	-1.887870e+01	-2.457452e+02
6.800000e-07	-2.555359e-06	-4.034069e-09	-1.816613e+01	-2.411242e+02
6.900000e-07	-2.454502e-06	-3.954014e-09	-1.744913e+01	-2.364225e+02
7.000000e-07	-2.352930e-06	-3.889075e-09	-1.672706e+01	-2.316364e+02
7.100000e-07	-2.250675e-06	-3.808264e-09	-1.600012e+01	-2.267579e+02
7.200000e-07	-2.147841e-06	-3.709707e-09	-1.526907e+01	-2.217778e+02
7.300000e-07	-2.044390e-06	-3.620701e-09	-1.453364e+01	-2.166883e+02
7.400000e-07	-1.940240e-06	-3.548001e-09	-1.379323e+01	-2.114854e+02
7.500000e-07	-1.835492e-06	-3.463660e-09	-1.304858e+01	-2.061698e+02
7.600000e-07	-1.730278e-06	-3.361063e-09	-1.230060e+01	-2.007465e+02
7.700000e-07	-1.624573e-06	-3.265533e-09	-1.154915e+01	-1.952223e+02
7.800000e-07	-1.518318e-06	-3.183601e-09	-1.079377e+01	-1.896034e+02
7.900000e-07	-1.411444e-06	-3.092882e-09	-1.003400e+01	-1.838934e+02
8.000000e-07	-1.304131e-06	-2.984476e-09	-9.271110e+00	-1.780912e+02
8.100000e-07	-1.196494e-06	-2.881331e-09	-8.505915e+00	-1.721921e+02
8.200000e-07	-1.088510e-06	-2.790226e-09	-7.738251e+00	-1.661885e+02
8.300000e-07	-9.802509e-07	-2.692868e-09	-6.968636e+00	-1.600728e+02
8.400000e-07	-8.717902e-07	-2.579555e-09	-6.197585e+00	-1.538398e+02
8.500000e-07	-7.631828e-07	-2.467805e-09	-5.425492e+00	-1.474881e+02
8.600000e-07	-6.544964e-07	-2.368602e-09	-4.652837e+00	-1.410207e+02
8.700000e-07	-5.457443e-07	-2.264301e-09	-3.879714e+00	-1.344439e+02
8.800000e-07	-4.368771e-07	-2.145112e-09	-3.105774e+00	-1.277650e+02
8.900000e-07	-3.279028e-07	-2.027697e-09	-2.331072e+00	-1.209903e+02
9.000000e-07	-2.188598e-07	-1.923350e-09	-1.555882e+00	-1.141220e+02
9.100000e-07	-1.098478e-07	-1.813750e-09	-7.809115e-01	-1.071581e+02
9.200000e-07	-8.526910e-10	-1.687093e-09	-6.061809e-03	-1.000918e+02
9.300000e-07	1.081661e-07	-1.557457e-09	7.689564e-01	-9.291322e+01
9.400000e-07	2.171437e-07	-1.438293e-09	1.543682e+00	-8.561232e+01
9.500000e-07	3.260791e-07	-1.318493e-09	2.318107e+00	-7.818120e+01
9.600000e-07	4.349180e-07	-1.187944e-09	3.091847e+00	-7.061687e+01
9.700000e-07	5.436650e-07	-1.056461e-09	3.864932e+00	-6.292283e+01
9.800000e-07	6.523526e-07	-9.327883e-10	4.637596e+00	-5.510958e+01
9.900000e-07	7.609429e-07	-8.068656e-10	5.409568e+00	-4.719400e+01
1.000000e-06	8.694176e-07	-6.658315e-10	6.180718e+00	-3.919792e+01
1.010000e-06	9.777254e-07	-5.195815e-10	6.950682e+00	-3.114615e+01
1.020000e-06	1.085892e-06	-3.830477e-10	7.719644e+00	-2.306435e+01
1.030000e-06	1.193843e-06	-2.521364e-10	8.487066e+00	-1.497711e+01
1.040000e-06	1.301386e-06	-1.149402e-10	9.251596e+00	-6.906393e+00
1.050000e-06	1.408495e-06	2.405694e-11	1.001303e+01	1.129634e+00
1.060000e-06	1.515133e-06	1.545528e-10	1.077113e+01	9.117303e+00
1.070000e-06	1.621265e-06	2.812758e-10	1.152563e+01	1.704771e+01
1.080000e-06	1.726968e-06	4.148497e-10	1.227708e+01	2.491657e+01
1.090000e-06	1.832235e-06	5.523186e-10	1.302542e+01	3.272357e+01
1.100000e-06	1.936959e-06	6.821030e-10	1.376990e+01	4.047139e+01
1.110000e-06	2.041075e-06	8.079335e-10	1.451007e+01	4.816435e+01
1.120000e-06	2.144528e-06	9.371817e-10	1.524552e+01	5.580691e+01
1.130000e-06	2.247343e-06	1.068778e-09	1.597643e+01	6.340235e+01
1.140000e-06	2.349550e-06	1.194043e-09	1.670303e+01	7.095171e+01
1.150000e-06	2.451092e-06	1.313688e-09	1.742489e+01	7.845336e+01
1.160000e-06	2.551918e-06	1.436755e-09	1.814167e+01	8.590325e+01
1.170000e-06	2.651987e-06	1.563999e-09	1.885306e+01	9.329563e+01
1.180000e-06	2.751205e-06	1.688002e-09	1.955841e+01	1.006242e+02
1.190000e-06	2.849541e-06	1.807385e-09	2.025748e+01	1.078831e+02
1.200000e-06	2.946927e-06	1.929616e-09	2.094980e+01	1.150680e+02
1.210000e-06	3.043356e-06	2.053978e-09	2.163532e+01	1.221759e+02
1.220000e-06	3.138878e-06	2.172048e-09	2.231439e+01	1.292057e+02
1.230000e-06	3.233473e-06	2.284378e-09	2.298687e+01	1.361567e+02
1.240000e-06	3.327217e-06	2.397897e-09	2.365330e+01	1.430286e+02
1.250000e-06	3.420152e-06	2.511222e-09	2.431397e+01	1.498207e+02
1.260000e-06	3.512202e-06	2.620742e-09	2.496836e+01	1.565317e+02
1.270000e-06	3.603261e-06	2.730202e-09	2.561570e+01	1.631598e+02
1.280000e-06	3.693226e-06	2.843148e-09	2.625527e+01	1.697031e+02
1.290000e-06	3.782033e-06	2.956188e-09	2.688660e+01	1.761604e+02
1.300000e-06	3.869703e-06	3.064331e-09	2.750985e+01	1.825311e+02
1.310000e-06	3.956280e-06	3.167162e-09	2.812533e+01	1.888154e+02
1.320000e-06	4.041837e-06	3.270296e-09	2.873355e+01	1.950132e+02
1.330000e-06	4.126470e-06	3.372888e-09	2.933521e+01	2.011239e+02
1.340000e-06	4.210098e-06	3.471494e-09	2.992973e+01	2.071455e+02
1.350000e-06	4.292597e-06	3.570417e-09	3.051622e+01	2.130743e+02
1.360000e-06	4.373949e-06	3.672294e-09	3.109455e+01	2.189051e+02
1.370000e-06	4.454033e-06	3.771996e-09	3.166387e+01	2.246324e+02
1.380000e-06	4.532796e-06	3.865713e-09	3.222380e+01	2.302519e+02
1.390000e-06	4.610291e-06	3.955322e-09	3.277471e+01	2.357610e+02
1.400000e-06	4.686539e-06	4.045935e-09	3.331676e+01	2.411607e+02
1.410000e-06	4.761388e-06	4.135246e-09	3.384887e+01	2.464548e+02
1.420000e-06	4.834653e-06	4.219369e-09	3.436971e+01	2.516492e+02
1.430000e-06	4.906429e-06	4.301513e-09	3.487997e+01	2.567505e+02
1.440000e-06	4.976851e-06	4.388542e-09	3.538060e+01	2.617637e+02
1.450000e-06	5.045903e-06	4.476980e-09	3.587149e+01	2.666909e+02
1.460000e-06	5.113622e-06	4.558745e-09	3.635291e+01	2.715300e+02
1.470000e-06	5.179885e-06	4.636492e-09	3.682398e+01	2.762754e+02
1.480000e-06	5.244465e-06	4.714950e-09	3.728307e+01	2.809187e+02
1.490000e-06	5.307537e-06	4.793499e-09	3.773146e+01	2.854511e+02
1.500000e-06	5.369247e-06	4.866895e-09	3.817016e+01	2.898652e+02
1.510000e-06	5.429560e-06	4.936551e-09	3.859892e+01	2.941564e+02
1.520000e-06	5.488385e-06	5.007558e-09	3.901711e+01	2.983237e+02
1.530000e-06	5.545468e-06	5.077926e-09	3.942291e+01	3.023692e+02
1.540000e-06	5.600797e-06	5.143432e-09	3.981625e+01	3.062967e+02
1.550000e-06	5.654515e-06	5.205796e-09	4.019813e+01	3.101102e+02
1.560000e-06	5.706420e-06	5.269636e-09	4.056713e+01	3.138124e+02
1.570000e-06	5.756296e-06	5.332271e-09	4.092170e+01	3.174042e+02
1.580000e-06	5.804274e-06	5.389470e-09	4.126278e+01	3.208844e+02
1.590000e-06	5.850562e-06	5.442917e-09	4.159184e+01	3.242515e+02
1.600000e-06	5.895295e-06	5.498142e-09	4.190985e+01	3.275042e+02
1.610000e-06	5.938428e-06	5.554117e-09	4.221648e+01	3.306428e+02
1.620000e-06	5.979689e-06	5.605539e-09	4.250981e+01	3.336699e+02
1.630000e-06	6.019200e-06	5.653498e-09	4.279070e+01	3.365893e+02
1.640000e-06	6.057180e-06	5.701335e-09	4.306069e+01	3.394054e+02
1.650000e-06	6.093589e-06	5.749866e-09	4.331953e+01	3.421212e+02
1.660000e-06	6.128371e-06	5.795712e-09	4.356679e+01	3.447372e+02
1.670000e-06	6.161339e-06	5.836320e-09	4.380116e+01	3.472513e+02
1.680000e-06	6.192601e-06	5.873424e-09	4.402341e+01	3.496588e+02
1.690000e-06	6.222318e-06	5.912135e-09	4.423467e+01	3.519548e+02
1.700000e-06	6.250491e-06	5.952413e-09	4.443494e+01	3.541357e+02
1.710000e-06	6.276817e-06	5.988543e-09	4.462210e+01	3.562014e+02
1.720000e-06	6.301163e-06	6.020047e-09	4.479518e+01	3.581562e+02
1.730000e-06	6.323792e-06	6.050891e-09	4.495605e+01	3.600077e+02
1.740000e-06	6.344865e-06	6.080985e-09	4.510585e+01	3.617657e+02
1.750000e-06	6.364424e-06	6.107776e-09	4.524490e+01	3.634386e+02
1.760000e-06	6.382164e-06	6.134259e-09	4.537101e+01	3.650316e+02
1.770000e-06	6.397949e-06	6.160520e-09	4.548323e+01	3.665447e+02
1.780000e-06	6.411933e-06	6.185968e-09	4.558265e+01	3.679723e+02
1.790000e-06	6.424033e-06	6.208475e-09	4.566867e+01	3.693058e+02
1.800000e-06	6.433916e-06	6.227653e-09	4.573892e+01	3.705360e+02
1.810000e-06	6.441732e-06	6.245680e-09	4.579448e+01	3.716568e+02
1.820000e-06	6.447828e-06	6.260611e-09	4.583783e+01	3.726680e+02
1.830000e-06	6.452265e-06	6.274642e-09	4.586937e+01	3.735762e+02
1.840000e-06	6.454879e-06	6.291784e-09	4.588795e+01	3.743934e+02
1.850000e-06	6.455533e-06	6.308049e-09	4.589260e+01	3.751341e+02
1.860000e-06	6.454378e-06	6.322039e-09	4.588439e+01	3.758105e+02
1.870000e-06	6.451575e-06	6.333658e-09	4.586446e+01	3.764293e+02
1.880000e-06	6.447158e-06	6.339713e-09	4.583306e+01	3.769886e+02
1.890000e-06	6.440845e-06	6.345385e-09	4.578818e+01	3.774784e+02
1.900000e-06	6.432705e-06	6.349554e-09	4.573032e+01	3.778835e+02
1.910000e-06	6.423018e-06	6.351567e-09	4.566145e+01	3.781879e+02
1.920000e-06	6.411674e-06	6.347203e-09	4.558080e+01	3.783800e+02
1.930000e-06	6.398422e-06	6.342942e-09	4.548659e+01	3.784572e+02
1.940000e-06	6.383053e-06	6.412311e-09	4.537734e+01	3.784268e+02
1.950000e-06	6.365343e-06	6.430929e-09	4.525143e+01	3.783053e+02
1.960000e-06	6.344996e-06	6.380606e-09	4.510679e+01	3.781135e+02
1.970000e-06	6.322363e-06	6.339275e-09	4.494589e+01	3.778705e+02
1.980000e-06	6.298556e-06	6.257647e-09	4.477664e+01	3.775884e+02
1.990000e-06	6.274139e-06	6.372109e-09	4.460306e+01	3.772681e+02
2.000000e-06	6.248309e-06	6.414736e-09	4.441943e+01	3.768984e+02
2.010000e-06	6.220667e-06	6.228046e-09	4.422293e+01	3.764596e+02
2.020000e-06	6.191782e-06	6.330429e-09	4.401759e+01	3.759288e+02
2.030000e-06	6.160968e-06	6.382142e-09	4.379853e+01	3.752869e+02
2.040000e-06	6.127797e-06	6.283388e-09	4.356271e+01	3.745249e+02
2.050000e-06	6.093199e-06	6.377455e-09	4.331675e+01	3.736467e+02
2.060000e-06	6.057141e-06	6.260802e-09	4.306041e+01	3.726688e+02
2.070000e-06	6.019161e-06	6.181678e-09	4.279042e+01	3.716162e+02
2.080000e-06	5.979450e-06	6.307410e-09	4.250811e+01	3.705150e+02
2.090000e-06	5.938005e-06	6.209920e-09	4.221347e+01	3.693854e+02
2.100000e-06	5.895114e-06	6.194965e-09	4.190856e+01	3.682355e+02
2.110000e-06	5.850725e-06	6.190608e-09	4.159300e+01	3.670593e+02
2.120000e-06	5.804338e-06	6.155274e-09	4.126323e+01	3.658377e+02
2.130000e-06	5.756405e-06	6.238880e-09	4.092247e+01	3.645440e+02
2.140000e-06	5.706898e-06	6.076511e-09	4.057052e+01	3.631514e+02
2.150000e-06	5.655536e-06	6.035635e-09	4.020539e+01	3.616400e+02
2.160000e-06	5.602224e-06	6.109799e-09	3.982640e+01	3.600017e+02
2.170000e-06	5.546907e-06	6.050724e-09	3.943315e+01	3.582425e+02
2.180000e-06	5.489992e-06	6.024396e-09	3.902853e+01	3.563793e+02
2.190000e-06	5.431495e-06	5.934958e-09	3.861268e+01	3.544352e+02
2.200000e-06	5.371474e-06	5.984408e-09	3.818599e+01	3.524323e+02
2.210000e-06	5.309911e-06	5.958662e-09	3.774833e+01	3.503855e+02
2.220000e-06	5.246614e-06	5.841147e-09	3.729836e+01	3.482991e+02
2.230000e-06	5.181791e-06	5.844228e-09	3.683752e+01	3.461663e+02
2.240000e-06	5.115406e-06	5.793097e-09	3.636559e+01	3.439723e+02
2.250000e-06	5.047609e-06	5.813586e-09	3.588362e+01	3.416995e+02
2.260000e-06	4.978396e-06	5.734056e-09	3.539158e+01	3.393336e+02
2.270000e-06	4.907462e-06	5.656243e-09	3.488731e+01	3.368676e+02
2.280000e-06	4.835048e-06	5.666917e-09	3.437252e+01	3.343037e+02
2.290000e-06	4.761327e-06	5.607988e-09	3.384843e+01	3.316517e+02
2.300000e-06	4.686303e-06	5.574147e-09	3.331508e+01	3.289258e+02
2.310000e-06	4.609740e-06	5.482125e-09	3.277080e+01	3.261386e+02
2.320000e-06	4.531546e-06	5.467719e-09	3.221491e+01	3.232976e+02
2.330000e-06	4.451997e-06	5.440470e-09	3.164940e+01	3.204018e+02
2.340000e-06	4.371292e-06	5.356293e-09	3.107566e+01	3.174426e+02
2.350000e-06	4.289503e-06	5.299595e-09	3.049422e+01	3.144061e+02
2.360000e-06	4.206584e-06	5.241234e-09	2.990475e+01	3.112781e+02
2.370000e-06	4.122645e-06	5.234222e-09	2.930802e+01	3.080485e+02
2.380000e-06	4.037602e-06	5.151111e-09	2.870345e+01	3.047145e+02
2.390000e-06	3.951304e-06	5.072831e-09	2.808995e+01	3.012820e+02
2.400000e-06	3.863805e-06	5.029439e-09	2.746791e+01	2.977633e+02
2.410000e-06	3.775294e-06	4.988878e-09	2.683869e+01	2.941738e+02
2.420000e-06	3.685856e-06	4.924694e-09	2.620287e+01	2.905271e+02
2.430000e-06	3.595413e-06	4.825686e-09	2.555991e+01	2.868305e+02
2.440000e-06	3.504005e-06	4.783998e-09	2.491009e+01	2.830836e+02
2.450000e-06	3.411636e-06	4.737870e-09	2.425343e+01	2.792777e+02
2.460000e-06	3.318355e-06	4.663988e-09	2.359030e+01	2.753988e+02
2.470000e-06	3.224020e-06	4.571463e-09	2.291967e+01	2.714314e+02
2.480000e-06	3.128631e-06	4.510220e-09	2.224154e+01	2.673628e+02
2.490000e-06	3.032408e-06	4.467633e-09	2.155749e+01	2.631860e+02
2.500000e-06	2.935340e-06	4.385499e-09	2.086743e+01	2.589008e+02
2.510000e-06	2.837436e-06	4.291102e-09	2.017143e+01	2.545130e+02
2.520000e-06	2.738713e-06	4.218585e-09	1.946960e+01	2.500313e+02
2.530000e-06	2.639232e-06	4.164405e-09	1.876239e+01	2.454639e+02
2.540000e-06	2.539060e-06	4.077441e-09	1.805026e+01	2.408155e+02
2.550000e-06	2.438080e-06	3.974165e-09	1.733239e+01	2.360856e+02
2.560000e-06	2.336110e-06	3.895738e-09	1.660748e+01	2.312686e+02
2.570000e-06	2.233280e-06	3.835382e-09	1.587646e+01	2.263558e+02
2.580000e-06	2.129777e-06	3.748213e-09	1.514066e+01	2.213381e+02
2.590000e-06	2.025661e-06	3.640756e-09	1.440049e+01	2.162090e+02
2.600000e-06	1.920990e-06	3.555670e-09	1.365638e+01	2.109663e+02
2.610000e-06	1.815766e-06	3.485570e-09	1.290834e+01	2.056123e+02
2.620000e-06	1.710088e-06	3.390526e-09	1.215707e+01	2.001530e+02
2.630000e-06	1.604049e-06	3.272133e-09	1.140324e+01	1.945954e+02
2.640000e-06	1.497659e-06	3.174252e-09	1.064691e+01	1.889449e+02
2.650000e-06	1.390912e-06	3.095381e-09	9.888036e+00	1.832034e+02
2.660000e-06	1.283846e-06	2.997668e-09	9.126907e+00	1.773683e+02
2.670000e-06	1.176411e-06	2.878358e-09	8.363144e+00	1.714336e+02
2.680000e-06	1.068609e-06	2.776292e-09	7.596776e+00	1.653915e+02
2.690000e-06	9.606774e-07	2.691835e-09	6.829488e+00	1.592350e+02
2.700000e-06	8.526906e-07	2.589345e-09	6.061806e+00	1.529601e+02
2.710000e-06	7.445008e-07	2.462004e-09	5.292681e+00	1.465672e+02
2.720000e-06	6.360963e-07	2.345807e-09	4.522030e+00	1.400606e+02
2.730000e-06	5.276122e-07	2.249014e-09	3.750813e+00	1.334474e+02
2.740000e-06	4.190673e-07	2.138235e-09	2.979163e+00	1.267348e+02
2.750000e-06	3.104712e-07	2.008406e-09	2.207150e+00	1.199276e+02
2.760000e-06	2.018691e-07	1.887109e-09	1.435094e+00	1.130268e+02
2.770000e-06	9.320787e-08	1.784469e-09	6.626179e-01	1.060281e+02
2.780000e-06	-1.546523e-08	1.671366e-09	-1.099428e-01	9.892366e+01
2.790000e-06	-1.240806e-07	1.536721e-09	-8.820931e-01	9.170308e+01
2.800000e-06	-2.326637e-07	1.407397e-09	-1.654014e+00	8.435677e+01
2.810000e-06	-3.411870e-07	1.294017e-09	-2.425509e+00	7.687844e+01
2.820000e-06	-4.496325e-07	1.171289e-09	-3.196452e+00	6.926741e+01
2.830000e-06	-5.579993e-07	1.027070e-09	-3.966836e+00	6.152978e+01
2.840000e-06	-6.662612e-07	8.865785e-10	-4.736473e+00	5.367859e+01
2.850000e-06	-7.743970e-07	7.655976e-10	-5.505214e+00	4.573278e+01
2.860000e-06	-8.823679e-07	6.392106e-10	-6.272783e+00	3.771554e+01
2.870000e-06	-9.901404e-07	4.921317e-10	-7.038941e+00	2.965224e+01
2.880000e-06	-1.097700e-06	3.483304e-10	-7.803587e+00	2.156834e+01
2.890000e-06	-1.204986e-06	2.234944e-10	-8.566284e+00	1.348763e+01
2.900000e-06	-1.311973e-06	9.568733e-11	-9.326858e+00	5.430738e+00
2.910000e-06	-1.418631e-06	-5.149147e-11	-1.008510e+01	-2.585784e+00
2.920000e-06	-1.524948e-06	-1.955549e-10	-1.084091e+01	-1.055005e+01
2.930000e-06	-1.630905e-06	-3.192148e-10	-1.159416e+01	-1.845493e+01
2.940000e-06	-1.736411e-06	-4.418975e-10	-1.234420e+01	-2.629772e+01
2.950000e-06	-1.841468e-06	-5.816243e-10	-1.309105e+01	-3.407938e+01
2.960000e-06	-1.946070e-06	-7.202672e-10	-1.383468e+01	-4.180336e+01
2.970000e-06	-2.050125e-06	-8.413908e-10	-1.457440e+01	-4.947422e+01
2.980000e-06	-2.153505e-06	-9.612531e-10	-1.530934e+01	-5.709611e+01
2.990000e-06	-2.256127e-06	-1.096717e-09	-1.603888e+01	-6.467157e+01
3.000000e-06	-2.357979e-06	-1.233039e-09	-1.676295e+01	-7.220065e+01
3.010000e-06	-2.459031e-06	-1.353809e-09	-1.748133e+01	-7.968076e+01
3.020000e-06	-2.559331e-06	-1.471591e-09	-1.819437e+01	-8.710709e+01
3.030000e-06	-2.658893e-06	-1.603363e-09	-1.890216e+01	-9.447356e+01
3.040000e-06	-2.757610e-06	-1.736038e-09	-1.960394e+01	-1.017739e+02
3.050000e-06	-2.855573e-06	-1.849979e-09	-2.030037e+01	-1.090028e+02
3.060000e-06	-2.952808e-06	-1.958858e-09	-2.099161e+01	-1.161563e+02
3.070000e-06	-3.049212e-06	-2.082447e-09	-2.167695e+01	-1.232323e+02
3.080000e-06	-3.144855e-06	-2.211747e-09	-2.235688e+01	-1.302298e+02
3.090000e-06	-3.239664e-06	-2.326857e-09	-2.303088e+01	-1.371485e+02
3.100000e-06	-3.333424e-06	-2.434875e-09	-2.369742e+01	-1.439879e+02
3.110000e-06	-3.426049e-06	-2.554830e-09	-2.435590e+01	-1.507471e+02
3.120000e-06	-3.517538e-06	-2.676940e-09	-2.500629e+01	-1.574245e+02
3.130000e-06	-3.607955e-06	-2.781980e-09	-2.564907e+01	-1.640182e+02
3.140000e-06	-3.697436e-06	-2.880032e-09	-2.628520e+01	-1.705267e+02
3.150000e-06	-3.786000e-06	-2.991494e-09	-2.691480e+01	-1.769488e+02
3.160000e-06	-3.873572e-06	-3.109452e-09	-2.753735e+01	-1.832844e+02
3.170000e-06	-3.960031e-06	-3.214395e-09	-2.815199e+01	-1.895336e+02
3.180000e-06	-4.045276e-06	-3.310419e-09	-2.875800e+01	-1.956961e+02
3.190000e-06	-4.129378e-06	-3.414307e-09	-2.935588e+01	-2.017711e+02
3.200000e-06	-4.212370e-06	-3.521792e-09	-2.994587e+01	-2.077556e+02
3.210000e-06	-4.294288e-06	-3.617061e-09	-3.052824e+01	-2.136456e+02
3.220000e-06	-4.375105e-06	-3.705648e-09	-3.110277e+01	-2.194355e+02
3.230000e-06	-4.454775e-06	-3.803757e-09	-3.166915e+01	-2.251201e+02
3.240000e-06	-4.533192e-06	-3.907227e-09	-3.222661e+01	-2.306956e+02
3.250000e-06	-4.610130e-06	-4.000289e-09	-3.277357e+01	-2.361607e+02
3.260000e-06	-4.685588e-06	-4.083623e-09	-3.331000e+01	-2.415175e+02
3.270000e-06	-4.759617e-06	-4.172259e-09	-3.383628e+01	-2.467707e+02
3.280000e-06	-4.832279e-06	-4.265749e-09	-3.435283e+01	-2.519267e+02
3.290000e-06	-4.903668e-06	-4.350443e-09	-3.486034e+01	-2.569918e+02
3.300000e-06	-4.973610e-06	-4.427721e-09	-3.535756e+01	-2.619701e+02
3.310000e-06	-5.041970e-06	-4.509316e-09	-3.584354e+01	-2.668619e+02
3.320000e-06	-5.108908e-06	-4.595236e-09	-3.631940e+01	-2.716640e+02
3.330000e-06	-5.174501e-06	-4.674570e-09	-3.678570e+01	-2.763694e+02
3.340000e-06	-5.238724e-06	-4.746391e-09	-3.724226e+01	-2.809694e+02
3.350000e-06	-5.301444e-06	-4.820695e-09	-3.768814e+01	-2.854555e+02
3.360000e-06	-5.362463e-06	-4.898998e-09	-3.812192e+01	-2.898211e+02
3.370000e-06	-5.421827e-06	-4.971684e-09	-3.854395e+01	-2.940631e+02
3.380000e-06	-5.479703e-06	-5.037597e-09	-3.895539e+01	-2.981816e+02
3.390000e-06	-5.536120e-06	-5.104019e-09	-3.935646e+01	-3.021797e+02
3.400000e-06	-5.590912e-06	-5.174292e-09	-3.974598e+01	-3.060613e+02
3.410000e-06	-5.643779e-06	-5.240310e-09	-4.012181e+01	-3.098301e+02
3.420000e-06	-5.694716e-06	-5.295829e-09	-4.048393e+01	-3.134882e+02
3.430000e-06	-5.743800e-06	-5.349583e-09	-4.083287e+01	-3.170356e+02
3.440000e-06	-5.790907e-06	-5.408186e-09	-4.116775e+01	-3.204709e+02
3.450000e-06	-5.836308e-06	-5.468044e-09	-4.149051e+01	-3.237925e+02
3.460000e-06	-5.880315e-06	-5.520845e-09	-4.180335e+01	-3.269995e+02
3.470000e-06	-5.922908e-06	-5.570671e-09	-4.210615e+01	-3.300932e+02
3.480000e-06	-5.964031e-06	-5.623795e-09	-4.239849e+01	-3.330766e+02
3.490000e-06	-6.003607e-06	-5.674000e-09	-4.267984e+01	-3.359541e+02
3.500000e-06	-6.041419e-06	-5.716438e-09	-4.294865e+01	-3.387296e+02
3.510000e-06	-6.077403e-06	-5.757596e-09	-4.320446e+01	-3.414054e+02
3.520000e-06	-6.111718e-06	-5.802193e-09	-4.344841e+01	-3.439809e+02
3.530000e-06	-6.144410e-06	-5.846019e-09	-4.368082e+01	-3.464529e+02
3.540000e-06	-6.175438e-06	-5.883674e-09	-4.390139e+01	-3.488164e+02
3.550000e-06	-6.204575e-06	-5.919607e-09	-4.410853e+01	-3.510668e+02
3.560000e-06	-6.231951e-06	-5.957272e-09	-4.430315e+01	-3.532016e+02
3.570000e-06	-6.257736e-06	-5.992127e-09	-4.448645e+01	-3.552223e+02
3.580000e-06	-6.281807e-06	-6.022545e-09	-4.465757e+01	-3.571345e+02
3.590000e-06	-6.304061e-06	-6.051815e-09	-4.481578e+01	-3.589471e+02
3.600000e-06	-6.324453e-06	-6.083189e-09	-4.496075e+01	-3.606696e+02
3.610000e-06	-6.343168e-06	-6.111578e-09	-4.509379e+01	-3.623095e+02
3.620000e-06	-6.360231e-06	-6.134708e-09	-4.521509e+01	-3.638701e+02
3.630000e-06	-6.375520e-06	-6.157146e-09	-4.532378e+01	-3.653493e+02
3.640000e-06	-6.388728e-06	-6.181495e-09	-4.541768e+01	-3.667400e+02
3.650000e-06	-6.399856e-06	-6.204896e-09	-4.549679e+01	-3.680331e+02
3.660000e-06	-6.409224e-06	-6.225306e-09	-4.556339e+01	-3.692199e+02
3.670000e-06	-6.416825e-06	-6.243102e-09	-4.561742e+01	-3.702966e+02
3.680000e-06	-6.422462e-06	-6.259049e-09	-4.565749e+01	-3.712654e+02
3.690000e-06	-6.426205e-06	-6.272186e-09	-4.568410e+01	-3.721351e+02
3.700000e-06	-6.428249e-06	-6.285250e-09	-4.569864e+01	-3.729192e+02
3.710000e-06	-6.428612e-06	-6.297369e-09	-4.570122e+01	-3.736318e+02
