# Temperatura_=_20.0
# Concentracion g/m^3_=_12000.0
# C_Vs_to_Am_M_A/Vsm_=_59384043850.047264
# pendiente_HvsI_1/m_=_3716.3
# ordenada_HvsI_A/m_=_1297.0
# frecuencia_Hz_=_269348.44064959657

Tiempo_(s)	Campo_(V.s)	Magnetizacion_(V.s)	Campo_(kA/m)	Magnetizacion_(A/m)
0.000000e+00	-6.453543e-06	-6.133109e-09	-4.570111e+01	-3.636514e+02
1.000000e-08	-6.451350e-06	-6.140403e-09	-4.568558e+01	-3.642792e+02
2.000000e-08	-6.447290e-06	-6.149417e-09	-4.565682e+01	-3.648481e+02
3.000000e-08	-6.441583e-06	-6.160333e-09	-4.561641e+01	-3.653527e+02
4.000000e-08	-6.434309e-06	-6.169941e-09	-4.556490e+01	-3.657810e+02
5.000000e-08	-6.425278e-06	-6.174291e-09	-4.550095e+01	-3.661184e+02
6.000000e-08	-6.414271e-06	-6.179082e-09	-4.542300e+01	-3.663534e+02
7.000000e-08	-6.401332e-06	-6.182420e-09	-4.533137e+01	-3.664817e+02
8.000000e-08	-6.386235e-06	-6.164756e-09	-4.522446e+01	-3.665093e+02
9.000000e-08	-6.368765e-06	-6.145626e-09	-4.510075e+01	-3.664515e+02
1.000000e-07	-6.349235e-06	-6.152018e-09	-4.496244e+01	-3.663292e+02
1.100000e-07	-6.327920e-06	-6.169999e-09	-4.481150e+01	-3.661630e+02
1.200000e-07	-6.305038e-06	-6.194069e-09	-4.464946e+01	-3.659667e+02
1.300000e-07	-6.280900e-06	-6.180301e-09	-4.447852e+01	-3.657427e+02
1.400000e-07	-6.255333e-06	-6.147406e-09	-4.429747e+01	-3.654804e+02
1.500000e-07	-6.228009e-06	-6.157971e-09	-4.410397e+01	-3.651581e+02
1.600000e-07	-6.199116e-06	-6.155771e-09	-4.389937e+01	-3.647489e+02
1.700000e-07	-6.168710e-06	-6.128071e-09	-4.368405e+01	-3.642275e+02
1.800000e-07	-6.136585e-06	-6.105322e-09	-4.345655e+01	-3.635775e+02
1.900000e-07	-6.102748e-06	-6.076620e-09	-4.321693e+01	-3.627960e+02
2.000000e-07	-6.067271e-06	-6.075943e-09	-4.296570e+01	-3.618945e+02
2.100000e-07	-6.030135e-06	-6.084668e-09	-4.270272e+01	-3.608965e+02
2.200000e-07	-5.991364e-06	-6.049635e-09	-4.242816e+01	-3.598304e+02
2.300000e-07	-5.950869e-06	-6.017485e-09	-4.214140e+01	-3.587229e+02
2.400000e-07	-5.908411e-06	-6.006573e-09	-4.184072e+01	-3.575916e+02
2.500000e-07	-5.864117e-06	-6.002493e-09	-4.152706e+01	-3.564412e+02
2.600000e-07	-5.818199e-06	-5.980038e-09	-4.120188e+01	-3.552625e+02
2.700000e-07	-5.770660e-06	-5.927005e-09	-4.086524e+01	-3.540362e+02
2.800000e-07	-5.721254e-06	-5.911986e-09	-4.051536e+01	-3.527381e+02
2.900000e-07	-5.669624e-06	-5.915491e-09	-4.014974e+01	-3.513462e+02
3.000000e-07	-5.616039e-06	-5.872441e-09	-3.977028e+01	-3.498465e+02
3.100000e-07	-5.560925e-06	-5.829681e-09	-3.937998e+01	-3.482354e+02
3.200000e-07	-5.504241e-06	-5.814366e-09	-3.897857e+01	-3.465202e+02
3.300000e-07	-5.445778e-06	-5.794360e-09	-3.856457e+01	-3.447153e+02
3.400000e-07	-5.385664e-06	-5.756378e-09	-3.813886e+01	-3.428376e+02
3.500000e-07	-5.324109e-06	-5.713594e-09	-3.770296e+01	-3.409013e+02
3.600000e-07	-5.261096e-06	-5.678160e-09	-3.725673e+01	-3.389136e+02
3.700000e-07	-5.196530e-06	-5.647435e-09	-3.679950e+01	-3.368742e+02
3.800000e-07	-5.130205e-06	-5.618798e-09	-3.632982e+01	-3.347752e+02
3.900000e-07	-5.062219e-06	-5.573099e-09	-3.584837e+01	-3.326053e+02
4.000000e-07	-4.992848e-06	-5.530407e-09	-3.535712e+01	-3.303533e+02
4.100000e-07	-4.922158e-06	-5.503684e-09	-3.485652e+01	-3.280113e+02
4.200000e-07	-4.850196e-06	-5.463095e-09	-3.434692e+01	-3.255772e+02
4.300000e-07	-4.776757e-06	-5.412206e-09	-3.382686e+01	-3.230543e+02
4.400000e-07	-4.701609e-06	-5.363872e-09	-3.329469e+01	-3.204494e+02
4.500000e-07	-4.624936e-06	-5.324089e-09	-3.275173e+01	-3.177699e+02
4.600000e-07	-4.546851e-06	-5.281667e-09	-3.219876e+01	-3.150213e+02
4.700000e-07	-4.467353e-06	-5.229873e-09	-3.163580e+01	-3.122050e+02
4.800000e-07	-4.386475e-06	-5.180449e-09	-3.106306e+01	-3.093181e+02
4.900000e-07	-4.304307e-06	-5.138046e-09	-3.048118e+01	-3.063550e+02
5.000000e-07	-4.221059e-06	-5.091571e-09	-2.989166e+01	-3.033092e+02
5.100000e-07	-4.136899e-06	-5.031892e-09	-2.929567e+01	-3.001761e+02
5.200000e-07	-4.051817e-06	-4.971278e-09	-2.869316e+01	-2.969547e+02
5.300000e-07	-3.965689e-06	-4.918926e-09	-2.808324e+01	-2.936480e+02
5.400000e-07	-3.878602e-06	-4.867065e-09	-2.746653e+01	-2.902621e+02
5.500000e-07	-3.790603e-06	-4.808929e-09	-2.684335e+01	-2.868045e+02
5.600000e-07	-3.701481e-06	-4.747101e-09	-2.621223e+01	-2.832817e+02
5.700000e-07	-3.611090e-06	-4.691396e-09	-2.557212e+01	-2.796974e+02
5.800000e-07	-3.519539e-06	-4.635718e-09	-2.492380e+01	-2.760517e+02
5.900000e-07	-3.427100e-06	-4.568441e-09	-2.426919e+01	-2.723413e+02
6.000000e-07	-3.333804e-06	-4.498262e-09	-2.360851e+01	-2.685608e+02
6.100000e-07	-3.239546e-06	-4.433720e-09	-2.294102e+01	-2.647044e+02
6.200000e-07	-3.144409e-06	-4.371154e-09	-2.226730e+01	-2.607674e+02
6.300000e-07	-3.048431e-06	-4.301056e-09	-2.158762e+01	-2.567468e+02
6.400000e-07	-2.951518e-06	-4.230797e-09	-2.090133e+01	-2.526414e+02
6.500000e-07	-2.853599e-06	-4.165486e-09	-2.020791e+01	-2.484509e+02
6.600000e-07	-2.754666e-06	-4.097060e-09	-1.950732e+01	-2.441743e+02
6.700000e-07	-2.654822e-06	-4.020703e-09	-1.880026e+01	-2.398095e+02
6.800000e-07	-2.554262e-06	-3.940311e-09	-1.808814e+01	-2.353525e+02
6.900000e-07	-2.452997e-06	-3.863702e-09	-1.737103e+01	-2.307982e+02
7.000000e-07	-2.350849e-06	-3.786439e-09	-1.664766e+01	-2.261413e+02
7.100000e-07	-2.248014e-06	-3.703950e-09	-1.591943e+01	-2.213780e+02
7.200000e-07	-2.144715e-06	-3.619538e-09	-1.518791e+01	-2.165071e+02
7.300000e-07	-2.040802e-06	-3.538489e-09	-1.445204e+01	-2.115303e+02
7.400000e-07	-1.936187e-06	-3.457547e-09	-1.371121e+01	-2.064518e+02
7.500000e-07	-1.830940e-06	-3.369693e-09	-1.296590e+01	-2.012769e+02
7.600000e-07	-1.725164e-06	-3.279014e-09	-1.221684e+01	-1.960101e+02
7.700000e-07	-1.618829e-06	-3.191080e-09	-1.146382e+01	-1.906535e+02
7.800000e-07	-1.511847e-06	-3.102226e-09	-1.070623e+01	-1.852059e+02
7.900000e-07	-1.404392e-06	-3.006727e-09	-9.945275e+00	-1.796628e+02
8.000000e-07	-1.296627e-06	-2.907598e-09	-9.182135e+00	-1.740177e+02
8.100000e-07	-1.188532e-06	-2.812216e-09	-8.416650e+00	-1.682639e+02
8.200000e-07	-1.080176e-06	-2.716294e-09	-7.649322e+00	-1.623962e+02
8.300000e-07	-9.716297e-07	-2.615197e-09	-6.880647e+00	-1.564128e+02
8.400000e-07	-8.628818e-07	-2.513656e-09	-6.110543e+00	-1.503158e+02
8.500000e-07	-7.539621e-07	-2.414065e-09	-5.339223e+00	-1.441106e+02
8.600000e-07	-6.448763e-07	-2.311518e-09	-4.566726e+00	-1.378045e+02
8.700000e-07	-5.356535e-07	-2.201136e-09	-3.793259e+00	-1.314050e+02
8.800000e-07	-4.263735e-07	-2.088191e-09	-3.019387e+00	-1.249178e+02
8.900000e-07	-3.170337e-07	-1.979727e-09	-2.245091e+00	-1.183453e+02
9.000000e-07	-2.076496e-07	-1.871911e-09	-1.470481e+00	-1.116863e+02
9.100000e-07	-9.824842e-08	-1.759277e-09	-6.957514e-01	-1.049360e+02
9.200000e-07	1.118298e-08	-1.644424e-09	7.919283e-02	-9.808713e+01
9.300000e-07	1.205786e-07	-1.531073e-09	8.538836e-01	-9.113159e+01
9.400000e-07	2.299401e-07	-1.414824e-09	1.628333e+00	-8.406159e+01
9.500000e-07	3.393047e-07	-1.290678e-09	2.402804e+00	-7.687126e+01
9.600000e-07	4.485965e-07	-1.164314e-09	3.176760e+00	-6.955776e+01
9.700000e-07	5.577933e-07	-1.041524e-09	3.950043e+00	-6.212228e+01
9.800000e-07	6.668916e-07	-9.194160e-10	4.722628e+00	-5.457081e+01
9.900000e-07	7.758373e-07	-7.916116e-10	5.494133e+00	-4.691469e+01
1.000000e-06	8.845964e-07	-6.592172e-10	6.264316e+00	-3.917085e+01
1.010000e-06	9.931982e-07	-5.277173e-10	7.033386e+00	-3.136143e+01
1.020000e-06	1.101656e-06	-3.974962e-10	7.801438e+00	-2.351271e+01
1.030000e-06	1.209873e-06	-2.650607e-10	8.567780e+00	-1.565309e+01
1.040000e-06	1.317814e-06	-1.317197e-10	9.332170e+00	-7.810406e+00
1.050000e-06	1.425492e-06	-1.032920e-12	1.009470e+01	-8.837356e-03
1.060000e-06	1.532792e-06	1.269519e-10	1.085455e+01	7.733867e+00
1.070000e-06	1.639570e-06	2.548053e-10	1.161070e+01	1.540825e+01
1.080000e-06	1.745717e-06	3.831007e-10	1.236239e+01	2.301353e+01
1.090000e-06	1.851233e-06	5.092063e-10	1.310960e+01	3.055622e+01
1.100000e-06	1.956174e-06	6.347779e-10	1.385275e+01	3.804730e+01
1.110000e-06	2.060525e-06	7.632429e-10	1.459171e+01	4.549846e+01
1.120000e-06	2.164300e-06	8.900750e-10	1.532661e+01	5.291837e+01
1.130000e-06	2.267496e-06	1.012226e-09	1.605740e+01	6.030997e+01
1.140000e-06	2.370032e-06	1.132810e-09	1.678351e+01	6.766934e+01
1.150000e-06	2.471840e-06	1.254853e-09	1.750446e+01	7.498654e+01
1.160000e-06	2.572947e-06	1.376312e-09	1.822046e+01	8.224814e+01
1.170000e-06	2.673396e-06	1.494296e-09	1.893180e+01	8.944050e+01
1.180000e-06	2.773121e-06	1.610983e-09	1.963801e+01	9.655303e+01
1.190000e-06	2.871949e-06	1.731401e-09	2.033786e+01	1.035804e+02
1.200000e-06	2.969660e-06	1.851827e-09	2.102981e+01	1.105230e+02
1.210000e-06	3.066343e-06	1.966925e-09	2.171447e+01	1.173856e+02
1.220000e-06	3.162209e-06	2.077852e-09	2.239335e+01	1.241754e+02
1.230000e-06	3.257167e-06	2.191546e-09	2.306580e+01	1.308983e+02
1.240000e-06	3.351198e-06	2.304888e-09	2.373168e+01	1.375571e+02
1.250000e-06	3.444331e-06	2.411336e-09	2.439122e+01	1.441504e+02
1.260000e-06	3.536626e-06	2.516518e-09	2.504480e+01	1.506725e+02
1.270000e-06	3.627994e-06	2.626400e-09	2.569183e+01	1.571160e+02
1.280000e-06	3.718107e-06	2.738485e-09	2.632997e+01	1.634737e+02
1.290000e-06	3.807005e-06	2.844995e-09	2.695951e+01	1.697412e+02
1.300000e-06	3.894879e-06	2.947779e-09	2.758179e+01	1.759181e+02
1.310000e-06	3.981700e-06	3.049951e-09	2.819662e+01	1.820078e+02
1.320000e-06	4.067476e-06	3.151237e-09	2.880405e+01	1.880159e+02
1.330000e-06	4.152259e-06	3.248193e-09	2.940444e+01	1.939476e+02
1.340000e-06	4.236075e-06	3.343653e-09	2.999799e+01	1.998057e+02
1.350000e-06	4.318749e-06	3.441479e-09	3.058345e+01	2.055882e+02
1.360000e-06	4.400202e-06	3.541173e-09	3.116026e+01	2.112890e+02
1.370000e-06	4.480467e-06	3.637489e-09	3.172867e+01	2.168988e+02
1.380000e-06	4.559447e-06	3.729246e-09	3.228797e+01	2.224075e+02
1.390000e-06	4.637138e-06	3.819204e-09	3.283814e+01	2.278075e+02
1.400000e-06	4.713566e-06	3.907519e-09	3.337937e+01	2.330952e+02
1.410000e-06	4.788598e-06	3.993917e-09	3.391071e+01	2.382726e+02
1.420000e-06	4.862020e-06	4.077596e-09	3.443065e+01	2.433458e+02
1.430000e-06	4.933902e-06	4.160607e-09	3.493969e+01	2.483232e+02
1.440000e-06	5.004381e-06	4.244911e-09	3.543879e+01	2.532128e+02
1.450000e-06	5.073547e-06	4.328873e-09	3.592859e+01	2.580190e+02
1.460000e-06	5.141445e-06	4.406888e-09	3.640942e+01	2.627416e+02
1.470000e-06	5.207787e-06	4.482320e-09	3.687922e+01	2.673755e+02
1.480000e-06	5.272450e-06	4.558063e-09	3.733714e+01	2.719122e+02
1.490000e-06	5.335652e-06	4.633098e-09	3.778471e+01	2.763424e+02
1.500000e-06	5.397421e-06	4.705411e-09	3.822212e+01	2.806581e+02
1.510000e-06	5.457843e-06	4.776903e-09	3.865001e+01	2.848551e+02
1.520000e-06	5.516746e-06	4.848490e-09	3.906713e+01	2.889329e+02
1.530000e-06	5.573826e-06	4.915290e-09	3.947134e+01	2.928945e+02
1.540000e-06	5.629180e-06	4.977849e-09	3.986334e+01	2.967441e+02
1.550000e-06	5.682882e-06	5.039585e-09	4.024363e+01	3.004851e+02
1.560000e-06	5.734764e-06	5.100986e-09	4.061104e+01	3.041191e+02
1.570000e-06	5.784607e-06	5.157969e-09	4.096400e+01	3.076446e+02
1.580000e-06	5.832543e-06	5.213293e-09	4.130346e+01	3.110585e+02
1.590000e-06	5.878844e-06	5.270097e-09	4.163135e+01	3.143576e+02
1.600000e-06	5.923636e-06	5.328578e-09	4.194854e+01	3.175403e+02
1.610000e-06	5.966767e-06	5.383511e-09	4.225398e+01	3.206084e+02
1.620000e-06	6.008033e-06	5.431602e-09	4.254621e+01	3.235669e+02
1.630000e-06	6.047572e-06	5.478154e-09	4.282620e+01	3.264231e+02
1.640000e-06	6.085553e-06	5.525545e-09	4.309517e+01	3.291841e+02
1.650000e-06	6.122044e-06	5.570543e-09	4.335358e+01	3.318542e+02
1.660000e-06	6.156856e-06	5.610726e-09	4.360010e+01	3.344335e+02
1.670000e-06	6.189756e-06	5.649224e-09	4.383308e+01	3.369172e+02
1.680000e-06	6.220931e-06	5.687915e-09	4.405385e+01	3.392966e+02
1.690000e-06	6.250542e-06	5.726236e-09	4.426354e+01	3.415625e+02
1.700000e-06	6.278599e-06	5.764231e-09	4.446223e+01	3.437079e+02
1.710000e-06	6.304846e-06	5.799547e-09	4.464810e+01	3.457312e+02
1.720000e-06	6.329111e-06	5.831245e-09	4.481993e+01	3.476374e+02
1.730000e-06	6.351623e-06	5.860800e-09	4.497935e+01	3.494373e+02
1.740000e-06	6.372586e-06	5.887536e-09	4.512781e+01	3.511453e+02
1.750000e-06	6.391986e-06	5.911394e-09	4.526519e+01	3.527748e+02
1.760000e-06	6.409515e-06	5.936052e-09	4.538932e+01	3.543349e+02
1.770000e-06	6.425047e-06	5.961313e-09	4.549931e+01	3.558277e+02
1.780000e-06	6.438764e-06	5.985219e-09	4.559645e+01	3.572476e+02
1.790000e-06	6.450515e-06	6.007337e-09	4.567966e+01	3.585836e+02
1.800000e-06	6.460082e-06	6.028156e-09	4.574741e+01	3.598228e+02
1.810000e-06	6.467737e-06	6.048130e-09	4.580162e+01	3.609550e+02
1.820000e-06	6.473724e-06	6.064797e-09	4.584402e+01	3.619763e+02
1.830000e-06	6.477956e-06	6.079539e-09	4.587399e+01	3.628906e+02
1.840000e-06	6.480221e-06	6.095876e-09	4.589002e+01	3.637088e+02
1.850000e-06	6.480584e-06	6.112808e-09	4.589260e+01	3.644454e+02
1.860000e-06	6.479206e-06	6.126195e-09	4.588284e+01	3.651138e+02
1.870000e-06	6.476179e-06	6.133513e-09	4.586141e+01	3.657224e+02
1.880000e-06	6.471464e-06	6.138123e-09	4.582802e+01	3.662709e+02
1.890000e-06	6.464881e-06	6.145520e-09	4.578140e+01	3.667512e+02
1.900000e-06	6.456579e-06	6.152792e-09	4.572261e+01	3.671497e+02
1.910000e-06	6.446664e-06	6.156471e-09	4.565239e+01	3.674525e+02
1.920000e-06	6.435041e-06	6.157836e-09	4.557009e+01	3.676501e+02
1.930000e-06	6.421484e-06	6.181954e-09	4.547408e+01	3.677421e+02
1.940000e-06	6.405819e-06	6.209569e-09	4.536315e+01	3.677382e+02
1.950000e-06	6.387818e-06	6.203339e-09	4.523567e+01	3.676563e+02
1.960000e-06	6.367152e-06	6.169794e-09	4.508932e+01	3.675180e+02
1.970000e-06	6.344306e-06	6.126308e-09	4.492754e+01	3.673421e+02
1.980000e-06	6.320401e-06	6.141022e-09	4.475826e+01	3.671385e+02
1.990000e-06	6.295767e-06	6.170765e-09	4.458381e+01	3.669048e+02
2.000000e-06	6.269621e-06	6.151093e-09	4.439865e+01	3.666256e+02
2.010000e-06	6.241808e-06	6.152858e-09	4.420169e+01	3.662767e+02
2.020000e-06	6.212574e-06	6.165492e-09	4.399467e+01	3.658307e+02
2.030000e-06	6.181254e-06	6.159658e-09	4.377288e+01	3.652650e+02
2.040000e-06	6.147829e-06	6.171576e-09	4.353618e+01	3.645679e+02
2.050000e-06	6.112989e-06	6.131498e-09	4.328946e+01	3.637420e+02
2.060000e-06	6.076511e-06	6.078082e-09	4.303114e+01	3.628039e+02
2.070000e-06	6.038112e-06	6.109637e-09	4.275921e+01	3.617796e+02
2.080000e-06	5.997951e-06	6.100012e-09	4.247481e+01	3.606979e+02
2.090000e-06	5.956021e-06	6.045986e-09	4.217788e+01	3.595827e+02
2.100000e-06	5.912672e-06	6.022872e-09	4.187090e+01	3.584472e+02
2.110000e-06	5.867847e-06	6.023171e-09	4.155347e+01	3.572906e+02
2.120000e-06	5.821213e-06	6.038298e-09	4.122323e+01	3.560994e+02
2.130000e-06	5.773029e-06	5.983885e-09	4.088201e+01	3.548517e+02
2.140000e-06	5.723109e-06	5.942605e-09	4.052850e+01	3.535234e+02
2.150000e-06	5.671282e-06	5.964118e-09	4.016149e+01	3.520949e+02
2.160000e-06	5.617506e-06	5.925541e-09	3.978066e+01	3.505559e+02
2.170000e-06	5.561825e-06	5.876697e-09	3.938636e+01	3.489071e+02
2.180000e-06	5.504544e-06	5.836499e-09	3.898072e+01	3.471590e+02
2.190000e-06	5.445737e-06	5.828628e-09	3.856428e+01	3.453275e+02
2.200000e-06	5.385419e-06	5.829034e-09	3.813713e+01	3.434292e+02
2.210000e-06	5.323375e-06	5.768959e-09	3.769776e+01	3.414758e+02
2.220000e-06	5.259632e-06	5.738242e-09	3.724636e+01	3.394720e+02
2.230000e-06	5.194352e-06	5.710201e-09	3.678408e+01	3.374140e+02
2.240000e-06	5.127566e-06	5.675102e-09	3.631113e+01	3.352926e+02
2.250000e-06	5.059468e-06	5.628833e-09	3.582889e+01	3.330958e+02
2.260000e-06	4.989766e-06	5.568532e-09	3.533529e+01	3.308133e+02
2.270000e-06	4.918344e-06	5.553029e-09	3.482951e+01	3.284394e+02
2.280000e-06	4.845495e-06	5.517768e-09	3.431363e+01	3.259741e+02
2.290000e-06	4.771303e-06	5.476033e-09	3.378823e+01	3.234222e+02
2.300000e-06	4.695779e-06	5.428213e-09	3.325341e+01	3.207912e+02
2.310000e-06	4.618648e-06	5.382247e-09	3.270720e+01	3.180881e+02
2.320000e-06	4.539976e-06	5.349107e-09	3.215008e+01	3.153168e+02
2.330000e-06	4.460042e-06	5.280894e-09	3.158402e+01	3.124772e+02
2.340000e-06	4.378958e-06	5.226604e-09	3.100983e+01	3.095652e+02
2.350000e-06	4.296757e-06	5.178322e-09	3.042771e+01	3.065744e+02
2.360000e-06	4.213483e-06	5.140604e-09	2.983800e+01	3.034990e+02
2.370000e-06	4.129148e-06	5.086666e-09	2.924078e+01	3.003354e+02
2.380000e-06	4.043508e-06	5.017458e-09	2.863432e+01	2.970841e+02
2.390000e-06	3.956595e-06	4.967474e-09	2.801884e+01	2.937495e+02
2.400000e-06	3.868616e-06	4.912139e-09	2.739581e+01	2.903386e+02
2.410000e-06	3.779656e-06	4.857084e-09	2.676584e+01	2.868586e+02
2.420000e-06	3.689756e-06	4.786482e-09	2.612920e+01	2.833152e+02
2.430000e-06	3.598950e-06	4.728334e-09	2.548616e+01	2.797107e+02
2.440000e-06	3.507230e-06	4.676342e-09	2.483664e+01	2.760439e+02
2.450000e-06	3.414460e-06	4.611466e-09	2.417968e+01	2.723106e+02
2.460000e-06	3.320583e-06	4.538026e-09	2.351488e+01	2.685050e+02
2.470000e-06	3.225645e-06	4.467708e-09	2.284258e+01	2.646216e+02
2.480000e-06	3.129749e-06	4.412415e-09	2.216348e+01	2.606561e+02
2.490000e-06	3.033061e-06	4.344599e-09	2.147878e+01	2.566065e+02
2.500000e-06	2.935554e-06	4.269519e-09	2.078828e+01	2.524719e+02
2.510000e-06	2.837128e-06	4.198558e-09	2.009127e+01	2.482519e+02
2.520000e-06	2.737903e-06	4.135931e-09	1.938861e+01	2.439453e+02
2.530000e-06	2.638072e-06	4.063238e-09	1.868164e+01	2.395492e+02
2.540000e-06	2.537453e-06	3.977531e-09	1.796911e+01	2.350590e+02
2.550000e-06	2.435740e-06	3.897812e-09	1.724882e+01	2.304695e+02
2.560000e-06	2.333086e-06	3.824827e-09	1.652187e+01	2.257757e+02
2.570000e-06	2.229761e-06	3.745268e-09	1.579017e+01	2.209747e+02
2.580000e-06	2.125814e-06	3.653261e-09	1.505406e+01	2.160664e+02
2.590000e-06	2.021252e-06	3.569240e-09	1.431360e+01	2.110536e+02
2.600000e-06	1.916136e-06	3.492860e-09	1.356922e+01	2.059410e+02
2.610000e-06	1.810535e-06	3.408694e-09	1.282140e+01	2.007339e+02
2.620000e-06	1.704488e-06	3.310303e-09	1.207042e+01	1.954360e+02
2.630000e-06	1.597981e-06	3.214448e-09	1.131619e+01	1.900483e+02
2.640000e-06	1.491095e-06	3.127763e-09	1.055927e+01	1.845683e+02
2.650000e-06	1.383952e-06	3.036412e-09	9.800530e+00	1.789905e+02
2.660000e-06	1.276511e-06	2.931700e-09	9.039680e+00	1.733080e+02
2.670000e-06	1.168701e-06	2.827845e-09	8.276221e+00	1.675146e+02
2.680000e-06	1.060611e-06	2.735136e-09	7.510775e+00	1.616062e+02
2.690000e-06	9.523811e-07	2.638072e-09	6.744338e+00	1.555825e+02
2.700000e-06	8.440391e-07	2.530335e-09	5.977108e+00	1.494468e+02
2.710000e-06	7.355200e-07	2.419681e-09	5.208624e+00	1.432055e+02
2.720000e-06	6.268108e-07	2.318856e-09	4.438794e+00	1.368663e+02
2.730000e-06	5.180119e-07	2.216738e-09	3.668329e+00	1.304361e+02
2.740000e-06	4.091379e-07	2.102110e-09	2.897332e+00	1.239195e+02
2.750000e-06	3.001910e-07	1.983587e-09	2.125818e+00	1.173176e+02
2.760000e-06	1.912100e-07	1.870357e-09	1.354064e+00	1.106277e+02
2.770000e-06	8.217078e-08	1.757678e-09	5.818967e-01	1.038441e+02
2.780000e-06	-2.691749e-08	1.637395e-09	-1.906176e-01	9.695887e+01
2.790000e-06	-1.359923e-07	1.517124e-09	-9.630368e-01	8.996393e+01
2.800000e-06	-2.450044e-07	1.403024e-09	-1.735011e+00	8.285204e+01
2.810000e-06	-3.539183e-07	1.289695e-09	-2.506291e+00	7.561834e+01
2.820000e-06	-4.627179e-07	1.165006e-09	-3.276762e+00	6.826141e+01
2.830000e-06	-5.714241e-07	1.032110e-09	-4.046570e+00	6.078413e+01
2.840000e-06	-6.799838e-07	9.008792e-10	-4.815341e+00	5.319448e+01
2.850000e-06	-7.883655e-07	7.723438e-10	-5.582852e+00	4.550586e+01
2.860000e-06	-8.966154e-07	6.378027e-10	-6.349429e+00	3.773726e+01
2.870000e-06	-1.004718e-06	4.991109e-10	-7.114966e+00	2.991255e+01
2.880000e-06	-1.112618e-06	3.686660e-10	-7.879067e+00	2.205906e+01
2.890000e-06	-1.220296e-06	2.452134e-10	-8.641592e+00	1.420535e+01
2.900000e-06	-1.327750e-06	1.164182e-10	-9.402532e+00	6.378225e+00
2.910000e-06	-1.434854e-06	-2.086890e-11	-1.016099e+01	-1.400245e+00
2.920000e-06	-1.541588e-06	-1.548238e-10	-1.091684e+01	-9.115279e+00
2.930000e-06	-1.647986e-06	-2.807057e-10	-1.167030e+01	-1.676072e+01
2.940000e-06	-1.753928e-06	-4.081852e-10	-1.242053e+01	-2.433876e+01
2.950000e-06	-1.859397e-06	-5.418578e-10	-1.316742e+01	-3.185800e+01
2.960000e-06	-1.964375e-06	-6.702563e-10	-1.391083e+01	-3.933014e+01
2.970000e-06	-2.068755e-06	-7.910331e-10	-1.465000e+01	-4.676614e+01
2.980000e-06	-2.172550e-06	-9.130396e-10	-1.538502e+01	-5.417278e+01
2.990000e-06	-2.275747e-06	-1.039834e-09	-1.611582e+01	-6.155042e+01
3.000000e-06	-2.378080e-06	-1.165064e-09	-1.684050e+01	-6.889271e+01
3.010000e-06	-2.479418e-06	-1.286370e-09	-1.755813e+01	-7.618804e+01
3.020000e-06	-2.579927e-06	-1.410493e-09	-1.826989e+01	-8.342249e+01
3.030000e-06	-2.679724e-06	-1.538491e-09	-1.897661e+01	-9.058322e+01
3.040000e-06	-2.778782e-06	-1.661349e-09	-1.967809e+01	-9.766144e+01
3.050000e-06	-2.877036e-06	-1.775238e-09	-2.037388e+01	-1.046540e+02
3.060000e-06	-2.974488e-06	-1.887105e-09	-2.106399e+01	-1.115632e+02
3.070000e-06	-3.071111e-06	-2.003285e-09	-2.174823e+01	-1.183950e+02
3.080000e-06	-3.166985e-06	-2.120060e-09	-2.242717e+01	-1.251564e+02
3.090000e-06	-3.262079e-06	-2.232252e-09	-2.310059e+01	-1.318525e+02
3.100000e-06	-3.356125e-06	-2.343545e-09	-2.376658e+01	-1.384845e+02
3.110000e-06	-3.448995e-06	-2.459157e-09	-2.442424e+01	-1.450492e+02
3.120000e-06	-3.540800e-06	-2.572876e-09	-2.507437e+01	-1.515400e+02
3.130000e-06	-3.631578e-06	-2.676068e-09	-2.571721e+01	-1.579494e+02
3.140000e-06	-3.721305e-06	-2.777445e-09	-2.635262e+01	-1.642709e+02
3.150000e-06	-3.810024e-06	-2.883710e-09	-2.698088e+01	-1.705016e+02
3.160000e-06	-3.897801e-06	-2.991014e-09	-2.760249e+01	-1.766425e+02
3.170000e-06	-3.984586e-06	-3.094466e-09	-2.821706e+01	-1.826983e+02
3.180000e-06	-4.070122e-06	-3.195102e-09	-2.882279e+01	-1.886745e+02
3.190000e-06	-4.154429e-06	-3.297126e-09	-2.941981e+01	-1.945758e+02
3.200000e-06	-4.237643e-06	-3.397340e-09	-3.000909e+01	-2.004033e+02
3.210000e-06	-4.319778e-06	-3.490633e-09	-3.059074e+01	-2.061535e+02
3.220000e-06	-4.400773e-06	-3.581521e-09	-3.116431e+01	-2.118187e+02
3.230000e-06	-4.480663e-06	-3.675524e-09	-3.173005e+01	-2.173890e+02
3.240000e-06	-4.559308e-06	-3.770379e-09	-3.228698e+01	-2.228549e+02
3.250000e-06	-4.636461e-06	-3.860943e-09	-3.283335e+01	-2.282102e+02
3.260000e-06	-4.712106e-06	-3.947957e-09	-3.336903e+01	-2.334534e+02
3.270000e-06	-4.786289e-06	-4.035202e-09	-3.389436e+01	-2.385881e+02
3.280000e-06	-4.859135e-06	-4.122007e-09	-3.441022e+01	-2.436217e+02
3.290000e-06	-4.930725e-06	-4.206092e-09	-3.491719e+01	-2.485627e+02
3.300000e-06	-5.000843e-06	-4.286719e-09	-3.541373e+01	-2.534180e+02
3.310000e-06	-5.069423e-06	-4.365121e-09	-3.589939e+01	-2.581905e+02
3.320000e-06	-5.136576e-06	-4.442180e-09	-3.637493e+01	-2.628780e+02
3.330000e-06	-5.202248e-06	-4.516834e-09	-3.684000e+01	-2.674739e+02
3.340000e-06	-5.266498e-06	-4.591098e-09	-3.729499e+01	-2.719690e+02
3.350000e-06	-5.329278e-06	-4.665802e-09	-3.773956e+01	-2.763543e+02
3.360000e-06	-5.390382e-06	-4.741086e-09	-3.817227e+01	-2.806232e+02
3.370000e-06	-5.449861e-06	-4.814055e-09	-3.859348e+01	-2.847726e+02
3.380000e-06	-5.507857e-06	-4.881396e-09	-3.900418e+01	-2.888037e+02
3.390000e-06	-5.564351e-06	-4.944483e-09	-3.940425e+01	-2.927201e+02
3.400000e-06	-5.619103e-06	-5.006430e-09	-3.979198e+01	-2.965259e+02
3.410000e-06	-5.671937e-06	-5.069344e-09	-4.016612e+01	-3.002241e+02
3.420000e-06	-5.722915e-06	-5.127822e-09	-4.052713e+01	-3.038150e+02
3.430000e-06	-5.771942e-06	-5.183580e-09	-4.087432e+01	-3.072964e+02
3.440000e-06	-5.819032e-06	-5.241046e-09	-4.120778e+01	-3.106649e+02
3.450000e-06	-5.864501e-06	-5.299347e-09	-4.152977e+01	-3.139177e+02
3.460000e-06	-5.908531e-06	-5.351951e-09	-4.184157e+01	-3.170543e+02
3.470000e-06	-5.951098e-06	-5.397877e-09	-4.214301e+01	-3.200779e+02
3.480000e-06	-5.992203e-06	-5.445124e-09	-4.243410e+01	-3.229945e+02
3.490000e-06	-6.031782e-06	-5.495157e-09	-4.271438e+01	-3.258116e+02
3.500000e-06	-6.069562e-06	-5.541827e-09	-4.298193e+01	-3.285354e+02
3.510000e-06	-6.105490e-06	-5.585525e-09	-4.323635e+01	-3.311691e+02
3.520000e-06	-6.139769e-06	-5.629901e-09	-4.347910e+01	-3.337107e+02
3.530000e-06	-6.172438e-06	-5.672371e-09	-4.371045e+01	-3.361537e+02
3.540000e-06	-6.203364e-06	-5.710447e-09	-4.392945e+01	-3.384889e+02
3.550000e-06	-6.232440e-06	-5.746090e-09	-4.413535e+01	-3.407075e+02
3.560000e-06	-6.259754e-06	-5.782585e-09	-4.432878e+01	-3.428043e+02
3.570000e-06	-6.285375e-06	-5.817046e-09	-4.451021e+01	-3.447800e+02
3.580000e-06	-6.309353e-06	-5.848433e-09	-4.468002e+01	-3.466421e+02
3.590000e-06	-6.331543e-06	-5.879889e-09	-4.483715e+01	-3.484032e+02
3.600000e-06	-6.351850e-06	-5.912162e-09	-4.498096e+01	-3.500776e+02
3.610000e-06	-6.370477e-06	-5.940386e-09	-4.511287e+01	-3.516777e+02
3.620000e-06	-6.387446e-06	-5.962879e-09	-4.523304e+01	-3.532101e+02
3.630000e-06	-6.402588e-06	-5.984047e-09	-4.534026e+01	-3.546739e+02
3.640000e-06	-6.415636e-06	-6.006337e-09	-4.543267e+01	-3.560611e+02
3.650000e-06	-6.426644e-06	-6.028634e-09	-4.551062e+01	-3.573596e+02
3.660000e-06	-6.435867e-06	-6.050259e-09	-4.557593e+01	-3.585569e+02
3.670000e-06	-6.443323e-06	-6.072310e-09	-4.562873e+01	-3.596449e+02
3.680000e-06	-6.448812e-06	-6.091431e-09	-4.566760e+01	-3.606225e+02
3.690000e-06	-6.452436e-06	-6.106248e-09	-4.569327e+01	-3.614965e+02
3.700000e-06	-6.454359e-06	-6.118268e-09	-4.570689e+01	-3.622796e+02
3.710000e-06	-6.454508e-06	-6.126719e-09	-4.570794e+01	-3.629866e+02
