# Temperatura_=_20.0
# Concentracion g/m^3_=_12000.0
# C_Vs_to_Am_M_A/Vsm_=_59384043850.047264
# pendiente_HvsI_1/m_=_3716.3
# ordenada_HvsI_A/m_=_1297.0
# frecuencia_Hz_=_269355.55234837247

Tiempo_(s)	Campo_(V.s)	Magnetizacion_(V.s)	Campo_(kA/m)	Magnetizacion_(A/m)
0.000000e+00	-6.443164e-06	-6.355265e-09	-4.570124e+01	-3.767356e+02
1.000000e-08	-6.440806e-06	-6.361955e-09	-4.568452e+01	-3.774103e+02
2.000000e-08	-6.436657e-06	-6.374291e-09	-4.565509e+01	-3.780072e+02
3.000000e-08	-6.430982e-06	-6.386169e-09	-4.561484e+01	-3.785099e+02
4.000000e-08	-6.423708e-06	-6.393505e-09	-4.556324e+01	-3.789028e+02
5.000000e-08	-6.414689e-06	-6.398197e-09	-4.549927e+01	-3.791764e+02
6.000000e-08	-6.403649e-06	-6.406771e-09	-4.542097e+01	-3.793310e+02
7.000000e-08	-6.390654e-06	-6.423683e-09	-4.532879e+01	-3.793778e+02
8.000000e-08	-6.375546e-06	-6.394405e-09	-4.522163e+01	-3.793380e+02
9.000000e-08	-6.358089e-06	-6.322736e-09	-4.509781e+01	-3.792377e+02
1.000000e-07	-6.338563e-06	-6.332036e-09	-4.495931e+01	-3.791021e+02
1.100000e-07	-6.317221e-06	-6.377895e-09	-4.480793e+01	-3.789487e+02
1.200000e-07	-6.294231e-06	-6.422741e-09	-4.464487e+01	-3.787822e+02
1.300000e-07	-6.270006e-06	-6.472995e-09	-4.447304e+01	-3.785928e+02
1.400000e-07	-6.244396e-06	-6.336780e-09	-4.429139e+01	-3.783579e+02
1.500000e-07	-6.216974e-06	-6.316510e-09	-4.409688e+01	-3.780468e+02
1.600000e-07	-6.188088e-06	-6.464901e-09	-4.389200e+01	-3.776282e+02
1.700000e-07	-6.157739e-06	-6.336015e-09	-4.367673e+01	-3.770776e+02
1.800000e-07	-6.125574e-06	-6.253540e-09	-4.344858e+01	-3.763830e+02
1.900000e-07	-6.091739e-06	-6.296003e-09	-4.320859e+01	-3.755476e+02
2.000000e-07	-6.056285e-06	-6.250135e-09	-4.295711e+01	-3.745887e+02
2.100000e-07	-6.019145e-06	-6.325407e-09	-4.269368e+01	-3.735326e+02
2.200000e-07	-5.980405e-06	-6.303710e-09	-4.241890e+01	-3.724084e+02
2.300000e-07	-5.939946e-06	-6.181405e-09	-4.213193e+01	-3.712402e+02
2.400000e-07	-5.897521e-06	-6.222470e-09	-4.183101e+01	-3.700418e+02
2.500000e-07	-5.853270e-06	-6.218607e-09	-4.151713e+01	-3.688141e+02
2.600000e-07	-5.807355e-06	-6.182139e-09	-4.119146e+01	-3.675461e+02
2.700000e-07	-5.759845e-06	-6.126516e-09	-4.085447e+01	-3.662187e+02
2.800000e-07	-5.710469e-06	-6.084133e-09	-4.050425e+01	-3.648106e+02
2.900000e-07	-5.658815e-06	-6.144371e-09	-4.013787e+01	-3.633041e+02
3.000000e-07	-5.605190e-06	-6.103189e-09	-3.975751e+01	-3.616892e+02
3.100000e-07	-5.550003e-06	-6.007645e-09	-3.936607e+01	-3.599658e+02
3.200000e-07	-5.493297e-06	-5.981806e-09	-3.896385e+01	-3.581419e+02
3.300000e-07	-5.434861e-06	-5.999299e-09	-3.854937e+01	-3.562308e+02
3.400000e-07	-5.374760e-06	-5.969204e-09	-3.812307e+01	-3.542466e+02
3.500000e-07	-5.313169e-06	-5.879683e-09	-3.768621e+01	-3.521999e+02
3.600000e-07	-5.250131e-06	-5.867846e-09	-3.723908e+01	-3.500957e+02
3.700000e-07	-5.185637e-06	-5.854004e-09	-3.678162e+01	-3.479325e+02
3.800000e-07	-5.119377e-06	-5.796382e-09	-3.631165e+01	-3.457047e+02
3.900000e-07	-5.051365e-06	-5.744391e-09	-3.582924e+01	-3.434047e+02
4.000000e-07	-4.981966e-06	-5.692093e-09	-3.533699e+01	-3.410263e+02
4.100000e-07	-4.911258e-06	-5.683803e-09	-3.483546e+01	-3.385667e+02
4.200000e-07	-4.839250e-06	-5.647001e-09	-3.432471e+01	-3.360272e+02
4.300000e-07	-4.765882e-06	-5.586332e-09	-3.380431e+01	-3.334118e+02
4.400000e-07	-4.690847e-06	-5.542304e-09	-3.327209e+01	-3.307252e+02
4.500000e-07	-4.614154e-06	-5.502994e-09	-3.272811e+01	-3.279702e+02
4.600000e-07	-4.536054e-06	-5.454738e-09	-3.217415e+01	-3.251457e+02
4.700000e-07	-4.456687e-06	-5.384724e-09	-3.161120e+01	-3.222467e+02
4.800000e-07	-4.375913e-06	-5.345873e-09	-3.103827e+01	-3.192653e+02
4.900000e-07	-4.293816e-06	-5.308155e-09	-3.045596e+01	-3.161930e+02
5.000000e-07	-4.210678e-06	-5.251834e-09	-2.986626e+01	-3.130237e+02
5.100000e-07	-4.126561e-06	-5.188970e-09	-2.926962e+01	-3.097562e+02
5.200000e-07	-4.041533e-06	-5.132923e-09	-2.866652e+01	-3.063946e+02
5.300000e-07	-3.955517e-06	-5.084219e-09	-2.805641e+01	-3.029482e+02
5.400000e-07	-3.868534e-06	-5.018436e-09	-2.743944e+01	-2.994284e+02
5.500000e-07	-3.780519e-06	-4.955878e-09	-2.681515e+01	-2.958464e+02
5.600000e-07	-3.691405e-06	-4.899831e-09	-2.618306e+01	-2.922092e+02
5.700000e-07	-3.601211e-06	-4.843434e-09	-2.554333e+01	-2.885186e+02
5.800000e-07	-3.509825e-06	-4.774255e-09	-2.489512e+01	-2.847698e+02
5.900000e-07	-3.417473e-06	-4.700264e-09	-2.424008e+01	-2.809536e+02
6.000000e-07	-3.324315e-06	-4.639711e-09	-2.357931e+01	-2.770585e+02
6.100000e-07	-3.230225e-06	-4.580369e-09	-2.291193e+01	-2.730739e+02
6.200000e-07	-3.135158e-06	-4.509791e-09	-2.223762e+01	-2.689923e+02
6.300000e-07	-3.039126e-06	-4.434273e-09	-2.155647e+01	-2.648111e+02
6.400000e-07	-2.942224e-06	-4.368708e-09	-2.086914e+01	-2.605322e+02
6.500000e-07	-2.844538e-06	-4.301398e-09	-2.017626e+01	-2.561600e+02
6.600000e-07	-2.745851e-06	-4.219145e-09	-1.947627e+01	-2.516995e+02
6.700000e-07	-2.646082e-06	-4.132975e-09	-1.876861e+01	-2.471539e+02
6.800000e-07	-2.545555e-06	-4.059645e-09	-1.805557e+01	-2.425228e+02
6.900000e-07	-2.444319e-06	-3.990352e-09	-1.733751e+01	-2.378024e+02
7.000000e-07	-2.342345e-06	-3.907080e-09	-1.661421e+01	-2.329862e+02
7.100000e-07	-2.239767e-06	-3.817847e-09	-1.588663e+01	-2.280670e+02
7.200000e-07	-2.136606e-06	-3.736695e-09	-1.515490e+01	-2.230389e+02
7.300000e-07	-2.032671e-06	-3.656821e-09	-1.441770e+01	-2.178987e+02
7.400000e-07	-1.927999e-06	-3.564923e-09	-1.367526e+01	-2.126462e+02
7.500000e-07	-1.822848e-06	-3.469580e-09	-1.292943e+01	-2.072841e+02
7.600000e-07	-1.717267e-06	-3.383263e-09	-1.218055e+01	-2.018158e+02
7.700000e-07	-1.611192e-06	-3.296908e-09	-1.142816e+01	-1.962441e+02
7.800000e-07	-1.504595e-06	-3.197718e-09	-1.067207e+01	-1.905697e+02
7.900000e-07	-1.397550e-06	-3.093514e-09	-9.912795e+00	-1.847911e+02
8.000000e-07	-1.290098e-06	-2.998461e-09	-9.150639e+00	-1.789047e+02
8.100000e-07	-1.182204e-06	-2.904565e-09	-8.385350e+00	-1.729067e+02
8.200000e-07	-1.073932e-06	-2.798784e-09	-7.617381e+00	-1.667948e+02
8.300000e-07	-9.654185e-07	-2.690350e-09	-6.847695e+00	-1.605696e+02
8.400000e-07	-8.567449e-07	-2.589680e-09	-6.076876e+00	-1.542350e+02
8.500000e-07	-7.479302e-07	-2.487729e-09	-5.305055e+00	-1.477976e+02
8.600000e-07	-6.389806e-07	-2.374167e-09	-4.532278e+00	-1.412651e+02
8.700000e-07	-5.299306e-07	-2.257418e-09	-3.758788e+00	-1.346436e+02
8.800000e-07	-4.207866e-07	-2.149204e-09	-2.984632e+00	-1.279357e+02
8.900000e-07	-3.115259e-07	-2.040681e-09	-2.209647e+00	-1.211390e+02
9.000000e-07	-2.022134e-07	-1.919878e-09	-1.434296e+00	-1.142460e+02
9.100000e-07	-9.290279e-08	-1.794364e-09	-6.589577e-01	-1.072455e+02
9.200000e-07	1.639234e-08	-1.677813e-09	1.162706e-01	-1.001248e+02
9.300000e-07	1.256883e-07	-1.563550e-09	8.915047e-01	-9.287254e+01
9.400000e-07	2.349650e-07	-1.437277e-09	1.666602e+00	-8.548154e+01
9.500000e-07	3.441791e-07	-1.307635e-09	2.441256e+00	-7.795035e+01
9.600000e-07	4.533461e-07	-1.185059e-09	3.215575e+00	-7.028405e+01
9.700000e-07	5.624322e-07	-1.059617e-09	3.989321e+00	-6.249375e+01
9.800000e-07	6.714314e-07	-9.190585e-10	4.762450e+00	-5.459521e+01
9.900000e-07	7.803221e-07	-7.759285e-10	5.534810e+00	-4.660726e+01
1.000000e-06	8.890335e-07	-6.420647e-10	6.305898e+00	-3.855018e+01
1.010000e-06	9.976009e-07	-5.109247e-10	7.075965e+00	-3.044458e+01
1.020000e-06	1.105979e-06	-3.748743e-10	7.844685e+00	-2.231079e+01
1.030000e-06	1.214066e-06	-2.379809e-10	8.611348e+00	-1.416852e+01
1.040000e-06	1.321788e-06	-1.065321e-10	9.375417e+00	-6.036610e+00
1.050000e-06	1.429016e-06	2.717349e-11	1.013599e+01	2.067457e+00
1.060000e-06	1.535727e-06	1.693014e-10	1.089288e+01	1.012840e+01
1.070000e-06	1.641986e-06	3.116640e-10	1.164658e+01	1.813422e+01
1.080000e-06	1.747790e-06	4.445341e-10	1.239704e+01	2.607721e+01
1.090000e-06	1.853193e-06	5.738049e-10	1.314466e+01	3.395450e+01
1.100000e-06	1.958153e-06	7.064232e-10	1.388915e+01	4.176788e+01
1.110000e-06	2.062459e-06	8.397530e-10	1.462898e+01	4.952256e+01
1.120000e-06	2.166037e-06	9.640992e-10	1.536366e+01	5.722525e+01
1.130000e-06	2.268980e-06	1.087455e-09	1.609383e+01	6.488181e+01
1.140000e-06	2.371272e-06	1.219644e-09	1.681939e+01	7.249514e+01
1.150000e-06	2.472887e-06	1.352571e-09	1.754014e+01	8.006378e+01
1.160000e-06	2.573845e-06	1.474562e-09	1.825623e+01	8.758183e+01
1.170000e-06	2.674097e-06	1.592914e-09	1.896732e+01	9.503993e+01
1.180000e-06	2.773444e-06	1.719640e-09	1.967198e+01	1.024273e+02
1.190000e-06	2.871776e-06	1.847881e-09	2.036945e+01	1.097343e+02
1.200000e-06	2.969293e-06	1.969631e-09	2.106114e+01	1.169541e+02
1.210000e-06	3.065995e-06	2.087739e-09	2.174704e+01	1.240843e+02
1.220000e-06	3.161642e-06	2.207833e-09	2.242546e+01	1.311270e+02
1.230000e-06	3.256272e-06	2.325714e-09	2.309668e+01	1.380870e+02
1.240000e-06	3.350074e-06	2.435605e-09	2.376201e+01	1.449706e+02
1.250000e-06	3.443085e-06	2.542197e-09	2.442174e+01	1.517827e+02
1.260000e-06	3.535249e-06	2.656034e-09	2.507546e+01	1.585255e+02
1.270000e-06	3.626303e-06	2.775441e-09	2.572130e+01	1.651977e+02
1.280000e-06	3.716194e-06	2.891187e-09	2.635890e+01	1.717944e+02
1.290000e-06	3.805009e-06	3.000256e-09	2.698886e+01	1.783087e+02
1.300000e-06	3.892713e-06	3.110459e-09	2.761094e+01	1.847335e+02
1.310000e-06	3.979375e-06	3.219317e-09	2.822564e+01	1.910632e+02
1.320000e-06	4.065046e-06	3.318466e-09	2.883329e+01	1.972949e+02
1.330000e-06	4.149734e-06	3.411736e-09	2.943399e+01	2.034285e+02
1.340000e-06	4.233316e-06	3.510104e-09	3.002683e+01	2.094661e+02
1.350000e-06	4.315727e-06	3.614820e-09	3.061137e+01	2.154109e+02
1.360000e-06	4.396985e-06	3.718644e-09	3.118774e+01	2.212650e+02
1.370000e-06	4.477039e-06	3.817944e-09	3.175556e+01	2.270289e+02
1.380000e-06	4.555825e-06	3.913862e-09	3.231438e+01	2.326999e+02
1.390000e-06	4.633299e-06	4.009184e-09	3.286390e+01	2.382731e+02
1.400000e-06	4.709504e-06	4.100651e-09	3.340443e+01	2.437423e+02
1.410000e-06	4.784283e-06	4.185890e-09	3.393483e+01	2.491014e+02
1.420000e-06	4.857499e-06	4.268292e-09	3.445415e+01	2.543458e+02
1.430000e-06	4.929289e-06	4.353229e-09	3.496335e+01	2.594739e+02
1.440000e-06	4.999686e-06	4.441762e-09	3.546268e+01	2.644874e+02
1.450000e-06	5.068717e-06	4.529227e-09	3.595232e+01	2.693904e+02
1.460000e-06	5.136350e-06	4.610834e-09	3.643204e+01	2.741888e+02
1.470000e-06	5.202459e-06	4.690767e-09	3.690095e+01	2.788887e+02
1.480000e-06	5.267000e-06	4.770356e-09	3.735873e+01	2.834942e+02
1.490000e-06	5.330004e-06	4.844892e-09	3.780562e+01	2.880072e+02
1.500000e-06	5.391568e-06	4.915361e-09	3.824229e+01	2.924258e+02
1.510000e-06	5.451762e-06	4.986818e-09	3.866924e+01	2.967454e+02
1.520000e-06	5.510388e-06	5.058922e-09	3.908508e+01	3.009589e+02
1.530000e-06	5.567282e-06	5.126297e-09	3.948863e+01	3.050581e+02
1.540000e-06	5.622530e-06	5.190468e-09	3.988050e+01	3.090354e+02
1.550000e-06	5.676116e-06	5.256056e-09	4.026058e+01	3.128850e+02
1.560000e-06	5.727783e-06	5.322249e-09	4.062706e+01	3.166039e+02
1.570000e-06	5.777409e-06	5.382705e-09	4.097905e+01	3.201921e+02
1.580000e-06	5.825226e-06	5.439068e-09	4.131822e+01	3.236529e+02
1.590000e-06	5.871424e-06	5.495487e-09	4.164590e+01	3.269918e+02
1.600000e-06	5.916094e-06	5.551367e-09	4.196274e+01	3.302150e+02
1.610000e-06	5.959053e-06	5.601789e-09	4.226745e+01	3.333289e+02
1.620000e-06	6.000130e-06	5.649044e-09	4.255881e+01	3.363380e+02
1.630000e-06	6.039535e-06	5.700323e-09	4.283831e+01	3.392446e+02
1.640000e-06	6.077389e-06	5.751415e-09	4.310681e+01	3.420485e+02
1.650000e-06	6.113716e-06	5.796724e-09	4.336447e+01	3.447474e+02
1.660000e-06	6.148327e-06	5.837940e-09	4.360997e+01	3.473381e+02
1.670000e-06	6.181032e-06	5.879507e-09	4.384194e+01	3.498176e+02
1.680000e-06	6.212077e-06	5.918240e-09	4.406215e+01	3.521848e+02
1.690000e-06	6.241595e-06	5.953962e-09	4.427152e+01	3.544413e+02
1.700000e-06	6.269529e-06	5.991248e-09	4.446965e+01	3.565914e+02
1.710000e-06	6.295570e-06	6.028970e-09	4.465436e+01	3.586413e+02
1.720000e-06	6.319639e-06	6.063037e-09	4.482508e+01	3.605979e+02
1.730000e-06	6.342038e-06	6.092843e-09	4.498396e+01	3.624667e+02
1.740000e-06	6.362913e-06	6.121469e-09	4.513202e+01	3.642502e+02
1.750000e-06	6.382261e-06	6.148198e-09	4.526926e+01	3.659472e+02
1.760000e-06	6.399758e-06	6.173543e-09	4.539336e+01	3.675526e+02
1.770000e-06	6.415221e-06	6.197523e-09	4.550305e+01	3.690593e+02
1.780000e-06	6.428792e-06	6.221593e-09	4.559930e+01	3.704605e+02
1.790000e-06	6.440431e-06	6.244647e-09	4.568186e+01	3.717518e+02
1.800000e-06	6.449959e-06	6.263037e-09	4.574944e+01	3.729341e+02
1.810000e-06	6.457529e-06	6.279326e-09	4.580313e+01	3.740134e+02
1.820000e-06	6.463386e-06	6.297031e-09	4.584467e+01	3.750006e+02
1.830000e-06	6.467559e-06	6.314319e-09	4.587427e+01	3.759088e+02
1.840000e-06	6.469829e-06	6.327108e-09	4.589037e+01	3.767497e+02
1.850000e-06	6.470142e-06	6.337144e-09	4.589260e+01	3.775302e+02
1.860000e-06	6.468729e-06	6.351696e-09	4.588258e+01	3.782498e+02
1.870000e-06	6.465709e-06	6.364478e-09	4.586115e+01	3.789000e+02
1.880000e-06	6.460983e-06	6.370884e-09	4.582763e+01	3.794664e+02
1.890000e-06	6.454332e-06	6.376504e-09	4.578046e+01	3.799324e+02
1.900000e-06	6.445956e-06	6.384432e-09	4.572105e+01	3.802842e+02
1.910000e-06	6.436046e-06	6.386658e-09	4.565075e+01	3.805154e+02
1.920000e-06	6.424368e-06	6.365297e-09	4.556793e+01	3.806306e+02
1.930000e-06	6.410662e-06	6.389762e-09	4.547070e+01	3.806449e+02
1.940000e-06	6.394855e-06	6.481269e-09	4.535859e+01	3.805822e+02
1.950000e-06	6.376736e-06	6.466187e-09	4.523007e+01	3.804689e+02
1.960000e-06	6.355951e-06	6.407913e-09	4.508264e+01	3.803281e+02
1.970000e-06	6.332987e-06	6.302956e-09	4.491976e+01	3.801728e+02
1.980000e-06	6.309013e-06	6.284479e-09	4.474971e+01	3.800026e+02
1.990000e-06	6.284404e-06	6.506007e-09	4.457516e+01	3.798023e+02
2.000000e-06	6.258231e-06	6.382258e-09	4.438952e+01	3.795455e+02
2.010000e-06	6.230246e-06	6.256381e-09	4.419102e+01	3.792004e+02
2.020000e-06	6.200932e-06	6.462249e-09	4.398309e+01	3.787376e+02
2.030000e-06	6.169570e-06	6.382555e-09	4.376064e+01	3.781365e+02
2.040000e-06	6.136063e-06	6.361679e-09	4.352298e+01	3.773907e+02
2.050000e-06	6.101254e-06	6.418240e-09	4.327608e+01	3.765093e+02
2.060000e-06	6.064811e-06	6.207589e-09	4.301760e+01	3.755134e+02
2.070000e-06	6.026451e-06	6.301084e-09	4.274550e+01	3.744314e+02
2.080000e-06	5.986361e-06	6.385810e-09	4.246115e+01	3.732912e+02
2.090000e-06	5.944481e-06	6.218738e-09	4.216409e+01	3.721136e+02
2.100000e-06	5.901264e-06	6.254538e-09	4.185756e+01	3.709077e+02
2.110000e-06	5.856500e-06	6.212030e-09	4.154005e+01	3.696697e+02
2.120000e-06	5.809746e-06	6.263726e-09	4.120842e+01	3.683848e+02
2.130000e-06	5.761514e-06	6.239755e-09	4.086631e+01	3.670325e+02
2.140000e-06	5.711633e-06	6.035275e-09	4.051250e+01	3.655921e+02
2.150000e-06	5.659882e-06	6.165351e-09	4.014544e+01	3.640485e+02
2.160000e-06	5.606134e-06	6.171739e-09	3.976420e+01	3.623953e+02
2.170000e-06	5.550418e-06	6.076872e-09	3.936901e+01	3.606358e+02
2.180000e-06	5.493207e-06	6.029560e-09	3.896322e+01	3.587804e+02
2.190000e-06	5.434362e-06	5.992291e-09	3.854583e+01	3.568433e+02
2.200000e-06	5.373980e-06	6.078851e-09	3.811754e+01	3.548376e+02
2.210000e-06	5.312032e-06	5.925888e-09	3.767815e+01	3.527720e+02
2.220000e-06	5.248353e-06	5.872148e-09	3.722647e+01	3.506490e+02
2.230000e-06	5.183155e-06	5.915713e-09	3.676402e+01	3.484654e+02
2.240000e-06	5.116427e-06	5.859896e-09	3.629072e+01	3.462142e+02
2.250000e-06	5.048283e-06	5.842715e-09	3.580737e+01	3.438883e+02
2.260000e-06	4.978597e-06	5.713062e-09	3.531309e+01	3.414825e+02
2.270000e-06	4.907200e-06	5.735886e-09	3.480668e+01	3.389955e+02
2.280000e-06	4.834369e-06	5.710928e-09	3.429009e+01	3.364298e+02
2.290000e-06	4.760264e-06	5.612077e-09	3.376446e+01	3.337902e+02
2.300000e-06	4.684798e-06	5.586462e-09	3.322919e+01	3.310807e+02
2.310000e-06	4.607782e-06	5.541373e-09	3.268291e+01	3.283028e+02
2.320000e-06	4.529195e-06	5.554097e-09	3.212549e+01	3.254541e+02
2.330000e-06	4.449279e-06	5.435643e-09	3.155866e+01	3.225281e+02
2.340000e-06	4.368247e-06	5.372255e-09	3.098390e+01	3.195164e+02
2.350000e-06	4.286111e-06	5.347209e-09	3.040131e+01	3.164111e+02
2.360000e-06	4.202833e-06	5.292270e-09	2.981061e+01	3.132078e+02
2.370000e-06	4.118533e-06	5.236920e-09	2.921268e+01	3.099071e+02
2.380000e-06	4.033184e-06	5.145835e-09	2.860730e+01	3.065153e+02
2.390000e-06	3.946527e-06	5.135826e-09	2.799264e+01	3.030429e+02
2.400000e-06	3.858624e-06	5.072847e-09	2.736915e+01	2.995015e+02
2.410000e-06	3.769732e-06	4.993937e-09	2.673864e+01	2.959012e+02
2.420000e-06	3.679972e-06	4.919310e-09	2.610197e+01	2.922470e+02
2.430000e-06	3.589307e-06	4.872021e-09	2.545889e+01	2.885383e+02
2.440000e-06	3.497651e-06	4.830938e-09	2.480877e+01	2.847684e+02
2.450000e-06	3.404956e-06	4.737320e-09	2.415129e+01	2.809269e+02
2.460000e-06	3.311313e-06	4.667062e-09	2.348708e+01	2.770023e+02
2.470000e-06	3.216587e-06	4.604058e-09	2.281519e+01	2.729847e+02
2.480000e-06	3.120786e-06	4.546201e-09	2.213568e+01	2.688688e+02
2.490000e-06	3.024166e-06	4.458934e-09	2.145036e+01	2.646534e+02
2.500000e-06	2.926708e-06	4.382747e-09	2.075908e+01	2.603418e+02
2.510000e-06	2.828457e-06	4.331020e-09	2.006219e+01	2.559389e+02
2.520000e-06	2.729404e-06	4.262971e-09	1.935961e+01	2.514492e+02
2.530000e-06	2.629594e-06	4.170944e-09	1.865166e+01	2.468747e+02
2.540000e-06	2.529038e-06	4.077033e-09	1.793842e+01	2.422136e+02
2.550000e-06	2.427689e-06	4.005968e-09	1.721955e+01	2.374610e+02
2.560000e-06	2.325455e-06	3.924014e-09	1.649441e+01	2.326099e+02
2.570000e-06	2.222338e-06	3.828569e-09	1.576301e+01	2.276534e+02
2.580000e-06	2.118543e-06	3.738745e-09	1.502678e+01	2.225863e+02
2.590000e-06	2.014111e-06	3.670348e-09	1.428606e+01	2.174068e+02
2.600000e-06	1.909103e-06	3.592155e-09	1.354124e+01	2.121157e+02
2.610000e-06	1.803592e-06	3.490480e-09	1.279284e+01	2.067163e+02
2.620000e-06	1.697619e-06	3.387507e-09	1.204118e+01	2.012118e+02
2.630000e-06	1.591307e-06	3.298108e-09	1.128711e+01	1.956046e+02
2.640000e-06	1.484729e-06	3.203646e-09	1.053115e+01	1.898943e+02
2.650000e-06	1.377751e-06	3.090680e-09	9.772363e+00	1.840787e+02
2.660000e-06	1.270326e-06	2.984454e-09	9.010402e+00	1.781537e+02
2.670000e-06	1.162531e-06	2.894056e-09	8.245811e+00	1.721161e+02
2.680000e-06	1.054467e-06	2.799921e-09	7.479312e+00	1.659643e+02
2.690000e-06	9.462368e-07	2.685970e-09	6.711640e+00	1.597003e+02
2.700000e-06	8.378901e-07	2.576495e-09	5.943139e+00	1.533292e+02
2.710000e-06	7.294205e-07	2.477096e-09	5.173766e+00	1.468582e+02
2.720000e-06	6.208271e-07	2.369203e-09	4.403515e+00	1.402946e+02
2.730000e-06	5.121840e-07	2.246334e-09	3.632911e+00	1.336436e+02
2.740000e-06	4.034648e-07	2.126897e-09	2.861768e+00	1.269058e+02
2.750000e-06	2.947020e-07	2.019588e-09	2.090316e+00	1.200770e+02
2.760000e-06	1.859446e-07	1.904735e-09	1.318901e+00	1.131481e+02
2.770000e-06	7.713607e-08	1.777834e-09	5.471247e-01	1.061069e+02
2.780000e-06	-3.170908e-08	1.656361e-09	-2.249119e-01	9.894092e+01
2.790000e-06	-1.405293e-07	1.545816e-09	-9.967717e-01	9.164011e+01
2.800000e-06	-2.493039e-07	1.426481e-09	-1.768308e+00	8.419925e+01
2.810000e-06	-3.580298e-07	1.292665e-09	-2.539499e+00	7.661936e+01
2.820000e-06	-4.666966e-07	1.158570e-09	-3.310270e+00	6.890788e+01
2.830000e-06	-5.752692e-07	1.030504e-09	-4.080374e+00	6.107783e+01
2.840000e-06	-6.837143e-07	8.954503e-10	-4.849573e+00	5.314635e+01
2.850000e-06	-7.920844e-07	7.518741e-10	-5.618240e+00	4.513297e+01
2.860000e-06	-9.003104e-07	6.132693e-10	-6.385885e+00	3.705818e+01
2.870000e-06	-1.008393e-06	4.828852e-10	-7.152515e+00	2.894256e+01
2.880000e-06	-1.116253e-06	3.491592e-10	-7.917562e+00	2.080622e+01
2.890000e-06	-1.223743e-06	2.073455e-10	-8.679986e+00	1.266858e+01
2.900000e-06	-1.330891e-06	7.004900e-11	-9.439984e+00	4.548065e+00
2.910000e-06	-1.437705e-06	-6.017079e-11	-1.019762e+01	-3.538570e+00
2.920000e-06	-1.544150e-06	-1.948536e-10	-1.095263e+01	-1.157714e+01
2.930000e-06	-1.650246e-06	-3.364269e-10	-1.170517e+01	-1.955714e+01
2.940000e-06	-1.756020e-06	-4.727719e-10	-1.245542e+01	-2.747266e+01
2.950000e-06	-1.861332e-06	-6.015876e-10	-1.320239e+01	-3.532266e+01
2.960000e-06	-1.966117e-06	-7.330818e-10	-1.394563e+01	-4.311038e+01
2.970000e-06	-2.070354e-06	-8.694532e-10	-1.468498e+01	-5.084187e+01
2.980000e-06	-2.173940e-06	-9.994853e-10	-1.541972e+01	-5.852380e+01
2.990000e-06	-2.276770e-06	-1.119416e-09	-1.614908e+01	-6.616113e+01
3.000000e-06	-2.378735e-06	-1.241570e-09	-1.687232e+01	-7.375521e+01
3.010000e-06	-2.479894e-06	-1.372339e-09	-1.758984e+01	-8.130290e+01
3.020000e-06	-2.580360e-06	-1.503240e-09	-1.830245e+01	-8.879679e+01
3.030000e-06	-2.680074e-06	-1.628791e-09	-1.900972e+01	-9.622673e+01
3.040000e-06	-2.778967e-06	-1.754376e-09	-1.971116e+01	-1.035821e+02
3.050000e-06	-2.877063e-06	-1.882248e-09	-2.040696e+01	-1.108540e+02
3.060000e-06	-2.974349e-06	-2.004337e-09	-2.109701e+01	-1.180374e+02
3.070000e-06	-3.070850e-06	-2.118482e-09	-2.178148e+01	-1.251314e+02
3.080000e-06	-3.166568e-06	-2.234041e-09	-2.246041e+01	-1.321395e+02
3.090000e-06	-3.261339e-06	-2.355286e-09	-2.313262e+01	-1.390673e+02
3.100000e-06	-3.355036e-06	-2.473806e-09	-2.379721e+01	-1.459207e+02
3.110000e-06	-3.447720e-06	-2.585023e-09	-2.445461e+01	-1.527038e+02
3.120000e-06	-3.539369e-06	-2.694955e-09	-2.510468e+01	-1.594176e+02
3.130000e-06	-3.629929e-06	-2.807778e-09	-2.574702e+01	-1.660593e+02
3.140000e-06	-3.719499e-06	-2.921085e-09	-2.638233e+01	-1.726230e+02
3.150000e-06	-3.808121e-06	-3.030157e-09	-2.701093e+01	-1.791017e+02
3.160000e-06	-3.895782e-06	-3.139788e-09	-2.763271e+01	-1.854885e+02
3.170000e-06	-3.982308e-06	-3.253850e-09	-2.824644e+01	-1.917787e+02
3.180000e-06	-4.067581e-06	-3.361400e-09	-2.885128e+01	-1.979706e+02
3.190000e-06	-4.151698e-06	-3.456181e-09	-2.944792e+01	-2.040649e+02
3.200000e-06	-4.234700e-06	-3.548265e-09	-3.003665e+01	-2.100645e+02
3.210000e-06	-4.316657e-06	-3.645676e-09	-3.061797e+01	-2.159722e+02
3.220000e-06	-4.397533e-06	-3.745040e-09	-3.119162e+01	-2.217897e+02
3.230000e-06	-4.477242e-06	-3.843540e-09	-3.175699e+01	-2.275162e+02
3.240000e-06	-4.555639e-06	-3.943769e-09	-3.231306e+01	-2.331484e+02
3.250000e-06	-4.632534e-06	-4.044821e-09	-3.285848e+01	-2.386805e+02
3.260000e-06	-4.707904e-06	-4.137975e-09	-3.339307e+01	-2.441061e+02
3.270000e-06	-4.781834e-06	-4.219966e-09	-3.391746e+01	-2.494197e+02
3.280000e-06	-4.854517e-06	-4.299705e-09	-3.443300e+01	-2.546176e+02
3.290000e-06	-4.925916e-06	-4.384836e-09	-3.493943e+01	-2.596995e+02
3.300000e-06	-4.995821e-06	-4.468264e-09	-3.543526e+01	-2.646680e+02
3.310000e-06	-5.064201e-06	-4.547704e-09	-3.592029e+01	-2.695282e+02
3.320000e-06	-5.131135e-06	-4.628425e-09	-3.639504e+01	-2.742861e+02
3.330000e-06	-5.196654e-06	-4.711818e-09	-3.685977e+01	-2.789473e+02
3.340000e-06	-5.260818e-06	-4.791604e-09	-3.731489e+01	-2.835152e+02
3.350000e-06	-5.323458e-06	-4.862716e-09	-3.775919e+01	-2.879902e+02
3.360000e-06	-5.384353e-06	-4.932834e-09	-3.819112e+01	-2.923696e+02
3.370000e-06	-5.443641e-06	-5.007117e-09	-3.861164e+01	-2.966474e+02
3.380000e-06	-5.501455e-06	-5.080498e-09	-3.902172e+01	-3.008161e+02
3.390000e-06	-5.557805e-06	-5.145657e-09	-3.942141e+01	-3.048675e+02
3.400000e-06	-5.612459e-06	-5.209861e-09	-3.980907e+01	-3.087946e+02
3.410000e-06	-5.665149e-06	-5.278346e-09	-4.018280e+01	-3.125924e+02
3.420000e-06	-5.715950e-06	-5.341553e-09	-4.054313e+01	-3.162592e+02
3.430000e-06	-5.764856e-06	-5.396432e-09	-4.089001e+01	-3.197962e+02
3.440000e-06	-5.811844e-06	-5.450839e-09	-4.122330e+01	-3.232077e+02
3.450000e-06	-5.857210e-06	-5.510678e-09	-4.154508e+01	-3.264995e+02
3.460000e-06	-5.901159e-06	-5.567454e-09	-4.185681e+01	-3.296782e+02
3.470000e-06	-5.943647e-06	-5.615472e-09	-4.215818e+01	-3.327494e+02
3.480000e-06	-5.984605e-06	-5.663817e-09	-4.244869e+01	-3.357170e+02
3.490000e-06	-6.024034e-06	-5.714748e-09	-4.272836e+01	-3.385824e+02
3.500000e-06	-6.061662e-06	-5.762602e-09	-4.299525e+01	-3.413444e+02
3.510000e-06	-6.097443e-06	-5.805567e-09	-4.324905e+01	-3.440002e+02
3.520000e-06	-6.131617e-06	-5.847139e-09	-4.349145e+01	-3.465466e+02
3.530000e-06	-6.164218e-06	-5.888781e-09	-4.372268e+01	-3.489811e+02
3.540000e-06	-6.195091e-06	-5.928484e-09	-4.394166e+01	-3.513035e+02
3.550000e-06	-6.224034e-06	-5.964738e-09	-4.414696e+01	-3.535166e+02
3.560000e-06	-6.251264e-06	-6.000325e-09	-4.434010e+01	-3.556254e+02
3.570000e-06	-6.276862e-06	-6.036617e-09	-4.452167e+01	-3.576366e+02
3.580000e-06	-6.300766e-06	-6.071538e-09	-4.469122e+01	-3.595569e+02
3.590000e-06	-6.322793e-06	-6.103003e-09	-4.484745e+01	-3.613907e+02
3.600000e-06	-6.342928e-06	-6.131837e-09	-4.499027e+01	-3.631393e+02
3.610000e-06	-6.361450e-06	-6.158609e-09	-4.512164e+01	-3.647997e+02
3.620000e-06	-6.378341e-06	-6.182681e-09	-4.524145e+01	-3.663661e+02
3.630000e-06	-6.393350e-06	-6.205376e-09	-4.534791e+01	-3.678311e+02
3.640000e-06	-6.406180e-06	-6.228354e-09	-4.543892e+01	-3.691884e+02
3.650000e-06	-6.416986e-06	-6.253062e-09	-4.551556e+01	-3.704356e+02
3.660000e-06	-6.426014e-06	-6.277599e-09	-4.557960e+01	-3.715753e+02
3.670000e-06	-6.433315e-06	-6.298616e-09	-4.563138e+01	-3.726157e+02
3.680000e-06	-6.438720e-06	-6.314051e-09	-4.566972e+01	-3.735688e+02
3.690000e-06	-6.442267e-06	-6.326057e-09	-4.569488e+01	-3.744477e+02
3.700000e-06	-6.444110e-06	-6.339109e-09	-4.570795e+01	-3.752627e+02
3.710000e-06	-6.444192e-06	-6.349477e-09	-4.570854e+01	-3.760179e+02
