# Temperatura_=_20.0
# Concentracion g/m^3_=_12000.0
# C_Vs_to_Am_M_A/Vsm_=_59384043850.047264
# pendiente_HvsI_1/m_=_3716.3
# ordenada_HvsI_A/m_=_1297.0
# frecuencia_Hz_=_269357.8437040953

Tiempo_(s)	Campo_(V.s)	Magnetizacion_(V.s)	Campo_(kA/m)	Magnetizacion_(A/m)
0.000000e+00	-6.449643e-06	-6.399956e-09	-4.570264e+01	-3.797803e+02
1.000000e-08	-6.447501e-06	-6.405247e-09	-4.568746e+01	-3.803893e+02
2.000000e-08	-6.443492e-06	-6.412576e-09	-4.565904e+01	-3.809268e+02
3.000000e-08	-6.437922e-06	-6.419773e-09	-4.561958e+01	-3.813953e+02
4.000000e-08	-6.430783e-06	-6.423878e-09	-4.556899e+01	-3.817928e+02
5.000000e-08	-6.421913e-06	-6.429866e-09	-4.550614e+01	-3.821134e+02
6.000000e-08	-6.411054e-06	-6.439463e-09	-4.542919e+01	-3.823492e+02
7.000000e-08	-6.398203e-06	-6.447238e-09	-4.533813e+01	-3.824929e+02
8.000000e-08	-6.383339e-06	-6.433767e-09	-4.523280e+01	-3.825401e+02
9.000000e-08	-6.366143e-06	-6.412078e-09	-4.511095e+01	-3.824913e+02
1.000000e-07	-6.346766e-06	-6.412007e-09	-4.497364e+01	-3.823520e+02
1.100000e-07	-6.325550e-06	-6.413433e-09	-4.482330e+01	-3.821310e+02
1.200000e-07	-6.302715e-06	-6.423189e-09	-4.466149e+01	-3.818382e+02
1.300000e-07	-6.278636e-06	-6.440226e-09	-4.449087e+01	-3.814814e+02
1.400000e-07	-6.253210e-06	-6.415089e-09	-4.431070e+01	-3.810634e+02
1.500000e-07	-6.226020e-06	-6.413795e-09	-4.411802e+01	-3.805819e+02
1.600000e-07	-6.197257e-06	-6.429045e-09	-4.391421e+01	-3.800292e+02
1.700000e-07	-6.166956e-06	-6.381990e-09	-4.369949e+01	-3.793952e+02
1.800000e-07	-6.134854e-06	-6.352518e-09	-4.347201e+01	-3.786706e+02
1.900000e-07	-6.101114e-06	-6.333135e-09	-4.323293e+01	-3.778501e+02
2.000000e-07	-6.065820e-06	-6.296051e-09	-4.298284e+01	-3.769349e+02
2.100000e-07	-6.028888e-06	-6.318484e-09	-4.272113e+01	-3.759328e+02
2.200000e-07	-5.990268e-06	-6.339269e-09	-4.244747e+01	-3.748569e+02
2.300000e-07	-5.949841e-06	-6.308718e-09	-4.216100e+01	-3.737218e+02
2.400000e-07	-5.907456e-06	-6.266634e-09	-4.186066e+01	-3.725399e+02
2.500000e-07	-5.863275e-06	-6.232062e-09	-4.154758e+01	-3.713172e+02
2.600000e-07	-5.817463e-06	-6.229851e-09	-4.122296e+01	-3.700517e+02
2.700000e-07	-5.770034e-06	-6.197133e-09	-4.088688e+01	-3.687327e+02
2.800000e-07	-5.720834e-06	-6.143536e-09	-4.053824e+01	-3.673437e+02
2.900000e-07	-5.669481e-06	-6.142711e-09	-4.017435e+01	-3.658662e+02
3.000000e-07	-5.616095e-06	-6.159255e-09	-3.979605e+01	-3.642840e+02
3.100000e-07	-5.561092e-06	-6.133592e-09	-3.940629e+01	-3.625880e+02
3.200000e-07	-5.504636e-06	-6.049351e-09	-3.900624e+01	-3.607778e+02
3.300000e-07	-5.446494e-06	-5.995475e-09	-3.859425e+01	-3.588623e+02
3.400000e-07	-5.386574e-06	-6.005992e-09	-3.816965e+01	-3.568567e+02
3.500000e-07	-5.325123e-06	-5.986029e-09	-3.773420e+01	-3.547790e+02
3.600000e-07	-5.262261e-06	-5.912491e-09	-3.728876e+01	-3.526451e+02
3.700000e-07	-5.197840e-06	-5.859826e-09	-3.683227e+01	-3.504647e+02
3.800000e-07	-5.131666e-06	-5.870538e-09	-3.636335e+01	-3.482397e+02
3.900000e-07	-5.063816e-06	-5.849730e-09	-3.588257e+01	-3.459632e+02
4.000000e-07	-4.994504e-06	-5.754752e-09	-3.539141e+01	-3.436225e+02
4.100000e-07	-4.923882e-06	-5.694257e-09	-3.489098e+01	-3.412025e+02
4.200000e-07	-4.851980e-06	-5.700211e-09	-3.438148e+01	-3.386892e+02
4.300000e-07	-4.778608e-06	-5.686762e-09	-3.386156e+01	-3.360743e+02
4.400000e-07	-4.703622e-06	-5.597896e-09	-3.333020e+01	-3.333557e+02
4.500000e-07	-4.627135e-06	-5.518320e-09	-3.278821e+01	-3.305388e+02
4.600000e-07	-4.549307e-06	-5.507711e-09	-3.223672e+01	-3.276335e+02
4.700000e-07	-4.470096e-06	-5.483862e-09	-3.167542e+01	-3.246517e+02
4.800000e-07	-4.389447e-06	-5.398509e-09	-3.110393e+01	-3.216035e+02
4.900000e-07	-4.307469e-06	-5.319031e-09	-3.052303e+01	-3.184950e+02
5.000000e-07	-4.224321e-06	-5.304193e-09	-2.993384e+01	-3.153262e+02
5.100000e-07	-4.140191e-06	-5.283559e-09	-2.933769e+01	-3.120922e+02
5.200000e-07	-4.055203e-06	-5.194251e-09	-2.873546e+01	-3.087842e+02
5.300000e-07	-3.969277e-06	-5.098529e-09	-2.812658e+01	-3.053929e+02
5.400000e-07	-3.882358e-06	-5.061824e-09	-2.751066e+01	-3.019111e+02
5.500000e-07	-3.794431e-06	-5.037846e-09	-2.688761e+01	-2.983356e+02
5.600000e-07	-3.705398e-06	-4.953692e-09	-2.625672e+01	-2.946687e+02
5.700000e-07	-3.615205e-06	-4.858563e-09	-2.561760e+01	-2.909166e+02
5.800000e-07	-3.523795e-06	-4.819548e-09	-2.496986e+01	-2.870884e+02
5.900000e-07	-3.431364e-06	-4.789793e-09	-2.431489e+01	-2.831925e+02
6.000000e-07	-3.338121e-06	-4.701394e-09	-2.365416e+01	-2.792347e+02
6.100000e-07	-3.243978e-06	-4.592221e-09	-2.298706e+01	-2.752156e+02
6.200000e-07	-3.148930e-06	-4.535565e-09	-2.231355e+01	-2.711301e+02
6.300000e-07	-3.052945e-06	-4.499588e-09	-2.163339e+01	-2.669683e+02
6.400000e-07	-2.956041e-06	-4.418828e-09	-2.094672e+01	-2.627171e+02
6.500000e-07	-2.858271e-06	-4.315072e-09	-2.025392e+01	-2.583631e+02
6.600000e-07	-2.759481e-06	-4.252345e-09	-1.955388e+01	-2.538956e+02
6.700000e-07	-2.659662e-06	-4.207326e-09	-1.884656e+01	-2.493083e+02
6.800000e-07	-2.559107e-06	-4.115731e-09	-1.813402e+01	-2.446006e+02
6.900000e-07	-2.457939e-06	-4.000615e-09	-1.741713e+01	-2.397775e+02
7.000000e-07	-2.356020e-06	-3.923628e-09	-1.669493e+01	-2.348476e+02
7.100000e-07	-2.253349e-06	-3.869603e-09	-1.596739e+01	-2.298213e+02
7.200000e-07	-2.150057e-06	-3.779470e-09	-1.523546e+01	-2.247076e+02
7.300000e-07	-2.046190e-06	-3.665677e-09	-1.449945e+01	-2.195123e+02
7.400000e-07	-1.941744e-06	-3.581797e-09	-1.375934e+01	-2.142364e+02
7.500000e-07	-1.836643e-06	-3.516489e-09	-1.301458e+01	-2.088760e+02
7.600000e-07	-1.730916e-06	-3.417506e-09	-1.226539e+01	-2.034235e+02
7.700000e-07	-1.624710e-06	-3.295159e-09	-1.151281e+01	-1.978690e+02
7.800000e-07	-1.517983e-06	-3.202745e-09	-1.075654e+01	-1.922029e+02
7.900000e-07	-1.410632e-06	-3.133951e-09	-9.995839e+00	-1.864177e+02
8.000000e-07	-1.302839e-06	-3.037056e-09	-9.232012e+00	-1.805093e+02
8.100000e-07	-1.194818e-06	-2.912948e-09	-8.466566e+00	-1.744778e+02
8.200000e-07	-1.086539e-06	-2.809244e-09	-7.699290e+00	-1.683262e+02
8.300000e-07	-9.780173e-07	-2.726098e-09	-6.930301e+00	-1.620600e+02
8.400000e-07	-8.693276e-07	-2.619364e-09	-6.160118e+00	-1.556848e+02
8.500000e-07	-7.605119e-07	-2.488230e-09	-5.389042e+00	-1.492055e+02
8.600000e-07	-6.515262e-07	-2.374020e-09	-4.616761e+00	-1.426248e+02
8.700000e-07	-5.423574e-07	-2.282527e-09	-3.843183e+00	-1.359431e+02
8.800000e-07	-4.331120e-07	-2.174940e-09	-3.069063e+00	-1.291587e+02
8.900000e-07	-3.238526e-07	-2.043682e-09	-2.294843e+00	-1.222686e+02
9.000000e-07	-2.145467e-07	-1.923887e-09	-1.520293e+00	-1.152693e+02
9.100000e-07	-1.051749e-07	-1.823211e-09	-7.452767e-01	-1.081574e+02
9.200000e-07	4.192254e-09	-1.707570e-09	2.970661e-02	-1.009300e+02
9.300000e-07	1.135589e-07	-1.565959e-09	8.046863e-01	-9.358505e+01
9.400000e-07	2.229693e-07	-1.432340e-09	1.579976e+00	-8.612066e+01
9.500000e-07	3.323340e-07	-1.319196e-09	2.354943e+00	-7.853574e+01
9.600000e-07	4.415632e-07	-1.196593e-09	3.128949e+00	-7.083021e+01
9.700000e-07	5.506531e-07	-1.052961e-09	3.901967e+00	-6.300616e+01
9.800000e-07	6.596221e-07	-9.161609e-10	4.674130e+00	-5.506917e+01
9.900000e-07	7.684799e-07	-7.981693e-10	5.445503e+00	-4.702984e+01
1.000000e-06	8.772210e-07	-6.688626e-10	6.216051e+00	-3.890475e+01
1.010000e-06	9.858458e-07	-5.139245e-10	6.985774e+00	-3.071656e+01
1.020000e-06	1.094291e-06	-3.641459e-10	7.754225e+00	-2.249271e+01
1.030000e-06	1.202486e-06	-2.365794e-10	8.520905e+00	-1.426292e+01
1.040000e-06	1.310347e-06	-1.064482e-10	9.285214e+00	-6.055763e+00
1.050000e-06	1.417853e-06	4.197928e-11	1.004701e+01	2.105047e+00
1.060000e-06	1.525043e-06	1.853690e-10	1.080656e+01	1.020364e+01
1.070000e-06	1.631816e-06	3.074315e-10	1.156316e+01	1.823357e+01
1.080000e-06	1.738001e-06	4.308064e-10	1.231560e+01	2.619750e+01
1.090000e-06	1.843542e-06	5.743303e-10	1.306347e+01	3.410484e+01
1.100000e-06	1.948509e-06	7.185435e-10	1.380727e+01	4.196801e+01
1.110000e-06	2.052902e-06	8.459427e-10	1.454701e+01	4.979809e+01
1.120000e-06	2.156607e-06	9.698598e-10	1.528187e+01	5.760101e+01
1.130000e-06	2.259675e-06	1.106162e-09	1.601222e+01	6.537524e+01
1.140000e-06	2.362152e-06	1.241909e-09	1.673838e+01	7.311160e+01
1.150000e-06	2.463934e-06	1.362436e-09	1.745961e+01	8.079519e+01
1.160000e-06	2.565017e-06	1.481504e-09	1.817590e+01	8.840888e+01
1.170000e-06	2.665428e-06	1.613623e-09	1.888741e+01	9.593740e+01
1.180000e-06	2.765145e-06	1.747501e-09	1.959402e+01	1.033709e+02
1.190000e-06	2.864053e-06	1.868313e-09	2.029489e+01	1.107068e+02
1.200000e-06	2.961945e-06	1.983182e-09	2.098856e+01	1.179499e+02
1.210000e-06	3.058708e-06	2.107449e-09	2.167423e+01	1.251100e+02
1.220000e-06	3.154454e-06	2.232725e-09	2.235269e+01	1.321986e+02
1.230000e-06	3.249290e-06	2.345915e-09	2.302470e+01	1.392248e+02
1.240000e-06	3.343225e-06	2.454573e-09	2.369033e+01	1.461929e+02
1.250000e-06	3.436263e-06	2.570059e-09	2.434961e+01	1.531003e+02
1.260000e-06	3.528456e-06	2.688776e-09	2.500289e+01	1.599387e+02
1.270000e-06	3.619779e-06	2.800312e-09	2.565001e+01	1.666963e+02
1.280000e-06	3.710018e-06	2.908969e-09	2.628945e+01	1.733612e+02
1.290000e-06	3.798951e-06	3.022748e-09	2.691964e+01	1.799247e+02
1.300000e-06	3.886732e-06	3.138275e-09	2.754166e+01	1.863835e+02
1.310000e-06	3.973553e-06	3.243392e-09	2.815688e+01	1.927400e+02
1.320000e-06	4.059338e-06	3.339853e-09	2.876476e+01	1.990006e+02
1.330000e-06	4.144145e-06	3.440390e-09	2.936571e+01	2.051736e+02
1.340000e-06	4.227996e-06	3.545880e-09	2.995988e+01	2.112649e+02
1.350000e-06	4.310795e-06	3.647380e-09	3.054660e+01	2.172762e+02
1.360000e-06	4.392433e-06	3.746157e-09	3.112510e+01	2.232031e+02
1.370000e-06	4.472748e-06	3.848808e-09	3.169421e+01	2.290364e+02
1.380000e-06	4.551740e-06	3.951823e-09	3.225396e+01	2.347641e+02
1.390000e-06	4.629510e-06	4.045520e-09	3.280504e+01	2.403749e+02
1.400000e-06	4.706049e-06	4.129880e-09	3.334740e+01	2.458615e+02
1.410000e-06	4.781149e-06	4.216049e-09	3.387956e+01	2.512227e+02
1.420000e-06	4.854559e-06	4.305629e-09	3.439975e+01	2.564640e+02
1.430000e-06	4.926455e-06	4.391018e-09	3.490922e+01	2.615958e+02
1.440000e-06	4.997048e-06	4.473977e-09	3.540944e+01	2.666308e+02
1.450000e-06	5.066277e-06	4.561505e-09	3.590000e+01	2.715800e+02
1.460000e-06	5.134149e-06	4.648776e-09	3.638095e+01	2.764494e+02
1.470000e-06	5.200513e-06	4.728914e-09	3.685121e+01	2.812387e+02
1.480000e-06	5.265189e-06	4.803495e-09	3.730951e+01	2.859407e+02
1.490000e-06	5.328369e-06	4.879394e-09	3.775720e+01	2.905435e+02
1.500000e-06	5.390179e-06	4.955524e-09	3.819520e+01	2.950333e+02
1.510000e-06	5.450643e-06	5.027498e-09	3.862365e+01	2.993980e+02
1.520000e-06	5.509613e-06	5.096612e-09	3.904151e+01	3.036296e+02
1.530000e-06	5.566781e-06	5.165598e-09	3.944661e+01	3.077259e+02
1.540000e-06	5.622221e-06	5.236729e-09	3.983946e+01	3.116897e+02
1.550000e-06	5.676071e-06	5.303075e-09	4.022105e+01	3.155274e+02
1.560000e-06	5.728071e-06	5.363998e-09	4.058952e+01	3.192466e+02
1.570000e-06	5.778005e-06	5.421810e-09	4.094336e+01	3.228533e+02
1.580000e-06	5.826041e-06	5.477414e-09	4.128374e+01	3.263506e+02
1.590000e-06	5.872383e-06	5.532498e-09	4.161213e+01	3.297385e+02
1.600000e-06	5.917193e-06	5.587744e-09	4.192965e+01	3.330142e+02
1.610000e-06	5.960379e-06	5.641796e-09	4.223567e+01	3.361743e+02
1.620000e-06	6.001679e-06	5.693450e-09	4.252833e+01	3.392166e+02
1.630000e-06	6.041257e-06	5.744316e-09	4.280878e+01	3.421409e+02
1.640000e-06	6.079329e-06	5.793154e-09	4.307856e+01	3.449498e+02
1.650000e-06	6.115857e-06	5.839956e-09	4.333740e+01	3.476482e+02
1.660000e-06	6.150672e-06	5.883547e-09	4.358410e+01	3.502414e+02
1.670000e-06	6.183662e-06	5.922628e-09	4.381787e+01	3.527336e+02
1.680000e-06	6.214953e-06	5.958204e-09	4.403960e+01	3.551271e+02
1.690000e-06	6.244659e-06	5.994444e-09	4.425010e+01	3.574213e+02
1.700000e-06	6.272799e-06	6.034521e-09	4.444950e+01	3.596138e+02
1.710000e-06	6.299112e-06	6.073469e-09	4.463596e+01	3.617015e+02
1.720000e-06	6.323463e-06	6.107676e-09	4.480852e+01	3.636822e+02
1.730000e-06	6.346068e-06	6.140357e-09	4.496870e+01	3.655558e+02
1.740000e-06	6.367097e-06	6.171695e-09	4.511770e+01	3.673251e+02
1.750000e-06	6.386495e-06	6.197456e-09	4.525516e+01	3.689948e+02
1.760000e-06	6.404082e-06	6.220890e-09	4.537979e+01	3.705706e+02
1.770000e-06	6.419772e-06	6.246184e-09	4.549097e+01	3.720569e+02
1.780000e-06	6.433608e-06	6.271529e-09	4.558901e+01	3.734563e+02
1.790000e-06	6.445556e-06	6.293412e-09	4.567367e+01	3.747680e+02
1.800000e-06	6.455388e-06	6.312186e-09	4.574334e+01	3.759891e+02
1.810000e-06	6.463227e-06	6.330912e-09	4.579889e+01	3.771153e+02
1.820000e-06	6.469306e-06	6.349143e-09	4.584196e+01	3.781432e+02
1.830000e-06	6.473634e-06	6.364896e-09	4.587264e+01	3.790721e+02
1.840000e-06	6.476037e-06	6.379316e-09	4.588966e+01	3.799045e+02
1.850000e-06	6.476452e-06	6.395785e-09	4.589260e+01	3.806466e+02
1.860000e-06	6.475163e-06	6.412320e-09	4.588347e+01	3.813060e+02
1.870000e-06	6.472299e-06	6.422273e-09	4.586318e+01	3.818903e+02
1.880000e-06	6.467779e-06	6.425655e-09	4.583115e+01	3.824045e+02
1.890000e-06	6.461396e-06	6.430971e-09	4.578592e+01	3.828495e+02
1.900000e-06	6.453199e-06	6.437636e-09	4.572783e+01	3.832217e+02
1.910000e-06	6.443422e-06	6.440174e-09	4.565855e+01	3.835141e+02
1.920000e-06	6.431967e-06	6.437910e-09	4.557738e+01	3.837187e+02
1.930000e-06	6.418525e-06	6.461306e-09	4.548213e+01	3.838291e+02
1.940000e-06	6.402950e-06	6.494753e-09	4.537176e+01	3.838426e+02
1.950000e-06	6.385074e-06	6.486878e-09	4.524509e+01	3.837617e+02
1.960000e-06	6.364598e-06	6.467756e-09	4.509999e+01	3.835932e+02
1.970000e-06	6.341873e-06	6.428899e-09	4.493897e+01	3.833469e+02
1.980000e-06	6.317983e-06	6.422728e-09	4.476968e+01	3.830320e+02
1.990000e-06	6.293415e-06	6.456758e-09	4.459559e+01	3.826549e+02
2.000000e-06	6.267386e-06	6.399721e-09	4.441114e+01	3.822163e+02
2.010000e-06	6.239614e-06	6.392122e-09	4.421435e+01	3.817119e+02
2.020000e-06	6.210540e-06	6.440202e-09	4.400833e+01	3.811326e+02
2.030000e-06	6.179472e-06	6.387514e-09	4.378818e+01	3.804682e+02
2.040000e-06	6.146123e-06	6.403544e-09	4.355187e+01	3.797106e+02
2.050000e-06	6.111344e-06	6.429130e-09	4.330542e+01	3.788567e+02
2.060000e-06	6.074967e-06	6.340563e-09	4.304765e+01	3.779103e+02
2.070000e-06	6.036643e-06	6.314432e-09	4.277608e+01	3.768815e+02
2.080000e-06	5.996594e-06	6.298515e-09	4.249230e+01	3.757843e+02
2.090000e-06	5.954833e-06	6.300915e-09	4.219638e+01	3.746331e+02
2.100000e-06	5.911656e-06	6.324229e-09	4.189042e+01	3.734383e+02
2.110000e-06	5.866990e-06	6.240610e-09	4.157391e+01	3.722029e+02
2.120000e-06	5.820467e-06	6.245283e-09	4.124425e+01	3.709216e+02
2.130000e-06	5.772334e-06	6.268256e-09	4.090317e+01	3.695812e+02
2.140000e-06	5.722505e-06	6.189824e-09	4.055008e+01	3.681638e+02
2.150000e-06	5.670851e-06	6.133484e-09	4.018406e+01	3.666512e+02
2.160000e-06	5.617220e-06	6.104639e-09	3.980402e+01	3.650296e+02
2.170000e-06	5.561649e-06	6.165836e-09	3.941024e+01	3.632930e+02
2.180000e-06	5.504549e-06	6.143081e-09	3.900563e+01	3.614445e+02
2.190000e-06	5.445869e-06	6.021029e-09	3.858982e+01	3.594958e+02
2.200000e-06	5.385652e-06	6.004595e-09	3.816311e+01	3.574638e+02
2.210000e-06	5.323812e-06	6.008480e-09	3.772492e+01	3.553660e+02
2.220000e-06	5.260265e-06	5.977283e-09	3.727462e+01	3.532166e+02
2.230000e-06	5.195143e-06	5.863577e-09	3.681316e+01	3.510224e+02
2.240000e-06	5.128483e-06	5.829759e-09	3.634080e+01	3.487819e+02
2.250000e-06	5.060425e-06	5.901629e-09	3.585853e+01	3.464857e+02
2.260000e-06	4.990902e-06	5.845427e-09	3.536589e+01	3.441197e+02
2.270000e-06	4.919788e-06	5.730038e-09	3.486197e+01	3.416687e+02
2.280000e-06	4.847164e-06	5.660951e-09	3.434735e+01	3.391207e+02
2.290000e-06	4.773132e-06	5.693681e-09	3.382275e+01	3.364693e+02
2.300000e-06	4.697699e-06	5.664408e-09	3.328823e+01	3.337156e+02
2.310000e-06	4.620655e-06	5.533410e-09	3.274229e+01	3.308669e+02
2.320000e-06	4.542040e-06	5.490798e-09	3.218522e+01	3.279342e+02
2.330000e-06	4.462172e-06	5.503321e-09	3.161927e+01	3.249291e+02
2.340000e-06	4.381210e-06	5.476691e-09	3.104557e+01	3.218605e+02
2.350000e-06	4.299181e-06	5.342401e-09	3.046430e+01	3.187323e+02
2.360000e-06	4.216081e-06	5.261588e-09	2.987545e+01	3.155426e+02
2.370000e-06	4.131893e-06	5.282262e-09	2.927889e+01	3.122846e+02
2.380000e-06	4.046493e-06	5.249579e-09	2.867374e+01	3.089491e+02
2.390000e-06	3.959801e-06	5.135916e-09	2.805944e+01	3.055271e+02
2.400000e-06	3.871891e-06	5.038420e-09	2.743650e+01	3.020129e+02
2.410000e-06	3.783005e-06	5.047010e-09	2.680665e+01	2.984053e+02
2.420000e-06	3.693240e-06	5.014858e-09	2.617056e+01	2.947081e+02
2.430000e-06	3.602531e-06	4.890260e-09	2.552779e+01	2.909291e+02
2.440000e-06	3.510925e-06	4.792388e-09	2.487867e+01	2.870772e+02
2.450000e-06	3.418333e-06	4.784844e-09	2.422256e+01	2.831604e+02
2.460000e-06	3.324682e-06	4.761675e-09	2.355893e+01	2.791824e+02
2.470000e-06	3.229897e-06	4.633493e-09	2.288728e+01	2.751419e+02
2.480000e-06	3.134064e-06	4.522798e-09	2.220820e+01	2.710319e+02
2.490000e-06	3.037400e-06	4.499255e-09	2.152323e+01	2.668408e+02
2.500000e-06	2.939931e-06	4.472518e-09	2.083256e+01	2.625552e+02
2.510000e-06	2.841678e-06	4.352988e-09	2.013633e+01	2.581624e+02
2.520000e-06	2.742640e-06	4.237009e-09	1.943454e+01	2.536530e+02
2.530000e-06	2.642882e-06	4.207561e-09	1.872765e+01	2.490230e+02
2.540000e-06	2.542376e-06	4.170326e-09	1.801546e+01	2.442738e+02
2.550000e-06	2.440980e-06	4.044253e-09	1.729696e+01	2.394121e+02
2.560000e-06	2.338587e-06	3.911162e-09	1.657140e+01	2.344476e+02
2.570000e-06	2.235352e-06	3.862810e-09	1.583986e+01	2.293902e+02
2.580000e-06	2.131525e-06	3.818677e-09	1.510414e+01	2.242481e+02
2.590000e-06	2.027137e-06	3.700898e-09	1.436444e+01	2.190254e+02
2.600000e-06	1.922123e-06	3.574475e-09	1.362030e+01	2.137211e+02
2.610000e-06	1.816471e-06	3.518045e-09	1.287164e+01	2.083299e+02
2.620000e-06	1.710439e-06	3.466313e-09	1.212029e+01	2.028430e+02
2.630000e-06	1.604132e-06	3.340345e-09	1.136700e+01	1.972504e+02
2.640000e-06	1.497386e-06	3.199236e-09	1.061058e+01	1.915429e+02
2.650000e-06	1.390208e-06	3.122380e-09	9.851115e+00	1.857145e+02
2.660000e-06	1.282749e-06	3.061436e-09	9.089654e+00	1.797624e+02
2.670000e-06	1.174980e-06	2.940025e-09	8.325995e+00	1.736879e+02
2.680000e-06	1.066913e-06	2.801341e-09	7.560224e+00	1.674953e+02
2.690000e-06	9.586834e-07	2.716605e-09	6.793299e+00	1.611902e+02
2.700000e-06	8.503090e-07	2.647503e-09	6.025350e+00	1.547782e+02
2.710000e-06	7.417594e-07	2.517607e-09	5.256161e+00	1.482633e+02
2.720000e-06	6.330747e-07	2.365303e-09	4.486013e+00	1.416475e+02
2.730000e-06	5.242981e-07	2.263867e-09	3.715214e+00	1.349302e+02
2.740000e-06	4.154591e-07	2.185668e-09	2.943973e+00	1.281092e+02
2.750000e-06	3.065764e-07	2.059014e-09	2.172423e+00	1.211812e+02
2.760000e-06	1.976620e-07	1.905395e-09	1.400647e+00	1.141427e+02
2.770000e-06	8.876239e-08	1.794292e-09	6.289767e-01	1.069904e+02
2.780000e-06	-2.015468e-08	1.706033e-09	-1.428175e-01	9.972188e+01
2.790000e-06	-1.291002e-07	1.575552e-09	-9.148135e-01	9.233494e+01
2.800000e-06	-2.380295e-07	1.414796e-09	-1.686694e+00	8.482809e+01
2.810000e-06	-3.468886e-07	1.289697e-09	-2.458078e+00	7.720051e+01
2.820000e-06	-4.556201e-07	1.191401e-09	-3.228557e+00	6.945279e+01
2.830000e-06	-5.642098e-07	1.055728e-09	-3.998031e+00	6.158814e+01
2.840000e-06	-6.726872e-07	8.880172e-10	-4.766710e+00	5.361387e+01
2.850000e-06	-7.810779e-07	7.529007e-10	-5.534774e+00	4.554275e+01
2.860000e-06	-8.893324e-07	6.475984e-10	-6.301873e+00	3.739370e+01
2.870000e-06	-9.973596e-07	5.113610e-10	-7.067362e+00	2.919138e+01
2.880000e-06	-1.105183e-06	3.438080e-10	-7.831405e+00	2.096445e+01
2.890000e-06	-1.212823e-06	2.024796e-10	-8.594154e+00	1.274263e+01
2.900000e-06	-1.320186e-06	9.079620e-11	-9.354931e+00	4.553088e+00
2.910000e-06	-1.427193e-06	-4.652844e-11	-1.011319e+01	-3.583109e+00
2.920000e-06	-1.533887e-06	-2.114162e-10	-1.086924e+01	-1.165354e+01
2.930000e-06	-1.640288e-06	-3.490069e-10	-1.162320e+01	-1.965533e+01
2.940000e-06	-1.746241e-06	-4.536988e-10	-1.237399e+01	-2.759403e+01
2.950000e-06	-1.851621e-06	-5.791890e-10	-1.312072e+01	-3.548068e+01
2.960000e-06	-1.956459e-06	-7.355745e-10	-1.386361e+01	-4.332770e+01
2.970000e-06	-2.060824e-06	-8.747211e-10	-1.460315e+01	-5.114462e+01
2.980000e-06	-2.164643e-06	-9.843605e-10	-1.533881e+01	-5.893474e+01
2.990000e-06	-2.267720e-06	-1.109462e-09	-1.606923e+01	-6.669357e+01
3.000000e-06	-2.369971e-06	-1.261540e-09	-1.679378e+01	-7.440945e+01
3.010000e-06	-2.471397e-06	-1.398822e-09	-1.751250e+01	-8.206617e+01
3.020000e-06	-2.571939e-06	-1.507482e-09	-1.822494e+01	-8.964683e+01
3.030000e-06	-2.671623e-06	-1.626157e-09	-1.893131e+01	-9.713786e+01
3.040000e-06	-2.770581e-06	-1.768001e-09	-1.963254e+01	-1.045320e+02
3.050000e-06	-2.868842e-06	-1.897157e-09	-2.032882e+01	-1.118296e+02
3.060000e-06	-2.966227e-06	-1.999865e-09	-2.101890e+01	-1.190376e+02
3.070000e-06	-3.062801e-06	-2.110046e-09	-2.170323e+01	-1.261669e+02
3.080000e-06	-3.158715e-06	-2.245974e-09	-2.238288e+01	-1.332286e+02
3.090000e-06	-3.253843e-06	-2.376706e-09	-2.305696e+01	-1.402302e+02
3.100000e-06	-3.347953e-06	-2.483251e-09	-2.372383e+01	-1.471735e+02
3.110000e-06	-3.440875e-06	-2.592747e-09	-2.438229e+01	-1.540536e+02
3.120000e-06	-3.532677e-06	-2.722036e-09	-2.503280e+01	-1.608605e+02
3.130000e-06	-3.623452e-06	-2.842932e-09	-2.567604e+01	-1.675820e+02
3.140000e-06	-3.713186e-06	-2.940476e-09	-2.631190e+01	-1.742070e+02
3.150000e-06	-3.801908e-06	-3.040207e-09	-2.694059e+01	-1.807287e+02
3.160000e-06	-3.889694e-06	-3.159223e-09	-2.756265e+01	-1.871459e+02
3.170000e-06	-3.976490e-06	-3.275433e-09	-2.817770e+01	-1.934629e+02
3.180000e-06	-4.062053e-06	-3.371453e-09	-2.878400e+01	-1.996871e+02
3.190000e-06	-4.146301e-06	-3.467014e-09	-2.938099e+01	-2.058263e+02
3.200000e-06	-4.229443e-06	-3.580134e-09	-2.997014e+01	-2.118851e+02
3.210000e-06	-4.311560e-06	-3.689885e-09	-3.055202e+01	-2.178628e+02
3.220000e-06	-4.392581e-06	-3.779568e-09	-3.112614e+01	-2.237533e+02
3.230000e-06	-4.472443e-06	-3.867132e-09	-3.169205e+01	-2.295458e+02
3.240000e-06	-4.551035e-06	-3.968073e-09	-3.224896e+01	-2.352282e+02
3.250000e-06	-4.628158e-06	-4.067877e-09	-3.279546e+01	-2.407903e+02
3.260000e-06	-4.703788e-06	-4.149020e-09	-3.333138e+01	-2.462270e+02
3.270000e-06	-4.778008e-06	-4.230413e-09	-3.385731e+01	-2.515396e+02
3.280000e-06	-4.850880e-06	-4.329097e-09	-3.437369e+01	-2.567358e+02
3.290000e-06	-4.922555e-06	-4.428601e-09	-3.488158e+01	-2.618272e+02
3.300000e-06	-4.992812e-06	-4.508792e-09	-3.537943e+01	-2.668263e+02
3.310000e-06	-5.061401e-06	-4.581990e-09	-3.586545e+01	-2.717425e+02
3.320000e-06	-5.128524e-06	-4.664956e-09	-3.634109e+01	-2.765797e+02
3.330000e-06	-5.194285e-06	-4.747526e-09	-3.680708e+01	-2.813347e+02
3.340000e-06	-5.258651e-06	-4.818463e-09	-3.726318e+01	-2.859985e+02
3.350000e-06	-5.321564e-06	-4.888011e-09	-3.770898e+01	-2.905578e+02
3.360000e-06	-5.382781e-06	-4.968978e-09	-3.814277e+01	-2.949993e+02
3.370000e-06	-5.442307e-06	-5.052102e-09	-3.856458e+01	-2.993121e+02
3.380000e-06	-5.500304e-06	-5.120278e-09	-3.897555e+01	-3.034903e+02
3.390000e-06	-5.556819e-06	-5.181019e-09	-3.937602e+01	-3.075336e+02
3.400000e-06	-5.611677e-06	-5.249860e-09	-3.976475e+01	-3.114466e+02
3.410000e-06	-5.664585e-06	-5.321020e-09	-4.013966e+01	-3.152364e+02
3.420000e-06	-5.715638e-06	-5.380302e-09	-4.050142e+01	-3.189102e+02
3.430000e-06	-5.764872e-06	-5.432088e-09	-4.085029e+01	-3.224730e+02
3.440000e-06	-5.812112e-06	-5.492098e-09	-4.118504e+01	-3.259268e+02
3.450000e-06	-5.857579e-06	-5.556406e-09	-4.150722e+01	-3.292704e+02
3.460000e-06	-5.901616e-06	-5.607821e-09	-4.181928e+01	-3.325005e+02
3.470000e-06	-5.944287e-06	-5.650319e-09	-4.212164e+01	-3.356140e+02
3.480000e-06	-5.985473e-06	-5.702498e-09	-4.241349e+01	-3.386092e+02
3.490000e-06	-6.025065e-06	-5.760441e-09	-4.269404e+01	-3.414871e+02
3.500000e-06	-6.062929e-06	-5.809566e-09	-4.296235e+01	-3.442514e+02
3.510000e-06	-6.099005e-06	-5.850834e-09	-4.321799e+01	-3.469070e+02
3.520000e-06	-6.133420e-06	-5.895646e-09	-4.346185e+01	-3.494593e+02
3.530000e-06	-6.166218e-06	-5.941914e-09	-4.369427e+01	-3.519117e+02
3.540000e-06	-6.197322e-06	-5.978348e-09	-4.391467e+01	-3.542655e+02
3.550000e-06	-6.226571e-06	-6.007468e-09	-4.412193e+01	-3.565193e+02
3.560000e-06	-6.254052e-06	-6.041389e-09	-4.431666e+01	-3.586702e+02
3.570000e-06	-6.279893e-06	-6.080602e-09	-4.449977e+01	-3.607153e+02
3.580000e-06	-6.304042e-06	-6.115364e-09	-4.467089e+01	-3.626530e+02
3.590000e-06	-6.326380e-06	-6.144679e-09	-4.482918e+01	-3.644844e+02
3.600000e-06	-6.346828e-06	-6.176605e-09	-4.497408e+01	-3.662131e+02
3.610000e-06	-6.365533e-06	-6.209799e-09	-4.510662e+01	-3.678443e+02
3.620000e-06	-6.382608e-06	-6.234257e-09	-4.522762e+01	-3.693834e+02
3.630000e-06	-6.397843e-06	-6.251372e-09	-4.533558e+01	-3.708344e+02
3.640000e-06	-6.410950e-06	-6.269887e-09	-4.542845e+01	-3.721984e+02
3.650000e-06	-6.422061e-06	-6.292503e-09	-4.550719e+01	-3.734740e+02
3.660000e-06	-6.431368e-06	-6.313065e-09	-4.557314e+01	-3.746573e+02
3.670000e-06	-6.438886e-06	-6.329909e-09	-4.562641e+01	-3.757443e+02
3.680000e-06	-6.444474e-06	-6.347936e-09	-4.566600e+01	-3.767323e+02
3.690000e-06	-6.448184e-06	-6.368390e-09	-4.569229e+01	-3.776219e+02
3.700000e-06	-6.450214e-06	-6.386147e-09	-4.570668e+01	-3.784170e+02
3.710000e-06	-6.450497e-06	-6.395053e-09	-4.570868e+01	-3.791244e+02
