# Temperatura_=_20.0
# Concentracion g/m^3_=_12000.0
# C_Vs_to_Am_M_A/Vsm_=_59384043850.047264
# pendiente_HvsI_1/m_=_3716.3
# ordenada_HvsI_A/m_=_1297.0
# frecuencia_Hz_=_269352.07746569207

Tiempo_(s)	Campo_(V.s)	Magnetizacion_(V.s)	Campo_(kA/m)	Magnetizacion_(A/m)
0.000000e+00	-6.415943e-06	-6.119245e-09	-4.570082e+01	-3.626711e+02
1.000000e-08	-6.413883e-06	-6.123190e-09	-4.568615e+01	-3.633056e+02
2.000000e-08	-6.409946e-06	-6.131746e-09	-4.565811e+01	-3.638769e+02
3.000000e-08	-6.404386e-06	-6.142796e-09	-4.561851e+01	-3.643788e+02
4.000000e-08	-6.397266e-06	-6.150807e-09	-4.556779e+01	-3.648000e+02
5.000000e-08	-6.388470e-06	-6.157376e-09	-4.550513e+01	-3.651278e+02
6.000000e-08	-6.377654e-06	-6.165297e-09	-4.542809e+01	-3.653521e+02
7.000000e-08	-6.364898e-06	-6.178043e-09	-4.533723e+01	-3.654703e+02
8.000000e-08	-6.350197e-06	-6.168693e-09	-4.523252e+01	-3.654883e+02
9.000000e-08	-6.333135e-06	-6.114231e-09	-4.511098e+01	-3.654208e+02
1.000000e-07	-6.313858e-06	-6.103588e-09	-4.497367e+01	-3.652876e+02
1.100000e-07	-6.292757e-06	-6.142111e-09	-4.482337e+01	-3.651084e+02
1.200000e-07	-6.270045e-06	-6.176890e-09	-4.466159e+01	-3.648970e+02
1.300000e-07	-6.246110e-06	-6.216872e-09	-4.449110e+01	-3.646574e+02
1.400000e-07	-6.220847e-06	-6.134410e-09	-4.431115e+01	-3.643816e+02
1.500000e-07	-6.193731e-06	-6.071400e-09	-4.411801e+01	-3.640519e+02
1.600000e-07	-6.165020e-06	-6.186503e-09	-4.391350e+01	-3.636449e+02
1.700000e-07	-6.134836e-06	-6.142272e-09	-4.369850e+01	-3.631385e+02
1.800000e-07	-6.102972e-06	-6.045171e-09	-4.347153e+01	-3.625173e+02
1.900000e-07	-6.069566e-06	-6.073526e-09	-4.323358e+01	-3.617775e+02
2.000000e-07	-6.034559e-06	-6.036285e-09	-4.298422e+01	-3.609277e+02
2.100000e-07	-5.997792e-06	-6.077177e-09	-4.272233e+01	-3.599861e+02
2.200000e-07	-5.959373e-06	-6.090018e-09	-4.244867e+01	-3.589758e+02
2.300000e-07	-5.919279e-06	-5.974197e-09	-4.216308e+01	-3.579179e+02
2.400000e-07	-5.877221e-06	-5.974735e-09	-4.186350e+01	-3.568256e+02
2.500000e-07	-5.833296e-06	-6.002213e-09	-4.155063e+01	-3.557011e+02
2.600000e-07	-5.787786e-06	-5.970874e-09	-4.122646e+01	-3.545346e+02
2.700000e-07	-5.740737e-06	-5.917289e-09	-4.089132e+01	-3.533082e+02
2.800000e-07	-5.691890e-06	-5.863987e-09	-4.054339e+01	-3.520006e+02
2.900000e-07	-5.640833e-06	-5.903018e-09	-4.017971e+01	-3.505932e+02
3.000000e-07	-5.587750e-06	-5.900583e-09	-3.980160e+01	-3.490748e+02
3.100000e-07	-5.533037e-06	-5.812347e-09	-3.941187e+01	-3.474446e+02
3.200000e-07	-5.476848e-06	-5.767365e-09	-3.901165e+01	-3.457109e+02
3.300000e-07	-5.418914e-06	-5.777384e-09	-3.859898e+01	-3.438882e+02
3.400000e-07	-5.359181e-06	-5.768203e-09	-3.817350e+01	-3.419929e+02
3.500000e-07	-5.297988e-06	-5.682454e-09	-3.773762e+01	-3.400381e+02
3.600000e-07	-5.235357e-06	-5.642444e-09	-3.729150e+01	-3.380311e+02
3.700000e-07	-5.171224e-06	-5.643883e-09	-3.683468e+01	-3.359716e+02
3.800000e-07	-5.105446e-06	-5.614061e-09	-3.636614e+01	-3.338539e+02
3.900000e-07	-5.037974e-06	-5.568428e-09	-3.588554e+01	-3.316690e+02
4.000000e-07	-4.969021e-06	-5.507815e-09	-3.539438e+01	-3.294087e+02
4.100000e-07	-4.898745e-06	-5.487683e-09	-3.489381e+01	-3.270679e+02
4.200000e-07	-4.827178e-06	-5.463006e-09	-3.438404e+01	-3.246457e+02
4.300000e-07	-4.754284e-06	-5.398788e-09	-3.386481e+01	-3.221451e+02
4.400000e-07	-4.679822e-06	-5.340274e-09	-3.333442e+01	-3.195705e+02
4.500000e-07	-4.603766e-06	-5.308443e-09	-3.279267e+01	-3.169256e+02
4.600000e-07	-4.526307e-06	-5.284728e-09	-3.224093e+01	-3.142114e+02
4.700000e-07	-4.447521e-06	-5.229579e-09	-3.167973e+01	-3.114250e+02
4.800000e-07	-4.367266e-06	-5.173535e-09	-3.110808e+01	-3.085613e+02
4.900000e-07	-4.285602e-06	-5.132880e-09	-3.052638e+01	-3.056143e+02
5.000000e-07	-4.202811e-06	-5.087661e-09	-2.993667e+01	-3.025799e+02
5.100000e-07	-4.119051e-06	-5.025104e-09	-2.934004e+01	-2.994581e+02
5.200000e-07	-4.034458e-06	-4.955318e-09	-2.873749e+01	-2.962531e+02
5.300000e-07	-3.948926e-06	-4.909537e-09	-2.812824e+01	-2.929728e+02
5.400000e-07	-3.862359e-06	-4.868623e-09	-2.751162e+01	-2.896261e+02
5.500000e-07	-3.774743e-06	-4.808673e-09	-2.688753e+01	-2.862200e+02
5.600000e-07	-3.686173e-06	-4.740292e-09	-2.625664e+01	-2.827573e+02
5.700000e-07	-3.596590e-06	-4.686611e-09	-2.561854e+01	-2.792352e+02
5.800000e-07	-3.505716e-06	-4.638975e-09	-2.497125e+01	-2.756459e+02
5.900000e-07	-3.413779e-06	-4.569414e-09	-2.431638e+01	-2.719788e+02
6.000000e-07	-3.321072e-06	-4.496446e-09	-2.365603e+01	-2.682234e+02
6.100000e-07	-3.227442e-06	-4.439063e-09	-2.298910e+01	-2.643724e+02
6.200000e-07	-3.132866e-06	-4.382632e-09	-2.231543e+01	-2.604233e+02
6.300000e-07	-3.037448e-06	-4.307080e-09	-2.163577e+01	-2.563789e+02
6.400000e-07	-2.941239e-06	-4.226356e-09	-2.095047e+01	-2.522454e+02
6.500000e-07	-2.844195e-06	-4.163187e-09	-2.025923e+01	-2.480296e+02
6.600000e-07	-2.746049e-06	-4.102392e-09	-1.956013e+01	-2.437362e+02
6.700000e-07	-2.646791e-06	-4.025363e-09	-1.885312e+01	-2.393654e+02
6.800000e-07	-2.546727e-06	-3.943002e-09	-1.814036e+01	-2.349123e+02
6.900000e-07	-2.446061e-06	-3.873893e-09	-1.742332e+01	-2.303682e+02
7.000000e-07	-2.344643e-06	-3.803811e-09	-1.670091e+01	-2.257232e+02
7.100000e-07	-2.242432e-06	-3.714279e-09	-1.597286e+01	-2.209696e+02
7.200000e-07	-2.139645e-06	-3.619607e-09	-1.524072e+01	-2.161039e+02
7.300000e-07	-2.036279e-06	-3.540499e-09	-1.450443e+01	-2.111286e+02
7.400000e-07	-1.932241e-06	-3.467490e-09	-1.376337e+01	-2.060509e+02
7.500000e-07	-1.827693e-06	-3.378569e-09	-1.301867e+01	-2.008807e+02
7.600000e-07	-1.722728e-06	-3.282895e-09	-1.227101e+01	-1.956267e+02
7.700000e-07	-1.617231e-06	-3.197853e-09	-1.151955e+01	-1.902938e+02
7.800000e-07	-1.511157e-06	-3.115919e-09	-1.076399e+01	-1.848806e+02
7.900000e-07	-1.404589e-06	-3.019761e-09	-1.000490e+01	-1.793798e+02
8.000000e-07	-1.297635e-06	-2.915577e-09	-9.243064e+00	-1.737799e+02
8.100000e-07	-1.190263e-06	-2.821921e-09	-8.478253e+00	-1.680689e+02
8.200000e-07	-1.082492e-06	-2.730829e-09	-7.710603e+00	-1.622371e+02
8.300000e-07	-9.744093e-07	-2.627574e-09	-6.940727e+00	-1.562809e+02
8.400000e-07	-8.661598e-07	-2.516570e-09	-6.169665e+00	-1.502031e+02
8.500000e-07	-7.578148e-07	-2.413255e-09	-5.397922e+00	-1.440125e+02
8.600000e-07	-6.492710e-07	-2.316446e-09	-4.624764e+00	-1.377212e+02
8.700000e-07	-5.405747e-07	-2.209837e-09	-3.850519e+00	-1.313406e+02
8.800000e-07	-4.318702e-07	-2.095237e-09	-3.076215e+00	-1.248783e+02
8.900000e-07	-3.231563e-07	-1.988388e-09	-2.301845e+00	-1.183358e+02
9.000000e-07	-2.143383e-07	-1.886785e-09	-1.526734e+00	-1.117078e+02
9.100000e-07	-1.054391e-07	-1.773622e-09	-7.510434e-01	-1.049835e+02
9.200000e-07	3.448096e-09	-1.649608e-09	2.456082e-02	-9.814972e+01
9.300000e-07	1.123129e-07	-1.530821e-09	8.000060e-01	-9.119410e+01
9.400000e-07	2.211512e-07	-1.418210e-09	1.575262e+00	-8.410794e+01
9.500000e-07	3.299375e-07	-1.296340e-09	2.350148e+00	-7.688827e+01
9.600000e-07	4.386703e-07	-1.166076e-09	3.124653e+00	-6.953839e+01
9.700000e-07	5.473416e-07	-1.042571e-09	3.898720e+00	-6.206724e+01
9.800000e-07	6.558953e-07	-9.259380e-10	4.671949e+00	-5.448799e+01
9.900000e-07	7.642840e-07	-8.006464e-10	5.444003e+00	-4.681667e+01
1.000000e-06	8.724911e-07	-6.620881e-10	6.214763e+00	-3.907103e+01
1.010000e-06	9.805217e-07	-5.245337e-10	6.984266e+00	-3.127005e+01
1.020000e-06	1.088381e-06	-3.951469e-10	7.752549e+00	-2.343380e+01
1.030000e-06	1.196050e-06	-2.634027e-10	8.519473e+00	-1.558344e+01
1.040000e-06	1.303427e-06	-1.242082e-10	9.284320e+00	-7.740606e+00
1.050000e-06	1.410395e-06	8.488802e-12	1.004626e+01	7.369671e-02
1.060000e-06	1.516886e-06	1.285125e-10	1.080479e+01	7.840979e+00
1.070000e-06	1.622858e-06	2.505506e-10	1.155963e+01	1.554731e+01
1.080000e-06	1.728294e-06	3.819739e-10	1.231066e+01	2.318499e+01
1.090000e-06	1.833179e-06	5.125633e-10	1.305775e+01	3.075316e+01
1.100000e-06	1.937528e-06	6.356518e-10	1.380103e+01	3.825701e+01
1.110000e-06	2.041350e-06	7.614885e-10	1.454056e+01	4.570552e+01
1.120000e-06	2.144631e-06	8.930110e-10	1.527623e+01	5.310837e+01
1.130000e-06	2.247308e-06	1.020877e-09	1.600759e+01	6.047260e+01
1.140000e-06	2.349308e-06	1.139103e-09	1.673414e+01	6.780016e+01
1.150000e-06	2.450635e-06	1.254830e-09	1.745590e+01	7.508701e+01
1.160000e-06	2.551259e-06	1.374965e-09	1.817264e+01	8.232386e+01
1.170000e-06	2.651171e-06	1.495370e-09	1.888432e+01	8.949863e+01
1.180000e-06	2.750345e-06	1.611120e-09	1.959073e+01	9.659949e+01
1.190000e-06	2.848586e-06	1.727794e-09	2.029050e+01	1.036178e+02
1.200000e-06	2.945739e-06	1.850722e-09	2.098253e+01	1.105501e+02
1.210000e-06	3.041934e-06	1.971887e-09	2.166773e+01	1.173978e+02
1.220000e-06	3.137273e-06	2.084367e-09	2.234683e+01	1.241661e+02
1.230000e-06	3.231687e-06	2.193270e-09	2.301934e+01	1.308615e+02
1.240000e-06	3.325205e-06	2.303798e-09	2.368547e+01	1.374884e+02
1.250000e-06	3.417908e-06	2.411010e-09	2.434579e+01	1.440479e+02
1.260000e-06	3.509801e-06	2.514170e-09	2.500035e+01	1.505367e+02
1.270000e-06	3.600628e-06	2.620111e-09	2.564731e+01	1.569482e+02
1.280000e-06	3.690178e-06	2.730205e-09	2.628517e+01	1.632751e+02
1.290000e-06	3.778552e-06	2.839016e-09	2.691466e+01	1.695115e+02
1.300000e-06	3.865913e-06	2.943810e-09	2.753693e+01	1.756556e+02
1.310000e-06	3.952318e-06	3.045966e-09	2.815240e+01	1.817100e+02
1.320000e-06	4.037741e-06	3.146680e-09	2.876087e+01	1.876809e+02
1.330000e-06	4.122190e-06	3.243964e-09	2.936240e+01	1.935758e+02
1.340000e-06	4.205666e-06	3.339269e-09	2.995700e+01	1.994007e+02
1.350000e-06	4.288010e-06	3.435193e-09	3.054354e+01	2.051571e+02
1.360000e-06	4.369072e-06	3.532284e-09	3.112094e+01	2.108411e+02
1.370000e-06	4.448918e-06	3.629039e-09	3.168969e+01	2.164435e+02
1.380000e-06	4.527528e-06	3.722809e-09	3.224963e+01	2.219526e+02
1.390000e-06	4.604847e-06	3.812565e-09	3.280037e+01	2.273567e+02
1.400000e-06	4.680896e-06	3.900544e-09	3.334207e+01	2.326480e+02
1.410000e-06	4.755473e-06	3.987916e-09	3.387328e+01	2.378246e+02
1.420000e-06	4.828433e-06	4.072809e-09	3.439298e+01	2.428910e+02
1.430000e-06	4.899963e-06	4.154560e-09	3.490248e+01	2.478564e+02
1.440000e-06	4.970169e-06	4.237292e-09	3.540257e+01	2.527318e+02
1.450000e-06	5.039039e-06	4.322974e-09	3.589312e+01	2.575264e+02
1.460000e-06	5.106583e-06	4.405005e-09	3.637424e+01	2.622443e+02
1.470000e-06	5.172545e-06	4.481340e-09	3.684409e+01	2.668830e+02
1.480000e-06	5.236853e-06	4.556891e-09	3.730215e+01	2.714337e+02
1.490000e-06	5.299731e-06	4.632924e-09	3.775004e+01	2.758835e+02
1.500000e-06	5.361215e-06	4.704501e-09	3.818799e+01	2.802190e+02
1.510000e-06	5.421380e-06	4.773312e-09	3.861654e+01	2.844294e+02
1.520000e-06	5.480063e-06	4.843695e-09	3.903454e+01	2.885091e+02
1.530000e-06	5.536942e-06	4.914221e-09	3.943969e+01	2.924586e+02
1.540000e-06	5.592141e-06	4.981540e-09	3.983288e+01	2.962835e+02
1.550000e-06	5.645734e-06	5.042711e-09	4.021462e+01	2.999919e+02
1.560000e-06	5.697474e-06	5.102391e-09	4.058316e+01	3.035922e+02
1.570000e-06	5.747138e-06	5.160966e-09	4.093692e+01	3.070897e+02
1.580000e-06	5.794911e-06	5.214884e-09	4.127721e+01	3.104860e+02
1.590000e-06	5.841076e-06	5.266848e-09	4.160604e+01	3.137791e+02
1.600000e-06	5.885750e-06	5.322607e-09	4.192426e+01	3.169644e+02
1.610000e-06	5.928787e-06	5.379581e-09	4.223081e+01	3.200373e+02
1.620000e-06	5.969905e-06	5.431184e-09	4.252369e+01	3.229949e+02
1.630000e-06	6.009339e-06	5.478192e-09	4.280458e+01	3.258370e+02
1.640000e-06	6.047249e-06	5.525117e-09	4.307461e+01	3.285667e+02
1.650000e-06	6.083622e-06	5.572665e-09	4.333370e+01	3.311883e+02
1.660000e-06	6.118326e-06	5.614862e-09	4.358090e+01	3.337066e+02
1.670000e-06	6.151145e-06	5.652090e-09	4.381467e+01	3.361251e+02
1.680000e-06	6.182261e-06	5.686584e-09	4.403630e+01	3.384448e+02
1.690000e-06	6.211852e-06	5.720108e-09	4.424708e+01	3.406652e+02
1.700000e-06	6.239907e-06	5.756529e-09	4.444692e+01	3.427846e+02
1.710000e-06	6.266076e-06	5.791896e-09	4.463332e+01	3.448024e+02
1.720000e-06	6.290299e-06	5.825508e-09	4.480586e+01	3.467197e+02
1.730000e-06	6.312876e-06	5.861408e-09	4.496668e+01	3.485404e+02
1.740000e-06	6.333865e-06	5.895465e-09	4.511618e+01	3.502698e+02
1.750000e-06	6.353234e-06	5.921460e-09	4.525415e+01	3.519134e+02
1.760000e-06	6.370780e-06	5.941583e-09	4.537913e+01	3.534752e+02
1.770000e-06	6.386434e-06	5.959069e-09	4.549063e+01	3.549557e+02
1.780000e-06	6.400242e-06	5.976979e-09	4.558899e+01	3.563517e+02
1.790000e-06	6.412114e-06	5.994852e-09	4.567355e+01	3.576573e+02
1.800000e-06	6.421811e-06	6.014991e-09	4.574262e+01	3.588660e+02
1.810000e-06	6.429538e-06	6.039115e-09	4.579766e+01	3.599734e+02
1.820000e-06	6.435605e-06	6.063299e-09	4.584088e+01	3.609790e+02
1.830000e-06	6.439979e-06	6.081534e-09	4.587203e+01	3.618876e+02
1.840000e-06	6.442425e-06	6.092892e-09	4.588946e+01	3.627085e+02
1.850000e-06	6.442866e-06	6.103460e-09	4.589260e+01	3.634526e+02
1.860000e-06	6.441589e-06	6.114730e-09	4.588350e+01	3.641292e+02
1.870000e-06	6.438756e-06	6.121334e-09	4.586332e+01	3.647431e+02
1.880000e-06	6.434258e-06	6.121184e-09	4.583128e+01	3.652921e+02
1.890000e-06	6.427855e-06	6.128574e-09	4.578567e+01	3.657680e+02
1.900000e-06	6.419655e-06	6.142918e-09	4.572726e+01	3.661583e+02
1.910000e-06	6.409870e-06	6.151580e-09	4.565756e+01	3.664509e+02
1.920000e-06	6.398410e-06	6.141569e-09	4.557594e+01	3.666380e+02
1.930000e-06	6.385055e-06	6.142707e-09	4.548081e+01	3.667201e+02
1.940000e-06	6.369627e-06	6.214712e-09	4.537092e+01	3.667066e+02
1.950000e-06	6.351864e-06	6.226409e-09	4.524439e+01	3.666148e+02
1.960000e-06	6.331467e-06	6.175053e-09	4.509910e+01	3.664650e+02
1.970000e-06	6.308787e-06	6.103748e-09	4.493755e+01	3.662752e+02
1.980000e-06	6.284971e-06	6.045870e-09	4.476791e+01	3.660562e+02
1.990000e-06	6.260632e-06	6.193981e-09	4.459455e+01	3.658072e+02
2.000000e-06	6.234858e-06	6.190468e-09	4.441095e+01	3.655165e+02
2.010000e-06	6.207232e-06	6.044802e-09	4.421418e+01	3.651633e+02
2.020000e-06	6.178337e-06	6.167728e-09	4.400835e+01	3.647241e+02
2.030000e-06	6.147469e-06	6.175979e-09	4.378848e+01	3.641786e+02
2.040000e-06	6.114308e-06	6.117250e-09	4.355228e+01	3.635155e+02
2.050000e-06	6.079807e-06	6.181733e-09	4.330653e+01	3.627355e+02
2.060000e-06	6.043773e-06	6.034293e-09	4.304986e+01	3.618514e+02
2.070000e-06	6.005782e-06	6.029876e-09	4.277924e+01	3.608841e+02
2.080000e-06	5.966043e-06	6.154456e-09	4.249618e+01	3.598565e+02
2.090000e-06	5.924491e-06	6.034593e-09	4.220021e+01	3.587874e+02
2.100000e-06	5.881505e-06	6.011513e-09	4.189402e+01	3.576862e+02
2.110000e-06	5.837029e-06	6.000043e-09	4.157722e+01	3.565503e+02
2.120000e-06	5.790653e-06	6.012452e-09	4.124688e+01	3.553665e+02
2.130000e-06	5.742801e-06	6.048335e-09	4.090602e+01	3.541149e+02
2.140000e-06	5.693298e-06	5.875748e-09	4.055342e+01	3.527744e+02
2.150000e-06	5.641923e-06	5.909532e-09	4.018747e+01	3.513288e+02
2.160000e-06	5.588619e-06	5.971859e-09	3.980779e+01	3.497709e+02
2.170000e-06	5.533362e-06	5.880817e-09	3.941419e+01	3.481031e+02
2.180000e-06	5.476560e-06	5.828159e-09	3.900959e+01	3.463369e+02
2.190000e-06	5.418181e-06	5.774566e-09	3.859376e+01	3.444878e+02
2.200000e-06	5.358340e-06	5.846709e-09	3.816751e+01	3.425717e+02
2.210000e-06	5.296953e-06	5.780584e-09	3.773025e+01	3.405996e+02
2.220000e-06	5.233792e-06	5.676380e-09	3.728035e+01	3.385760e+02
2.230000e-06	5.169030e-06	5.698187e-09	3.681905e+01	3.364983e+02
2.240000e-06	5.102682e-06	5.659491e-09	3.634645e+01	3.343592e+02
2.250000e-06	5.034966e-06	5.650095e-09	3.586411e+01	3.321496e+02
2.260000e-06	4.965811e-06	5.547355e-09	3.537152e+01	3.298622e+02
2.270000e-06	4.894942e-06	5.515535e-09	3.486672e+01	3.274935e+02
2.280000e-06	4.822604e-06	5.533437e-09	3.435146e+01	3.250441e+02
2.290000e-06	4.748985e-06	5.458222e-09	3.382707e+01	3.225179e+02
2.300000e-06	4.674082e-06	5.409906e-09	3.329353e+01	3.199194e+02
2.310000e-06	4.597652e-06	5.338050e-09	3.274912e+01	3.172513e+02
2.320000e-06	4.519568e-06	5.341157e-09	3.219293e+01	3.145132e+02
2.330000e-06	4.440137e-06	5.288133e-09	3.162714e+01	3.117013e+02
2.340000e-06	4.359590e-06	5.205014e-09	3.105340e+01	3.088097e+02
2.350000e-06	4.277907e-06	5.167760e-09	3.047157e+01	3.058329e+02
2.360000e-06	4.195103e-06	5.127804e-09	2.988176e+01	3.027682e+02
2.370000e-06	4.111312e-06	5.095794e-09	2.928492e+01	2.996172e+02
2.380000e-06	4.026409e-06	4.991937e-09	2.868015e+01	2.963857e+02
2.390000e-06	3.940177e-06	4.936544e-09	2.806592e+01	2.930822e+02
2.400000e-06	3.852714e-06	4.905961e-09	2.744292e+01	2.897153e+02
2.410000e-06	3.764286e-06	4.856930e-09	2.681305e+01	2.862906e+02
2.420000e-06	3.674968e-06	4.781278e-09	2.617683e+01	2.828090e+02
2.430000e-06	3.584698e-06	4.706067e-09	2.553384e+01	2.792656e+02
2.440000e-06	3.493471e-06	4.677790e-09	2.488403e+01	2.756511e+02
2.450000e-06	3.401316e-06	4.612446e-09	2.422761e+01	2.719547e+02
2.460000e-06	3.308279e-06	4.525077e-09	2.356490e+01	2.681668e+02
2.470000e-06	3.214145e-06	4.447644e-09	2.289439e+01	2.642817e+02
2.480000e-06	3.118882e-06	4.403626e-09	2.221583e+01	2.602991e+02
2.490000e-06	3.022821e-06	4.345659e-09	2.153158e+01	2.562231e+02
2.500000e-06	2.925958e-06	4.251941e-09	2.084162e+01	2.520607e+02
2.510000e-06	2.828211e-06	4.173956e-09	2.014537e+01	2.478182e+02
2.520000e-06	2.729652e-06	4.117961e-09	1.944333e+01	2.434988e+02
2.530000e-06	2.630390e-06	4.053537e-09	1.873629e+01	2.391007e+02
2.540000e-06	2.530456e-06	3.958705e-09	1.802446e+01	2.346173e+02
2.550000e-06	2.429691e-06	3.872916e-09	1.730671e+01	2.300392e+02
2.560000e-06	2.327926e-06	3.808529e-09	1.658184e+01	2.253569e+02
2.570000e-06	2.225284e-06	3.735003e-09	1.585072e+01	2.205641e+02
2.580000e-06	2.121993e-06	3.634001e-09	1.511498e+01	2.156594e+02
2.590000e-06	2.018074e-06	3.540250e-09	1.437476e+01	2.106474e+02
2.600000e-06	1.913583e-06	3.471664e-09	1.363047e+01	2.055366e+02
2.610000e-06	1.808572e-06	3.395858e-09	1.288247e+01	2.003368e+02
2.620000e-06	1.703119e-06	3.293326e-09	1.213133e+01	1.950557e+02
2.630000e-06	1.597261e-06	3.191299e-09	1.137731e+01	1.896958e+02
2.640000e-06	1.490969e-06	3.112184e-09	1.062019e+01	1.842536e+02
2.650000e-06	1.384339e-06	3.028462e-09	9.860660e+00	1.787199e+02
2.660000e-06	1.277408e-06	2.920363e-09	9.098993e+00	1.730824e+02
2.670000e-06	1.170146e-06	2.809712e-09	8.334960e+00	1.673297e+02
2.680000e-06	1.062618e-06	2.721654e-09	7.569038e+00	1.614541e+02
2.690000e-06	9.549589e-07	2.633239e-09	6.802181e+00	1.554542e+02
2.700000e-06	8.472158e-07	2.524021e-09	6.034727e+00	1.493356e+02
2.710000e-06	7.392900e-07	2.409527e-09	5.265970e+00	1.431085e+02
2.720000e-06	6.311672e-07	2.310712e-09	4.495810e+00	1.367852e+02
2.730000e-06	5.229569e-07	2.213005e-09	3.725027e+00	1.303761e+02
2.740000e-06	4.147048e-07	2.096047e-09	2.953946e+00	1.238867e+02
2.750000e-06	3.063848e-07	1.974560e-09	2.182382e+00	1.173158e+02
2.760000e-06	1.979861e-07	1.865075e-09	1.410257e+00	1.106558e+02
2.770000e-06	8.955693e-08	1.757942e-09	6.379149e-01	1.038948e+02
2.780000e-06	-1.885692e-08	1.637009e-09	-1.343180e-01	9.701935e+01
2.790000e-06	-1.272234e-07	1.513408e-09	-9.062136e-01	9.001824e+01
2.800000e-06	-2.355843e-07	1.399840e-09	-1.678069e+00	8.288474e+01
2.810000e-06	-3.439334e-07	1.286343e-09	-2.449841e+00	7.561825e+01
2.820000e-06	-4.521540e-07	1.158344e-09	-3.220698e+00	6.822431e+01
2.830000e-06	-5.602051e-07	1.024164e-09	-3.990347e+00	6.071361e+01
2.840000e-06	-6.682088e-07	8.978926e-10	-4.759658e+00	5.310057e+01
2.850000e-06	-7.761571e-07	7.752516e-10	-5.528575e+00	4.540195e+01
2.860000e-06	-8.838976e-07	6.428547e-10	-6.296011e+00	3.763599e+01
2.870000e-06	-9.913980e-07	5.047046e-10	-7.061737e+00	2.982209e+01
2.880000e-06	-1.098710e-06	3.731160e-10	-7.826123e+00	2.198074e+01
2.890000e-06	-1.205830e-06	2.457547e-10	-8.589139e+00	1.413339e+01
2.900000e-06	-1.312690e-06	1.132212e-10	-9.350300e+00	6.301603e+00
2.910000e-06	-1.419212e-06	-2.309536e-11	-1.010906e+01	-1.494313e+00
2.920000e-06	-1.525381e-06	-1.532089e-10	-1.086530e+01	-9.237346e+00
2.930000e-06	-1.631224e-06	-2.777076e-10	-1.161922e+01	-1.691575e+01
2.940000e-06	-1.736675e-06	-4.064540e-10	-1.237035e+01	-2.452438e+01
2.950000e-06	-1.841627e-06	-5.400549e-10	-1.311793e+01	-3.206484e+01
2.960000e-06	-1.946026e-06	-6.671794e-10	-1.386156e+01	-3.954405e+01
2.970000e-06	-2.049840e-06	-7.892129e-10	-1.460103e+01	-4.697166e+01
2.980000e-06	-2.153046e-06	-9.139887e-10	-1.533617e+01	-5.435672e+01
2.990000e-06	-2.255598e-06	-1.040556e-09	-1.606664e+01	-6.170457e+01
3.000000e-06	-2.357299e-06	-1.162806e-09	-1.679106e+01	-6.901493e+01
3.010000e-06	-2.458059e-06	-1.282085e-09	-1.750878e+01	-7.628161e+01
3.020000e-06	-2.558039e-06	-1.405957e-09	-1.822094e+01	-8.349393e+01
3.030000e-06	-2.657368e-06	-1.534250e-09	-1.892846e+01	-9.063954e+01
3.040000e-06	-2.756035e-06	-1.655906e-09	-1.963126e+01	-9.770750e+01
3.050000e-06	-2.853911e-06	-1.768168e-09	-2.032844e+01	-1.046910e+02
3.060000e-06	-2.950927e-06	-1.879701e-09	-2.101948e+01	-1.115884e+02
3.070000e-06	-3.047117e-06	-1.994867e-09	-2.170465e+01	-1.184028e+02
3.080000e-06	-3.142528e-06	-2.111063e-09	-2.238425e+01	-1.251404e+02
3.090000e-06	-3.237083e-06	-2.225427e-09	-2.305778e+01	-1.318070e+02
3.100000e-06	-3.330594e-06	-2.339938e-09	-2.372385e+01	-1.384060e+02
3.110000e-06	-3.422979e-06	-2.456868e-09	-2.438191e+01	-1.449369e+02
3.120000e-06	-3.514290e-06	-2.569215e-09	-2.503233e+01	-1.513949e+02
3.130000e-06	-3.604616e-06	-2.671268e-09	-2.567572e+01	-1.577728e+02
3.140000e-06	-3.693933e-06	-2.771951e-09	-2.631192e+01	-1.640635e+02
3.150000e-06	-3.782218e-06	-2.877572e-09	-2.694077e+01	-1.702626e+02
3.160000e-06	-3.869616e-06	-2.983097e-09	-2.756332e+01	-1.763698e+02
3.170000e-06	-3.955968e-06	-3.085458e-09	-2.817840e+01	-1.823893e+02
3.180000e-06	-4.041007e-06	-3.186357e-09	-2.878413e+01	-1.883281e+02
3.190000e-06	-4.124838e-06	-3.288532e-09	-2.938126e+01	-1.941935e+02
3.200000e-06	-4.207588e-06	-3.389173e-09	-2.997069e+01	-1.999901e+02
3.210000e-06	-4.289286e-06	-3.483371e-09	-3.055263e+01	-2.057174e+02
3.220000e-06	-4.369916e-06	-3.574521e-09	-3.112695e+01	-2.113693e+02
3.230000e-06	-4.449401e-06	-3.669266e-09	-3.169313e+01	-2.169355e+02
3.240000e-06	-4.527632e-06	-3.765291e-09	-3.225037e+01	-2.224037e+02
3.250000e-06	-4.604388e-06	-3.855204e-09	-3.279710e+01	-2.277634e+02
3.260000e-06	-4.679652e-06	-3.940206e-09	-3.333321e+01	-2.330089e+02
3.270000e-06	-4.753532e-06	-4.026531e-09	-3.385945e+01	-2.381406e+02
3.280000e-06	-4.826015e-06	-4.113321e-09	-3.437576e+01	-2.431651e+02
3.290000e-06	-4.897147e-06	-4.196731e-09	-3.488243e+01	-2.480928e+02
3.300000e-06	-4.966829e-06	-4.277729e-09	-3.537877e+01	-2.529343e+02
3.310000e-06	-5.034960e-06	-4.359245e-09	-3.586407e+01	-2.576973e+02
3.320000e-06	-5.101712e-06	-4.440103e-09	-3.633955e+01	-2.623835e+02
3.330000e-06	-5.167145e-06	-4.515353e-09	-3.680562e+01	-2.669877e+02
3.340000e-06	-5.231185e-06	-4.584836e-09	-3.726179e+01	-2.714995e+02
3.350000e-06	-5.293767e-06	-4.654621e-09	-3.770755e+01	-2.759052e+02
3.360000e-06	-5.354627e-06	-4.727569e-09	-3.814106e+01	-2.801921e+02
3.370000e-06	-5.413839e-06	-4.799545e-09	-3.856283e+01	-2.843511e+02
3.380000e-06	-5.471651e-06	-4.869191e-09	-3.897462e+01	-2.883789e+02
3.390000e-06	-5.527904e-06	-4.936634e-09	-3.937531e+01	-2.922781e+02
3.400000e-06	-5.582434e-06	-5.001694e-09	-3.976373e+01	-2.960555e+02
3.410000e-06	-5.635063e-06	-5.063023e-09	-4.013861e+01	-2.997199e+02
3.420000e-06	-5.685780e-06	-5.119287e-09	-4.049987e+01	-3.032784e+02
3.430000e-06	-5.734612e-06	-5.173445e-09	-4.084770e+01	-3.067353e+02
3.440000e-06	-5.781503e-06	-5.228100e-09	-4.118170e+01	-3.100906e+02
3.450000e-06	-5.826779e-06	-5.282160e-09	-4.150420e+01	-3.133411e+02
3.460000e-06	-5.870688e-06	-5.332965e-09	-4.181697e+01	-3.164821e+02
3.470000e-06	-5.913173e-06	-5.382750e-09	-4.211959e+01	-3.195092e+02
3.480000e-06	-5.954152e-06	-5.434355e-09	-4.241148e+01	-3.224206e+02
3.490000e-06	-5.993639e-06	-5.483929e-09	-4.269275e+01	-3.252174e+02
3.500000e-06	-6.031371e-06	-5.529989e-09	-4.296151e+01	-3.279032e+02
3.510000e-06	-6.067190e-06	-5.573516e-09	-4.321666e+01	-3.304829e+02
3.520000e-06	-6.101339e-06	-5.614961e-09	-4.345990e+01	-3.329608e+02
3.530000e-06	-6.133915e-06	-5.653440e-09	-4.369194e+01	-3.353394e+02
3.540000e-06	-6.164844e-06	-5.687453e-09	-4.391224e+01	-3.376193e+02
3.550000e-06	-6.193905e-06	-5.719859e-09	-4.411924e+01	-3.397993e+02
3.560000e-06	-6.221218e-06	-5.755449e-09	-4.431380e+01	-3.418779e+02
3.570000e-06	-6.246911e-06	-5.793209e-09	-4.449681e+01	-3.438550e+02
3.580000e-06	-6.270942e-06	-5.827278e-09	-4.466798e+01	-3.457328e+02
3.590000e-06	-6.293205e-06	-5.859500e-09	-4.482656e+01	-3.475158e+02
3.600000e-06	-6.313540e-06	-5.893057e-09	-4.497141e+01	-3.492098e+02
3.610000e-06	-6.332156e-06	-5.922472e-09	-4.510401e+01	-3.508197e+02
3.620000e-06	-6.349167e-06	-5.944044e-09	-4.522518e+01	-3.523484e+02
3.630000e-06	-6.364353e-06	-5.962419e-09	-4.533335e+01	-3.537950e+02
3.640000e-06	-6.377449e-06	-5.982649e-09	-4.542663e+01	-3.551552e+02
3.650000e-06	-6.388499e-06	-6.006659e-09	-4.550534e+01	-3.564225e+02
3.660000e-06	-6.397707e-06	-6.031361e-09	-4.557093e+01	-3.575908e+02
3.670000e-06	-6.405184e-06	-6.052921e-09	-4.562419e+01	-3.586570e+02
3.680000e-06	-6.410730e-06	-6.071532e-09	-4.566369e+01	-3.596227e+02
3.690000e-06	-6.414393e-06	-6.088141e-09	-4.568978e+01	-3.604945e+02
3.700000e-06	-6.416409e-06	-6.103608e-09	-4.570415e+01	-3.612826e+02
3.710000e-06	-6.416718e-06	-6.113896e-09	-4.570635e+01	-3.619978e+02
