# Temperatura_=_20.0
# Concentracion g/m^3_=_12000.0
# C_Vs_to_Am_M_A/Vsm_=_59384043850.047264
# pendiente_HvsI_1/m_=_3716.3
# ordenada_HvsI_A/m_=_1297.0
# frecuencia_Hz_=_269358.4450509937

Tiempo_(s)	Campo_(V.s)	Magnetizacion_(V.s)	Campo_(kA/m)	Magnetizacion_(A/m)
0.000000e+00	-6.433285e-06	-6.323407e-09	-4.569724e+01	-3.751963e+02
1.000000e-08	-6.431308e-06	-6.331966e-09	-4.568321e+01	-3.758376e+02
2.000000e-08	-6.427416e-06	-6.341667e-09	-4.565556e+01	-3.764240e+02
3.000000e-08	-6.421978e-06	-6.351705e-09	-4.561693e+01	-3.769488e+02
4.000000e-08	-6.414999e-06	-6.358029e-09	-4.556736e+01	-3.773967e+02
5.000000e-08	-6.406293e-06	-6.362868e-09	-4.550551e+01	-3.777489e+02
6.000000e-08	-6.395608e-06	-6.368759e-09	-4.542962e+01	-3.779889e+02
7.000000e-08	-6.382941e-06	-6.371760e-09	-4.533964e+01	-3.781088e+02
8.000000e-08	-6.368263e-06	-6.366946e-09	-4.523538e+01	-3.781125e+02
9.000000e-08	-6.351238e-06	-6.347702e-09	-4.511445e+01	-3.780164e+02
1.000000e-07	-6.332069e-06	-6.338823e-09	-4.497828e+01	-3.778449e+02
1.100000e-07	-6.311039e-06	-6.356486e-09	-4.482890e+01	-3.776239e+02
1.200000e-07	-6.288323e-06	-6.370794e-09	-4.466755e+01	-3.773735e+02
1.300000e-07	-6.264380e-06	-6.369948e-09	-4.449747e+01	-3.771013e+02
1.400000e-07	-6.239133e-06	-6.361474e-09	-4.431814e+01	-3.767996e+02
1.500000e-07	-6.212100e-06	-6.331629e-09	-4.412611e+01	-3.764470e+02
1.600000e-07	-6.183472e-06	-6.339243e-09	-4.392276e+01	-3.760142e+02
1.700000e-07	-6.153388e-06	-6.343124e-09	-4.370907e+01	-3.754719e+02
1.800000e-07	-6.121633e-06	-6.285174e-09	-4.348350e+01	-3.747993e+02
1.900000e-07	-6.088212e-06	-6.265381e-09	-4.324610e+01	-3.739904e+02
2.000000e-07	-6.053130e-06	-6.266509e-09	-4.299691e+01	-3.730559e+02
2.100000e-07	-6.016363e-06	-6.255891e-09	-4.273574e+01	-3.720205e+02
2.200000e-07	-5.977966e-06	-6.247942e-09	-4.246300e+01	-3.709161e+02
2.300000e-07	-5.937879e-06	-6.224533e-09	-4.217825e+01	-3.697730e+02
2.400000e-07	-5.895911e-06	-6.195674e-09	-4.188015e+01	-3.686114e+02
2.500000e-07	-5.852130e-06	-6.174512e-09	-4.156915e+01	-3.674362e+02
2.600000e-07	-5.806656e-06	-6.151965e-09	-4.124614e+01	-3.662359e+02
2.700000e-07	-5.759516e-06	-6.124639e-09	-4.091129e+01	-3.649858e+02
2.800000e-07	-5.710589e-06	-6.091270e-09	-4.056375e+01	-3.636558e+02
2.900000e-07	-5.659517e-06	-6.090642e-09	-4.020098e+01	-3.622181e+02
3.000000e-07	-5.606357e-06	-6.080629e-09	-3.982337e+01	-3.606553e+02
3.100000e-07	-5.551543e-06	-6.025757e-09	-3.943401e+01	-3.589644e+02
3.200000e-07	-5.495298e-06	-5.990781e-09	-3.903449e+01	-3.571567e+02
3.300000e-07	-5.437346e-06	-5.957995e-09	-3.862284e+01	-3.552541e+02
3.400000e-07	-5.377589e-06	-5.924777e-09	-3.819837e+01	-3.532816e+02
3.500000e-07	-5.316353e-06	-5.894081e-09	-3.776340e+01	-3.512610e+02
3.600000e-07	-5.253656e-06	-5.861509e-09	-3.731804e+01	-3.492040e+02
3.700000e-07	-5.189469e-06	-5.829524e-09	-3.686211e+01	-3.471103e+02
3.800000e-07	-5.123652e-06	-5.791801e-09	-3.639459e+01	-3.449681e+02
3.900000e-07	-5.056121e-06	-5.750319e-09	-3.591491e+01	-3.427588e+02
4.000000e-07	-4.987133e-06	-5.700147e-09	-3.542487e+01	-3.404624e+02
4.100000e-07	-4.916846e-06	-5.661014e-09	-3.492560e+01	-3.380637e+02
4.200000e-07	-4.845343e-06	-5.632163e-09	-3.441769e+01	-3.355560e+02
4.300000e-07	-4.772484e-06	-5.593354e-09	-3.390016e+01	-3.329417e+02
4.400000e-07	-4.697913e-06	-5.543271e-09	-3.337046e+01	-3.302314e+02
4.500000e-07	-4.621678e-06	-5.488344e-09	-3.282895e+01	-3.274386e+02
4.600000e-07	-4.544054e-06	-5.437396e-09	-3.227756e+01	-3.245762e+02
4.700000e-07	-4.465008e-06	-5.388660e-09	-3.171608e+01	-3.216519e+02
4.800000e-07	-4.384523e-06	-5.336980e-09	-3.114438e+01	-3.186665e+02
4.900000e-07	-4.302808e-06	-5.292731e-09	-3.056393e+01	-3.156148e+02
5.000000e-07	-4.219940e-06	-5.247166e-09	-2.997530e+01	-3.124876e+02
5.100000e-07	-4.136108e-06	-5.193506e-09	-2.937982e+01	-3.092754e+02
5.200000e-07	-4.051415e-06	-5.130421e-09	-2.877822e+01	-3.059720e+02
5.300000e-07	-3.965706e-06	-5.065632e-09	-2.816941e+01	-3.025766e+02
5.400000e-07	-3.878975e-06	-5.006350e-09	-2.755334e+01	-2.990938e+02
5.500000e-07	-3.791326e-06	-4.952604e-09	-2.693075e+01	-2.955320e+02
5.600000e-07	-3.702729e-06	-4.898066e-09	-2.630142e+01	-2.919006e+02
5.700000e-07	-3.612866e-06	-4.834047e-09	-2.566310e+01	-2.882072e+02
5.800000e-07	-3.521754e-06	-4.771639e-09	-2.501591e+01	-2.844550e+02
5.900000e-07	-3.429762e-06	-4.706449e-09	-2.436246e+01	-2.806421e+02
6.000000e-07	-3.336912e-06	-4.635326e-09	-2.370293e+01	-2.767620e+02
6.100000e-07	-3.243120e-06	-4.563749e-09	-2.303670e+01	-2.728057e+02
6.200000e-07	-3.148361e-06	-4.499110e-09	-2.236360e+01	-2.687639e+02
6.300000e-07	-3.052748e-06	-4.438630e-09	-2.168444e+01	-2.646292e+02
6.400000e-07	-2.956381e-06	-4.371684e-09	-2.099992e+01	-2.603971e+02
6.500000e-07	-2.858978e-06	-4.296944e-09	-2.030804e+01	-2.560662e+02
6.600000e-07	-2.760382e-06	-4.217910e-09	-1.960769e+01	-2.516375e+02
6.700000e-07	-2.660858e-06	-4.139930e-09	-1.890075e+01	-2.471124e+02
6.800000e-07	-2.560720e-06	-4.060205e-09	-1.818944e+01	-2.424920e+02
6.900000e-07	-2.459911e-06	-3.980608e-09	-1.747337e+01	-2.377760e+02
7.000000e-07	-2.358244e-06	-3.903932e-09	-1.675120e+01	-2.329630e+02
7.100000e-07	-2.255787e-06	-3.826135e-09	-1.602343e+01	-2.280508e+02
7.200000e-07	-2.152784e-06	-3.742162e-09	-1.529177e+01	-2.230378e+02
7.300000e-07	-2.049285e-06	-3.652469e-09	-1.455659e+01	-2.179234e+02
7.400000e-07	-1.945165e-06	-3.562368e-09	-1.381700e+01	-2.127086e+02
7.500000e-07	-1.840432e-06	-3.472437e-09	-1.307305e+01	-2.073949e+02
7.600000e-07	-1.735050e-06	-3.382008e-09	-1.232450e+01	-2.019837e+02
7.700000e-07	-1.628969e-06	-3.292449e-09	-1.157098e+01	-1.964751e+02
7.800000e-07	-1.522358e-06	-3.203952e-09	-1.081369e+01	-1.908672e+02
7.900000e-07	-1.415337e-06	-3.111945e-09	-1.005350e+01	-1.851559e+02
8.000000e-07	-1.307930e-06	-3.012570e-09	-9.290554e+00	-1.793356e+02
8.100000e-07	-1.200219e-06	-2.909169e-09	-8.525455e+00	-1.734010e+02
8.200000e-07	-1.092281e-06	-2.804985e-09	-7.758751e+00	-1.673484e+02
8.300000e-07	-9.841468e-07	-2.700621e-09	-6.990643e+00	-1.611773e+02
8.400000e-07	-8.757635e-07	-2.596262e-09	-6.220769e+00	-1.548907e+02
8.500000e-07	-7.671621e-07	-2.491382e-09	-5.449346e+00	-1.484945e+02
8.600000e-07	-6.583832e-07	-2.384580e-09	-4.676662e+00	-1.419964e+02
8.700000e-07	-5.494722e-07	-2.275962e-09	-3.903040e+00	-1.354037e+02
8.800000e-07	-4.404708e-07	-2.165132e-09	-3.128776e+00	-1.287209e+02
8.900000e-07	-3.313397e-07	-2.052633e-09	-2.353589e+00	-1.219486e+02
9.000000e-07	-2.221515e-07	-1.938408e-09	-1.577998e+00	-1.150831e+02
9.100000e-07	-1.129926e-07	-1.822552e-09	-8.026152e-01	-1.081161e+02
9.200000e-07	-3.851138e-09	-1.703414e-09	-2.735560e-02	-1.010372e+02
9.300000e-07	1.052935e-07	-1.579069e-09	7.479265e-01	-9.383510e+01
9.400000e-07	2.144647e-07	-1.454489e-09	1.523397e+00	-8.650037e+01
9.500000e-07	3.236124e-07	-1.330534e-09	2.298700e+00	-7.902719e+01
9.600000e-07	4.326558e-07	-1.205203e-09	3.073263e+00	-7.141483e+01
9.700000e-07	5.415825e-07	-1.076146e-09	3.846997e+00	-6.366848e+01
9.800000e-07	6.504365e-07	-9.449908e-10	4.620215e+00	-5.579937e+01
9.900000e-07	7.591553e-07	-8.131145e-10	5.392472e+00	-4.782447e+01
1.000000e-06	8.676392e-07	-6.761219e-10	6.163060e+00	-3.976557e+01
1.010000e-06	9.759255e-07	-5.350955e-10	6.932245e+00	-3.164812e+01
1.020000e-06	1.084023e-06	-3.962330e-10	7.700090e+00	-2.349947e+01
1.030000e-06	1.191885e-06	-2.616764e-10	8.466259e+00	-1.534694e+01
1.040000e-06	1.299469e-06	-1.259389e-10	9.230453e+00	-7.215513e+00
1.050000e-06	1.406762e-06	1.356926e-11	9.992584e+00	8.742788e-01
1.060000e-06	1.513676e-06	1.497473e-10	1.075202e+01	8.908116e+00
1.070000e-06	1.620116e-06	2.797121e-10	1.150810e+01	1.687875e+01
1.080000e-06	1.726028e-06	4.094352e-10	1.226042e+01	2.478571e+01
1.090000e-06	1.831317e-06	5.414066e-10	1.300831e+01	3.263380e+01
1.100000e-06	1.935980e-06	6.730782e-10	1.375175e+01	4.043058e+01
1.110000e-06	2.040107e-06	8.023201e-10	1.449140e+01	4.818340e+01
1.120000e-06	2.143680e-06	9.312743e-10	1.522710e+01	5.589669e+01
1.130000e-06	2.246595e-06	1.062492e-09	1.595813e+01	6.357017e+01
1.140000e-06	2.348827e-06	1.192689e-09	1.668431e+01	7.119852e+01
1.150000e-06	2.450412e-06	1.318631e-09	1.740590e+01	7.877253e+01
1.160000e-06	2.551368e-06	1.441233e-09	1.812301e+01	8.628138e+01
1.170000e-06	2.651611e-06	1.564238e-09	1.883506e+01	9.371539e+01
1.180000e-06	2.751077e-06	1.687068e-09	1.954160e+01	1.010684e+02
1.190000e-06	2.849676e-06	1.808168e-09	2.024197e+01	1.083387e+02
1.200000e-06	2.947189e-06	1.929333e-09	2.093463e+01	1.155292e+02
1.210000e-06	3.043639e-06	2.051481e-09	2.161974e+01	1.226452e+02
1.220000e-06	3.139237e-06	2.171919e-09	2.229879e+01	1.296921e+02
1.230000e-06	3.234003e-06	2.288536e-09	2.297194e+01	1.366726e+02
1.240000e-06	3.327860e-06	2.402841e-09	2.363863e+01	1.435854e+02
1.250000e-06	3.420811e-06	2.515909e-09	2.429888e+01	1.504248e+02
1.260000e-06	3.512887e-06	2.627829e-09	2.495292e+01	1.571820e+02
1.270000e-06	3.604035e-06	2.738145e-09	2.560037e+01	1.638480e+02
1.280000e-06	3.694043e-06	2.847184e-09	2.623972e+01	1.704160e+02
1.290000e-06	3.782778e-06	2.956947e-09	2.687003e+01	1.768840e+02
1.300000e-06	3.870458e-06	3.068014e-09	2.749284e+01	1.832553e+02
1.310000e-06	3.957205e-06	3.176549e-09	2.810903e+01	1.895372e+02
1.320000e-06	4.042935e-06	3.281303e-09	2.871799e+01	1.957385e+02
1.330000e-06	4.127671e-06	3.383662e-09	2.931989e+01	2.018662e+02
1.340000e-06	4.211420e-06	3.483624e-09	2.991478e+01	2.079223e+02
1.350000e-06	4.294065e-06	3.582693e-09	3.050183e+01	2.139023e+02
1.360000e-06	4.375481e-06	3.681756e-09	3.108015e+01	2.197953e+02
1.370000e-06	4.455626e-06	3.779773e-09	3.164944e+01	2.255869e+02
1.380000e-06	4.534515e-06	3.875986e-09	3.220981e+01	2.312621e+02
1.390000e-06	4.612147e-06	3.970287e-09	3.276125e+01	2.368100e+02
1.400000e-06	4.688462e-06	4.062134e-09	3.330333e+01	2.422262e+02
1.410000e-06	4.763311e-06	4.151102e-09	3.383500e+01	2.475143e+02
1.420000e-06	4.836650e-06	4.236912e-09	3.435594e+01	2.526845e+02
1.430000e-06	4.908511e-06	4.319350e-09	3.486639e+01	2.577504e+02
1.440000e-06	4.978952e-06	4.403185e-09	3.536675e+01	2.627257e+02
1.450000e-06	5.048055e-06	4.489248e-09	3.585761e+01	2.676193e+02
1.460000e-06	5.115839e-06	4.571239e-09	3.633909e+01	2.724339e+02
1.470000e-06	5.182086e-06	4.649246e-09	3.680966e+01	2.771649e+02
1.480000e-06	5.246702e-06	4.727405e-09	3.726865e+01	2.818025e+02
1.490000e-06	5.309930e-06	4.805299e-09	3.771777e+01	2.863346e+02
1.500000e-06	5.371746e-06	4.877695e-09	3.815687e+01	2.907506e+02
1.510000e-06	5.432169e-06	4.947386e-09	3.858607e+01	2.950439e+02
1.520000e-06	5.491135e-06	5.020184e-09	3.900492e+01	2.992130e+02
1.530000e-06	5.548332e-06	5.091602e-09	3.941120e+01	3.032614e+02
1.540000e-06	5.603819e-06	5.157453e-09	3.980534e+01	3.071946e+02
1.550000e-06	5.657628e-06	5.219960e-09	4.018756e+01	3.110180e+02
1.560000e-06	5.709591e-06	5.283332e-09	4.055666e+01	3.147344e+02
1.570000e-06	5.759583e-06	5.344423e-09	4.091177e+01	3.183428e+02
1.580000e-06	5.807622e-06	5.400102e-09	4.125300e+01	3.218391e+02
1.590000e-06	5.853996e-06	5.453387e-09	4.158241e+01	3.252181e+02
1.600000e-06	5.898886e-06	5.510610e-09	4.190128e+01	3.284759e+02
1.610000e-06	5.942159e-06	5.568762e-09	4.220865e+01	3.316121e+02
1.620000e-06	5.983563e-06	5.619306e-09	4.250276e+01	3.346311e+02
1.630000e-06	6.023273e-06	5.667123e-09	4.278483e+01	3.375404e+02
1.640000e-06	6.061437e-06	5.715929e-09	4.305592e+01	3.403492e+02
1.650000e-06	6.098005e-06	5.763356e-09	4.331567e+01	3.430647e+02
1.660000e-06	6.132868e-06	5.805384e-09	4.356331e+01	3.456895e+02
1.670000e-06	6.165883e-06	5.845100e-09	4.379782e+01	3.482206e+02
1.680000e-06	6.197222e-06	5.884646e-09	4.402043e+01	3.506497e+02
1.690000e-06	6.226975e-06	5.924685e-09	4.423178e+01	3.529659e+02
1.700000e-06	6.255183e-06	5.963901e-09	4.443214e+01	3.551597e+02
1.710000e-06	6.281627e-06	6.000184e-09	4.461998e+01	3.572260e+02
1.720000e-06	6.306114e-06	6.034021e-09	4.479392e+01	3.591668e+02
1.730000e-06	6.328833e-06	6.065052e-09	4.495530e+01	3.609912e+02
1.740000e-06	6.349944e-06	6.093434e-09	4.510526e+01	3.627134e+02
1.750000e-06	6.369498e-06	6.117198e-09	4.524415e+01	3.643483e+02
1.760000e-06	6.387291e-06	6.140785e-09	4.537054e+01	3.659077e+02
1.770000e-06	6.403144e-06	6.164997e-09	4.548315e+01	3.673968e+02
1.780000e-06	6.417121e-06	6.188942e-09	4.558243e+01	3.688127e+02
1.790000e-06	6.429144e-06	6.211196e-09	4.566783e+01	3.701461e+02
1.800000e-06	6.439020e-06	6.230903e-09	4.573798e+01	3.713847e+02
1.810000e-06	6.446942e-06	6.249629e-09	4.579426e+01	3.725181e+02
1.820000e-06	6.453117e-06	6.266169e-09	4.583812e+01	3.735419e+02
1.830000e-06	6.457562e-06	6.280661e-09	4.586969e+01	3.744597e+02
1.840000e-06	6.460179e-06	6.296129e-09	4.588828e+01	3.752828e+02
1.850000e-06	6.460787e-06	6.311453e-09	4.589260e+01	3.760266e+02
1.860000e-06	6.459551e-06	6.324560e-09	4.588382e+01	3.767060e+02
1.870000e-06	6.456710e-06	6.333786e-09	4.586364e+01	3.773296e+02
1.880000e-06	6.452292e-06	6.339380e-09	4.583226e+01	3.778969e+02
1.890000e-06	6.446051e-06	6.346130e-09	4.578793e+01	3.783977e+02
1.900000e-06	6.437963e-06	6.352703e-09	4.573048e+01	3.788147e+02
1.910000e-06	6.428286e-06	6.357550e-09	4.566173e+01	3.791291e+02
1.920000e-06	6.416925e-06	6.361112e-09	4.558104e+01	3.793271e+02
1.930000e-06	6.403621e-06	6.367394e-09	4.548654e+01	3.794050e+02
1.940000e-06	6.388247e-06	6.393077e-09	4.537733e+01	3.793715e+02
1.950000e-06	6.370556e-06	6.399419e-09	4.525166e+01	3.792468e+02
1.960000e-06	6.350286e-06	6.367725e-09	4.510768e+01	3.790565e+02
1.970000e-06	6.327762e-06	6.342667e-09	4.494769e+01	3.788255e+02
1.980000e-06	6.304000e-06	6.330035e-09	4.477890e+01	3.785696e+02
1.990000e-06	6.279531e-06	6.352937e-09	4.460509e+01	3.782907e+02
2.000000e-06	6.253682e-06	6.373045e-09	4.442148e+01	3.779757e+02
2.010000e-06	6.226114e-06	6.323228e-09	4.422566e+01	3.775995e+02
2.020000e-06	6.197147e-06	6.327325e-09	4.401990e+01	3.771315e+02
2.030000e-06	6.166262e-06	6.371598e-09	4.380051e+01	3.765447e+02
2.040000e-06	6.133201e-06	6.347108e-09	4.356567e+01	3.758236e+02
2.050000e-06	6.098700e-06	6.331776e-09	4.332060e+01	3.749682e+02
2.060000e-06	6.062658e-06	6.310523e-09	4.306459e+01	3.739951e+02
2.070000e-06	6.024651e-06	6.277674e-09	4.279462e+01	3.729327e+02
2.080000e-06	5.984857e-06	6.268116e-09	4.251195e+01	3.718134e+02
2.090000e-06	5.943377e-06	6.233150e-09	4.221731e+01	3.706644e+02
2.100000e-06	5.900469e-06	6.220264e-09	4.191252e+01	3.695008e+02
2.110000e-06	5.856063e-06	6.210325e-09	4.159709e+01	3.683211e+02
2.120000e-06	5.809805e-06	6.191891e-09	4.126851e+01	3.671082e+02
2.130000e-06	5.761986e-06	6.199957e-09	4.092884e+01	3.658345e+02
2.140000e-06	5.712509e-06	6.130439e-09	4.057739e+01	3.644696e+02
2.150000e-06	5.661077e-06	6.100493e-09	4.021206e+01	3.629890e+02
2.160000e-06	5.607725e-06	6.116958e-09	3.983308e+01	3.613805e+02
2.170000e-06	5.552518e-06	6.061265e-09	3.944094e+01	3.596465e+02
2.180000e-06	5.495711e-06	6.036954e-09	3.903742e+01	3.578031e+02
2.190000e-06	5.437317e-06	6.007752e-09	3.862264e+01	3.558740e+02
2.200000e-06	5.377380e-06	5.976921e-09	3.819688e+01	3.538842e+02
2.210000e-06	5.315818e-06	5.942004e-09	3.775960e+01	3.518519e+02
2.220000e-06	5.252521e-06	5.887455e-09	3.730998e+01	3.497845e+02
2.230000e-06	5.187658e-06	5.871439e-09	3.684924e+01	3.476772e+02
2.240000e-06	5.121247e-06	5.838872e-09	3.637751e+01	3.455150e+02
2.250000e-06	5.053471e-06	5.815472e-09	3.589608e+01	3.432779e+02
2.260000e-06	4.984280e-06	5.771830e-09	3.540460e+01	3.409473e+02
2.270000e-06	4.913408e-06	5.709444e-09	3.490117e+01	3.385108e+02
2.280000e-06	4.841010e-06	5.671147e-09	3.438692e+01	3.359650e+02
2.290000e-06	4.767239e-06	5.618118e-09	3.386290e+01	3.333160e+02
2.300000e-06	4.692084e-06	5.584147e-09	3.332905e+01	3.305757e+02
2.310000e-06	4.615345e-06	5.539499e-09	3.278396e+01	3.277583e+02
2.320000e-06	4.537005e-06	5.501915e-09	3.222749e+01	3.248748e+02
2.330000e-06	4.457419e-06	5.459166e-09	3.166217e+01	3.219306e+02
2.340000e-06	4.376740e-06	5.391127e-09	3.108909e+01	3.189241e+02
2.350000e-06	4.294928e-06	5.337590e-09	3.050796e+01	3.158479e+02
2.360000e-06	4.212016e-06	5.276899e-09	2.991901e+01	3.126925e+02
2.370000e-06	4.128093e-06	5.229730e-09	2.932289e+01	3.094493e+02
2.380000e-06	4.042958e-06	5.175257e-09	2.871815e+01	3.061140e+02
2.390000e-06	3.956506e-06	5.118934e-09	2.810406e+01	3.026878e+02
2.400000e-06	3.868950e-06	5.059349e-09	2.748213e+01	2.991769e+02
2.410000e-06	3.780389e-06	4.994861e-09	2.685306e+01	2.955907e+02
2.420000e-06	3.690904e-06	4.940852e-09	2.621742e+01	2.919381e+02
2.430000e-06	3.600498e-06	4.873996e-09	2.557524e+01	2.882253e+02
2.440000e-06	3.509167e-06	4.811193e-09	2.492650e+01	2.844535e+02
2.450000e-06	3.416891e-06	4.748375e-09	2.427104e+01	2.806191e+02
2.460000e-06	3.323533e-06	4.685188e-09	2.360790e+01	2.767143e+02
2.470000e-06	3.229023e-06	4.611664e-09	2.293656e+01	2.727297e+02
2.480000e-06	3.133527e-06	4.532039e-09	2.225823e+01	2.686565e+02
2.490000e-06	3.037208e-06	4.463544e-09	2.157405e+01	2.644883e+02
2.500000e-06	2.940041e-06	4.399142e-09	2.088385e+01	2.602219e+02
2.510000e-06	2.841996e-06	4.330147e-09	2.018741e+01	2.558569e+02
2.520000e-06	2.743133e-06	4.252583e-09	1.948517e+01	2.513946e+02
2.530000e-06	2.643647e-06	4.178992e-09	1.877849e+01	2.468364e+02
2.540000e-06	2.543533e-06	4.100592e-09	1.806736e+01	2.421830e+02
2.550000e-06	2.442443e-06	4.012456e-09	1.734929e+01	2.374336e+02
2.560000e-06	2.340287e-06	3.921934e-09	1.662365e+01	2.325863e+02
2.570000e-06	2.237375e-06	3.839457e-09	1.589264e+01	2.276392e+02
2.580000e-06	2.133905e-06	3.762098e-09	1.515766e+01	2.225909e+02
2.590000e-06	2.029786e-06	3.679147e-09	1.441808e+01	2.174415e+02
2.600000e-06	1.925004e-06	3.592119e-09	1.367379e+01	2.121921e+02
2.610000e-06	1.819717e-06	3.502584e-09	1.292591e+01	2.068444e+02
2.620000e-06	1.714022e-06	3.407695e-09	1.217513e+01	2.013995e+02
2.630000e-06	1.607899e-06	3.305212e-09	1.142131e+01	1.958568e+02
2.640000e-06	1.501383e-06	3.204192e-09	1.066470e+01	1.902134e+02
2.650000e-06	1.394546e-06	3.109213e-09	9.905809e+00	1.844646e+02
2.660000e-06	1.287363e-06	3.016150e-09	9.144464e+00	1.786048e+02
2.670000e-06	1.179870e-06	2.918344e-09	8.380913e+00	1.726289e+02
2.680000e-06	1.072139e-06	2.814871e-09	7.615672e+00	1.665345e+02
2.690000e-06	9.642975e-07	2.708344e-09	6.849648e+00	1.603223e+02
2.700000e-06	8.563190e-07	2.599808e-09	6.082650e+00	1.539964e+02
2.710000e-06	7.481118e-07	2.488303e-09	5.314027e+00	1.475639e+02
2.720000e-06	6.397437e-07	2.375628e-09	4.544261e+00	1.410323e+02
2.730000e-06	5.312795e-07	2.265508e-09	3.773813e+00	1.344081e+02
2.740000e-06	4.227384e-07	2.156007e-09	3.002818e+00	1.276947e+02
2.750000e-06	3.141282e-07	2.043253e-09	2.231332e+00	1.208909e+02
2.760000e-06	2.054884e-07	1.922396e-09	1.459636e+00	1.139912e+02
2.770000e-06	9.683332e-08	1.798931e-09	6.878315e-01	1.069863e+02
2.780000e-06	-1.183474e-08	1.680771e-09	-8.406515e-02	9.986515e+01
2.790000e-06	-1.205292e-07	1.562884e-09	-8.561494e-01	9.261699e+01
2.800000e-06	-2.292069e-07	1.438626e-09	-1.628114e+00	8.523351e+01
2.810000e-06	-3.378509e-07	1.311364e-09	-2.399840e+00	7.771064e+01
2.820000e-06	-4.463819e-07	1.185273e-09	-3.170763e+00	7.004983e+01
2.830000e-06	-5.547472e-07	1.054430e-09	-3.940509e+00	6.225853e+01
2.840000e-06	-6.630006e-07	9.141133e-10	-4.709461e+00	5.435021e+01
2.850000e-06	-7.711096e-07	7.751733e-10	-5.477386e+00	4.634375e+01
2.860000e-06	-8.790396e-07	6.433005e-10	-6.244040e+00	3.826250e+01
2.870000e-06	-9.868209e-07	5.102965e-10	-7.009638e+00	3.013283e+01
2.880000e-06	-1.094434e-06	3.706749e-10	-7.774041e+00	2.198233e+01
2.890000e-06	-1.201857e-06	2.304568e-10	-8.537092e+00	1.383770e+01
2.900000e-06	-1.309034e-06	9.601375e-11	-9.298402e+00	5.722516e+00
2.910000e-06	-1.415870e-06	-3.827433e-11	-1.005728e+01	-2.344871e+00
2.920000e-06	-1.522343e-06	-1.768564e-10	-1.081359e+01	-1.035274e+01
2.930000e-06	-1.628395e-06	-3.138876e-10	-1.156690e+01	-1.829650e+01
2.940000e-06	-1.734019e-06	-4.431410e-10	-1.231717e+01	-2.617788e+01
2.950000e-06	-1.839243e-06	-5.730363e-10	-1.306461e+01	-3.400306e+01
2.960000e-06	-1.944015e-06	-7.079562e-10	-1.380883e+01	-4.177987e+01
2.970000e-06	-2.048223e-06	-8.424145e-10	-1.454904e+01	-4.951485e+01
2.980000e-06	-2.151741e-06	-9.711593e-10	-1.528436e+01	-5.721079e+01
2.990000e-06	-2.254515e-06	-1.096628e-09	-1.601439e+01	-6.486549e+01
3.000000e-06	-2.356569e-06	-1.224640e-09	-1.673930e+01	-7.247197e+01
3.010000e-06	-2.457853e-06	-1.354107e-09	-1.745875e+01	-8.002008e+01
3.020000e-06	-2.558277e-06	-1.480654e-09	-1.817209e+01	-8.749913e+01
3.030000e-06	-2.657856e-06	-1.604517e-09	-1.887942e+01	-9.490050e+01
3.040000e-06	-2.756728e-06	-1.728899e-09	-1.958174e+01	-1.022197e+02
3.050000e-06	-2.854847e-06	-1.851729e-09	-2.027870e+01	-1.094569e+02
3.060000e-06	-2.952132e-06	-1.970295e-09	-2.096974e+01	-1.166160e+02
3.070000e-06	-3.048657e-06	-2.086320e-09	-2.165538e+01	-1.237028e+02
3.080000e-06	-3.144413e-06	-2.205011e-09	-2.233556e+01	-1.307220e+02
3.090000e-06	-3.239279e-06	-2.325216e-09	-2.300941e+01	-1.376748e+02
3.100000e-06	-3.333121e-06	-2.443112e-09	-2.367600e+01	-1.445582e+02
3.110000e-06	-3.425892e-06	-2.559019e-09	-2.433497e+01	-1.513651e+02
3.120000e-06	-3.517602e-06	-2.674356e-09	-2.498642e+01	-1.580864e+02
3.130000e-06	-3.608244e-06	-2.786003e-09	-2.563027e+01	-1.647134e+02
3.140000e-06	-3.697826e-06	-2.891970e-09	-2.626659e+01	-1.712412e+02
3.150000e-06	-3.786378e-06	-2.996694e-09	-2.689560e+01	-1.776696e+02
3.160000e-06	-3.873945e-06	-3.104323e-09	-2.751761e+01	-1.840036e+02
3.170000e-06	-3.960520e-06	-3.213898e-09	-2.813257e+01	-1.902516e+02
3.180000e-06	-4.045945e-06	-3.318907e-09	-2.873937e+01	-1.964219e+02
3.190000e-06	-4.130162e-06	-3.420036e-09	-2.933759e+01	-2.025202e+02
3.200000e-06	-4.213247e-06	-3.522340e-09	-2.992776e+01	-2.085459e+02
3.210000e-06	-4.295261e-06	-3.622827e-09	-3.051032e+01	-2.144920e+02
3.220000e-06	-4.376201e-06	-3.718090e-09	-3.108526e+01	-2.203461e+02
3.230000e-06	-4.455992e-06	-3.811945e-09	-3.165203e+01	-2.260929e+02
3.240000e-06	-4.534463e-06	-3.908427e-09	-3.220944e+01	-2.317187e+02
3.250000e-06	-4.611479e-06	-4.004063e-09	-3.275650e+01	-2.372146e+02
3.260000e-06	-4.687044e-06	-4.093629e-09	-3.329325e+01	-2.425792e+02
3.270000e-06	-4.761194e-06	-4.181037e-09	-3.381996e+01	-2.478188e+02
3.280000e-06	-4.833969e-06	-4.270294e-09	-3.433690e+01	-2.529455e+02
3.290000e-06	-4.905435e-06	-4.357580e-09	-3.484454e+01	-2.579733e+02
3.300000e-06	-4.975507e-06	-4.439793e-09	-3.534228e+01	-2.629144e+02
3.310000e-06	-5.044040e-06	-4.518822e-09	-3.582909e+01	-2.677758e+02
3.320000e-06	-5.111127e-06	-4.598799e-09	-3.630562e+01	-2.725572e+02
3.330000e-06	-5.176898e-06	-4.676797e-09	-3.677281e+01	-2.772518e+02
3.340000e-06	-5.241240e-06	-4.751594e-09	-3.722985e+01	-2.818485e+02
3.350000e-06	-5.304034e-06	-4.826285e-09	-3.767589e+01	-2.863354e+02
3.360000e-06	-5.365163e-06	-4.902332e-09	-3.811011e+01	-2.907032e+02
3.370000e-06	-5.424660e-06	-4.977569e-09	-3.853273e+01	-2.949471e+02
3.380000e-06	-5.482691e-06	-5.047879e-09	-3.894494e+01	-2.990676e+02
3.390000e-06	-5.539189e-06	-5.112107e-09	-3.934626e+01	-3.030693e+02
3.400000e-06	-5.593977e-06	-5.175969e-09	-3.973543e+01	-3.069581e+02
3.410000e-06	-5.646875e-06	-5.241171e-09	-4.011118e+01	-3.107386e+02
3.420000e-06	-5.697902e-06	-5.302577e-09	-4.047364e+01	-3.144121e+02
3.430000e-06	-5.747076e-06	-5.360895e-09	-4.082293e+01	-3.179763e+02
3.440000e-06	-5.794297e-06	-5.419420e-09	-4.115835e+01	-3.214265e+02
3.450000e-06	-5.839817e-06	-5.479217e-09	-4.148170e+01	-3.247576e+02
3.460000e-06	-5.883896e-06	-5.533069e-09	-4.179480e+01	-3.279668e+02
3.470000e-06	-5.926549e-06	-5.579945e-09	-4.209777e+01	-3.310556e+02
3.480000e-06	-5.967709e-06	-5.626928e-09	-4.239015e+01	-3.340297e+02
3.490000e-06	-6.007335e-06	-5.677297e-09	-4.267162e+01	-3.368976e+02
3.500000e-06	-6.045196e-06	-5.726971e-09	-4.294055e+01	-3.396680e+02
3.510000e-06	-6.081220e-06	-5.772024e-09	-4.319644e+01	-3.423468e+02
3.520000e-06	-6.115619e-06	-5.815376e-09	-4.344079e+01	-3.449344e+02
3.530000e-06	-6.148438e-06	-5.858411e-09	-4.367391e+01	-3.474256e+02
3.540000e-06	-6.179592e-06	-5.898192e-09	-4.389520e+01	-3.498110e+02
3.550000e-06	-6.208892e-06	-5.932440e-09	-4.410333e+01	-3.520796e+02
3.560000e-06	-6.236429e-06	-5.964622e-09	-4.429893e+01	-3.542230e+02
3.570000e-06	-6.262278e-06	-5.999386e-09	-4.448254e+01	-3.562389e+02
3.580000e-06	-6.286403e-06	-6.033011e-09	-4.465391e+01	-3.581319e+02
3.590000e-06	-6.308759e-06	-6.064013e-09	-4.481271e+01	-3.599135e+02
3.600000e-06	-6.329257e-06	-6.095347e-09	-4.495831e+01	-3.615985e+02
3.610000e-06	-6.348030e-06	-6.125579e-09	-4.509166e+01	-3.632013e+02
3.620000e-06	-6.365174e-06	-6.150737e-09	-4.521344e+01	-3.647315e+02
3.630000e-06	-6.380519e-06	-6.171972e-09	-4.532243e+01	-3.661911e+02
3.640000e-06	-6.393788e-06	-6.193103e-09	-4.541669e+01	-3.675747e+02
3.650000e-06	-6.405027e-06	-6.214519e-09	-4.549652e+01	-3.688712e+02
3.660000e-06	-6.414439e-06	-6.235684e-09	-4.556338e+01	-3.700687e+02
3.670000e-06	-6.422066e-06	-6.255529e-09	-4.561755e+01	-3.711584e+02
3.680000e-06	-6.427774e-06	-6.274483e-09	-4.565810e+01	-3.721388e+02
3.690000e-06	-6.431543e-06	-6.291446e-09	-4.568487e+01	-3.730167e+02
3.700000e-06	-6.433571e-06	-6.305808e-09	-4.569928e+01	-3.738054e+02
3.710000e-06	-6.433952e-06	-6.315647e-09	-4.570199e+01	-3.745208e+02
