# Temperatura_=_20.0
# Concentracion g/m^3_=_12000.0
# C_Vs_to_Am_M_A/Vsm_=_59384043850.047264
# pendiente_HvsI_1/m_=_3716.3
# ordenada_HvsI_A/m_=_1297.0
# frecuencia_Hz_=_269357.5293462187

Tiempo_(s)	Campo_(V.s)	Magnetizacion_(V.s)	Campo_(kA/m)	Magnetizacion_(A/m)
0.000000e+00	-6.453466e-06	-6.413388e-09	-4.569987e+01	-3.800055e+02
1.000000e-08	-6.451595e-06	-6.418100e-09	-4.568662e+01	-3.806538e+02
2.000000e-08	-6.447894e-06	-6.426245e-09	-4.566041e+01	-3.812490e+02
3.000000e-08	-6.442586e-06	-6.437730e-09	-4.562282e+01	-3.817763e+02
4.000000e-08	-6.435661e-06	-6.445678e-09	-4.557378e+01	-3.822138e+02
5.000000e-08	-6.427022e-06	-6.449188e-09	-4.551261e+01	-3.825398e+02
6.000000e-08	-6.416383e-06	-6.453458e-09	-4.543727e+01	-3.827404e+02
7.000000e-08	-6.403793e-06	-6.467000e-09	-4.534811e+01	-3.828148e+02
8.000000e-08	-6.389272e-06	-6.468174e-09	-4.524528e+01	-3.827773e+02
9.000000e-08	-6.372355e-06	-6.403681e-09	-4.512549e+01	-3.826539e+02
1.000000e-07	-6.353200e-06	-6.369444e-09	-4.498984e+01	-3.824757e+02
1.100000e-07	-6.332199e-06	-6.412081e-09	-4.484112e+01	-3.822697e+02
1.200000e-07	-6.309542e-06	-6.441022e-09	-4.468068e+01	-3.820507e+02
1.300000e-07	-6.285617e-06	-6.501978e-09	-4.451126e+01	-3.818160e+02
1.400000e-07	-6.260406e-06	-6.465900e-09	-4.433272e+01	-3.815457e+02
1.500000e-07	-6.233429e-06	-6.338811e-09	-4.414169e+01	-3.812070e+02
1.600000e-07	-6.204814e-06	-6.455087e-09	-4.393905e+01	-3.807638e+02
1.700000e-07	-6.174738e-06	-6.464407e-09	-4.372607e+01	-3.801865e+02
1.800000e-07	-6.142960e-06	-6.301119e-09	-4.350104e+01	-3.794604e+02
1.900000e-07	-6.109517e-06	-6.334966e-09	-4.326422e+01	-3.785906e+02
2.000000e-07	-6.074453e-06	-6.307950e-09	-4.301591e+01	-3.776002e+02
2.100000e-07	-6.037665e-06	-6.313824e-09	-4.275540e+01	-3.765241e+02
2.200000e-07	-5.999234e-06	-6.382758e-09	-4.248325e+01	-3.753994e+02
2.300000e-07	-5.959159e-06	-6.283389e-09	-4.219946e+01	-3.742548e+02
2.400000e-07	-5.917134e-06	-6.240921e-09	-4.190186e+01	-3.731031e+02
2.500000e-07	-5.873262e-06	-6.264230e-09	-4.159119e+01	-3.719380e+02
2.600000e-07	-5.827753e-06	-6.229187e-09	-4.126891e+01	-3.707363e+02
2.700000e-07	-5.780569e-06	-6.195014e-09	-4.093479e+01	-3.694655e+02
2.800000e-07	-5.731560e-06	-6.128794e-09	-4.058773e+01	-3.680930e+02
2.900000e-07	-5.680354e-06	-6.143637e-09	-4.022512e+01	-3.665955e+02
3.000000e-07	-5.627096e-06	-6.174169e-09	-3.984798e+01	-3.649653e+02
3.100000e-07	-5.572227e-06	-6.102567e-09	-3.945942e+01	-3.632112e+02
3.200000e-07	-5.515919e-06	-6.030061e-09	-3.906068e+01	-3.613552e+02
3.300000e-07	-5.457949e-06	-6.004912e-09	-3.865017e+01	-3.594250e+02
3.400000e-07	-5.398239e-06	-6.027309e-09	-3.822733e+01	-3.574456e+02
3.500000e-07	-5.336972e-06	-5.966568e-09	-3.779348e+01	-3.554315e+02
3.600000e-07	-5.274225e-06	-5.898209e-09	-3.734914e+01	-3.533835e+02
3.700000e-07	-5.210025e-06	-5.888618e-09	-3.689451e+01	-3.512892e+02
3.800000e-07	-5.144080e-06	-5.861207e-09	-3.642753e+01	-3.491277e+02
3.900000e-07	-5.076364e-06	-5.823349e-09	-3.594800e+01	-3.468770e+02
4.000000e-07	-5.007222e-06	-5.753531e-09	-3.545837e+01	-3.445206e+02
4.100000e-07	-4.936759e-06	-5.716704e-09	-3.495939e+01	-3.420526e+02
4.200000e-07	-4.865030e-06	-5.710812e-09	-3.445144e+01	-3.394791e+02
4.300000e-07	-4.791897e-06	-5.665000e-09	-3.393356e+01	-3.368150e+02
4.400000e-07	-4.717071e-06	-5.594012e-09	-3.340368e+01	-3.340788e+02
4.500000e-07	-4.640681e-06	-5.537881e-09	-3.286273e+01	-3.312859e+02
4.600000e-07	-4.562923e-06	-5.511972e-09	-3.231209e+01	-3.284436e+02
4.700000e-07	-4.483699e-06	-5.463264e-09	-3.175107e+01	-3.255487e+02
4.800000e-07	-4.402998e-06	-5.396124e-09	-3.117959e+01	-3.225887e+02
4.900000e-07	-4.321043e-06	-5.352999e-09	-3.059923e+01	-3.195460e+02
5.000000e-07	-4.237995e-06	-5.315163e-09	-3.001113e+01	-3.164041e+02
5.100000e-07	-4.154000e-06	-5.263721e-09	-2.941633e+01	-3.131528e+02
5.200000e-07	-4.069171e-06	-5.189733e-09	-2.881562e+01	-3.097916e+02
5.300000e-07	-3.983339e-06	-5.126866e-09	-2.820780e+01	-3.063299e+02
5.400000e-07	-3.896439e-06	-5.081639e-09	-2.759242e+01	-3.027837e+02
5.500000e-07	-3.808614e-06	-5.027987e-09	-2.697049e+01	-2.991707e+02
5.600000e-07	-3.719716e-06	-4.958802e-09	-2.634097e+01	-2.955046e+02
5.700000e-07	-3.629498e-06	-4.888835e-09	-2.570210e+01	-2.917911e+02
5.800000e-07	-3.538099e-06	-4.836224e-09	-2.505486e+01	-2.880259e+02
5.900000e-07	-3.445833e-06	-4.773916e-09	-2.440148e+01	-2.841968e+02
6.000000e-07	-3.352763e-06	-4.698273e-09	-2.374241e+01	-2.802875e+02
6.100000e-07	-3.258791e-06	-4.628755e-09	-2.307695e+01	-2.762826e+02
6.200000e-07	-3.163883e-06	-4.570730e-09	-2.240486e+01	-2.721718e+02
6.300000e-07	-3.068081e-06	-4.505845e-09	-2.172645e+01	-2.679530e+02
6.400000e-07	-2.971359e-06	-4.422503e-09	-2.104152e+01	-2.636311e+02
6.500000e-07	-2.873590e-06	-4.342486e-09	-2.034917e+01	-2.592159e+02
6.600000e-07	-2.774723e-06	-4.274069e-09	-1.964905e+01	-2.547175e+02
6.700000e-07	-2.674961e-06	-4.203108e-09	-1.894259e+01	-2.501422e+02
6.800000e-07	-2.574536e-06	-4.117394e-09	-1.823144e+01	-2.454895e+02
6.900000e-07	-2.473436e-06	-4.035109e-09	-1.751551e+01	-2.407520e+02
7.000000e-07	-2.371505e-06	-3.962407e-09	-1.679368e+01	-2.359172e+02
7.100000e-07	-2.268814e-06	-3.880133e-09	-1.606649e+01	-2.309714e+02
7.200000e-07	-2.165579e-06	-3.783172e-09	-1.533543e+01	-2.259038e+02
7.300000e-07	-2.061773e-06	-3.689163e-09	-1.460034e+01	-2.207099e+02
7.400000e-07	-1.957330e-06	-3.609246e-09	-1.386073e+01	-2.153930e+02
7.500000e-07	-1.852226e-06	-3.524547e-09	-1.311644e+01	-2.099622e+02
7.600000e-07	-1.746468e-06	-3.426521e-09	-1.236752e+01	-2.044298e+02
7.700000e-07	-1.640117e-06	-3.328867e-09	-1.161440e+01	-1.988072e+02
7.800000e-07	-1.533250e-06	-3.238316e-09	-1.085763e+01	-1.931004e+02
7.900000e-07	-1.425940e-06	-3.141782e-09	-1.009772e+01	-1.873088e+02
8.000000e-07	-1.318233e-06	-3.033297e-09	-9.334993e+00	-1.814245e+02
8.100000e-07	-1.210177e-06	-2.927184e-09	-8.569803e+00	-1.754353e+02
8.200000e-07	-1.101856e-06	-2.829678e-09	-7.802736e+00	-1.693281e+02
8.300000e-07	-9.932649e-07	-2.731109e-09	-7.033751e+00	-1.630933e+02
8.400000e-07	-8.844796e-07	-2.623547e-09	-6.263394e+00	-1.567272e+02
8.500000e-07	-7.755817e-07	-2.514021e-09	-5.492240e+00	-1.502335e+02
8.600000e-07	-6.665204e-07	-2.407875e-09	-4.719928e+00	-1.436217e+02
8.700000e-07	-5.573440e-07	-2.297920e-09	-3.946801e+00	-1.369044e+02
8.800000e-07	-4.480830e-07	-2.178051e-09	-3.173076e+00	-1.300928e+02
8.900000e-07	-3.386884e-07	-2.057505e-09	-2.398404e+00	-1.231938e+02
9.000000e-07	-2.292631e-07	-1.945365e-09	-1.623515e+00	-1.162075e+02
9.100000e-07	-1.198801e-07	-1.833038e-09	-8.489242e-01	-1.091266e+02
9.200000e-07	-1.047561e-08	-1.712206e-09	-7.418244e-02	-1.019389e+02
9.300000e-07	9.896654e-08	-1.586530e-09	7.008262e-01	-9.463002e+01
9.400000e-07	2.083864e-07	-1.463674e-09	1.475677e+00	-8.718748e+01
9.500000e-07	3.177182e-07	-1.338963e-09	2.249904e+00	-7.960387e+01
9.600000e-07	4.269550e-07	-1.207211e-09	3.023459e+00	-7.187910e+01
9.700000e-07	5.361293e-07	-1.071464e-09	3.796571e+00	-6.402106e+01
9.800000e-07	6.451995e-07	-9.400310e-10	4.568946e+00	-5.604476e+01
9.900000e-07	7.541502e-07	-8.099911e-10	5.340474e+00	-4.797056e+01
1.000000e-06	8.629654e-07	-6.697562e-10	6.111043e+00	-3.982198e+01
1.010000e-06	9.716179e-07	-5.249737e-10	6.880459e+00	-3.162366e+01
1.020000e-06	1.080130e-06	-3.876075e-10	7.648885e+00	-2.339978e+01
1.030000e-06	1.188431e-06	-2.570429e-10	8.415810e+00	-1.517303e+01
1.040000e-06	1.296413e-06	-1.214516e-10	9.180478e+00	-6.963959e+00
1.050000e-06	1.404075e-06	1.864840e-11	9.942881e+00	1.209635e+00
1.060000e-06	1.511379e-06	1.535499e-10	1.070275e+01	9.333282e+00
1.070000e-06	1.618236e-06	2.852211e-10	1.145945e+01	1.739658e+01
1.080000e-06	1.724599e-06	4.220551e-10	1.221265e+01	2.539384e+01
1.090000e-06	1.830407e-06	5.621769e-10	1.296193e+01	3.332431e+01
1.100000e-06	1.935545e-06	6.955292e-10	1.370646e+01	4.119186e+01
1.110000e-06	2.039974e-06	8.219505e-10	1.444596e+01	4.900374e+01
1.120000e-06	2.143821e-06	9.485206e-10	1.518135e+01	5.676868e+01
1.130000e-06	2.247113e-06	1.078676e-09	1.591281e+01	6.449462e+01
1.140000e-06	2.349759e-06	1.207749e-09	1.663969e+01	7.218653e+01
1.150000e-06	2.451724e-06	1.333272e-09	1.736175e+01	7.984475e+01
1.160000e-06	2.553019e-06	1.460000e-09	1.807907e+01	8.746452e+01
1.170000e-06	2.653613e-06	1.589872e-09	1.879142e+01	9.503641e+01
1.180000e-06	2.753428e-06	1.719233e-09	1.949825e+01	1.025479e+02
1.190000e-06	2.852355e-06	1.843279e-09	2.019880e+01	1.099857e+02
1.200000e-06	2.950333e-06	1.965205e-09	2.089262e+01	1.173375e+02
1.210000e-06	3.047300e-06	2.088686e-09	2.157929e+01	1.245943e+02
1.220000e-06	3.143235e-06	2.208977e-09	2.225864e+01	1.317510e+02
1.230000e-06	3.238257e-06	2.323365e-09	2.293154e+01	1.388069e+02
1.240000e-06	3.332394e-06	2.437080e-09	2.359817e+01	1.457650e+02
1.250000e-06	3.425672e-06	2.553868e-09	2.425871e+01	1.526308e+02
1.260000e-06	3.518179e-06	2.669580e-09	2.491379e+01	1.594109e+02
1.270000e-06	3.609780e-06	2.781966e-09	2.556246e+01	1.661115e+02
1.280000e-06	3.700225e-06	2.893330e-09	2.620294e+01	1.727377e+02
1.290000e-06	3.789441e-06	3.006159e-09	2.683472e+01	1.792921e+02
1.300000e-06	3.877513e-06	3.117967e-09	2.745840e+01	1.857749e+02
1.310000e-06	3.964503e-06	3.225591e-09	2.807441e+01	1.921831e+02
1.320000e-06	4.050429e-06	3.329960e-09	2.868289e+01	1.985116e+02
1.330000e-06	4.135378e-06	3.433253e-09	2.928445e+01	2.047531e+02
1.340000e-06	4.219401e-06	3.535535e-09	2.987946e+01	2.108995e+02
1.350000e-06	4.302348e-06	3.634936e-09	3.046684e+01	2.169430e+02
1.360000e-06	4.384053e-06	3.734294e-09	3.104544e+01	2.228779e+02
1.370000e-06	4.464483e-06	3.834146e-09	3.161499e+01	2.287010e+02
1.380000e-06	4.543676e-06	3.933665e-09	3.217580e+01	2.344130e+02
1.390000e-06	4.621641e-06	4.029681e-09	3.272790e+01	2.400176e+02
1.400000e-06	4.698337e-06	4.120465e-09	3.327102e+01	2.455207e+02
1.410000e-06	4.773655e-06	4.208332e-09	3.380438e+01	2.509290e+02
1.420000e-06	4.847366e-06	4.295681e-09	3.432636e+01	2.562472e+02
1.430000e-06	4.919513e-06	4.381754e-09	3.483727e+01	2.614768e+02
1.440000e-06	4.990259e-06	4.466682e-09	3.533825e+01	2.666151e+02
1.450000e-06	5.059662e-06	4.553820e-09	3.582972e+01	2.716553e+02
1.460000e-06	5.127758e-06	4.640892e-09	3.631194e+01	2.765883e+02
1.470000e-06	5.194346e-06	4.723155e-09	3.678348e+01	2.814045e+02
1.480000e-06	5.259274e-06	4.800670e-09	3.724326e+01	2.860967e+02
1.490000e-06	5.322691e-06	4.877643e-09	3.769235e+01	2.906620e+02
1.500000e-06	5.384713e-06	4.954047e-09	3.813155e+01	2.951018e+02
1.510000e-06	5.445366e-06	5.027531e-09	3.856106e+01	2.994216e+02
1.520000e-06	5.504564e-06	5.097139e-09	3.898027e+01	3.036287e+02
1.530000e-06	5.562026e-06	5.164666e-09	3.938718e+01	3.077290e+02
1.540000e-06	5.617746e-06	5.232405e-09	3.978176e+01	3.117252e+02
1.550000e-06	5.671913e-06	5.297847e-09	4.016535e+01	3.156149e+02
1.560000e-06	5.724343e-06	5.360089e-09	4.053662e+01	3.193912e+02
1.570000e-06	5.774706e-06	5.420798e-09	4.089327e+01	3.230447e+02
1.580000e-06	5.823080e-06	5.481492e-09	4.123583e+01	3.265668e+02
1.590000e-06	5.869712e-06	5.540380e-09	4.156605e+01	3.299527e+02
1.600000e-06	5.914780e-06	5.596672e-09	4.188519e+01	3.332037e+02
1.610000e-06	5.958314e-06	5.649404e-09	4.219348e+01	3.363275e+02
1.620000e-06	6.000012e-06	5.697912e-09	4.248876e+01	3.393368e+02
1.630000e-06	6.039901e-06	5.745598e-09	4.277123e+01	3.422457e+02
1.640000e-06	6.078177e-06	5.792157e-09	4.304228e+01	3.450655e+02
1.650000e-06	6.114898e-06	5.837796e-09	4.330232e+01	3.478015e+02
1.660000e-06	6.150080e-06	5.883608e-09	4.355145e+01	3.504511e+02
1.670000e-06	6.183410e-06	5.928597e-09	4.378748e+01	3.530046e+02
1.680000e-06	6.214901e-06	5.969328e-09	4.401048e+01	3.554483e+02
1.690000e-06	6.244800e-06	6.006898e-09	4.422221e+01	3.577691e+02
1.700000e-06	6.273166e-06	6.044866e-09	4.442308e+01	3.599587e+02
1.710000e-06	6.299758e-06	6.081119e-09	4.461139e+01	3.620172e+02
1.720000e-06	6.324387e-06	6.112438e-09	4.478580e+01	3.639531e+02
1.730000e-06	6.347244e-06	6.139400e-09	4.494766e+01	3.657819e+02
1.740000e-06	6.368488e-06	6.166092e-09	4.509810e+01	3.675208e+02
1.750000e-06	6.388162e-06	6.194971e-09	4.523743e+01	3.691841e+02
1.760000e-06	6.406085e-06	6.225003e-09	4.536435e+01	3.707787e+02
1.770000e-06	6.422093e-06	6.250869e-09	4.547770e+01	3.723022e+02
1.780000e-06	6.436204e-06	6.272951e-09	4.557763e+01	3.737436e+02
1.790000e-06	6.448392e-06	6.295651e-09	4.566394e+01	3.750876e+02
1.800000e-06	6.458474e-06	6.316501e-09	4.573534e+01	3.763200e+02
1.810000e-06	6.466518e-06	6.330937e-09	4.579230e+01	3.774328e+02
1.820000e-06	6.472742e-06	6.342789e-09	4.583637e+01	3.784279e+02
1.830000e-06	6.477273e-06	6.358698e-09	4.586846e+01	3.793173e+02
1.840000e-06	6.479976e-06	6.376869e-09	4.588760e+01	3.801194e+02
1.850000e-06	6.480682e-06	6.389962e-09	4.589260e+01	3.808540e+02
1.860000e-06	6.479636e-06	6.400653e-09	4.588519e+01	3.815354e+02
1.870000e-06	6.476999e-06	6.414962e-09	4.586652e+01	3.821676e+02
1.880000e-06	6.472729e-06	6.423387e-09	4.583628e+01	3.827424e+02
1.890000e-06	6.466576e-06	6.427544e-09	4.579271e+01	3.832414e+02
1.900000e-06	6.458599e-06	6.431137e-09	4.573622e+01	3.836421e+02
1.910000e-06	6.449078e-06	6.435250e-09	4.566880e+01	3.839249e+02
1.920000e-06	6.437888e-06	6.431544e-09	4.558955e+01	3.840802e+02
1.930000e-06	6.424742e-06	6.423742e-09	4.549646e+01	3.841130e+02
1.940000e-06	6.409471e-06	6.499260e-09	4.538832e+01	3.840425e+02
1.950000e-06	6.391905e-06	6.528534e-09	4.526393e+01	3.838976e+02
1.960000e-06	6.371735e-06	6.474527e-09	4.512109e+01	3.837091e+02
1.970000e-06	6.349182e-06	6.421186e-09	4.496139e+01	3.835001e+02
1.980000e-06	6.325349e-06	6.322705e-09	4.479261e+01	3.832792e+02
1.990000e-06	6.300944e-06	6.451433e-09	4.461979e+01	3.830371e+02
2.000000e-06	6.275214e-06	6.529288e-09	4.443758e+01	3.827481e+02
2.010000e-06	6.247609e-06	6.318234e-09	4.424211e+01	3.823771e+02
2.020000e-06	6.218639e-06	6.418423e-09	4.403695e+01	3.818892e+02
2.030000e-06	6.187816e-06	6.508058e-09	4.381869e+01	3.812595e+02
2.040000e-06	6.154666e-06	6.382058e-09	4.358393e+01	3.804806e+02
2.050000e-06	6.120046e-06	6.469770e-09	4.333877e+01	3.795648e+02
2.060000e-06	6.083982e-06	6.368816e-09	4.308339e+01	3.785405e+02
2.070000e-06	6.045959e-06	6.258197e-09	4.281413e+01	3.774448e+02
2.080000e-06	6.006164e-06	6.400621e-09	4.253233e+01	3.763128e+02
2.090000e-06	5.964604e-06	6.326571e-09	4.223802e+01	3.751678e+02
2.100000e-06	5.921564e-06	6.292973e-09	4.193324e+01	3.740156e+02
2.110000e-06	5.877126e-06	6.290594e-09	4.161855e+01	3.728429e+02
2.120000e-06	5.830768e-06	6.253166e-09	4.129027e+01	3.716221e+02
2.130000e-06	5.782771e-06	6.341684e-09	4.095038e+01	3.703193e+02
2.140000e-06	5.733141e-06	6.173603e-09	4.059892e+01	3.689047e+02
2.150000e-06	5.681668e-06	6.122132e-09	4.023442e+01	3.673602e+02
2.160000e-06	5.628309e-06	6.212223e-09	3.985657e+01	3.656843e+02
2.170000e-06	5.572966e-06	6.156957e-09	3.946466e+01	3.638917e+02
2.180000e-06	5.515994e-06	6.136012e-09	3.906121e+01	3.620074e+02
2.190000e-06	5.457466e-06	6.025914e-09	3.864675e+01	3.600590e+02
2.200000e-06	5.397391e-06	6.065849e-09	3.822133e+01	3.580682e+02
2.210000e-06	5.335707e-06	6.067694e-09	3.778452e+01	3.560448e+02
2.220000e-06	5.272285e-06	5.940591e-09	3.733540e+01	3.539843e+02
2.230000e-06	5.207341e-06	5.938509e-09	3.687550e+01	3.518702e+02
2.240000e-06	5.140878e-06	5.893105e-09	3.640485e+01	3.496805e+02
2.250000e-06	5.072993e-06	5.920064e-09	3.592412e+01	3.473943e+02
2.260000e-06	5.003649e-06	5.838836e-09	3.543307e+01	3.449988e+02
2.270000e-06	4.932603e-06	5.738205e-09	3.492996e+01	3.424927e+02
2.280000e-06	4.860050e-06	5.756433e-09	3.441618e+01	3.398859e+02
2.290000e-06	4.786099e-06	5.706306e-09	3.389250e+01	3.371953e+02
2.300000e-06	4.710819e-06	5.673331e-09	3.335941e+01	3.344391e+02
2.310000e-06	4.633999e-06	5.577066e-09	3.281541e+01	3.316301e+02
2.320000e-06	4.555510e-06	5.561514e-09	3.225960e+01	3.287718e+02
2.330000e-06	4.475748e-06	5.539878e-09	3.169477e+01	3.258571e+02
2.340000e-06	4.394845e-06	5.446768e-09	3.112186e+01	3.228709e+02
2.350000e-06	4.312819e-06	5.390953e-09	3.054099e+01	3.197955e+02
2.360000e-06	4.229745e-06	5.329228e-09	2.995271e+01	3.166160e+02
2.370000e-06	4.145611e-06	5.321707e-09	2.935692e+01	3.133258e+02
2.380000e-06	4.060214e-06	5.241783e-09	2.875219e+01	3.099281e+02
2.390000e-06	3.973574e-06	5.161222e-09	2.813865e+01	3.064353e+02
2.400000e-06	3.885875e-06	5.111243e-09	2.751761e+01	3.028648e+02
2.410000e-06	3.797166e-06	5.063698e-09	2.688943e+01	2.992334e+02
2.420000e-06	3.707466e-06	5.006186e-09	2.625422e+01	2.955522e+02
2.430000e-06	3.616801e-06	4.908956e-09	2.561218e+01	2.918229e+02
2.440000e-06	3.525253e-06	4.861678e-09	2.496389e+01	2.880383e+02
2.450000e-06	3.432679e-06	4.814073e-09	2.430833e+01	2.841839e+02
2.460000e-06	3.339009e-06	4.744931e-09	2.364501e+01	2.802431e+02
2.470000e-06	3.244319e-06	4.649051e-09	2.297447e+01	2.762020e+02
2.480000e-06	3.148645e-06	4.573664e-09	2.229696e+01	2.720533e+02
2.490000e-06	3.052147e-06	4.526662e-09	2.161361e+01	2.677976e+02
2.500000e-06	2.954808e-06	4.453621e-09	2.092432e+01	2.634422e+02
2.510000e-06	2.856604e-06	4.364674e-09	2.022888e+01	2.589975e+02
2.520000e-06	2.757639e-06	4.286983e-09	1.952807e+01	2.544726e+02
2.530000e-06	2.657995e-06	4.231964e-09	1.882245e+01	2.498714e+02
2.540000e-06	2.557594e-06	4.151828e-09	1.811146e+01	2.451909e+02
2.550000e-06	2.456225e-06	4.048498e-09	1.739363e+01	2.404213e+02
2.560000e-06	2.353769e-06	3.957465e-09	1.666809e+01	2.355491e+02
2.570000e-06	2.250510e-06	3.892067e-09	1.593687e+01	2.305613e+02
2.580000e-06	2.146752e-06	3.813713e-09	1.520211e+01	2.254492e+02
2.590000e-06	2.042388e-06	3.711548e-09	1.446306e+01	2.202112e+02
2.600000e-06	1.937359e-06	3.623412e-09	1.371930e+01	2.148530e+02
2.610000e-06	1.831739e-06	3.548772e-09	1.297136e+01	2.093854e+02
2.620000e-06	1.725667e-06	3.457350e-09	1.222021e+01	2.038208e+02
2.630000e-06	1.619224e-06	3.341155e-09	1.146644e+01	1.981689e+02
2.640000e-06	1.512424e-06	3.238149e-09	1.071015e+01	1.924336e+02
2.650000e-06	1.405288e-06	3.155323e-09	9.951473e+00	1.866111e+02
2.660000e-06	1.297905e-06	3.060645e-09	9.191042e+00	1.806918e+02
2.670000e-06	1.190237e-06	2.945378e-09	8.428599e+00	1.746626e+02
2.680000e-06	1.082231e-06	2.839204e-09	7.663762e+00	1.685112e+02
2.690000e-06	9.740339e-07	2.748015e-09	6.897568e+00	1.622299e+02
2.700000e-06	8.656909e-07	2.644552e-09	6.130343e+00	1.558179e+02
2.710000e-06	7.571832e-07	2.520151e-09	5.361952e+00	1.492813e+02
2.720000e-06	6.484766e-07	2.401474e-09	4.592152e+00	1.426311e+02
2.730000e-06	5.396497e-07	2.299295e-09	3.821500e+00	1.358800e+02
2.740000e-06	4.307284e-07	2.188458e-09	3.050180e+00	1.290380e+02
2.750000e-06	3.216800e-07	2.059331e-09	2.277960e+00	1.221094e+02
2.760000e-06	2.126361e-07	1.932258e-09	1.505771e+00	1.150914e+02
2.770000e-06	1.036016e-07	1.821066e-09	7.336493e-01	1.079749e+02
2.780000e-06	-5.431975e-09	1.706584e-09	-3.846624e-02	1.007462e+02
2.790000e-06	-1.144705e-07	1.576988e-09	-8.106168e-01	9.339117e+01
2.800000e-06	-2.235074e-07	1.446799e-09	-1.582755e+00	8.589897e+01
2.810000e-06	-3.324838e-07	1.326749e-09	-2.354466e+00	7.826474e+01
2.820000e-06	-4.413624e-07	1.202808e-09	-3.125484e+00	7.049140e+01
2.830000e-06	-5.500750e-07	1.063085e-09	-3.895326e+00	6.258966e+01
2.840000e-06	-6.586370e-07	9.198196e-10	-4.664102e+00	5.457678e+01
2.850000e-06	-7.670702e-07	7.877779e-10	-5.431966e+00	4.647457e+01
2.860000e-06	-8.753659e-07	6.562936e-10	-6.198856e+00	3.830719e+01
2.870000e-06	-9.834283e-07	5.115071e-10	-6.964094e+00	3.009925e+01
2.880000e-06	-1.091268e-06	3.657814e-10	-7.727758e+00	2.187448e+01
2.890000e-06	-1.198908e-06	2.336803e-10	-8.490004e+00	1.365483e+01
2.900000e-06	-1.306248e-06	1.033646e-10	-9.250126e+00	5.459876e+00
2.910000e-06	-1.413320e-06	-3.888968e-11	-1.000835e+01	-2.693740e+00
2.920000e-06	-1.520084e-06	-1.837174e-10	-1.076439e+01	-1.079300e+01
2.930000e-06	-1.626469e-06	-3.168569e-10	-1.151775e+01	-1.882919e+01
2.940000e-06	-1.732461e-06	-4.460899e-10	-1.226833e+01	-2.679849e+01
2.950000e-06	-1.838037e-06	-5.858896e-10	-1.301596e+01	-3.470196e+01
2.960000e-06	-1.943122e-06	-7.265750e-10	-1.376011e+01	-4.254491e+01
2.970000e-06	-2.047634e-06	-8.559408e-10	-1.450021e+01	-5.033541e+01
2.980000e-06	-2.151530e-06	-9.810083e-10	-1.523594e+01	-5.808218e+01
2.990000e-06	-2.254795e-06	-1.112109e-09	-1.596721e+01	-6.579226e+01
3.000000e-06	-2.357369e-06	-1.244702e-09	-1.669358e+01	-7.346903e+01
3.010000e-06	-2.459043e-06	-1.370456e-09	-1.741358e+01	-8.111092e+01
3.020000e-06	-2.559767e-06	-1.494383e-09	-1.812685e+01	-8.871130e+01
3.030000e-06	-2.659653e-06	-1.626776e-09	-1.883419e+01	-9.625939e+01
3.040000e-06	-2.758791e-06	-1.761395e-09	-1.953623e+01	-1.037421e+02
3.050000e-06	-2.857230e-06	-1.886535e-09	-2.023332e+01	-1.111462e+02
3.060000e-06	-2.954930e-06	-2.004451e-09	-2.092517e+01	-1.184604e+02
3.070000e-06	-3.051800e-06	-2.126089e-09	-2.161116e+01	-1.256773e+02
3.080000e-06	-3.147807e-06	-2.249693e-09	-2.229102e+01	-1.327933e+02
3.090000e-06	-3.242954e-06	-2.366225e-09	-2.296480e+01	-1.398093e+02
3.100000e-06	-3.337177e-06	-2.478835e-09	-2.363204e+01	-1.467294e+02
3.110000e-06	-3.430350e-06	-2.597396e-09	-2.429183e+01	-1.535595e+02
3.120000e-06	-3.522388e-06	-2.719038e-09	-2.494360e+01	-1.603063e+02
3.130000e-06	-3.613339e-06	-2.831208e-09	-2.558767e+01	-1.669758e+02
3.140000e-06	-3.703298e-06	-2.937471e-09	-2.622470e+01	-1.735722e+02
3.150000e-06	-3.792268e-06	-3.048159e-09	-2.685474e+01	-1.800971e+02
3.160000e-06	-3.880248e-06	-3.161900e-09	-2.747777e+01	-1.865497e+02
3.170000e-06	-3.967189e-06	-3.270332e-09	-2.809344e+01	-1.929260e+02
3.180000e-06	-4.052908e-06	-3.372779e-09	-2.870045e+01	-1.992201e+02
3.190000e-06	-4.137416e-06	-3.477313e-09	-2.929889e+01	-2.054241e+02
3.200000e-06	-4.220821e-06	-3.584195e-09	-2.988952e+01	-2.115300e+02
3.210000e-06	-4.303146e-06	-3.684396e-09	-3.047250e+01	-2.175306e+02
3.220000e-06	-4.384388e-06	-3.777652e-09	-3.104781e+01	-2.234210e+02
3.230000e-06	-4.464507e-06	-3.876102e-09	-3.161516e+01	-2.291995e+02
3.240000e-06	-4.543345e-06	-3.980137e-09	-3.217345e+01	-2.348678e+02
3.250000e-06	-4.620685e-06	-4.076839e-09	-3.272113e+01	-2.404309e+02
3.260000e-06	-4.696545e-06	-4.163135e-09	-3.325833e+01	-2.458950e+02
3.270000e-06	-4.771041e-06	-4.251122e-09	-3.378587e+01	-2.512663e+02
3.280000e-06	-4.844171e-06	-4.344559e-09	-3.430374e+01	-2.565486e+02
3.290000e-06	-4.915969e-06	-4.433944e-09	-3.481217e+01	-2.617418e+02
3.300000e-06	-4.986419e-06	-4.515323e-09	-3.531105e+01	-2.668415e+02
3.310000e-06	-5.055326e-06	-4.597256e-09	-3.579902e+01	-2.718399e+02
3.320000e-06	-5.122690e-06	-4.682317e-09	-3.627605e+01	-2.767274e+02
3.330000e-06	-5.188669e-06	-4.762490e-09	-3.674328e+01	-2.814950e+02
3.340000e-06	-5.253298e-06	-4.834975e-09	-3.720094e+01	-2.861370e+02
3.350000e-06	-5.316449e-06	-4.907928e-09	-3.764814e+01	-2.906521e+02
3.360000e-06	-5.377908e-06	-4.986951e-09	-3.808336e+01	-2.950434e+02
3.370000e-06	-5.437675e-06	-5.062503e-09	-3.850660e+01	-2.993173e+02
3.380000e-06	-5.495901e-06	-5.129457e-09	-3.891893e+01	-3.034811e+02
3.390000e-06	-5.552711e-06	-5.192745e-09	-3.932122e+01	-3.075396e+02
3.400000e-06	-5.607935e-06	-5.259886e-09	-3.971229e+01	-3.114936e+02
3.410000e-06	-5.661186e-06	-5.324921e-09	-4.008938e+01	-3.153390e+02
3.420000e-06	-5.712505e-06	-5.383027e-09	-4.045279e+01	-3.190677e+02
3.430000e-06	-5.761992e-06	-5.441084e-09	-4.080323e+01	-3.226701e+02
3.440000e-06	-5.809568e-06	-5.501962e-09	-4.114014e+01	-3.261386e+02
3.450000e-06	-5.855371e-06	-5.562964e-09	-4.146449e+01	-3.294707e+02
3.460000e-06	-5.899666e-06	-5.615949e-09	-4.177816e+01	-3.326700e+02
3.470000e-06	-5.942578e-06	-5.662664e-09	-4.208204e+01	-3.357465e+02
3.480000e-06	-5.984008e-06	-5.710270e-09	-4.237543e+01	-3.387138e+02
3.490000e-06	-6.023913e-06	-5.759665e-09	-4.265801e+01	-3.415855e+02
3.500000e-06	-6.062070e-06	-5.805980e-09	-4.292822e+01	-3.443709e+02
3.510000e-06	-6.098343e-06	-5.850683e-09	-4.318508e+01	-3.470725e+02
3.520000e-06	-6.132954e-06	-5.895007e-09	-4.343018e+01	-3.496848e+02
3.530000e-06	-6.165981e-06	-5.939158e-09	-4.366406e+01	-3.521960e+02
3.540000e-06	-6.197306e-06	-5.979818e-09	-4.388589e+01	-3.545923e+02
3.550000e-06	-6.226739e-06	-6.016262e-09	-4.409432e+01	-3.568617e+02
3.560000e-06	-6.254384e-06	-6.050590e-09	-4.429008e+01	-3.589989e+02
3.570000e-06	-6.280435e-06	-6.083830e-09	-4.447456e+01	-3.610072e+02
3.580000e-06	-6.304799e-06	-6.116168e-09	-4.464709e+01	-3.628982e+02
3.590000e-06	-6.327323e-06	-6.145518e-09	-4.480659e+01	-3.646886e+02
3.600000e-06	-6.347965e-06	-6.174637e-09	-4.495277e+01	-3.663950e+02
3.610000e-06	-6.366899e-06	-6.203503e-09	-4.508685e+01	-3.680295e+02
3.620000e-06	-6.384205e-06	-6.232006e-09	-4.520940e+01	-3.695955e+02
3.630000e-06	-6.399715e-06	-6.256684e-09	-4.531923e+01	-3.710871e+02
3.640000e-06	-6.413130e-06	-6.279317e-09	-4.541423e+01	-3.724911e+02
3.650000e-06	-6.424477e-06	-6.301521e-09	-4.549458e+01	-3.737920e+02
3.660000e-06	-6.433994e-06	-6.323461e-09	-4.556198e+01	-3.749772e+02
3.670000e-06	-6.441726e-06	-6.342405e-09	-4.561673e+01	-3.760424e+02
3.680000e-06	-6.447543e-06	-6.357465e-09	-4.565792e+01	-3.769932e+02
3.690000e-06	-6.451443e-06	-6.372289e-09	-4.568554e+01	-3.778447e+02
3.700000e-06	-6.453630e-06	-6.388320e-09	-4.570103e+01	-3.786166e+02
3.710000e-06	-6.454106e-06	-6.402990e-09	-4.570440e+01	-3.793274e+02
