# Temperatura_=_20.0
# Concentracion g/m^3_=_12000.0
# C_Vs_to_Am_M_A/Vsm_=_59384043850.047264
# pendiente_HvsI_1/m_=_3716.3
# ordenada_HvsI_A/m_=_1297.0
# frecuencia_Hz_=_269358.7101256841

Tiempo_(s)	Campo_(V.s)	Magnetizacion_(V.s)	Campo_(kA/m)	Magnetizacion_(A/m)
0.000000e+00	-6.467588e-06	-6.489297e-09	-4.570315e+01	-3.851794e+02
1.000000e-08	-6.465373e-06	-6.494684e-09	-4.568749e+01	-3.858239e+02
2.000000e-08	-6.461296e-06	-6.506327e-09	-4.565868e+01	-3.863990e+02
3.000000e-08	-6.455628e-06	-6.515683e-09	-4.561863e+01	-3.868902e+02
4.000000e-08	-6.448341e-06	-6.520624e-09	-4.556714e+01	-3.872801e+02
5.000000e-08	-6.439339e-06	-6.527413e-09	-4.550352e+01	-3.875544e+02
6.000000e-08	-6.428270e-06	-6.539143e-09	-4.542531e+01	-3.877069e+02
7.000000e-08	-6.415224e-06	-6.552175e-09	-4.533312e+01	-3.877430e+02
8.000000e-08	-6.400199e-06	-6.525871e-09	-4.522695e+01	-3.876794e+02
9.000000e-08	-6.382833e-06	-6.468329e-09	-4.510422e+01	-3.875404e+02
1.000000e-07	-6.363300e-06	-6.473841e-09	-4.496619e+01	-3.873522e+02
1.100000e-07	-6.341919e-06	-6.507503e-09	-4.481511e+01	-3.871349e+02
1.200000e-07	-6.318907e-06	-6.536807e-09	-4.465249e+01	-3.868968e+02
1.300000e-07	-6.294746e-06	-6.568325e-09	-4.448176e+01	-3.866317e+02
1.400000e-07	-6.269193e-06	-6.489463e-09	-4.430119e+01	-3.863196e+02
1.500000e-07	-6.241796e-06	-6.469856e-09	-4.410759e+01	-3.859320e+02
1.600000e-07	-6.212881e-06	-6.555170e-09	-4.390326e+01	-3.854395e+02
1.700000e-07	-6.182450e-06	-6.472834e-09	-4.368822e+01	-3.848197e+02
1.800000e-07	-6.150284e-06	-6.406833e-09	-4.346092e+01	-3.840634e+02
1.900000e-07	-6.116430e-06	-6.419979e-09	-4.322169e+01	-3.831771e+02
2.000000e-07	-6.080922e-06	-6.382356e-09	-4.297078e+01	-3.821808e+02
2.100000e-07	-6.043716e-06	-6.436693e-09	-4.270786e+01	-3.811023e+02
2.200000e-07	-6.004819e-06	-6.425719e-09	-4.243299e+01	-3.799694e+02
2.300000e-07	-5.964172e-06	-6.339817e-09	-4.214576e+01	-3.788021e+02
2.400000e-07	-5.921590e-06	-6.354266e-09	-4.184486e+01	-3.776075e+02
2.500000e-07	-5.877245e-06	-6.332807e-09	-4.153149e+01	-3.763782e+02
2.600000e-07	-5.831254e-06	-6.307344e-09	-4.120650e+01	-3.750957e+02
2.700000e-07	-5.783625e-06	-6.275070e-09	-4.086993e+01	-3.737354e+02
2.800000e-07	-5.734117e-06	-6.221259e-09	-4.052008e+01	-3.722751e+02
2.900000e-07	-5.682344e-06	-6.248574e-09	-4.015423e+01	-3.707002e+02
3.000000e-07	-5.628654e-06	-6.235895e-09	-3.977483e+01	-3.690083e+02
3.100000e-07	-5.573485e-06	-6.157807e-09	-3.938498e+01	-3.672082e+02
3.200000e-07	-5.516770e-06	-6.103343e-09	-3.898420e+01	-3.653172e+02
3.300000e-07	-5.458209e-06	-6.100501e-09	-3.857038e+01	-3.633550e+02
3.400000e-07	-5.397938e-06	-6.089472e-09	-3.814448e+01	-3.613373e+02
3.500000e-07	-5.336221e-06	-6.023602e-09	-3.770835e+01	-3.592724e+02
3.600000e-07	-5.273054e-06	-5.992530e-09	-3.726198e+01	-3.571583e+02
3.700000e-07	-5.208395e-06	-5.964086e-09	-3.680507e+01	-3.549854e+02
3.800000e-07	-5.141946e-06	-5.926206e-09	-3.633551e+01	-3.527394e+02
3.900000e-07	-5.073794e-06	-5.886263e-09	-3.585392e+01	-3.504072e+02
4.000000e-07	-5.004301e-06	-5.816862e-09	-3.536284e+01	-3.479803e+02
4.100000e-07	-4.933517e-06	-5.788397e-09	-3.486265e+01	-3.454574e+02
4.200000e-07	-4.861497e-06	-5.767541e-09	-3.435372e+01	-3.428437e+02
4.300000e-07	-4.787923e-06	-5.721125e-09	-3.383381e+01	-3.401484e+02
4.400000e-07	-4.712485e-06	-5.658572e-09	-3.330073e+01	-3.373802e+02
4.500000e-07	-4.635511e-06	-5.604742e-09	-3.275679e+01	-3.345443e+02
4.600000e-07	-4.557179e-06	-5.568348e-09	-3.220326e+01	-3.316396e+02
4.700000e-07	-4.477422e-06	-5.511978e-09	-3.163966e+01	-3.286593e+02
4.800000e-07	-4.396317e-06	-5.454060e-09	-3.106653e+01	-3.255934e+02
4.900000e-07	-4.313998e-06	-5.403806e-09	-3.048482e+01	-3.224322e+02
5.000000e-07	-4.230606e-06	-5.364226e-09	-2.989553e+01	-3.191703e+02
5.100000e-07	-4.146255e-06	-5.310914e-09	-2.929947e+01	-3.158087e+02
5.200000e-07	-4.060989e-06	-5.237204e-09	-2.869694e+01	-3.123557e+02
5.300000e-07	-3.974746e-06	-5.173473e-09	-2.808750e+01	-3.088239e+02
5.400000e-07	-3.887531e-06	-5.118715e-09	-2.747120e+01	-3.052272e+02
5.500000e-07	-3.799290e-06	-5.065594e-09	-2.684765e+01	-3.015758e+02
5.600000e-07	-3.709907e-06	-4.999138e-09	-2.621602e+01	-2.978736e+02
5.700000e-07	-3.619308e-06	-4.933251e-09	-2.557581e+01	-2.941166e+02
5.800000e-07	-3.527591e-06	-4.874593e-09	-2.492769e+01	-2.902942e+02
5.900000e-07	-3.434961e-06	-4.810055e-09	-2.427312e+01	-2.863922e+02
6.000000e-07	-3.341446e-06	-4.736497e-09	-2.361230e+01	-2.823971e+02
6.100000e-07	-3.247012e-06	-4.660826e-09	-2.294498e+01	-2.783000e+02
6.200000e-07	-3.151684e-06	-4.596695e-09	-2.227134e+01	-2.740985e+02
6.300000e-07	-3.055443e-06	-4.531432e-09	-2.159126e+01	-2.697965e+02
6.400000e-07	-2.958241e-06	-4.457055e-09	-2.090438e+01	-2.654024e+02
6.500000e-07	-2.860032e-06	-4.380509e-09	-2.021039e+01	-2.609254e+02
6.600000e-07	-2.760781e-06	-4.307948e-09	-1.950903e+01	-2.563714e+02
6.700000e-07	-2.660634e-06	-4.231504e-09	-1.880134e+01	-2.517410e+02
6.800000e-07	-2.559835e-06	-4.145671e-09	-1.808905e+01	-2.470284e+02
6.900000e-07	-2.458332e-06	-4.061400e-09	-1.737178e+01	-2.422232e+02
7.000000e-07	-2.356030e-06	-3.983082e-09	-1.664886e+01	-2.373129e+02
7.100000e-07	-2.253053e-06	-3.900982e-09	-1.592118e+01	-2.322867e+02
7.200000e-07	-2.149491e-06	-3.809446e-09	-1.518936e+01	-2.271386e+02
7.300000e-07	-2.045289e-06	-3.718675e-09	-1.445301e+01	-2.218680e+02
7.400000e-07	-1.940355e-06	-3.633605e-09	-1.371150e+01	-2.164799e+02
7.500000e-07	-1.834817e-06	-3.544387e-09	-1.296572e+01	-2.109817e+02
7.600000e-07	-1.728774e-06	-3.447542e-09	-1.221636e+01	-2.053809e+02
7.700000e-07	-1.622173e-06	-3.350807e-09	-1.146307e+01	-1.996816e+02
7.800000e-07	-1.515051e-06	-3.256163e-09	-1.070609e+01	-1.938836e+02
7.900000e-07	-1.407480e-06	-3.157841e-09	-9.945940e+00	-1.879816e+02
8.000000e-07	-1.299501e-06	-3.052490e-09	-9.182910e+00	-1.819681e+02
8.100000e-07	-1.191199e-06	-2.947103e-09	-8.417593e+00	-1.758353e+02
8.200000e-07	-1.082623e-06	-2.843704e-09	-7.650348e+00	-1.695784e+02
8.300000e-07	-9.737959e-07	-2.739005e-09	-6.881319e+00	-1.631971e+02
8.400000e-07	-8.648541e-07	-2.629668e-09	-6.111483e+00	-1.566963e+02
8.500000e-07	-7.558324e-07	-2.518393e-09	-5.341082e+00	-1.500845e+02
8.600000e-07	-6.466116e-07	-2.408731e-09	-4.569274e+00	-1.433711e+02
8.700000e-07	-5.372067e-07	-2.295411e-09	-3.796165e+00	-1.365635e+02
8.800000e-07	-4.276882e-07	-2.177607e-09	-3.022255e+00	-1.296648e+02
8.900000e-07	-3.180733e-07	-2.059154e-09	-2.247662e+00	-1.226728e+02
9.000000e-07	-2.084265e-07	-1.941947e-09	-1.472844e+00	-1.155804e+02
9.100000e-07	-9.880272e-08	-1.822821e-09	-6.981884e-01	-1.083776e+02
9.200000e-07	1.081292e-08	-1.698717e-09	7.640938e-02	-1.010541e+02
9.300000e-07	1.204489e-07	-1.571137e-09	8.511510e-01	-9.360180e+01
9.400000e-07	2.300829e-07	-1.443837e-09	1.625878e+00	-8.601655e+01
9.500000e-07	3.396844e-07	-1.314815e-09	2.400376e+00	-7.829908e+01
9.600000e-07	4.492165e-07	-1.182510e-09	3.174384e+00	-7.045462e+01
9.700000e-07	5.586178e-07	-1.048535e-09	3.947467e+00	-6.249204e+01
9.800000e-07	6.679401e-07	-9.146203e-10	4.719992e+00	-5.442295e+01
9.900000e-07	7.771626e-07	-7.791319e-10	5.491812e+00	-4.626123e+01
1.000000e-06	8.861969e-07	-6.377236e-10	6.262302e+00	-3.802305e+01
1.010000e-06	9.950395e-07	-4.941648e-10	7.031437e+00	-2.972730e+01
1.020000e-06	1.103734e-06	-3.539676e-10	7.799526e+00	-2.139582e+01
1.030000e-06	1.212215e-06	-2.158135e-10	8.566107e+00	-1.305303e+01
1.040000e-06	1.320344e-06	-7.534153e-11	9.330194e+00	-4.724488e+00
1.050000e-06	1.428108e-06	6.561465e-11	1.009171e+01	3.565529e+00
1.060000e-06	1.535472e-06	2.021611e-10	1.085040e+01	1.179703e+01
1.070000e-06	1.642369e-06	3.363761e-10	1.160579e+01	1.995701e+01
1.080000e-06	1.748793e-06	4.715019e-10	1.235783e+01	2.804114e+01
1.090000e-06	1.854683e-06	6.082148e-10	1.310610e+01	3.605354e+01
1.100000e-06	1.960014e-06	7.429034e-10	1.385042e+01	4.400469e+01
1.110000e-06	2.064745e-06	8.776701e-10	1.459050e+01	5.190778e+01
1.120000e-06	2.168757e-06	1.011689e-09	1.532550e+01	5.977432e+01
1.130000e-06	2.272088e-06	1.143100e-09	1.605569e+01	6.761038e+01
1.140000e-06	2.374772e-06	1.270855e-09	1.678130e+01	7.541432e+01
1.150000e-06	2.476795e-06	1.397309e-09	1.750224e+01	8.317684e+01
1.160000e-06	2.578149e-06	1.524354e-09	1.821846e+01	9.088318e+01
1.170000e-06	2.678778e-06	1.651729e-09	1.892956e+01	9.851690e+01
1.180000e-06	2.778615e-06	1.779050e-09	1.963506e+01	1.060641e+02
1.190000e-06	2.877587e-06	1.906574e-09	2.033444e+01	1.135167e+02
1.200000e-06	2.975651e-06	2.034302e-09	2.102741e+01	1.208739e+02
1.210000e-06	3.072757e-06	2.158248e-09	2.171360e+01	1.281418e+02
1.220000e-06	3.168825e-06	2.277321e-09	2.239247e+01	1.353300e+02
1.230000e-06	3.263869e-06	2.394150e-09	2.306410e+01	1.424486e+02
1.240000e-06	3.358004e-06	2.510846e-09	2.372930e+01	1.495042e+02
1.250000e-06	3.451284e-06	2.624811e-09	2.438846e+01	1.564973e+02
1.260000e-06	3.543686e-06	2.738517e-09	2.504143e+01	1.634224e+02
1.270000e-06	3.635126e-06	2.855034e-09	2.568758e+01	1.702689e+02
1.280000e-06	3.725516e-06	2.974062e-09	2.632632e+01	1.770246e+02
1.290000e-06	3.814745e-06	3.090178e-09	2.695686e+01	1.836789e+02
1.300000e-06	3.902750e-06	3.201612e-09	2.757874e+01	1.902252e+02
1.310000e-06	3.989659e-06	3.308413e-09	2.819288e+01	1.966624e+02
1.320000e-06	4.075597e-06	3.412288e-09	2.880016e+01	2.029941e+02
1.330000e-06	4.160577e-06	3.513927e-09	2.940068e+01	2.092268e+02
1.340000e-06	4.244584e-06	3.615685e-09	2.999431e+01	2.153663e+02
1.350000e-06	4.327529e-06	3.719720e-09	3.058044e+01	2.214161e+02
1.360000e-06	4.409225e-06	3.824181e-09	3.115774e+01	2.273754e+02
1.370000e-06	4.489591e-06	3.925441e-09	3.172565e+01	2.332396e+02
1.380000e-06	4.568715e-06	4.022134e-09	3.228478e+01	2.390018e+02
1.390000e-06	4.646627e-06	4.114948e-09	3.283534e+01	2.446553e+02
1.400000e-06	4.723226e-06	4.204712e-09	3.337663e+01	2.501959e+02
1.410000e-06	4.798391e-06	4.293868e-09	3.390778e+01	2.556235e+02
1.420000e-06	4.872035e-06	4.383393e-09	3.442819e+01	2.609421e+02
1.430000e-06	4.944119e-06	4.473738e-09	3.493757e+01	2.661582e+02
1.440000e-06	5.014766e-06	4.563848e-09	3.543679e+01	2.712786e+02
1.450000e-06	5.084077e-06	4.650810e-09	3.592658e+01	2.763079e+02
1.460000e-06	5.152041e-06	4.731980e-09	3.640685e+01	2.812466e+02
1.470000e-06	5.218524e-06	4.809571e-09	3.687664e+01	2.860909e+02
1.480000e-06	5.283371e-06	4.887527e-09	3.733489e+01	2.908330e+02
1.490000e-06	5.346649e-06	4.966708e-09	3.778204e+01	2.954636e+02
1.500000e-06	5.408461e-06	5.043982e-09	3.821883e+01	2.999742e+02
1.510000e-06	5.468866e-06	5.119338e-09	3.864569e+01	3.043588e+02
1.520000e-06	5.527815e-06	5.192489e-09	3.906225e+01	3.086149e+02
1.530000e-06	5.585081e-06	5.261921e-09	3.946692e+01	3.127436e+02
1.540000e-06	5.640595e-06	5.328414e-09	3.985921e+01	3.167481e+02
1.550000e-06	5.694418e-06	5.391694e-09	4.023955e+01	3.206320e+02
1.560000e-06	5.746434e-06	5.453810e-09	4.060712e+01	3.243978e+02
1.570000e-06	5.796490e-06	5.514620e-09	4.096084e+01	3.280462e+02
1.580000e-06	5.844640e-06	5.574381e-09	4.130109e+01	3.315763e+02
1.590000e-06	5.891077e-06	5.632096e-09	4.162923e+01	3.349869e+02
1.600000e-06	5.935933e-06	5.689182e-09	4.194621e+01	3.382772e+02
1.610000e-06	5.979189e-06	5.745479e-09	4.225188e+01	3.414486e+02
1.620000e-06	6.020610e-06	5.797159e-09	4.254458e+01	3.445044e+02
1.630000e-06	6.060207e-06	5.844695e-09	4.282439e+01	3.474492e+02
1.640000e-06	6.098208e-06	5.890779e-09	4.309292e+01	3.502878e+02
1.650000e-06	6.134736e-06	5.937191e-09	4.335105e+01	3.530232e+02
1.660000e-06	6.169641e-06	5.981630e-09	4.359770e+01	3.556556e+02
1.670000e-06	6.202607e-06	6.021703e-09	4.383066e+01	3.581827e+02
1.680000e-06	6.233854e-06	6.058527e-09	4.405147e+01	3.606002e+02
1.690000e-06	6.263541e-06	6.099061e-09	4.426125e+01	3.629037e+02
1.700000e-06	6.291643e-06	6.141062e-09	4.445983e+01	3.650914e+02
1.710000e-06	6.317938e-06	6.176661e-09	4.464565e+01	3.671646e+02
1.720000e-06	6.342220e-06	6.207543e-09	4.481724e+01	3.691287e+02
1.730000e-06	6.364757e-06	6.238292e-09	4.497649e+01	3.709919e+02
1.740000e-06	6.385712e-06	6.266660e-09	4.512457e+01	3.727626e+02
1.750000e-06	6.405044e-06	6.291041e-09	4.526118e+01	3.744468e+02
1.760000e-06	6.422614e-06	6.315498e-09	4.538534e+01	3.760465e+02
1.770000e-06	6.438346e-06	6.340376e-09	4.549651e+01	3.775585e+02
1.780000e-06	6.452219e-06	6.364874e-09	4.559454e+01	3.789758e+02
1.790000e-06	6.464105e-06	6.386512e-09	4.567854e+01	3.802901e+02
1.800000e-06	6.473812e-06	6.405647e-09	4.574713e+01	3.814954e+02
1.810000e-06	6.481504e-06	6.424437e-09	4.580148e+01	3.825906e+02
1.820000e-06	6.487412e-06	6.441578e-09	4.584323e+01	3.835809e+02
1.830000e-06	6.491649e-06	6.456908e-09	4.587317e+01	3.844775e+02
1.840000e-06	6.494034e-06	6.470810e-09	4.589003e+01	3.852938e+02
1.850000e-06	6.494398e-06	6.485238e-09	4.589260e+01	3.860420e+02
1.860000e-06	6.493015e-06	6.500800e-09	4.588283e+01	3.867284e+02
1.870000e-06	6.490045e-06	6.509801e-09	4.586184e+01	3.873510e+02
1.880000e-06	6.485416e-06	6.512299e-09	4.582913e+01	3.878993e+02
1.890000e-06	6.478842e-06	6.517071e-09	4.578267e+01	3.883572e+02
1.900000e-06	6.470456e-06	6.523642e-09	4.572341e+01	3.887079e+02
1.910000e-06	6.460535e-06	6.525410e-09	4.565331e+01	3.889394e+02
1.920000e-06	6.448928e-06	6.511778e-09	4.557129e+01	3.890498e+02
1.930000e-06	6.435288e-06	6.535428e-09	4.547490e+01	3.890488e+02
1.940000e-06	6.419460e-06	6.608047e-09	4.536305e+01	3.889566e+02
1.950000e-06	6.401303e-06	6.593779e-09	4.523475e+01	3.887990e+02
1.960000e-06	6.380518e-06	6.542363e-09	4.508787e+01	3.886008e+02
1.970000e-06	6.357544e-06	6.463393e-09	4.492552e+01	3.883782e+02
1.980000e-06	6.333501e-06	6.444554e-09	4.475562e+01	3.881344e+02
1.990000e-06	6.308811e-06	6.595301e-09	4.458115e+01	3.878573e+02
2.000000e-06	6.282636e-06	6.515380e-09	4.439618e+01	3.875233e+02
2.010000e-06	6.254697e-06	6.421432e-09	4.419875e+01	3.871023e+02
2.020000e-06	6.225468e-06	6.566826e-09	4.399221e+01	3.865668e+02
2.030000e-06	6.194189e-06	6.514654e-09	4.377118e+01	3.858989e+02
2.040000e-06	6.160593e-06	6.495688e-09	4.353377e+01	3.850950e+02
2.050000e-06	6.125645e-06	6.535364e-09	4.328681e+01	3.841673e+02
2.060000e-06	6.089150e-06	6.364505e-09	4.302892e+01	3.831395e+02
2.070000e-06	6.050754e-06	6.415581e-09	4.275759e+01	3.820404e+02
2.080000e-06	6.010652e-06	6.470930e-09	4.247421e+01	3.808956e+02
2.090000e-06	5.968727e-06	6.358496e-09	4.217795e+01	3.797208e+02
2.100000e-06	5.925396e-06	6.399627e-09	4.187175e+01	3.785175e+02
2.110000e-06	5.880556e-06	6.336581e-09	4.155489e+01	3.772737e+02
2.120000e-06	5.833778e-06	6.354813e-09	4.122433e+01	3.759677e+02
2.130000e-06	5.785479e-06	6.365938e-09	4.088303e+01	3.745750e+02
2.140000e-06	5.735489e-06	6.197081e-09	4.052978e+01	3.730755e+02
2.150000e-06	5.683621e-06	6.253010e-09	4.016325e+01	3.714592e+02
2.160000e-06	5.629711e-06	6.263790e-09	3.978229e+01	3.697278e+02
2.170000e-06	5.573899e-06	6.222072e-09	3.938790e+01	3.678942e+02
2.180000e-06	5.516603e-06	6.175565e-09	3.898302e+01	3.659770e+02
2.190000e-06	5.457690e-06	6.098247e-09	3.856671e+01	3.639952e+02
2.200000e-06	5.397257e-06	6.158957e-09	3.813966e+01	3.619622e+02
2.210000e-06	5.335128e-06	6.064792e-09	3.770063e+01	3.598823e+02
2.220000e-06	5.271290e-06	6.010222e-09	3.724952e+01	3.577504e+02
2.230000e-06	5.205951e-06	6.000155e-09	3.678780e+01	3.555545e+02
2.240000e-06	5.139044e-06	5.953689e-09	3.631500e+01	3.532804e+02
2.250000e-06	5.070806e-06	5.976367e-09	3.583280e+01	3.509161e+02
2.260000e-06	5.001028e-06	5.858766e-09	3.533972e+01	3.484557e+02
2.270000e-06	4.929491e-06	5.825734e-09	3.483420e+01	3.459006e+02
2.280000e-06	4.856494e-06	5.795911e-09	3.431836e+01	3.432579e+02
2.290000e-06	4.782155e-06	5.745267e-09	3.379305e+01	3.405371e+02
2.300000e-06	4.706473e-06	5.713438e-09	3.325825e+01	3.377460e+02
2.310000e-06	4.629124e-06	5.627929e-09	3.271166e+01	3.348875e+02
2.320000e-06	4.550120e-06	5.633999e-09	3.215338e+01	3.319583e+02
2.330000e-06	4.469919e-06	5.566110e-09	3.158664e+01	3.289499e+02
2.340000e-06	4.388621e-06	5.503792e-09	3.101215e+01	3.258520e+02
2.350000e-06	4.306233e-06	5.433814e-09	3.042995e+01	3.226561e+02
2.360000e-06	4.222822e-06	5.379138e-09	2.984053e+01	3.193590e+02
2.370000e-06	4.138363e-06	5.356919e-09	2.924370e+01	3.159647e+02
2.380000e-06	4.052637e-06	5.267344e-09	2.863792e+01	3.124833e+02
2.390000e-06	3.965578e-06	5.215753e-09	2.802272e+01	3.089284e+02
2.400000e-06	3.877369e-06	5.149936e-09	2.739939e+01	3.053130e+02
2.410000e-06	3.788215e-06	5.106663e-09	2.676939e+01	3.016453e+02
2.420000e-06	3.698140e-06	5.035121e-09	2.613287e+01	2.979262e+02
2.430000e-06	3.607128e-06	4.953412e-09	2.548974e+01	2.941489e+02
2.440000e-06	3.515229e-06	4.901877e-09	2.484033e+01	2.903011e+02
2.450000e-06	3.422233e-06	4.840732e-09	2.418317e+01	2.863684e+02
2.460000e-06	3.328149e-06	4.777763e-09	2.351833e+01	2.823386e+02
2.470000e-06	3.233011e-06	4.684244e-09	2.284604e+01	2.782050e+02
2.480000e-06	3.136846e-06	4.616284e-09	2.216649e+01	2.739678e+02
2.490000e-06	3.039875e-06	4.552801e-09	2.148125e+01	2.696329e+02
2.500000e-06	2.942102e-06	4.478433e-09	2.079033e+01	2.652095e+02
2.510000e-06	2.843526e-06	4.390300e-09	2.009375e+01	2.607059e+02
2.520000e-06	2.744210e-06	4.311838e-09	1.939193e+01	2.561263e+02
2.530000e-06	2.644164e-06	4.250157e-09	1.868496e+01	2.514689e+02
2.540000e-06	2.543303e-06	4.167541e-09	1.797223e+01	2.467257e+02
2.550000e-06	2.441491e-06	4.071591e-09	1.725277e+01	2.418853e+02
2.560000e-06	2.338702e-06	3.982258e-09	1.652641e+01	2.369353e+02
2.570000e-06	2.235097e-06	3.911977e-09	1.579429e+01	2.318666e+02
2.580000e-06	2.130896e-06	3.823639e-09	1.505795e+01	2.266751e+02
2.590000e-06	2.026179e-06	3.722716e-09	1.431798e+01	2.213624e+02
2.600000e-06	1.920891e-06	3.632196e-09	1.357396e+01	2.159348e+02
2.610000e-06	1.815035e-06	3.552233e-09	1.282593e+01	2.104001e+02
2.620000e-06	1.708749e-06	3.457711e-09	1.207486e+01	2.047649e+02
2.630000e-06	1.602100e-06	3.346276e-09	1.132122e+01	1.990317e+02
2.640000e-06	1.495135e-06	3.244589e-09	1.056535e+01	1.931982e+02
2.650000e-06	1.387881e-06	3.154613e-09	9.807448e+00	1.872582e+02
2.660000e-06	1.280263e-06	3.054430e-09	9.046966e+00	1.812035e+02
2.670000e-06	1.172211e-06	2.938827e-09	8.283420e+00	1.750273e+02
2.680000e-06	1.063829e-06	2.832115e-09	7.517534e+00	1.687262e+02
2.690000e-06	9.552777e-07	2.732924e-09	6.750461e+00	1.623021e+02
2.700000e-06	8.466094e-07	2.627684e-09	5.982557e+00	1.557613e+02
2.710000e-06	7.377871e-07	2.508068e-09	5.213565e+00	1.491131e+02
2.720000e-06	6.287725e-07	2.390474e-09	4.443215e+00	1.423665e+02
2.730000e-06	5.196376e-07	2.280724e-09	3.672014e+00	1.355274e+02
2.740000e-06	4.104411e-07	2.165966e-09	2.900378e+00	1.285970e+02
2.750000e-06	3.012329e-07	2.041840e-09	2.128659e+00	1.215711e+02
2.760000e-06	1.920562e-07	1.915880e-09	1.357163e+00	1.144414e+02
2.770000e-06	8.282904e-08	1.798857e-09	5.853106e-01	1.071973e+02
2.780000e-06	-2.645329e-08	1.680801e-09	-1.869319e-01	9.982897e+01
2.790000e-06	-1.357421e-07	1.553294e-09	-9.592204e-01	9.232978e+01
2.800000e-06	-2.450399e-07	1.421612e-09	-1.731572e+00	8.469737e+01
2.810000e-06	-3.542441e-07	1.295167e-09	-2.503263e+00	7.693422e+01
2.820000e-06	-4.633244e-07	1.168496e-09	-3.274077e+00	6.904702e+01
2.830000e-06	-5.723214e-07	1.031591e-09	-4.044303e+00	6.104577e+01
2.840000e-06	-6.812336e-07	8.877665e-10	-4.813931e+00	5.294297e+01
2.850000e-06	-7.899730e-07	7.516840e-10	-5.582336e+00	4.475331e+01
2.860000e-06	-8.984622e-07	6.175734e-10	-6.348974e+00	3.649393e+01
2.870000e-06	-1.006776e-06	4.736547e-10	-7.114375e+00	2.818483e+01
2.880000e-06	-1.114887e-06	3.273063e-10	-7.878337e+00	1.984890e+01
2.890000e-06	-1.222737e-06	1.896559e-10	-8.640461e+00	1.151123e+01
2.900000e-06	-1.330309e-06	5.721402e-11	-9.400615e+00	3.197219e+00
2.910000e-06	-1.437562e-06	-8.326947e-11	-1.015852e+01	-5.070108e+00
2.920000e-06	-1.544464e-06	-2.267413e-10	-1.091394e+01	-1.327310e+01
2.930000e-06	-1.650982e-06	-3.624302e-10	-1.166665e+01	-2.140191e+01
2.940000e-06	-1.757141e-06	-4.935123e-10	-1.241682e+01	-2.945549e+01
2.950000e-06	-1.862852e-06	-6.323089e-10	-1.316383e+01	-3.744069e+01
2.960000e-06	-1.968032e-06	-7.739954e-10	-1.390708e+01	-4.536950e+01
2.970000e-06	-2.072622e-06	-9.073290e-10	-1.464617e+01	-5.325500e+01
2.980000e-06	-2.176575e-06	-1.033162e-09	-1.538075e+01	-6.110702e+01
2.990000e-06	-2.279864e-06	-1.162500e-09	-1.611063e+01	-6.892890e+01
3.000000e-06	-2.382344e-06	-1.296115e-09	-1.683481e+01	-7.671600e+01
3.010000e-06	-2.484013e-06	-1.426134e-09	-1.755325e+01	-8.445660e+01
3.020000e-06	-2.584924e-06	-1.553460e-09	-1.826634e+01	-9.213482e+01
3.030000e-06	-2.685011e-06	-1.685946e-09	-1.897360e+01	-9.973470e+01
3.040000e-06	-2.784268e-06	-1.819498e-09	-1.967500e+01	-1.072442e+02
3.050000e-06	-2.882748e-06	-1.944678e-09	-2.037091e+01	-1.146580e+02
3.060000e-06	-2.980460e-06	-2.062162e-09	-2.106139e+01	-1.219780e+02
3.070000e-06	-3.077383e-06	-2.181408e-09	-2.174630e+01	-1.292119e+02
3.080000e-06	-3.173435e-06	-2.305463e-09	-2.242505e+01	-1.363703e+02
3.090000e-06	-3.268539e-06	-2.426228e-09	-2.309710e+01	-1.434620e+02
3.100000e-06	-3.362650e-06	-2.543750e-09	-2.376214e+01	-1.504917e+02
3.110000e-06	-3.455763e-06	-2.664070e-09	-2.442012e+01	-1.574575e+02
3.120000e-06	-3.547809e-06	-2.785446e-09	-2.507056e+01	-1.643517e+02
3.130000e-06	-3.638745e-06	-2.899579e-09	-2.571316e+01	-1.711628e+02
3.140000e-06	-3.728650e-06	-3.008106e-09	-2.634847e+01	-1.778788e+02
3.150000e-06	-3.817601e-06	-3.118323e-09	-2.697704e+01	-1.844903e+02
3.160000e-06	-3.905545e-06	-3.231576e-09	-2.759850e+01	-1.909927e+02
3.170000e-06	-3.992370e-06	-3.341519e-09	-2.821204e+01	-1.973870e+02
3.180000e-06	-4.078094e-06	-3.445204e-09	-2.881781e+01	-2.036781e+02
3.190000e-06	-4.162653e-06	-3.548040e-09	-2.941534e+01	-2.098724e+02
3.200000e-06	-4.246003e-06	-3.652692e-09	-3.000434e+01	-2.159753e+02
3.210000e-06	-4.328272e-06	-3.753093e-09	-3.058569e+01	-2.219888e+02
3.220000e-06	-4.409475e-06	-3.849402e-09	-3.115951e+01	-2.279104e+02
3.230000e-06	-4.489478e-06	-3.948345e-09	-3.172485e+01	-2.337344e+02
3.240000e-06	-4.568213e-06	-4.049952e-09	-3.228123e+01	-2.394537e+02
3.250000e-06	-4.645551e-06	-4.147672e-09	-3.282774e+01	-2.450624e+02
3.260000e-06	-4.721350e-06	-4.238042e-09	-3.336338e+01	-2.505577e+02
3.270000e-06	-4.795730e-06	-4.326060e-09	-3.388898e+01	-2.559410e+02
3.280000e-06	-4.868808e-06	-4.415132e-09	-3.440538e+01	-2.612176e+02
3.290000e-06	-4.940494e-06	-4.503214e-09	-3.491195e+01	-2.663943e+02
3.300000e-06	-5.010669e-06	-4.586764e-09	-3.540784e+01	-2.714774e+02
3.310000e-06	-5.079333e-06	-4.669934e-09	-3.589306e+01	-2.764701e+02
3.320000e-06	-5.146551e-06	-4.755191e-09	-3.636805e+01	-2.813714e+02
3.330000e-06	-5.212376e-06	-4.836355e-09	-3.683320e+01	-2.861756e+02
3.340000e-06	-5.276819e-06	-4.911953e-09	-3.728859e+01	-2.908743e+02
3.350000e-06	-5.339748e-06	-4.987015e-09	-3.773328e+01	-2.954580e+02
3.360000e-06	-5.400982e-06	-5.064529e-09	-3.816599e+01	-2.999191e+02
3.370000e-06	-5.460524e-06	-5.139011e-09	-3.858674e+01	-3.042528e+02
3.380000e-06	-5.518562e-06	-5.207072e-09	-3.899687e+01	-3.084581e+02
3.390000e-06	-5.575165e-06	-5.271756e-09	-3.939684e+01	-3.125371e+02
3.400000e-06	-5.630146e-06	-5.339049e-09	-3.978537e+01	-3.164932e+02
3.410000e-06	-5.683220e-06	-5.407468e-09	-4.016042e+01	-3.203298e+02
3.420000e-06	-5.734362e-06	-5.468731e-09	-4.052181e+01	-3.240488e+02
3.430000e-06	-5.783629e-06	-5.525067e-09	-4.086996e+01	-3.276503e+02
3.440000e-06	-5.830889e-06	-5.583870e-09	-4.120392e+01	-3.311330e+02
3.450000e-06	-5.876409e-06	-5.643649e-09	-4.152559e+01	-3.344957e+02
3.460000e-06	-5.920500e-06	-5.695945e-09	-4.183716e+01	-3.377384e+02
3.470000e-06	-5.963171e-06	-5.742752e-09	-4.213869e+01	-3.408631e+02
3.480000e-06	-6.004390e-06	-5.793140e-09	-4.242996e+01	-3.438740e+02
3.490000e-06	-6.044055e-06	-5.846982e-09	-4.271025e+01	-3.467757e+02
3.500000e-06	-6.081927e-06	-5.896291e-09	-4.297788e+01	-3.495726e+02
3.510000e-06	-6.117923e-06	-5.940755e-09	-4.323224e+01	-3.522667e+02
3.520000e-06	-6.152235e-06	-5.985146e-09	-4.347471e+01	-3.548573e+02
3.530000e-06	-6.184990e-06	-6.028266e-09	-4.370617e+01	-3.573411e+02
3.540000e-06	-6.216069e-06	-6.065008e-09	-4.392579e+01	-3.597135e+02
3.550000e-06	-6.245288e-06	-6.097000e-09	-4.413227e+01	-3.619709e+02
3.560000e-06	-6.272750e-06	-6.131952e-09	-4.432633e+01	-3.641124e+02
3.570000e-06	-6.298566e-06	-6.170163e-09	-4.450875e+01	-3.661412e+02
3.580000e-06	-6.322682e-06	-6.206227e-09	-4.467917e+01	-3.680637e+02
3.590000e-06	-6.344950e-06	-6.238639e-09	-4.483652e+01	-3.698885e+02
3.600000e-06	-6.365346e-06	-6.271091e-09	-4.498066e+01	-3.716234e+02
3.610000e-06	-6.384055e-06	-6.302052e-09	-4.511286e+01	-3.732733e+02
3.620000e-06	-6.401124e-06	-6.325861e-09	-4.523348e+01	-3.748379e+02
3.630000e-06	-6.416351e-06	-6.344443e-09	-4.534108e+01	-3.763126e+02
3.640000e-06	-6.429425e-06	-6.365159e-09	-4.543346e+01	-3.776895e+02
3.650000e-06	-6.440410e-06	-6.390559e-09	-4.551109e+01	-3.789606e+02
3.660000e-06	-6.449631e-06	-6.414067e-09	-4.557625e+01	-3.801216e+02
3.670000e-06	-6.457132e-06	-6.432757e-09	-4.562926e+01	-3.811738e+02
3.680000e-06	-6.462651e-06	-6.451152e-09	-4.566826e+01	-3.821247e+02
3.690000e-06	-6.466265e-06	-6.467660e-09	-4.569380e+01	-3.829868e+02
3.700000e-06	-6.468212e-06	-6.481191e-09	-4.570756e+01	-3.837736e+02
3.710000e-06	-6.468452e-06	-6.488205e-09	-4.570925e+01	-3.844955e+02
