# Temperatura_=_20.0
# Concentracion g/m^3_=_12000.0
# C_Vs_to_Am_M_A/Vsm_=_59384043850.047264
# pendiente_HvsI_1/m_=_3716.3
# ordenada_HvsI_A/m_=_1297.0
# frecuencia_Hz_=_269355.9566815637

Tiempo_(s)	Campo_(V.s)	Magnetizacion_(V.s)	Campo_(kA/m)	Magnetizacion_(A/m)
0.000000e+00	-6.428916e-06	-6.290619e-09	-4.569914e+01	-3.731307e+02
1.000000e-08	-6.427063e-06	-6.298067e-09	-4.568596e+01	-3.737645e+02
2.000000e-08	-6.423269e-06	-6.309074e-09	-4.565900e+01	-3.743497e+02
3.000000e-08	-6.417819e-06	-6.317916e-09	-4.562026e+01	-3.748752e+02
4.000000e-08	-6.410815e-06	-6.321455e-09	-4.557047e+01	-3.753233e+02
5.000000e-08	-6.402211e-06	-6.325287e-09	-4.550931e+01	-3.756742e+02
6.000000e-08	-6.391616e-06	-6.333236e-09	-4.543400e+01	-3.759133e+02
7.000000e-08	-6.378997e-06	-6.350830e-09	-4.534430e+01	-3.760360e+02
8.000000e-08	-6.364386e-06	-6.344480e-09	-4.524044e+01	-3.760497e+02
9.000000e-08	-6.347447e-06	-6.278991e-09	-4.512003e+01	-3.759730e+02
1.000000e-07	-6.328306e-06	-6.264694e-09	-4.498397e+01	-3.758302e+02
1.100000e-07	-6.307343e-06	-6.307376e-09	-4.483495e+01	-3.756446e+02
1.200000e-07	-6.284738e-06	-6.339169e-09	-4.467427e+01	-3.754315e+02
1.300000e-07	-6.260858e-06	-6.415268e-09	-4.450452e+01	-3.751930e+02
1.400000e-07	-6.235688e-06	-6.331244e-09	-4.432560e+01	-3.749172e+02
1.500000e-07	-6.208732e-06	-6.219145e-09	-4.413399e+01	-3.745806e+02
1.600000e-07	-6.180212e-06	-6.356694e-09	-4.393126e+01	-3.741548e+02
1.700000e-07	-6.150218e-06	-6.310802e-09	-4.371805e+01	-3.736145e+02
1.800000e-07	-6.118472e-06	-6.190940e-09	-4.349239e+01	-3.729444e+02
1.900000e-07	-6.085065e-06	-6.248201e-09	-4.325492e+01	-3.721438e+02
2.000000e-07	-6.050061e-06	-6.198494e-09	-4.300610e+01	-3.712273e+02
2.100000e-07	-6.013378e-06	-6.240520e-09	-4.274534e+01	-3.702204e+02
2.200000e-07	-5.975040e-06	-6.292568e-09	-4.247282e+01	-3.691525e+02
2.300000e-07	-5.935074e-06	-6.155156e-09	-4.218872e+01	-3.680488e+02
2.400000e-07	-5.893177e-06	-6.119941e-09	-4.189091e+01	-3.669236e+02
2.500000e-07	-5.849375e-06	-6.141527e-09	-4.157954e+01	-3.657760e+02
2.600000e-07	-5.803865e-06	-6.139619e-09	-4.125604e+01	-3.645913e+02
2.700000e-07	-5.756770e-06	-6.111265e-09	-4.092127e+01	-3.633448e+02
2.800000e-07	-5.707946e-06	-6.029394e-09	-4.057421e+01	-3.620092e+02
2.900000e-07	-5.656998e-06	-6.055103e-09	-4.021206e+01	-3.605622e+02
3.000000e-07	-5.604029e-06	-6.082166e-09	-3.983553e+01	-3.589920e+02
3.100000e-07	-5.549409e-06	-6.004278e-09	-3.944727e+01	-3.573002e+02
3.200000e-07	-5.493293e-06	-5.913099e-09	-3.904838e+01	-3.555003e+02
3.300000e-07	-5.435388e-06	-5.902088e-09	-3.863677e+01	-3.536129e+02
3.400000e-07	-5.375689e-06	-5.948891e-09	-3.821241e+01	-3.516599e+02
3.500000e-07	-5.314500e-06	-5.888895e-09	-3.777745e+01	-3.496578e+02
3.600000e-07	-5.251892e-06	-5.805556e-09	-3.733241e+01	-3.476138e+02
3.700000e-07	-5.187819e-06	-5.778522e-09	-3.687696e+01	-3.455246e+02
3.800000e-07	-5.122072e-06	-5.774724e-09	-3.640960e+01	-3.433787e+02
3.900000e-07	-5.054624e-06	-5.750252e-09	-3.593016e+01	-3.411601e+02
4.000000e-07	-4.985696e-06	-5.656029e-09	-3.544019e+01	-3.388542e+02
4.100000e-07	-4.915412e-06	-5.616043e-09	-3.494059e+01	-3.364516e+02
4.200000e-07	-4.843830e-06	-5.631795e-09	-3.443175e+01	-3.339505e+02
4.300000e-07	-4.770839e-06	-5.597915e-09	-3.391290e+01	-3.313565e+02
4.400000e-07	-4.696321e-06	-5.503320e-09	-3.338321e+01	-3.286797e+02
4.500000e-07	-4.620294e-06	-5.433150e-09	-3.284278e+01	-3.259308e+02
4.600000e-07	-4.542822e-06	-5.431021e-09	-3.229208e+01	-3.231180e+02
4.700000e-07	-4.463941e-06	-5.397739e-09	-3.173136e+01	-3.202435e+02
4.800000e-07	-4.383686e-06	-5.318727e-09	-3.116088e+01	-3.173041e+02
4.900000e-07	-4.302101e-06	-5.255658e-09	-3.058094e+01	-3.142921e+02
5.000000e-07	-4.219293e-06	-5.235431e-09	-2.999231e+01	-3.111988e+02
5.100000e-07	-4.135516e-06	-5.200039e-09	-2.939679e+01	-3.080173e+02
5.200000e-07	-4.050886e-06	-5.107935e-09	-2.879521e+01	-3.047454e+02
5.300000e-07	-3.965350e-06	-5.029274e-09	-2.818719e+01	-3.013861e+02
5.400000e-07	-3.878764e-06	-4.999851e-09	-2.757170e+01	-2.979464e+02
5.500000e-07	-3.791180e-06	-4.970177e-09	-2.694912e+01	-2.944356e+02
5.600000e-07	-3.702589e-06	-4.887774e-09	-2.631939e+01	-2.908614e+02
5.700000e-07	-3.612904e-06	-4.800949e-09	-2.568187e+01	-2.872282e+02
5.800000e-07	-3.522094e-06	-4.759426e-09	-2.503636e+01	-2.835351e+02
5.900000e-07	-3.430140e-06	-4.716866e-09	-2.438272e+01	-2.797764e+02
6.000000e-07	-3.337222e-06	-4.632509e-09	-2.372222e+01	-2.759433e+02
6.100000e-07	-3.243408e-06	-4.544633e-09	-2.305536e+01	-2.720260e+02
6.200000e-07	-3.148693e-06	-4.498207e-09	-2.238208e+01	-2.680164e+02
6.300000e-07	-3.053171e-06	-4.455927e-09	-2.170308e+01	-2.639098e+02
6.400000e-07	-2.956754e-06	-4.370072e-09	-2.101771e+01	-2.597046e+02
6.500000e-07	-2.859349e-06	-4.270888e-09	-2.032532e+01	-2.554024e+02
6.600000e-07	-2.761012e-06	-4.206060e-09	-1.962631e+01	-2.510056e+02
6.700000e-07	-2.661695e-06	-4.150985e-09	-1.892032e+01	-2.465161e+02
6.800000e-07	-2.561503e-06	-4.062491e-09	-1.820812e+01	-2.419336e+02
6.900000e-07	-2.460608e-06	-3.964774e-09	-1.749092e+01	-2.372560e+02
7.000000e-07	-2.358997e-06	-3.898196e-09	-1.676863e+01	-2.324793e+02
7.100000e-07	-2.256695e-06	-3.838434e-09	-1.604143e+01	-2.275993e+02
7.200000e-07	-2.153816e-06	-3.744157e-09	-1.531013e+01	-2.226130e+02
7.300000e-07	-2.050352e-06	-3.634186e-09	-1.457467e+01	-2.175196e+02
7.400000e-07	-1.946248e-06	-3.550773e-09	-1.383466e+01	-2.123208e+02
7.500000e-07	-1.841445e-06	-3.480378e-09	-1.308968e+01	-2.070195e+02
7.600000e-07	-1.736025e-06	-3.385002e-09	-1.234032e+01	-2.016193e+02
7.700000e-07	-1.630150e-06	-3.277425e-09	-1.158771e+01	-1.961222e+02
7.800000e-07	-1.523852e-06	-3.191277e-09	-1.083211e+01	-1.905277e+02
7.900000e-07	-1.417138e-06	-3.114886e-09	-1.007355e+01	-1.848329e+02
8.000000e-07	-1.310056e-06	-3.011360e-09	-9.312369e+00	-1.790327e+02
8.100000e-07	-1.202572e-06	-2.891699e-09	-8.548334e+00	-1.731214e+02
8.200000e-07	-1.094688e-06	-2.791765e-09	-7.781452e+00	-1.670948e+02
8.300000e-07	-9.865397e-07	-2.706124e-09	-7.012693e+00	-1.609511e+02
8.400000e-07	-8.781717e-07	-2.599610e-09	-6.242373e+00	-1.546920e+02
8.500000e-07	-7.696168e-07	-2.475417e-09	-5.470724e+00	-1.483222e+02
8.600000e-07	-6.608780e-07	-2.367464e-09	-4.697768e+00	-1.418481e+02
8.700000e-07	-5.519670e-07	-2.272972e-09	-3.923588e+00	-1.352761e+02
8.800000e-07	-4.429491e-07	-2.161211e-09	-3.148648e+00	-1.286107e+02
8.900000e-07	-3.338885e-07	-2.032065e-09	-2.373405e+00	-1.218530e+02
9.000000e-07	-2.248351e-07	-1.917876e-09	-1.598212e+00	-1.150004e+02
9.100000e-07	-1.157679e-07	-1.818179e-09	-8.229217e-01	-1.080468e+02
9.200000e-07	-6.688578e-09	-1.702114e-09	-4.754492e-02	-1.009841e+02
9.300000e-07	1.023730e-07	-1.566534e-09	7.277052e-01	-9.380348e+01
9.400000e-07	2.114053e-07	-1.441848e-09	1.502748e+00	-8.649750e+01
9.500000e-07	3.204351e-07	-1.331594e-09	2.277772e+00	-7.906166e+01
9.600000e-07	4.294378e-07	-1.207163e-09	3.052604e+00	-7.149557e+01
9.700000e-07	5.383600e-07	-1.065027e-09	3.826864e+00	-6.380362e+01
9.800000e-07	6.471782e-07	-9.311390e-10	4.600385e+00	-5.599536e+01
9.900000e-07	7.558576e-07	-8.118561e-10	5.372918e+00	-4.808542e+01
1.000000e-06	8.644074e-07	-6.811643e-10	6.144531e+00	-4.009311e+01
1.010000e-06	9.727756e-07	-5.330921e-10	6.914852e+00	-3.204166e+01
1.020000e-06	1.080853e-06	-3.930716e-10	7.683107e+00	-2.395687e+01
1.030000e-06	1.188682e-06	-2.699403e-10	8.449596e+00	-1.586537e+01
1.040000e-06	1.296228e-06	-1.405702e-10	9.214070e+00	-7.792335e+00
1.050000e-06	1.403388e-06	4.706283e-12	9.975806e+00	2.408774e-01
1.060000e-06	1.510122e-06	1.454705e-10	1.073451e+01	8.218803e+00
1.070000e-06	1.616414e-06	2.705663e-10	1.149007e+01	1.613316e+01
1.080000e-06	1.722264e-06	3.969714e-10	1.224249e+01	2.398292e+01
1.090000e-06	1.827506e-06	5.364959e-10	1.299059e+01	3.177304e+01
1.100000e-06	1.932134e-06	6.715539e-10	1.373433e+01	3.951194e+01
1.110000e-06	2.036211e-06	7.926991e-10	1.447415e+01	4.720838e+01
1.120000e-06	2.139667e-06	9.138069e-10	1.520955e+01	5.486839e+01
1.130000e-06	2.242506e-06	1.047476e-09	1.594057e+01	6.249299e+01
1.140000e-06	2.344722e-06	1.180682e-09	1.666716e+01	7.007750e+01
1.150000e-06	2.446321e-06	1.301179e-09	1.738936e+01	7.761233e+01
1.160000e-06	2.547246e-06	1.420501e-09	1.810677e+01	8.508528e+01
1.170000e-06	2.647402e-06	1.549654e-09	1.881872e+01	9.248447e+01
1.180000e-06	2.746798e-06	1.677957e-09	1.952527e+01	9.980121e+01
1.190000e-06	2.845333e-06	1.793631e-09	2.022569e+01	1.070317e+02
1.200000e-06	2.942842e-06	1.907367e-09	2.091882e+01	1.141775e+02
1.210000e-06	3.039353e-06	2.031141e-09	2.160486e+01	1.212439e+02
1.220000e-06	3.134920e-06	2.154784e-09	2.228419e+01	1.282380e+02
1.230000e-06	3.229569e-06	2.266972e-09	2.295698e+01	1.351654e+02
1.240000e-06	3.323363e-06	2.375202e-09	2.362371e+01	1.420281e+02
1.250000e-06	3.416336e-06	2.490311e-09	2.428459e+01	1.488236e+02
1.260000e-06	3.508441e-06	2.607813e-09	2.493931e+01	1.555453e+02
1.270000e-06	3.599525e-06	2.717786e-09	2.558677e+01	1.621843e+02
1.280000e-06	3.689482e-06	2.824593e-09	2.622622e+01	1.687319e+02
1.290000e-06	3.778248e-06	2.935655e-09	2.685720e+01	1.751825e+02
1.300000e-06	3.865906e-06	3.048777e-09	2.748031e+01	1.815346e+02
1.310000e-06	3.952563e-06	3.153371e-09	2.809630e+01	1.877911e+02
1.320000e-06	4.038215e-06	3.250670e-09	2.870514e+01	1.939579e+02
1.330000e-06	4.122842e-06	3.350931e-09	2.930671e+01	2.000413e+02
1.340000e-06	4.206476e-06	3.455106e-09	2.990121e+01	2.060460e+02
1.350000e-06	4.289051e-06	3.555093e-09	3.048818e+01	2.119724e+02
1.360000e-06	4.370428e-06	3.651142e-09	3.106663e+01	2.178166e+02
1.370000e-06	4.450534e-06	3.751199e-09	3.163606e+01	2.235707e+02
1.380000e-06	4.529354e-06	3.852168e-09	3.219634e+01	2.292253e+02
1.390000e-06	4.606949e-06	3.945266e-09	3.274792e+01	2.347720e+02
1.400000e-06	4.683292e-06	4.030437e-09	3.329059e+01	2.402054e+02
1.410000e-06	4.758214e-06	4.116580e-09	3.382316e+01	2.455246e+02
1.420000e-06	4.831563e-06	4.204473e-09	3.434456e+01	2.507332e+02
1.430000e-06	4.903407e-06	4.289499e-09	3.485525e+01	2.558376e+02
1.440000e-06	4.973875e-06	4.372803e-09	3.535616e+01	2.608444e+02
1.450000e-06	5.043009e-06	4.457889e-09	3.584760e+01	2.657588e+02
1.460000e-06	5.110824e-06	4.542121e-09	3.632965e+01	2.705821e+02
1.470000e-06	5.177114e-06	4.622307e-09	3.680086e+01	2.753115e+02
1.480000e-06	5.241761e-06	4.701149e-09	3.726040e+01	2.799411e+02
1.490000e-06	5.304953e-06	4.779766e-09	3.770959e+01	2.844630e+02
1.500000e-06	5.366728e-06	4.854145e-09	3.814871e+01	2.888697e+02
1.510000e-06	5.427117e-06	4.923645e-09	3.857797e+01	2.931560e+02
1.520000e-06	5.486004e-06	4.993323e-09	3.899657e+01	2.973194e+02
1.530000e-06	5.543101e-06	5.060988e-09	3.940244e+01	3.013604e+02
1.540000e-06	5.598532e-06	5.124737e-09	3.979646e+01	3.052814e+02
1.550000e-06	5.652416e-06	5.187331e-09	4.017948e+01	3.090853e+02
1.560000e-06	5.704465e-06	5.251056e-09	4.054947e+01	3.127748e+02
1.570000e-06	5.754401e-06	5.312989e-09	4.090444e+01	3.163514e+02
1.580000e-06	5.802427e-06	5.370883e-09	4.124582e+01	3.198159e+02
1.590000e-06	5.848833e-06	5.426500e-09	4.157569e+01	3.231694e+02
1.600000e-06	5.893703e-06	5.482607e-09	4.189465e+01	3.264136e+02
1.610000e-06	5.936955e-06	5.536578e-09	4.220209e+01	3.295514e+02
1.620000e-06	5.978361e-06	5.584043e-09	4.249642e+01	3.325870e+02
1.630000e-06	6.018052e-06	5.630957e-09	4.277857e+01	3.355242e+02
1.640000e-06	6.056162e-06	5.680876e-09	4.304947e+01	3.383652e+02
1.650000e-06	6.092745e-06	5.731560e-09	4.330951e+01	3.411093e+02
1.660000e-06	6.127672e-06	5.778592e-09	4.355778e+01	3.437524e+02
1.670000e-06	6.160718e-06	5.821013e-09	4.379269e+01	3.462873e+02
1.680000e-06	6.192079e-06	5.859689e-09	4.401561e+01	3.487062e+02
1.690000e-06	6.221880e-06	5.897664e-09	4.422745e+01	3.510027e+02
1.700000e-06	6.250093e-06	5.933616e-09	4.442800e+01	3.531743e+02
1.710000e-06	6.276452e-06	5.965652e-09	4.461537e+01	3.552246e+02
1.720000e-06	6.300878e-06	5.995953e-09	4.478900e+01	3.571622e+02
1.730000e-06	6.323611e-06	6.027770e-09	4.495059e+01	3.589996e+02
1.740000e-06	6.344753e-06	6.059445e-09	4.510088e+01	3.607496e+02
1.750000e-06	6.364340e-06	6.087390e-09	4.524011e+01	3.624218e+02
1.760000e-06	6.382156e-06	6.115528e-09	4.536675e+01	3.640195e+02
1.770000e-06	6.398047e-06	6.142235e-09	4.547971e+01	3.655386e+02
1.780000e-06	6.412073e-06	6.166727e-09	4.557941e+01	3.669688e+02
1.790000e-06	6.424180e-06	6.185867e-09	4.566548e+01	3.682971e+02
1.800000e-06	6.434137e-06	6.201210e-09	4.573625e+01	3.695118e+02
1.810000e-06	6.442093e-06	6.216545e-09	4.579281e+01	3.706073e+02
1.820000e-06	6.448337e-06	6.233854e-09	4.583719e+01	3.715864e+02
1.830000e-06	6.452878e-06	6.251697e-09	4.586947e+01	3.724607e+02
1.840000e-06	6.455495e-06	6.268348e-09	4.588807e+01	3.732479e+02
1.850000e-06	6.456132e-06	6.283367e-09	4.589260e+01	3.739671e+02
1.860000e-06	6.455024e-06	6.299228e-09	4.588473e+01	3.746331e+02
1.870000e-06	6.452320e-06	6.311781e-09	4.586551e+01	3.752519e+02
1.880000e-06	6.447978e-06	6.314927e-09	4.583464e+01	3.758192e+02
1.890000e-06	6.441708e-06	6.316276e-09	4.579007e+01	3.763207e+02
1.900000e-06	6.433640e-06	6.321792e-09	4.573271e+01	3.767371e+02
1.910000e-06	6.423998e-06	6.326186e-09	4.566418e+01	3.770501e+02
1.920000e-06	6.412681e-06	6.313376e-09	4.558373e+01	3.772481e+02
1.930000e-06	6.399416e-06	6.315433e-09	4.548944e+01	3.773311e+02
1.940000e-06	6.384092e-06	6.403541e-09	4.538051e+01	3.773110e+02
1.950000e-06	6.366519e-06	6.422191e-09	4.525560e+01	3.772092e+02
1.960000e-06	6.346316e-06	6.372358e-09	4.511199e+01	3.770506e+02
1.970000e-06	6.323809e-06	6.291849e-09	4.495200e+01	3.768562e+02
1.980000e-06	6.300018e-06	6.201057e-09	4.478288e+01	3.766367e+02
1.990000e-06	6.275606e-06	6.378311e-09	4.460935e+01	3.763890e+02
2.000000e-06	6.249872e-06	6.384777e-09	4.442643e+01	3.760962e+02
2.010000e-06	6.222313e-06	6.209544e-09	4.423053e+01	3.757323e+02
2.020000e-06	6.193445e-06	6.363363e-09	4.402532e+01	3.752688e+02
2.030000e-06	6.162673e-06	6.359824e-09	4.380659e+01	3.746835e+02
2.040000e-06	6.129618e-06	6.273090e-09	4.357162e+01	3.739664e+02
2.050000e-06	6.095207e-06	6.372215e-09	4.332701e+01	3.731226e+02
2.060000e-06	6.059264e-06	6.209103e-09	4.307151e+01	3.721715e+02
2.070000e-06	6.021380e-06	6.170523e-09	4.280222e+01	3.711410e+02
2.080000e-06	5.981788e-06	6.307828e-09	4.252078e+01	3.700599e+02
2.090000e-06	5.940402e-06	6.223857e-09	4.222660e+01	3.689499e+02
2.100000e-06	5.897561e-06	6.225564e-09	4.192207e+01	3.678198e+02
2.110000e-06	5.853236e-06	6.143924e-09	4.160699e+01	3.666634e+02
2.120000e-06	5.807004e-06	6.137607e-09	4.127835e+01	3.654614e+02
2.130000e-06	5.759227e-06	6.243313e-09	4.093874e+01	3.641872e+02
2.140000e-06	5.709796e-06	6.055244e-09	4.058736e+01	3.628147e+02
2.150000e-06	5.658539e-06	6.038261e-09	4.022301e+01	3.613248e+02
2.160000e-06	5.605307e-06	6.102913e-09	3.984462e+01	3.597108e+02
2.170000e-06	5.550058e-06	6.086251e-09	3.945189e+01	3.579791e+02
2.180000e-06	5.493278e-06	6.045564e-09	3.904827e+01	3.561464e+02
2.190000e-06	5.434950e-06	5.892766e-09	3.863366e+01	3.542347e+02
2.200000e-06	5.375088e-06	5.957242e-09	3.820813e+01	3.522644e+02
2.210000e-06	5.313645e-06	5.964288e-09	3.777138e+01	3.502490e+02
2.220000e-06	5.250487e-06	5.872568e-09	3.732242e+01	3.481917e+02
2.230000e-06	5.185763e-06	5.823757e-09	3.686234e+01	3.460856e+02
2.240000e-06	5.119501e-06	5.767960e-09	3.639133e+01	3.439170e+02
2.250000e-06	5.051884e-06	5.841774e-09	3.591068e+01	3.416699e+02
2.260000e-06	4.982775e-06	5.739873e-09	3.541943e+01	3.393311e+02
2.270000e-06	4.911940e-06	5.628351e-09	3.491590e+01	3.368940e+02
2.280000e-06	4.839588e-06	5.632528e-09	3.440160e+01	3.343598e+02
2.290000e-06	4.765902e-06	5.637659e-09	3.387782e+01	3.317361e+02
2.300000e-06	4.690922e-06	5.609399e-09	3.334483e+01	3.290337e+02
2.310000e-06	4.614393e-06	5.461506e-09	3.280083e+01	3.262629e+02
2.320000e-06	4.536322e-06	5.446117e-09	3.224587e+01	3.234297e+02
2.330000e-06	4.456908e-06	5.442894e-09	3.168137e+01	3.205342e+02
2.340000e-06	4.376293e-06	5.376011e-09	3.110833e+01	3.175712e+02
2.350000e-06	4.294538e-06	5.276667e-09	3.052718e+01	3.145324e+02
2.360000e-06	4.211691e-06	5.218393e-09	2.993827e+01	3.114093e+02
2.370000e-06	4.127864e-06	5.252071e-09	2.934240e+01	3.081966e+02
2.380000e-06	4.042878e-06	5.180567e-09	2.873829e+01	3.048940e+02
2.390000e-06	3.956687e-06	5.070947e-09	2.812561e+01	3.015062e+02
2.400000e-06	3.869294e-06	4.992749e-09	2.750439e+01	2.980415e+02
2.410000e-06	3.780784e-06	4.986453e-09	2.687523e+01	2.945088e+02
2.420000e-06	3.691321e-06	4.943549e-09	2.623929e+01	2.909149e+02
2.430000e-06	3.600933e-06	4.824377e-09	2.559677e+01	2.872623e+02
2.440000e-06	3.509693e-06	4.760413e-09	2.494821e+01	2.835482e+02
2.450000e-06	3.417438e-06	4.743008e-09	2.429243e+01	2.797654e+02
2.460000e-06	3.324171e-06	4.699428e-09	2.362945e+01	2.759044e+02
2.470000e-06	3.229883e-06	4.574162e-09	2.295921e+01	2.719560e+02
2.480000e-06	3.134467e-06	4.481855e-09	2.228096e+01	2.679131e+02
2.490000e-06	3.038128e-06	4.459543e-09	2.159615e+01	2.637722e+02
2.500000e-06	2.941057e-06	4.413601e-09	2.090613e+01	2.595331e+02
2.510000e-06	2.843214e-06	4.301983e-09	2.021063e+01	2.551978e+02
2.520000e-06	2.744570e-06	4.201837e-09	1.950943e+01	2.507687e+02
2.530000e-06	2.645225e-06	4.167957e-09	1.880325e+01	2.462471e+02
2.540000e-06	2.545079e-06	4.111598e-09	1.809137e+01	2.416321e+02
2.550000e-06	2.444012e-06	3.990791e-09	1.737295e+01	2.369205e+02
2.560000e-06	2.342046e-06	3.879190e-09	1.664814e+01	2.321082e+02
2.570000e-06	2.239280e-06	3.834086e-09	1.591764e+01	2.271912e+02
2.580000e-06	2.135846e-06	3.779957e-09	1.518239e+01	2.221674e+02
2.590000e-06	2.031825e-06	3.663763e-09	1.444297e+01	2.170369e+02
2.600000e-06	1.927170e-06	3.549275e-09	1.369905e+01	2.118019e+02
2.610000e-06	1.821903e-06	3.487719e-09	1.295077e+01	2.064658e+02
2.620000e-06	1.716204e-06	3.419563e-09	1.219942e+01	2.010318e+02
2.630000e-06	1.610177e-06	3.295188e-09	1.144574e+01	1.955010e+02
2.640000e-06	1.503795e-06	3.171122e-09	1.068953e+01	1.898721e+02
2.650000e-06	1.397035e-06	3.099539e-09	9.930650e+00	1.841411e+02
2.660000e-06	1.289973e-06	3.030538e-09	9.169610e+00	1.783025e+02
2.670000e-06	1.182600e-06	2.908868e-09	8.406365e+00	1.723511e+02
2.680000e-06	1.074900e-06	2.781515e-09	7.640792e+00	1.662833e+02
2.690000e-06	9.669593e-07	2.697074e-09	6.873508e+00	1.600987e+02
2.700000e-06	8.588774e-07	2.618057e-09	6.105222e+00	1.538000e+02
2.710000e-06	7.506620e-07	2.491891e-09	5.335986e+00	1.473930e+02
2.720000e-06	6.423257e-07	2.354597e-09	4.565891e+00	1.408842e+02
2.730000e-06	5.339006e-07	2.257138e-09	3.795165e+00	1.342794e+02
2.740000e-06	4.253759e-07	2.171129e-09	3.023731e+00	1.275821e+02
2.750000e-06	3.167755e-07	2.045616e-09	2.251759e+00	1.207920e+02
2.760000e-06	2.081571e-07	1.902196e-09	1.479659e+00	1.139051e+02
2.770000e-06	9.951072e-08	1.793456e-09	7.073594e-01	1.069143e+02
2.780000e-06	-9.178311e-09	1.701236e-09	-6.524287e-02	9.981107e+01
2.790000e-06	-1.178356e-07	1.574322e-09	-8.376195e-01	9.258685e+01
2.800000e-06	-2.264603e-07	1.425829e-09	-1.609764e+00	8.523518e+01
2.810000e-06	-3.350275e-07	1.305604e-09	-2.381501e+00	7.775297e+01
2.820000e-06	-4.434815e-07	1.201293e-09	-3.152432e+00	7.014157e+01
2.830000e-06	-5.518625e-07	1.066026e-09	-3.922845e+00	6.240729e+01
2.840000e-06	-6.601301e-07	9.068804e-10	-4.692451e+00	5.456160e+01
2.850000e-06	-7.682511e-07	7.756851e-10	-5.461016e+00	4.662095e+01
2.860000e-06	-8.762182e-07	6.663539e-10	-6.228486e+00	3.860624e+01
2.870000e-06	-9.839908e-07	5.294653e-10	-6.994574e+00	3.054185e+01
2.880000e-06	-1.091548e-06	3.692079e-10	-7.759133e+00	2.245413e+01
2.890000e-06	-1.198849e-06	2.317468e-10	-8.521868e+00	1.436943e+01
2.900000e-06	-1.305891e-06	1.191012e-10	-9.282758e+00	6.311779e+00
2.910000e-06	-1.412621e-06	-1.427840e-11	-1.004144e+01	-1.699469e+00
2.920000e-06	-1.518980e-06	-1.709434e-10	-1.079748e+01	-9.651448e+00
2.930000e-06	-1.624971e-06	-3.075914e-10	-1.155090e+01	-1.753866e+01
2.940000e-06	-1.730565e-06	-4.200272e-10	-1.230150e+01	-2.536255e+01
2.950000e-06	-1.835708e-06	-5.488829e-10	-1.304890e+01	-3.312971e+01
2.960000e-06	-1.940378e-06	-6.987965e-10	-1.379293e+01	-4.084907e+01
2.970000e-06	-2.044486e-06	-8.326785e-10	-1.453297e+01	-4.852870e+01
2.980000e-06	-2.147952e-06	-9.429883e-10	-1.526845e+01	-5.617294e+01
2.990000e-06	-2.250774e-06	-1.064611e-09	-1.599935e+01	-6.378068e+01
3.000000e-06	-2.352877e-06	-1.205744e-09	-1.672513e+01	-7.134521e+01
3.010000e-06	-2.454101e-06	-1.337338e-09	-1.744467e+01	-7.885563e+01
3.020000e-06	-2.554417e-06	-1.452334e-09	-1.815775e+01	-8.629952e+01
3.030000e-06	-2.653944e-06	-1.577751e-09	-1.886523e+01	-9.366590e+01
3.040000e-06	-2.752747e-06	-1.718796e-09	-1.956756e+01	-1.009478e+02
3.050000e-06	-2.850812e-06	-1.845169e-09	-2.026464e+01	-1.081434e+02
3.060000e-06	-2.948104e-06	-1.948236e-09	-2.095622e+01	-1.152560e+02
3.070000e-06	-3.044599e-06	-2.056753e-09	-2.164215e+01	-1.222918e+02
3.080000e-06	-3.140284e-06	-2.183542e-09	-2.232231e+01	-1.292577e+02
3.090000e-06	-3.235091e-06	-2.305442e-09	-2.299623e+01	-1.361581e+02
3.100000e-06	-3.328895e-06	-2.412814e-09	-2.366303e+01	-1.429935e+02
3.110000e-06	-3.421571e-06	-2.526876e-09	-2.432180e+01	-1.497596e+02
3.120000e-06	-3.513133e-06	-2.654948e-09	-2.497266e+01	-1.564487e+02
3.130000e-06	-3.603662e-06	-2.773345e-09	-2.561618e+01	-1.630516e+02
3.140000e-06	-3.693191e-06	-2.872472e-09	-2.625258e+01	-1.695607e+02
3.150000e-06	-3.781760e-06	-2.972919e-09	-2.688217e+01	-1.759716e+02
3.160000e-06	-3.869357e-06	-3.085466e-09	-2.750484e+01	-1.822846e+02
3.170000e-06	-3.955919e-06	-3.194920e-09	-2.812015e+01	-1.885040e+02
3.180000e-06	-4.041306e-06	-3.290687e-09	-2.872711e+01	-1.946362e+02
3.190000e-06	-4.125479e-06	-3.387489e-09	-2.932545e+01	-2.006871e+02
3.200000e-06	-4.208543e-06	-3.495504e-09	-2.991590e+01	-2.066599e+02
3.210000e-06	-4.290522e-06	-3.600965e-09	-3.049864e+01	-2.125535e+02
3.220000e-06	-4.371387e-06	-3.692747e-09	-3.107345e+01	-2.183622e+02
3.230000e-06	-4.451151e-06	-3.784718e-09	-3.164044e+01	-2.240775e+02
3.240000e-06	-4.529647e-06	-3.887566e-09	-3.219843e+01	-2.296898e+02
3.250000e-06	-4.606681e-06	-3.987454e-09	-3.274601e+01	-2.351917e+02
3.260000e-06	-4.682244e-06	-4.071138e-09	-3.328314e+01	-2.405795e+02
3.270000e-06	-4.756407e-06	-4.150836e-09	-3.381032e+01	-2.458540e+02
3.280000e-06	-4.829218e-06	-4.241067e-09	-3.432789e+01	-2.510200e+02
3.290000e-06	-4.900726e-06	-4.334368e-09	-3.483619e+01	-2.560843e+02
3.300000e-06	-4.970816e-06	-4.415304e-09	-3.533442e+01	-2.610534e+02
3.310000e-06	-5.039286e-06	-4.492115e-09	-3.582113e+01	-2.659310e+02
3.320000e-06	-5.106298e-06	-4.577776e-09	-3.629747e+01	-2.707169e+02
3.330000e-06	-5.171956e-06	-4.661083e-09	-3.676420e+01	-2.754071e+02
3.340000e-06	-5.236226e-06	-4.730631e-09	-3.722105e+01	-2.799946e+02
3.350000e-06	-5.299040e-06	-4.797400e-09	-3.766756e+01	-2.844714e+02
3.360000e-06	-5.360146e-06	-4.874464e-09	-3.810192e+01	-2.888307e+02
3.370000e-06	-5.419585e-06	-4.951599e-09	-3.852444e+01	-2.930684e+02
3.380000e-06	-5.477541e-06	-5.018208e-09	-3.893641e+01	-2.971830e+02
3.390000e-06	-5.533998e-06	-5.079993e-09	-3.933772e+01	-3.011760e+02
3.400000e-06	-5.588864e-06	-5.147992e-09	-3.972774e+01	-3.050501e+02
3.410000e-06	-5.641851e-06	-5.217932e-09	-4.010438e+01	-3.088082e+02
3.420000e-06	-5.692913e-06	-5.279259e-09	-4.046735e+01	-3.124525e+02
3.430000e-06	-5.742049e-06	-5.333970e-09	-4.081663e+01	-3.159843e+02
3.440000e-06	-5.789181e-06	-5.391350e-09	-4.115166e+01	-3.194044e+02
3.450000e-06	-5.834665e-06	-5.450786e-09	-4.147498e+01	-3.227139e+02
3.460000e-06	-5.878745e-06	-5.501436e-09	-4.178832e+01	-3.259151e+02
3.470000e-06	-5.921387e-06	-5.544367e-09	-4.209143e+01	-3.290114e+02
3.480000e-06	-5.962526e-06	-5.592515e-09	-4.238386e+01	-3.320071e+02
3.490000e-06	-6.002173e-06	-5.645554e-09	-4.266569e+01	-3.349054e+02
3.500000e-06	-6.040097e-06	-5.694318e-09	-4.293527e+01	-3.377076e+02
3.510000e-06	-6.076149e-06	-5.739095e-09	-4.319154e+01	-3.404119e+02
3.520000e-06	-6.110546e-06	-5.785215e-09	-4.343605e+01	-3.430126e+02
3.530000e-06	-6.143395e-06	-5.829502e-09	-4.366955e+01	-3.455023e+02
3.540000e-06	-6.174550e-06	-5.865586e-09	-4.389101e+01	-3.478732e+02
3.550000e-06	-6.203781e-06	-5.897942e-09	-4.409879e+01	-3.501201e+02
3.560000e-06	-6.231271e-06	-5.932994e-09	-4.429420e+01	-3.522429e+02
3.570000e-06	-6.257144e-06	-5.970002e-09	-4.447812e+01	-3.542469e+02
3.580000e-06	-6.281352e-06	-6.003466e-09	-4.465020e+01	-3.561427e+02
3.590000e-06	-6.303760e-06	-6.033015e-09	-4.480948e+01	-3.579433e+02
3.600000e-06	-6.324243e-06	-6.063595e-09	-4.495508e+01	-3.596606e+02
3.610000e-06	-6.343005e-06	-6.094525e-09	-4.508845e+01	-3.613022e+02
3.620000e-06	-6.360139e-06	-6.120602e-09	-4.521024e+01	-3.628686e+02
3.630000e-06	-6.375551e-06	-6.142032e-09	-4.531980e+01	-3.643531e+02
3.640000e-06	-6.388886e-06	-6.164792e-09	-4.541459e+01	-3.657440e+02
3.650000e-06	-6.400127e-06	-6.189016e-09	-4.549449e+01	-3.670282e+02
3.660000e-06	-6.409558e-06	-6.209257e-09	-4.556153e+01	-3.681957e+02
3.670000e-06	-6.417228e-06	-6.224289e-09	-4.561606e+01	-3.692441e+02
3.680000e-06	-6.422965e-06	-6.238563e-09	-4.565683e+01	-3.701794e+02
3.690000e-06	-6.426797e-06	-6.252917e-09	-4.568408e+01	-3.710161e+02
3.700000e-06	-6.428961e-06	-6.268633e-09	-4.569946e+01	-3.717730e+02
3.710000e-06	-6.429462e-06	-6.281970e-09	-4.570302e+01	-3.724682e+02
