# Temperatura_=_20.0
# Concentracion g/m^3_=_12000.0
# C_Vs_to_Am_M_A/Vsm_=_59384043850.047264
# pendiente_HvsI_1/m_=_3716.3
# ordenada_HvsI_A/m_=_1297.0
# frecuencia_Hz_=_269350.8595635993

Tiempo_(s)	Campo_(V.s)	Magnetizacion_(V.s)	Campo_(kA/m)	Magnetizacion_(A/m)
0.000000e+00	-6.445294e-06	-6.174221e-09	-4.570541e+01	-3.664957e+02
1.000000e-08	-6.443455e-06	-6.179524e-09	-4.569237e+01	-3.671676e+02
2.000000e-08	-6.439736e-06	-6.194388e-09	-4.566600e+01	-3.677902e+02
3.000000e-08	-6.434401e-06	-6.210646e-09	-4.562816e+01	-3.683504e+02
4.000000e-08	-6.427502e-06	-6.219579e-09	-4.557924e+01	-3.688279e+02
5.000000e-08	-6.418980e-06	-6.225174e-09	-4.551881e+01	-3.692013e+02
6.000000e-08	-6.408528e-06	-6.232876e-09	-4.544469e+01	-3.694552e+02
7.000000e-08	-6.396056e-06	-6.246622e-09	-4.535625e+01	-3.695858e+02
8.000000e-08	-6.381585e-06	-6.242797e-09	-4.525363e+01	-3.696034e+02
9.000000e-08	-6.364780e-06	-6.176950e-09	-4.513446e+01	-3.695299e+02
1.000000e-07	-6.345728e-06	-6.145417e-09	-4.499936e+01	-3.693932e+02
1.100000e-07	-6.324796e-06	-6.191257e-09	-4.485092e+01	-3.692194e+02
1.200000e-07	-6.302176e-06	-6.234012e-09	-4.469052e+01	-3.690244e+02
1.300000e-07	-6.278256e-06	-6.306084e-09	-4.452090e+01	-3.688093e+02
1.400000e-07	-6.253087e-06	-6.256224e-09	-4.434241e+01	-3.685591e+02
1.500000e-07	-6.226164e-06	-6.118165e-09	-4.415150e+01	-3.682469e+02
1.600000e-07	-6.197592e-06	-6.238514e-09	-4.394888e+01	-3.678408e+02
1.700000e-07	-6.167598e-06	-6.250297e-09	-4.373619e+01	-3.673136e+02
1.800000e-07	-6.135940e-06	-6.094159e-09	-4.351169e+01	-3.666505e+02
1.900000e-07	-6.102662e-06	-6.126756e-09	-4.327571e+01	-3.658533e+02
2.000000e-07	-6.067774e-06	-6.104125e-09	-4.302831e+01	-3.649402e+02
2.100000e-07	-6.031105e-06	-6.128697e-09	-4.276828e+01	-3.639411e+02
2.200000e-07	-5.992737e-06	-6.199479e-09	-4.249620e+01	-3.628888e+02
2.300000e-07	-5.952661e-06	-6.072329e-09	-4.221201e+01	-3.618100e+02
2.400000e-07	-5.910675e-06	-6.020673e-09	-4.191427e+01	-3.607184e+02
2.500000e-07	-5.866841e-06	-6.067547e-09	-4.160343e+01	-3.596109e+02
2.600000e-07	-5.821315e-06	-6.042635e-09	-4.128060e+01	-3.584692e+02
2.700000e-07	-5.774194e-06	-6.009909e-09	-4.094645e+01	-3.572654e+02
2.800000e-07	-5.725395e-06	-5.939736e-09	-4.060040e+01	-3.559698e+02
2.900000e-07	-5.674508e-06	-5.953872e-09	-4.023954e+01	-3.545590e+02
3.000000e-07	-5.621516e-06	-5.999561e-09	-3.986376e+01	-3.530220e+02
3.100000e-07	-5.566826e-06	-5.911337e-09	-3.947594e+01	-3.513614e+02
3.200000e-07	-5.510642e-06	-5.820966e-09	-3.907753e+01	-3.495919e+02
3.300000e-07	-5.452731e-06	-5.824490e-09	-3.866687e+01	-3.477346e+02
3.400000e-07	-5.393046e-06	-5.856026e-09	-3.824362e+01	-3.458103e+02
3.500000e-07	-5.331859e-06	-5.777992e-09	-3.780973e+01	-3.438339e+02
3.600000e-07	-5.269230e-06	-5.708165e-09	-3.736561e+01	-3.418106e+02
3.700000e-07	-5.205074e-06	-5.713419e-09	-3.691066e+01	-3.397361e+02
3.800000e-07	-5.139225e-06	-5.689742e-09	-3.644370e+01	-3.375994e+02
3.900000e-07	-5.071688e-06	-5.642428e-09	-3.596478e+01	-3.353876e+02
4.000000e-07	-5.002672e-06	-5.573599e-09	-3.547537e+01	-3.330906e+02
4.100000e-07	-4.932315e-06	-5.541800e-09	-3.497644e+01	-3.307044e+02
4.200000e-07	-4.860694e-06	-5.536430e-09	-3.446856e+01	-3.282316e+02
4.300000e-07	-4.787745e-06	-5.479321e-09	-3.395126e+01	-3.256800e+02
4.400000e-07	-4.713183e-06	-5.407326e-09	-3.342252e+01	-3.230585e+02
4.500000e-07	-4.636992e-06	-5.368399e-09	-3.288223e+01	-3.203731e+02
4.600000e-07	-4.559327e-06	-5.347888e-09	-3.233148e+01	-3.176249e+02
4.700000e-07	-4.480273e-06	-5.295322e-09	-3.177089e+01	-3.148084e+02
4.800000e-07	-4.399881e-06	-5.226979e-09	-3.120081e+01	-3.119141e+02
4.900000e-07	-4.318177e-06	-5.187046e-09	-3.062142e+01	-3.089314e+02
5.000000e-07	-4.235291e-06	-5.149418e-09	-3.003365e+01	-3.058529e+02
5.100000e-07	-4.151432e-06	-5.091514e-09	-2.943898e+01	-3.026771e+02
5.200000e-07	-4.066701e-06	-5.015118e-09	-2.883813e+01	-2.994099e+02
5.300000e-07	-3.980972e-06	-4.961784e-09	-2.823020e+01	-2.960630e+02
5.400000e-07	-3.894222e-06	-4.926038e-09	-2.761503e+01	-2.926504e+02
5.500000e-07	-3.806521e-06	-4.866912e-09	-2.699312e+01	-2.891842e+02
5.600000e-07	-3.717774e-06	-4.793090e-09	-2.636379e+01	-2.856710e+02
5.700000e-07	-3.627796e-06	-4.732808e-09	-2.572573e+01	-2.821095e+02
5.800000e-07	-3.536684e-06	-4.689862e-09	-2.507963e+01	-2.784911e+02
5.900000e-07	-3.444651e-06	-4.623082e-09	-2.442700e+01	-2.748025e+02
6.000000e-07	-3.351667e-06	-4.540926e-09	-2.376762e+01	-2.710293e+02
6.100000e-07	-3.257716e-06	-4.476236e-09	-2.310139e+01	-2.671602e+02
6.200000e-07	-3.162886e-06	-4.423826e-09	-2.242893e+01	-2.631901e+02
6.300000e-07	-3.067245e-06	-4.355238e-09	-2.175071e+01	-2.591202e+02
6.400000e-07	-2.970768e-06	-4.271756e-09	-2.106656e+01	-2.549572e+02
6.500000e-07	-2.873320e-06	-4.206147e-09	-2.037553e+01	-2.507099e+02
6.600000e-07	-2.774788e-06	-4.149282e-09	-1.967681e+01	-2.463856e+02
6.700000e-07	-2.675280e-06	-4.072428e-09	-1.897117e+01	-2.419872e+02
6.800000e-07	-2.575035e-06	-3.980255e-09	-1.826031e+01	-2.375120e+02
6.900000e-07	-2.474080e-06	-3.905498e-09	-1.754441e+01	-2.329523e+02
7.000000e-07	-2.372259e-06	-3.842105e-09	-1.682236e+01	-2.282982e+02
7.100000e-07	-2.269691e-06	-3.758686e-09	-1.609502e+01	-2.235404e+02
7.200000e-07	-2.166627e-06	-3.664692e-09	-1.536417e+01	-2.186734e+02
7.300000e-07	-2.063018e-06	-3.584821e-09	-1.462945e+01	-2.136965e+02
7.400000e-07	-1.958686e-06	-3.513655e-09	-1.388960e+01	-2.086140e+02
7.500000e-07	-1.853660e-06	-3.424680e-09	-1.314483e+01	-2.034331e+02
7.600000e-07	-1.748026e-06	-3.323223e-09	-1.239575e+01	-1.981606e+02
7.700000e-07	-1.641773e-06	-3.234193e-09	-1.164228e+01	-1.928002e+02
7.800000e-07	-1.534976e-06	-3.153127e-09	-1.088495e+01	-1.873511e+02
7.900000e-07	-1.427818e-06	-3.058208e-09	-1.012507e+01	-1.818076e+02
8.000000e-07	-1.320399e-06	-2.950988e-09	-9.363322e+00	-1.761607e+02
8.100000e-07	-1.212693e-06	-2.855216e-09	-8.599554e+00	-1.704016e+02
8.200000e-07	-1.104695e-06	-2.767115e-09	-7.833705e+00	-1.645240e+02
8.300000e-07	-9.964158e-07	-2.666462e-09	-7.065867e+00	-1.585265e+02
8.400000e-07	-8.879066e-07	-2.554538e-09	-6.296398e+00	-1.524133e+02
8.500000e-07	-7.791962e-07	-2.451715e-09	-5.525501e+00	-1.461927e+02
8.600000e-07	-6.703046e-07	-2.356536e-09	-4.753320e+00	-1.398745e+02
8.700000e-07	-5.612505e-07	-2.248979e-09	-3.979987e+00	-1.334669e+02
8.800000e-07	-4.520457e-07	-2.130303e-09	-3.205584e+00	-1.269734e+02
8.900000e-07	-3.427588e-07	-2.019851e-09	-2.430600e+00	-1.203920e+02
9.000000e-07	-2.334361e-07	-1.919071e-09	-1.655362e+00	-1.137149e+02
9.100000e-07	-1.241089e-07	-1.807158e-09	-8.800917e-01	-1.069312e+02
9.200000e-07	-1.475268e-08	-1.681941e-09	-1.046154e-01	-1.000291e+02
9.300000e-07	9.463088e-08	-1.560425e-09	6.710545e-01	-9.299920e+01
9.400000e-07	2.039881e-07	-1.446715e-09	1.446537e+00	-8.583693e+01
9.500000e-07	3.133051e-07	-1.324546e-09	2.221735e+00	-7.854334e+01
9.600000e-07	4.225328e-07	-1.194219e-09	2.996300e+00	-7.112485e+01
9.700000e-07	5.316697e-07	-1.070293e-09	3.770221e+00	-6.359199e+01
9.800000e-07	6.407285e-07	-9.515195e-10	4.543587e+00	-5.595783e+01
9.900000e-07	7.496619e-07	-8.230538e-10	5.316065e+00	-4.823673e+01
1.000000e-06	8.583886e-07	-6.818765e-10	6.087077e+00	-4.044376e+01
1.010000e-06	9.668773e-07	-5.431478e-10	6.856401e+00	-3.259494e+01
1.020000e-06	1.075153e-06	-4.133633e-10	7.624216e+00	-2.470779e+01
1.030000e-06	1.183189e-06	-2.834254e-10	8.390326e+00	-1.680175e+01
1.040000e-06	1.290904e-06	-1.491848e-10	9.154166e+00	-8.897886e+00
1.050000e-06	1.398298e-06	-1.870460e-11	9.915727e+00	-1.017622e+00
1.060000e-06	1.505451e-06	1.050705e-10	1.067558e+01	6.819308e+00
1.070000e-06	1.612348e-06	2.323212e-10	1.143362e+01	1.459728e+01
1.080000e-06	1.718796e-06	3.689416e-10	1.218847e+01	2.230676e+01
1.090000e-06	1.824567e-06	5.041589e-10	1.293852e+01	2.994521e+01
1.100000e-06	1.929547e-06	6.301125e-10	1.368297e+01	3.751643e+01
1.110000e-06	2.033788e-06	7.539801e-10	1.442217e+01	4.502856e+01
1.120000e-06	2.137447e-06	8.812472e-10	1.515724e+01	5.249098e+01
1.130000e-06	2.240607e-06	1.006435e-09	1.588878e+01	5.991131e+01
1.140000e-06	2.343160e-06	1.124657e-09	1.661602e+01	6.729296e+01
1.150000e-06	2.445009e-06	1.242635e-09	1.733825e+01	7.463427e+01
1.160000e-06	2.546179e-06	1.367176e-09	1.805568e+01	8.192919e+01
1.170000e-06	2.646605e-06	1.493212e-09	1.876783e+01	8.916923e+01
1.180000e-06	2.746281e-06	1.613505e-09	1.947466e+01	9.634598e+01
1.190000e-06	2.845213e-06	1.732633e-09	2.017621e+01	1.034533e+02
1.200000e-06	2.943178e-06	1.854999e-09	2.087091e+01	1.104886e+02
1.210000e-06	3.040023e-06	1.974013e-09	2.155767e+01	1.174524e+02
1.220000e-06	3.135843e-06	2.084195e-09	2.223715e+01	1.243470e+02
1.230000e-06	3.230786e-06	2.192141e-09	2.291042e+01	1.311741e+02
1.240000e-06	3.324856e-06	2.306132e-09	2.357750e+01	1.379333e+02
1.250000e-06	3.418040e-06	2.421081e-09	2.423829e+01	1.446207e+02
1.260000e-06	3.510351e-06	2.530241e-09	2.489290e+01	1.512295e+02
1.270000e-06	3.601757e-06	2.638105e-09	2.554108e+01	1.577512e+02
1.280000e-06	3.692069e-06	2.750231e-09	2.618151e+01	1.641786e+02
1.290000e-06	3.781126e-06	2.859966e-09	2.681304e+01	1.705074e+02
1.300000e-06	3.869056e-06	2.961086e-09	2.743658e+01	1.767380e+02
1.310000e-06	3.955988e-06	3.059348e-09	2.805303e+01	1.828749e+02
1.320000e-06	4.041917e-06	3.161929e-09	2.866238e+01	1.889257e+02
1.330000e-06	4.126787e-06	3.264958e-09	2.926422e+01	1.948978e+02
1.340000e-06	4.210681e-06	3.362691e-09	2.985913e+01	2.007963e+02
1.350000e-06	4.293577e-06	3.458196e-09	3.044697e+01	2.066214e+02
1.360000e-06	4.375224e-06	3.556804e-09	3.102596e+01	2.123685e+02
1.370000e-06	4.455623e-06	3.654945e-09	3.159608e+01	2.180285e+02
1.380000e-06	4.534799e-06	3.747390e-09	3.215755e+01	2.235910e+02
1.390000e-06	4.612699e-06	3.837318e-09	3.270996e+01	2.290468e+02
1.400000e-06	4.689340e-06	3.928451e-09	3.325344e+01	2.343904e+02
1.410000e-06	4.764602e-06	4.017127e-09	3.378715e+01	2.396216e+02
1.420000e-06	4.838248e-06	4.098441e-09	3.430939e+01	2.447449e+02
1.430000e-06	4.910339e-06	4.178766e-09	3.482061e+01	2.497679e+02
1.440000e-06	4.981093e-06	4.264339e-09	3.532235e+01	2.546987e+02
1.450000e-06	5.050507e-06	4.351028e-09	3.581458e+01	2.595427e+02
1.460000e-06	5.118616e-06	4.431101e-09	3.629756e+01	2.643015e+02
1.470000e-06	5.185239e-06	4.508617e-09	3.677000e+01	2.689720e+02
1.480000e-06	5.250178e-06	4.588954e-09	3.723050e+01	2.735476e+02
1.490000e-06	5.313578e-06	4.666824e-09	3.768009e+01	2.780203e+02
1.500000e-06	5.375528e-06	4.735905e-09	3.811939e+01	2.823828e+02
1.510000e-06	5.436125e-06	4.803051e-09	3.854911e+01	2.866302e+02
1.520000e-06	5.495332e-06	4.875472e-09	3.896896e+01	2.907612e+02
1.530000e-06	5.552760e-06	4.946428e-09	3.937620e+01	2.947768e+02
1.540000e-06	5.608396e-06	5.011404e-09	3.977073e+01	2.986793e+02
1.550000e-06	5.662470e-06	5.073897e-09	4.015418e+01	3.024709e+02
1.560000e-06	5.714813e-06	5.138881e-09	4.052536e+01	3.061518e+02
1.570000e-06	5.765108e-06	5.200027e-09	4.088202e+01	3.097207e+02
1.580000e-06	5.813355e-06	5.254178e-09	4.122415e+01	3.131751e+02
1.590000e-06	5.859881e-06	5.307527e-09	4.155408e+01	3.165134e+02
1.600000e-06	5.904918e-06	5.365051e-09	4.187345e+01	3.197359e+02
1.610000e-06	5.948442e-06	5.421318e-09	4.218209e+01	3.228460e+02
1.620000e-06	5.990149e-06	5.469103e-09	4.247785e+01	3.258494e+02
1.630000e-06	6.030014e-06	5.515995e-09	4.276054e+01	3.287531e+02
1.640000e-06	6.068272e-06	5.566940e-09	4.303184e+01	3.315626e+02
1.650000e-06	6.105010e-06	5.615804e-09	4.329236e+01	3.342799e+02
1.660000e-06	6.140099e-06	5.658091e-09	4.354119e+01	3.369022e+02
1.670000e-06	6.173310e-06	5.697350e-09	4.377670e+01	3.394222e+02
1.680000e-06	6.204813e-06	5.737837e-09	4.400009e+01	3.418303e+02
1.690000e-06	6.234734e-06	5.776766e-09	4.421227e+01	3.441177e+02
1.700000e-06	6.263042e-06	5.812571e-09	4.441301e+01	3.462795e+02
1.710000e-06	6.289618e-06	5.847001e-09	4.460147e+01	3.483179e+02
1.720000e-06	6.314282e-06	5.881087e-09	4.477636e+01	3.502414e+02
1.730000e-06	6.337205e-06	5.912788e-09	4.493892e+01	3.520643e+02
1.740000e-06	6.358566e-06	5.940700e-09	4.509039e+01	3.538018e+02
1.750000e-06	6.378344e-06	5.966604e-09	4.523065e+01	3.554665e+02
1.760000e-06	6.396321e-06	5.993115e-09	4.535813e+01	3.570641e+02
1.770000e-06	6.412367e-06	6.019202e-09	4.547191e+01	3.585920e+02
1.780000e-06	6.426538e-06	6.040046e-09	4.557241e+01	3.600397e+02
1.790000e-06	6.438784e-06	6.058661e-09	4.565925e+01	3.613926e+02
1.800000e-06	6.448917e-06	6.079349e-09	4.573110e+01	3.626372e+02
1.810000e-06	6.457046e-06	6.100057e-09	4.578874e+01	3.637655e+02
1.820000e-06	6.463407e-06	6.118297e-09	4.583386e+01	3.647790e+02
1.830000e-06	6.468067e-06	6.134843e-09	4.586690e+01	3.656884e+02
1.840000e-06	6.470880e-06	6.152388e-09	4.588685e+01	3.665114e+02
1.850000e-06	6.471691e-06	6.166655e-09	4.589260e+01	3.672675e+02
1.860000e-06	6.470717e-06	6.177561e-09	4.588569e+01	3.679713e+02
1.870000e-06	6.468150e-06	6.188262e-09	4.586749e+01	3.686284e+02
1.880000e-06	6.463917e-06	6.195828e-09	4.583747e+01	3.692324e+02
1.890000e-06	6.457832e-06	6.203597e-09	4.579432e+01	3.697671e+02
1.900000e-06	6.449948e-06	6.210029e-09	4.573841e+01	3.702107e+02
1.910000e-06	6.440438e-06	6.215445e-09	4.567098e+01	3.705434e+02
1.920000e-06	6.429232e-06	6.208695e-09	4.559151e+01	3.707536e+02
1.930000e-06	6.416072e-06	6.201335e-09	4.549818e+01	3.708427e+02
1.940000e-06	6.400796e-06	6.279272e-09	4.538986e+01	3.708259e+02
1.950000e-06	6.383313e-06	6.320917e-09	4.526588e+01	3.707282e+02
1.960000e-06	6.363298e-06	6.273544e-09	4.512395e+01	3.705778e+02
1.970000e-06	6.340878e-06	6.197936e-09	4.496497e+01	3.703977e+02
1.980000e-06	6.317080e-06	6.077321e-09	4.479621e+01	3.701987e+02
1.990000e-06	6.292611e-06	6.212706e-09	4.462269e+01	3.699758e+02
2.000000e-06	6.266896e-06	6.309081e-09	4.444034e+01	3.697088e+02
2.010000e-06	6.239420e-06	6.095632e-09	4.424550e+01	3.693679e+02
2.020000e-06	6.210611e-06	6.195939e-09	4.404120e+01	3.689219e+02
2.030000e-06	6.179963e-06	6.295319e-09	4.382387e+01	3.683475e+02
2.040000e-06	6.146994e-06	6.177275e-09	4.359008e+01	3.676357e+02
2.050000e-06	6.112569e-06	6.260043e-09	4.334596e+01	3.667950e+02
2.060000e-06	6.076704e-06	6.132676e-09	4.309163e+01	3.658487e+02
2.070000e-06	6.038905e-06	6.023289e-09	4.282359e+01	3.648287e+02
2.080000e-06	5.999328e-06	6.210852e-09	4.254294e+01	3.637667e+02
2.090000e-06	5.957957e-06	6.137424e-09	4.224956e+01	3.626852e+02
2.100000e-06	5.915041e-06	6.066943e-09	4.194524e+01	3.615918e+02
2.110000e-06	5.870686e-06	6.080649e-09	4.163070e+01	3.604771e+02
2.120000e-06	5.824485e-06	6.051139e-09	4.130308e+01	3.593185e+02
2.130000e-06	5.776701e-06	6.129067e-09	4.096422e+01	3.580864e+02
2.140000e-06	5.727319e-06	5.960918e-09	4.061405e+01	3.567526e+02
2.150000e-06	5.676074e-06	5.902575e-09	4.025065e+01	3.552979e+02
2.160000e-06	5.622891e-06	6.037314e-09	3.987352e+01	3.537163e+02
2.170000e-06	5.567696e-06	5.978654e-09	3.948211e+01	3.520154e+02
2.180000e-06	5.510864e-06	5.902583e-09	3.907910e+01	3.502132e+02
2.190000e-06	5.452458e-06	5.818553e-09	3.866493e+01	3.483314e+02
2.200000e-06	5.392542e-06	5.884673e-09	3.824004e+01	3.463892e+02
2.210000e-06	5.331109e-06	5.876104e-09	3.780441e+01	3.443979e+02
2.220000e-06	5.267912e-06	5.723189e-09	3.735626e+01	3.423592e+02
2.230000e-06	5.203117e-06	5.736196e-09	3.689678e+01	3.402657e+02
2.240000e-06	5.136779e-06	5.720313e-09	3.642636e+01	3.381052e+02
2.250000e-06	5.069004e-06	5.711636e-09	3.594575e+01	3.358652e+02
2.260000e-06	4.999810e-06	5.625187e-09	3.545507e+01	3.335376e+02
2.270000e-06	4.928925e-06	5.547250e-09	3.495241e+01	3.311211e+02
2.280000e-06	4.856482e-06	5.589600e-09	3.443869e+01	3.286206e+02
2.290000e-06	4.782705e-06	5.528746e-09	3.391552e+01	3.260446e+02
2.300000e-06	4.707600e-06	5.468269e-09	3.338293e+01	3.234014e+02
2.310000e-06	4.630944e-06	5.392664e-09	3.283934e+01	3.206956e+02
2.320000e-06	4.552661e-06	5.377622e-09	3.228421e+01	3.179255e+02
2.330000e-06	4.473078e-06	5.354441e-09	3.171987e+01	3.150840e+02
2.340000e-06	4.392369e-06	5.255632e-09	3.114753e+01	3.121605e+02
2.350000e-06	4.310545e-06	5.212029e-09	3.056730e+01	3.091453e+02
2.360000e-06	4.227598e-06	5.172989e-09	2.997910e+01	3.060329e+02
2.370000e-06	4.143602e-06	5.153183e-09	2.938346e+01	3.028246e+02
2.380000e-06	4.058408e-06	5.058974e-09	2.877933e+01	2.995288e+02
2.390000e-06	3.971892e-06	4.974611e-09	2.816582e+01	2.961584e+02
2.400000e-06	3.884283e-06	4.949233e-09	2.754455e+01	2.927273e+02
2.410000e-06	3.795639e-06	4.901999e-09	2.691595e+01	2.892460e+02
2.420000e-06	3.706069e-06	4.831750e-09	2.628079e+01	2.857180e+02
2.430000e-06	3.615635e-06	4.745996e-09	2.563949e+01	2.821394e+02
2.440000e-06	3.524265e-06	4.718059e-09	2.499156e+01	2.784992e+02
2.450000e-06	3.431902e-06	4.671411e-09	2.433659e+01	2.747833e+02
2.460000e-06	3.338449e-06	4.583187e-09	2.367389e+01	2.709780e+02
2.470000e-06	3.243901e-06	4.497364e-09	2.300343e+01	2.670741e+02
2.480000e-06	3.148355e-06	4.444703e-09	2.232588e+01	2.630689e+02
2.490000e-06	3.051980e-06	4.399431e-09	2.164246e+01	2.589660e+02
2.500000e-06	2.954809e-06	4.307805e-09	2.095339e+01	2.547732e+02
2.510000e-06	2.856729e-06	4.221233e-09	2.025788e+01	2.504992e+02
2.520000e-06	2.757803e-06	4.165875e-09	1.955636e+01	2.461499e+02
2.530000e-06	2.658246e-06	4.111125e-09	1.885037e+01	2.417261e+02
2.540000e-06	2.557990e-06	4.018279e-09	1.813944e+01	2.372231e+02
2.550000e-06	2.456709e-06	3.920350e-09	1.742122e+01	2.326321e+02
2.560000e-06	2.354376e-06	3.852145e-09	1.669555e+01	2.279429e+02
2.570000e-06	2.251346e-06	3.787133e-09	1.596493e+01	2.231473e+02
2.580000e-06	2.147798e-06	3.691577e-09	1.523065e+01	2.182417e+02
2.590000e-06	2.043641e-06	3.591643e-09	1.449204e+01	2.132273e+02
2.600000e-06	1.938790e-06	3.521329e-09	1.374851e+01	2.081099e+02
2.610000e-06	1.833347e-06	3.451625e-09	1.300078e+01	2.028967e+02
2.620000e-06	1.727505e-06	3.352118e-09	1.225023e+01	1.975939e+02
2.630000e-06	1.621272e-06	3.241220e-09	1.149690e+01	1.922035e+02
2.640000e-06	1.514592e-06	3.155811e-09	1.074040e+01	1.867227e+02
2.650000e-06	1.407591e-06	3.076592e-09	9.981625e+00	1.811443e+02
2.660000e-06	1.300370e-06	2.972172e-09	9.221293e+00	1.754592e+02
2.670000e-06	1.192845e-06	2.857353e-09	8.458803e+00	1.696589e+02
2.680000e-06	1.085016e-06	2.764916e-09	7.694155e+00	1.637390e+02
2.690000e-06	9.770187e-07	2.680485e-09	6.928317e+00	1.577002e+02
2.700000e-06	8.688891e-07	2.572217e-09	6.161540e+00	1.515485e+02
2.710000e-06	7.605590e-07	2.451310e-09	5.393340e+00	1.452930e+02
2.720000e-06	6.519926e-07	2.346858e-09	4.623465e+00	1.389433e+02
2.730000e-06	5.432454e-07	2.251026e-09	3.852308e+00	1.325062e+02
2.740000e-06	4.344193e-07	2.135339e-09	3.080590e+00	1.259831e+02
2.750000e-06	3.255605e-07	2.009487e-09	2.308642e+00	1.193698e+02
2.760000e-06	2.166505e-07	1.898220e-09	1.536330e+00	1.126570e+02
2.770000e-06	1.076794e-07	1.795355e-09	7.635850e-01	1.058331e+02
2.780000e-06	-1.306299e-09	1.677289e-09	-9.263340e-03	9.888672e+01
2.790000e-06	-1.103082e-07	1.548686e-09	-7.822264e-01	9.181026e+01
2.800000e-06	-2.192897e-07	1.430660e-09	-1.555046e+00	8.460114e+01
2.810000e-06	-3.281741e-07	1.319187e-09	-2.327176e+00	7.726253e+01
2.820000e-06	-4.369345e-07	1.192276e-09	-3.098426e+00	6.980258e+01
2.830000e-06	-5.455235e-07	1.053166e-09	-3.868462e+00	6.223294e+01
2.840000e-06	-6.539327e-07	9.225649e-10	-4.637223e+00	5.456728e+01
2.850000e-06	-7.622213e-07	8.019047e-10	-5.405128e+00	4.682025e+01
2.860000e-06	-8.703745e-07	6.717853e-10	-6.172073e+00	3.900722e+01
2.870000e-06	-9.782857e-07	5.299106e-10	-6.937302e+00	3.114471e+01
2.880000e-06	-1.085959e-06	3.959052e-10	-7.700846e+00	2.325092e+01
2.890000e-06	-1.193428e-06	2.723752e-10	-8.462935e+00	1.534600e+01
2.900000e-06	-1.300641e-06	1.414852e-10	-9.223213e+00	7.451345e+00
2.910000e-06	-1.407639e-06	-7.402004e-13	-9.981971e+00	-4.119826e-01
2.920000e-06	-1.514410e-06	-1.367341e-10	-1.073911e+01	-8.225513e+00
2.930000e-06	-1.620791e-06	-2.598421e-10	-1.149349e+01	-1.597572e+01
2.940000e-06	-1.726723e-06	-3.855375e-10	-1.224468e+01	-2.365566e+01
2.950000e-06	-1.832164e-06	-5.231006e-10	-1.299240e+01	-3.126533e+01
2.960000e-06	-1.937108e-06	-6.562847e-10	-1.373658e+01	-3.881047e+01
2.970000e-06	-2.041540e-06	-7.766920e-10	-1.447714e+01	-4.630006e+01
2.980000e-06	-2.145338e-06	-8.983487e-10	-1.521320e+01	-5.374317e+01
2.990000e-06	-2.248424e-06	-1.029345e-09	-1.594421e+01	-6.114603e+01
3.000000e-06	-2.350845e-06	-1.156732e-09	-1.667051e+01	-6.851018e+01
3.010000e-06	-2.452484e-06	-1.273392e-09	-1.739126e+01	-7.583217e+01
3.020000e-06	-2.553074e-06	-1.392890e-09	-1.810457e+01	-8.310473e+01
3.030000e-06	-2.652763e-06	-1.522142e-09	-1.881150e+01	-9.031910e+01
3.040000e-06	-2.751779e-06	-1.648861e-09	-1.951365e+01	-9.746754e+01
3.050000e-06	-2.850068e-06	-1.764226e-09	-2.021064e+01	-1.045452e+02
3.060000e-06	-2.947579e-06	-1.876849e-09	-2.090212e+01	-1.115506e+02
3.070000e-06	-3.044286e-06	-1.996935e-09	-2.158789e+01	-1.184853e+02
3.080000e-06	-3.140155e-06	-2.117976e-09	-2.226773e+01	-1.253516e+02
3.090000e-06	-3.235298e-06	-2.229830e-09	-2.294242e+01	-1.321507e+02
3.100000e-06	-3.329578e-06	-2.339774e-09	-2.361098e+01	-1.388808e+02
3.110000e-06	-3.422614e-06	-2.456329e-09	-2.427072e+01	-1.455368e+02
3.120000e-06	-3.514393e-06	-2.573400e-09	-2.492156e+01	-1.521111e+02
3.130000e-06	-3.605176e-06	-2.679969e-09	-2.556533e+01	-1.585953e+02
3.140000e-06	-3.695024e-06	-2.781901e-09	-2.620246e+01	-1.649832e+02
3.150000e-06	-3.783854e-06	-2.890380e-09	-2.683238e+01	-1.712720e+02
3.160000e-06	-3.871715e-06	-2.999614e-09	-2.745543e+01	-1.774639e+02
3.170000e-06	-3.958615e-06	-3.102236e-09	-2.807167e+01	-1.835648e+02
3.180000e-06	-4.044362e-06	-3.200343e-09	-2.867972e+01	-1.895824e+02
3.190000e-06	-4.128779e-06	-3.301144e-09	-2.927834e+01	-1.955238e+02
3.200000e-06	-4.212024e-06	-3.402564e-09	-2.986866e+01	-2.013921e+02
3.210000e-06	-4.294265e-06	-3.497466e-09	-3.045185e+01	-2.071860e+02
3.220000e-06	-4.375453e-06	-3.590745e-09	-3.102758e+01	-2.128987e+02
3.230000e-06	-4.455500e-06	-3.688494e-09	-3.159522e+01	-2.185206e+02
3.240000e-06	-4.534285e-06	-3.785836e-09	-3.215390e+01	-2.240412e+02
3.250000e-06	-4.611627e-06	-3.876715e-09	-3.270236e+01	-2.294525e+02
3.260000e-06	-4.687451e-06	-3.962125e-09	-3.324005e+01	-2.347508e+02
3.270000e-06	-4.761829e-06	-4.049691e-09	-3.376748e+01	-2.399380e+02
3.280000e-06	-4.834843e-06	-4.138351e-09	-3.428525e+01	-2.450199e+02
3.290000e-06	-4.906587e-06	-4.221266e-09	-3.479400e+01	-2.500046e+02
3.300000e-06	-4.976978e-06	-4.300655e-09	-3.529317e+01	-2.548995e+02
3.310000e-06	-5.045774e-06	-4.382513e-09	-3.578102e+01	-2.597088e+02
3.320000e-06	-5.113021e-06	-4.465051e-09	-3.625788e+01	-2.644323e+02
3.330000e-06	-5.178930e-06	-4.540695e-09	-3.672526e+01	-2.690653e+02
3.340000e-06	-5.243494e-06	-4.612489e-09	-3.718310e+01	-2.736005e+02
3.350000e-06	-5.306654e-06	-4.685968e-09	-3.763099e+01	-2.780297e+02
3.360000e-06	-5.368140e-06	-4.759280e-09	-3.806700e+01	-2.823466e+02
3.370000e-06	-5.427902e-06	-4.827707e-09	-3.849080e+01	-2.865475e+02
3.380000e-06	-5.486220e-06	-4.896684e-09	-3.890434e+01	-2.906322e+02
3.390000e-06	-5.543046e-06	-4.967536e-09	-3.930731e+01	-2.946023e+02
3.400000e-06	-5.598197e-06	-5.035309e-09	-3.969840e+01	-2.984602e+02
3.410000e-06	-5.651440e-06	-5.097195e-09	-4.007596e+01	-3.022075e+02
3.420000e-06	-5.702739e-06	-5.156201e-09	-4.043974e+01	-3.058438e+02
3.430000e-06	-5.752232e-06	-5.215285e-09	-4.079071e+01	-3.093672e+02
3.440000e-06	-5.799726e-06	-5.270922e-09	-4.112751e+01	-3.127754e+02
3.450000e-06	-5.845444e-06	-5.324430e-09	-4.145170e+01	-3.160673e+02
3.460000e-06	-5.889777e-06	-5.377254e-09	-4.176608e+01	-3.192442e+02
3.470000e-06	-5.932691e-06	-5.429463e-09	-4.207040e+01	-3.223107e+02
3.480000e-06	-5.974107e-06	-5.479410e-09	-4.236409e+01	-3.252731e+02
3.490000e-06	-6.014029e-06	-5.527956e-09	-4.264719e+01	-3.281381e+02
3.500000e-06	-6.052211e-06	-5.577692e-09	-4.291794e+01	-3.309102e+02
3.510000e-06	-6.088469e-06	-5.625066e-09	-4.317506e+01	-3.335897e+02
3.520000e-06	-6.123069e-06	-5.667501e-09	-4.342042e+01	-3.361718e+02
3.530000e-06	-6.156151e-06	-5.706688e-09	-4.365501e+01	-3.386482e+02
3.540000e-06	-6.187599e-06	-5.743054e-09	-4.387802e+01	-3.410091e+02
3.550000e-06	-6.217120e-06	-5.778084e-09	-4.408736e+01	-3.432468e+02
3.560000e-06	-6.244812e-06	-5.813851e-09	-4.428373e+01	-3.453589e+02
3.570000e-06	-6.270873e-06	-5.851112e-09	-4.446854e+01	-3.473500e+02
3.580000e-06	-6.295304e-06	-5.887151e-09	-4.464179e+01	-3.492311e+02
3.590000e-06	-6.317995e-06	-5.919101e-09	-4.480269e+01	-3.510174e+02
3.600000e-06	-6.338730e-06	-5.948074e-09	-4.494974e+01	-3.527236e+02
3.610000e-06	-6.357718e-06	-5.975966e-09	-4.508438e+01	-3.543601e+02
3.620000e-06	-6.375151e-06	-6.001349e-09	-4.520800e+01	-3.559295e+02
3.630000e-06	-6.390812e-06	-6.022712e-09	-4.531906e+01	-3.574260e+02
3.640000e-06	-6.404326e-06	-6.043641e-09	-4.541489e+01	-3.588371e+02
3.650000e-06	-6.415726e-06	-6.068772e-09	-4.549573e+01	-3.601480e+02
3.660000e-06	-6.425339e-06	-6.094465e-09	-4.556390e+01	-3.613466e+02
3.670000e-06	-6.433213e-06	-6.114110e-09	-4.561974e+01	-3.624284e+02
3.680000e-06	-6.439096e-06	-6.130310e-09	-4.566146e+01	-3.633982e+02
3.690000e-06	-6.443044e-06	-6.145810e-09	-4.568945e+01	-3.642701e+02
3.700000e-06	-6.445315e-06	-6.160618e-09	-4.570556e+01	-3.650631e+02
3.710000e-06	-6.445865e-06	-6.170720e-09	-4.570946e+01	-3.657954e+02
