# Temperatura_=_20.0
# Concentracion g/m^3_=_12000.0
# C_Vs_to_Am_M_A/Vsm_=_59384043850.047264
# pendiente_HvsI_1/m_=_3716.3
# ordenada_HvsI_A/m_=_1297.0
# frecuencia_Hz_=_269356.8476422791

Tiempo_(s)	Campo_(V.s)	Magnetizacion_(V.s)	Campo_(kA/m)	Magnetizacion_(A/m)
0.000000e+00	-6.442170e-06	-6.290135e-09	-4.569925e+01	-3.733478e+02
1.000000e-08	-6.440116e-06	-6.291912e-09	-4.568468e+01	-3.739857e+02
2.000000e-08	-6.436123e-06	-6.303073e-09	-4.565635e+01	-3.745618e+02
3.000000e-08	-6.430565e-06	-6.314332e-09	-4.561693e+01	-3.750665e+02
4.000000e-08	-6.423487e-06	-6.320520e-09	-4.556672e+01	-3.754858e+02
5.000000e-08	-6.414794e-06	-6.326882e-09	-4.550505e+01	-3.758069e+02
6.000000e-08	-6.404105e-06	-6.339163e-09	-4.542923e+01	-3.760218e+02
7.000000e-08	-6.391367e-06	-6.360961e-09	-4.533886e+01	-3.761311e+02
8.000000e-08	-6.376571e-06	-6.348660e-09	-4.523391e+01	-3.761441e+02
9.000000e-08	-6.359374e-06	-6.272514e-09	-4.511192e+01	-3.760763e+02
1.000000e-07	-6.340022e-06	-6.262740e-09	-4.497464e+01	-3.759452e+02
1.100000e-07	-6.318889e-06	-6.301667e-09	-4.482472e+01	-3.757644e+02
1.200000e-07	-6.296082e-06	-6.324073e-09	-4.466294e+01	-3.755390e+02
1.300000e-07	-6.272036e-06	-6.411499e-09	-4.449236e+01	-3.752639e+02
1.400000e-07	-6.246689e-06	-6.317954e-09	-4.431256e+01	-3.749245e+02
1.500000e-07	-6.219529e-06	-6.231915e-09	-4.411989e+01	-3.745007e+02
1.600000e-07	-6.190812e-06	-6.399920e-09	-4.391617e+01	-3.739734e+02
1.700000e-07	-6.160629e-06	-6.305781e-09	-4.370206e+01	-3.733299e+02
1.800000e-07	-6.128701e-06	-6.189878e-09	-4.347557e+01	-3.725693e+02
1.900000e-07	-6.095089e-06	-6.260075e-09	-4.323714e+01	-3.717027e+02
2.000000e-07	-6.059852e-06	-6.167316e-09	-4.298718e+01	-3.707518e+02
2.100000e-07	-6.022900e-06	-6.230887e-09	-4.272505e+01	-3.697427e+02
2.200000e-07	-5.984296e-06	-6.300157e-09	-4.245120e+01	-3.686995e+02
2.300000e-07	-5.944066e-06	-6.157188e-09	-4.216582e+01	-3.676372e+02
2.400000e-07	-5.901875e-06	-6.142423e-09	-4.186652e+01	-3.665579e+02
2.500000e-07	-5.857810e-06	-6.142692e-09	-4.155393e+01	-3.654500e+02
2.600000e-07	-5.812090e-06	-6.139218e-09	-4.122961e+01	-3.642912e+02
2.700000e-07	-5.764797e-06	-6.118377e-09	-4.089412e+01	-3.630543e+02
2.800000e-07	-5.715719e-06	-6.013963e-09	-4.054598e+01	-3.617145e+02
2.900000e-07	-5.664381e-06	-6.050892e-09	-4.018179e+01	-3.602553e+02
3.000000e-07	-5.611073e-06	-6.100994e-09	-3.980364e+01	-3.586724e+02
3.100000e-07	-5.556238e-06	-6.017827e-09	-3.941465e+01	-3.569739e+02
3.200000e-07	-5.499906e-06	-5.903957e-09	-3.901505e+01	-3.551772e+02
3.300000e-07	-5.441769e-06	-5.891518e-09	-3.860264e+01	-3.533034e+02
3.400000e-07	-5.381840e-06	-5.948101e-09	-3.817751e+01	-3.513716e+02
3.500000e-07	-5.320436e-06	-5.882726e-09	-3.774193e+01	-3.493937e+02
3.600000e-07	-5.257623e-06	-5.807388e-09	-3.729635e+01	-3.473723e+02
3.700000e-07	-5.193379e-06	-5.783762e-09	-3.684062e+01	-3.453005e+02
3.800000e-07	-5.127433e-06	-5.785316e-09	-3.637281e+01	-3.431655e+02
3.900000e-07	-5.059714e-06	-5.767178e-09	-3.589243e+01	-3.409527e+02
4.000000e-07	-4.990521e-06	-5.646533e-09	-3.540159e+01	-3.386503e+02
4.100000e-07	-4.919968e-06	-5.597037e-09	-3.490110e+01	-3.362525e+02
4.200000e-07	-4.848187e-06	-5.626971e-09	-3.439191e+01	-3.337604e+02
4.300000e-07	-4.775026e-06	-5.604070e-09	-3.387292e+01	-3.311808e+02
4.400000e-07	-4.700189e-06	-5.502711e-09	-3.334204e+01	-3.285232e+02
4.500000e-07	-4.623808e-06	-5.427458e-09	-3.280022e+01	-3.257966e+02
4.600000e-07	-4.545983e-06	-5.437470e-09	-3.224814e+01	-3.230061e+02
4.700000e-07	-4.466705e-06	-5.405726e-09	-3.168576e+01	-3.201519e+02
4.800000e-07	-4.386016e-06	-5.311594e-09	-3.111337e+01	-3.172292e+02
4.900000e-07	-4.304076e-06	-5.238146e-09	-3.053211e+01	-3.142309e+02
5.000000e-07	-4.221077e-06	-5.234567e-09	-2.994333e+01	-3.111492e+02
5.100000e-07	-4.137106e-06	-5.213766e-09	-2.934766e+01	-3.079792e+02
5.200000e-07	-4.052229e-06	-5.108632e-09	-2.874557e+01	-3.047201e+02
5.300000e-07	-3.966434e-06	-5.018262e-09	-2.813696e+01	-3.013752e+02
5.400000e-07	-3.879650e-06	-4.995874e-09	-2.752133e+01	-2.979508e+02
5.500000e-07	-3.791850e-06	-4.974053e-09	-2.689850e+01	-2.944539e+02
5.600000e-07	-3.702967e-06	-4.882998e-09	-2.626798e+01	-2.908899e+02
5.700000e-07	-3.612974e-06	-4.789929e-09	-2.562959e+01	-2.872607e+02
5.800000e-07	-3.521768e-06	-4.761869e-09	-2.498260e+01	-2.835640e+02
5.900000e-07	-3.429423e-06	-4.729467e-09	-2.432753e+01	-2.797939e+02
6.000000e-07	-3.336235e-06	-4.633251e-09	-2.366647e+01	-2.759425e+02
6.100000e-07	-3.242212e-06	-4.527549e-09	-2.299950e+01	-2.720016e+02
6.200000e-07	-3.147308e-06	-4.482359e-09	-2.232627e+01	-2.679651e+02
6.300000e-07	-3.051511e-06	-4.448061e-09	-2.164671e+01	-2.638293e+02
6.400000e-07	-2.954726e-06	-4.357527e-09	-2.096014e+01	-2.595939e+02
6.500000e-07	-2.856963e-06	-4.254278e-09	-2.026663e+01	-2.552608e+02
6.600000e-07	-2.758247e-06	-4.201621e-09	-1.956636e+01	-2.508328e+02
6.700000e-07	-2.658587e-06	-4.158126e-09	-1.885939e+01	-2.463129e+02
6.800000e-07	-2.558163e-06	-4.061194e-09	-1.814701e+01	-2.417030e+02
6.900000e-07	-2.457076e-06	-3.947948e-09	-1.742992e+01	-2.370033e+02
7.000000e-07	-2.355240e-06	-3.880775e-09	-1.670752e+01	-2.322130e+02
7.100000e-07	-2.252655e-06	-3.828168e-09	-1.597981e+01	-2.273304e+02
7.200000e-07	-2.149454e-06	-3.730034e-09	-1.524772e+01	-2.223535e+02
7.300000e-07	-2.045718e-06	-3.615193e-09	-1.451185e+01	-2.172805e+02
7.400000e-07	-1.941392e-06	-3.542895e-09	-1.377178e+01	-2.121098e+02
7.500000e-07	-1.836322e-06	-3.487573e-09	-1.302644e+01	-2.068398e+02
7.600000e-07	-1.730607e-06	-3.390090e-09	-1.227652e+01	-2.014686e+02
7.700000e-07	-1.624462e-06	-3.271885e-09	-1.152355e+01	-1.959937e+02
7.800000e-07	-1.517873e-06	-3.185359e-09	-1.076744e+01	-1.904123e+02
7.900000e-07	-1.410767e-06	-3.114925e-09	-1.000765e+01	-1.847214e+02
8.000000e-07	-1.303237e-06	-3.008087e-09	-9.244862e+00	-1.789184e+02
8.100000e-07	-1.195442e-06	-2.881232e-09	-8.480189e+00	-1.730018e+02
8.200000e-07	-1.087355e-06	-2.784361e-09	-7.713444e+00	-1.669716e+02
8.300000e-07	-9.789453e-07	-2.708180e-09	-6.944409e+00	-1.608291e+02
8.400000e-07	-8.702885e-07	-2.603547e-09	-6.173623e+00	-1.545765e+02
8.500000e-07	-7.614746e-07	-2.475562e-09	-5.401723e+00	-1.482167e+02
8.600000e-07	-6.525503e-07	-2.370826e-09	-4.629040e+00	-1.417522e+02
8.700000e-07	-5.434700e-07	-2.282808e-09	-3.855249e+00	-1.351845e+02
8.800000e-07	-4.342125e-07	-2.169616e-09	-3.080202e+00	-1.285144e+02
8.900000e-07	-3.249201e-07	-2.032894e-09	-2.304908e+00	-1.217413e+02
9.000000e-07	-2.156416e-07	-1.917216e-09	-1.529711e+00	-1.148641e+02
9.100000e-07	-1.063227e-07	-1.822916e-09	-7.542287e-01	-1.078809e+02
9.200000e-07	2.999180e-09	-1.707196e-09	2.127548e-02	-1.007895e+02
9.300000e-07	1.123173e-07	-1.565587e-09	7.967530e-01	-9.358742e+01
9.400000e-07	2.215951e-07	-1.439345e-09	1.571944e+00	-8.627183e+01
9.500000e-07	3.308344e-07	-1.335279e-09	2.346862e+00	-7.884002e+01
9.600000e-07	4.400031e-07	-1.214444e-09	3.121280e+00	-7.129006e+01
9.700000e-07	5.490704e-07	-1.068956e-09	3.894977e+00	-6.362205e+01
9.800000e-07	6.580271e-07	-9.344650e-10	4.667891e+00	-5.583974e+01
9.900000e-07	7.668530e-07	-8.197698e-10	5.439876e+00	-4.795218e+01
1.000000e-06	8.755275e-07	-6.884023e-10	6.210788e+00	-3.997481e+01
1.010000e-06	9.839962e-07	-5.329965e-10	6.980239e+00	-3.192963e+01
1.020000e-06	1.092242e-06	-3.881977e-10	7.748112e+00	-2.384386e+01
1.030000e-06	1.200201e-06	-2.666747e-10	8.513948e+00	-1.574735e+01
1.040000e-06	1.307854e-06	-1.390523e-10	9.277611e+00	-7.668955e+00
1.050000e-06	1.415166e-06	7.087280e-12	1.003885e+01	3.672562e-01
1.060000e-06	1.522103e-06	1.450216e-10	1.079744e+01	8.345110e+00
1.070000e-06	1.628681e-06	2.631559e-10	1.155348e+01	1.625784e+01
1.080000e-06	1.734797e-06	3.872751e-10	1.230624e+01	2.410756e+01
1.090000e-06	1.840304e-06	5.337606e-10	1.305469e+01	3.190278e+01
1.100000e-06	1.945141e-06	6.762128e-10	1.379837e+01	3.965451e+01
1.110000e-06	2.049328e-06	7.996123e-10	1.453745e+01	4.737198e+01
1.120000e-06	2.152937e-06	9.211463e-10	1.527243e+01	5.505919e+01
1.130000e-06	2.255946e-06	1.056898e-09	1.600315e+01	6.271313e+01
1.140000e-06	2.358339e-06	1.188742e-09	1.672951e+01	7.032418e+01
1.150000e-06	2.460044e-06	1.302059e-09	1.745098e+01	7.787858e+01
1.160000e-06	2.561015e-06	1.416655e-09	1.816724e+01	8.536208e+01
1.170000e-06	2.661293e-06	1.549545e-09	1.887859e+01	9.276362e+01
1.180000e-06	2.760860e-06	1.683243e-09	1.958489e+01	1.000781e+02
1.190000e-06	2.859540e-06	1.799027e-09	2.028491e+01	1.073071e+02
1.200000e-06	2.957172e-06	1.911725e-09	2.097749e+01	1.144576e+02
1.210000e-06	3.053784e-06	2.038104e-09	2.166283e+01	1.215392e+02
1.220000e-06	3.149493e-06	2.165962e-09	2.234177e+01	1.285601e+02
1.230000e-06	3.244351e-06	2.276659e-09	2.301467e+01	1.355239e+02
1.240000e-06	3.338292e-06	2.381320e-09	2.368106e+01	1.424284e+02
1.250000e-06	3.431266e-06	2.497322e-09	2.434060e+01	1.492652e+02
1.260000e-06	3.523374e-06	2.616793e-09	2.499399e+01	1.560223e+02
1.270000e-06	3.614619e-06	2.724730e-09	2.564126e+01	1.626875e+02
1.280000e-06	3.704697e-06	2.829649e-09	2.628025e+01	1.692518e+02
1.290000e-06	3.793499e-06	2.944110e-09	2.691020e+01	1.757118e+02
1.300000e-06	3.881251e-06	3.061269e-09	2.753269e+01	1.820703e+02
1.310000e-06	3.968035e-06	3.166249e-09	2.814832e+01	1.883350e+02
1.320000e-06	4.053774e-06	3.263527e-09	2.875653e+01	1.945152e+02
1.330000e-06	4.138478e-06	3.366149e-09	2.935740e+01	2.006182e+02
1.340000e-06	4.222241e-06	3.472441e-09	2.995159e+01	2.066466e+02
1.350000e-06	4.304938e-06	3.569366e-09	3.053822e+01	2.125966e+02
1.360000e-06	4.386350e-06	3.660234e-09	3.111575e+01	2.184586e+02
1.370000e-06	4.466512e-06	3.759044e-09	3.168439e+01	2.242196e+02
1.380000e-06	4.545404e-06	3.862301e-09	3.224404e+01	2.298672e+02
1.390000e-06	4.623022e-06	3.955538e-09	3.279464e+01	2.353927e+02
1.400000e-06	4.699412e-06	4.039919e-09	3.333653e+01	2.407936e+02
1.410000e-06	4.774369e-06	4.129614e-09	3.386826e+01	2.460741e+02
1.420000e-06	4.847724e-06	4.222913e-09	3.438862e+01	2.512437e+02
1.430000e-06	4.919583e-06	4.307234e-09	3.489837e+01	2.563142e+02
1.440000e-06	4.990067e-06	4.385468e-09	3.539837e+01	2.612960e+02
1.450000e-06	5.059215e-06	4.470198e-09	3.588889e+01	2.661953e+02
1.460000e-06	5.127075e-06	4.557485e-09	3.637027e+01	2.710124e+02
1.470000e-06	5.193411e-06	4.635216e-09	3.684085e+01	2.757416e+02
1.480000e-06	5.258045e-06	4.706915e-09	3.729934e+01	2.803735e+02
1.490000e-06	5.321219e-06	4.783766e-09	3.774748e+01	2.848978e+02
1.500000e-06	5.382985e-06	4.864212e-09	3.818564e+01	2.893057e+02
1.510000e-06	5.443384e-06	4.938120e-09	3.861410e+01	2.935920e+02
1.520000e-06	5.502367e-06	5.004751e-09	3.903250e+01	2.977557e+02
1.530000e-06	5.559527e-06	5.072814e-09	3.943799e+01	3.017988e+02
1.540000e-06	5.614918e-06	5.144207e-09	3.983092e+01	3.057245e+02
1.550000e-06	5.668714e-06	5.207838e-09	4.021253e+01	3.095356e+02
1.560000e-06	5.720663e-06	5.262544e-09	4.058105e+01	3.132324e+02
1.570000e-06	5.770580e-06	5.317200e-09	4.093515e+01	3.168130e+02
1.580000e-06	5.818589e-06	5.376254e-09	4.127571e+01	3.202742e+02
1.590000e-06	5.864915e-06	5.434292e-09	4.160434e+01	3.236131e+02
1.600000e-06	5.909743e-06	5.487722e-09	4.192234e+01	3.268291e+02
1.610000e-06	5.953075e-06	5.542949e-09	4.222973e+01	3.299248e+02
1.620000e-06	5.994526e-06	5.599526e-09	4.252377e+01	3.329062e+02
1.630000e-06	6.034153e-06	5.650897e-09	4.280487e+01	3.357813e+02
1.640000e-06	6.072251e-06	5.693606e-09	4.307513e+01	3.385579e+02
1.650000e-06	6.108778e-06	5.734785e-09	4.333424e+01	3.412414e+02
1.660000e-06	6.143538e-06	5.777939e-09	4.358082e+01	3.438335e+02
1.670000e-06	6.176383e-06	5.817888e-09	4.381382e+01	3.463314e+02
1.680000e-06	6.207564e-06	5.853277e-09	4.403501e+01	3.487298e+02
1.690000e-06	6.237232e-06	5.891948e-09	4.424547e+01	3.510222e+02
1.700000e-06	6.265407e-06	5.935738e-09	4.444533e+01	3.532045e+02
1.710000e-06	6.291779e-06	5.976542e-09	4.463241e+01	3.552760e+02
1.720000e-06	6.316131e-06	6.009374e-09	4.480516e+01	3.572404e+02
1.730000e-06	6.338727e-06	6.038875e-09	4.496545e+01	3.591048e+02
1.740000e-06	6.359760e-06	6.068686e-09	4.511466e+01	3.608774e+02
1.750000e-06	6.379232e-06	6.093996e-09	4.525278e+01	3.625644e+02
1.760000e-06	6.396884e-06	6.116282e-09	4.537800e+01	3.641679e+02
1.770000e-06	6.412614e-06	6.138159e-09	4.548958e+01	3.656850e+02
1.780000e-06	6.426507e-06	6.162510e-09	4.558814e+01	3.671086e+02
1.790000e-06	6.438454e-06	6.187187e-09	4.567289e+01	3.684297e+02
1.800000e-06	6.448196e-06	6.207816e-09	4.574200e+01	3.696411e+02
1.810000e-06	6.455981e-06	6.226318e-09	4.579722e+01	3.707405e+02
1.820000e-06	6.462090e-06	6.245004e-09	4.584056e+01	3.717317e+02
1.830000e-06	6.466500e-06	6.262284e-09	4.587184e+01	3.726250e+02
1.840000e-06	6.468965e-06	6.276514e-09	4.588933e+01	3.734340e+02
1.850000e-06	6.469426e-06	6.287815e-09	4.589260e+01	3.741724e+02
1.860000e-06	6.468153e-06	6.301741e-09	4.588356e+01	3.748496e+02
1.870000e-06	6.465282e-06	6.312693e-09	4.586320e+01	3.754678e+02
1.880000e-06	6.460827e-06	6.315200e-09	4.583160e+01	3.760213e+02
1.890000e-06	6.454479e-06	6.320112e-09	4.578657e+01	3.764983e+02
1.900000e-06	6.446292e-06	6.329447e-09	4.572849e+01	3.768849e+02
1.910000e-06	6.436520e-06	6.336029e-09	4.565917e+01	3.771694e+02
1.920000e-06	6.425071e-06	6.322841e-09	4.557795e+01	3.773469e+02
1.930000e-06	6.411675e-06	6.327241e-09	4.548292e+01	3.774213e+02
1.940000e-06	6.396198e-06	6.423387e-09	4.537313e+01	3.774046e+02
1.950000e-06	6.378381e-06	6.423824e-09	4.524674e+01	3.773139e+02
1.960000e-06	6.357881e-06	6.373989e-09	4.510132e+01	3.771657e+02
1.970000e-06	6.335137e-06	6.301128e-09	4.493998e+01	3.769708e+02
1.980000e-06	6.311237e-06	6.209338e-09	4.477044e+01	3.767306e+02
1.990000e-06	6.286814e-06	6.409466e-09	4.459719e+01	3.764363e+02
2.000000e-06	6.260957e-06	6.361755e-09	4.441377e+01	3.760704e+02
2.010000e-06	6.233130e-06	6.182108e-09	4.421637e+01	3.756125e+02
2.020000e-06	6.204083e-06	6.389643e-09	4.401031e+01	3.750453e+02
2.030000e-06	6.173129e-06	6.319367e-09	4.379074e+01	3.743601e+02
2.040000e-06	6.139860e-06	6.243498e-09	4.355473e+01	3.735604e+02
2.050000e-06	6.105262e-06	6.405264e-09	4.330930e+01	3.726621e+02
2.060000e-06	6.069074e-06	6.180524e-09	4.305260e+01	3.716890e+02
2.070000e-06	6.030939e-06	6.139307e-09	4.278207e+01	3.706673e+02
2.080000e-06	5.991123e-06	6.288741e-09	4.249963e+01	3.696185e+02
2.090000e-06	5.949432e-06	6.187091e-09	4.220388e+01	3.685531e+02
2.100000e-06	5.906304e-06	6.234900e-09	4.189794e+01	3.674678e+02
2.110000e-06	5.861757e-06	6.126516e-09	4.158194e+01	3.663466e+02
2.120000e-06	5.815218e-06	6.124933e-09	4.125180e+01	3.651644e+02
2.130000e-06	5.767158e-06	6.267022e-09	4.091087e+01	3.638943e+02
2.140000e-06	5.717433e-06	6.034172e-09	4.055813e+01	3.625137e+02
2.150000e-06	5.665855e-06	6.008493e-09	4.019225e+01	3.610107e+02
2.160000e-06	5.612347e-06	6.069202e-09	3.981268e+01	3.593857e+02
2.170000e-06	5.556773e-06	6.085953e-09	3.941845e+01	3.576507e+02
2.180000e-06	5.499658e-06	6.052618e-09	3.901329e+01	3.558253e+02
2.190000e-06	5.441016e-06	5.860488e-09	3.859730e+01	3.539305e+02
2.200000e-06	5.380843e-06	5.951226e-09	3.817044e+01	3.519832e+02
2.210000e-06	5.319048e-06	5.945087e-09	3.773208e+01	3.499920e+02
2.220000e-06	5.255535e-06	5.858339e-09	3.728154e+01	3.479556e+02
2.230000e-06	5.190542e-06	5.803241e-09	3.682049e+01	3.458646e+02
2.240000e-06	5.123981e-06	5.736745e-09	3.634832e+01	3.437048e+02
2.250000e-06	5.056025e-06	5.864033e-09	3.586626e+01	3.414622e+02
2.260000e-06	4.986632e-06	5.743923e-09	3.537400e+01	3.391271e+02
2.270000e-06	4.915508e-06	5.612413e-09	3.486947e+01	3.366961e+02
2.280000e-06	4.842902e-06	5.598990e-09	3.435442e+01	3.341729e+02
2.290000e-06	4.768977e-06	5.612019e-09	3.383001e+01	3.315656e+02
2.300000e-06	4.693726e-06	5.610141e-09	3.329620e+01	3.288840e+02
2.310000e-06	4.616904e-06	5.437792e-09	3.275124e+01	3.261358e+02
2.320000e-06	4.538418e-06	5.437571e-09	3.219448e+01	3.233244e+02
2.330000e-06	4.458612e-06	5.454081e-09	3.162835e+01	3.204480e+02
2.340000e-06	4.377733e-06	5.401113e-09	3.105461e+01	3.175006e+02
2.350000e-06	4.295785e-06	5.270232e-09	3.047330e+01	3.144745e+02
2.360000e-06	4.212751e-06	5.184986e-09	2.988427e+01	3.113628e+02
2.370000e-06	4.128623e-06	5.248287e-09	2.928749e+01	3.081620e+02
2.380000e-06	4.043280e-06	5.179893e-09	2.868208e+01	3.048729e+02
2.390000e-06	3.956755e-06	5.061784e-09	2.806830e+01	3.015000e+02
2.400000e-06	3.869058e-06	4.976106e-09	2.744619e+01	2.980504e+02
2.410000e-06	3.780335e-06	4.997374e-09	2.681681e+01	2.945306e+02
2.420000e-06	3.690710e-06	4.965681e-09	2.618103e+01	2.909449e+02
2.430000e-06	3.600150e-06	4.822357e-09	2.553862e+01	2.872936e+02
2.440000e-06	3.508691e-06	4.748821e-09	2.488983e+01	2.835729e+02
2.450000e-06	3.416176e-06	4.744103e-09	2.423355e+01	2.797760e+02
2.460000e-06	3.322620e-06	4.714787e-09	2.356989e+01	2.758946e+02
2.470000e-06	3.227968e-06	4.567648e-09	2.289845e+01	2.719212e+02
2.480000e-06	3.132208e-06	4.464530e-09	2.221915e+01	2.678504e+02
2.490000e-06	3.035586e-06	4.458901e-09	2.153374e+01	2.636799e+02
2.500000e-06	2.938153e-06	4.426501e-09	2.084257e+01	2.594103e+02
2.510000e-06	2.839974e-06	4.301890e-09	2.014611e+01	2.550439e+02
2.520000e-06	2.741079e-06	4.189592e-09	1.944457e+01	2.505839e+02
2.530000e-06	2.641404e-06	4.172138e-09	1.873750e+01	2.460329e+02
2.540000e-06	2.540903e-06	4.128087e-09	1.802457e+01	2.413920e+02
2.550000e-06	2.439604e-06	3.995131e-09	1.730598e+01	2.366613e+02
2.560000e-06	2.337410e-06	3.868152e-09	1.658104e+01	2.318393e+02
2.570000e-06	2.234417e-06	3.833567e-09	1.585043e+01	2.269243e+02
2.580000e-06	2.130850e-06	3.788785e-09	1.511575e+01	2.219143e+02
2.590000e-06	2.026649e-06	3.660471e-09	1.437657e+01	2.168075e+02
2.600000e-06	1.921768e-06	3.534893e-09	1.363257e+01	2.116025e+02
2.610000e-06	1.816274e-06	3.484811e-09	1.288422e+01	2.062975e+02
2.620000e-06	1.710373e-06	3.432019e-09	1.213299e+01	2.008905e+02
2.630000e-06	1.604167e-06	3.302264e-09	1.137958e+01	1.953787e+02
2.640000e-06	1.497584e-06	3.170115e-09	1.062351e+01	1.897593e+02
2.650000e-06	1.390624e-06	3.106999e-09	9.864762e+00	1.840293e+02
2.660000e-06	1.283342e-06	3.046938e-09	9.103730e+00	1.781866e+02
2.670000e-06	1.175763e-06	2.913582e-09	8.340589e+00	1.722301e+02
2.680000e-06	1.067901e-06	2.770536e-09	7.575439e+00	1.661603e+02
2.690000e-06	9.598022e-07	2.689345e-09	6.808612e+00	1.599789e+02
2.700000e-06	8.515404e-07	2.622895e-09	6.040629e+00	1.536885e+02
2.710000e-06	7.431484e-07	2.494580e-09	5.271721e+00	1.472919e+02
2.720000e-06	6.345450e-07	2.351254e-09	4.501314e+00	1.407913e+02
2.730000e-06	5.257869e-07	2.262446e-09	3.729809e+00	1.341879e+02
2.740000e-06	4.169621e-07	2.185424e-09	2.957832e+00	1.274820e+02
2.750000e-06	3.081319e-07	2.050305e-09	2.185816e+00	1.206727e+02
2.760000e-06	1.993090e-07	1.890303e-09	1.413851e+00	1.137587e+02
2.770000e-06	9.041589e-08	1.780829e-09	6.413892e-01	1.067380e+02
2.780000e-06	-1.851241e-08	1.695944e-09	-1.313227e-01	9.960812e+01
2.790000e-06	-1.274056e-07	1.566889e-09	-9.037858e-01	9.236652e+01
2.800000e-06	-2.362847e-07	1.412059e-09	-1.676149e+00	8.501037e+01
2.810000e-06	-3.451157e-07	1.296911e-09	-2.448170e+00	7.753713e+01
2.820000e-06	-4.538479e-07	1.202021e-09	-3.219491e+00	6.994545e+01
2.830000e-06	-5.624681e-07	1.063829e-09	-3.990018e+00	6.223661e+01
2.840000e-06	-6.708862e-07	8.966936e-10	-4.759110e+00	5.441617e+01
2.850000e-06	-7.791320e-07	7.672584e-10	-5.526981e+00	4.649548e+01
2.860000e-06	-8.872241e-07	6.649888e-10	-6.293761e+00	3.849251e+01
2.870000e-06	-9.951322e-07	5.263654e-10	-7.059236e+00	3.043142e+01
2.880000e-06	-1.102831e-06	3.581613e-10	-7.823223e+00	2.234082e+01
2.890000e-06	-1.210272e-06	2.201445e-10	-8.585384e+00	1.425062e+01
2.900000e-06	-1.317426e-06	1.115148e-10	-9.345509e+00	6.188321e+00
2.910000e-06	-1.424280e-06	-2.404393e-11	-1.010351e+01	-1.824687e+00
2.920000e-06	-1.530836e-06	-1.844424e-10	-1.085939e+01	-9.775677e+00
2.930000e-06	-1.637070e-06	-3.136749e-10	-1.161299e+01	-1.766139e+01
2.940000e-06	-1.742877e-06	-4.143928e-10	-1.236356e+01	-2.548672e+01
2.950000e-06	-1.848207e-06	-5.441676e-10	-1.311075e+01	-3.326163e+01
2.960000e-06	-1.953015e-06	-7.052137e-10	-1.385423e+01	-4.099692e+01
2.970000e-06	-2.057256e-06	-8.447365e-10	-1.459369e+01	-4.870022e+01
2.980000e-06	-2.160871e-06	-9.544257e-10	-1.532872e+01	-5.637297e+01
2.990000e-06	-2.263753e-06	-1.079371e-09	-1.605853e+01	-6.400951e+01
3.000000e-06	-2.365904e-06	-1.225891e-09	-1.678317e+01	-7.159832e+01
3.010000e-06	-2.467254e-06	-1.353412e-09	-1.750213e+01	-7.912499e+01
3.020000e-06	-2.567741e-06	-1.454987e-09	-1.821495e+01	-8.657604e+01
3.030000e-06	-2.667397e-06	-1.573325e-09	-1.892189e+01	-9.394244e+01
3.040000e-06	-2.766308e-06	-1.717946e-09	-1.962354e+01	-1.012216e+02
3.050000e-06	-2.864515e-06	-1.847278e-09	-2.032020e+01	-1.084174e+02
3.060000e-06	-2.961931e-06	-1.950429e-09	-2.101125e+01	-1.155383e+02
3.070000e-06	-3.058501e-06	-2.063334e-09	-2.169629e+01	-1.225936e+02
3.080000e-06	-3.154242e-06	-2.199191e-09	-2.237546e+01	-1.295902e+02
3.090000e-06	-3.249131e-06	-2.325077e-09	-2.304858e+01	-1.365297e+02
3.100000e-06	-3.343042e-06	-2.425873e-09	-2.371476e+01	-1.434073e+02
3.110000e-06	-3.435838e-06	-2.532615e-09	-2.437303e+01	-1.502130e+02
3.120000e-06	-3.527532e-06	-2.657712e-09	-2.502349e+01	-1.569342e+02
3.130000e-06	-3.618213e-06	-2.773276e-09	-2.566676e+01	-1.635596e+02
3.140000e-06	-3.707862e-06	-2.868702e-09	-2.630271e+01	-1.700821e+02
3.150000e-06	-3.796487e-06	-2.969837e-09	-2.693139e+01	-1.765007e+02
3.160000e-06	-3.884199e-06	-3.090455e-09	-2.755360e+01	-1.828203e+02
3.170000e-06	-3.970946e-06	-3.207489e-09	-2.816897e+01	-1.890495e+02
3.180000e-06	-4.056456e-06	-3.303154e-09	-2.877555e+01	-1.951974e+02
3.190000e-06	-4.140664e-06	-3.396483e-09	-2.937291e+01	-2.012697e+02
3.200000e-06	-4.223762e-06	-3.504406e-09	-2.996238e+01	-2.072668e+02
3.210000e-06	-4.305804e-06	-3.608792e-09	-3.054437e+01	-2.131824e+02
3.220000e-06	-4.386715e-06	-3.694951e-09	-3.111833e+01	-2.190054e+02
3.230000e-06	-4.466504e-06	-3.782313e-09	-3.168434e+01	-2.247225e+02
3.240000e-06	-4.545118e-06	-3.886288e-09	-3.224200e+01	-2.303223e+02
3.250000e-06	-4.622213e-06	-3.989062e-09	-3.278890e+01	-2.357983e+02
3.260000e-06	-4.697763e-06	-4.073511e-09	-3.332483e+01	-2.411504e+02
3.270000e-06	-4.771912e-06	-4.154783e-09	-3.385083e+01	-2.463853e+02
3.280000e-06	-4.844664e-06	-4.248237e-09	-3.436692e+01	-2.515136e+02
3.290000e-06	-4.916202e-06	-4.340855e-09	-3.487439e+01	-2.565471e+02
3.300000e-06	-4.986365e-06	-4.415164e-09	-3.537211e+01	-2.614949e+02
3.310000e-06	-5.054873e-06	-4.486101e-09	-3.585809e+01	-2.663609e+02
3.320000e-06	-5.121898e-06	-4.569338e-09	-3.633355e+01	-2.711432e+02
3.330000e-06	-5.187588e-06	-4.653291e-09	-3.679954e+01	-2.758344e+02
3.340000e-06	-5.251891e-06	-4.724103e-09	-3.725569e+01	-2.804245e+02
3.350000e-06	-5.314728e-06	-4.792375e-09	-3.770144e+01	-2.849033e+02
3.360000e-06	-5.375878e-06	-4.873231e-09	-3.813523e+01	-2.892632e+02
3.370000e-06	-5.435357e-06	-4.954548e-09	-3.855715e+01	-2.935007e+02
3.380000e-06	-5.493373e-06	-5.021834e-09	-3.896870e+01	-2.976161e+02
3.390000e-06	-5.549901e-06	-5.081710e-09	-3.936970e+01	-3.016121e+02
3.400000e-06	-5.604754e-06	-5.149853e-09	-3.975882e+01	-3.054919e+02
3.410000e-06	-5.657640e-06	-5.219487e-09	-4.013398e+01	-3.092575e+02
3.420000e-06	-5.708615e-06	-5.276266e-09	-4.049558e+01	-3.129083e+02
3.430000e-06	-5.757801e-06	-5.327950e-09	-4.084449e+01	-3.164418e+02
3.440000e-06	-5.804965e-06	-5.386786e-09	-4.117907e+01	-3.198547e+02
3.450000e-06	-5.850380e-06	-5.450330e-09	-4.150123e+01	-3.231447e+02
3.460000e-06	-5.894446e-06	-5.503753e-09	-4.181382e+01	-3.263123e+02
3.470000e-06	-5.937105e-06	-5.548694e-09	-4.211644e+01	-3.293616e+02
3.480000e-06	-5.978255e-06	-5.600020e-09	-4.240835e+01	-3.322994e+02
3.490000e-06	-6.017879e-06	-5.653471e-09	-4.268943e+01	-3.351340e+02
3.500000e-06	-6.055757e-06	-5.699320e-09	-4.295812e+01	-3.378726e+02
3.510000e-06	-6.091761e-06	-5.738180e-09	-4.321353e+01	-3.405191e+02
3.520000e-06	-6.126082e-06	-5.781007e-09	-4.345699e+01	-3.430737e+02
3.530000e-06	-6.158828e-06	-5.826540e-09	-4.368929e+01	-3.455323e+02
3.540000e-06	-6.189949e-06	-5.864786e-09	-4.391005e+01	-3.478889e+02
3.550000e-06	-6.219131e-06	-5.896624e-09	-4.411706e+01	-3.501376e+02
3.560000e-06	-6.246536e-06	-5.932233e-09	-4.431147e+01	-3.522754e+02
3.570000e-06	-6.272318e-06	-5.972426e-09	-4.449436e+01	-3.543034e+02
3.580000e-06	-6.296435e-06	-6.008620e-09	-4.466544e+01	-3.562267e+02
3.590000e-06	-6.318769e-06	-6.039265e-09	-4.482387e+01	-3.580530e+02
3.600000e-06	-6.339167e-06	-6.070404e-09	-4.496857e+01	-3.597903e+02
3.610000e-06	-6.357882e-06	-6.101820e-09	-4.510133e+01	-3.614432e+02
3.620000e-06	-6.374959e-06	-6.126435e-09	-4.522247e+01	-3.630122e+02
3.630000e-06	-6.390265e-06	-6.144007e-09	-4.533105e+01	-3.644925e+02
3.640000e-06	-6.403409e-06	-6.163312e-09	-4.542429e+01	-3.658759e+02
3.650000e-06	-6.414467e-06	-6.188273e-09	-4.550273e+01	-3.671539e+02
3.660000e-06	-6.423789e-06	-6.212202e-09	-4.556886e+01	-3.683205e+02
3.670000e-06	-6.431364e-06	-6.231757e-09	-4.562259e+01	-3.693758e+02
3.680000e-06	-6.436919e-06	-6.250213e-09	-4.566200e+01	-3.703261e+02
3.690000e-06	-6.440534e-06	-6.268522e-09	-4.568765e+01	-3.711833e+02
3.700000e-06	-6.442538e-06	-6.284724e-09	-4.570186e+01	-3.719617e+02
3.710000e-06	-6.442882e-06	-6.291207e-09	-4.570430e+01	-3.726737e+02
