# Temperatura_=_20.0
# Concentracion g/m^3_=_12000.0
# C_Vs_to_Am_M_A/Vsm_=_59384043850.047264
# pendiente_HvsI_1/m_=_3716.3
# ordenada_HvsI_A/m_=_1297.0
# frecuencia_Hz_=_269352.3699808843

Tiempo_(s)	Campo_(V.s)	Magnetizacion_(V.s)	Campo_(kA/m)	Magnetizacion_(A/m)
0.000000e+00	-6.425654e-06	-6.160352e-09	-4.570211e+01	-3.655916e+02
1.000000e-08	-6.423584e-06	-6.165746e-09	-4.568738e+01	-3.662419e+02
2.000000e-08	-6.419620e-06	-6.175969e-09	-4.565919e+01	-3.668226e+02
3.000000e-08	-6.414098e-06	-6.186232e-09	-4.561992e+01	-3.673262e+02
4.000000e-08	-6.407052e-06	-6.192035e-09	-4.556980e+01	-3.677428e+02
5.000000e-08	-6.398308e-06	-6.197505e-09	-4.550761e+01	-3.680637e+02
6.000000e-08	-6.387515e-06	-6.207305e-09	-4.543084e+01	-3.682846e+02
7.000000e-08	-6.374750e-06	-6.224988e-09	-4.534006e+01	-3.684080e+02
8.000000e-08	-6.359943e-06	-6.212394e-09	-4.523474e+01	-3.684436e+02
9.000000e-08	-6.342700e-06	-6.148239e-09	-4.511210e+01	-3.684065e+02
1.000000e-07	-6.323311e-06	-6.142235e-09	-4.497419e+01	-3.683134e+02
1.100000e-07	-6.302194e-06	-6.184523e-09	-4.482401e+01	-3.681780e+02
1.200000e-07	-6.279482e-06	-6.219183e-09	-4.466246e+01	-3.680066e+02
1.300000e-07	-6.255539e-06	-6.277283e-09	-4.449217e+01	-3.677959e+02
1.400000e-07	-6.230184e-06	-6.173490e-09	-4.431183e+01	-3.675328e+02
1.500000e-07	-6.202973e-06	-6.109311e-09	-4.411830e+01	-3.671975e+02
1.600000e-07	-6.174296e-06	-6.258565e-09	-4.391434e+01	-3.667684e+02
1.700000e-07	-6.144210e-06	-6.179684e-09	-4.370035e+01	-3.662277e+02
1.800000e-07	-6.112373e-06	-6.073503e-09	-4.347391e+01	-3.655665e+02
1.900000e-07	-6.078909e-06	-6.125680e-09	-4.323590e+01	-3.647875e+02
2.000000e-07	-6.043794e-06	-6.070725e-09	-4.298615e+01	-3.639040e+02
2.100000e-07	-6.006956e-06	-6.124608e-09	-4.272414e+01	-3.629373e+02
2.200000e-07	-5.968499e-06	-6.157876e-09	-4.245062e+01	-3.619105e+02
2.300000e-07	-5.928318e-06	-6.027854e-09	-4.216483e+01	-3.608428e+02
2.400000e-07	-5.886150e-06	-6.029479e-09	-4.186491e+01	-3.597446e+02
2.500000e-07	-5.842170e-06	-6.046490e-09	-4.155211e+01	-3.586146e+02
2.600000e-07	-5.796583e-06	-6.014694e-09	-4.122787e+01	-3.574408e+02
2.700000e-07	-5.749348e-06	-5.969053e-09	-4.089191e+01	-3.562039e+02
2.800000e-07	-5.700316e-06	-5.907143e-09	-4.054318e+01	-3.548826e+02
2.900000e-07	-5.649119e-06	-5.954261e-09	-4.017904e+01	-3.534591e+02
3.000000e-07	-5.595914e-06	-5.960844e-09	-3.980062e+01	-3.519234e+02
3.100000e-07	-5.541120e-06	-5.870539e-09	-3.941091e+01	-3.502756e+02
3.200000e-07	-5.484845e-06	-5.810017e-09	-3.901066e+01	-3.485247e+02
3.300000e-07	-5.426801e-06	-5.816398e-09	-3.859782e+01	-3.466858e+02
3.400000e-07	-5.367039e-06	-5.824139e-09	-3.817277e+01	-3.447753e+02
3.500000e-07	-5.305873e-06	-5.740861e-09	-3.773772e+01	-3.428068e+02
3.600000e-07	-5.243199e-06	-5.693090e-09	-3.729196e+01	-3.407877e+02
3.700000e-07	-5.179031e-06	-5.690852e-09	-3.683557e+01	-3.387180e+02
3.800000e-07	-5.113208e-06	-5.663168e-09	-3.636740e+01	-3.365917e+02
3.900000e-07	-5.045655e-06	-5.617070e-09	-3.588694e+01	-3.343990e+02
4.000000e-07	-4.976634e-06	-5.541724e-09	-3.539603e+01	-3.321301e+02
4.100000e-07	-4.906226e-06	-5.521792e-09	-3.489526e+01	-3.297776e+02
4.200000e-07	-4.834567e-06	-5.512210e-09	-3.438559e+01	-3.273384e+02
4.300000e-07	-4.761580e-06	-5.456222e-09	-3.386647e+01	-3.248138e+02
4.400000e-07	-4.686930e-06	-5.391486e-09	-3.333553e+01	-3.222080e+02
4.500000e-07	-4.610667e-06	-5.349776e-09	-3.279311e+01	-3.195265e+02
4.600000e-07	-4.533035e-06	-5.326325e-09	-3.224096e+01	-3.167732e+02
4.700000e-07	-4.454048e-06	-5.264988e-09	-3.167917e+01	-3.139498e+02
4.800000e-07	-4.373606e-06	-5.199437e-09	-3.110703e+01	-3.110550e+02
4.900000e-07	-4.291866e-06	-5.158038e-09	-3.052566e+01	-3.080858e+02
5.000000e-07	-4.209012e-06	-5.126032e-09	-2.993636e+01	-3.050383e+02
5.100000e-07	-4.125175e-06	-5.073864e-09	-2.934008e+01	-3.019099e+02
5.200000e-07	-4.040474e-06	-4.997353e-09	-2.873764e+01	-2.986999e+02
5.300000e-07	-3.954775e-06	-4.941875e-09	-2.812812e+01	-2.954100e+02
5.400000e-07	-3.868009e-06	-4.900172e-09	-2.751100e+01	-2.920435e+02
5.500000e-07	-3.780273e-06	-4.843501e-09	-2.688698e+01	-2.886039e+02
5.600000e-07	-3.691675e-06	-4.768886e-09	-2.625684e+01	-2.850941e+02
5.700000e-07	-3.602020e-06	-4.709516e-09	-2.561917e+01	-2.815149e+02
5.800000e-07	-3.511098e-06	-4.667263e-09	-2.497249e+01	-2.778653e+02
5.900000e-07	-3.419138e-06	-4.602378e-09	-2.431843e+01	-2.741426e+02
6.000000e-07	-3.326293e-06	-4.521960e-09	-2.365807e+01	-2.703436e+02
6.100000e-07	-3.232552e-06	-4.455998e-09	-2.299135e+01	-2.664656e+02
6.200000e-07	-3.137888e-06	-4.404650e-09	-2.231805e+01	-2.625069e+02
6.300000e-07	-3.042272e-06	-4.337530e-09	-2.163799e+01	-2.584667e+02
6.400000e-07	-2.945863e-06	-4.254760e-09	-2.095229e+01	-2.543448e+02
6.500000e-07	-2.848655e-06	-4.186219e-09	-2.026090e+01	-2.501405e+02
6.600000e-07	-2.750295e-06	-4.128649e-09	-1.956132e+01	-2.458515e+02
6.700000e-07	-2.650735e-06	-4.054206e-09	-1.885320e+01	-2.414738e+02
6.800000e-07	-2.550451e-06	-3.963861e-09	-1.813994e+01	-2.370018e+02
6.900000e-07	-2.449620e-06	-3.886984e-09	-1.742278e+01	-2.324298e+02
7.000000e-07	-2.348010e-06	-3.821613e-09	-1.670009e+01	-2.277528e+02
7.100000e-07	-2.245680e-06	-3.740486e-09	-1.597227e+01	-2.229680e+02
7.200000e-07	-2.142783e-06	-3.646859e-09	-1.524042e+01	-2.180760e+02
7.300000e-07	-2.039275e-06	-3.564487e-09	-1.450423e+01	-2.130800e+02
7.400000e-07	-1.935139e-06	-3.492200e-09	-1.376357e+01	-2.079850e+02
7.500000e-07	-1.830465e-06	-3.404788e-09	-1.301908e+01	-2.027963e+02
7.600000e-07	-1.725340e-06	-3.302581e-09	-1.227139e+01	-1.975175e+02
7.700000e-07	-1.619620e-06	-3.212000e-09	-1.151946e+01	-1.921493e+02
7.800000e-07	-1.513250e-06	-3.132144e-09	-1.076291e+01	-1.866891e+02
7.900000e-07	-1.406374e-06	-3.041040e-09	-1.000275e+01	-1.811314e+02
8.000000e-07	-1.299139e-06	-2.936014e-09	-9.240055e+00	-1.754696e+02
8.100000e-07	-1.191556e-06	-2.838850e-09	-8.474872e+00	-1.696977e+02
8.200000e-07	-1.083596e-06	-2.750604e-09	-7.707018e+00	-1.638118e+02
8.300000e-07	-9.754122e-07	-2.651229e-09	-6.937565e+00	-1.578113e+02
8.400000e-07	-8.671365e-07	-2.539003e-09	-6.167460e+00	-1.516986e+02
8.500000e-07	-7.587383e-07	-2.433044e-09	-5.396484e+00	-1.454780e+02
8.600000e-07	-6.501231e-07	-2.337450e-09	-4.623965e+00	-1.391545e+02
8.700000e-07	-5.413500e-07	-2.232875e-09	-3.850322e+00	-1.327316e+02
8.800000e-07	-4.325313e-07	-2.115612e-09	-3.076355e+00	-1.262106e+02
8.900000e-07	-3.236720e-07	-2.002705e-09	-2.302099e+00	-1.195900e+02
9.000000e-07	-2.147442e-07	-1.900621e-09	-1.527356e+00	-1.128661e+02
9.100000e-07	-1.057920e-07	-1.791317e-09	-7.524400e-01	-1.060340e+02
9.200000e-07	3.142110e-09	-1.666077e-09	2.234809e-02	-9.908909e+01
9.300000e-07	1.120992e-07	-1.542133e-09	7.972992e-01	-9.202839e+01
9.400000e-07	2.210777e-07	-1.429790e-09	1.572403e+00	-8.485087e+01
9.500000e-07	3.300335e-07	-1.312210e-09	2.347345e+00	-7.755780e+01
9.600000e-07	4.388800e-07	-1.181350e-09	3.121509e+00	-7.015241e+01
9.700000e-07	5.476161e-07	-1.050700e-09	3.894889e+00	-6.263969e+01
9.800000e-07	6.562602e-07	-9.289596e-10	4.667614e+00	-5.502636e+01
9.900000e-07	7.647850e-07	-8.057807e-10	5.439491e+00	-4.732139e+01
1.000000e-06	8.732137e-07	-6.689163e-10	6.210684e+00	-3.953682e+01
1.010000e-06	9.814928e-07	-5.293190e-10	6.980813e+00	-3.168857e+01
1.020000e-06	1.089600e-06	-3.999563e-10	7.749720e+00	-2.379680e+01
1.030000e-06	1.197467e-06	-2.733471e-10	8.516920e+00	-1.588524e+01
1.040000e-06	1.305007e-06	-1.370511e-10	9.281792e+00	-7.979464e+00
1.050000e-06	1.412240e-06	2.595619e-13	1.004448e+01	-1.041239e-01
1.060000e-06	1.519008e-06	1.264676e-10	1.080386e+01	7.720142e+00
1.070000e-06	1.625109e-06	2.503184e-10	1.155850e+01	1.547944e+01
1.080000e-06	1.730631e-06	3.823963e-10	1.230902e+01	2.316815e+01
1.090000e-06	1.835657e-06	5.172758e-10	1.305601e+01	3.078870e+01
1.100000e-06	1.940203e-06	6.429890e-10	1.379959e+01	3.834952e+01
1.110000e-06	2.044262e-06	7.648484e-10	1.453970e+01	4.586161e+01
1.120000e-06	2.147694e-06	8.920104e-10	1.527535e+01	5.333461e+01
1.130000e-06	2.250428e-06	1.020515e-09	1.600605e+01	6.077343e+01
1.140000e-06	2.352496e-06	1.141035e-09	1.673200e+01	6.817635e+01
1.150000e-06	2.453895e-06	1.257558e-09	1.745319e+01	7.553520e+01
1.160000e-06	2.554628e-06	1.381940e-09	1.816965e+01	8.283743e+01
1.170000e-06	2.654770e-06	1.510172e-09	1.888191e+01	9.006950e+01
1.180000e-06	2.754154e-06	1.631589e-09	1.958876e+01	9.722048e+01
1.190000e-06	2.852497e-06	1.747739e-09	2.028823e+01	1.042848e+02
1.200000e-06	2.949781e-06	1.865615e-09	2.098015e+01	1.112633e+02
1.210000e-06	3.046155e-06	1.982571e-09	2.166561e+01	1.181623e+02
1.220000e-06	3.141614e-06	2.093152e-09	2.234456e+01	1.249908e+02
1.230000e-06	3.236093e-06	2.201896e-09	2.301653e+01	1.317571e+02
1.240000e-06	3.329699e-06	2.314556e-09	2.368230e+01	1.384654e+02
1.250000e-06	3.422519e-06	2.427688e-09	2.434248e+01	1.451144e+02
1.260000e-06	3.514561e-06	2.537983e-09	2.499712e+01	1.516970e+02
1.270000e-06	3.605548e-06	2.648039e-09	2.564426e+01	1.582021e+02
1.280000e-06	3.695257e-06	2.758556e-09	2.628231e+01	1.646182e+02
1.290000e-06	3.783824e-06	2.865330e-09	2.691224e+01	1.709366e+02
1.300000e-06	3.871331e-06	2.968517e-09	2.753463e+01	1.771539e+02
1.310000e-06	3.957796e-06	3.071646e-09	2.814960e+01	1.832727e+02
1.320000e-06	4.043264e-06	3.172727e-09	2.875749e+01	1.893003e+02
1.330000e-06	4.127808e-06	3.270203e-09	2.935881e+01	1.952464e+02
1.340000e-06	4.211419e-06	3.367019e-09	2.995348e+01	2.011186e+02
1.350000e-06	4.293813e-06	3.464929e-09	3.053951e+01	2.069203e+02
1.360000e-06	4.374989e-06	3.563506e-09	3.111687e+01	2.126483e+02
1.370000e-06	4.454997e-06	3.660590e-09	3.168592e+01	2.182935e+02
1.380000e-06	4.533706e-06	3.756497e-09	3.224573e+01	2.238431e+02
1.390000e-06	4.611145e-06	3.848918e-09	3.279651e+01	2.292840e+02
1.400000e-06	4.687337e-06	3.936386e-09	3.333842e+01	2.346068e+02
1.410000e-06	4.762079e-06	4.020832e-09	3.387002e+01	2.398081e+02
1.420000e-06	4.835222e-06	4.103889e-09	3.439025e+01	2.448915e+02
1.430000e-06	4.906893e-06	4.186539e-09	3.490000e+01	2.498666e+02
1.440000e-06	4.977172e-06	4.270883e-09	3.539986e+01	2.547456e+02
1.450000e-06	5.046144e-06	4.355925e-09	3.589042e+01	2.595402e+02
1.460000e-06	5.113822e-06	4.437582e-09	3.637177e+01	2.642575e+02
1.470000e-06	5.179939e-06	4.515592e-09	3.684203e+01	2.688979e+02
1.480000e-06	5.244415e-06	4.591257e-09	3.730061e+01	2.734554e+02
1.490000e-06	5.307428e-06	4.665403e-09	3.774879e+01	2.779184e+02
1.500000e-06	5.368995e-06	4.736483e-09	3.818668e+01	2.822735e+02
1.510000e-06	5.429222e-06	4.805649e-09	3.861504e+01	2.865081e+02
1.520000e-06	5.487943e-06	4.873649e-09	3.903269e+01	2.906144e+02
1.530000e-06	5.544899e-06	4.940834e-09	3.943779e+01	2.945897e+02
1.540000e-06	5.600130e-06	5.007055e-09	3.983061e+01	2.984375e+02
1.550000e-06	5.653719e-06	5.071107e-09	4.021176e+01	3.021651e+02
1.560000e-06	5.705541e-06	5.133310e-09	4.058034e+01	3.057813e+02
1.570000e-06	5.755341e-06	5.191196e-09	4.093454e+01	3.092941e+02
1.580000e-06	5.803215e-06	5.246948e-09	4.127504e+01	3.127085e+02
1.590000e-06	5.849449e-06	5.302143e-09	4.160388e+01	3.160260e+02
1.600000e-06	5.894217e-06	5.357361e-09	4.192229e+01	3.192444e+02
1.610000e-06	5.937330e-06	5.410435e-09	4.222893e+01	3.223598e+02
1.620000e-06	5.978560e-06	5.460822e-09	4.252218e+01	3.253673e+02
1.630000e-06	6.018076e-06	5.511148e-09	4.280323e+01	3.282634e+02
1.640000e-06	6.055996e-06	5.559305e-09	4.307293e+01	3.310461e+02
1.650000e-06	6.092396e-06	5.604113e-09	4.333183e+01	3.337154e+02
1.660000e-06	6.127109e-06	5.647000e-09	4.357872e+01	3.362729e+02
1.670000e-06	6.159928e-06	5.688163e-09	4.381214e+01	3.387209e+02
1.680000e-06	6.191111e-06	5.725399e-09	4.403393e+01	3.410623e+02
1.690000e-06	6.220750e-06	5.761920e-09	4.424474e+01	3.433000e+02
1.700000e-06	6.248832e-06	5.800614e-09	4.444447e+01	3.454369e+02
1.710000e-06	6.275082e-06	5.837839e-09	4.463117e+01	3.474761e+02
1.720000e-06	6.299379e-06	5.869479e-09	4.480398e+01	3.494212e+02
1.730000e-06	6.321945e-06	5.897858e-09	4.496448e+01	3.512754e+02
1.740000e-06	6.342920e-06	5.926175e-09	4.511367e+01	3.530416e+02
1.750000e-06	6.362345e-06	5.953497e-09	4.525183e+01	3.547211e+02
1.760000e-06	6.379974e-06	5.979760e-09	4.537721e+01	3.563132e+02
1.770000e-06	6.395740e-06	6.005431e-09	4.548935e+01	3.578152e+02
1.780000e-06	6.409638e-06	6.029764e-09	4.558819e+01	3.592227e+02
1.790000e-06	6.421535e-06	6.051348e-09	4.567281e+01	3.605314e+02
1.800000e-06	6.431272e-06	6.069955e-09	4.574207e+01	3.617383e+02
1.810000e-06	6.439022e-06	6.086456e-09	4.579718e+01	3.628436e+02
1.820000e-06	6.445042e-06	6.102313e-09	4.584000e+01	3.638511e+02
1.830000e-06	6.449419e-06	6.119322e-09	4.587113e+01	3.647681e+02
1.840000e-06	6.451927e-06	6.136342e-09	4.588897e+01	3.656036e+02
1.850000e-06	6.452437e-06	6.150491e-09	4.589260e+01	3.663661e+02
1.860000e-06	6.451209e-06	6.165641e-09	4.588386e+01	3.670610e+02
1.870000e-06	6.448373e-06	6.177928e-09	4.586370e+01	3.676886e+02
1.880000e-06	6.443950e-06	6.183181e-09	4.583223e+01	3.682443e+02
1.890000e-06	6.437639e-06	6.187682e-09	4.578735e+01	3.687192e+02
1.900000e-06	6.429450e-06	6.193232e-09	4.572911e+01	3.691036e+02
1.910000e-06	6.419662e-06	6.196868e-09	4.565948e+01	3.693899e+02
1.920000e-06	6.408241e-06	6.185090e-09	4.557826e+01	3.695764e+02
1.930000e-06	6.394934e-06	6.193736e-09	4.548361e+01	3.696681e+02
1.940000e-06	6.379517e-06	6.277236e-09	4.537396e+01	3.696773e+02
1.950000e-06	6.361708e-06	6.282549e-09	4.524729e+01	3.696201e+02
1.960000e-06	6.341280e-06	6.232547e-09	4.510200e+01	3.695126e+02
1.970000e-06	6.318632e-06	6.154530e-09	4.494092e+01	3.693663e+02
1.980000e-06	6.294814e-06	6.093653e-09	4.477151e+01	3.691839e+02
1.990000e-06	6.270412e-06	6.277698e-09	4.459795e+01	3.689584e+02
2.000000e-06	6.244570e-06	6.240075e-09	4.441416e+01	3.686735e+02
2.010000e-06	6.216905e-06	6.074113e-09	4.421739e+01	3.683083e+02
2.020000e-06	6.187961e-06	6.245840e-09	4.401153e+01	3.678418e+02
2.030000e-06	6.157031e-06	6.222638e-09	4.379154e+01	3.672592e+02
2.040000e-06	6.123808e-06	6.150801e-09	4.355524e+01	3.665557e+02
2.050000e-06	6.089241e-06	6.253945e-09	4.330939e+01	3.657382e+02
2.060000e-06	6.053179e-06	6.077375e-09	4.305290e+01	3.648235e+02
2.070000e-06	6.015187e-06	6.065314e-09	4.278268e+01	3.638344e+02
2.080000e-06	5.975392e-06	6.198946e-09	4.249964e+01	3.627933e+02
2.090000e-06	5.933748e-06	6.070519e-09	4.220345e+01	3.617163e+02
2.100000e-06	5.890713e-06	6.072187e-09	4.189736e+01	3.606097e+02
2.110000e-06	5.846254e-06	6.041677e-09	4.158116e+01	3.594680e+02
2.120000e-06	5.799841e-06	6.049714e-09	4.125104e+01	3.582759e+02
2.130000e-06	5.751907e-06	6.102012e-09	4.091012e+01	3.570126e+02
2.140000e-06	5.702343e-06	5.908423e-09	4.055760e+01	3.556575e+02
2.150000e-06	5.650932e-06	5.941769e-09	4.019194e+01	3.541953e+02
2.160000e-06	5.597616e-06	5.996415e-09	3.981273e+01	3.526198e+02
2.170000e-06	5.542332e-06	5.929452e-09	3.941953e+01	3.509347e+02
2.180000e-06	5.485493e-06	5.888615e-09	3.901526e+01	3.491516e+02
2.190000e-06	5.426982e-06	5.796146e-09	3.859911e+01	3.472868e+02
2.200000e-06	5.367007e-06	5.879010e-09	3.817254e+01	3.453561e+02
2.210000e-06	5.305515e-06	5.817943e-09	3.773518e+01	3.433709e+02
2.220000e-06	5.242210e-06	5.713260e-09	3.728493e+01	3.413360e+02
2.230000e-06	5.177316e-06	5.728035e-09	3.682337e+01	3.392488e+02
2.240000e-06	5.110829e-06	5.683133e-09	3.635049e+01	3.371017e+02
2.250000e-06	5.043041e-06	5.706425e-09	3.586835e+01	3.348843e+02
2.260000e-06	4.973948e-06	5.591948e-09	3.537693e+01	3.325875e+02
2.270000e-06	4.903120e-06	5.539746e-09	3.487317e+01	3.302054e+02
2.280000e-06	4.830695e-06	5.551948e-09	3.435805e+01	3.277366e+02
2.290000e-06	4.756926e-06	5.489398e-09	3.383337e+01	3.251837e+02
2.300000e-06	4.681825e-06	5.454344e-09	3.329922e+01	3.225517e+02
2.310000e-06	4.605209e-06	5.366389e-09	3.275429e+01	3.198457e+02
2.320000e-06	4.527005e-06	5.376622e-09	3.219807e+01	3.170689e+02
2.330000e-06	4.447444e-06	5.329600e-09	3.163220e+01	3.142218e+02
2.340000e-06	4.366752e-06	5.244887e-09	3.105828e+01	3.113023e+02
2.350000e-06	4.284956e-06	5.189041e-09	3.047651e+01	3.083070e+02
2.360000e-06	4.201985e-06	5.139003e-09	2.988638e+01	3.052321e+02
2.370000e-06	4.118011e-06	5.131287e-09	2.928912e+01	3.020759e+02
2.380000e-06	4.033014e-06	5.036553e-09	2.868459e+01	2.988384e+02
2.390000e-06	3.946714e-06	4.975323e-09	2.807078e+01	2.955222e+02
2.400000e-06	3.859165e-06	4.936452e-09	2.744809e+01	2.921306e+02
2.410000e-06	3.770594e-06	4.895652e-09	2.681814e+01	2.886673e+02
2.420000e-06	3.681106e-06	4.818655e-09	2.618166e+01	2.851343e+02
2.430000e-06	3.590684e-06	4.725580e-09	2.553854e+01	2.815317e+02
2.440000e-06	3.499328e-06	4.697363e-09	2.488877e+01	2.778578e+02
2.450000e-06	3.407104e-06	4.647559e-09	2.423284e+01	2.741097e+02
2.460000e-06	3.313962e-06	4.570142e-09	2.357037e+01	2.702841e+02
2.470000e-06	3.219564e-06	4.477805e-09	2.289897e+01	2.663788e+02
2.480000e-06	3.124044e-06	4.427057e-09	2.221959e+01	2.623924e+02
2.490000e-06	3.027751e-06	4.381741e-09	2.153471e+01	2.583244e+02
2.500000e-06	2.930626e-06	4.295344e-09	2.084392e+01	2.541746e+02
2.510000e-06	2.832681e-06	4.208213e-09	2.014729e+01	2.499416e+02
2.520000e-06	2.733895e-06	4.147576e-09	1.944468e+01	2.456227e+02
2.530000e-06	2.634395e-06	4.095419e-09	1.873699e+01	2.412131e+02
2.540000e-06	2.534345e-06	4.003042e-09	1.802539e+01	2.367071e+02
2.550000e-06	2.433490e-06	3.903478e-09	1.730806e+01	2.320990e+02
2.560000e-06	2.331500e-06	3.830856e-09	1.658267e+01	2.273845e+02
2.570000e-06	2.228623e-06	3.770075e-09	1.585096e+01	2.225621e+02
2.580000e-06	2.125188e-06	3.679980e-09	1.511528e+01	2.176334e+02
2.590000e-06	2.021212e-06	3.578729e-09	1.437576e+01	2.126024e+02
2.600000e-06	1.916623e-06	3.503574e-09	1.363187e+01	2.074745e+02
2.610000e-06	1.811422e-06	3.435075e-09	1.288364e+01	2.022545e+02
2.620000e-06	1.705798e-06	3.336093e-09	1.213240e+01	1.969451e+02
2.630000e-06	1.599813e-06	3.221264e-09	1.137858e+01	1.915457e+02
2.640000e-06	1.493397e-06	3.132412e-09	1.062170e+01	1.860525e+02
2.650000e-06	1.386570e-06	3.056331e-09	9.861898e+00	1.804593e+02
2.660000e-06	1.279386e-06	2.957209e-09	9.099562e+00	1.747596e+02
2.670000e-06	1.171902e-06	2.840208e-09	8.335091e+00	1.689481e+02
2.680000e-06	1.064146e-06	2.744805e-09	7.568676e+00	1.630219e+02
2.690000e-06	9.562331e-07	2.662059e-09	6.801155e+00	1.569817e+02
2.700000e-06	8.482652e-07	2.557043e-09	6.033239e+00	1.508308e+02
2.710000e-06	7.401695e-07	2.431651e-09	5.264414e+00	1.445738e+02
2.720000e-06	6.318990e-07	2.323557e-09	4.494346e+00	1.382155e+02
2.730000e-06	5.235609e-07	2.232184e-09	3.723797e+00	1.317587e+02
2.740000e-06	4.152080e-07	2.121077e-09	2.953144e+00	1.252034e+02
2.750000e-06	3.067862e-07	1.991743e-09	2.182000e+00	1.185474e+02
2.760000e-06	1.982540e-07	1.873982e-09	1.410070e+00	1.117863e+02
2.770000e-06	8.963794e-08	1.772333e-09	6.375449e-01	1.049151e+02
2.780000e-06	-1.893857e-08	1.657010e-09	-1.346995e-01	9.792988e+01
2.790000e-06	-1.274864e-07	1.523727e-09	-9.067396e-01	9.082816e+01
2.800000e-06	-2.359989e-07	1.401605e-09	-1.678529e+00	8.360984e+01
2.810000e-06	-3.444618e-07	1.294277e-09	-2.449965e+00	7.627697e+01
2.820000e-06	-4.528566e-07	1.171755e-09	-3.220918e+00	6.883346e+01
2.830000e-06	-5.611552e-07	1.028547e-09	-3.991185e+00	6.128491e+01
2.840000e-06	-6.693191e-07	8.920476e-10	-4.760495e+00	5.363882e+01
2.850000e-06	-7.773272e-07	7.735639e-10	-5.528696e+00	4.590519e+01
2.860000e-06	-8.851993e-07	6.475029e-10	-6.295930e+00	3.809743e+01
2.870000e-06	-9.929144e-07	5.035558e-10	-7.062048e+00	3.023308e+01
2.880000e-06	-1.100511e-06	3.654514e-10	-7.827322e+00	2.233375e+01
2.890000e-06	-1.207896e-06	2.442150e-10	-8.591096e+00	1.442415e+01
2.900000e-06	-1.314976e-06	1.164771e-10	-9.352693e+00	6.529840e+00
2.910000e-06	-1.421693e-06	-2.898796e-11	-1.011171e+01	-1.325658e+00
2.920000e-06	-1.528016e-06	-1.684616e-10	-1.086793e+01	-9.123965e+00
2.930000e-06	-1.633967e-06	-2.889630e-10	-1.162150e+01	-1.685420e+01
2.940000e-06	-1.739455e-06	-4.108628e-10	-1.237178e+01	-2.451389e+01
2.950000e-06	-1.844436e-06	-5.493337e-10	-1.311845e+01	-3.210803e+01
2.960000e-06	-1.949008e-06	-6.843043e-10	-1.386221e+01	-3.964648e+01
2.970000e-06	-2.053078e-06	-8.029203e-10	-1.460240e+01	-4.714018e+01
2.980000e-06	-2.156482e-06	-9.232007e-10	-1.533786e+01	-5.459732e+01
2.990000e-06	-2.259087e-06	-1.055974e-09	-1.606763e+01	-6.202045e+01
3.000000e-06	-2.360813e-06	-1.184256e-09	-1.679115e+01	-6.940531e+01
3.010000e-06	-2.461726e-06	-1.298060e-09	-1.750889e+01	-7.674174e+01
3.020000e-06	-2.561937e-06	-1.413969e-09	-1.822164e+01	-8.401639e+01
3.030000e-06	-2.661518e-06	-1.544977e-09	-1.892990e+01	-9.121629e+01
3.040000e-06	-2.760318e-06	-1.675001e-09	-1.963261e+01	-9.833229e+01
3.050000e-06	-2.858255e-06	-1.789013e-09	-2.032918e+01	-1.053612e+02
3.060000e-06	-2.955381e-06	-1.898663e-09	-2.101998e+01	-1.123062e+02
3.070000e-06	-3.051746e-06	-2.018333e-09	-2.170538e+01	-1.191748e+02
3.080000e-06	-3.147315e-06	-2.138615e-09	-2.238510e+01	-1.259764e+02
3.090000e-06	-3.241931e-06	-2.246364e-09	-2.305805e+01	-1.327179e+02
3.100000e-06	-3.335484e-06	-2.351433e-09	-2.372344e+01	-1.394017e+02
3.110000e-06	-3.427964e-06	-2.468540e-09	-2.438120e+01	-1.460241e+02
3.120000e-06	-3.519353e-06	-2.588286e-09	-2.503121e+01	-1.525762e+02
3.130000e-06	-3.609742e-06	-2.695297e-09	-2.567409e+01	-1.590464e+02
3.140000e-06	-3.699195e-06	-2.798119e-09	-2.631032e+01	-1.654239e+02
3.150000e-06	-3.787680e-06	-2.907682e-09	-2.693966e+01	-1.717016e+02
3.160000e-06	-3.875211e-06	-3.016843e-09	-2.756222e+01	-1.778786e+02
3.170000e-06	-3.961573e-06	-3.116359e-09	-2.817647e+01	-1.839593e+02
3.180000e-06	-4.046666e-06	-3.209769e-09	-2.878169e+01	-1.899525e+02
3.190000e-06	-4.130670e-06	-3.309062e-09	-2.937916e+01	-1.958673e+02
3.200000e-06	-4.213613e-06	-3.413308e-09	-2.996909e+01	-2.017102e+02
3.210000e-06	-4.295483e-06	-3.510014e-09	-3.055139e+01	-2.074822e+02
3.220000e-06	-4.376229e-06	-3.601123e-09	-3.112568e+01	-2.131777e+02
3.230000e-06	-4.455838e-06	-3.697735e-09	-3.169190e+01	-2.187858e+02
3.240000e-06	-4.534094e-06	-3.797359e-09	-3.224849e+01	-2.242933e+02
3.250000e-06	-4.610854e-06	-3.887256e-09	-3.279444e+01	-2.296879e+02
3.260000e-06	-4.686187e-06	-3.968099e-09	-3.333024e+01	-2.349624e+02
3.270000e-06	-4.760100e-06	-4.053154e-09	-3.385595e+01	-2.401159e+02
3.280000e-06	-4.832770e-06	-4.141420e-09	-3.437281e+01	-2.451545e+02
3.290000e-06	-4.904160e-06	-4.223344e-09	-3.488057e+01	-2.500893e+02
3.300000e-06	-4.973968e-06	-4.299194e-09	-3.537707e+01	-2.549327e+02
3.310000e-06	-5.042233e-06	-4.379807e-09	-3.586260e+01	-2.596950e+02
3.320000e-06	-5.109159e-06	-4.463680e-09	-3.633861e+01	-2.643810e+02
3.330000e-06	-5.174707e-06	-4.540212e-09	-3.680481e+01	-2.689886e+02
3.340000e-06	-5.238876e-06	-4.611876e-09	-3.726122e+01	-2.735094e+02
3.350000e-06	-5.301509e-06	-4.686358e-09	-3.770668e+01	-2.779307e+02
3.360000e-06	-5.362416e-06	-4.762887e-09	-3.813988e+01	-2.822391e+02
3.370000e-06	-5.421736e-06	-4.833440e-09	-3.856180e+01	-2.864235e+02
3.380000e-06	-5.479608e-06	-4.897519e-09	-3.897341e+01	-2.904778e+02
3.390000e-06	-5.536029e-06	-4.961620e-09	-3.937470e+01	-2.944018e+02
3.400000e-06	-5.590759e-06	-5.028128e-09	-3.976396e+01	-2.982007e+02
3.410000e-06	-5.643490e-06	-5.092355e-09	-4.013901e+01	-3.018827e+02
3.420000e-06	-5.694299e-06	-5.150517e-09	-4.050038e+01	-3.054565e+02
3.430000e-06	-5.743157e-06	-5.206902e-09	-4.084788e+01	-3.089293e+02
3.440000e-06	-5.790084e-06	-5.265512e-09	-4.118165e+01	-3.123046e+02
3.450000e-06	-5.835462e-06	-5.323175e-09	-4.150440e+01	-3.155825e+02
3.460000e-06	-5.879448e-06	-5.374181e-09	-4.181725e+01	-3.187600e+02
3.470000e-06	-5.921998e-06	-5.420402e-09	-4.211988e+01	-3.218327e+02
3.480000e-06	-5.963103e-06	-5.470319e-09	-4.241224e+01	-3.247960e+02
3.490000e-06	-6.002670e-06	-5.520528e-09	-4.269366e+01	-3.276469e+02
3.500000e-06	-6.040448e-06	-5.565952e-09	-4.296235e+01	-3.303842e+02
3.510000e-06	-6.076375e-06	-5.608952e-09	-4.321788e+01	-3.330085e+02
3.520000e-06	-6.110613e-06	-5.654677e-09	-4.346140e+01	-3.355218e+02
3.530000e-06	-6.143285e-06	-5.698483e-09	-4.369377e+01	-3.379267e+02
3.540000e-06	-6.174254e-06	-5.733335e-09	-4.391404e+01	-3.402261e+02
3.550000e-06	-6.203306e-06	-5.765143e-09	-4.412067e+01	-3.424228e+02
3.560000e-06	-6.230627e-06	-5.799430e-09	-4.431499e+01	-3.445199e+02
3.570000e-06	-6.256346e-06	-5.834467e-09	-4.449791e+01	-3.465206e+02
3.580000e-06	-6.280414e-06	-5.865933e-09	-4.466910e+01	-3.484285e+02
3.590000e-06	-6.302634e-06	-5.896596e-09	-4.482713e+01	-3.502466e+02
3.600000e-06	-6.322945e-06	-5.930819e-09	-4.497159e+01	-3.519775e+02
3.610000e-06	-6.341579e-06	-5.963462e-09	-4.510412e+01	-3.536216e+02
3.620000e-06	-6.358599e-06	-5.988626e-09	-4.522518e+01	-3.551775e+02
3.630000e-06	-6.373820e-06	-6.009235e-09	-4.533344e+01	-3.566418e+02
3.640000e-06	-6.386899e-06	-6.029799e-09	-4.542646e+01	-3.580099e+02
3.650000e-06	-6.397938e-06	-6.051257e-09	-4.550498e+01	-3.592779e+02
3.660000e-06	-6.407233e-06	-6.071795e-09	-4.557108e+01	-3.604436e+02
3.670000e-06	-6.414780e-06	-6.091015e-09	-4.562477e+01	-3.615088e+02
3.680000e-06	-6.420385e-06	-6.109290e-09	-4.566463e+01	-3.624786e+02
3.690000e-06	-6.424104e-06	-6.125779e-09	-4.569108e+01	-3.633611e+02
3.700000e-06	-6.426107e-06	-6.141698e-09	-4.570533e+01	-3.641656e+02
3.710000e-06	-6.426400e-06	-6.153552e-09	-4.570741e+01	-3.648996e+02
