# Temperatura_=_20.0
# Concentracion g/m^3_=_12000.0
# C_Vs_to_Am_M_A/Vsm_=_59384043850.047264
# pendiente_HvsI_1/m_=_3716.3
# ordenada_HvsI_A/m_=_1297.0
# frecuencia_Hz_=_175571.18164130824

Tiempo_(s)	Campo_(V.s)	Magnetizacion_(V.s)	Campo_(kA/m)	Magnetizacion_(A/m)
0.000000e+00	-3.469639e-06	-1.002227e-08	-2.356311e+01	-5.956245e+02
1.000000e-08	-3.469578e-06	-1.002416e-08	-2.356269e+01	-5.956179e+02
2.000000e-08	-3.469237e-06	-1.002277e-08	-2.356038e+01	-5.955698e+02
3.000000e-08	-3.468655e-06	-1.001753e-08	-2.355642e+01	-5.954897e+02
4.000000e-08	-3.467838e-06	-1.001298e-08	-2.355087e+01	-5.953868e+02
5.000000e-08	-3.466566e-06	-1.001497e-08	-2.354224e+01	-5.952686e+02
6.000000e-08	-3.464683e-06	-1.003527e-08	-2.352945e+01	-5.951400e+02
7.000000e-08	-3.462159e-06	-1.004441e-08	-2.351231e+01	-5.950030e+02
8.000000e-08	-3.458939e-06	-9.975776e-09	-2.349044e+01	-5.948563e+02
9.000000e-08	-3.455123e-06	-9.882214e-09	-2.346452e+01	-5.946956e+02
1.000000e-07	-3.450904e-06	-9.939811e-09	-2.343587e+01	-5.945143e+02
1.100000e-07	-3.446410e-06	-1.012445e-08	-2.340535e+01	-5.943045e+02
1.200000e-07	-3.441736e-06	-1.007230e-08	-2.337361e+01	-5.940576e+02
1.300000e-07	-3.436796e-06	-9.887417e-09	-2.334006e+01	-5.937659e+02
1.400000e-07	-3.431404e-06	-9.917076e-09	-2.330345e+01	-5.934236e+02
1.500000e-07	-3.425572e-06	-1.007180e-08	-2.326384e+01	-5.930272e+02
1.600000e-07	-3.419375e-06	-9.989448e-09	-2.322175e+01	-5.925758e+02
1.700000e-07	-3.412671e-06	-9.790677e-09	-2.317622e+01	-5.920716e+02
1.800000e-07	-3.405534e-06	-9.866151e-09	-2.312776e+01	-5.915188e+02
1.900000e-07	-3.398122e-06	-9.934193e-09	-2.307741e+01	-5.909233e+02
2.000000e-07	-3.390295e-06	-9.916751e-09	-2.302426e+01	-5.902914e+02
2.100000e-07	-3.382050e-06	-9.910220e-09	-2.296827e+01	-5.896290e+02
2.200000e-07	-3.373541e-06	-9.831099e-09	-2.291048e+01	-5.889406e+02
2.300000e-07	-3.364739e-06	-9.758769e-09	-2.285071e+01	-5.882283e+02
2.400000e-07	-3.355441e-06	-9.883717e-09	-2.278756e+01	-5.874913e+02
2.500000e-07	-3.345678e-06	-9.961679e-09	-2.272126e+01	-5.867264e+02
2.600000e-07	-3.335537e-06	-9.729516e-09	-2.265238e+01	-5.859278e+02
2.700000e-07	-3.324695e-06	-9.674272e-09	-2.257875e+01	-5.850878e+02
2.800000e-07	-3.313012e-06	-9.920354e-09	-2.249941e+01	-5.841981e+02
2.900000e-07	-3.300859e-06	-9.882260e-09	-2.241688e+01	-5.832508e+02
3.000000e-07	-3.288410e-06	-9.617210e-09	-2.233234e+01	-5.822391e+02
3.100000e-07	-3.275587e-06	-9.645581e-09	-2.224525e+01	-5.811589e+02
3.200000e-07	-3.262285e-06	-9.823264e-09	-2.215492e+01	-5.800088e+02
3.300000e-07	-3.248509e-06	-9.759386e-09	-2.206136e+01	-5.787907e+02
3.400000e-07	-3.234389e-06	-9.597130e-09	-2.196547e+01	-5.775095e+02
3.500000e-07	-3.219942e-06	-9.617817e-09	-2.186736e+01	-5.761726e+02
3.600000e-07	-3.204929e-06	-9.704972e-09	-2.176540e+01	-5.747891e+02
3.700000e-07	-3.189330e-06	-9.659028e-09	-2.165946e+01	-5.733685e+02
3.800000e-07	-3.173325e-06	-9.530458e-09	-2.155077e+01	-5.719196e+02
3.900000e-07	-3.156786e-06	-9.523173e-09	-2.143845e+01	-5.704498e+02
4.000000e-07	-3.139769e-06	-9.589221e-09	-2.132288e+01	-5.689636e+02
4.100000e-07	-3.122428e-06	-9.552377e-09	-2.120512e+01	-5.674626e+02
4.200000e-07	-3.104766e-06	-9.461672e-09	-2.108517e+01	-5.659452e+02
4.300000e-07	-3.086771e-06	-9.439481e-09	-2.096296e+01	-5.644067e+02
4.400000e-07	-3.068451e-06	-9.459132e-09	-2.083854e+01	-5.628404e+02
4.500000e-07	-3.049772e-06	-9.445146e-09	-2.071170e+01	-5.612377e+02
4.600000e-07	-3.030684e-06	-9.374889e-09	-2.058206e+01	-5.595900e+02
4.700000e-07	-3.011112e-06	-9.326720e-09	-2.044914e+01	-5.578893e+02
4.800000e-07	-2.991105e-06	-9.349615e-09	-2.031327e+01	-5.561293e+02
4.900000e-07	-2.970876e-06	-9.341520e-09	-2.017589e+01	-5.543057e+02
5.000000e-07	-2.950506e-06	-9.257567e-09	-2.003756e+01	-5.524173e+02
5.100000e-07	-2.929942e-06	-9.207351e-09	-1.989790e+01	-5.504654e+02
5.200000e-07	-2.909148e-06	-9.219565e-09	-1.975669e+01	-5.484537e+02
5.300000e-07	-2.888029e-06	-9.200562e-09	-1.961326e+01	-5.463877e+02
5.400000e-07	-2.866501e-06	-9.124427e-09	-1.946706e+01	-5.442739e+02
5.500000e-07	-2.844661e-06	-9.069265e-09	-1.931874e+01	-5.421187e+02
5.600000e-07	-2.822537e-06	-9.076116e-09	-1.916849e+01	-5.399278e+02
5.700000e-07	-2.800103e-06	-9.064185e-09	-1.901614e+01	-5.377055e+02
5.800000e-07	-2.777360e-06	-8.989433e-09	-1.886168e+01	-5.354538e+02
5.900000e-07	-2.754235e-06	-8.929016e-09	-1.870463e+01	-5.331730e+02
6.000000e-07	-2.730702e-06	-8.929988e-09	-1.854481e+01	-5.308608e+02
6.100000e-07	-2.706813e-06	-8.907156e-09	-1.838258e+01	-5.285136e+02
6.200000e-07	-2.682624e-06	-8.825695e-09	-1.821831e+01	-5.261267e+02
6.300000e-07	-2.658241e-06	-8.766183e-09	-1.805272e+01	-5.236947e+02
6.400000e-07	-2.633699e-06	-8.764756e-09	-1.788605e+01	-5.212126e+02
6.500000e-07	-2.608958e-06	-8.742428e-09	-1.771803e+01	-5.186762e+02
6.600000e-07	-2.583868e-06	-8.670878e-09	-1.754763e+01	-5.160825e+02
6.700000e-07	-2.558384e-06	-8.609933e-09	-1.737456e+01	-5.134302e+02
6.800000e-07	-2.532491e-06	-8.592646e-09	-1.719872e+01	-5.107190e+02
6.900000e-07	-2.506028e-06	-8.560720e-09	-1.701900e+01	-5.079503e+02
7.000000e-07	-2.478963e-06	-8.486581e-09	-1.683520e+01	-5.051261e+02
7.100000e-07	-2.451465e-06	-8.421338e-09	-1.664845e+01	-5.022487e+02
7.200000e-07	-2.423684e-06	-8.395275e-09	-1.645979e+01	-4.993203e+02
7.300000e-07	-2.395631e-06	-8.365913e-09	-1.626927e+01	-4.963427e+02
7.400000e-07	-2.367369e-06	-8.295378e-09	-1.607734e+01	-4.933166e+02
7.500000e-07	-2.338964e-06	-8.223979e-09	-1.588444e+01	-4.902419e+02
7.600000e-07	-2.310441e-06	-8.188480e-09	-1.569073e+01	-4.871173e+02
7.700000e-07	-2.281720e-06	-8.153300e-09	-1.549568e+01	-4.839409e+02
7.800000e-07	-2.252753e-06	-8.082315e-09	-1.529896e+01	-4.807103e+02
7.900000e-07	-2.223484e-06	-8.011544e-09	-1.510018e+01	-4.774230e+02
8.000000e-07	-2.193910e-06	-7.970473e-09	-1.489934e+01	-4.740768e+02
8.100000e-07	-2.164054e-06	-7.932308e-09	-1.469658e+01	-4.706701e+02
8.200000e-07	-2.133892e-06	-7.859108e-09	-1.449175e+01	-4.672022e+02
8.300000e-07	-2.103519e-06	-7.780717e-09	-1.428548e+01	-4.636730e+02
8.400000e-07	-2.072996e-06	-7.731312e-09	-1.407819e+01	-4.600833e+02
8.500000e-07	-2.042262e-06	-7.688113e-09	-1.386947e+01	-4.564341e+02
8.600000e-07	-2.011272e-06	-7.617058e-09	-1.365901e+01	-4.527268e+02
8.700000e-07	-1.980026e-06	-7.540567e-09	-1.344680e+01	-4.489623e+02
8.800000e-07	-1.948537e-06	-7.487188e-09	-1.323295e+01	-4.451409e+02
8.900000e-07	-1.916853e-06	-7.437645e-09	-1.301778e+01	-4.412622e+02
9.000000e-07	-1.884947e-06	-7.364532e-09	-1.280110e+01	-4.373248e+02
9.100000e-07	-1.852847e-06	-7.281783e-09	-1.258310e+01	-4.333261e+02
9.200000e-07	-1.820583e-06	-7.219963e-09	-1.236399e+01	-4.292631e+02
9.300000e-07	-1.788169e-06	-7.167196e-09	-1.214386e+01	-4.251321e+02
9.400000e-07	-1.755639e-06	-7.092853e-09	-1.192294e+01	-4.209296e+02
9.500000e-07	-1.722983e-06	-7.006551e-09	-1.170117e+01	-4.166522e+02
9.600000e-07	-1.690217e-06	-6.937800e-09	-1.147865e+01	-4.122975e+02
9.700000e-07	-1.657230e-06	-6.878324e-09	-1.125462e+01	-4.078640e+02
9.800000e-07	-1.623892e-06	-6.801072e-09	-1.102822e+01	-4.033514e+02
9.900000e-07	-1.590292e-06	-6.710436e-09	-1.080003e+01	-3.987604e+02
1.000000e-06	-1.556457e-06	-6.634912e-09	-1.057025e+01	-3.940927e+02
1.010000e-06	-1.522329e-06	-6.569127e-09	-1.033848e+01	-3.893504e+02
1.020000e-06	-1.487851e-06	-6.488345e-09	-1.010434e+01	-3.845359e+02
1.030000e-06	-1.452997e-06	-6.395472e-09	-9.867631e+00	-3.796510e+02
1.040000e-06	-1.417810e-06	-6.313395e-09	-9.628668e+00	-3.746968e+02
1.050000e-06	-1.382353e-06	-6.240684e-09	-9.387871e+00	-3.696733e+02
1.060000e-06	-1.346672e-06	-6.156400e-09	-9.145554e+00	-3.645792e+02
1.070000e-06	-1.310762e-06	-6.059626e-09	-8.901679e+00	-3.594119e+02
1.080000e-06	-1.274705e-06	-5.969533e-09	-8.656811e+00	-3.541674e+02
1.090000e-06	-1.238569e-06	-5.886832e-09	-8.411406e+00	-3.488414e+02
1.100000e-06	-1.202325e-06	-5.795354e-09	-8.165260e+00	-3.434287e+02
1.110000e-06	-1.166000e-06	-5.696033e-09	-7.918567e+00	-3.379243e+02
1.120000e-06	-1.129611e-06	-5.602808e-09	-7.671442e+00	-3.323239e+02
1.130000e-06	-1.093154e-06	-5.516748e-09	-7.423857e+00	-3.266238e+02
1.140000e-06	-1.056607e-06	-5.421572e-09	-7.175658e+00	-3.208214e+02
1.150000e-06	-1.020005e-06	-5.314560e-09	-6.927086e+00	-3.149153e+02
1.160000e-06	-9.833857e-07	-5.211315e-09	-6.678395e+00	-3.089050e+02
1.170000e-06	-9.467104e-07	-5.113920e-09	-6.429325e+00	-3.027908e+02
1.180000e-06	-9.099485e-07	-5.009987e-09	-6.179667e+00	-2.965733e+02
1.190000e-06	-8.730927e-07	-4.898985e-09	-5.929370e+00	-2.902531e+02
1.200000e-06	-8.361636e-07	-4.791659e-09	-5.678577e+00	-2.838303e+02
1.210000e-06	-7.990942e-07	-4.688456e-09	-5.426830e+00	-2.773042e+02
1.220000e-06	-7.618828e-07	-4.578932e-09	-5.174119e+00	-2.706731e+02
1.230000e-06	-7.245613e-07	-4.457632e-09	-4.920660e+00	-2.639340e+02
1.240000e-06	-6.871669e-07	-4.337476e-09	-4.666706e+00	-2.570831e+02
1.250000e-06	-6.497604e-07	-4.225221e-09	-4.412670e+00	-2.501156e+02
1.260000e-06	-6.122428e-07	-4.108849e-09	-4.157880e+00	-2.430262e+02
1.270000e-06	-5.745732e-07	-3.986650e-09	-3.902057e+00	-2.358094e+02
1.280000e-06	-5.367720e-07	-3.864096e-09	-3.645340e+00	-2.284598e+02
1.290000e-06	-4.989009e-07	-3.743560e-09	-3.388149e+00	-2.209728e+02
1.300000e-06	-4.609891e-07	-3.617758e-09	-3.130681e+00	-2.133440e+02
1.310000e-06	-4.230080e-07	-3.483626e-09	-2.872743e+00	-2.055702e+02
1.320000e-06	-3.850025e-07	-3.346374e-09	-2.614640e+00	-1.976487e+02
1.330000e-06	-3.470077e-07	-3.210174e-09	-2.356608e+00	-1.895774e+02
1.340000e-06	-3.090015e-07	-3.073260e-09	-2.098499e+00	-1.813547e+02
1.350000e-06	-2.709389e-07	-2.931998e-09	-1.840007e+00	-1.729791e+02
1.360000e-06	-2.328036e-07	-2.788347e-09	-1.581022e+00	-1.644493e+02
1.370000e-06	-1.946139e-07	-2.644411e-09	-1.321667e+00	-1.557637e+02
1.380000e-06	-1.563871e-07	-2.497545e-09	-1.062060e+00	-1.469207e+02
1.390000e-06	-1.181477e-07	-2.342140e-09	-8.023679e-01	-1.379188e+02
1.400000e-06	-7.988226e-08	-2.186309e-09	-5.424985e-01	-1.287568e+02
1.410000e-06	-4.157344e-08	-2.031341e-09	-2.823347e-01	-1.194345e+02
1.420000e-06	-3.271838e-09	-1.873695e-09	-2.221980e-02	-1.099526e+02
1.430000e-06	3.495183e-08	-1.709382e-09	2.373658e-01	-1.003135e+02
1.440000e-06	7.313814e-08	-1.542027e-09	4.966977e-01	-9.052165e+01
1.450000e-06	1.113759e-07	-1.376343e-09	7.563789e-01	-8.058368e+01
1.460000e-06	1.496149e-07	-1.208290e-09	1.016068e+00	-7.050849e+01
1.470000e-06	1.878110e-07	-1.034967e-09	1.275467e+00	-6.030719e+01
1.480000e-06	2.260116e-07	-8.604063e-10	1.534896e+00	-4.999276e+01
1.490000e-06	2.641962e-07	-6.888414e-10	1.794217e+00	-3.957964e+01
1.500000e-06	3.022564e-07	-5.150056e-10	2.052692e+00	-2.908320e+01
1.510000e-06	3.402933e-07	-3.347865e-10	2.311009e+00	-1.851909e+01
1.520000e-06	3.783615e-07	-1.509225e-10	2.569539e+00	-7.902748e+00
1.530000e-06	4.163405e-07	3.032918e-11	2.827462e+00	2.751121e+00
1.540000e-06	4.542453e-07	2.097210e-10	3.084883e+00	1.342885e+01
1.550000e-06	4.920878e-07	3.912329e-10	3.341880e+00	2.411795e+01
1.560000e-06	5.298927e-07	5.731878e-10	3.598622e+00	3.480714e+01
1.570000e-06	5.676654e-07	7.501206e-10	3.855145e+00	4.548610e+01
1.580000e-06	6.052830e-07	9.260189e-10	4.110614e+00	5.614522e+01
1.590000e-06	6.428339e-07	1.105255e-09	4.365631e+00	6.677522e+01
1.600000e-06	6.803478e-07	1.287124e-09	4.620396e+00	7.736677e+01
1.610000e-06	7.176571e-07	1.466308e-09	4.873772e+00	8.791024e+01
1.620000e-06	7.548299e-07	1.644030e-09	5.126221e+00	9.839548e+01
1.630000e-06	7.919415e-07	1.822641e-09	5.378254e+00	1.088118e+02
1.640000e-06	8.289945e-07	1.996895e-09	5.629890e+00	1.191481e+02
1.650000e-06	8.659557e-07	2.165718e-09	5.880901e+00	1.293933e+02
1.660000e-06	9.027619e-07	2.330681e-09	6.130861e+00	1.395363e+02
1.670000e-06	9.395050e-07	2.496182e-09	6.380391e+00	1.495670e+02
1.680000e-06	9.761675e-07	2.662810e-09	6.629375e+00	1.594762e+02
1.690000e-06	1.012746e-06	2.828223e-09	6.877785e+00	1.692563e+02
1.700000e-06	1.049301e-06	2.991781e-09	7.126042e+00	1.789016e+02
1.710000e-06	1.085789e-06	3.153813e-09	7.373842e+00	1.884079e+02
1.720000e-06	1.122224e-06	3.312575e-09	7.621279e+00	1.977731e+02
1.730000e-06	1.158638e-06	3.465933e-09	7.868572e+00	2.069963e+02
1.740000e-06	1.194999e-06	3.615012e-09	8.115513e+00	2.160780e+02
1.750000e-06	1.231275e-06	3.762073e-09	8.361865e+00	2.250194e+02
1.760000e-06	1.267422e-06	3.910267e-09	8.607348e+00	2.338219e+02
1.770000e-06	1.303449e-06	4.057058e-09	8.852018e+00	2.424867e+02
1.780000e-06	1.339336e-06	4.200269e-09	9.095736e+00	2.510146e+02
1.790000e-06	1.374995e-06	4.341154e-09	9.337901e+00	2.594060e+02
1.800000e-06	1.410414e-06	4.479684e-09	9.578439e+00	2.676601e+02
1.810000e-06	1.445593e-06	4.615137e-09	9.817353e+00	2.757759e+02
1.820000e-06	1.480499e-06	4.748185e-09	1.005440e+01	2.837519e+02
1.830000e-06	1.515001e-06	4.879983e-09	1.028871e+01	2.915864e+02
1.840000e-06	1.549112e-06	5.010764e-09	1.052037e+01	2.992780e+02
1.850000e-06	1.582893e-06	5.140711e-09	1.074978e+01	3.068255e+02
1.860000e-06	1.616367e-06	5.266559e-09	1.097712e+01	3.142288e+02
1.870000e-06	1.649630e-06	5.388340e-09	1.120301e+01	3.214879e+02
1.880000e-06	1.682639e-06	5.507285e-09	1.142718e+01	3.286041e+02
1.890000e-06	1.715400e-06	5.624049e-09	1.164967e+01	3.355788e+02
1.900000e-06	1.748015e-06	5.738452e-09	1.187117e+01	3.424140e+02
1.910000e-06	1.780505e-06	5.850697e-09	1.209181e+01	3.491117e+02
1.920000e-06	1.812927e-06	5.962518e-09	1.231200e+01	3.556740e+02
1.930000e-06	1.845269e-06	6.072965e-09	1.253164e+01	3.621023e+02
1.940000e-06	1.877476e-06	6.181365e-09	1.275037e+01	3.683978e+02
1.950000e-06	1.909492e-06	6.286052e-09	1.296780e+01	3.745613e+02
1.960000e-06	1.941215e-06	6.387073e-09	1.318323e+01	3.805933e+02
1.970000e-06	1.972685e-06	6.484543e-09	1.339695e+01	3.864940e+02
1.980000e-06	2.003890e-06	6.579745e-09	1.360887e+01	3.922642e+02
1.990000e-06	2.034819e-06	6.674756e-09	1.381891e+01	3.979048e+02
2.000000e-06	2.065523e-06	6.768879e-09	1.402744e+01	4.034176e+02
2.010000e-06	2.096000e-06	6.860731e-09	1.423441e+01	4.088053e+02
2.020000e-06	2.126257e-06	6.951745e-09	1.443989e+01	4.140714e+02
2.030000e-06	2.156296e-06	7.040570e-09	1.464389e+01	4.192204e+02
2.040000e-06	2.186134e-06	7.126562e-09	1.484653e+01	4.242574e+02
2.050000e-06	2.215771e-06	7.210532e-09	1.504781e+01	4.291875e+02
2.060000e-06	2.245078e-06	7.291517e-09	1.524683e+01	4.340163e+02
2.070000e-06	2.274052e-06	7.370157e-09	1.544361e+01	4.387483e+02
2.080000e-06	2.302810e-06	7.447733e-09	1.563890e+01	4.433875e+02
2.090000e-06	2.331411e-06	7.522277e-09	1.583314e+01	4.479367e+02
2.100000e-06	2.359912e-06	7.596211e-09	1.602669e+01	4.523977e+02
2.110000e-06	2.388270e-06	7.670899e-09	1.621928e+01	4.567709e+02
2.120000e-06	2.416420e-06	7.743518e-09	1.641046e+01	4.610559e+02
2.130000e-06	2.444304e-06	7.816321e-09	1.659982e+01	4.652517e+02
2.140000e-06	2.471894e-06	7.886698e-09	1.678719e+01	4.693572e+02
2.150000e-06	2.498999e-06	7.952901e-09	1.697127e+01	4.733714e+02
2.160000e-06	2.525489e-06	8.012998e-09	1.715117e+01	4.772942e+02
2.170000e-06	2.551459e-06	8.072220e-09	1.732754e+01	4.811262e+02
2.180000e-06	2.576936e-06	8.135158e-09	1.750056e+01	4.848692e+02
2.190000e-06	2.601992e-06	8.200359e-09	1.767072e+01	4.885260e+02
2.200000e-06	2.626747e-06	8.263658e-09	1.783883e+01	4.921000e+02
2.210000e-06	2.651280e-06	8.324403e-09	1.800544e+01	4.955952e+02
2.220000e-06	2.675621e-06	8.385296e-09	1.817075e+01	4.990157e+02
2.230000e-06	2.699701e-06	8.443259e-09	1.833428e+01	5.023647e+02
2.240000e-06	2.723435e-06	8.496994e-09	1.849546e+01	5.056451e+02
2.250000e-06	2.746796e-06	8.547605e-09	1.865412e+01	5.088580e+02
2.260000e-06	2.769796e-06	8.596975e-09	1.881031e+01	5.120037e+02
2.270000e-06	2.792495e-06	8.645926e-09	1.896447e+01	5.150810e+02
2.280000e-06	2.814942e-06	8.697074e-09	1.911691e+01	5.180878e+02
2.290000e-06	2.837110e-06	8.749088e-09	1.926745e+01	5.210214e+02
2.300000e-06	2.858923e-06	8.800959e-09	1.941560e+01	5.238793e+02
2.310000e-06	2.880410e-06	8.852538e-09	1.956151e+01	5.266592e+02
2.320000e-06	2.901602e-06	8.901793e-09	1.970544e+01	5.293602e+02
2.330000e-06	2.922388e-06	8.945609e-09	1.984660e+01	5.319825e+02
2.340000e-06	2.942908e-06	8.981872e-09	1.998596e+01	5.345282e+02
2.350000e-06	2.963324e-06	9.018817e-09	2.012461e+01	5.370006e+02
2.360000e-06	2.983557e-06	9.062557e-09	2.026202e+01	5.394045e+02
2.370000e-06	3.003470e-06	9.107043e-09	2.039725e+01	5.417454e+02
2.380000e-06	3.023003e-06	9.148869e-09	2.052990e+01	5.440292e+02
2.390000e-06	3.042165e-06	9.188660e-09	2.066003e+01	5.462610e+02
2.400000e-06	3.060853e-06	9.230248e-09	2.078695e+01	5.484451e+02
2.410000e-06	3.079042e-06	9.269371e-09	2.091048e+01	5.505842e+02
2.420000e-06	3.096939e-06	9.301225e-09	2.103201e+01	5.526792e+02
2.430000e-06	3.114578e-06	9.333733e-09	2.115181e+01	5.547292e+02
2.440000e-06	3.131864e-06	9.368459e-09	2.126920e+01	5.567316e+02
2.450000e-06	3.148871e-06	9.404337e-09	2.138469e+01	5.586828e+02
2.460000e-06	3.165486e-06	9.437896e-09	2.149753e+01	5.605783e+02
2.470000e-06	3.181498e-06	9.469096e-09	2.160628e+01	5.624141e+02
2.480000e-06	3.196938e-06	9.501208e-09	2.171113e+01	5.641870e+02
2.490000e-06	3.211935e-06	9.531944e-09	2.181298e+01	5.658950e+02
2.500000e-06	3.226531e-06	9.559860e-09	2.191211e+01	5.675381e+02
2.510000e-06	3.240811e-06	9.586374e-09	2.200908e+01	5.691180e+02
2.520000e-06	3.254779e-06	9.612737e-09	2.210394e+01	5.706383e+02
2.530000e-06	3.268259e-06	9.637918e-09	2.219549e+01	5.721040e+02
2.540000e-06	3.281300e-06	9.662157e-09	2.228405e+01	5.735204e+02
2.550000e-06	3.293998e-06	9.686975e-09	2.237029e+01	5.748934e+02
2.560000e-06	3.306347e-06	9.710684e-09	2.245415e+01	5.762275e+02
2.570000e-06	3.318332e-06	9.734697e-09	2.253555e+01	5.775264e+02
2.580000e-06	3.329834e-06	9.757118e-09	2.261366e+01	5.787917e+02
2.590000e-06	3.340649e-06	9.776303e-09	2.268711e+01	5.800228e+02
2.600000e-06	3.350712e-06	9.794958e-09	2.275545e+01	5.812177e+02
2.610000e-06	3.360183e-06	9.812935e-09	2.281977e+01	5.823723e+02
2.620000e-06	3.369218e-06	9.830546e-09	2.288112e+01	5.834820e+02
2.630000e-06	3.377933e-06	9.847735e-09	2.294031e+01	5.845421e+02
2.640000e-06	3.386413e-06	9.866727e-09	2.299790e+01	5.855482e+02
2.650000e-06	3.394692e-06	9.887626e-09	2.305412e+01	5.864976e+02
2.660000e-06	3.402622e-06	9.904332e-09	2.310797e+01	5.873892e+02
2.670000e-06	3.410013e-06	9.917152e-09	2.315817e+01	5.882245e+02
2.680000e-06	3.416944e-06	9.927281e-09	2.320524e+01	5.890065e+02
2.690000e-06	3.423550e-06	9.937840e-09	2.325010e+01	5.897402e+02
2.700000e-06	3.429733e-06	9.949877e-09	2.329209e+01	5.904318e+02
2.710000e-06	3.435447e-06	9.961405e-09	2.333090e+01	5.910872e+02
2.720000e-06	3.440775e-06	9.972637e-09	2.336708e+01	5.917122e+02
2.730000e-06	3.445737e-06	9.983901e-09	2.340078e+01	5.923108e+02
2.740000e-06	3.450393e-06	9.994790e-09	2.343240e+01	5.928847e+02
2.750000e-06	3.454813e-06	1.000241e-08	2.346242e+01	5.934334e+02
2.760000e-06	3.458972e-06	1.000994e-08	2.349066e+01	5.939538e+02
2.770000e-06	3.462865e-06	1.001821e-08	2.351710e+01	5.944404e+02
2.780000e-06	3.466273e-06	1.002666e-08	2.354024e+01	5.948865e+02
2.790000e-06	3.469008e-06	1.003327e-08	2.355882e+01	5.952845e+02
2.800000e-06	3.471059e-06	1.003793e-08	2.357275e+01	5.956273e+02
2.810000e-06	3.472360e-06	1.004355e-08	2.358158e+01	5.959093e+02
2.820000e-06	3.473177e-06	1.004770e-08	2.358714e+01	5.961271e+02
2.830000e-06	3.473782e-06	1.004944e-08	2.359124e+01	5.962802e+02
2.840000e-06	3.474177e-06	1.004944e-08	2.359392e+01	5.963709e+02
2.850000e-06	3.474306e-06	1.004907e-08	2.359480e+01	5.964049e+02
2.860000e-06	3.474032e-06	1.005141e-08	2.359294e+01	5.963899e+02
2.870000e-06	3.473243e-06	1.005336e-08	2.358758e+01	5.963351e+02
2.880000e-06	3.472062e-06	1.005263e-08	2.357956e+01	5.962502e+02
2.890000e-06	3.470556e-06	1.005026e-08	2.356933e+01	5.961439e+02
2.900000e-06	3.468709e-06	1.003003e-08	2.355679e+01	5.960235e+02
2.910000e-06	3.466515e-06	1.000373e-08	2.354189e+01	5.958933e+02
2.920000e-06	3.463888e-06	1.005817e-08	2.352405e+01	5.957547e+02
2.930000e-06	3.460865e-06	1.016699e-08	2.350352e+01	5.956058e+02
2.940000e-06	3.457496e-06	1.013301e-08	2.348064e+01	5.954419e+02
2.950000e-06	3.453742e-06	9.913152e-09	2.345514e+01	5.952560e+02
2.960000e-06	3.449748e-06	9.915913e-09	2.342802e+01	5.950398e+02
2.970000e-06	3.445624e-06	1.008706e-08	2.340001e+01	5.947851e+02
2.980000e-06	3.440995e-06	1.007233e-08	2.336858e+01	5.944844e+02
2.990000e-06	3.435423e-06	9.926948e-09	2.333074e+01	5.941322e+02
3.000000e-06	3.429117e-06	9.997043e-09	2.328791e+01	5.937255e+02
3.010000e-06	3.422461e-06	1.019338e-08	2.324271e+01	5.932640e+02
3.020000e-06	3.415404e-06	1.008882e-08	2.319478e+01	5.927503e+02
3.030000e-06	3.407973e-06	9.992781e-09	2.314432e+01	5.921891e+02
3.040000e-06	3.400371e-06	9.993173e-09	2.309269e+01	5.915863e+02
3.050000e-06	3.392513e-06	9.960593e-09	2.303932e+01	5.909483e+02
3.060000e-06	3.384077e-06	9.976886e-09	2.298203e+01	5.902809e+02
3.070000e-06	3.375119e-06	1.007407e-08	2.292120e+01	5.895879e+02
3.080000e-06	3.365926e-06	9.949021e-09	2.285877e+01	5.888711e+02
3.090000e-06	3.356413e-06	9.786351e-09	2.279416e+01	5.881293e+02
3.100000e-06	3.346399e-06	1.001078e-08	2.272615e+01	5.873587e+02
3.110000e-06	3.335897e-06	1.008155e-08	2.265483e+01	5.865529e+02
3.120000e-06	3.325083e-06	9.783689e-09	2.258139e+01	5.857043e+02
3.130000e-06	3.313913e-06	9.797567e-09	2.250553e+01	5.848044e+02
3.140000e-06	3.302205e-06	1.008244e-08	2.242602e+01	5.838455e+02
3.150000e-06	3.289936e-06	9.955898e-09	2.234270e+01	5.828213e+02
3.160000e-06	3.277273e-06	9.677144e-09	2.225670e+01	5.817280e+02
3.170000e-06	3.264063e-06	9.757154e-09	2.216699e+01	5.805650e+02
3.180000e-06	3.249954e-06	9.919115e-09	2.207118e+01	5.793346e+02
3.190000e-06	3.235186e-06	9.815431e-09	2.197088e+01	5.780424e+02
3.200000e-06	3.220093e-06	9.648906e-09	2.186838e+01	5.766961e+02
3.210000e-06	3.204800e-06	9.671010e-09	2.176453e+01	5.753049e+02
3.220000e-06	3.189269e-06	9.809055e-09	2.165905e+01	5.738784e+02
3.230000e-06	3.173447e-06	9.738058e-09	2.155160e+01	5.724252e+02
3.240000e-06	3.157293e-06	9.550873e-09	2.144189e+01	5.709521e+02
3.250000e-06	3.140756e-06	9.592572e-09	2.132958e+01	5.694631e+02
3.260000e-06	3.123765e-06	9.689186e-09	2.121420e+01	5.679593e+02
3.270000e-06	3.106390e-06	9.596349e-09	2.109620e+01	5.664384e+02
3.280000e-06	3.088778e-06	9.499483e-09	2.097659e+01	5.648954e+02
3.290000e-06	3.070790e-06	9.508026e-09	2.085443e+01	5.633229e+02
3.300000e-06	3.052320e-06	9.529163e-09	2.072900e+01	5.617125e+02
3.310000e-06	3.033494e-06	9.498573e-09	2.060115e+01	5.600555e+02
3.320000e-06	3.014384e-06	9.393917e-09	2.047137e+01	5.583441e+02
3.330000e-06	2.995073e-06	9.354615e-09	2.034022e+01	5.565724e+02
3.340000e-06	2.975609e-06	9.412545e-09	2.020803e+01	5.547368e+02
3.350000e-06	2.955953e-06	9.384684e-09	2.007455e+01	5.528363e+02
3.360000e-06	2.935993e-06	9.273395e-09	1.993900e+01	5.508729e+02
3.370000e-06	2.915642e-06	9.231229e-09	1.980079e+01	5.488506e+02
3.380000e-06	2.894772e-06	9.256028e-09	1.965906e+01	5.467752e+02
3.390000e-06	2.873188e-06	9.237866e-09	1.951247e+01	5.446532e+02
3.400000e-06	2.850917e-06	9.135725e-09	1.936122e+01	5.424909e+02
3.410000e-06	2.828128e-06	9.077687e-09	1.920646e+01	5.402940e+02
3.420000e-06	2.805041e-06	9.114067e-09	1.904967e+01	5.380661e+02
3.430000e-06	2.781762e-06	9.095272e-09	1.889157e+01	5.358090e+02
3.440000e-06	2.758288e-06	8.985390e-09	1.873216e+01	5.335225e+02
3.450000e-06	2.734623e-06	8.928960e-09	1.857145e+01	5.312042e+02
3.460000e-06	2.710745e-06	8.947671e-09	1.840928e+01	5.288500e+02
3.470000e-06	2.686534e-06	8.923517e-09	1.824486e+01	5.264551e+02
3.480000e-06	2.661925e-06	8.820468e-09	1.807774e+01	5.240141e+02
3.490000e-06	2.636982e-06	8.762206e-09	1.790834e+01	5.215221e+02
3.500000e-06	2.611756e-06	8.775183e-09	1.773703e+01	5.189752e+02
3.510000e-06	2.586230e-06	8.741868e-09	1.756367e+01	5.163707e+02
3.520000e-06	2.560454e-06	8.647752e-09	1.738862e+01	5.137073e+02
3.530000e-06	2.534384e-06	8.589326e-09	1.721158e+01	5.109853e+02
3.540000e-06	2.507932e-06	8.587859e-09	1.703194e+01	5.082060e+02
3.550000e-06	2.481100e-06	8.557409e-09	1.684971e+01	5.053717e+02
3.560000e-06	2.453919e-06	8.465321e-09	1.666512e+01	5.024846e+02
3.570000e-06	2.426573e-06	8.396575e-09	1.647941e+01	4.995469e+02
3.580000e-06	2.399146e-06	8.382735e-09	1.629314e+01	4.965602e+02
3.590000e-06	2.371605e-06	8.346272e-09	1.610611e+01	4.935251e+02
3.600000e-06	2.343872e-06	8.264865e-09	1.591777e+01	4.904412e+02
3.610000e-06	2.315858e-06	8.195961e-09	1.572752e+01	4.873071e+02
3.620000e-06	2.287465e-06	8.176079e-09	1.553469e+01	4.841208e+02
3.630000e-06	2.258689e-06	8.141485e-09	1.533927e+01	4.808798e+02
3.640000e-06	2.229450e-06	8.054435e-09	1.514070e+01	4.775816e+02
3.650000e-06	2.199681e-06	7.973534e-09	1.493853e+01	4.742242e+02
3.660000e-06	2.169504e-06	7.936674e-09	1.473360e+01	4.708061e+02
3.670000e-06	2.138982e-06	7.895069e-09	1.452631e+01	4.673268e+02
3.680000e-06	2.108127e-06	7.814313e-09	1.431677e+01	4.637862e+02
3.690000e-06	2.077005e-06	7.737330e-09	1.410541e+01	4.601853e+02
3.700000e-06	2.045695e-06	7.699642e-09	1.389278e+01	4.565251e+02
3.710000e-06	2.014248e-06	7.656255e-09	1.367921e+01	4.528071e+02
3.720000e-06	1.982694e-06	7.572820e-09	1.346492e+01	4.490319e+02
3.730000e-06	1.951043e-06	7.487204e-09	1.324997e+01	4.451999e+02
3.740000e-06	1.919226e-06	7.435966e-09	1.303390e+01	4.413104e+02
3.750000e-06	1.887151e-06	7.389115e-09	1.281607e+01	4.373618e+02
3.760000e-06	1.854774e-06	7.305642e-09	1.259619e+01	4.333513e+02
3.770000e-06	1.822185e-06	7.216545e-09	1.237487e+01	4.292759e+02
3.780000e-06	1.789384e-06	7.158809e-09	1.215211e+01	4.251318e+02
3.790000e-06	1.756312e-06	7.105398e-09	1.192751e+01	4.209155e+02
3.800000e-06	1.723046e-06	7.019308e-09	1.170160e+01	4.166238e+02
3.810000e-06	1.689679e-06	6.923534e-09	1.147499e+01	4.122545e+02
3.820000e-06	1.656185e-06	6.856404e-09	1.124753e+01	4.078062e+02
3.830000e-06	1.622441e-06	6.797654e-09	1.101837e+01	4.032788e+02
3.840000e-06	1.588425e-06	6.710432e-09	1.078735e+01	3.986733e+02
3.850000e-06	1.554239e-06	6.615542e-09	1.055519e+01	3.939915e+02
3.860000e-06	1.519908e-06	6.544615e-09	1.032204e+01	3.892356e+02
3.870000e-06	1.485357e-06	6.480897e-09	1.008740e+01	3.844078e+02
3.880000e-06	1.450563e-06	6.391126e-09	9.851103e+00	3.795099e+02
3.890000e-06	1.415522e-06	6.290747e-09	9.613129e+00	3.745428e+02
3.900000e-06	1.380328e-06	6.208900e-09	9.374120e+00	3.695063e+02
3.910000e-06	1.345075e-06	6.136635e-09	9.134707e+00	3.643987e+02
3.920000e-06	1.309755e-06	6.044176e-09	8.894840e+00	3.592173e+02
3.930000e-06	1.274365e-06	5.940051e-09	8.654503e+00	3.539579e+02
3.940000e-06	1.238896e-06	5.854471e-09	8.413622e+00	3.486160e+02
3.950000e-06	1.203344e-06	5.776897e-09	8.172185e+00	3.431866e+02
3.960000e-06	1.167767e-06	5.680213e-09	7.930572e+00	3.376646e+02
3.970000e-06	1.132123e-06	5.569478e-09	7.688501e+00	3.320457e+02
3.980000e-06	1.096404e-06	5.473201e-09	7.445927e+00	3.263266e+02
3.990000e-06	1.060602e-06	5.389272e-09	7.202787e+00	3.205049e+02
4.000000e-06	1.024588e-06	5.290220e-09	6.958209e+00	3.145793e+02
4.010000e-06	9.884212e-07	5.176212e-09	6.712592e+00	3.085496e+02
4.020000e-06	9.521370e-07	5.073419e-09	6.466179e+00	3.024160e+02
4.030000e-06	9.156720e-07	4.982204e-09	6.218536e+00	2.961793e+02
4.040000e-06	8.790027e-07	4.876687e-09	5.969507e+00	2.898399e+02
4.050000e-06	8.421759e-07	4.755310e-09	5.719407e+00	2.833979e+02
4.060000e-06	8.051111e-07	4.644610e-09	5.467692e+00	2.768523e+02
4.070000e-06	7.678272e-07	4.542225e-09	5.214489e+00	2.702012e+02
4.080000e-06	7.304714e-07	4.426634e-09	4.960797e+00	2.634415e+02
4.090000e-06	6.929984e-07	4.297794e-09	4.706309e+00	2.565692e+02
4.100000e-06	6.552973e-07	4.178235e-09	4.450273e+00	2.495793e+02
4.110000e-06	6.174117e-07	4.068398e-09	4.192983e+00	2.424664e+02
4.120000e-06	5.795324e-07	3.946631e-09	3.935736e+00	2.352252e+02
4.130000e-06	5.415120e-07	3.813731e-09	3.677531e+00	2.278502e+02
4.140000e-06	5.033285e-07	3.688671e-09	3.418218e+00	2.203370e+02
4.150000e-06	4.650529e-07	3.570252e-09	3.158280e+00	2.126813e+02
4.160000e-06	4.266187e-07	3.437780e-09	2.897264e+00	2.048800e+02
4.170000e-06	3.880453e-07	3.291898e-09	2.635304e+00	1.969305e+02
4.180000e-06	3.494347e-07	3.152637e-09	2.373090e+00	1.888310e+02
4.190000e-06	3.108764e-07	3.022764e-09	2.111232e+00	1.805798e+02
4.200000e-06	2.722693e-07	2.883988e-09	1.849042e+00	1.721755e+02
4.210000e-06	2.335690e-07	2.732460e-09	1.586220e+00	1.636166e+02
4.220000e-06	1.948889e-07	2.583915e-09	1.323534e+00	1.549017e+02
4.230000e-06	1.561438e-07	2.442567e-09	1.060408e+00	1.460290e+02
4.240000e-06	1.172865e-07	2.293185e-09	7.965190e-01	1.369972e+02
4.250000e-06	7.844765e-08	2.132365e-09	5.327558e-01	1.278052e+02
4.260000e-06	3.959924e-08	1.971260e-09	2.689274e-01	1.184529e+02
4.270000e-06	7.667330e-10	1.815263e-09	5.207058e-03	1.089413e+02
4.280000e-06	-3.805098e-08	1.653313e-09	-2.584128e-01	9.927325e+01
4.290000e-06	-7.688766e-08	1.482407e-09	-5.221615e-01	8.945348e+01
4.300000e-06	-1.157025e-07	1.311778e-09	-7.857617e-01	7.948908e+01
4.310000e-06	-1.544773e-07	1.146156e-09	-1.049090e+00	6.938938e+01
4.320000e-06	-1.932464e-07	9.788878e-10	-1.312380e+00	5.916586e+01
4.330000e-06	-2.320332e-07	8.035321e-10	-1.575790e+00	4.883184e+01
4.340000e-06	-2.707226e-07	6.260520e-10	-1.838539e+00	3.840196e+01
4.350000e-06	-3.093584e-07	4.523114e-10	-2.100923e+00	2.789168e+01
4.360000e-06	-3.480137e-07	2.782441e-10	-2.363440e+00	1.731666e+01
4.370000e-06	-3.866272e-07	9.545719e-11	-2.625673e+00	6.692229e+00
4.380000e-06	-4.251627e-07	-9.086288e-11	-2.887376e+00	-3.967077e+00
4.390000e-06	-4.635749e-07	-2.684074e-10	-3.148242e+00	-1.464780e+01
4.400000e-06	-5.018529e-07	-4.425799e-10	-3.408197e+00	-2.533771e+01
4.410000e-06	-5.400233e-07	-6.233306e-10	-3.667421e+00	-3.602569e+01
4.420000e-06	-5.781145e-07	-8.058146e-10	-3.926107e+00	-4.670161e+01
4.430000e-06	-6.160904e-07	-9.817873e-10	-4.184009e+00	-5.735593e+01
4.440000e-06	-6.538735e-07	-1.154989e-09	-4.440603e+00	-6.797939e+01
4.450000e-06	-6.914550e-07	-1.334466e-09	-4.695828e+00	-7.856264e+01
4.460000e-06	-7.288008e-07	-1.517108e-09	-4.949451e+00	-8.909593e+01
4.470000e-06	-7.659992e-07	-1.693742e-09	-5.202074e+00	-9.956904e+01
4.480000e-06	-8.031235e-07	-1.864993e-09	-5.454194e+00	-1.099712e+02
4.490000e-06	-8.400707e-07	-2.038480e-09	-5.705111e+00	-1.202912e+02
4.500000e-06	-8.768122e-07	-2.215347e-09	-5.954631e+00	-1.305180e+02
4.510000e-06	-9.133849e-07	-2.387625e-09	-6.203004e+00	-1.406407e+02
4.520000e-06	-9.497570e-07	-2.553082e-09	-6.450015e+00	-1.506492e+02
4.530000e-06	-9.859167e-07	-2.719806e-09	-6.695584e+00	-1.605347e+02
4.540000e-06	-1.021927e-06	-2.888528e-09	-6.940135e+00	-1.702899e+02
4.550000e-06	-1.057764e-06	-3.051648e-09	-7.183515e+00	-1.799093e+02
4.560000e-06	-1.093522e-06	-3.208734e-09	-7.426356e+00	-1.893892e+02
4.570000e-06	-1.129220e-06	-3.366369e-09	-7.668791e+00	-1.987277e+02
4.580000e-06	-1.164821e-06	-3.526492e-09	-7.910566e+00	-2.079243e+02
4.590000e-06	-1.200368e-06	-3.683407e-09	-8.151973e+00	-2.169796e+02
4.600000e-06	-1.235852e-06	-3.830667e-09	-8.392949e+00	-2.258948e+02
4.610000e-06	-1.271275e-06	-3.974601e-09	-8.633516e+00	-2.346713e+02
4.620000e-06	-1.306647e-06	-4.123364e-09	-8.873734e+00	-2.433103e+02
4.630000e-06	-1.341951e-06	-4.269315e-09	-9.113495e+00	-2.518127e+02
4.640000e-06	-1.377160e-06	-4.407803e-09	-9.352603e+00	-2.601783e+02
4.650000e-06	-1.412283e-06	-4.543438e-09	-9.591136e+00	-2.684065e+02
4.660000e-06	-1.447250e-06	-4.683293e-09	-9.828603e+00	-2.764962e+02
4.670000e-06	-1.482029e-06	-4.822359e-09	-1.006479e+01	-2.844457e+02
4.680000e-06	-1.516567e-06	-4.951921e-09	-1.029935e+01	-2.922535e+02
4.690000e-06	-1.550827e-06	-5.076306e-09	-1.053202e+01	-2.999181e+02
4.700000e-06	-1.584883e-06	-5.203666e-09	-1.076330e+01	-3.074386e+02
4.710000e-06	-1.618746e-06	-5.332307e-09	-1.099327e+01	-3.148147e+02
4.720000e-06	-1.652458e-06	-5.453337e-09	-1.122222e+01	-3.220469e+02
4.730000e-06	-1.685996e-06	-5.567372e-09	-1.144998e+01	-3.291363e+02
4.740000e-06	-1.719311e-06	-5.683336e-09	-1.167623e+01	-3.360847e+02
4.750000e-06	-1.752439e-06	-5.800083e-09	-1.190121e+01	-3.428939e+02
4.760000e-06	-1.785456e-06	-5.911773e-09	-1.212543e+01	-3.495661e+02
4.770000e-06	-1.818216e-06	-6.019475e-09	-1.234792e+01	-3.561031e+02
4.780000e-06	-1.850625e-06	-6.127815e-09	-1.256801e+01	-3.625063e+02
4.790000e-06	-1.882784e-06	-6.237188e-09	-1.278641e+01	-3.687770e+02
4.800000e-06	-1.914743e-06	-6.341170e-09	-1.300346e+01	-3.749158e+02
4.810000e-06	-1.946497e-06	-6.439158e-09	-1.321910e+01	-3.809231e+02
4.820000e-06	-1.978069e-06	-6.535428e-09	-1.343351e+01	-3.867993e+02
4.830000e-06	-2.009529e-06	-6.634071e-09	-1.364716e+01	-3.925450e+02
4.840000e-06	-2.040871e-06	-6.729960e-09	-1.386002e+01	-3.981615e+02
4.850000e-06	-2.072060e-06	-6.819027e-09	-1.407183e+01	-4.036506e+02
4.860000e-06	-2.103026e-06	-6.907165e-09	-1.428213e+01	-4.090151e+02
4.870000e-06	-2.133691e-06	-6.995025e-09	-1.449038e+01	-4.142589e+02
4.880000e-06	-2.164033e-06	-7.081018e-09	-1.469644e+01	-4.193864e+02
4.890000e-06	-2.193957e-06	-7.165306e-09	-1.489966e+01	-4.244028e+02
4.900000e-06	-2.223357e-06	-7.247871e-09	-1.509932e+01	-4.293136e+02
4.910000e-06	-2.252319e-06	-7.330743e-09	-1.529601e+01	-4.341238e+02
4.920000e-06	-2.280859e-06	-7.412300e-09	-1.548983e+01	-4.388381e+02
4.930000e-06	-2.308981e-06	-7.490045e-09	-1.568081e+01	-4.434602e+02
4.940000e-06	-2.336843e-06	-7.562610e-09	-1.587003e+01	-4.479928e+02
4.950000e-06	-2.364503e-06	-7.634581e-09	-1.605788e+01	-4.524372e+02
4.960000e-06	-2.391997e-06	-7.710375e-09	-1.624459e+01	-4.567939e+02
4.970000e-06	-2.419413e-06	-7.783197e-09	-1.643078e+01	-4.610622e+02
4.980000e-06	-2.446693e-06	-7.852557e-09	-1.661605e+01	-4.652411e+02
4.990000e-06	-2.473713e-06	-7.923976e-09	-1.679955e+01	-4.693295e+02
5.000000e-06	-2.500426e-06	-7.994560e-09	-1.698096e+01	-4.733265e+02
5.010000e-06	-2.526800e-06	-8.061976e-09	-1.716007e+01	-4.772322e+02
5.020000e-06	-2.552838e-06	-8.126047e-09	-1.733690e+01	-4.810473e+02
5.030000e-06	-2.578590e-06	-8.188207e-09	-1.751179e+01	-4.847738e+02
5.040000e-06	-2.604020e-06	-8.249076e-09	-1.768449e+01	-4.884147e+02
5.050000e-06	-2.629097e-06	-8.307727e-09	-1.785479e+01	-4.919736e+02
5.060000e-06	-2.653858e-06	-8.363767e-09	-1.802295e+01	-4.954545e+02
5.070000e-06	-2.678292e-06	-8.419350e-09	-1.818889e+01	-4.988613e+02
5.080000e-06	-2.702414e-06	-8.478019e-09	-1.835271e+01	-5.021973e+02
5.090000e-06	-2.726232e-06	-8.536086e-09	-1.851446e+01	-5.054649e+02
5.100000e-06	-2.749815e-06	-8.590635e-09	-1.867462e+01	-5.086652e+02
5.110000e-06	-2.773237e-06	-8.643124e-09	-1.883368e+01	-5.117982e+02
5.120000e-06	-2.796422e-06	-8.693903e-09	-1.899114e+01	-5.148624e+02
5.130000e-06	-2.819306e-06	-8.741674e-09	-1.914654e+01	-5.178556e+02
5.140000e-06	-2.841784e-06	-8.787104e-09	-1.929920e+01	-5.207752e+02
5.150000e-06	-2.863749e-06	-8.835208e-09	-1.944837e+01	-5.236185e+02
5.160000e-06	-2.885189e-06	-8.883533e-09	-1.959397e+01	-5.263836e+02
5.170000e-06	-2.906115e-06	-8.928441e-09	-1.973609e+01	-5.290697e+02
5.180000e-06	-2.926511e-06	-8.972744e-09	-1.987460e+01	-5.316774e+02
5.190000e-06	-2.946460e-06	-9.014623e-09	-2.001007e+01	-5.342090e+02
5.200000e-06	-2.966100e-06	-9.054799e-09	-2.014345e+01	-5.366681e+02
5.210000e-06	-2.985522e-06	-9.095401e-09	-2.027536e+01	-5.390598e+02
5.220000e-06	-3.004781e-06	-9.132508e-09	-2.040615e+01	-5.413895e+02
5.230000e-06	-3.023785e-06	-9.166811e-09	-2.053521e+01	-5.436631e+02
5.240000e-06	-3.042433e-06	-9.200723e-09	-2.066185e+01	-5.458856e+02
5.250000e-06	-3.060720e-06	-9.236982e-09	-2.078605e+01	-5.480611e+02
5.260000e-06	-3.078641e-06	-9.273891e-09	-2.090775e+01	-5.501919e+02
5.270000e-06	-3.096207e-06	-9.306109e-09	-2.102704e+01	-5.522786e+02
5.280000e-06	-3.113482e-06	-9.337769e-09	-2.114436e+01	-5.543198e+02
5.290000e-06	-3.130476e-06	-9.371270e-09	-2.125977e+01	-5.563129e+02
5.300000e-06	-3.147082e-06	-9.404120e-09	-2.137255e+01	-5.582539e+02
5.310000e-06	-3.163220e-06	-9.433812e-09	-2.148214e+01	-5.601385e+02
5.320000e-06	-3.178991e-06	-9.461692e-09	-2.158925e+01	-5.619627e+02
5.330000e-06	-3.194541e-06	-9.490430e-09	-2.169485e+01	-5.637235e+02
5.340000e-06	-3.209856e-06	-9.520006e-09	-2.179886e+01	-5.654192e+02
5.350000e-06	-3.224853e-06	-9.547845e-09	-2.190070e+01	-5.670502e+02
5.360000e-06	-3.239352e-06	-9.572717e-09	-2.199918e+01	-5.686186e+02
5.370000e-06	-3.253207e-06	-9.596999e-09	-2.209327e+01	-5.701282e+02
5.380000e-06	-3.266345e-06	-9.620202e-09	-2.218249e+01	-5.715841e+02
5.390000e-06	-3.278850e-06	-9.643685e-09	-2.226741e+01	-5.729920e+02
5.400000e-06	-3.290909e-06	-9.665500e-09	-2.234931e+01	-5.743573e+02
5.410000e-06	-3.302603e-06	-9.687188e-09	-2.242872e+01	-5.756846e+02
5.420000e-06	-3.313986e-06	-9.710898e-09	-2.250603e+01	-5.769771e+02
5.430000e-06	-3.324999e-06	-9.730899e-09	-2.258082e+01	-5.782359e+02
5.440000e-06	-3.335541e-06	-9.747153e-09	-2.265241e+01	-5.794605e+02
5.450000e-06	-3.345636e-06	-9.765194e-09	-2.272097e+01	-5.806480e+02
5.460000e-06	-3.355371e-06	-9.786828e-09	-2.278709e+01	-5.817946e+02
5.470000e-06	-3.364810e-06	-9.807862e-09	-2.285119e+01	-5.828953e+02
5.480000e-06	-3.373909e-06	-9.825890e-09	-2.291298e+01	-5.839455e+02
5.490000e-06	-3.382601e-06	-9.843512e-09	-2.297201e+01	-5.849411e+02
5.500000e-06	-3.390860e-06	-9.859672e-09	-2.302810e+01	-5.858796e+02
5.510000e-06	-3.398756e-06	-9.873397e-09	-2.308172e+01	-5.867605e+02
5.520000e-06	-3.406349e-06	-9.885792e-09	-2.313329e+01	-5.875854e+02
5.530000e-06	-3.413656e-06	-9.897194e-09	-2.318291e+01	-5.883579e+02
5.540000e-06	-3.420649e-06	-9.909034e-09	-2.323040e+01	-5.890833e+02
5.550000e-06	-3.427179e-06	-9.922078e-09	-2.327475e+01	-5.897675e+02
5.560000e-06	-3.433133e-06	-9.935371e-09	-2.331518e+01	-5.904168e+02
5.570000e-06	-3.438458e-06	-9.944737e-09	-2.335135e+01	-5.910366e+02
5.580000e-06	-3.443079e-06	-9.952596e-09	-2.338273e+01	-5.916304e+02
5.590000e-06	-3.447110e-06	-9.962591e-09	-2.341011e+01	-5.921997e+02
5.600000e-06	-3.450834e-06	-9.972426e-09	-2.343539e+01	-5.927434e+02
5.610000e-06	-3.454359e-06	-9.981158e-09	-2.345933e+01	-5.932578e+02
5.620000e-06	-3.457624e-06	-9.989397e-09	-2.348151e+01	-5.937374e+02
5.630000e-06	-3.460499e-06	-9.999168e-09	-2.350103e+01	-5.941750e+02
5.640000e-06	-3.462990e-06	-1.000720e-08	-2.351795e+01	-5.945631e+02
5.650000e-06	-3.465064e-06	-1.000938e-08	-2.353203e+01	-5.948948e+02
5.660000e-06	-3.466733e-06	-1.001011e-08	-2.354337e+01	-5.951649e+02
5.670000e-06	-3.468116e-06	-1.001360e-08	-2.355276e+01	-5.953705e+02
5.680000e-06	-3.469037e-06	-1.001854e-08	-2.355902e+01	-5.955115e+02
5.690000e-06	-3.469473e-06	-1.002108e-08	-2.356198e+01	-5.955911e+02
