# Temperatura_=_20.0
# Concentracion g/m^3_=_12000.0
# C_Vs_to_Am_M_A/Vsm_=_59384043850.047264
# pendiente_HvsI_1/m_=_3716.3
# ordenada_HvsI_A/m_=_1297.0
# frecuencia_Hz_=_175569.25076918182

Tiempo_(s)	Campo_(V.s)	Magnetizacion_(V.s)	Campo_(kA/m)	Magnetizacion_(A/m)
0.000000e+00	-3.470203e-06	-1.003046e-08	-2.356286e+01	-5.952887e+02
1.000000e-08	-3.469929e-06	-1.003366e-08	-2.356100e+01	-5.953124e+02
2.000000e-08	-3.469404e-06	-1.003372e-08	-2.355743e+01	-5.952915e+02
3.000000e-08	-3.468562e-06	-1.003098e-08	-2.355171e+01	-5.952303e+02
4.000000e-08	-3.467236e-06	-1.002556e-08	-2.354271e+01	-5.951342e+02
5.000000e-08	-3.465374e-06	-1.002738e-08	-2.353007e+01	-5.950088e+02
6.000000e-08	-3.462966e-06	-1.003128e-08	-2.351372e+01	-5.948590e+02
7.000000e-08	-3.459963e-06	-9.986976e-09	-2.349333e+01	-5.946892e+02
8.000000e-08	-3.456352e-06	-9.932944e-09	-2.346881e+01	-5.945021e+02
9.000000e-08	-3.452263e-06	-1.003558e-08	-2.344104e+01	-5.942987e+02
1.000000e-07	-3.447914e-06	-1.014413e-08	-2.341151e+01	-5.940779e+02
1.100000e-07	-3.443332e-06	-9.995067e-09	-2.338040e+01	-5.938370e+02
1.200000e-07	-3.438319e-06	-9.832976e-09	-2.334637e+01	-5.935719e+02
1.300000e-07	-3.432847e-06	-1.002463e-08	-2.330921e+01	-5.932775e+02
1.400000e-07	-3.427041e-06	-1.016484e-08	-2.326979e+01	-5.929487e+02
1.500000e-07	-3.420906e-06	-9.877190e-09	-2.322813e+01	-5.925809e+02
1.600000e-07	-3.414324e-06	-9.777351e-09	-2.318344e+01	-5.921704e+02
1.700000e-07	-3.407362e-06	-9.993922e-09	-2.313616e+01	-5.917153e+02
1.800000e-07	-3.400000e-06	-1.002418e-08	-2.308618e+01	-5.912154e+02
1.900000e-07	-3.392233e-06	-9.839427e-09	-2.303344e+01	-5.906723e+02
2.000000e-07	-3.384198e-06	-9.889322e-09	-2.297888e+01	-5.900890e+02
2.100000e-07	-3.375885e-06	-9.892889e-09	-2.292243e+01	-5.894693e+02
2.200000e-07	-3.367132e-06	-9.795322e-09	-2.286300e+01	-5.888172e+02
2.300000e-07	-3.357828e-06	-9.952082e-09	-2.279983e+01	-5.881362e+02
2.400000e-07	-3.348019e-06	-9.939638e-09	-2.273322e+01	-5.874283e+02
2.500000e-07	-3.337681e-06	-9.675229e-09	-2.266303e+01	-5.866937e+02
2.600000e-07	-3.326744e-06	-9.734387e-09	-2.258876e+01	-5.859306e+02
2.700000e-07	-3.315261e-06	-1.001951e-08	-2.251080e+01	-5.851350e+02
2.800000e-07	-3.303383e-06	-9.809984e-09	-2.243014e+01	-5.843008e+02
2.900000e-07	-3.291074e-06	-9.554728e-09	-2.234656e+01	-5.834210e+02
3.000000e-07	-3.278324e-06	-9.757112e-09	-2.225999e+01	-5.824877e+02
3.100000e-07	-3.265149e-06	-9.909202e-09	-2.217053e+01	-5.814938e+02
3.200000e-07	-3.251542e-06	-9.685311e-09	-2.207814e+01	-5.804332e+02
3.300000e-07	-3.237555e-06	-9.558084e-09	-2.198316e+01	-5.793019e+02
3.400000e-07	-3.223154e-06	-9.691519e-09	-2.188538e+01	-5.780986e+02
3.500000e-07	-3.208144e-06	-9.760742e-09	-2.178347e+01	-5.768247e+02
3.600000e-07	-3.192666e-06	-9.618929e-09	-2.167837e+01	-5.754841e+02
3.700000e-07	-3.176755e-06	-9.507905e-09	-2.157033e+01	-5.740832e+02
3.800000e-07	-3.160234e-06	-9.589362e-09	-2.145815e+01	-5.726295e+02
3.900000e-07	-3.143210e-06	-9.625333e-09	-2.134256e+01	-5.711312e+02
4.000000e-07	-3.125831e-06	-9.523871e-09	-2.122455e+01	-5.695961e+02
4.100000e-07	-3.108150e-06	-9.455552e-09	-2.110450e+01	-5.680306e+02
4.200000e-07	-3.090169e-06	-9.477158e-09	-2.098241e+01	-5.664388e+02
4.300000e-07	-3.071853e-06	-9.483485e-09	-2.085804e+01	-5.648225e+02
4.400000e-07	-3.053150e-06	-9.445488e-09	-2.073105e+01	-5.631804e+02
4.500000e-07	-3.034104e-06	-9.360855e-09	-2.060173e+01	-5.615091e+02
4.600000e-07	-3.014639e-06	-9.336255e-09	-2.046956e+01	-5.598030e+02
4.700000e-07	-2.994819e-06	-9.368543e-09	-2.033498e+01	-5.580554e+02
4.800000e-07	-2.974766e-06	-9.328557e-09	-2.019882e+01	-5.562591e+02
4.900000e-07	-2.954478e-06	-9.235601e-09	-2.006106e+01	-5.544080e+02
5.000000e-07	-2.933998e-06	-9.227043e-09	-1.992200e+01	-5.524969e+02
5.100000e-07	-2.913258e-06	-9.245961e-09	-1.978117e+01	-5.505231e+02
5.200000e-07	-2.892134e-06	-9.201808e-09	-1.963774e+01	-5.484860e+02
5.300000e-07	-2.870660e-06	-9.123926e-09	-1.949193e+01	-5.463875e+02
5.400000e-07	-2.848855e-06	-9.090394e-09	-1.934387e+01	-5.442315e+02
5.500000e-07	-2.826712e-06	-9.091086e-09	-1.919352e+01	-5.420231e+02
5.600000e-07	-2.804311e-06	-9.049512e-09	-1.904142e+01	-5.397684e+02
5.700000e-07	-2.781691e-06	-8.965586e-09	-1.888782e+01	-5.374730e+02
5.800000e-07	-2.758723e-06	-8.931029e-09	-1.873188e+01	-5.351416e+02
5.900000e-07	-2.735285e-06	-8.944332e-09	-1.857273e+01	-5.327776e+02
6.000000e-07	-2.711505e-06	-8.904362e-09	-1.841126e+01	-5.303819e+02
6.100000e-07	-2.687492e-06	-8.823566e-09	-1.824821e+01	-5.279536e+02
6.200000e-07	-2.663225e-06	-8.785246e-09	-1.808343e+01	-5.254900e+02
6.300000e-07	-2.638816e-06	-8.781966e-09	-1.791770e+01	-5.229865e+02
6.400000e-07	-2.614196e-06	-8.730765e-09	-1.775053e+01	-5.204382e+02
6.500000e-07	-2.589185e-06	-8.650993e-09	-1.758070e+01	-5.178396e+02
6.600000e-07	-2.563686e-06	-8.610679e-09	-1.740756e+01	-5.151862e+02
6.700000e-07	-2.537724e-06	-8.606214e-09	-1.723128e+01	-5.124745e+02
6.800000e-07	-2.511273e-06	-8.562916e-09	-1.705168e+01	-5.097025e+02
6.900000e-07	-2.484247e-06	-8.488851e-09	-1.686817e+01	-5.068703e+02
7.000000e-07	-2.456762e-06	-8.442547e-09	-1.668154e+01	-5.039792e+02
7.100000e-07	-2.428963e-06	-8.423320e-09	-1.649279e+01	-5.010320e+02
7.200000e-07	-2.400948e-06	-8.371273e-09	-1.630256e+01	-4.980324e+02
7.300000e-07	-2.372739e-06	-8.291110e-09	-1.611102e+01	-4.949838e+02
7.400000e-07	-2.344374e-06	-8.235703e-09	-1.591842e+01	-4.918896e+02
7.500000e-07	-2.315853e-06	-8.211430e-09	-1.572476e+01	-4.887516e+02
7.600000e-07	-2.287126e-06	-8.167041e-09	-1.552971e+01	-4.855705e+02
7.700000e-07	-2.258110e-06	-8.094517e-09	-1.533268e+01	-4.823453e+02
7.800000e-07	-2.228818e-06	-8.037361e-09	-1.513379e+01	-4.790734e+02
7.900000e-07	-2.199276e-06	-8.002776e-09	-1.493320e+01	-4.757510e+02
8.000000e-07	-2.169436e-06	-7.950804e-09	-1.473058e+01	-4.723736e+02
8.100000e-07	-2.139357e-06	-7.868190e-09	-1.452634e+01	-4.689366e+02
8.200000e-07	-2.109088e-06	-7.800425e-09	-1.432082e+01	-4.654358e+02
8.300000e-07	-2.078599e-06	-7.760179e-09	-1.411380e+01	-4.618678e+02
8.400000e-07	-2.047870e-06	-7.710665e-09	-1.390514e+01	-4.582308e+02
8.500000e-07	-2.016901e-06	-7.632423e-09	-1.369486e+01	-4.545244e+02
8.600000e-07	-1.985749e-06	-7.563664e-09	-1.348334e+01	-4.507495e+02
8.700000e-07	-1.954400e-06	-7.515635e-09	-1.327048e+01	-4.469083e+02
8.800000e-07	-1.922779e-06	-7.459278e-09	-1.305577e+01	-4.430038e+02
8.900000e-07	-1.890907e-06	-7.376291e-09	-1.283935e+01	-4.390388e+02
9.000000e-07	-1.858853e-06	-7.296845e-09	-1.262171e+01	-4.350161e+02
9.100000e-07	-1.826685e-06	-7.240587e-09	-1.240329e+01	-4.309373e+02
9.200000e-07	-1.794408e-06	-7.182866e-09	-1.218412e+01	-4.268029e+02
9.300000e-07	-1.761979e-06	-7.103155e-09	-1.196393e+01	-4.226117e+02
9.400000e-07	-1.729430e-06	-7.024321e-09	-1.174292e+01	-4.183613e+02
9.500000e-07	-1.696809e-06	-6.964367e-09	-1.152142e+01	-4.140480e+02
9.600000e-07	-1.663944e-06	-6.901711e-09	-1.129826e+01	-4.096673e+02
9.700000e-07	-1.630682e-06	-6.816816e-09	-1.107242e+01	-4.052145e+02
9.800000e-07	-1.597069e-06	-6.728582e-09	-1.084418e+01	-4.006851e+02
9.900000e-07	-1.563186e-06	-6.657882e-09	-1.061411e+01	-3.960755e+02
1.000000e-06	-1.528987e-06	-6.588515e-09	-1.038190e+01	-3.913831e+02
1.010000e-06	-1.494364e-06	-6.505452e-09	-1.014681e+01	-3.866067e+02
1.020000e-06	-1.459414e-06	-6.418366e-09	-9.909494e+00	-3.817461e+02
1.030000e-06	-1.424223e-06	-6.343222e-09	-9.670548e+00	-3.768026e+02
1.040000e-06	-1.388749e-06	-6.267211e-09	-9.429678e+00	-3.717779e+02
1.050000e-06	-1.353083e-06	-6.174187e-09	-9.187505e+00	-3.666739e+02
1.060000e-06	-1.317336e-06	-6.076584e-09	-8.944777e+00	-3.614922e+02
1.070000e-06	-1.281435e-06	-5.991359e-09	-8.701012e+00	-3.562336e+02
1.080000e-06	-1.245368e-06	-5.908845e-09	-8.456112e+00	-3.508979e+02
1.090000e-06	-1.209195e-06	-5.814280e-09	-8.210494e+00	-3.454834e+02
1.100000e-06	-1.172983e-06	-5.715072e-09	-7.964618e+00	-3.399872e+02
1.110000e-06	-1.136741e-06	-5.628283e-09	-7.718530e+00	-3.344051e+02
1.120000e-06	-1.100425e-06	-5.544444e-09	-7.471941e+00	-3.287323e+02
1.130000e-06	-1.064076e-06	-5.446755e-09	-7.225129e+00	-3.229638e+02
1.140000e-06	-1.027678e-06	-5.339781e-09	-6.977986e+00	-3.170946e+02
1.150000e-06	-9.911731e-07	-5.239314e-09	-6.730117e+00	-3.111204e+02
1.160000e-06	-9.545687e-07	-5.142144e-09	-6.481571e+00	-3.050380e+02
1.170000e-06	-9.178709e-07	-5.033580e-09	-6.232391e+00	-2.988453e+02
1.180000e-06	-8.810620e-07	-4.920761e-09	-5.982457e+00	-2.925412e+02
1.190000e-06	-8.441510e-07	-4.817408e-09	-5.731829e+00	-2.861257e+02
1.200000e-06	-8.070823e-07	-4.718005e-09	-5.480131e+00	-2.795993e+02
1.210000e-06	-7.697988e-07	-4.608027e-09	-5.226974e+00	-2.729626e+02
1.220000e-06	-7.323951e-07	-4.488910e-09	-4.973001e+00	-2.662159e+02
1.230000e-06	-6.949589e-07	-4.372504e-09	-4.718807e+00	-2.593585e+02
1.240000e-06	-6.574254e-07	-4.259918e-09	-4.463953e+00	-2.523885e+02
1.250000e-06	-6.197475e-07	-4.140634e-09	-4.208118e+00	-2.453029e+02
1.260000e-06	-5.820386e-07	-4.014791e-09	-3.952072e+00	-2.380969e+02
1.270000e-06	-5.442980e-07	-3.893235e-09	-3.695812e+00	-2.307650e+02
1.280000e-06	-5.065071e-07	-3.774775e-09	-3.439210e+00	-2.233007e+02
1.290000e-06	-4.686479e-07	-3.648246e-09	-3.182144e+00	-2.156970e+02
1.300000e-06	-4.306846e-07	-3.514208e-09	-2.924371e+00	-2.079473e+02
1.310000e-06	-3.926761e-07	-3.380671e-09	-2.666291e+00	-2.000458e+02
1.320000e-06	-3.546012e-07	-3.248321e-09	-2.407761e+00	-1.919876e+02
1.330000e-06	-3.164948e-07	-3.110439e-09	-2.149016e+00	-1.837694e+02
1.340000e-06	-2.784188e-07	-2.966734e-09	-1.890478e+00	-1.753893e+02
1.350000e-06	-2.403012e-07	-2.824507e-09	-1.631658e+00	-1.668468e+02
1.360000e-06	-2.021553e-07	-2.682256e-09	-1.372645e+00	-1.581428e+02
1.370000e-06	-1.639951e-07	-2.532705e-09	-1.113535e+00	-1.492790e+02
1.380000e-06	-1.257793e-07	-2.375871e-09	-8.540480e-01	-1.402577e+02
1.390000e-06	-8.753747e-08	-2.221296e-09	-5.943840e-01	-1.310817e+02
1.400000e-06	-4.927924e-08	-2.069384e-09	-3.346086e-01	-1.217536e+02
1.410000e-06	-1.103432e-08	-1.913455e-09	-7.492358e-02	-1.122763e+02
1.420000e-06	2.722270e-08	-1.752063e-09	1.848435e-01	-1.026527e+02
1.430000e-06	6.544657e-08	-1.588520e-09	4.443856e-01	-9.288596e+01
1.440000e-06	1.036122e-07	-1.423243e-09	7.035321e-01	-8.298007e+01
1.450000e-06	1.418436e-07	-1.252242e-09	9.631257e-01	-7.294011e+01
1.460000e-06	1.800616e-07	-1.075939e-09	1.222628e+00	-6.277269e+01
1.470000e-06	2.182399e-07	-9.009478e-10	1.481860e+00	-5.248632e+01
1.480000e-06	2.564316e-07	-7.283296e-10	1.741184e+00	-4.209160e+01
1.490000e-06	2.945408e-07	-5.541001e-10	1.999947e+00	-3.160124e+01
1.500000e-06	3.325714e-07	-3.771449e-10	2.258177e+00	-2.102985e+01
1.510000e-06	3.706025e-07	-1.988156e-10	2.516410e+00	-1.039354e+01
1.520000e-06	4.086512e-07	-2.017503e-11	2.774763e+00	2.906395e-01
1.530000e-06	4.466578e-07	1.620257e-10	3.032830e+00	1.100535e+01
1.540000e-06	4.845915e-07	3.463768e-10	3.290402e+00	2.173369e+01
1.550000e-06	5.224082e-07	5.296051e-10	3.547179e+00	3.245979e+01
1.560000e-06	5.601683e-07	7.095269e-10	3.803572e+00	4.316935e+01
1.570000e-06	5.979394e-07	8.867811e-10	4.060039e+00	5.384989e+01
1.580000e-06	6.355923e-07	1.065095e-09	4.315705e+00	6.449089e+01
1.590000e-06	6.730926e-07	1.243462e-09	4.570334e+00	7.508354e+01
1.600000e-06	7.105197e-07	1.420318e-09	4.824466e+00	8.562047e+01
1.610000e-06	7.477878e-07	1.598079e-09	5.077518e+00	9.609520e+01
1.620000e-06	7.848979e-07	1.776431e-09	5.329498e+00	1.065016e+02
1.630000e-06	8.219392e-07	1.951457e-09	5.581010e+00	1.168332e+02
1.640000e-06	8.588739e-07	2.122152e-09	5.831799e+00	1.270832e+02
1.650000e-06	8.956626e-07	2.291926e-09	6.081595e+00	1.372437e+02
1.660000e-06	9.323280e-07	2.460841e-09	6.330556e+00	1.473058e+02
1.670000e-06	9.689101e-07	2.627036e-09	6.578950e+00	1.572600e+02
1.680000e-06	1.005403e-06	2.791538e-09	6.826740e+00	1.670965e+02
1.690000e-06	1.041822e-06	2.956505e-09	7.074026e+00	1.768055e+02
1.700000e-06	1.078226e-06	3.121249e-09	7.321211e+00	1.863781e+02
1.710000e-06	1.114592e-06	3.279697e-09	7.568140e+00	1.958069e+02
1.720000e-06	1.150870e-06	3.432745e-09	7.814465e+00	2.050863e+02
1.730000e-06	1.187118e-06	3.585317e-09	8.060595e+00	2.142130e+02
1.740000e-06	1.223322e-06	3.734840e-09	8.306419e+00	2.231859e+02
1.750000e-06	1.259421e-06	3.881090e-09	8.551536e+00	2.320063e+02
1.760000e-06	1.295443e-06	4.027971e-09	8.796123e+00	2.406772e+02
1.770000e-06	1.331374e-06	4.174662e-09	9.040102e+00	2.492026e+02
1.780000e-06	1.367074e-06	4.318687e-09	9.282504e+00	2.575873e+02
1.790000e-06	1.402555e-06	4.457999e-09	9.523423e+00	2.658359e+02
1.800000e-06	1.437857e-06	4.592364e-09	9.763121e+00	2.739521e+02
1.810000e-06	1.472814e-06	4.724911e-09	1.000049e+01	2.819382e+02
1.820000e-06	1.507449e-06	4.854820e-09	1.023566e+01	2.897949e+02
1.830000e-06	1.541773e-06	4.982100e-09	1.046872e+01	2.975215e+02
1.840000e-06	1.575765e-06	5.110335e-09	1.069953e+01	3.051154e+02
1.850000e-06	1.609482e-06	5.240626e-09	1.092847e+01	3.125733e+02
1.860000e-06	1.642934e-06	5.368425e-09	1.115560e+01	3.198910e+02
1.870000e-06	1.676039e-06	5.487792e-09	1.138039e+01	3.270648e+02
1.880000e-06	1.708853e-06	5.603767e-09	1.160320e+01	3.340912e+02
1.890000e-06	1.741498e-06	5.720424e-09	1.182486e+01	3.409681e+02
1.900000e-06	1.773953e-06	5.833901e-09	1.204524e+01	3.476950e+02
1.910000e-06	1.806299e-06	5.942828e-09	1.226487e+01	3.542728e+02
1.920000e-06	1.838574e-06	6.048930e-09	1.248402e+01	3.607039e+02
1.930000e-06	1.870709e-06	6.157764e-09	1.270221e+01	3.669921e+02
1.940000e-06	1.902648e-06	6.265632e-09	1.291908e+01	3.731419e+02
1.950000e-06	1.934399e-06	6.366686e-09	1.313467e+01	3.791583e+02
1.960000e-06	1.965923e-06	6.462951e-09	1.334872e+01	3.850460e+02
1.970000e-06	1.997178e-06	6.558492e-09	1.356094e+01	3.908092e+02
1.980000e-06	2.028160e-06	6.655720e-09	1.377131e+01	3.964513e+02
1.990000e-06	2.058888e-06	6.750186e-09	1.397996e+01	4.019748e+02
2.000000e-06	2.089360e-06	6.840105e-09	1.418686e+01	4.073813e+02
2.010000e-06	2.119602e-06	6.929432e-09	1.439221e+01	4.126717e+02
2.020000e-06	2.149695e-06	7.018397e-09	1.459654e+01	4.178469e+02
2.030000e-06	2.179605e-06	7.103306e-09	1.479963e+01	4.229075e+02
2.040000e-06	2.209282e-06	7.183392e-09	1.500114e+01	4.278550e+02
2.050000e-06	2.238732e-06	7.264448e-09	1.520111e+01	4.326914e+02
2.060000e-06	2.267892e-06	7.346213e-09	1.539910e+01	4.374200e+02
2.070000e-06	2.296706e-06	7.424365e-09	1.559476e+01	4.420447e+02
2.080000e-06	2.325267e-06	7.498661e-09	1.578868e+01	4.465705e+02
2.090000e-06	2.353693e-06	7.573276e-09	1.598170e+01	4.510025e+02
2.100000e-06	2.382013e-06	7.649977e-09	1.617399e+01	4.553460e+02
2.110000e-06	2.410181e-06	7.721741e-09	1.636526e+01	4.596060e+02
2.120000e-06	2.438148e-06	7.788732e-09	1.655515e+01	4.637864e+02
2.130000e-06	2.465863e-06	7.855864e-09	1.674334e+01	4.678898e+02
2.140000e-06	2.493262e-06	7.923891e-09	1.692938e+01	4.719175e+02
2.150000e-06	2.520164e-06	7.989764e-09	1.711204e+01	4.758694e+02
2.160000e-06	2.546366e-06	8.053188e-09	1.728996e+01	4.797441e+02
2.170000e-06	2.571999e-06	8.116301e-09	1.746400e+01	4.835393e+02
2.180000e-06	2.597166e-06	8.181371e-09	1.763489e+01	4.872524e+02
2.190000e-06	2.621966e-06	8.246672e-09	1.780329e+01	4.908808e+02
2.200000e-06	2.646514e-06	8.308746e-09	1.796997e+01	4.944227e+02
2.210000e-06	2.670823e-06	8.366861e-09	1.813502e+01	4.978773e+02
2.220000e-06	2.694968e-06	8.421759e-09	1.829897e+01	5.012451e+02
2.230000e-06	2.718789e-06	8.475875e-09	1.846072e+01	5.045278e+02
2.240000e-06	2.742253e-06	8.528537e-09	1.862004e+01	5.077285e+02
2.250000e-06	2.765437e-06	8.579646e-09	1.877746e+01	5.108514e+02
2.260000e-06	2.788255e-06	8.629999e-09	1.893240e+01	5.139009e+02
2.270000e-06	2.810755e-06	8.682396e-09	1.908517e+01	5.168813e+02
2.280000e-06	2.832975e-06	8.736062e-09	1.923605e+01	5.197968e+02
2.290000e-06	2.854859e-06	8.786566e-09	1.938464e+01	5.226501e+02
2.300000e-06	2.876437e-06	8.834763e-09	1.953116e+01	5.254431e+02
2.310000e-06	2.897648e-06	8.883234e-09	1.967518e+01	5.281760e+02
2.320000e-06	2.918515e-06	8.929488e-09	1.981687e+01	5.308481e+02
2.330000e-06	2.939139e-06	8.972227e-09	1.995691e+01	5.334573e+02
2.340000e-06	2.959535e-06	9.012892e-09	2.009540e+01	5.360015e+02
2.350000e-06	2.979762e-06	9.055900e-09	2.023274e+01	5.384782e+02
2.360000e-06	2.999752e-06	9.100622e-09	2.036847e+01	5.408855e+02
2.370000e-06	3.019380e-06	9.143113e-09	2.050175e+01	5.432225e+02
2.380000e-06	3.038591e-06	9.183817e-09	2.063219e+01	5.454895e+02
2.390000e-06	3.057361e-06	9.223910e-09	2.075964e+01	5.476880e+02
2.400000e-06	3.075657e-06	9.264128e-09	2.088387e+01	5.498211e+02
2.410000e-06	3.093528e-06	9.298763e-09	2.100522e+01	5.518926e+02
2.420000e-06	3.111184e-06	9.329773e-09	2.112510e+01	5.539072e+02
2.430000e-06	3.128559e-06	9.360332e-09	2.124308e+01	5.558694e+02
2.440000e-06	3.145611e-06	9.392457e-09	2.135886e+01	5.577834e+02
2.450000e-06	3.162302e-06	9.427171e-09	2.147220e+01	5.596526e+02
2.460000e-06	3.178403e-06	9.461080e-09	2.158152e+01	5.614790e+02
2.470000e-06	3.194003e-06	9.493668e-09	2.168745e+01	5.632631e+02
2.480000e-06	3.209220e-06	9.524928e-09	2.179077e+01	5.650042e+02
2.490000e-06	3.224040e-06	9.553375e-09	2.189140e+01	5.667002e+02
2.500000e-06	3.238474e-06	9.579653e-09	2.198940e+01	5.683483e+02
2.510000e-06	3.252482e-06	9.604808e-09	2.208452e+01	5.699452e+02
2.520000e-06	3.266069e-06	9.630648e-09	2.217678e+01	5.714878e+02
2.530000e-06	3.279232e-06	9.657520e-09	2.226616e+01	5.729736e+02
2.540000e-06	3.291964e-06	9.682581e-09	2.235261e+01	5.744011e+02
2.550000e-06	3.304362e-06	9.705630e-09	2.243679e+01	5.757701e+02
2.560000e-06	3.316460e-06	9.726284e-09	2.251893e+01	5.770814e+02
2.570000e-06	3.328137e-06	9.746848e-09	2.259823e+01	5.783372e+02
2.580000e-06	3.339237e-06	9.766749e-09	2.267360e+01	5.795405e+02
2.590000e-06	3.349665e-06	9.784041e-09	2.274440e+01	5.806948e+02
2.600000e-06	3.359505e-06	9.801779e-09	2.281122e+01	5.818035e+02
2.610000e-06	3.368783e-06	9.819238e-09	2.287421e+01	5.828697e+02
2.620000e-06	3.377515e-06	9.835025e-09	2.293350e+01	5.838960e+02
2.630000e-06	3.385914e-06	9.849617e-09	2.299053e+01	5.848840e+02
2.640000e-06	3.394038e-06	9.864091e-09	2.304570e+01	5.858342e+02
2.650000e-06	3.401848e-06	9.879925e-09	2.309873e+01	5.867464e+02
2.660000e-06	3.409287e-06	9.893492e-09	2.314924e+01	5.876197e+02
2.670000e-06	3.416333e-06	9.903810e-09	2.319708e+01	5.884529e+02
2.680000e-06	3.423014e-06	9.913660e-09	2.324244e+01	5.892448e+02
2.690000e-06	3.429326e-06	9.926231e-09	2.328530e+01	5.899944e+02
2.700000e-06	3.435163e-06	9.939113e-09	2.332494e+01	5.907013e+02
2.710000e-06	3.440483e-06	9.948244e-09	2.336106e+01	5.913654e+02
2.720000e-06	3.445489e-06	9.958412e-09	2.339505e+01	5.919876e+02
2.730000e-06	3.450207e-06	9.970406e-09	2.342708e+01	5.925688e+02
2.740000e-06	3.454607e-06	9.979655e-09	2.345696e+01	5.931101e+02
2.750000e-06	3.458763e-06	9.984162e-09	2.348518e+01	5.936127e+02
2.760000e-06	3.462557e-06	9.986802e-09	2.351094e+01	5.940769e+02
2.770000e-06	3.465926e-06	9.992233e-09	2.353382e+01	5.945028e+02
2.780000e-06	3.468783e-06	9.998738e-09	2.355322e+01	5.948893e+02
2.790000e-06	3.471041e-06	1.000446e-08	2.356855e+01	5.952347e+02
2.800000e-06	3.472665e-06	1.000999e-08	2.357957e+01	5.955370e+02
2.810000e-06	3.473726e-06	1.001539e-08	2.358678e+01	5.957935e+02
2.820000e-06	3.474420e-06	1.002107e-08	2.359149e+01	5.960021e+02
2.830000e-06	3.474812e-06	1.002191e-08	2.359415e+01	5.961612e+02
2.840000e-06	3.474907e-06	1.001914e-08	2.359480e+01	5.962701e+02
2.850000e-06	3.474658e-06	1.001914e-08	2.359311e+01	5.963296e+02
2.860000e-06	3.474012e-06	1.002156e-08	2.358872e+01	5.963419e+02
2.870000e-06	3.472933e-06	1.002164e-08	2.358140e+01	5.963105e+02
2.880000e-06	3.471414e-06	1.001957e-08	2.357108e+01	5.962402e+02
2.890000e-06	3.469542e-06	1.001467e-08	2.355837e+01	5.961364e+02
2.900000e-06	3.467381e-06	1.000020e-08	2.354370e+01	5.960045e+02
2.910000e-06	3.464854e-06	1.003299e-08	2.352654e+01	5.958495e+02
2.920000e-06	3.461913e-06	1.011558e-08	2.350657e+01	5.956753e+02
2.930000e-06	3.458630e-06	1.000649e-08	2.348428e+01	5.954842e+02
2.940000e-06	3.455037e-06	9.853240e-09	2.345988e+01	5.952766e+02
2.950000e-06	3.451165e-06	9.989072e-09	2.343359e+01	5.950513e+02
2.960000e-06	3.447052e-06	1.015699e-08	2.340566e+01	5.948049e+02
2.970000e-06	3.442405e-06	9.980949e-09	2.337411e+01	5.945330e+02
2.980000e-06	3.437031e-06	9.808694e-09	2.333762e+01	5.942306e+02
2.990000e-06	3.431090e-06	1.008427e-08	2.329728e+01	5.938926e+02
3.000000e-06	3.424634e-06	1.020064e-08	2.325344e+01	5.935144e+02
3.010000e-06	3.417591e-06	9.943641e-09	2.320562e+01	5.930930e+02
3.020000e-06	3.410148e-06	9.900804e-09	2.315508e+01	5.926267e+02
3.030000e-06	3.402498e-06	1.010062e-08	2.310314e+01	5.921160e+02
3.040000e-06	3.394540e-06	9.997837e-09	2.304910e+01	5.915626e+02
3.050000e-06	3.386099e-06	9.926156e-09	2.299179e+01	5.909699e+02
3.060000e-06	3.377289e-06	1.008227e-08	2.293197e+01	5.903419e+02
3.070000e-06	3.368253e-06	9.908421e-09	2.287061e+01	5.896824e+02
3.080000e-06	3.358794e-06	9.809458e-09	2.280638e+01	5.889946e+02
3.090000e-06	3.348815e-06	1.010728e-08	2.273862e+01	5.882802e+02
3.100000e-06	3.338430e-06	1.007724e-08	2.266811e+01	5.875389e+02
3.110000e-06	3.327749e-06	9.687543e-09	2.259559e+01	5.867682e+02
3.120000e-06	3.316663e-06	9.887766e-09	2.252032e+01	5.859636e+02
3.130000e-06	3.305032e-06	1.018499e-08	2.244134e+01	5.851189e+02
3.140000e-06	3.292898e-06	9.871010e-09	2.235895e+01	5.842265e+02
3.150000e-06	3.280433e-06	9.667505e-09	2.227431e+01	5.832788e+02
3.160000e-06	3.267358e-06	9.943686e-09	2.218553e+01	5.822688e+02
3.170000e-06	3.253410e-06	1.002469e-08	2.209083e+01	5.811909e+02
3.180000e-06	3.238921e-06	9.793444e-09	2.199244e+01	5.800418e+02
3.190000e-06	3.224086e-06	9.681657e-09	2.189171e+01	5.788207e+02
3.200000e-06	3.208842e-06	9.799503e-09	2.178821e+01	5.775298e+02
3.210000e-06	3.193268e-06	9.908654e-09	2.168246e+01	5.761735e+02
3.220000e-06	3.177449e-06	9.720051e-09	2.157504e+01	5.747587e+02
3.230000e-06	3.161301e-06	9.579792e-09	2.146540e+01	5.732932e+02
3.240000e-06	3.144740e-06	9.738875e-09	2.135295e+01	5.717852e+02
3.250000e-06	3.127771e-06	9.771536e-09	2.123773e+01	5.702421e+02
3.260000e-06	3.110505e-06	9.589476e-09	2.112049e+01	5.686698e+02
3.270000e-06	3.092980e-06	9.552910e-09	2.100150e+01	5.670719e+02
3.280000e-06	3.075088e-06	9.596555e-09	2.088001e+01	5.654494e+02
3.290000e-06	3.056726e-06	9.596888e-09	2.075533e+01	5.638006e+02
3.300000e-06	3.038022e-06	9.530565e-09	2.062833e+01	5.621213e+02
3.310000e-06	3.019005e-06	9.433509e-09	2.049920e+01	5.604056e+02
3.320000e-06	2.999626e-06	9.454991e-09	2.036762e+01	5.586465e+02
3.330000e-06	2.980026e-06	9.502362e-09	2.023453e+01	5.568372e+02
3.340000e-06	2.960288e-06	9.404918e-09	2.010051e+01	5.549716e+02
3.350000e-06	2.940334e-06	9.314170e-09	1.996502e+01	5.530451e+02
3.360000e-06	2.920019e-06	9.316254e-09	1.982708e+01	5.510555e+02
3.370000e-06	2.899245e-06	9.328212e-09	1.968603e+01	5.490029e+02
3.380000e-06	2.877892e-06	9.273931e-09	1.954103e+01	5.468897e+02
3.390000e-06	2.855923e-06	9.171605e-09	1.939186e+01	5.447202e+02
3.400000e-06	2.833433e-06	9.156051e-09	1.923916e+01	5.424998e+02
3.410000e-06	2.810478e-06	9.192140e-09	1.908329e+01	5.402344e+02
3.420000e-06	2.787166e-06	9.127257e-09	1.892500e+01	5.379298e+02
3.430000e-06	2.763644e-06	9.017766e-09	1.876529e+01	5.355902e+02
3.440000e-06	2.739934e-06	8.996466e-09	1.860430e+01	5.332183e+02
3.450000e-06	2.715968e-06	9.012603e-09	1.844157e+01	5.308147e+02
3.460000e-06	2.691768e-06	8.953038e-09	1.827724e+01	5.283780e+02
3.470000e-06	2.667257e-06	8.844571e-09	1.811081e+01	5.259050e+02
3.480000e-06	2.642357e-06	8.824050e-09	1.794174e+01	5.233909e+02
3.490000e-06	2.617074e-06	8.836038e-09	1.777007e+01	5.208306e+02
3.500000e-06	2.591500e-06	8.772594e-09	1.759642e+01	5.182188e+02
3.510000e-06	2.565678e-06	8.677984e-09	1.742109e+01	5.155512e+02
3.520000e-06	2.539524e-06	8.645752e-09	1.724350e+01	5.128247e+02
3.530000e-06	2.513089e-06	8.645884e-09	1.706401e+01	5.100377e+02
3.540000e-06	2.486363e-06	8.587998e-09	1.688254e+01	5.071906e+02
3.550000e-06	2.459301e-06	8.489434e-09	1.669878e+01	5.042853e+02
3.560000e-06	2.431951e-06	8.447861e-09	1.651308e+01	5.013248e+02
3.570000e-06	2.404403e-06	8.435627e-09	1.632602e+01	4.983127e+02
3.580000e-06	2.376709e-06	8.377148e-09	1.613798e+01	4.952526e+02
3.590000e-06	2.348897e-06	8.290816e-09	1.594913e+01	4.921473e+02
3.600000e-06	2.320897e-06	8.243295e-09	1.575901e+01	4.889987e+02
3.610000e-06	2.292654e-06	8.229445e-09	1.556724e+01	4.858068e+02
3.620000e-06	2.264100e-06	8.173187e-09	1.537336e+01	4.825703e+02
3.630000e-06	2.235097e-06	8.081094e-09	1.517643e+01	4.792863e+02
3.640000e-06	2.205595e-06	8.016106e-09	1.497611e+01	4.759507e+02
3.650000e-06	2.175560e-06	7.985054e-09	1.477217e+01	4.725590e+02
3.660000e-06	2.145101e-06	7.930006e-09	1.456535e+01	4.691065e+02
3.670000e-06	2.114274e-06	7.844837e-09	1.435603e+01	4.655892e+02
3.680000e-06	2.083189e-06	7.780849e-09	1.414496e+01	4.620042e+02
3.690000e-06	2.051931e-06	7.748131e-09	1.393272e+01	4.583499e+02
3.700000e-06	2.020450e-06	7.692803e-09	1.371896e+01	4.546263e+02
3.710000e-06	1.988835e-06	7.605690e-09	1.350429e+01	4.508348e+02
3.720000e-06	1.957145e-06	7.529193e-09	1.328912e+01	4.469776e+02
3.730000e-06	1.925268e-06	7.482925e-09	1.307267e+01	4.430577e+02
3.740000e-06	1.893104e-06	7.425639e-09	1.285427e+01	4.390782e+02
3.750000e-06	1.860681e-06	7.336859e-09	1.263412e+01	4.350415e+02
3.760000e-06	1.828039e-06	7.254726e-09	1.241248e+01	4.309489e+02
3.770000e-06	1.795185e-06	7.202118e-09	1.218940e+01	4.268006e+02
3.780000e-06	1.762168e-06	7.145023e-09	1.196522e+01	4.225950e+02
3.790000e-06	1.728955e-06	7.056117e-09	1.173969e+01	4.183293e+02
3.800000e-06	1.695526e-06	6.969700e-09	1.151271e+01	4.139997e+02
3.810000e-06	1.661990e-06	6.911459e-09	1.128500e+01	4.096015e+02
3.820000e-06	1.628319e-06	6.848825e-09	1.105637e+01	4.051301e+02
3.830000e-06	1.594423e-06	6.758734e-09	1.082622e+01	4.005811e+02
3.840000e-06	1.560354e-06	6.669332e-09	1.059488e+01	3.959511e+02
3.850000e-06	1.526078e-06	6.600927e-09	1.036215e+01	3.912378e+02
3.860000e-06	1.491567e-06	6.530933e-09	1.012782e+01	3.864404e+02
3.870000e-06	1.456790e-06	6.436703e-09	9.891683e+00	3.815591e+02
3.880000e-06	1.421763e-06	6.340523e-09	9.653847e+00	3.765952e+02
3.890000e-06	1.386574e-06	6.262127e-09	9.414913e+00	3.715506e+02
3.900000e-06	1.351223e-06	6.186860e-09	9.174874e+00	3.664271e+02
3.910000e-06	1.315746e-06	6.094489e-09	8.933985e+00	3.612263e+02
3.920000e-06	1.280203e-06	5.995485e-09	8.692645e+00	3.559486e+02
3.930000e-06	1.244631e-06	5.909019e-09	8.451109e+00	3.505935e+02
3.940000e-06	1.209005e-06	5.825143e-09	8.209209e+00	3.451590e+02
3.950000e-06	1.173339e-06	5.723155e-09	7.967034e+00	3.396418e+02
3.960000e-06	1.137666e-06	5.613963e-09	7.724811e+00	3.340376e+02
3.970000e-06	1.101974e-06	5.519564e-09	7.482460e+00	3.283415e+02
3.980000e-06	1.066181e-06	5.432685e-09	7.239424e+00	3.225483e+02
3.990000e-06	1.030272e-06	5.331039e-09	6.995604e+00	3.166534e+02
4.000000e-06	9.942666e-07	5.218384e-09	6.751122e+00	3.106525e+02
4.010000e-06	9.581014e-07	5.114219e-09	6.505558e+00	3.045428e+02
4.020000e-06	9.217485e-07	5.017047e-09	6.258720e+00	2.983224e+02
4.030000e-06	8.852452e-07	4.909694e-09	6.010861e+00	2.919905e+02
4.040000e-06	8.486110e-07	4.792736e-09	5.762113e+00	2.855473e+02
4.050000e-06	8.117768e-07	4.681532e-09	5.512006e+00	2.789934e+02
4.060000e-06	7.746993e-07	4.573216e-09	5.260248e+00	2.723294e+02
4.070000e-06	7.374299e-07	4.455379e-09	5.007188e+00	2.655552e+02
4.080000e-06	6.999944e-07	4.328998e-09	4.752999e+00	2.586699e+02
4.090000e-06	6.624693e-07	4.208384e-09	4.498201e+00	2.516715e+02
4.100000e-06	6.248299e-07	4.094331e-09	4.242628e+00	2.445563e+02
4.110000e-06	5.870009e-07	3.973792e-09	3.985767e+00	2.373196e+02
4.120000e-06	5.489883e-07	3.846836e-09	3.727659e+00	2.299553e+02
4.130000e-06	5.108509e-07	3.723800e-09	3.468704e+00	2.224569e+02
4.140000e-06	4.726475e-07	3.600315e-09	3.209301e+00	2.148174e+02
4.150000e-06	4.343416e-07	3.466310e-09	2.949202e+00	2.070304e+02
4.160000e-06	3.959617e-07	3.323138e-09	2.688601e+00	1.990902e+02
4.170000e-06	3.574178e-07	3.183145e-09	2.426886e+00	1.909924e+02
4.180000e-06	3.186601e-07	3.048707e-09	2.163719e+00	1.827339e+02
4.190000e-06	2.799412e-07	2.909627e-09	1.900815e+00	1.743133e+02
4.200000e-06	2.413336e-07	2.763256e-09	1.638667e+00	1.657304e+02
4.210000e-06	2.027048e-07	2.616800e-09	1.376376e+00	1.569863e+02
4.220000e-06	1.639933e-07	2.471018e-09	1.113523e+00	1.480830e+02
4.230000e-06	1.252174e-07	2.320165e-09	8.502326e-01	1.390229e+02
4.240000e-06	8.633767e-08	2.161538e-09	5.862373e-01	1.298087e+02
4.250000e-06	4.743151e-08	1.999506e-09	3.220624e-01	1.204432e+02
4.260000e-06	8.602359e-09	1.839547e-09	5.841047e-02	1.109292e+02
4.270000e-06	-3.023621e-08	1.676423e-09	-2.053054e-01	1.012695e+02
4.280000e-06	-6.910247e-08	1.508859e-09	-4.692094e-01	9.146771e+01
4.290000e-06	-1.079332e-07	1.341835e-09	-7.328722e-01	8.152788e+01
4.300000e-06	-1.467344e-07	1.177746e-09	-9.963343e-01	7.145546e+01
4.310000e-06	-1.855903e-07	1.012961e-09	-1.260168e+00	6.125753e+01
4.320000e-06	-2.244012e-07	8.411289e-10	-1.523696e+00	5.094310e+01
4.330000e-06	-2.630494e-07	6.616638e-10	-1.786119e+00	4.052331e+01
4.340000e-06	-3.016514e-07	4.828421e-10	-2.048229e+00	3.001136e+01
4.350000e-06	-3.402814e-07	3.035003e-10	-2.310528e+00	1.942228e+01
4.360000e-06	-3.788739e-07	1.209160e-10	-2.572574e+00	8.772485e+00
4.370000e-06	-4.173891e-07	-6.093282e-11	-2.834094e+00	-1.920841e+00
4.380000e-06	-4.558424e-07	-2.377978e-10	-3.095194e+00	-1.264041e+01
4.390000e-06	-4.941389e-07	-4.111693e-10	-3.355229e+00	-2.336952e+01
4.400000e-06	-5.322803e-07	-5.891436e-10	-3.614211e+00	-3.409265e+01
4.410000e-06	-5.703851e-07	-7.696396e-10	-3.872945e+00	-4.479595e+01
4.420000e-06	-6.083693e-07	-9.485740e-10	-4.130859e+00	-5.546742e+01
4.430000e-06	-6.461632e-07	-1.127752e-09	-4.387482e+00	-6.609698e+01
4.440000e-06	-6.837490e-07	-1.309148e-09	-4.642691e+00	-7.667625e+01
4.450000e-06	-7.211139e-07	-1.488800e-09	-4.896401e+00	-8.719811e+01
4.460000e-06	-7.583367e-07	-1.664765e-09	-5.149146e+00	-9.765622e+01
4.470000e-06	-7.954355e-07	-1.835724e-09	-5.401049e+00	-1.080444e+02
4.480000e-06	-8.323812e-07	-2.006386e-09	-5.651912e+00	-1.183563e+02
4.490000e-06	-8.690966e-07	-2.180771e-09	-5.901211e+00	-1.285846e+02
4.500000e-06	-9.056142e-07	-2.354393e-09	-6.149167e+00	-1.387212e+02
4.510000e-06	-9.420123e-07	-2.525374e-09	-6.396312e+00	-1.487571e+02
4.520000e-06	-9.782758e-07	-2.695650e-09	-6.642543e+00	-1.586827e+02
4.530000e-06	-1.014392e-06	-2.865119e-09	-6.887778e+00	-1.684881e+02
4.540000e-06	-1.050366e-06	-3.030451e-09	-7.132040e+00	-1.781637e+02
4.550000e-06	-1.086229e-06	-3.189770e-09	-7.375553e+00	-1.877009e+02
4.560000e-06	-1.122008e-06	-3.346734e-09	-7.618489e+00	-1.970926e+02
4.570000e-06	-1.157720e-06	-3.503902e-09	-7.860978e+00	-2.063340e+02
4.580000e-06	-1.193369e-06	-3.658756e-09	-8.103038e+00	-2.154221e+02
4.590000e-06	-1.228965e-06	-3.811351e-09	-8.344739e+00	-2.243567e+02
4.600000e-06	-1.264494e-06	-3.960577e-09	-8.585980e+00	-2.331393e+02
4.610000e-06	-1.299981e-06	-4.108396e-09	-8.826940e+00	-2.417732e+02
4.620000e-06	-1.335400e-06	-4.253959e-09	-9.067436e+00	-2.502629e+02
4.630000e-06	-1.370676e-06	-4.396069e-09	-9.306962e+00	-2.586131e+02
4.640000e-06	-1.405755e-06	-4.533958e-09	-9.545148e+00	-2.668282e+02
4.650000e-06	-1.440642e-06	-4.669189e-09	-9.782033e+00	-2.749116e+02
4.660000e-06	-1.475346e-06	-4.804337e-09	-1.001768e+01	-2.828652e+02
4.670000e-06	-1.509873e-06	-4.937801e-09	-1.025212e+01	-2.906895e+02
4.680000e-06	-1.544175e-06	-5.068370e-09	-1.048503e+01	-2.983830e+02
4.690000e-06	-1.578269e-06	-5.196740e-09	-1.071653e+01	-3.059432e+02
4.700000e-06	-1.612219e-06	-5.323688e-09	-1.094705e+01	-3.133663e+02
4.710000e-06	-1.646026e-06	-5.447097e-09	-1.117660e+01	-3.206483e+02
4.720000e-06	-1.679670e-06	-5.566594e-09	-1.140505e+01	-3.277854e+02
4.730000e-06	-1.713110e-06	-5.684103e-09	-1.163210e+01	-3.347745e+02
4.740000e-06	-1.746343e-06	-5.798132e-09	-1.185776e+01	-3.416138e+02
4.750000e-06	-1.779369e-06	-5.907677e-09	-1.208201e+01	-3.483031e+02
4.760000e-06	-1.812170e-06	-6.016095e-09	-1.230473e+01	-3.548438e+02
4.770000e-06	-1.844729e-06	-6.125301e-09	-1.252581e+01	-3.612387e+02
4.780000e-06	-1.877058e-06	-6.233558e-09	-1.274532e+01	-3.674918e+02
4.790000e-06	-1.909139e-06	-6.338907e-09	-1.296315e+01	-3.736077e+02
4.800000e-06	-1.940985e-06	-6.440002e-09	-1.317939e+01	-3.795914e+02
4.810000e-06	-1.972665e-06	-6.536447e-09	-1.339450e+01	-3.854475e+02
4.820000e-06	-2.004210e-06	-6.629305e-09	-1.360869e+01	-3.911800e+02
4.830000e-06	-2.035592e-06	-6.720436e-09	-1.382178e+01	-3.967922e+02
4.840000e-06	-2.066769e-06	-6.809955e-09	-1.403347e+01	-4.022862e+02
4.850000e-06	-2.097679e-06	-6.898385e-09	-1.424335e+01	-4.076635e+02
4.860000e-06	-2.128319e-06	-6.987934e-09	-1.445140e+01	-4.129249e+02
4.870000e-06	-2.158613e-06	-7.078791e-09	-1.465709e+01	-4.180712e+02
4.880000e-06	-2.188373e-06	-7.168870e-09	-1.485917e+01	-4.231033e+02
4.890000e-06	-2.217647e-06	-7.253631e-09	-1.505794e+01	-4.280227e+02
4.900000e-06	-2.246596e-06	-7.333521e-09	-1.525450e+01	-4.328318e+02
4.910000e-06	-2.275215e-06	-7.409448e-09	-1.544883e+01	-4.375339e+02
4.920000e-06	-2.303474e-06	-7.481232e-09	-1.564071e+01	-4.421333e+02
4.930000e-06	-2.331443e-06	-7.551925e-09	-1.583062e+01	-4.466349e+02
4.940000e-06	-2.359203e-06	-7.624555e-09	-1.601911e+01	-4.510443e+02
4.950000e-06	-2.386832e-06	-7.700825e-09	-1.620671e+01	-4.553664e+02
4.960000e-06	-2.414316e-06	-7.778591e-09	-1.639333e+01	-4.596061e+02
4.970000e-06	-2.441532e-06	-7.852924e-09	-1.657813e+01	-4.637669e+02
4.980000e-06	-2.468480e-06	-7.922166e-09	-1.676111e+01	-4.678512e+02
4.990000e-06	-2.495206e-06	-7.987856e-09	-1.694258e+01	-4.718599e+02
5.000000e-06	-2.521632e-06	-8.050927e-09	-1.712201e+01	-4.757926e+02
5.010000e-06	-2.547672e-06	-8.110752e-09	-1.729882e+01	-4.796475e+02
5.020000e-06	-2.573344e-06	-8.169713e-09	-1.747314e+01	-4.834223e+02
5.030000e-06	-2.598772e-06	-8.230499e-09	-1.764580e+01	-4.871144e+02
5.040000e-06	-2.623983e-06	-8.292905e-09	-1.781698e+01	-4.907212e+02
5.050000e-06	-2.648816e-06	-8.354996e-09	-1.798560e+01	-4.942412e+02
5.060000e-06	-2.673232e-06	-8.414517e-09	-1.815139e+01	-4.976739e+02
5.070000e-06	-2.697403e-06	-8.472893e-09	-1.831550e+01	-5.010201e+02
5.080000e-06	-2.721358e-06	-8.528640e-09	-1.847816e+01	-5.042818e+02
5.090000e-06	-2.745066e-06	-8.580634e-09	-1.863914e+01	-5.074626e+02
5.100000e-06	-2.768599e-06	-8.630228e-09	-1.879893e+01	-5.105666e+02
5.110000e-06	-2.791870e-06	-8.678770e-09	-1.895695e+01	-5.135983e+02
5.120000e-06	-2.814766e-06	-8.726108e-09	-1.911241e+01	-5.165621e+02
5.130000e-06	-2.837254e-06	-8.772370e-09	-1.926510e+01	-5.194617e+02
5.140000e-06	-2.859273e-06	-8.820675e-09	-1.941461e+01	-5.222997e+02
5.150000e-06	-2.880708e-06	-8.869618e-09	-1.956016e+01	-5.250776e+02
5.160000e-06	-2.901554e-06	-8.917404e-09	-1.970170e+01	-5.277953e+02
5.170000e-06	-2.921949e-06	-8.962452e-09	-1.984019e+01	-5.304518e+02
5.180000e-06	-2.942003e-06	-9.004615e-09	-1.997635e+01	-5.330449e+02
5.190000e-06	-2.961811e-06	-9.045246e-09	-2.011085e+01	-5.355723e+02
5.200000e-06	-2.981406e-06	-9.084819e-09	-2.024390e+01	-5.380317e+02
5.210000e-06	-3.000792e-06	-9.122906e-09	-2.037554e+01	-5.404214e+02
5.220000e-06	-3.019953e-06	-9.159792e-09	-2.050564e+01	-5.427407e+02
5.230000e-06	-3.038678e-06	-9.196931e-09	-2.063278e+01	-5.449902e+02
5.240000e-06	-3.056970e-06	-9.234797e-09	-2.075699e+01	-5.471720e+02
5.250000e-06	-3.074978e-06	-9.270745e-09	-2.087926e+01	-5.492892e+02
5.260000e-06	-3.092641e-06	-9.304705e-09	-2.099919e+01	-5.513459e+02
5.270000e-06	-3.109963e-06	-9.338346e-09	-2.111681e+01	-5.533469e+02
5.280000e-06	-3.126950e-06	-9.370458e-09	-2.123216e+01	-5.552965e+02
5.290000e-06	-3.143598e-06	-9.400713e-09	-2.134519e+01	-5.571990e+02
5.300000e-06	-3.159891e-06	-9.429627e-09	-2.145582e+01	-5.590572e+02
5.310000e-06	-3.175840e-06	-9.459792e-09	-2.156412e+01	-5.608729e+02
5.320000e-06	-3.191564e-06	-9.489394e-09	-2.167089e+01	-5.626463e+02
5.330000e-06	-3.207017e-06	-9.516364e-09	-2.177581e+01	-5.643763e+02
5.340000e-06	-3.222027e-06	-9.543074e-09	-2.187773e+01	-5.660605e+02
5.350000e-06	-3.236467e-06	-9.571043e-09	-2.197578e+01	-5.676960e+02
5.360000e-06	-3.250250e-06	-9.598540e-09	-2.206937e+01	-5.692795e+02
5.370000e-06	-3.263496e-06	-9.622782e-09	-2.215931e+01	-5.708080e+02
5.380000e-06	-3.276198e-06	-9.646308e-09	-2.224556e+01	-5.722792e+02
5.390000e-06	-3.288358e-06	-9.670959e-09	-2.232812e+01	-5.736920e+02
5.400000e-06	-3.300137e-06	-9.694061e-09	-2.240810e+01	-5.750463e+02
5.410000e-06	-3.311644e-06	-9.715407e-09	-2.248623e+01	-5.763434e+02
5.420000e-06	-3.322793e-06	-9.734653e-09	-2.256194e+01	-5.775857e+02
5.430000e-06	-3.333448e-06	-9.753056e-09	-2.263429e+01	-5.787763e+02
5.440000e-06	-3.343681e-06	-9.774117e-09	-2.270377e+01	-5.799187e+02
5.450000e-06	-3.353560e-06	-9.795450e-09	-2.277085e+01	-5.810164e+02
5.460000e-06	-3.363068e-06	-9.815488e-09	-2.283541e+01	-5.820724e+02
5.470000e-06	-3.372136e-06	-9.833819e-09	-2.289698e+01	-5.830889e+02
5.480000e-06	-3.380775e-06	-9.850411e-09	-2.295564e+01	-5.840673e+02
5.490000e-06	-3.389072e-06	-9.863203e-09	-2.301197e+01	-5.850079e+02
5.500000e-06	-3.397054e-06	-9.875151e-09	-2.306617e+01	-5.859104e+02
5.510000e-06	-3.404733e-06	-9.891066e-09	-2.311832e+01	-5.867737e+02
5.520000e-06	-3.412129e-06	-9.907015e-09	-2.316853e+01	-5.875966e+02
5.530000e-06	-3.419223e-06	-9.920551e-09	-2.321670e+01	-5.883779e+02
5.540000e-06	-3.425847e-06	-9.933478e-09	-2.326168e+01	-5.891167e+02
5.550000e-06	-3.431879e-06	-9.945961e-09	-2.330264e+01	-5.898128e+02
5.560000e-06	-3.437259e-06	-9.955774e-09	-2.333917e+01	-5.904663e+02
5.570000e-06	-3.441988e-06	-9.963236e-09	-2.337128e+01	-5.910780e+02
5.580000e-06	-3.446205e-06	-9.971368e-09	-2.339991e+01	-5.916490e+02
5.590000e-06	-3.450095e-06	-9.981125e-09	-2.342632e+01	-5.921804e+02
5.600000e-06	-3.453744e-06	-9.989727e-09	-2.345110e+01	-5.926733e+02
5.610000e-06	-3.457115e-06	-9.997696e-09	-2.347399e+01	-5.931279e+02
5.620000e-06	-3.460107e-06	-1.000511e-08	-2.349431e+01	-5.935439e+02
5.630000e-06	-3.462665e-06	-1.000978e-08	-2.351167e+01	-5.939202e+02
5.640000e-06	-3.464857e-06	-1.001132e-08	-2.352656e+01	-5.942550e+02
5.650000e-06	-3.466738e-06	-1.001095e-08	-2.353933e+01	-5.945459e+02
5.660000e-06	-3.468260e-06	-1.001225e-08	-2.354967e+01	-5.947906e+02
5.670000e-06	-3.469327e-06	-1.001603e-08	-2.355691e+01	-5.949868e+02
5.680000e-06	-3.469976e-06	-1.001998e-08	-2.356132e+01	-5.951332e+02
5.690000e-06	-3.470238e-06	-1.002428e-08	-2.356309e+01	-5.952296e+02
