# Temperatura_=_20.0
# Concentracion g/m^3_=_12000.0
# C_Vs_to_Am_M_A/Vsm_=_59384043850.047264
# pendiente_HvsI_1/m_=_3716.3
# ordenada_HvsI_A/m_=_1297.0
# frecuencia_Hz_=_175569.64009238165

Tiempo_(s)	Campo_(V.s)	Magnetizacion_(V.s)	Campo_(kA/m)	Magnetizacion_(A/m)
0.000000e+00	-3.479170e-06	-1.003229e-08	-2.356226e+01	-5.964509e+02
1.000000e-08	-3.478910e-06	-1.003236e-08	-2.356050e+01	-5.964659e+02
2.000000e-08	-3.478378e-06	-1.003102e-08	-2.355689e+01	-5.964404e+02
3.000000e-08	-3.477622e-06	-1.003022e-08	-2.355178e+01	-5.963821e+02
4.000000e-08	-3.476585e-06	-1.002946e-08	-2.354475e+01	-5.962988e+02
5.000000e-08	-3.475076e-06	-1.003924e-08	-2.353453e+01	-5.961968e+02
6.000000e-08	-3.472874e-06	-1.005646e-08	-2.351962e+01	-5.960810e+02
7.000000e-08	-3.470042e-06	-1.002034e-08	-2.350044e+01	-5.959535e+02
8.000000e-08	-3.466609e-06	-9.916624e-09	-2.347719e+01	-5.958135e+02
9.000000e-08	-3.462616e-06	-9.934950e-09	-2.345015e+01	-5.956572e+02
1.000000e-07	-3.458263e-06	-1.010426e-08	-2.342066e+01	-5.954785e+02
1.100000e-07	-3.453684e-06	-1.008937e-08	-2.338966e+01	-5.952690e+02
1.200000e-07	-3.448837e-06	-9.934132e-09	-2.335683e+01	-5.950195e+02
1.300000e-07	-3.443580e-06	-9.926228e-09	-2.332123e+01	-5.947205e+02
1.400000e-07	-3.437887e-06	-1.009235e-08	-2.328267e+01	-5.943637e+02
1.500000e-07	-3.431838e-06	-9.996471e-09	-2.324171e+01	-5.939427e+02
1.600000e-07	-3.425379e-06	-9.837287e-09	-2.319796e+01	-5.934535e+02
1.700000e-07	-3.418535e-06	-9.903336e-09	-2.315161e+01	-5.928951e+02
1.800000e-07	-3.411341e-06	-9.925282e-09	-2.310289e+01	-5.922695e+02
1.900000e-07	-3.403706e-06	-9.908417e-09	-2.305118e+01	-5.915812e+02
2.000000e-07	-3.395683e-06	-9.932036e-09	-2.299685e+01	-5.908366e+02
2.100000e-07	-3.387348e-06	-9.893534e-09	-2.294040e+01	-5.900430e+02
2.200000e-07	-3.378683e-06	-9.768519e-09	-2.288172e+01	-5.892080e+02
2.300000e-07	-3.369637e-06	-9.892565e-09	-2.282045e+01	-5.883382e+02
2.400000e-07	-3.360159e-06	-9.971195e-09	-2.275627e+01	-5.874386e+02
2.500000e-07	-3.350193e-06	-9.775052e-09	-2.268877e+01	-5.865117e+02
2.600000e-07	-3.339757e-06	-9.699393e-09	-2.261810e+01	-5.855582e+02
2.700000e-07	-3.328660e-06	-9.918957e-09	-2.254294e+01	-5.845761e+02
2.800000e-07	-3.316855e-06	-9.893202e-09	-2.246300e+01	-5.835617e+02
2.900000e-07	-3.304551e-06	-9.683226e-09	-2.237967e+01	-5.825105e+02
3.000000e-07	-3.291875e-06	-9.683138e-09	-2.229382e+01	-5.814174e+02
3.100000e-07	-3.278777e-06	-9.810576e-09	-2.220512e+01	-5.802781e+02
3.200000e-07	-3.265271e-06	-9.787221e-09	-2.211365e+01	-5.790896e+02
3.300000e-07	-3.251412e-06	-9.640289e-09	-2.201979e+01	-5.778509e+02
3.400000e-07	-3.237119e-06	-9.633732e-09	-2.192300e+01	-5.765630e+02
3.500000e-07	-3.222348e-06	-9.719226e-09	-2.182296e+01	-5.752291e+02
3.600000e-07	-3.207141e-06	-9.701166e-09	-2.171997e+01	-5.738541e+02
3.700000e-07	-3.191430e-06	-9.546739e-09	-2.161357e+01	-5.724438e+02
3.800000e-07	-3.175070e-06	-9.552360e-09	-2.150278e+01	-5.710043e+02
3.900000e-07	-3.158194e-06	-9.607967e-09	-2.138848e+01	-5.695409e+02
4.000000e-07	-3.140920e-06	-9.564634e-09	-2.127150e+01	-5.680576e+02
4.100000e-07	-3.123256e-06	-9.479962e-09	-2.115187e+01	-5.665560e+02
4.200000e-07	-3.105269e-06	-9.473123e-09	-2.103006e+01	-5.650353e+02
4.300000e-07	-3.086948e-06	-9.476397e-09	-2.090598e+01	-5.634922e+02
4.400000e-07	-3.068314e-06	-9.460026e-09	-2.077978e+01	-5.619208e+02
4.500000e-07	-3.049413e-06	-9.398983e-09	-2.065178e+01	-5.603140e+02
4.600000e-07	-3.030138e-06	-9.353264e-09	-2.052124e+01	-5.586633e+02
4.700000e-07	-3.010448e-06	-9.366278e-09	-2.038789e+01	-5.569607e+02
4.800000e-07	-2.990337e-06	-9.347921e-09	-2.025169e+01	-5.551989e+02
4.900000e-07	-2.969930e-06	-9.278377e-09	-2.011349e+01	-5.533725e+02
5.000000e-07	-2.949392e-06	-9.227082e-09	-1.997440e+01	-5.514785e+02
5.100000e-07	-2.928654e-06	-9.230883e-09	-1.983395e+01	-5.495164e+02
5.200000e-07	-2.907587e-06	-9.210531e-09	-1.969128e+01	-5.474885e+02
5.300000e-07	-2.886199e-06	-9.157181e-09	-1.954643e+01	-5.453992e+02
5.400000e-07	-2.864529e-06	-9.098420e-09	-1.939967e+01	-5.432546e+02
5.500000e-07	-2.842536e-06	-9.090019e-09	-1.925073e+01	-5.410616e+02
5.600000e-07	-2.820164e-06	-9.072543e-09	-1.909922e+01	-5.388270e+02
5.700000e-07	-2.797458e-06	-9.009170e-09	-1.894545e+01	-5.365567e+02
5.800000e-07	-2.774463e-06	-8.941147e-09	-1.878972e+01	-5.342550e+02
5.900000e-07	-2.751104e-06	-8.934123e-09	-1.863152e+01	-5.319242e+02
6.000000e-07	-2.727397e-06	-8.920436e-09	-1.847097e+01	-5.295644e+02
6.100000e-07	-2.703358e-06	-8.850475e-09	-1.830816e+01	-5.271734e+02
6.200000e-07	-2.679025e-06	-8.787584e-09	-1.814337e+01	-5.247474e+02
6.300000e-07	-2.654506e-06	-8.776759e-09	-1.797732e+01	-5.222815e+02
6.400000e-07	-2.629757e-06	-8.755011e-09	-1.780971e+01	-5.197702e+02
6.500000e-07	-2.604731e-06	-8.684628e-09	-1.764022e+01	-5.172083e+02
6.600000e-07	-2.579419e-06	-8.623716e-09	-1.746880e+01	-5.145916e+02
6.700000e-07	-2.553707e-06	-8.605530e-09	-1.729467e+01	-5.119169e+02
6.800000e-07	-2.527471e-06	-8.579299e-09	-1.711699e+01	-5.091828e+02
6.900000e-07	-2.500733e-06	-8.508966e-09	-1.693591e+01	-5.063893e+02
7.000000e-07	-2.473498e-06	-8.445506e-09	-1.675146e+01	-5.035380e+02
7.100000e-07	-2.445815e-06	-8.416385e-09	-1.656398e+01	-5.006313e+02
7.200000e-07	-2.417820e-06	-8.382172e-09	-1.637439e+01	-4.976718e+02
7.300000e-07	-2.389546e-06	-8.314078e-09	-1.618291e+01	-4.946623e+02
7.400000e-07	-2.361107e-06	-8.247651e-09	-1.599031e+01	-4.916049e+02
7.500000e-07	-2.332557e-06	-8.211016e-09	-1.579696e+01	-4.885006e+02
7.600000e-07	-2.303820e-06	-8.175845e-09	-1.560234e+01	-4.853493e+02
7.700000e-07	-2.274787e-06	-8.109362e-09	-1.540572e+01	-4.821497e+02
7.800000e-07	-2.245441e-06	-8.039921e-09	-1.520698e+01	-4.788995e+02
7.900000e-07	-2.215856e-06	-7.995603e-09	-1.500662e+01	-4.755955e+02
8.000000e-07	-2.186068e-06	-7.955588e-09	-1.480488e+01	-4.722344e+02
8.100000e-07	-2.156019e-06	-7.885246e-09	-1.460138e+01	-4.688130e+02
8.200000e-07	-2.125685e-06	-7.808148e-09	-1.439594e+01	-4.653286e+02
8.300000e-07	-2.095127e-06	-7.755241e-09	-1.418899e+01	-4.617794e+02
8.400000e-07	-2.064386e-06	-7.712056e-09	-1.398080e+01	-4.581645e+02
8.500000e-07	-2.033408e-06	-7.644326e-09	-1.377101e+01	-4.544841e+02
8.600000e-07	-2.002163e-06	-7.569941e-09	-1.355941e+01	-4.507389e+02
8.700000e-07	-1.970656e-06	-7.515771e-09	-1.334603e+01	-4.469303e+02
8.800000e-07	-1.938944e-06	-7.468314e-09	-1.313126e+01	-4.430597e+02
8.900000e-07	-1.907071e-06	-7.397174e-09	-1.291541e+01	-4.391282e+02
9.000000e-07	-1.874974e-06	-7.312870e-09	-1.269803e+01	-4.351361e+02
9.100000e-07	-1.842705e-06	-7.247046e-09	-1.247949e+01	-4.310830e+02
9.200000e-07	-1.810323e-06	-7.191758e-09	-1.226019e+01	-4.269674e+02
9.300000e-07	-1.777811e-06	-7.117907e-09	-1.204001e+01	-4.227871e+02
9.400000e-07	-1.745165e-06	-7.032941e-09	-1.181892e+01	-4.185389e+02
9.500000e-07	-1.712354e-06	-6.966597e-09	-1.159671e+01	-4.142198e+02
9.600000e-07	-1.679363e-06	-6.910942e-09	-1.137328e+01	-4.098263e+02
9.700000e-07	-1.646160e-06	-6.837285e-09	-1.114842e+01	-4.053560e+02
9.800000e-07	-1.612663e-06	-6.746634e-09	-1.092156e+01	-4.008070e+02
9.900000e-07	-1.578883e-06	-6.666153e-09	-1.069279e+01	-3.961786e+02
1.000000e-06	-1.544780e-06	-6.594103e-09	-1.046183e+01	-3.914710e+02
1.010000e-06	-1.510247e-06	-6.511790e-09	-1.022797e+01	-3.866858e+02
1.020000e-06	-1.475398e-06	-6.419399e-09	-9.991951e+00	-3.818250e+02
1.030000e-06	-1.440294e-06	-6.338290e-09	-9.754216e+00	-3.768911e+02
1.040000e-06	-1.404891e-06	-6.267428e-09	-9.514455e+00	-3.718864e+02
1.050000e-06	-1.369299e-06	-6.186509e-09	-9.273412e+00	-3.668124e+02
1.060000e-06	-1.333562e-06	-6.092839e-09	-9.031385e+00	-3.616699e+02
1.070000e-06	-1.297619e-06	-6.003395e-09	-8.787964e+00	-3.564580e+02
1.080000e-06	-1.261463e-06	-5.917703e-09	-8.543106e+00	-3.511745e+02
1.090000e-06	-1.225145e-06	-5.822197e-09	-8.297148e+00	-3.458158e+02
1.100000e-06	-1.188759e-06	-5.718635e-09	-8.050723e+00	-3.403770e+02
1.110000e-06	-1.152322e-06	-5.625402e-09	-7.803960e+00	-3.348524e+02
1.120000e-06	-1.115813e-06	-5.543331e-09	-7.556707e+00	-3.292362e+02
1.130000e-06	-1.079251e-06	-5.453302e-09	-7.309097e+00	-3.235224e+02
1.140000e-06	-1.042668e-06	-5.351057e-09	-7.061340e+00	-3.177061e+02
1.150000e-06	-1.006031e-06	-5.249182e-09	-6.813226e+00	-3.117831e+02
1.160000e-06	-9.692842e-07	-5.153083e-09	-6.564359e+00	-3.057507e+02
1.170000e-06	-9.324454e-07	-5.048537e-09	-6.314873e+00	-2.996073e+02
1.180000e-06	-8.954979e-07	-4.931843e-09	-6.064651e+00	-2.933527e+02
1.190000e-06	-8.584463e-07	-4.820917e-09	-5.813723e+00	-2.869873e+02
1.200000e-06	-8.212880e-07	-4.721837e-09	-5.562073e+00	-2.805122e+02
1.210000e-06	-7.840326e-07	-4.617596e-09	-5.309765e+00	-2.739283e+02
1.220000e-06	-7.466755e-07	-4.500576e-09	-5.056769e+00	-2.672361e+02
1.230000e-06	-7.092437e-07	-4.383475e-09	-4.803267e+00	-2.604352e+02
1.240000e-06	-6.717226e-07	-4.273304e-09	-4.549160e+00	-2.535240e+02
1.250000e-06	-6.340264e-07	-4.158522e-09	-4.293867e+00	-2.464995e+02
1.260000e-06	-5.961891e-07	-4.031609e-09	-4.037618e+00	-2.393578e+02
1.270000e-06	-5.583436e-07	-3.906618e-09	-3.781314e+00	-2.320934e+02
1.280000e-06	-5.204835e-07	-3.790827e-09	-3.524911e+00	-2.247004e+02
1.290000e-06	-4.825230e-07	-3.668735e-09	-3.267829e+00	-2.171725e+02
1.300000e-06	-4.444478e-07	-3.531835e-09	-3.009969e+00	-2.095035e+02
1.310000e-06	-4.063056e-07	-3.395161e-09	-2.751655e+00	-2.016873e+02
1.320000e-06	-3.681777e-07	-3.267068e-09	-2.493439e+00	-1.937191e+02
1.330000e-06	-3.300293e-07	-3.134346e-09	-2.235084e+00	-1.855946e+02
1.340000e-06	-2.918389e-07	-2.990705e-09	-1.976444e+00	-1.773109e+02
1.350000e-06	-2.535918e-07	-2.846916e-09	-1.717420e+00	-1.688659e+02
1.360000e-06	-2.153460e-07	-2.709761e-09	-1.458405e+00	-1.602587e+02
1.370000e-06	-1.771251e-07	-2.568545e-09	-1.199558e+00	-1.514891e+02
1.380000e-06	-1.388490e-07	-2.414166e-09	-9.403383e-01	-1.425576e+02
1.390000e-06	-1.005388e-07	-2.256425e-09	-6.808871e-01	-1.334653e+02
1.400000e-06	-6.222872e-08	-2.103042e-09	-4.214364e-01	-1.242136e+02
1.410000e-06	-2.387785e-08	-1.946871e-09	-1.617098e-01	-1.148049e+02
1.420000e-06	1.451586e-08	-1.782980e-09	9.830692e-02	-1.052420e+02
1.430000e-06	5.290561e-08	-1.616536e-09	3.582968e-01	-9.552872e+01
1.440000e-06	9.127259e-08	-1.453397e-09	6.181325e-01	-8.567004e+01
1.450000e-06	1.295562e-07	-1.287875e-09	8.774036e-01	-7.567239e+01
1.460000e-06	1.677740e-07	-1.114321e-09	1.136229e+00	-6.554382e+01
1.470000e-06	2.059977e-07	-9.381592e-10	1.395094e+00	-5.529413e+01
1.480000e-06	2.442512e-07	-7.673109e-10	1.654162e+00	-4.493486e+01
1.490000e-06	2.825308e-07	-5.960156e-10	1.913405e+00	-3.447913e+01
1.500000e-06	3.207518e-07	-4.172277e-10	2.172253e+00	-2.394140e+01
1.510000e-06	3.588569e-07	-2.349350e-10	2.430314e+00	-1.333706e+01
1.520000e-06	3.968626e-07	-5.390837e-11	2.687704e+00	-2.681953e+00
1.530000e-06	4.348526e-07	1.264749e-10	2.944987e+00	8.008069e+00
1.540000e-06	4.728265e-07	3.104393e-10	3.202160e+00	1.871765e+01
1.550000e-06	5.107567e-07	4.935317e-10	3.459037e+00	2.943229e+01
1.560000e-06	5.486717e-07	6.703802e-10	3.715812e+00	4.013864e+01
1.570000e-06	5.865212e-07	8.456819e-10	3.972143e+00	5.082458e+01
1.580000e-06	6.242069e-07	1.026166e-09	4.227366e+00	6.147928e+01
1.590000e-06	6.617512e-07	1.208732e-09	4.481630e+00	7.209299e+01
1.600000e-06	6.992050e-07	1.388092e-09	4.735281e+00	8.265683e+01
1.610000e-06	7.366003e-07	1.564841e-09	4.988536e+00	9.316249e+01
1.620000e-06	7.739447e-07	1.744277e-09	5.241446e+00	1.036019e+02
1.630000e-06	8.111202e-07	1.921513e-09	5.493213e+00	1.139671e+02
1.640000e-06	8.481255e-07	2.091098e-09	5.743827e+00	1.242499e+02
1.650000e-06	8.850981e-07	2.257192e-09	5.994219e+00	1.344419e+02
1.660000e-06	9.220462e-07	2.424694e-09	6.244446e+00	1.445347e+02
1.670000e-06	9.588826e-07	2.592525e-09	6.493916e+00	1.545198e+02
1.680000e-06	9.955975e-07	2.756556e-09	6.742563e+00	1.643892e+02
1.690000e-06	1.032238e-06	2.920914e-09	6.990708e+00	1.741353e+02
1.700000e-06	1.068824e-06	3.087624e-09	7.238480e+00	1.837515e+02
1.710000e-06	1.105341e-06	3.249918e-09	7.485790e+00	1.932326e+02
1.720000e-06	1.141808e-06	3.403284e-09	7.732755e+00	2.025742e+02
1.730000e-06	1.178254e-06	3.554413e-09	7.979583e+00	2.117738e+02
1.740000e-06	1.214656e-06	3.706301e-09	8.226111e+00	2.208299e+02
1.750000e-06	1.250949e-06	3.854848e-09	8.471903e+00	2.297422e+02
1.760000e-06	1.287151e-06	4.000131e-09	8.717073e+00	2.385111e+02
1.770000e-06	1.323257e-06	4.145721e-09	8.961597e+00	2.471376e+02
1.780000e-06	1.359173e-06	4.290608e-09	9.204836e+00	2.556230e+02
1.790000e-06	1.394769e-06	4.431193e-09	9.445906e+00	2.639681e+02
1.800000e-06	1.430057e-06	4.565801e-09	9.684889e+00	2.721737e+02
1.810000e-06	1.465163e-06	4.700394e-09	9.922640e+00	2.802400e+02
1.820000e-06	1.499967e-06	4.835117e-09	1.015834e+01	2.881666e+02
1.830000e-06	1.534456e-06	4.965212e-09	1.039192e+01	2.959529e+02
1.840000e-06	1.568609e-06	5.092394e-09	1.062321e+01	3.035978e+02
1.850000e-06	1.602363e-06	5.221296e-09	1.085181e+01	3.111005e+02
1.860000e-06	1.635812e-06	5.349464e-09	1.107834e+01	3.184601e+02
1.870000e-06	1.669016e-06	5.470781e-09	1.130321e+01	3.256764e+02
1.880000e-06	1.702033e-06	5.586873e-09	1.152681e+01	3.327495e+02
1.890000e-06	1.734873e-06	5.703265e-09	1.174922e+01	3.396801e+02
1.900000e-06	1.767556e-06	5.821790e-09	1.197056e+01	3.464697e+02
1.910000e-06	1.800111e-06	5.936513e-09	1.219103e+01	3.531201e+02
1.920000e-06	1.832561e-06	6.046378e-09	1.241079e+01	3.596334e+02
1.930000e-06	1.864926e-06	6.154809e-09	1.262999e+01	3.660118e+02
1.940000e-06	1.897155e-06	6.262038e-09	1.284825e+01	3.722575e+02
1.950000e-06	1.929186e-06	6.364564e-09	1.306518e+01	3.783725e+02
1.960000e-06	1.960977e-06	6.461294e-09	1.328048e+01	3.843585e+02
1.970000e-06	1.992445e-06	6.557834e-09	1.349359e+01	3.902169e+02
1.980000e-06	2.023568e-06	6.656370e-09	1.370437e+01	3.959490e+02
1.990000e-06	2.054442e-06	6.754956e-09	1.391346e+01	4.015560e+02
2.000000e-06	2.085153e-06	6.850570e-09	1.412145e+01	4.070393e+02
2.010000e-06	2.115712e-06	6.942551e-09	1.432840e+01	4.124007e+02
2.020000e-06	2.146065e-06	7.032557e-09	1.453397e+01	4.176426e+02
2.030000e-06	2.176170e-06	7.119246e-09	1.473784e+01	4.227680e+02
2.040000e-06	2.206044e-06	7.201122e-09	1.494017e+01	4.277805e+02
2.050000e-06	2.235651e-06	7.280565e-09	1.514068e+01	4.326843e+02
2.060000e-06	2.265011e-06	7.360658e-09	1.533951e+01	4.374840e+02
2.070000e-06	2.294086e-06	7.442404e-09	1.553642e+01	4.421842e+02
2.080000e-06	2.322889e-06	7.521657e-09	1.573148e+01	4.467894e+02
2.090000e-06	2.351531e-06	7.597112e-09	1.592546e+01	4.513036e+02
2.100000e-06	2.380052e-06	7.672759e-09	1.611861e+01	4.557300e+02
2.110000e-06	2.408416e-06	7.747678e-09	1.631071e+01	4.600709e+02
2.120000e-06	2.436542e-06	7.819267e-09	1.650119e+01	4.643276e+02
2.130000e-06	2.464414e-06	7.887410e-09	1.668994e+01	4.685005e+02
2.140000e-06	2.491900e-06	7.955225e-09	1.687609e+01	4.725891e+02
2.150000e-06	2.518879e-06	8.023362e-09	1.705880e+01	4.765928e+02
2.160000e-06	2.545278e-06	8.088085e-09	1.723758e+01	4.805104e+02
2.170000e-06	2.571102e-06	8.149579e-09	1.741248e+01	4.843412e+02
2.180000e-06	2.596450e-06	8.212509e-09	1.758414e+01	4.880849e+02
2.190000e-06	2.621408e-06	8.277605e-09	1.775316e+01	4.917420e+02
2.200000e-06	2.646092e-06	8.340180e-09	1.792034e+01	4.953135e+02
2.210000e-06	2.670583e-06	8.397979e-09	1.808620e+01	4.988015e+02
2.220000e-06	2.694855e-06	8.456091e-09	1.825058e+01	5.022086e+02
2.230000e-06	2.718875e-06	8.515948e-09	1.841325e+01	5.055378e+02
2.240000e-06	2.742579e-06	8.571230e-09	1.857378e+01	5.087922e+02
2.250000e-06	2.765904e-06	8.622490e-09	1.873175e+01	5.119745e+02
2.260000e-06	2.788877e-06	8.673448e-09	1.888733e+01	5.150870e+02
2.270000e-06	2.811561e-06	8.725508e-09	1.904096e+01	5.181310e+02
2.280000e-06	2.834046e-06	8.777591e-09	1.919323e+01	5.211072e+02
2.290000e-06	2.856238e-06	8.828495e-09	1.934352e+01	5.240152e+02
2.300000e-06	2.877977e-06	8.878222e-09	1.949075e+01	5.268541e+02
2.310000e-06	2.899332e-06	8.928168e-09	1.963538e+01	5.296225e+02
2.320000e-06	2.920394e-06	8.978163e-09	1.977802e+01	5.323191e+02
2.330000e-06	2.941186e-06	9.023984e-09	1.991883e+01	5.349429e+02
2.340000e-06	2.961775e-06	9.065490e-09	2.005826e+01	5.374934e+02
2.350000e-06	2.982188e-06	9.105481e-09	2.019650e+01	5.399711e+02
2.360000e-06	3.002343e-06	9.146563e-09	2.033301e+01	5.423776e+02
2.370000e-06	3.022145e-06	9.188172e-09	2.046711e+01	5.447154e+02
2.380000e-06	3.041570e-06	9.228122e-09	2.059867e+01	5.469878e+02
2.390000e-06	3.060520e-06	9.267707e-09	2.072700e+01	5.491984e+02
2.400000e-06	3.078968e-06	9.308729e-09	2.085194e+01	5.513513e+02
2.410000e-06	3.097012e-06	9.346353e-09	2.097414e+01	5.534500e+02
2.420000e-06	3.114767e-06	9.380452e-09	2.109438e+01	5.554974e+02
2.430000e-06	3.132305e-06	9.415262e-09	2.121315e+01	5.574955e+02
2.440000e-06	3.149571e-06	9.450907e-09	2.133009e+01	5.594450e+02
2.450000e-06	3.166418e-06	9.483549e-09	2.144418e+01	5.613457e+02
2.460000e-06	3.182717e-06	9.513490e-09	2.155457e+01	5.631963e+02
2.470000e-06	3.198474e-06	9.545453e-09	2.166128e+01	5.649946e+02
2.480000e-06	3.213760e-06	9.578101e-09	2.176480e+01	5.667382e+02
2.490000e-06	3.228683e-06	9.607739e-09	2.186586e+01	5.684248e+02
2.500000e-06	3.243310e-06	9.635226e-09	2.196493e+01	5.700524e+02
2.510000e-06	3.257616e-06	9.662790e-09	2.206181e+01	5.716200e+02
2.520000e-06	3.271495e-06	9.690578e-09	2.215580e+01	5.731274e+02
2.530000e-06	3.284887e-06	9.717442e-09	2.224650e+01	5.745753e+02
2.540000e-06	3.297833e-06	9.740827e-09	2.233417e+01	5.759657e+02
2.550000e-06	3.310396e-06	9.761899e-09	2.241926e+01	5.773009e+02
2.560000e-06	3.322627e-06	9.783641e-09	2.250209e+01	5.785838e+02
2.570000e-06	3.334401e-06	9.806146e-09	2.258183e+01	5.798173e+02
2.580000e-06	3.345543e-06	9.827097e-09	2.265728e+01	5.810038e+02
2.590000e-06	3.355952e-06	9.846617e-09	2.272778e+01	5.821452e+02
2.600000e-06	3.365670e-06	9.866992e-09	2.279359e+01	5.832426e+02
2.610000e-06	3.374839e-06	9.885852e-09	2.285569e+01	5.842963e+02
2.620000e-06	3.383629e-06	9.900889e-09	2.291522e+01	5.853060e+02
2.630000e-06	3.392208e-06	9.916433e-09	2.297332e+01	5.862710e+02
2.640000e-06	3.400581e-06	9.934599e-09	2.303002e+01	5.871905e+02
2.650000e-06	3.408609e-06	9.952279e-09	2.308439e+01	5.880641e+02
2.660000e-06	3.416177e-06	9.965444e-09	2.313564e+01	5.888919e+02
2.670000e-06	3.423309e-06	9.975867e-09	2.318394e+01	5.896751e+02
2.680000e-06	3.430049e-06	9.987100e-09	2.322959e+01	5.904156e+02
2.690000e-06	3.436434e-06	9.998061e-09	2.327283e+01	5.911161e+02
2.700000e-06	3.442446e-06	1.000705e-08	2.331355e+01	5.917799e+02
2.710000e-06	3.448027e-06	1.001746e-08	2.335135e+01	5.924104e+02
2.720000e-06	3.453176e-06	1.003151e-08	2.338622e+01	5.930108e+02
2.730000e-06	3.457965e-06	1.004321e-08	2.341864e+01	5.935832e+02
2.740000e-06	3.462542e-06	1.005032e-08	2.344964e+01	5.941286e+02
2.750000e-06	3.466929e-06	1.005594e-08	2.347935e+01	5.946465e+02
2.760000e-06	3.470951e-06	1.006223e-08	2.350660e+01	5.951345e+02
2.770000e-06	3.474481e-06	1.006763e-08	2.353050e+01	5.955890e+02
2.780000e-06	3.477420e-06	1.007101e-08	2.355041e+01	5.960052e+02
2.790000e-06	3.479694e-06	1.007688e-08	2.356580e+01	5.963776e+02
2.800000e-06	3.481345e-06	1.008436e-08	2.357699e+01	5.967011e+02
2.810000e-06	3.482481e-06	1.008731e-08	2.358468e+01	5.969712e+02
2.820000e-06	3.483242e-06	1.008827e-08	2.358983e+01	5.971852e+02
2.830000e-06	3.483747e-06	1.008965e-08	2.359325e+01	5.973422e+02
2.840000e-06	3.483975e-06	1.009108e-08	2.359480e+01	5.974438e+02
2.850000e-06	3.483880e-06	1.009093e-08	2.359415e+01	5.974939e+02
2.860000e-06	3.483452e-06	1.009101e-08	2.359126e+01	5.974981e+02
2.870000e-06	3.482581e-06	1.009219e-08	2.358536e+01	5.974638e+02
2.880000e-06	3.481294e-06	1.009229e-08	2.357664e+01	5.973987e+02
2.890000e-06	3.479653e-06	1.008128e-08	2.356553e+01	5.973102e+02
2.900000e-06	3.477648e-06	1.004811e-08	2.355195e+01	5.972046e+02
2.910000e-06	3.475252e-06	1.006142e-08	2.353572e+01	5.970858e+02
2.920000e-06	3.472420e-06	1.018286e-08	2.351654e+01	5.969554e+02
2.930000e-06	3.469226e-06	1.018225e-08	2.349491e+01	5.968119e+02
2.940000e-06	3.465655e-06	9.972712e-09	2.347072e+01	5.966508e+02
2.950000e-06	3.461732e-06	9.954531e-09	2.344416e+01	5.964653e+02
2.960000e-06	3.457623e-06	1.007506e-08	2.341633e+01	5.962468e+02
2.970000e-06	3.453167e-06	1.008996e-08	2.338615e+01	5.959858e+02
2.980000e-06	3.447979e-06	9.920121e-09	2.335102e+01	5.956732e+02
2.990000e-06	3.442009e-06	1.000621e-08	2.331059e+01	5.953010e+02
3.000000e-06	3.435528e-06	1.018387e-08	2.326669e+01	5.948632e+02
3.010000e-06	3.428649e-06	1.006719e-08	2.322011e+01	5.943568e+02
3.020000e-06	3.421429e-06	1.002321e-08	2.317122e+01	5.937814e+02
3.030000e-06	3.413948e-06	1.003206e-08	2.312055e+01	5.931397e+02
3.040000e-06	3.406194e-06	9.978552e-09	2.306804e+01	5.924367e+02
3.050000e-06	3.397981e-06	9.940006e-09	2.301242e+01	5.916793e+02
3.060000e-06	3.389289e-06	1.010092e-08	2.295354e+01	5.908748e+02
3.070000e-06	3.380298e-06	9.972402e-09	2.289266e+01	5.900306e+02
3.080000e-06	3.370893e-06	9.799949e-09	2.282896e+01	5.891530e+02
3.090000e-06	3.361060e-06	1.000465e-08	2.276237e+01	5.882465e+02
3.100000e-06	3.350763e-06	1.008051e-08	2.269264e+01	5.873131e+02
3.110000e-06	3.340059e-06	9.783272e-09	2.262015e+01	5.863528e+02
3.120000e-06	3.329014e-06	9.776547e-09	2.254534e+01	5.853631e+02
3.130000e-06	3.317522e-06	1.002395e-08	2.246751e+01	5.843401e+02
3.140000e-06	3.305513e-06	9.918309e-09	2.238619e+01	5.832789e+02
3.150000e-06	3.293077e-06	9.698888e-09	2.230197e+01	5.821747e+02
3.160000e-06	3.280174e-06	9.726236e-09	2.221458e+01	5.810234e+02
3.170000e-06	3.266551e-06	9.860506e-09	2.212232e+01	5.798224e+02
3.180000e-06	3.252230e-06	9.807478e-09	2.202534e+01	5.785713e+02
3.190000e-06	3.237413e-06	9.651919e-09	2.192498e+01	5.772717e+02
3.200000e-06	3.222252e-06	9.612999e-09	2.182231e+01	5.759271e+02
3.210000e-06	3.206820e-06	9.789593e-09	2.171780e+01	5.745427e+02
3.220000e-06	3.191121e-06	9.711608e-09	2.161148e+01	5.731247e+02
3.230000e-06	3.175144e-06	9.518020e-09	2.150328e+01	5.716788e+02
3.240000e-06	3.158781e-06	9.575660e-09	2.139246e+01	5.702103e+02
3.250000e-06	3.141978e-06	9.664358e-09	2.127866e+01	5.687224e+02
3.260000e-06	3.124842e-06	9.557184e-09	2.116261e+01	5.672163e+02
3.270000e-06	3.107373e-06	9.483518e-09	2.104430e+01	5.656905e+02
3.280000e-06	3.089592e-06	9.493723e-09	2.092389e+01	5.641410e+02
3.290000e-06	3.071356e-06	9.508987e-09	2.080039e+01	5.625616e+02
3.300000e-06	3.052714e-06	9.479552e-09	2.067413e+01	5.609447e+02
3.310000e-06	3.033768e-06	9.374786e-09	2.054582e+01	5.592819e+02
3.320000e-06	3.014533e-06	9.363221e-09	2.041556e+01	5.575652e+02
3.330000e-06	2.995089e-06	9.396631e-09	2.028388e+01	5.557877e+02
3.340000e-06	2.975429e-06	9.359886e-09	2.015073e+01	5.539447e+02
3.350000e-06	2.955573e-06	9.277002e-09	2.001626e+01	5.520337e+02
3.360000e-06	2.935375e-06	9.240883e-09	1.987947e+01	5.500549e+02
3.370000e-06	2.914630e-06	9.237008e-09	1.973898e+01	5.480113e+02
3.380000e-06	2.893299e-06	9.226665e-09	1.959452e+01	5.459076e+02
3.390000e-06	2.871340e-06	9.137350e-09	1.944580e+01	5.437503e+02
3.400000e-06	2.848798e-06	9.081807e-09	1.929314e+01	5.415464e+02
3.410000e-06	2.825865e-06	9.094691e-09	1.913783e+01	5.393025e+02
3.420000e-06	2.802663e-06	9.081333e-09	1.898069e+01	5.370241e+02
3.430000e-06	2.779263e-06	8.994658e-09	1.882222e+01	5.347151e+02
3.440000e-06	2.755661e-06	8.925174e-09	1.866238e+01	5.323772e+02
3.450000e-06	2.731862e-06	8.937457e-09	1.850121e+01	5.300099e+02
3.460000e-06	2.707738e-06	8.920290e-09	1.833782e+01	5.276106e+02
3.470000e-06	2.683234e-06	8.818611e-09	1.817188e+01	5.251753e+02
3.480000e-06	2.658394e-06	8.754536e-09	1.800365e+01	5.226986e+02
3.490000e-06	2.633276e-06	8.759501e-09	1.783354e+01	5.201752e+02
3.500000e-06	2.607891e-06	8.729108e-09	1.766162e+01	5.176001e+02
3.510000e-06	2.582142e-06	8.644745e-09	1.748724e+01	5.149691e+02
3.520000e-06	2.556042e-06	8.581276e-09	1.731049e+01	5.122798e+02
3.530000e-06	2.529600e-06	8.582737e-09	1.713141e+01	5.095308e+02
3.540000e-06	2.502845e-06	8.553481e-09	1.695022e+01	5.067229e+02
3.550000e-06	2.475845e-06	8.463431e-09	1.676736e+01	5.038575e+02
3.560000e-06	2.448630e-06	8.397407e-09	1.658305e+01	5.009374e+02
3.570000e-06	2.421272e-06	8.376982e-09	1.639777e+01	4.979653e+02
3.580000e-06	2.393788e-06	8.339699e-09	1.621164e+01	4.949437e+02
3.590000e-06	2.366118e-06	8.260797e-09	1.602425e+01	4.918746e+02
3.600000e-06	2.338197e-06	8.193731e-09	1.583516e+01	4.887587e+02
3.610000e-06	2.309946e-06	8.173720e-09	1.564383e+01	4.855956e+02
3.620000e-06	2.281207e-06	8.138297e-09	1.544920e+01	4.823837e+02
3.630000e-06	2.251961e-06	8.060997e-09	1.525113e+01	4.791204e+02
3.640000e-06	2.222337e-06	7.982222e-09	1.505051e+01	4.758026e+02
3.650000e-06	2.192300e-06	7.939806e-09	1.484708e+01	4.724268e+02
3.660000e-06	2.161817e-06	7.898271e-09	1.464065e+01	4.689899e+02
3.670000e-06	2.131007e-06	7.821561e-09	1.443199e+01	4.654896e+02
3.680000e-06	2.099990e-06	7.744558e-09	1.422193e+01	4.619241e+02
3.690000e-06	2.068769e-06	7.702065e-09	1.401049e+01	4.582929e+02
3.700000e-06	2.037365e-06	7.660539e-09	1.379780e+01	4.545962e+02
3.710000e-06	2.005816e-06	7.586774e-09	1.358415e+01	4.508351e+02
3.720000e-06	1.974135e-06	7.502103e-09	1.336959e+01	4.470110e+02
3.730000e-06	1.942325e-06	7.445018e-09	1.315416e+01	4.431252e+02
3.740000e-06	1.910280e-06	7.396109e-09	1.293714e+01	4.391786e+02
3.750000e-06	1.877947e-06	7.315721e-09	1.271817e+01	4.351714e+02
3.760000e-06	1.845363e-06	7.227266e-09	1.249750e+01	4.311030e+02
3.770000e-06	1.812507e-06	7.165424e-09	1.227498e+01	4.269715e+02
3.780000e-06	1.779449e-06	7.116232e-09	1.205110e+01	4.227746e+02
3.790000e-06	1.746211e-06	7.038554e-09	1.182600e+01	4.185091e+02
3.800000e-06	1.712815e-06	6.948114e-09	1.159983e+01	4.141717e+02
3.810000e-06	1.679295e-06	6.878525e-09	1.137282e+01	4.097594e+02
3.820000e-06	1.645604e-06	6.817263e-09	1.114465e+01	4.052696e+02
3.830000e-06	1.611697e-06	6.733295e-09	1.091502e+01	4.007009e+02
3.840000e-06	1.577570e-06	6.640404e-09	1.068390e+01	3.960527e+02
3.850000e-06	1.543247e-06	6.567380e-09	1.045145e+01	3.913256e+02
3.860000e-06	1.508701e-06	6.507554e-09	1.021749e+01	3.865214e+02
3.870000e-06	1.473915e-06	6.425907e-09	9.981912e+00	3.816422e+02
3.880000e-06	1.438936e-06	6.326890e-09	9.745020e+00	3.766904e+02
3.890000e-06	1.403836e-06	6.240845e-09	9.507310e+00	3.716684e+02
3.900000e-06	1.368602e-06	6.166074e-09	9.268689e+00	3.665773e+02
3.910000e-06	1.333284e-06	6.077013e-09	9.029504e+00	3.614177e+02
3.920000e-06	1.297926e-06	5.975817e-09	8.790045e+00	3.561882e+02
3.930000e-06	1.262489e-06	5.889046e-09	8.550055e+00	3.508864e+02
3.940000e-06	1.226988e-06	5.813288e-09	8.309628e+00	3.455083e+02
3.950000e-06	1.191428e-06	5.723849e-09	8.068798e+00	3.400486e+02
3.960000e-06	1.155769e-06	5.618270e-09	7.827304e+00	3.345018e+02
3.970000e-06	1.120017e-06	5.520573e-09	7.585178e+00	3.288618e+02
3.980000e-06	1.084158e-06	5.433499e-09	7.342331e+00	3.231229e+02
3.990000e-06	1.048143e-06	5.333841e-09	7.098418e+00	3.172804e+02
4.000000e-06	1.011951e-06	5.220623e-09	6.853316e+00	3.113303e+02
4.010000e-06	9.755334e-07	5.116504e-09	6.606681e+00	3.052704e+02
4.020000e-06	9.388739e-07	5.023590e-09	6.358410e+00	2.990992e+02
4.030000e-06	9.020453e-07	4.923806e-09	6.108992e+00	2.928169e+02
4.040000e-06	8.651432e-07	4.810592e-09	5.859077e+00	2.864241e+02
4.050000e-06	8.280355e-07	4.697802e-09	5.607770e+00	2.799218e+02
4.060000e-06	7.906780e-07	4.589920e-09	5.354771e+00	2.733109e+02
4.070000e-06	7.531430e-07	4.473193e-09	5.100569e+00	2.665917e+02
4.080000e-06	7.153789e-07	4.344121e-09	4.844817e+00	2.597635e+02
4.090000e-06	6.774972e-07	4.220157e-09	4.588267e+00	2.528244e+02
4.100000e-06	6.395557e-07	4.108063e-09	4.331313e+00	2.457711e+02
4.110000e-06	6.014940e-07	3.992982e-09	4.073545e+00	2.385993e+02
4.120000e-06	5.632737e-07	3.865191e-09	3.814703e+00	2.313034e+02
4.130000e-06	5.249575e-07	3.737302e-09	3.555211e+00	2.238774e+02
4.140000e-06	4.865756e-07	3.615510e-09	3.295274e+00	2.163149e+02
4.150000e-06	4.480684e-07	3.486953e-09	3.034489e+00	2.086097e+02
4.160000e-06	4.095012e-07	3.345257e-09	2.773297e+00	2.007560e+02
4.170000e-06	3.708975e-07	3.204134e-09	2.511858e+00	1.927492e+02
4.180000e-06	3.322042e-07	3.069865e-09	2.249813e+00	1.845852e+02
4.190000e-06	2.934289e-07	2.932409e-09	1.987212e+00	1.762614e+02
4.200000e-06	2.545920e-07	2.787644e-09	1.724193e+00	1.677760e+02
4.210000e-06	2.157239e-07	2.640468e-09	1.460964e+00	1.591283e+02
4.220000e-06	1.768825e-07	2.495400e-09	1.197915e+00	1.503183e+02
4.230000e-06	1.380505e-07	2.346724e-09	9.349305e-01	1.413465e+02
4.240000e-06	9.917249e-08	2.189383e-09	6.716336e-01	1.322143e+02
4.250000e-06	6.029437e-08	2.027869e-09	4.083363e-01	1.229232e+02
4.260000e-06	2.144548e-08	1.869667e-09	1.452369e-01	1.134757e+02
4.270000e-06	-1.745445e-08	1.708782e-09	-1.182081e-01	1.038749e+02
4.280000e-06	-5.637830e-08	1.541409e-09	-3.818152e-01	9.412484e+01
4.290000e-06	-9.524792e-08	1.372652e-09	-6.450550e-01	8.423084e+01
4.300000e-06	-1.340791e-07	1.208373e-09	-9.080342e-01	7.419972e+01
4.310000e-06	-1.729361e-07	1.044337e-09	-1.171189e+00	6.403998e+01
4.320000e-06	-2.118222e-07	8.741211e-10	-1.434540e+00	5.376183e+01
4.330000e-06	-2.506960e-07	6.980148e-10	-1.697808e+00	4.337724e+01
4.340000e-06	-2.895759e-07	5.214496e-10	-1.961118e+00	3.289970e+01
4.350000e-06	-3.283615e-07	3.448469e-10	-2.223788e+00	2.234393e+01
4.360000e-06	-3.670374e-07	1.631455e-10	-2.485716e+00	1.172549e+01
4.370000e-06	-4.056815e-07	-2.059262e-11	-2.747428e+00	1.060267e+00
4.380000e-06	-4.442115e-07	-2.005452e-10	-3.008368e+00	-9.635970e+00
4.390000e-06	-4.826854e-07	-3.748770e-10	-3.268928e+00	-2.034805e+01
4.400000e-06	-5.211402e-07	-5.517582e-10	-3.529359e+00	-3.106173e+01
4.410000e-06	-5.594447e-07	-7.306187e-10	-3.788772e+00	-4.176398e+01
4.420000e-06	-5.975869e-07	-9.083543e-10	-4.047085e+00	-5.244300e+01
4.430000e-06	-6.356231e-07	-1.084306e-09	-4.304680e+00	-6.308824e+01
4.440000e-06	-6.735702e-07	-1.264007e-09	-4.561672e+00	-7.369020e+01
4.450000e-06	-7.114055e-07	-1.447132e-09	-4.817907e+00	-8.424017e+01
4.460000e-06	-7.491119e-07	-1.626668e-09	-5.073269e+00	-9.472993e+01
4.470000e-06	-7.866101e-07	-1.799504e-09	-5.327222e+00	-1.051515e+02
4.480000e-06	-8.238939e-07	-1.969089e-09	-5.579721e+00	-1.154967e+02
4.490000e-06	-8.610010e-07	-2.140044e-09	-5.831025e+00	-1.257575e+02
4.500000e-06	-8.979117e-07	-2.311558e-09	-6.080998e+00	-1.359255e+02
4.510000e-06	-9.346449e-07	-2.482820e-09	-6.329769e+00	-1.459920e+02
4.520000e-06	-9.711592e-07	-2.652784e-09	-6.577058e+00	-1.559489e+02
4.530000e-06	-1.007444e-06	-2.822759e-09	-6.822790e+00	-1.657880e+02
4.540000e-06	-1.043469e-06	-2.988877e-09	-7.066767e+00	-1.755021e+02
4.550000e-06	-1.079349e-06	-3.149393e-09	-7.309758e+00	-1.850849e+02
4.560000e-06	-1.115185e-06	-3.305547e-09	-7.552453e+00	-1.945314e+02
4.570000e-06	-1.150916e-06	-3.461270e-09	-7.794441e+00	-2.038376e+02
4.580000e-06	-1.186531e-06	-3.616867e-09	-8.035636e+00	-2.130014e+02
4.590000e-06	-1.222061e-06	-3.771162e-09	-8.276258e+00	-2.220214e+02
4.600000e-06	-1.257548e-06	-3.923003e-09	-8.516588e+00	-2.308977e+02
4.610000e-06	-1.292940e-06	-4.073026e-09	-8.756281e+00	-2.396308e+02
4.620000e-06	-1.328266e-06	-4.219798e-09	-8.995519e+00	-2.482218e+02
4.630000e-06	-1.363585e-06	-4.361660e-09	-9.234713e+00	-2.566720e+02
4.640000e-06	-1.398791e-06	-4.500677e-09	-9.473139e+00	-2.649821e+02
4.650000e-06	-1.433804e-06	-4.636476e-09	-9.710260e+00	-2.731528e+02
4.660000e-06	-1.468660e-06	-4.770696e-09	-9.946323e+00	-2.811841e+02
4.670000e-06	-1.503404e-06	-4.903215e-09	-1.018162e+01	-2.890756e+02
4.680000e-06	-1.538006e-06	-5.035302e-09	-1.041596e+01	-2.968266e+02
4.690000e-06	-1.572310e-06	-5.164624e-09	-1.064828e+01	-3.044360e+02
4.700000e-06	-1.606346e-06	-5.292255e-09	-1.087878e+01	-3.119028e+02
4.710000e-06	-1.640250e-06	-5.417685e-09	-1.110839e+01	-3.192266e+02
4.720000e-06	-1.673967e-06	-5.538335e-09	-1.133674e+01	-3.264069e+02
4.730000e-06	-1.707441e-06	-5.654580e-09	-1.156344e+01	-3.334442e+02
4.740000e-06	-1.740759e-06	-5.767769e-09	-1.178908e+01	-3.403393e+02
4.750000e-06	-1.773935e-06	-5.879704e-09	-1.201376e+01	-3.470938e+02
4.760000e-06	-1.806908e-06	-5.991765e-09	-1.223707e+01	-3.537096e+02
4.770000e-06	-1.839606e-06	-6.103939e-09	-1.245851e+01	-3.601889e+02
4.780000e-06	-1.871997e-06	-6.213972e-09	-1.267787e+01	-3.665339e+02
4.790000e-06	-1.904146e-06	-6.319509e-09	-1.289560e+01	-3.727467e+02
4.800000e-06	-1.936110e-06	-6.420706e-09	-1.311207e+01	-3.788292e+02
4.810000e-06	-1.967881e-06	-6.519424e-09	-1.332724e+01	-3.847831e+02
4.820000e-06	-1.999460e-06	-6.615257e-09	-1.354110e+01	-3.906097e+02
4.830000e-06	-2.030894e-06	-6.711615e-09	-1.375398e+01	-3.963103e+02
4.840000e-06	-2.062164e-06	-6.805003e-09	-1.396575e+01	-4.018861e+02
4.850000e-06	-2.093241e-06	-6.895326e-09	-1.417622e+01	-4.073387e+02
4.860000e-06	-2.124133e-06	-6.986175e-09	-1.438543e+01	-4.126699e+02
4.870000e-06	-2.154787e-06	-7.076262e-09	-1.459303e+01	-4.178823e+02
4.880000e-06	-2.185036e-06	-7.163068e-09	-1.479789e+01	-4.229790e+02
4.890000e-06	-2.214843e-06	-7.246709e-09	-1.499975e+01	-4.279638e+02
4.900000e-06	-2.244186e-06	-7.328505e-09	-1.519848e+01	-4.328411e+02
4.910000e-06	-2.273111e-06	-7.407652e-09	-1.539437e+01	-4.376154e+02
4.920000e-06	-2.301639e-06	-7.485012e-09	-1.558757e+01	-4.422913e+02
4.930000e-06	-2.329739e-06	-7.559815e-09	-1.577788e+01	-4.468734e+02
4.940000e-06	-2.357576e-06	-7.633045e-09	-1.596639e+01	-4.513653e+02
4.950000e-06	-2.385217e-06	-7.706510e-09	-1.615360e+01	-4.557700e+02
4.960000e-06	-2.412702e-06	-7.780071e-09	-1.633973e+01	-4.600897e+02
4.970000e-06	-2.440069e-06	-7.851829e-09	-1.652507e+01	-4.643254e+02
4.980000e-06	-2.467234e-06	-7.921928e-09	-1.670904e+01	-4.684771e+02
4.990000e-06	-2.494116e-06	-7.991937e-09	-1.689110e+01	-4.725446e+02
5.000000e-06	-2.520659e-06	-8.058217e-09	-1.707085e+01	-4.765267e+02
5.010000e-06	-2.546884e-06	-8.121097e-09	-1.724846e+01	-4.804226e+02
5.020000e-06	-2.572810e-06	-8.183556e-09	-1.742404e+01	-4.842316e+02
5.030000e-06	-2.598478e-06	-8.245806e-09	-1.759788e+01	-4.879535e+02
5.040000e-06	-2.623888e-06	-8.306385e-09	-1.776996e+01	-4.915889e+02
5.050000e-06	-2.648935e-06	-8.365376e-09	-1.793959e+01	-4.951392e+02
5.060000e-06	-2.673557e-06	-8.424970e-09	-1.810634e+01	-4.986066e+02
5.070000e-06	-2.697809e-06	-8.483969e-09	-1.827058e+01	-5.019939e+02
5.080000e-06	-2.721757e-06	-8.539393e-09	-1.843277e+01	-5.053041e+02
5.090000e-06	-2.745484e-06	-8.591880e-09	-1.859346e+01	-5.085401e+02
5.100000e-06	-2.769034e-06	-8.643104e-09	-1.875295e+01	-5.117047e+02
5.110000e-06	-2.792420e-06	-8.693195e-09	-1.891132e+01	-5.147999e+02
5.120000e-06	-2.815568e-06	-8.740859e-09	-1.906809e+01	-5.178268e+02
5.130000e-06	-2.838356e-06	-8.787755e-09	-1.922242e+01	-5.207859e+02
5.140000e-06	-2.860718e-06	-8.838112e-09	-1.937387e+01	-5.236766e+02
5.150000e-06	-2.882535e-06	-8.888991e-09	-1.952162e+01	-5.264980e+02
5.160000e-06	-2.903819e-06	-8.935510e-09	-1.966576e+01	-5.292485e+02
5.170000e-06	-2.924504e-06	-8.977862e-09	-1.980585e+01	-5.319269e+02
5.180000e-06	-2.944686e-06	-9.019978e-09	-1.994253e+01	-5.345322e+02
5.190000e-06	-2.964557e-06	-9.062254e-09	-2.007710e+01	-5.370644e+02
5.200000e-06	-2.984164e-06	-9.101309e-09	-2.020989e+01	-5.395240e+02
5.210000e-06	-3.003591e-06	-9.138101e-09	-2.034145e+01	-5.419130e+02
5.220000e-06	-3.022796e-06	-9.176215e-09	-2.047152e+01	-5.442340e+02
5.230000e-06	-3.041622e-06	-9.215466e-09	-2.059901e+01	-5.464905e+02
5.240000e-06	-3.060082e-06	-9.251570e-09	-2.072403e+01	-5.486863e+02
5.250000e-06	-3.078184e-06	-9.284352e-09	-2.084663e+01	-5.508252e+02
5.260000e-06	-3.095918e-06	-9.318182e-09	-2.096673e+01	-5.529107e+02
5.270000e-06	-3.113363e-06	-9.352909e-09	-2.108487e+01	-5.549456e+02
5.280000e-06	-3.130531e-06	-9.384626e-09	-2.120114e+01	-5.569314e+02
5.290000e-06	-3.147323e-06	-9.412934e-09	-2.131486e+01	-5.588687e+02
5.300000e-06	-3.163694e-06	-9.442882e-09	-2.142573e+01	-5.607570e+02
5.310000e-06	-3.179709e-06	-9.475207e-09	-2.153419e+01	-5.625946e+02
5.320000e-06	-3.195382e-06	-9.505120e-09	-2.164034e+01	-5.643794e+02
5.330000e-06	-3.210817e-06	-9.531673e-09	-2.174487e+01	-5.661089e+02
5.340000e-06	-3.225990e-06	-9.558081e-09	-2.184763e+01	-5.677808e+02
5.350000e-06	-3.240776e-06	-9.585865e-09	-2.194776e+01	-5.693934e+02
5.360000e-06	-3.255055e-06	-9.610837e-09	-2.204446e+01	-5.709458e+02
5.370000e-06	-3.268662e-06	-9.632911e-09	-2.213662e+01	-5.724381e+02
5.380000e-06	-3.281525e-06	-9.656608e-09	-2.222373e+01	-5.738714e+02
5.390000e-06	-3.293784e-06	-9.681361e-09	-2.230675e+01	-5.752476e+02
5.400000e-06	-3.305700e-06	-9.703906e-09	-2.238745e+01	-5.765694e+02
5.410000e-06	-3.317299e-06	-9.723439e-09	-2.246600e+01	-5.778396e+02
5.420000e-06	-3.328514e-06	-9.742202e-09	-2.254195e+01	-5.790610e+02
5.430000e-06	-3.339306e-06	-9.760543e-09	-2.261504e+01	-5.802360e+02
5.440000e-06	-3.349647e-06	-9.778613e-09	-2.268508e+01	-5.813663e+02
5.450000e-06	-3.359622e-06	-9.796556e-09	-2.275263e+01	-5.824527e+02
5.460000e-06	-3.369236e-06	-9.816423e-09	-2.281774e+01	-5.834953e+02
5.470000e-06	-3.378489e-06	-9.837474e-09	-2.288041e+01	-5.844939e+02
5.480000e-06	-3.387334e-06	-9.854790e-09	-2.294031e+01	-5.854474e+02
5.490000e-06	-3.395711e-06	-9.866644e-09	-2.299704e+01	-5.863554e+02
5.500000e-06	-3.403732e-06	-9.876188e-09	-2.305136e+01	-5.872174e+02
5.510000e-06	-3.411477e-06	-9.888733e-09	-2.310381e+01	-5.880339e+02
5.520000e-06	-3.418918e-06	-9.902177e-09	-2.315421e+01	-5.888061e+02
5.530000e-06	-3.426075e-06	-9.914349e-09	-2.320268e+01	-5.895362e+02
5.540000e-06	-3.432867e-06	-9.927075e-09	-2.324867e+01	-5.902271e+02
5.550000e-06	-3.439103e-06	-9.941787e-09	-2.329090e+01	-5.908822e+02
5.560000e-06	-3.444681e-06	-9.954914e-09	-2.332869e+01	-5.915048e+02
5.570000e-06	-3.449675e-06	-9.963807e-09	-2.336251e+01	-5.920980e+02
5.580000e-06	-3.454177e-06	-9.970094e-09	-2.339300e+01	-5.926635e+02
5.590000e-06	-3.458167e-06	-9.977476e-09	-2.342002e+01	-5.932021e+02
5.600000e-06	-3.461776e-06	-9.986602e-09	-2.344446e+01	-5.937127e+02
5.610000e-06	-3.465199e-06	-9.994132e-09	-2.346764e+01	-5.941926e+02
5.620000e-06	-3.468383e-06	-1.000106e-08	-2.348920e+01	-5.946379e+02
5.630000e-06	-3.471111e-06	-1.000954e-08	-2.350768e+01	-5.950436e+02
5.640000e-06	-3.473388e-06	-1.001716e-08	-2.352310e+01	-5.954041e+02
5.650000e-06	-3.475281e-06	-1.001942e-08	-2.353592e+01	-5.957146e+02
5.660000e-06	-3.476789e-06	-1.001909e-08	-2.354613e+01	-5.959708e+02
5.670000e-06	-3.477971e-06	-1.002121e-08	-2.355414e+01	-5.961704e+02
5.680000e-06	-3.478749e-06	-1.002601e-08	-2.355940e+01	-5.963133e+02
5.690000e-06	-3.479111e-06	-1.002943e-08	-2.356186e+01	-5.964015e+02
