# Temperatura_=_20.0
# Concentracion g/m^3_=_12000.0
# C_Vs_to_Am_M_A/Vsm_=_59384043850.047264
# pendiente_HvsI_1/m_=_3716.3
# ordenada_HvsI_A/m_=_1297.0
# frecuencia_Hz_=_175570.41133841497

Tiempo_(s)	Campo_(V.s)	Magnetizacion_(V.s)	Campo_(kA/m)	Magnetizacion_(A/m)
0.000000e+00	-3.464425e-06	-1.003501e-08	-2.356363e+01	-5.960649e+02
1.000000e-08	-3.464154e-06	-1.003572e-08	-2.356179e+01	-5.960665e+02
2.000000e-08	-3.463690e-06	-1.003641e-08	-2.355863e+01	-5.960429e+02
3.000000e-08	-3.462929e-06	-1.003539e-08	-2.355345e+01	-5.959992e+02
4.000000e-08	-3.461685e-06	-1.003491e-08	-2.354500e+01	-5.959387e+02
5.000000e-08	-3.459833e-06	-1.003327e-08	-2.353240e+01	-5.958617e+02
6.000000e-08	-3.457340e-06	-1.001135e-08	-2.351544e+01	-5.957660e+02
7.000000e-08	-3.454270e-06	-9.999667e-09	-2.349456e+01	-5.956468e+02
8.000000e-08	-3.450645e-06	-1.007621e-08	-2.346991e+01	-5.954979e+02
9.000000e-08	-3.446549e-06	-1.007856e-08	-2.344205e+01	-5.953120e+02
1.000000e-07	-3.442153e-06	-9.933722e-09	-2.341215e+01	-5.950821e+02
1.100000e-07	-3.437446e-06	-9.915571e-09	-2.338013e+01	-5.948025e+02
1.200000e-07	-3.432421e-06	-1.009738e-08	-2.334595e+01	-5.944693e+02
1.300000e-07	-3.427054e-06	-1.012294e-08	-2.330945e+01	-5.940816e+02
1.400000e-07	-3.421225e-06	-9.836421e-09	-2.326980e+01	-5.936409e+02
1.500000e-07	-3.414995e-06	-9.857220e-09	-2.322743e+01	-5.931518e+02
1.600000e-07	-3.408452e-06	-1.006061e-08	-2.318292e+01	-5.926207e+02
1.700000e-07	-3.401462e-06	-9.976436e-09	-2.313538e+01	-5.920556e+02
1.800000e-07	-3.394051e-06	-9.850991e-09	-2.308497e+01	-5.914642e+02
1.900000e-07	-3.386406e-06	-9.875962e-09	-2.303298e+01	-5.908537e+02
2.000000e-07	-3.378435e-06	-9.910007e-09	-2.297876e+01	-5.902290e+02
2.100000e-07	-3.370027e-06	-9.859648e-09	-2.292157e+01	-5.895926e+02
2.200000e-07	-3.361298e-06	-9.958792e-09	-2.286220e+01	-5.889434e+02
2.300000e-07	-3.352187e-06	-9.865718e-09	-2.280023e+01	-5.882771e+02
2.400000e-07	-3.342474e-06	-9.692446e-09	-2.273417e+01	-5.875865e+02
2.500000e-07	-3.332251e-06	-9.862858e-09	-2.266463e+01	-5.868622e+02
2.600000e-07	-3.321555e-06	-9.986604e-09	-2.259189e+01	-5.860935e+02
2.700000e-07	-3.310307e-06	-9.739223e-09	-2.251538e+01	-5.852698e+02
2.800000e-07	-3.298499e-06	-9.637113e-09	-2.243507e+01	-5.843817e+02
2.900000e-07	-3.286147e-06	-9.858158e-09	-2.235105e+01	-5.834220e+02
3.000000e-07	-3.273369e-06	-9.868396e-09	-2.226415e+01	-5.823863e+02
3.100000e-07	-3.260239e-06	-9.651766e-09	-2.217484e+01	-5.812739e+02
3.200000e-07	-3.246672e-06	-9.609219e-09	-2.208256e+01	-5.800875e+02
3.300000e-07	-3.232638e-06	-9.753527e-09	-2.198711e+01	-5.788328e+02
3.400000e-07	-3.218217e-06	-9.753457e-09	-2.188903e+01	-5.775176e+02
3.500000e-07	-3.203409e-06	-9.604773e-09	-2.178830e+01	-5.761511e+02
3.600000e-07	-3.188051e-06	-9.551355e-09	-2.168385e+01	-5.747428e+02
3.700000e-07	-3.172128e-06	-9.655459e-09	-2.157555e+01	-5.733009e+02
3.800000e-07	-3.155737e-06	-9.630669e-09	-2.146406e+01	-5.718321e+02
3.900000e-07	-3.138846e-06	-9.518061e-09	-2.134918e+01	-5.703402e+02
4.000000e-07	-3.121492e-06	-9.501577e-09	-2.123114e+01	-5.688265e+02
4.100000e-07	-3.103843e-06	-9.526079e-09	-2.111110e+01	-5.672891e+02
4.200000e-07	-3.085923e-06	-9.506983e-09	-2.098921e+01	-5.657240e+02
4.300000e-07	-3.067640e-06	-9.454602e-09	-2.086486e+01	-5.641253e+02
4.400000e-07	-3.048964e-06	-9.385530e-09	-2.073783e+01	-5.624862e+02
4.500000e-07	-3.029914e-06	-9.383111e-09	-2.060826e+01	-5.608002e+02
4.600000e-07	-3.010560e-06	-9.410848e-09	-2.047663e+01	-5.590614e+02
4.700000e-07	-2.990877e-06	-9.337596e-09	-2.034275e+01	-5.572656e+02
4.800000e-07	-2.970850e-06	-9.262829e-09	-2.020654e+01	-5.554107e+02
4.900000e-07	-2.950555e-06	-9.277274e-09	-2.006849e+01	-5.534967e+02
5.000000e-07	-2.930029e-06	-9.278463e-09	-1.992888e+01	-5.515257e+02
5.100000e-07	-2.909261e-06	-9.201903e-09	-1.978763e+01	-5.495014e+02
5.200000e-07	-2.888214e-06	-9.140817e-09	-1.964448e+01	-5.474284e+02
5.300000e-07	-2.866876e-06	-9.136550e-09	-1.949934e+01	-5.453117e+02
5.400000e-07	-2.845173e-06	-9.132224e-09	-1.935173e+01	-5.431559e+02
5.500000e-07	-2.823104e-06	-9.064244e-09	-1.920162e+01	-5.409648e+02
5.600000e-07	-2.800733e-06	-8.999864e-09	-1.904946e+01	-5.387407e+02
5.700000e-07	-2.778032e-06	-8.993323e-09	-1.889506e+01	-5.364841e+02
5.800000e-07	-2.754972e-06	-8.985131e-09	-1.873821e+01	-5.341942e+02
5.900000e-07	-2.731600e-06	-8.912783e-09	-1.857925e+01	-5.318688e+02
6.000000e-07	-2.707907e-06	-8.849544e-09	-1.841810e+01	-5.295048e+02
6.100000e-07	-2.683853e-06	-8.840589e-09	-1.825449e+01	-5.270985e+02
6.200000e-07	-2.659562e-06	-8.824656e-09	-1.808928e+01	-5.246464e+02
6.300000e-07	-2.635078e-06	-8.757905e-09	-1.792275e+01	-5.221453e+02
6.400000e-07	-2.610356e-06	-8.694662e-09	-1.775460e+01	-5.195929e+02
6.500000e-07	-2.585362e-06	-8.674904e-09	-1.758460e+01	-5.169880e+02
6.600000e-07	-2.559991e-06	-8.654104e-09	-1.741204e+01	-5.143301e+02
6.700000e-07	-2.534253e-06	-8.588112e-09	-1.723697e+01	-5.116196e+02
6.800000e-07	-2.508083e-06	-8.518001e-09	-1.705898e+01	-5.088574e+02
6.900000e-07	-2.481354e-06	-8.495324e-09	-1.687718e+01	-5.060446e+02
7.000000e-07	-2.454005e-06	-8.473418e-09	-1.669116e+01	-5.031821e+02
7.100000e-07	-2.426244e-06	-8.404818e-09	-1.650234e+01	-5.002704e+02
7.200000e-07	-2.398316e-06	-8.327983e-09	-1.631238e+01	-4.973094e+02
7.300000e-07	-2.370147e-06	-8.293035e-09	-1.612079e+01	-4.942983e+02
7.400000e-07	-2.341754e-06	-8.261034e-09	-1.592768e+01	-4.912358e+02
7.500000e-07	-2.313191e-06	-8.192542e-09	-1.573340e+01	-4.881199e+02
7.600000e-07	-2.284457e-06	-8.117602e-09	-1.553796e+01	-4.849489e+02
7.700000e-07	-2.255500e-06	-8.080613e-09	-1.534101e+01	-4.817209e+02
7.800000e-07	-2.226241e-06	-8.050862e-09	-1.514200e+01	-4.784344e+02
7.900000e-07	-2.196654e-06	-7.984956e-09	-1.494076e+01	-4.750885e+02
8.000000e-07	-2.166822e-06	-7.902139e-09	-1.473786e+01	-4.716829e+02
8.100000e-07	-2.136800e-06	-7.849163e-09	-1.453366e+01	-4.682179e+02
8.200000e-07	-2.106528e-06	-7.807288e-09	-1.432776e+01	-4.646941e+02
8.300000e-07	-2.076055e-06	-7.736439e-09	-1.412049e+01	-4.611123e+02
8.400000e-07	-2.045392e-06	-7.653057e-09	-1.391194e+01	-4.574731e+02
8.500000e-07	-2.014484e-06	-7.598431e-09	-1.370171e+01	-4.537765e+02
8.600000e-07	-1.983337e-06	-7.558343e-09	-1.348987e+01	-4.500222e+02
8.700000e-07	-1.951929e-06	-7.493648e-09	-1.327624e+01	-4.462088e+02
8.800000e-07	-1.920315e-06	-7.412789e-09	-1.306121e+01	-4.423342e+02
8.900000e-07	-1.888573e-06	-7.349826e-09	-1.284532e+01	-4.383957e+02
9.000000e-07	-1.856612e-06	-7.299312e-09	-1.262793e+01	-4.343902e+02
9.100000e-07	-1.824390e-06	-7.225493e-09	-1.240877e+01	-4.303144e+02
9.200000e-07	-1.792017e-06	-7.136601e-09	-1.218859e+01	-4.261656e+02
9.300000e-07	-1.759582e-06	-7.066593e-09	-1.196797e+01	-4.219417e+02
9.400000e-07	-1.727056e-06	-7.012107e-09	-1.174675e+01	-4.176414e+02
9.500000e-07	-1.694337e-06	-6.941575e-09	-1.152420e+01	-4.132645e+02
9.600000e-07	-1.661444e-06	-6.857698e-09	-1.130048e+01	-4.088122e+02
9.700000e-07	-1.628383e-06	-6.784912e-09	-1.107561e+01	-4.042861e+02
9.800000e-07	-1.594977e-06	-6.720557e-09	-1.084839e+01	-3.996888e+02
9.900000e-07	-1.561159e-06	-6.638280e-09	-1.061838e+01	-3.950228e+02
1.000000e-06	-1.527137e-06	-6.544292e-09	-1.038698e+01	-3.902905e+02
1.010000e-06	-1.492938e-06	-6.462037e-09	-1.015437e+01	-3.854934e+02
1.020000e-06	-1.458315e-06	-6.391238e-09	-9.918875e+00	-3.806321e+02
1.030000e-06	-1.423291e-06	-6.310749e-09	-9.680653e+00	-3.757057e+02
1.040000e-06	-1.388014e-06	-6.218604e-09	-9.440714e+00	-3.707120e+02
1.050000e-06	-1.352545e-06	-6.133058e-09	-9.199471e+00	-3.656477e+02
1.060000e-06	-1.316883e-06	-6.055930e-09	-8.956910e+00	-3.605083e+02
1.070000e-06	-1.281025e-06	-5.967326e-09	-8.713022e+00	-3.552888e+02
1.080000e-06	-1.244932e-06	-5.865794e-09	-8.467528e+00	-3.499841e+02
1.090000e-06	-1.208696e-06	-5.771491e-09	-8.221068e+00	-3.445894e+02
1.100000e-06	-1.172433e-06	-5.689046e-09	-7.974417e+00	-3.391005e+02
1.110000e-06	-1.136091e-06	-5.600209e-09	-7.727239e+00	-3.335144e+02
1.120000e-06	-1.099702e-06	-5.497400e-09	-7.479732e+00	-3.278290e+02
1.130000e-06	-1.063251e-06	-5.398326e-09	-7.231808e+00	-3.220434e+02
1.140000e-06	-1.026739e-06	-5.308857e-09	-6.983465e+00	-3.161575e+02
1.150000e-06	-9.901963e-07	-5.212857e-09	-6.734919e+00	-3.101716e+02
1.160000e-06	-9.535564e-07	-5.101681e-09	-6.485709e+00	-3.040863e+02
1.170000e-06	-9.168678e-07	-4.993019e-09	-6.236168e+00	-2.979017e+02
1.180000e-06	-8.801423e-07	-4.895554e-09	-5.986376e+00	-2.916173e+02
1.190000e-06	-8.433095e-07	-4.794574e-09	-5.735853e+00	-2.852316e+02
1.200000e-06	-8.063590e-07	-4.680744e-09	-5.484531e+00	-2.787423e+02
1.210000e-06	-7.692969e-07	-4.567528e-09	-5.232450e+00	-2.721458e+02
1.220000e-06	-7.320910e-07	-4.461445e-09	-4.979390e+00	-2.654378e+02
1.230000e-06	-6.946871e-07	-4.350373e-09	-4.724983e+00	-2.586137e+02
1.240000e-06	-6.572130e-07	-4.228429e-09	-4.470100e+00	-2.516683e+02
1.250000e-06	-6.197356e-07	-4.105498e-09	-4.215194e+00	-2.445972e+02
1.260000e-06	-5.821820e-07	-3.990046e-09	-3.959769e+00	-2.373960e+02
1.270000e-06	-5.445133e-07	-3.872784e-09	-3.703562e+00	-2.300613e+02
1.280000e-06	-5.067631e-07	-3.745754e-09	-3.446800e+00	-2.225904e+02
1.290000e-06	-4.689561e-07	-3.615556e-09	-3.189651e+00	-2.149814e+02
1.300000e-06	-4.310535e-07	-3.488941e-09	-2.931853e+00	-2.072328e+02
1.310000e-06	-3.930772e-07	-3.359561e-09	-2.673553e+00	-1.993434e+02
1.320000e-06	-3.550811e-07	-3.220896e-09	-2.415120e+00	-1.913118e+02
1.330000e-06	-3.170591e-07	-3.079015e-09	-2.156509e+00	-1.831361e+02
1.340000e-06	-2.790077e-07	-2.940808e-09	-1.897699e+00	-1.748139e+02
1.350000e-06	-2.409064e-07	-2.804097e-09	-1.638549e+00	-1.663421e+02
1.360000e-06	-2.027720e-07	-2.662262e-09	-1.379174e+00	-1.577169e+02
1.370000e-06	-1.646499e-07	-2.513961e-09	-1.119883e+00	-1.489343e+02
1.380000e-06	-1.265062e-07	-2.364210e-09	-8.604444e-01	-1.399905e+02
1.390000e-06	-8.828992e-08	-2.212984e-09	-6.005127e-01	-1.308823e+02
1.400000e-06	-5.007195e-08	-2.055105e-09	-3.405694e-01	-1.216081e+02
1.410000e-06	-1.188267e-08	-1.892279e-09	-8.082115e-02	-1.121680e+02
1.420000e-06	2.633281e-08	-1.732019e-09	1.791052e-01	-1.025646e+02
1.430000e-06	6.454458e-08	-1.571391e-09	4.390064e-01	-9.280331e+01
1.440000e-06	1.027113e-07	-1.404314e-09	6.986013e-01	-8.289216e+01
1.450000e-06	1.408384e-07	-1.233036e-09	9.579267e-01	-7.284185e+01
1.460000e-06	1.789953e-07	-1.060870e-09	1.217454e+00	-6.266528e+01
1.470000e-06	2.171591e-07	-8.900628e-10	1.477030e+00	-5.237697e+01
1.480000e-06	2.552693e-07	-7.164402e-10	1.736239e+00	-4.199237e+01
1.490000e-06	2.933395e-07	-5.389927e-10	1.995178e+00	-3.152715e+01
1.500000e-06	3.313572e-07	-3.626892e-10	2.253759e+00	-2.099653e+01
1.510000e-06	3.693198e-07	-1.884478e-10	2.511965e+00	-1.041473e+01
1.520000e-06	4.072342e-07	-8.867782e-12	2.769844e+00	2.053335e-01
1.530000e-06	4.451031e-07	1.759361e-10	3.027413e+00	1.085220e+01
1.540000e-06	4.829726e-07	3.582586e-10	3.284986e+00	2.151573e+01
1.550000e-06	5.207402e-07	5.370970e-10	3.541866e+00	3.218678e+01
1.560000e-06	5.583643e-07	7.150848e-10	3.797770e+00	4.285679e+01
1.570000e-06	5.959731e-07	8.954063e-10	4.053570e+00	5.351726e+01
1.580000e-06	6.334916e-07	1.073037e-09	4.308756e+00	6.415923e+01
1.590000e-06	6.708520e-07	1.248092e-09	4.562866e+00	7.477293e+01
1.600000e-06	7.081409e-07	1.424990e-09	4.816491e+00	8.534755e+01
1.610000e-06	7.453838e-07	1.604789e-09	5.069802e+00	9.587120e+01
1.620000e-06	7.824985e-07	1.784015e-09	5.322242e+00	1.063311e+02
1.630000e-06	8.194797e-07	1.960010e-09	5.573772e+00	1.167140e+02
1.640000e-06	8.563554e-07	2.134007e-09	5.824586e+00	1.270067e+02
1.650000e-06	8.931056e-07	2.304235e-09	6.074547e+00	1.371966e+02
1.660000e-06	9.297853e-07	2.471154e-09	6.324028e+00	1.472724e+02
1.670000e-06	9.664071e-07	2.634032e-09	6.573114e+00	1.572243e+02
1.680000e-06	1.002979e-06	2.797448e-09	6.821860e+00	1.670449e+02
1.690000e-06	1.039498e-06	2.963769e-09	7.070247e+00	1.767288e+02
1.700000e-06	1.075932e-06	3.128542e-09	7.318060e+00	1.862729e+02
1.710000e-06	1.112334e-06	3.288499e-09	7.565650e+00	1.956760e+02
1.720000e-06	1.148678e-06	3.443866e-09	7.812848e+00	2.049383e+02
1.730000e-06	1.184955e-06	3.596015e-09	8.059587e+00	2.140609e+02
1.740000e-06	1.221201e-06	3.744569e-09	8.306121e+00	2.230456e+02
1.750000e-06	1.257325e-06	3.891234e-09	8.551819e+00	2.318936e+02
1.760000e-06	1.293299e-06	4.037106e-09	8.796504e+00	2.406061e+02
1.770000e-06	1.329135e-06	4.181155e-09	9.040245e+00	2.491830e+02
1.780000e-06	1.364879e-06	4.322915e-09	9.283360e+00	2.576238e+02
1.790000e-06	1.400469e-06	4.461844e-09	9.525428e+00	2.659269e+02
1.800000e-06	1.435665e-06	4.597707e-09	9.764817e+00	2.740906e+02
1.810000e-06	1.470483e-06	4.731877e-09	1.000163e+01	2.821126e+02
1.820000e-06	1.504949e-06	4.863836e-09	1.023606e+01	2.899912e+02
1.830000e-06	1.539044e-06	4.993900e-09	1.046796e+01	2.977252e+02
1.840000e-06	1.572939e-06	5.122440e-09	1.069850e+01	3.053139e+02
1.850000e-06	1.606562e-06	5.249334e-09	1.092719e+01	3.127578e+02
1.860000e-06	1.639775e-06	5.373243e-09	1.115309e+01	3.200582e+02
1.870000e-06	1.672725e-06	5.493053e-09	1.137721e+01	3.272169e+02
1.880000e-06	1.705524e-06	5.610291e-09	1.160029e+01	3.342361e+02
1.890000e-06	1.738180e-06	5.726492e-09	1.182241e+01	3.411183e+02
1.900000e-06	1.770698e-06	5.840967e-09	1.204358e+01	3.478653e+02
1.910000e-06	1.803100e-06	5.952293e-09	1.226396e+01	3.544786e+02
1.920000e-06	1.835397e-06	6.061157e-09	1.248364e+01	3.609587e+02
1.930000e-06	1.867591e-06	6.168278e-09	1.270261e+01	3.673053e+02
1.940000e-06	1.899596e-06	6.273883e-09	1.292029e+01	3.735178e+02
1.950000e-06	1.931375e-06	6.376972e-09	1.313644e+01	3.795949e+02
1.960000e-06	1.962890e-06	6.474021e-09	1.335079e+01	3.855355e+02
1.970000e-06	1.994085e-06	6.566941e-09	1.356296e+01	3.913388e+02
1.980000e-06	2.025004e-06	6.660455e-09	1.377326e+01	3.970053e+02
1.990000e-06	2.055667e-06	6.754148e-09	1.398182e+01	4.025362e+02
2.000000e-06	2.086148e-06	6.845831e-09	1.418914e+01	4.079346e+02
2.010000e-06	2.116446e-06	6.934885e-09	1.439522e+01	4.132047e+02
2.020000e-06	2.146528e-06	7.022883e-09	1.459983e+01	4.183521e+02
2.030000e-06	2.176448e-06	7.108659e-09	1.480333e+01	4.233833e+02
2.040000e-06	2.206111e-06	7.191338e-09	1.500508e+01	4.283053e+02
2.050000e-06	2.235481e-06	7.271799e-09	1.520485e+01	4.331251e+02
2.060000e-06	2.264566e-06	7.349958e-09	1.540267e+01	4.378488e+02
2.070000e-06	2.293386e-06	7.427474e-09	1.559869e+01	4.424816e+02
2.080000e-06	2.322013e-06	7.503421e-09	1.579340e+01	4.470275e+02
2.090000e-06	2.350455e-06	7.578732e-09	1.598685e+01	4.514887e+02
2.100000e-06	2.378783e-06	7.654157e-09	1.617953e+01	4.558660e+02
2.110000e-06	2.406962e-06	7.727253e-09	1.637120e+01	4.601592e+02
2.120000e-06	2.434889e-06	7.798814e-09	1.656114e+01	4.643670e+02
2.130000e-06	2.462533e-06	7.867625e-09	1.674917e+01	4.684882e+02
2.140000e-06	2.489772e-06	7.933946e-09	1.693443e+01	4.725213e+02
2.150000e-06	2.516450e-06	7.998227e-09	1.711588e+01	4.764657e+02
2.160000e-06	2.542559e-06	8.060254e-09	1.729347e+01	4.803217e+02
2.170000e-06	2.568143e-06	8.122956e-09	1.746748e+01	4.840906e+02
2.180000e-06	2.593290e-06	8.187543e-09	1.763852e+01	4.877748e+02
2.190000e-06	2.618085e-06	8.249799e-09	1.780716e+01	4.913776e+02
2.200000e-06	2.642599e-06	8.309206e-09	1.797390e+01	4.949024e+02
2.210000e-06	2.666927e-06	8.368371e-09	1.813937e+01	4.983530e+02
2.220000e-06	2.691043e-06	8.426763e-09	1.830339e+01	5.017326e+02
2.230000e-06	2.714863e-06	8.482722e-09	1.846541e+01	5.050435e+02
2.240000e-06	2.738350e-06	8.536253e-09	1.862516e+01	5.082870e+02
2.250000e-06	2.761467e-06	8.588347e-09	1.878239e+01	5.114630e+02
2.260000e-06	2.784249e-06	8.639544e-09	1.893735e+01	5.145706e+02
2.270000e-06	2.806747e-06	8.690806e-09	1.909037e+01	5.176077e+02
2.280000e-06	2.828910e-06	8.740921e-09	1.924111e+01	5.205720e+02
2.290000e-06	2.850745e-06	8.791446e-09	1.938963e+01	5.234613e+02
2.300000e-06	2.872281e-06	8.841639e-09	1.953611e+01	5.262739e+02
2.310000e-06	2.893449e-06	8.890446e-09	1.968008e+01	5.290091e+02
2.320000e-06	2.914272e-06	8.936455e-09	1.982171e+01	5.316676e+02
2.330000e-06	2.934857e-06	8.979740e-09	1.996172e+01	5.342514e+02
2.340000e-06	2.955258e-06	9.021644e-09	2.010048e+01	5.367640e+02
2.350000e-06	2.975387e-06	9.063121e-09	2.023739e+01	5.392097e+02
2.360000e-06	2.995248e-06	9.105647e-09	2.037247e+01	5.415936e+02
2.370000e-06	3.014835e-06	9.148635e-09	2.050570e+01	5.439205e+02
2.380000e-06	3.034013e-06	9.191071e-09	2.063614e+01	5.461949e+02
2.390000e-06	3.052736e-06	9.232237e-09	2.076349e+01	5.484201e+02
2.400000e-06	3.071046e-06	9.272602e-09	2.088803e+01	5.505980e+02
2.410000e-06	3.088957e-06	9.310886e-09	2.100985e+01	5.527287e+02
2.420000e-06	3.106533e-06	9.347093e-09	2.112939e+01	5.548111e+02
2.430000e-06	3.123811e-06	9.380536e-09	2.124691e+01	5.568425e+02
2.440000e-06	3.140726e-06	9.413511e-09	2.136196e+01	5.588195e+02
2.450000e-06	3.157199e-06	9.448055e-09	2.147400e+01	5.607385e+02
2.460000e-06	3.173242e-06	9.481673e-09	2.158312e+01	5.625961e+02
2.470000e-06	3.188893e-06	9.513325e-09	2.168958e+01	5.643899e+02
2.480000e-06	3.204074e-06	9.544863e-09	2.179283e+01	5.661190e+02
2.490000e-06	3.218771e-06	9.576464e-09	2.189279e+01	5.677838e+02
2.500000e-06	3.233088e-06	9.605193e-09	2.199017e+01	5.693865e+02
2.510000e-06	3.247127e-06	9.629686e-09	2.208566e+01	5.709303e+02
2.520000e-06	3.260775e-06	9.653359e-09	2.217849e+01	5.724197e+02
2.530000e-06	3.273920e-06	9.678508e-09	2.226790e+01	5.738593e+02
2.540000e-06	3.286649e-06	9.702525e-09	2.235447e+01	5.752536e+02
2.550000e-06	3.299091e-06	9.723534e-09	2.243910e+01	5.766061e+02
2.560000e-06	3.311152e-06	9.744149e-09	2.252113e+01	5.779191e+02
2.570000e-06	3.322745e-06	9.768545e-09	2.259998e+01	5.791936e+02
2.580000e-06	3.333773e-06	9.792059e-09	2.267499e+01	5.804288e+02
2.590000e-06	3.344175e-06	9.810781e-09	2.274574e+01	5.816227e+02
2.600000e-06	3.353970e-06	9.828694e-09	2.281236e+01	5.827725e+02
2.610000e-06	3.363191e-06	9.848658e-09	2.287508e+01	5.838751e+02
2.620000e-06	3.371991e-06	9.867245e-09	2.293493e+01	5.849275e+02
2.630000e-06	3.380419e-06	9.882084e-09	2.299226e+01	5.859279e+02
2.640000e-06	3.388545e-06	9.896795e-09	2.304753e+01	5.868754e+02
2.650000e-06	3.396384e-06	9.912855e-09	2.310085e+01	5.877711e+02
2.660000e-06	3.403766e-06	9.927418e-09	2.315105e+01	5.886173e+02
2.670000e-06	3.410704e-06	9.940106e-09	2.319824e+01	5.894176e+02
2.680000e-06	3.417272e-06	9.953423e-09	2.324291e+01	5.901767e+02
2.690000e-06	3.423441e-06	9.967101e-09	2.328487e+01	5.908992e+02
2.700000e-06	3.429241e-06	9.977270e-09	2.332432e+01	5.915891e+02
2.710000e-06	3.434706e-06	9.983145e-09	2.336150e+01	5.922493e+02
2.720000e-06	3.439795e-06	9.991031e-09	2.339611e+01	5.928813e+02
2.730000e-06	3.444496e-06	1.000327e-08	2.342808e+01	5.934841e+02
2.740000e-06	3.448885e-06	1.001403e-08	2.345794e+01	5.940553e+02
2.750000e-06	3.453010e-06	1.002241e-08	2.348599e+01	5.945903e+02
2.760000e-06	3.456828e-06	1.003115e-08	2.351196e+01	5.950836e+02
2.770000e-06	3.460157e-06	1.003879e-08	2.353460e+01	5.955295e+02
2.780000e-06	3.462931e-06	1.004308e-08	2.355347e+01	5.959225e+02
2.790000e-06	3.465117e-06	1.004306e-08	2.356834e+01	5.962583e+02
2.800000e-06	3.466668e-06	1.004397e-08	2.357889e+01	5.965347e+02
2.810000e-06	3.467750e-06	1.004851e-08	2.358625e+01	5.967519e+02
2.820000e-06	3.468492e-06	1.005099e-08	2.359129e+01	5.969122e+02
2.830000e-06	3.468903e-06	1.005095e-08	2.359409e+01	5.970206e+02
2.840000e-06	3.469008e-06	1.005190e-08	2.359480e+01	5.970837e+02
2.850000e-06	3.468739e-06	1.005329e-08	2.359297e+01	5.971088e+02
2.860000e-06	3.468035e-06	1.005128e-08	2.358819e+01	5.971035e+02
2.870000e-06	3.466925e-06	1.004690e-08	2.358064e+01	5.970744e+02
2.880000e-06	3.465469e-06	1.004457e-08	2.357073e+01	5.970264e+02
2.890000e-06	3.463683e-06	1.003937e-08	2.355858e+01	5.969619e+02
2.900000e-06	3.461515e-06	1.005974e-08	2.354384e+01	5.968806e+02
2.910000e-06	3.458966e-06	1.008757e-08	2.352650e+01	5.967796e+02
2.920000e-06	3.456012e-06	9.991882e-09	2.350641e+01	5.966537e+02
2.930000e-06	3.452623e-06	9.964116e-09	2.348336e+01	5.964962e+02
2.940000e-06	3.448985e-06	1.012233e-08	2.345862e+01	5.963000e+02
2.950000e-06	3.445108e-06	1.012884e-08	2.343224e+01	5.960582e+02
2.960000e-06	3.440780e-06	9.939589e-09	2.340281e+01	5.957655e+02
2.970000e-06	3.436060e-06	9.875698e-09	2.337070e+01	5.954187e+02
2.980000e-06	3.430920e-06	1.013894e-08	2.333574e+01	5.950175e+02
2.990000e-06	3.425053e-06	1.013359e-08	2.329584e+01	5.945642e+02
3.000000e-06	3.418433e-06	9.902291e-09	2.325081e+01	5.940640e+02
3.010000e-06	3.411434e-06	9.986699e-09	2.320321e+01	5.935237e+02
3.020000e-06	3.404187e-06	1.010986e-08	2.315392e+01	5.929513e+02
3.030000e-06	3.396538e-06	1.002077e-08	2.310189e+01	5.923545e+02
3.040000e-06	3.388523e-06	9.948344e-09	2.304738e+01	5.917402e+02
3.050000e-06	3.380252e-06	1.003535e-08	2.299112e+01	5.911125e+02
3.060000e-06	3.371501e-06	9.882508e-09	2.293160e+01	5.904732e+02
3.070000e-06	3.362174e-06	9.907692e-09	2.286816e+01	5.898202e+02
3.080000e-06	3.352558e-06	1.012663e-08	2.280275e+01	5.891487e+02
3.090000e-06	3.342651e-06	9.945900e-09	2.273537e+01	5.884507e+02
3.100000e-06	3.332327e-06	9.743766e-09	2.266515e+01	5.877163e+02
3.110000e-06	3.321574e-06	9.996896e-09	2.259201e+01	5.869349e+02
3.120000e-06	3.310405e-06	1.009786e-08	2.251605e+01	5.860960e+02
3.130000e-06	3.298861e-06	9.776223e-09	2.243753e+01	5.851906e+02
3.140000e-06	3.286915e-06	9.749479e-09	2.235628e+01	5.842121e+02
3.150000e-06	3.274378e-06	9.971914e-09	2.227101e+01	5.831573e+02
3.160000e-06	3.261251e-06	9.935503e-09	2.218172e+01	5.820261e+02
3.170000e-06	3.247608e-06	9.733473e-09	2.208893e+01	5.808220e+02
3.180000e-06	3.233220e-06	9.705194e-09	2.199107e+01	5.795514e+02
3.190000e-06	3.218191e-06	9.822896e-09	2.188885e+01	5.782225e+02
3.200000e-06	3.202896e-06	9.851853e-09	2.178481e+01	5.768447e+02
3.210000e-06	3.187419e-06	9.640736e-09	2.167955e+01	5.754273e+02
3.220000e-06	3.171656e-06	9.594126e-09	2.157233e+01	5.739783e+02
3.230000e-06	3.155550e-06	9.757252e-09	2.146279e+01	5.725034e+02
3.240000e-06	3.139056e-06	9.694956e-09	2.135060e+01	5.710062e+02
3.250000e-06	3.122125e-06	9.537360e-09	2.123545e+01	5.694868e+02
3.260000e-06	3.104836e-06	9.557843e-09	2.111785e+01	5.679430e+02
3.270000e-06	3.087257e-06	9.592006e-09	2.099829e+01	5.663701e+02
3.280000e-06	3.069368e-06	9.569827e-09	2.087661e+01	5.647620e+02
3.290000e-06	3.051161e-06	9.494493e-09	2.075277e+01	5.631119e+02
3.300000e-06	3.032547e-06	9.405255e-09	2.062617e+01	5.614132e+02
3.310000e-06	3.013507e-06	9.455954e-09	2.049667e+01	5.596605e+02
3.320000e-06	2.994201e-06	9.466555e-09	2.036536e+01	5.578501e+02
3.330000e-06	2.974737e-06	9.344052e-09	2.023297e+01	5.559804e+02
3.340000e-06	2.955060e-06	9.294876e-09	2.009913e+01	5.540519e+02
3.350000e-06	2.935143e-06	9.331018e-09	1.996367e+01	5.520673e+02
3.360000e-06	2.914927e-06	9.313481e-09	1.982617e+01	5.500303e+02
3.370000e-06	2.894222e-06	9.228869e-09	1.968534e+01	5.479460e+02
3.380000e-06	2.872899e-06	9.147123e-09	1.954031e+01	5.458191e+02
3.390000e-06	2.850952e-06	9.168858e-09	1.939104e+01	5.436543e+02
3.400000e-06	2.828462e-06	9.170338e-09	1.923806e+01	5.414548e+02
3.410000e-06	2.805544e-06	9.072999e-09	1.908219e+01	5.392226e+02
3.420000e-06	2.782325e-06	9.007553e-09	1.892426e+01	5.369579e+02
3.430000e-06	2.758854e-06	9.019967e-09	1.876462e+01	5.346594e+02
3.440000e-06	2.735169e-06	9.006195e-09	1.860353e+01	5.323247e+02
3.450000e-06	2.711283e-06	8.915632e-09	1.844106e+01	5.299505e+02
3.460000e-06	2.687107e-06	8.835660e-09	1.827663e+01	5.275331e+02
3.470000e-06	2.662620e-06	8.840327e-09	1.811008e+01	5.250691e+02
3.480000e-06	2.637808e-06	8.827058e-09	1.794131e+01	5.225554e+02
3.490000e-06	2.612654e-06	8.739266e-09	1.777023e+01	5.199900e+02
3.500000e-06	2.587193e-06	8.670644e-09	1.759705e+01	5.173719e+02
3.510000e-06	2.561393e-06	8.658415e-09	1.742157e+01	5.147008e+02
3.520000e-06	2.535286e-06	8.644366e-09	1.724400e+01	5.119773e+02
3.530000e-06	2.508910e-06	8.564042e-09	1.706460e+01	5.092024e+02
3.540000e-06	2.482199e-06	8.485634e-09	1.688292e+01	5.063772e+02
3.550000e-06	2.455257e-06	8.472279e-09	1.669968e+01	5.035024e+02
3.560000e-06	2.428101e-06	8.451968e-09	1.651497e+01	5.005785e+02
3.570000e-06	2.400700e-06	8.372917e-09	1.632860e+01	4.976051e+02
3.580000e-06	2.373135e-06	8.297325e-09	1.614111e+01	4.945813e+02
3.590000e-06	2.345359e-06	8.270545e-09	1.595219e+01	4.915057e+02
3.600000e-06	2.317295e-06	8.250065e-09	1.576132e+01	4.883763e+02
3.610000e-06	2.288945e-06	8.172946e-09	1.556849e+01	4.851912e+02
3.620000e-06	2.260367e-06	8.091589e-09	1.537411e+01	4.819487e+02
3.630000e-06	2.231418e-06	8.055179e-09	1.517721e+01	4.786474e+02
3.640000e-06	2.201963e-06	8.021727e-09	1.497687e+01	4.752867e+02
3.650000e-06	2.172082e-06	7.946439e-09	1.477363e+01	4.718662e+02
3.660000e-06	2.141770e-06	7.862529e-09	1.456746e+01	4.683865e+02
3.670000e-06	2.111098e-06	7.821103e-09	1.435885e+01	4.648482e+02
3.680000e-06	2.080146e-06	7.787982e-09	1.414832e+01	4.612520e+02
3.690000e-06	2.048905e-06	7.713348e-09	1.393583e+01	4.575985e+02
3.700000e-06	2.017481e-06	7.627202e-09	1.372210e+01	4.538877e+02
3.710000e-06	1.985944e-06	7.574411e-09	1.350760e+01	4.501188e+02
3.720000e-06	1.954263e-06	7.532803e-09	1.329212e+01	4.462903e+02
3.730000e-06	1.922463e-06	7.459344e-09	1.307582e+01	4.424001e+02
3.740000e-06	1.890555e-06	7.369070e-09	1.285879e+01	4.384452e+02
3.750000e-06	1.858400e-06	7.309328e-09	1.264009e+01	4.344224e+02
3.760000e-06	1.825919e-06	7.258029e-09	1.241917e+01	4.303287e+02
3.770000e-06	1.793196e-06	7.178111e-09	1.219660e+01	4.261613e+02
3.780000e-06	1.760239e-06	7.085398e-09	1.197244e+01	4.219184e+02
3.790000e-06	1.727077e-06	7.019102e-09	1.174689e+01	4.175989e+02
3.800000e-06	1.693734e-06	6.966181e-09	1.152010e+01	4.132031e+02
3.810000e-06	1.660154e-06	6.885001e-09	1.129170e+01	4.087322e+02
3.820000e-06	1.626431e-06	6.787613e-09	1.106234e+01	4.041881e+02
3.830000e-06	1.592594e-06	6.714926e-09	1.083218e+01	3.995734e+02
3.840000e-06	1.558501e-06	6.655535e-09	1.060030e+01	3.948907e+02
3.850000e-06	1.524133e-06	6.573677e-09	1.036654e+01	3.901421e+02
3.860000e-06	1.489614e-06	6.476317e-09	1.013176e+01	3.853290e+02
3.870000e-06	1.454951e-06	6.396947e-09	9.895996e+00	3.804516e+02
3.880000e-06	1.420080e-06	6.329993e-09	9.658817e+00	3.755087e+02
3.890000e-06	1.385007e-06	6.242597e-09	9.420263e+00	3.704978e+02
3.900000e-06	1.349787e-06	6.139739e-09	9.180712e+00	3.654152e+02
3.910000e-06	1.314454e-06	6.052985e-09	8.940392e+00	3.602563e+02
3.920000e-06	1.279043e-06	5.979983e-09	8.699538e+00	3.550160e+02
3.930000e-06	1.243600e-06	5.889648e-09	8.458468e+00	3.496893e+02
3.940000e-06	1.208094e-06	5.784691e-09	8.216971e+00	3.442714e+02
3.950000e-06	1.172544e-06	5.692209e-09	7.975171e+00	3.387585e+02
3.960000e-06	1.136932e-06	5.611209e-09	7.732959e+00	3.331477e+02
3.970000e-06	1.101255e-06	5.513504e-09	7.490296e+00	3.274374e+02
3.980000e-06	1.065518e-06	5.399172e-09	7.247224e+00	3.216268e+02
3.990000e-06	1.029653e-06	5.297161e-09	7.003290e+00	3.157159e+02
4.000000e-06	9.935927e-07	5.208135e-09	6.758020e+00	3.097051e+02
4.010000e-06	9.573474e-07	5.105343e-09	6.511494e+00	3.035950e+02
4.020000e-06	9.209957e-07	4.988265e-09	6.264244e+00	2.973856e+02
4.030000e-06	8.844945e-07	4.881776e-09	6.015978e+00	2.910760e+02
4.040000e-06	8.477733e-07	4.787128e-09	5.766214e+00	2.846648e+02
4.050000e-06	8.109203e-07	4.679450e-09	5.515555e+00	2.781490e+02
4.060000e-06	7.739895e-07	4.554568e-09	5.264367e+00	2.715252e+02
4.070000e-06	7.368874e-07	4.434257e-09	5.012013e+00	2.647887e+02
4.080000e-06	6.996033e-07	4.324453e-09	4.758422e+00	2.579347e+02
4.090000e-06	6.621645e-07	4.207441e-09	4.503778e+00	2.509584e+02
4.100000e-06	6.245089e-07	4.078081e-09	4.247659e+00	2.438551e+02
4.110000e-06	5.866440e-07	3.954731e-09	3.990118e+00	2.366209e+02
4.120000e-06	5.486542e-07	3.842082e-09	3.731726e+00	2.292524e+02
4.130000e-06	5.105196e-07	3.721492e-09	3.472350e+00	2.217472e+02
4.140000e-06	4.721969e-07	3.585697e-09	3.211694e+00	2.141035e+02
4.150000e-06	4.337937e-07	3.448040e-09	2.950491e+00	2.063199e+02
4.160000e-06	3.953572e-07	3.315643e-09	2.689061e+00	1.983951e+02
4.170000e-06	3.568889e-07	3.179032e-09	2.427415e+00	1.903277e+02
4.180000e-06	3.184152e-07	3.035078e-09	2.165733e+00	1.821157e+02
4.190000e-06	2.798760e-07	2.894028e-09	1.903605e+00	1.737564e+02
4.200000e-06	2.412624e-07	2.759222e-09	1.640971e+00	1.652467e+02
4.210000e-06	2.026429e-07	2.618987e-09	1.378296e+00	1.565826e+02
4.220000e-06	1.639872e-07	2.466173e-09	1.115375e+00	1.477601e+02
4.230000e-06	1.252659e-07	2.310650e-09	8.520084e-01	1.387754e+02
4.240000e-06	8.649345e-08	2.157722e-09	5.882938e-01	1.296259e+02
4.250000e-06	4.771960e-08	2.000631e-09	3.245696e-01	1.203101e+02
4.260000e-06	8.961472e-09	1.834478e-09	6.095234e-02	1.108289e+02
4.270000e-06	-2.980439e-08	1.668450e-09	-2.027175e-01	1.011855e+02
4.280000e-06	-6.856677e-08	1.509834e-09	-4.663637e-01	9.138587e+01
4.290000e-06	-1.073419e-07	1.350447e-09	-7.300968e-01	8.143887e+01
4.300000e-06	-1.461501e-07	1.182737e-09	-9.940544e-01	7.135576e+01
4.310000e-06	-1.849725e-07	1.009618e-09	-1.258109e+00	6.114988e+01
4.320000e-06	-2.237121e-07	8.367919e-10	-1.521600e+00	5.083607e+01
4.330000e-06	-2.623971e-07	6.602699e-10	-1.784720e+00	4.042990e+01
4.340000e-06	-3.010374e-07	4.781067e-10	-2.047536e+00	2.994698e+01
4.350000e-06	-3.395948e-07	2.989152e-10	-2.309788e+00	1.940232e+01
4.360000e-06	-3.780541e-07	1.258346e-10	-2.571373e+00	8.809841e+00
4.370000e-06	-4.164259e-07	-4.718177e-11	-2.832362e+00	-1.817902e+00
4.380000e-06	-4.547552e-07	-2.224666e-10	-3.093063e+00	-1.246980e+01
4.390000e-06	-4.929248e-07	-4.013540e-10	-3.352677e+00	-2.313599e+01
4.400000e-06	-5.309132e-07	-5.827037e-10	-3.611059e+00	-3.380753e+01
4.410000e-06	-5.688306e-07	-7.658289e-10	-3.868958e+00	-4.447592e+01
4.420000e-06	-6.066780e-07	-9.484268e-10	-4.126381e+00	-5.513259e+01
4.430000e-06	-6.443751e-07	-1.128030e-09	-4.382782e+00	-6.576840e+01
4.440000e-06	-6.818703e-07	-1.304186e-09	-4.637809e+00	-7.637335e+01
4.450000e-06	-7.192121e-07	-1.477525e-09	-4.891793e+00	-8.693634e+01
4.460000e-06	-7.564276e-07	-1.651498e-09	-5.144918e+00	-9.744524e+01
4.470000e-06	-7.935028e-07	-1.825883e-09	-5.397088e+00	-1.078871e+02
4.480000e-06	-8.304221e-07	-2.000604e-09	-5.648199e+00	-1.182487e+02
4.490000e-06	-8.671074e-07	-2.176077e-09	-5.897718e+00	-1.285168e+02
4.500000e-06	-9.035426e-07	-2.351274e-09	-6.145535e+00	-1.386791e+02
4.510000e-06	-9.397642e-07	-2.524414e-09	-6.391900e+00	-1.487247e+02
4.520000e-06	-9.758061e-07	-2.692967e-09	-6.637042e+00	-1.586443e+02
4.530000e-06	-1.011748e-06	-2.857451e-09	-6.881504e+00	-1.684311e+02
4.540000e-06	-1.047599e-06	-3.018982e-09	-7.125350e+00	-1.780803e+02
4.550000e-06	-1.083381e-06	-3.177447e-09	-7.368725e+00	-1.875891e+02
4.560000e-06	-1.119085e-06	-3.334431e-09	-7.611569e+00	-1.969569e+02
4.570000e-06	-1.154668e-06	-3.490252e-09	-7.853587e+00	-2.061841e+02
4.580000e-06	-1.190212e-06	-3.647726e-09	-8.095343e+00	-2.152720e+02
4.590000e-06	-1.225738e-06	-3.803910e-09	-8.336981e+00	-2.242224e+02
4.600000e-06	-1.261229e-06	-3.953157e-09	-8.578378e+00	-2.330364e+02
4.610000e-06	-1.296695e-06	-4.098601e-09	-8.819603e+00	-2.417150e+02
4.620000e-06	-1.332091e-06	-4.242953e-09	-9.060352e+00	-2.502579e+02
4.630000e-06	-1.367352e-06	-4.384708e-09	-9.300181e+00	-2.586644e+02
4.640000e-06	-1.402425e-06	-4.523347e-09	-9.538736e+00	-2.669328e+02
4.650000e-06	-1.437264e-06	-4.660624e-09	-9.775695e+00	-2.750612e+02
4.660000e-06	-1.471919e-06	-4.798283e-09	-1.001141e+01	-2.830475e+02
4.670000e-06	-1.506371e-06	-4.934575e-09	-1.024573e+01	-2.908900e+02
4.680000e-06	-1.540643e-06	-5.067374e-09	-1.047884e+01	-2.985876e+02
4.690000e-06	-1.574769e-06	-5.195999e-09	-1.071095e+01	-3.061400e+02
4.700000e-06	-1.608652e-06	-5.319202e-09	-1.094141e+01	-3.135479e+02
4.710000e-06	-1.642327e-06	-5.439092e-09	-1.117045e+01	-3.208126e+02
4.720000e-06	-1.675856e-06	-5.556987e-09	-1.139850e+01	-3.279361e+02
4.730000e-06	-1.709215e-06	-5.673733e-09	-1.162540e+01	-3.349209e+02
4.740000e-06	-1.742412e-06	-5.789140e-09	-1.185119e+01	-3.417691e+02
4.750000e-06	-1.775418e-06	-5.903882e-09	-1.207568e+01	-3.484825e+02
4.760000e-06	-1.808138e-06	-6.018139e-09	-1.229823e+01	-3.550624e+02
4.770000e-06	-1.840567e-06	-6.127807e-09	-1.251880e+01	-3.615091e+02
4.780000e-06	-1.872722e-06	-6.232086e-09	-1.273750e+01	-3.678223e+02
4.790000e-06	-1.904650e-06	-6.332698e-09	-1.295466e+01	-3.740010e+02
4.800000e-06	-1.936398e-06	-6.430984e-09	-1.317061e+01	-3.800440e+02
4.810000e-06	-1.967988e-06	-6.529075e-09	-1.338546e+01	-3.859503e+02
4.820000e-06	-1.999466e-06	-6.627918e-09	-1.359957e+01	-3.917193e+02
4.830000e-06	-2.030839e-06	-6.726920e-09	-1.381295e+01	-3.973516e+02
4.840000e-06	-2.062078e-06	-6.822913e-09	-1.402543e+01	-4.028491e+02
4.850000e-06	-2.093062e-06	-6.913810e-09	-1.423617e+01	-4.082149e+02
4.860000e-06	-2.123686e-06	-6.999595e-09	-1.444446e+01	-4.134537e+02
4.870000e-06	-2.153933e-06	-7.081594e-09	-1.465019e+01	-4.185713e+02
4.880000e-06	-2.183769e-06	-7.162773e-09	-1.485312e+01	-4.235746e+02
4.890000e-06	-2.213144e-06	-7.243672e-09	-1.505292e+01	-4.284704e+02
4.900000e-06	-2.242036e-06	-7.325867e-09	-1.524943e+01	-4.332655e+02
4.910000e-06	-2.270576e-06	-7.409111e-09	-1.544355e+01	-4.379660e+02
4.920000e-06	-2.298835e-06	-7.490114e-09	-1.563576e+01	-4.425768e+02
4.930000e-06	-2.326794e-06	-7.566087e-09	-1.582592e+01	-4.471013e+02
4.940000e-06	-2.354476e-06	-7.637988e-09	-1.601420e+01	-4.515414e+02
4.950000e-06	-2.381981e-06	-7.709387e-09	-1.620128e+01	-4.558977e+02
4.960000e-06	-2.409351e-06	-7.778624e-09	-1.638744e+01	-4.601697e+02
4.970000e-06	-2.436555e-06	-7.845927e-09	-1.657247e+01	-4.643559e+02
4.980000e-06	-2.463548e-06	-7.915318e-09	-1.675607e+01	-4.684551e+02
4.990000e-06	-2.490236e-06	-7.986220e-09	-1.693759e+01	-4.724660e+02
5.000000e-06	-2.516637e-06	-8.056052e-09	-1.711716e+01	-4.763882e+02
5.010000e-06	-2.542725e-06	-8.121193e-09	-1.729459e+01	-4.802223e+02
5.020000e-06	-2.568391e-06	-8.182760e-09	-1.746916e+01	-4.839697e+02
5.030000e-06	-2.593764e-06	-8.243354e-09	-1.764175e+01	-4.876332e+02
5.040000e-06	-2.618893e-06	-8.301164e-09	-1.781266e+01	-4.912161e+02
5.050000e-06	-2.643707e-06	-8.358584e-09	-1.798144e+01	-4.947220e+02
5.060000e-06	-2.668194e-06	-8.417436e-09	-1.814799e+01	-4.981545e+02
5.070000e-06	-2.692330e-06	-8.476634e-09	-1.831215e+01	-5.015167e+02
5.080000e-06	-2.716158e-06	-8.533235e-09	-1.847422e+01	-5.048107e+02
5.090000e-06	-2.739759e-06	-8.586648e-09	-1.863475e+01	-5.080373e+02
5.100000e-06	-2.763190e-06	-8.639322e-09	-1.879411e+01	-5.111963e+02
5.110000e-06	-2.786409e-06	-8.689247e-09	-1.895204e+01	-5.142864e+02
5.120000e-06	-2.809349e-06	-8.735663e-09	-1.910807e+01	-5.173055e+02
5.130000e-06	-2.831923e-06	-8.783008e-09	-1.926161e+01	-5.202512e+02
5.140000e-06	-2.853991e-06	-8.835766e-09	-1.941170e+01	-5.231214e+02
5.150000e-06	-2.875487e-06	-8.888258e-09	-1.955791e+01	-5.259147e+02
5.160000e-06	-2.896408e-06	-8.933215e-09	-1.970020e+01	-5.286305e+02
5.170000e-06	-2.916802e-06	-8.975021e-09	-1.983892e+01	-5.312700e+02
5.180000e-06	-2.936806e-06	-9.017512e-09	-1.997498e+01	-5.338357e+02
5.190000e-06	-2.956515e-06	-9.058507e-09	-2.010903e+01	-5.363310e+02
5.200000e-06	-2.975984e-06	-9.096962e-09	-2.024145e+01	-5.387607e+02
5.210000e-06	-2.995266e-06	-9.134532e-09	-2.037260e+01	-5.411299e+02
5.220000e-06	-3.014319e-06	-9.173809e-09	-2.050219e+01	-5.434432e+02
5.230000e-06	-3.033005e-06	-9.213118e-09	-2.062929e+01	-5.457050e+02
5.240000e-06	-3.051343e-06	-9.248373e-09	-2.075401e+01	-5.479183e+02
5.250000e-06	-3.069357e-06	-9.281155e-09	-2.087654e+01	-5.500844e+02
5.260000e-06	-3.087030e-06	-9.315445e-09	-2.099674e+01	-5.522032e+02
5.270000e-06	-3.104378e-06	-9.349909e-09	-2.111474e+01	-5.542730e+02
5.280000e-06	-3.121387e-06	-9.380853e-09	-2.123043e+01	-5.562911e+02
5.290000e-06	-3.138015e-06	-9.411786e-09	-2.134352e+01	-5.582539e+02
5.300000e-06	-3.154251e-06	-9.444974e-09	-2.145395e+01	-5.601578e+02
5.310000e-06	-3.170172e-06	-9.477019e-09	-2.156224e+01	-5.619996e+02
5.320000e-06	-3.185828e-06	-9.505749e-09	-2.166872e+01	-5.637773e+02
5.330000e-06	-3.201226e-06	-9.532582e-09	-2.177345e+01	-5.654901e+02
5.340000e-06	-3.216232e-06	-9.561013e-09	-2.187552e+01	-5.671391e+02
5.350000e-06	-3.230787e-06	-9.588155e-09	-2.197452e+01	-5.687266e+02
5.360000e-06	-3.244823e-06	-9.610994e-09	-2.206998e+01	-5.702564e+02
5.370000e-06	-3.258158e-06	-9.632000e-09	-2.216069e+01	-5.717329e+02
5.380000e-06	-3.270813e-06	-9.656633e-09	-2.224676e+01	-5.731607e+02
5.390000e-06	-3.282914e-06	-9.682989e-09	-2.232907e+01	-5.745442e+02
5.400000e-06	-3.294577e-06	-9.705791e-09	-2.240840e+01	-5.758866e+02
5.410000e-06	-3.305871e-06	-9.727205e-09	-2.248521e+01	-5.771900e+02
5.420000e-06	-3.316875e-06	-9.748717e-09	-2.256006e+01	-5.784547e+02
5.430000e-06	-3.327497e-06	-9.767088e-09	-2.263230e+01	-5.796798e+02
5.440000e-06	-3.337668e-06	-9.783168e-09	-2.270148e+01	-5.808629e+02
5.450000e-06	-3.347464e-06	-9.800203e-09	-2.276811e+01	-5.820012e+02
5.460000e-06	-3.356901e-06	-9.819534e-09	-2.283230e+01	-5.830914e+02
5.470000e-06	-3.366033e-06	-9.840075e-09	-2.289441e+01	-5.841309e+02
5.480000e-06	-3.374770e-06	-9.857165e-09	-2.295383e+01	-5.851180e+02
5.490000e-06	-3.383074e-06	-9.871039e-09	-2.301032e+01	-5.860524e+02
5.500000e-06	-3.391008e-06	-9.884505e-09	-2.306428e+01	-5.869354e+02
5.510000e-06	-3.398636e-06	-9.899074e-09	-2.311616e+01	-5.877697e+02
5.520000e-06	-3.406024e-06	-9.911598e-09	-2.316641e+01	-5.885592e+02
5.530000e-06	-3.413073e-06	-9.922178e-09	-2.321436e+01	-5.893087e+02
5.540000e-06	-3.419710e-06	-9.934391e-09	-2.325950e+01	-5.900226e+02
5.550000e-06	-3.425809e-06	-9.947450e-09	-2.330098e+01	-5.907048e+02
5.560000e-06	-3.431268e-06	-9.959344e-09	-2.333811e+01	-5.913579e+02
5.570000e-06	-3.436172e-06	-9.968561e-09	-2.337147e+01	-5.919827e+02
5.580000e-06	-3.440565e-06	-9.976383e-09	-2.340135e+01	-5.925779e+02
5.590000e-06	-3.444454e-06	-9.984391e-09	-2.342780e+01	-5.931404e+02
5.600000e-06	-3.447982e-06	-9.993742e-09	-2.345179e+01	-5.936655e+02
5.610000e-06	-3.451223e-06	-1.000297e-08	-2.347383e+01	-5.941475e+02
5.620000e-06	-3.454193e-06	-1.001131e-08	-2.349404e+01	-5.945806e+02
5.630000e-06	-3.456816e-06	-1.001983e-08	-2.351188e+01	-5.949596e+02
5.640000e-06	-3.458987e-06	-1.002767e-08	-2.352665e+01	-5.952806e+02
5.650000e-06	-3.460814e-06	-1.003156e-08	-2.353907e+01	-5.955421e+02
5.660000e-06	-3.462311e-06	-1.003182e-08	-2.354926e+01	-5.957447e+02
5.670000e-06	-3.463460e-06	-1.003258e-08	-2.355707e+01	-5.958915e+02
5.680000e-06	-3.464179e-06	-1.003413e-08	-2.356196e+01	-5.959878e+02
5.690000e-06	-3.464454e-06	-1.003510e-08	-2.356383e+01	-5.960406e+02
