# Temperatura_=_20.0
# Concentracion g/m^3_=_12000.0
# C_Vs_to_Am_M_A/Vsm_=_59384043850.047264
# pendiente_HvsI_1/m_=_3716.3
# ordenada_HvsI_A/m_=_1297.0
# frecuencia_Hz_=_175572.50193484122

Tiempo_(s)	Campo_(V.s)	Magnetizacion_(V.s)	Campo_(kA/m)	Magnetizacion_(A/m)
0.000000e+00	-3.471946e-06	-1.001685e-08	-2.356251e+01	-5.947700e+02
1.000000e-08	-3.471752e-06	-1.001577e-08	-2.356119e+01	-5.947627e+02
2.000000e-08	-3.471291e-06	-1.001472e-08	-2.355807e+01	-5.947114e+02
3.000000e-08	-3.470435e-06	-1.001228e-08	-2.355225e+01	-5.946214e+02
4.000000e-08	-3.469115e-06	-1.001443e-08	-2.354330e+01	-5.944988e+02
5.000000e-08	-3.467253e-06	-1.002709e-08	-2.353066e+01	-5.943508e+02
6.000000e-08	-3.464790e-06	-1.001830e-08	-2.351395e+01	-5.941843e+02
7.000000e-08	-3.461674e-06	-9.946467e-09	-2.349280e+01	-5.940055e+02
8.000000e-08	-3.458017e-06	-9.957908e-09	-2.346798e+01	-5.938191e+02
9.000000e-08	-3.454012e-06	-1.011889e-08	-2.344080e+01	-5.936276e+02
1.000000e-07	-3.449731e-06	-1.007651e-08	-2.341175e+01	-5.934307e+02
1.100000e-07	-3.445159e-06	-9.862607e-09	-2.338072e+01	-5.932256e+02
1.200000e-07	-3.440195e-06	-9.869452e-09	-2.334703e+01	-5.930069e+02
1.300000e-07	-3.434789e-06	-1.016504e-08	-2.331034e+01	-5.927670e+02
1.400000e-07	-3.429045e-06	-1.006046e-08	-2.327136e+01	-5.924972e+02
1.500000e-07	-3.422946e-06	-9.746579e-09	-2.322997e+01	-5.921885e+02
1.600000e-07	-3.416393e-06	-9.891983e-09	-2.318550e+01	-5.918324e+02
1.700000e-07	-3.409404e-06	-1.003792e-08	-2.313806e+01	-5.914221e+02
1.800000e-07	-3.401964e-06	-9.934470e-09	-2.308757e+01	-5.909529e+02
1.900000e-07	-3.394167e-06	-9.825319e-09	-2.303466e+01	-5.904229e+02
2.000000e-07	-3.386156e-06	-9.904911e-09	-2.298029e+01	-5.898329e+02
2.100000e-07	-3.377871e-06	-9.808410e-09	-2.292406e+01	-5.891862e+02
2.200000e-07	-3.369110e-06	-9.866427e-09	-2.286461e+01	-5.884880e+02
2.300000e-07	-3.359879e-06	-1.002219e-08	-2.280197e+01	-5.877443e+02
2.400000e-07	-3.350144e-06	-9.793908e-09	-2.273590e+01	-5.869614e+02
2.500000e-07	-3.339815e-06	-9.641264e-09	-2.266580e+01	-5.861445e+02
2.600000e-07	-3.328905e-06	-9.932620e-09	-2.259176e+01	-5.852970e+02
2.700000e-07	-3.317461e-06	-1.000006e-08	-2.251409e+01	-5.844203e+02
2.800000e-07	-3.305561e-06	-9.635420e-09	-2.243333e+01	-5.835130e+02
2.900000e-07	-3.293253e-06	-9.625032e-09	-2.234980e+01	-5.825713e+02
3.000000e-07	-3.280477e-06	-9.895615e-09	-2.226310e+01	-5.815895e+02
3.100000e-07	-3.267259e-06	-9.856808e-09	-2.217339e+01	-5.805609e+02
3.200000e-07	-3.253713e-06	-9.589577e-09	-2.208146e+01	-5.794786e+02
3.300000e-07	-3.239799e-06	-9.612039e-09	-2.198703e+01	-5.783364e+02
3.400000e-07	-3.225447e-06	-9.774317e-09	-2.188963e+01	-5.771298e+02
3.500000e-07	-3.210628e-06	-9.748446e-09	-2.178907e+01	-5.758568e+02
3.600000e-07	-3.195206e-06	-9.551532e-09	-2.168440e+01	-5.745182e+02
3.700000e-07	-3.179121e-06	-9.551650e-09	-2.157524e+01	-5.731174e+02
3.800000e-07	-3.162610e-06	-9.656794e-09	-2.146319e+01	-5.716603e+02
3.900000e-07	-3.145763e-06	-9.606099e-09	-2.134886e+01	-5.701541e+02
4.000000e-07	-3.128533e-06	-9.492274e-09	-2.123192e+01	-5.686071e+02
4.100000e-07	-3.110902e-06	-9.473790e-09	-2.111227e+01	-5.670270e+02
4.200000e-07	-3.092957e-06	-9.503149e-09	-2.099048e+01	-5.654202e+02
4.300000e-07	-3.074687e-06	-9.496408e-09	-2.086650e+01	-5.637910e+02
4.400000e-07	-3.056053e-06	-9.425328e-09	-2.074003e+01	-5.621407e+02
4.500000e-07	-3.037067e-06	-9.352472e-09	-2.061118e+01	-5.604681e+02
4.600000e-07	-3.017618e-06	-9.385503e-09	-2.047919e+01	-5.587690e+02
4.700000e-07	-2.997775e-06	-9.391635e-09	-2.034453e+01	-5.570374e+02
4.800000e-07	-2.977729e-06	-9.301419e-09	-2.020849e+01	-5.552658e+02
4.900000e-07	-2.957465e-06	-9.235839e-09	-2.007096e+01	-5.534467e+02
5.000000e-07	-2.936980e-06	-9.261440e-09	-1.993194e+01	-5.515732e+02
5.100000e-07	-2.916214e-06	-9.253057e-09	-1.979101e+01	-5.496404e+02
5.200000e-07	-2.895100e-06	-9.182568e-09	-1.964772e+01	-5.476454e+02
5.300000e-07	-2.873627e-06	-9.118729e-09	-1.950199e+01	-5.455883e+02
5.400000e-07	-2.851783e-06	-9.123425e-09	-1.935375e+01	-5.434716e+02
5.500000e-07	-2.829617e-06	-9.117028e-09	-1.920332e+01	-5.413001e+02
5.600000e-07	-2.807141e-06	-9.044099e-09	-1.905078e+01	-5.390801e+02
5.700000e-07	-2.784357e-06	-8.972703e-09	-1.889616e+01	-5.368185e+02
5.800000e-07	-2.761243e-06	-8.976294e-09	-1.873929e+01	-5.345214e+02
5.900000e-07	-2.737786e-06	-8.967752e-09	-1.858011e+01	-5.321939e+02
6.000000e-07	-2.713977e-06	-8.888509e-09	-1.841852e+01	-5.298388e+02
6.100000e-07	-2.689918e-06	-8.821627e-09	-1.825524e+01	-5.274562e+02
6.200000e-07	-2.665694e-06	-8.822728e-09	-1.809084e+01	-5.250437e+02
6.300000e-07	-2.641244e-06	-8.807737e-09	-1.792491e+01	-5.225964e+02
6.400000e-07	-2.616578e-06	-8.731456e-09	-1.775752e+01	-5.201078e+02
6.500000e-07	-2.591668e-06	-8.666036e-09	-1.758847e+01	-5.175701e+02
6.600000e-07	-2.566284e-06	-8.652414e-09	-1.741620e+01	-5.149760e+02
6.700000e-07	-2.540284e-06	-8.630883e-09	-1.723975e+01	-5.123188e+02
6.800000e-07	-2.513797e-06	-8.554759e-09	-1.705999e+01	-5.095936e+02
6.900000e-07	-2.486842e-06	-8.489840e-09	-1.687706e+01	-5.067980e+02
7.000000e-07	-2.459441e-06	-8.471152e-09	-1.669110e+01	-5.039320e+02
7.100000e-07	-2.431686e-06	-8.445996e-09	-1.650274e+01	-5.009979e+02
7.200000e-07	-2.403667e-06	-8.371058e-09	-1.631259e+01	-4.980002e+02
7.300000e-07	-2.375516e-06	-8.298122e-09	-1.612154e+01	-4.949443e+02
7.400000e-07	-2.347209e-06	-8.262847e-09	-1.592944e+01	-4.918362e+02
7.500000e-07	-2.318710e-06	-8.231146e-09	-1.573603e+01	-4.886814e+02
7.600000e-07	-2.289949e-06	-8.159052e-09	-1.554084e+01	-4.854839e+02
7.700000e-07	-2.260893e-06	-8.087048e-09	-1.534365e+01	-4.822460e+02
7.800000e-07	-2.231583e-06	-8.049183e-09	-1.514473e+01	-4.789675e+02
7.900000e-07	-2.201968e-06	-8.018303e-09	-1.494375e+01	-4.756463e+02
8.000000e-07	-2.172114e-06	-7.947020e-09	-1.474114e+01	-4.722781e+02
8.100000e-07	-2.142073e-06	-7.863694e-09	-1.453727e+01	-4.688573e+02
8.200000e-07	-2.111789e-06	-7.811086e-09	-1.433175e+01	-4.653777e+02
8.300000e-07	-2.081245e-06	-7.768938e-09	-1.412446e+01	-4.618331e+02
8.400000e-07	-2.050443e-06	-7.697378e-09	-1.391542e+01	-4.582184e+02
8.500000e-07	-2.019444e-06	-7.617357e-09	-1.370505e+01	-4.545298e+02
8.600000e-07	-1.988242e-06	-7.567764e-09	-1.349329e+01	-4.507652e+02
8.700000e-07	-1.956784e-06	-7.526553e-09	-1.327980e+01	-4.469246e+02
8.800000e-07	-1.925123e-06	-7.455914e-09	-1.306493e+01	-4.430097e+02
8.900000e-07	-1.893272e-06	-7.366742e-09	-1.284877e+01	-4.390232e+02
9.000000e-07	-1.861197e-06	-7.299886e-09	-1.263109e+01	-4.349686e+02
9.100000e-07	-1.828992e-06	-7.246332e-09	-1.241253e+01	-4.308493e+02
9.200000e-07	-1.796717e-06	-7.172299e-09	-1.219350e+01	-4.266683e+02
9.300000e-07	-1.764275e-06	-7.082370e-09	-1.197333e+01	-4.224272e+02
9.400000e-07	-1.731655e-06	-7.016088e-09	-1.175195e+01	-4.181263e+02
9.500000e-07	-1.698877e-06	-6.964615e-09	-1.152950e+01	-4.137643e+02
9.600000e-07	-1.665830e-06	-6.892247e-09	-1.130522e+01	-4.093384e+02
9.700000e-07	-1.632457e-06	-6.799456e-09	-1.107874e+01	-4.048453e+02
9.800000e-07	-1.598878e-06	-6.720602e-09	-1.085085e+01	-4.002807e+02
9.900000e-07	-1.565061e-06	-6.654027e-09	-1.062135e+01	-3.956407e+02
1.000000e-06	-1.530830e-06	-6.572424e-09	-1.038904e+01	-3.909221e+02
1.010000e-06	-1.496290e-06	-6.478004e-09	-1.015464e+01	-3.861224e+02
1.020000e-06	-1.461435e-06	-6.399218e-09	-9.918089e+00	-3.812406e+02
1.030000e-06	-1.426240e-06	-6.332660e-09	-9.679236e+00	-3.762770e+02
1.040000e-06	-1.390790e-06	-6.251679e-09	-9.438659e+00	-3.712328e+02
1.050000e-06	-1.355090e-06	-6.153416e-09	-9.196377e+00	-3.661097e+02
1.060000e-06	-1.319266e-06	-6.062922e-09	-8.953256e+00	-3.609098e+02
1.070000e-06	-1.283350e-06	-5.982217e-09	-8.709513e+00	-3.556344e+02
1.080000e-06	-1.247263e-06	-5.890493e-09	-8.464604e+00	-3.502839e+02
1.090000e-06	-1.211065e-06	-5.786484e-09	-8.218944e+00	-3.448575e+02
1.100000e-06	-1.174813e-06	-5.691568e-09	-7.972922e+00	-3.393526e+02
1.110000e-06	-1.138483e-06	-5.611025e-09	-7.726366e+00	-3.337655e+02
1.120000e-06	-1.102096e-06	-5.520983e-09	-7.479419e+00	-3.280908e+02
1.130000e-06	-1.065671e-06	-5.416705e-09	-7.232224e+00	-3.223228e+02
1.140000e-06	-1.029171e-06	-5.314318e-09	-6.984515e+00	-3.164554e+02
1.150000e-06	-9.925956e-07	-5.222622e-09	-6.736292e+00	-3.104831e+02
1.160000e-06	-9.559287e-07	-5.123056e-09	-6.487451e+00	-3.044013e+02
1.170000e-06	-9.191407e-07	-5.009178e-09	-6.237787e+00	-2.982068e+02
1.180000e-06	-8.822666e-07	-4.898680e-09	-5.987540e+00	-2.918982e+02
1.190000e-06	-8.453166e-07	-4.800304e-09	-5.736777e+00	-2.854753e+02
1.200000e-06	-8.082392e-07	-4.696956e-09	-5.485150e+00	-2.789395e+02
1.210000e-06	-7.710499e-07	-4.579602e-09	-5.232763e+00	-2.722927e+02
1.220000e-06	-7.337182e-07	-4.461330e-09	-4.979410e+00	-2.655369e+02
1.230000e-06	-6.962193e-07	-4.351089e-09	-4.724922e+00	-2.586737e+02
1.240000e-06	-6.586253e-07	-4.236925e-09	-4.469789e+00	-2.517032e+02
1.250000e-06	-6.210031e-07	-4.111803e-09	-4.214464e+00	-2.446242e+02
1.260000e-06	-5.833329e-07	-3.987275e-09	-3.958814e+00	-2.374331e+02
1.270000e-06	-5.455929e-07	-3.872208e-09	-3.702690e+00	-2.301247e+02
1.280000e-06	-5.078331e-07	-3.755011e-09	-3.446431e+00	-2.226919e+02
1.290000e-06	-4.699941e-07	-3.622870e-09	-3.189635e+00	-2.151262e+02
1.300000e-06	-4.320710e-07	-3.486284e-09	-2.932268e+00	-2.074188e+02
1.310000e-06	-3.940731e-07	-3.357077e-09	-2.674394e+00	-1.995611e+02
1.320000e-06	-3.560281e-07	-3.225918e-09	-2.416200e+00	-1.915451e+02
1.330000e-06	-3.179649e-07	-3.082439e-09	-2.157882e+00	-1.833646e+02
1.340000e-06	-2.798545e-07	-2.937300e-09	-1.899245e+00	-1.750152e+02
1.350000e-06	-2.416838e-07	-2.801554e-09	-1.640197e+00	-1.664948e+02
1.360000e-06	-2.034601e-07	-2.667077e-09	-1.380790e+00	-1.578033e+02
1.370000e-06	-1.652161e-07	-2.516901e-09	-1.121246e+00	-1.489429e+02
1.380000e-06	-1.269519e-07	-2.355839e-09	-8.615642e-01	-1.399169e+02
1.390000e-06	-8.872777e-08	-2.199556e-09	-6.021548e-01	-1.307300e+02
1.400000e-06	-5.052844e-08	-2.046454e-09	-3.429134e-01	-1.213872e+02
1.410000e-06	-1.230304e-08	-1.885645e-09	-8.349509e-02	-1.118939e+02
1.420000e-06	2.586916e-08	-1.718642e-09	1.755621e-01	-1.022551e+02
1.430000e-06	6.401770e-08	-1.555815e-09	4.344588e-01	-9.247613e+01
1.440000e-06	1.021995e-07	-1.395132e-09	6.935812e-01	-8.256194e+01
1.450000e-06	1.404287e-07	-1.225974e-09	9.530255e-01	-7.251801e+01
1.460000e-06	1.786758e-07	-1.047906e-09	1.212591e+00	-6.235060e+01
1.470000e-06	2.168607e-07	-8.736840e-10	1.471734e+00	-5.206724e+01
1.480000e-06	2.549955e-07	-7.043562e-10	1.730538e+00	-4.167721e+01
1.490000e-06	2.931224e-07	-5.279690e-10	1.989288e+00	-3.119176e+01
1.500000e-06	3.312406e-07	-3.439172e-10	2.247979e+00	-2.062430e+01
1.510000e-06	3.693013e-07	-1.632016e-10	2.506279e+00	-9.990179e+00
1.520000e-06	4.073173e-07	1.323016e-11	2.764276e+00	6.936915e-01
1.530000e-06	4.452977e-07	1.941447e-10	3.022032e+00	1.140943e+01
1.540000e-06	4.831904e-07	3.804211e-10	3.279193e+00	2.213897e+01
1.550000e-06	5.209689e-07	5.633531e-10	3.535578e+00	3.286485e+01
1.560000e-06	5.586952e-07	7.390171e-10	3.791609e+00	4.357099e+01
1.570000e-06	5.963521e-07	9.170843e-10	4.047169e+00	5.424332e+01
1.580000e-06	6.339486e-07	1.100680e-09	4.302319e+00	6.487016e+01
1.590000e-06	6.714826e-07	1.281781e-09	4.557046e+00	7.544235e+01
1.600000e-06	7.089298e-07	1.455342e-09	4.811182e+00	8.595304e+01
1.610000e-06	7.463155e-07	1.630118e-09	5.064902e+00	9.639727e+01
1.620000e-06	7.836056e-07	1.811301e-09	5.317973e+00	1.067713e+02
1.630000e-06	8.207595e-07	1.987483e-09	5.570119e+00	1.170719e+02
1.640000e-06	8.577360e-07	2.154715e-09	5.821062e+00	1.272954e+02
1.650000e-06	8.946389e-07	2.321207e-09	6.071505e+00	1.374373e+02
1.660000e-06	9.314850e-07	2.489807e-09	6.321563e+00	1.474916e+02
1.670000e-06	9.682061e-07	2.656302e-09	6.570772e+00	1.574508e+02
1.680000e-06	1.004791e-06	2.817238e-09	6.819054e+00	1.673056e+02
1.690000e-06	1.041281e-06	2.978262e-09	7.066699e+00	1.770459e+02
1.700000e-06	1.077748e-06	3.143705e-09	7.314183e+00	1.866610e+02
1.710000e-06	1.114138e-06	3.305822e-09	7.561144e+00	1.961403e+02
1.720000e-06	1.150444e-06	3.461843e-09	7.807536e+00	2.054747e+02
1.730000e-06	1.186669e-06	3.613644e-09	8.053377e+00	2.146565e+02
1.740000e-06	1.222799e-06	3.763568e-09	8.298580e+00	2.236806e+02
1.750000e-06	1.258859e-06	3.912286e-09	8.543303e+00	2.325446e+02
1.760000e-06	1.294843e-06	4.057320e-09	8.787509e+00	2.412488e+02
1.770000e-06	1.330751e-06	4.199188e-09	9.031201e+00	2.497958e+02
1.780000e-06	1.366507e-06	4.339578e-09	9.273859e+00	2.581901e+02
1.790000e-06	1.402067e-06	4.478472e-09	9.515191e+00	2.664374e+02
1.800000e-06	1.437424e-06	4.613478e-09	9.755138e+00	2.745435e+02
1.810000e-06	1.472492e-06	4.746493e-09	9.993132e+00	2.825136e+02
1.820000e-06	1.507269e-06	4.879952e-09	1.022915e+01	2.903518e+02
1.830000e-06	1.541765e-06	5.010411e-09	1.046326e+01	2.980604e+02
1.840000e-06	1.575919e-06	5.137521e-09	1.069504e+01	3.056397e+02
1.850000e-06	1.609734e-06	5.262319e-09	1.092453e+01	3.130884e+02
1.860000e-06	1.643198e-06	5.384254e-09	1.115163e+01	3.204033e+02
1.870000e-06	1.676302e-06	5.503329e-09	1.137630e+01	3.275807e+02
1.880000e-06	1.709172e-06	5.619516e-09	1.159937e+01	3.346165e+02
1.890000e-06	1.741903e-06	5.736435e-09	1.182150e+01	3.415070e+02
1.900000e-06	1.774452e-06	5.853590e-09	1.204239e+01	3.482496e+02
1.910000e-06	1.806807e-06	5.967974e-09	1.226198e+01	3.548436e+02
1.920000e-06	1.838996e-06	6.076940e-09	1.248043e+01	3.612895e+02
1.930000e-06	1.871088e-06	6.182118e-09	1.269822e+01	3.675902e+02
1.940000e-06	1.903098e-06	6.285376e-09	1.291545e+01	3.737498e+02
1.950000e-06	1.934905e-06	6.384199e-09	1.313131e+01	3.797734e+02
1.960000e-06	1.966453e-06	6.479788e-09	1.334542e+01	3.856668e+02
1.970000e-06	1.997737e-06	6.575326e-09	1.355773e+01	3.914357e+02
1.980000e-06	2.028717e-06	6.672192e-09	1.376797e+01	3.970849e+02
1.990000e-06	2.059461e-06	6.768346e-09	1.397662e+01	4.026184e+02
2.000000e-06	2.089980e-06	6.860911e-09	1.418374e+01	4.080388e+02
2.010000e-06	2.120237e-06	6.951111e-09	1.438908e+01	4.133474e+02
2.020000e-06	2.150305e-06	7.039404e-09	1.459314e+01	4.185446e+02
2.030000e-06	2.180178e-06	7.123287e-09	1.479587e+01	4.236300e+02
2.040000e-06	2.209825e-06	7.206438e-09	1.499707e+01	4.286031e+02
2.050000e-06	2.239235e-06	7.289759e-09	1.519667e+01	4.334637e+02
2.060000e-06	2.268413e-06	7.371777e-09	1.539468e+01	4.382124e+02
2.070000e-06	2.297352e-06	7.451862e-09	1.559108e+01	4.428512e+02
2.080000e-06	2.326028e-06	7.528115e-09	1.578569e+01	4.473830e+02
2.090000e-06	2.354497e-06	7.602491e-09	1.597890e+01	4.518121e+02
2.100000e-06	2.382810e-06	7.674060e-09	1.617105e+01	4.561438e+02
2.110000e-06	2.410951e-06	7.742220e-09	1.636202e+01	4.603837e+02
2.120000e-06	2.438884e-06	7.811147e-09	1.655159e+01	4.645376e+02
2.130000e-06	2.466532e-06	7.882090e-09	1.673923e+01	4.686106e+02
2.140000e-06	2.493828e-06	7.952605e-09	1.692447e+01	4.726066e+02
2.150000e-06	2.520680e-06	8.019011e-09	1.710670e+01	4.765283e+02
2.160000e-06	2.546943e-06	8.082482e-09	1.728494e+01	4.803766e+02
2.170000e-06	2.572641e-06	8.144595e-09	1.745934e+01	4.841512e+02
2.180000e-06	2.597886e-06	8.205967e-09	1.763066e+01	4.878503e+02
2.190000e-06	2.622777e-06	8.265749e-09	1.779959e+01	4.914713e+02
2.200000e-06	2.647373e-06	8.324854e-09	1.796651e+01	4.950114e+02
2.210000e-06	2.671678e-06	8.385973e-09	1.813146e+01	4.984680e+02
2.220000e-06	2.695758e-06	8.445768e-09	1.829488e+01	5.018394e+02
2.230000e-06	2.719586e-06	8.501469e-09	1.845659e+01	5.051251e+02
2.240000e-06	2.743162e-06	8.553804e-09	1.861659e+01	5.083258e+02
2.250000e-06	2.766385e-06	8.605249e-09	1.877419e+01	5.114437e+02
2.260000e-06	2.789205e-06	8.654763e-09	1.892906e+01	5.144822e+02
2.270000e-06	2.811751e-06	8.702479e-09	1.908207e+01	5.174453e+02
2.280000e-06	2.834007e-06	8.751346e-09	1.923311e+01	5.203374e+02
2.290000e-06	2.855894e-06	8.803160e-09	1.938165e+01	5.231626e+02
2.300000e-06	2.877436e-06	8.854720e-09	1.952784e+01	5.259243e+02
2.310000e-06	2.898632e-06	8.903083e-09	1.967169e+01	5.286250e+02
2.320000e-06	2.919503e-06	8.947722e-09	1.981333e+01	5.312656e+02
2.330000e-06	2.940163e-06	8.990720e-09	1.995354e+01	5.338459e+02
2.340000e-06	2.960616e-06	9.034575e-09	2.009235e+01	5.363648e+02
2.350000e-06	2.980796e-06	9.078640e-09	2.022930e+01	5.388202e+02
2.360000e-06	3.000687e-06	9.119876e-09	2.036429e+01	5.412101e+02
2.370000e-06	3.020254e-06	9.159277e-09	2.049709e+01	5.435326e+02
2.380000e-06	3.039386e-06	9.199497e-09	2.062692e+01	5.457865e+02
2.390000e-06	3.058111e-06	9.238517e-09	2.075400e+01	5.479720e+02
2.400000e-06	3.076482e-06	9.275539e-09	2.087868e+01	5.500902e+02
2.410000e-06	3.094474e-06	9.311081e-09	2.100078e+01	5.521436e+02
2.420000e-06	3.112116e-06	9.347145e-09	2.112051e+01	5.541358e+02
2.430000e-06	3.129470e-06	9.380996e-09	2.123828e+01	5.560709e+02
2.440000e-06	3.146548e-06	9.413646e-09	2.135418e+01	5.579534e+02
2.450000e-06	3.163248e-06	9.446715e-09	2.146752e+01	5.597872e+02
2.460000e-06	3.179466e-06	9.478846e-09	2.157758e+01	5.615756e+02
2.470000e-06	3.195189e-06	9.509343e-09	2.168429e+01	5.633206e+02
2.480000e-06	3.210474e-06	9.537889e-09	2.178802e+01	5.650229e+02
2.490000e-06	3.225279e-06	9.565609e-09	2.188849e+01	5.666820e+02
2.500000e-06	3.239622e-06	9.593868e-09	2.198583e+01	5.682961e+02
2.510000e-06	3.253583e-06	9.620951e-09	2.208058e+01	5.698626e+02
2.520000e-06	3.267148e-06	9.646005e-09	2.217264e+01	5.713786e+02
2.530000e-06	3.280348e-06	9.671114e-09	2.226222e+01	5.728415e+02
2.540000e-06	3.293144e-06	9.696146e-09	2.234907e+01	5.742494e+02
2.550000e-06	3.305551e-06	9.721245e-09	2.243326e+01	5.756013e+02
2.560000e-06	3.317617e-06	9.745274e-09	2.251515e+01	5.768975e+02
2.570000e-06	3.329196e-06	9.765717e-09	2.259373e+01	5.781396e+02
2.580000e-06	3.340131e-06	9.784079e-09	2.266794e+01	5.793303e+02
2.590000e-06	3.350478e-06	9.802414e-09	2.273817e+01	5.804731e+02
2.600000e-06	3.360329e-06	9.820451e-09	2.280502e+01	5.815717e+02
2.610000e-06	3.369615e-06	9.836867e-09	2.286803e+01	5.826299e+02
2.620000e-06	3.378416e-06	9.853314e-09	2.292776e+01	5.836508e+02
2.630000e-06	3.386864e-06	9.873734e-09	2.298510e+01	5.846364e+02
2.640000e-06	3.394982e-06	9.895175e-09	2.304019e+01	5.855878e+02
2.650000e-06	3.402805e-06	9.911841e-09	2.309328e+01	5.865048e+02
2.660000e-06	3.410343e-06	9.924748e-09	2.314444e+01	5.873862e+02
2.670000e-06	3.417529e-06	9.938009e-09	2.319321e+01	5.882298e+02
2.680000e-06	3.424270e-06	9.950236e-09	2.323895e+01	5.890333e+02
2.690000e-06	3.430568e-06	9.960072e-09	2.328170e+01	5.897942e+02
2.700000e-06	3.436449e-06	9.971378e-09	2.332161e+01	5.905104e+02
2.710000e-06	3.441920e-06	9.986214e-09	2.335874e+01	5.911804e+02
2.720000e-06	3.447032e-06	1.000155e-08	2.339343e+01	5.918038e+02
2.730000e-06	3.451870e-06	1.001205e-08	2.342627e+01	5.923805e+02
2.740000e-06	3.456357e-06	1.001904e-08	2.345672e+01	5.929114e+02
2.750000e-06	3.460528e-06	1.002617e-08	2.348502e+01	5.933975e+02
2.760000e-06	3.464360e-06	1.003129e-08	2.351103e+01	5.938399e+02
2.770000e-06	3.467734e-06	1.003352e-08	2.353393e+01	5.942394e+02
2.780000e-06	3.470651e-06	1.003664e-08	2.355372e+01	5.945963e+02
2.790000e-06	3.472930e-06	1.004320e-08	2.356919e+01	5.949100e+02
2.800000e-06	3.474540e-06	1.004986e-08	2.358012e+01	5.951794e+02
2.810000e-06	3.475603e-06	1.005369e-08	2.358733e+01	5.954027e+02
2.820000e-06	3.476280e-06	1.005601e-08	2.359192e+01	5.955784e+02
2.830000e-06	3.476655e-06	1.005891e-08	2.359446e+01	5.957050e+02
2.840000e-06	3.476704e-06	1.006095e-08	2.359480e+01	5.957819e+02
2.850000e-06	3.476407e-06	1.006022e-08	2.359278e+01	5.958100e+02
2.860000e-06	3.475727e-06	1.005798e-08	2.358817e+01	5.957913e+02
2.870000e-06	3.474661e-06	1.005427e-08	2.358093e+01	5.957299e+02
2.880000e-06	3.473251e-06	1.005055e-08	2.357137e+01	5.956311e+02
2.890000e-06	3.471436e-06	1.003385e-08	2.355905e+01	5.955016e+02
2.900000e-06	3.469206e-06	1.002682e-08	2.354391e+01	5.953483e+02
2.910000e-06	3.466693e-06	1.011283e-08	2.352686e+01	5.951783e+02
2.920000e-06	3.463811e-06	1.012927e-08	2.350730e+01	5.949973e+02
2.930000e-06	3.460433e-06	9.924209e-09	2.348438e+01	5.948095e+02
2.940000e-06	3.456764e-06	9.939659e-09	2.345948e+01	5.946168e+02
2.950000e-06	3.452989e-06	1.014266e-08	2.343386e+01	5.944183e+02
2.960000e-06	3.448900e-06	1.015172e-08	2.340611e+01	5.942105e+02
2.970000e-06	3.444185e-06	9.858207e-09	2.337411e+01	5.939873e+02
2.980000e-06	3.438861e-06	9.915392e-09	2.333798e+01	5.937408e+02
2.990000e-06	3.433092e-06	1.024906e-08	2.329883e+01	5.934622e+02
3.000000e-06	3.426718e-06	1.008490e-08	2.325557e+01	5.931424e+02
3.010000e-06	3.419742e-06	9.910230e-09	2.320823e+01	5.927734e+02
3.020000e-06	3.412450e-06	1.002769e-08	2.315874e+01	5.923487e+02
3.030000e-06	3.404887e-06	1.012716e-08	2.310741e+01	5.918644e+02
3.040000e-06	3.396888e-06	9.952902e-09	2.305312e+01	5.913193e+02
3.050000e-06	3.388465e-06	1.006347e-08	2.299596e+01	5.907148e+02
3.060000e-06	3.379750e-06	1.005716e-08	2.293682e+01	5.900547e+02
3.070000e-06	3.370620e-06	9.792725e-09	2.287486e+01	5.893446e+02
3.080000e-06	3.361001e-06	9.984738e-09	2.280958e+01	5.885906e+02
3.090000e-06	3.350959e-06	1.020211e-08	2.274143e+01	5.877988e+02
3.100000e-06	3.340579e-06	9.850929e-09	2.267098e+01	5.869741e+02
3.110000e-06	3.329848e-06	9.682130e-09	2.259816e+01	5.861194e+02
3.120000e-06	3.318655e-06	1.008544e-08	2.252219e+01	5.852353e+02
3.130000e-06	3.307005e-06	1.003218e-08	2.244313e+01	5.843198e+02
3.140000e-06	3.295013e-06	9.649570e-09	2.236175e+01	5.833687e+02
3.150000e-06	3.282544e-06	9.716219e-09	2.227713e+01	5.823760e+02
3.160000e-06	3.269401e-06	9.999121e-09	2.218793e+01	5.813346e+02
3.170000e-06	3.255620e-06	9.897471e-09	2.209440e+01	5.802379e+02
3.180000e-06	3.241228e-06	9.668128e-09	2.199674e+01	5.790799e+02
3.190000e-06	3.226283e-06	9.653485e-09	2.189531e+01	5.778569e+02
3.200000e-06	3.210963e-06	9.857467e-09	2.179134e+01	5.765674e+02
3.210000e-06	3.195433e-06	9.814552e-09	2.168594e+01	5.752129e+02
3.220000e-06	3.179605e-06	9.548306e-09	2.157853e+01	5.737974e+02
3.230000e-06	3.163450e-06	9.593292e-09	2.146889e+01	5.723273e+02
3.240000e-06	3.146995e-06	9.763015e-09	2.135722e+01	5.708102e+02
3.250000e-06	3.130142e-06	9.652759e-09	2.124284e+01	5.692543e+02
3.260000e-06	3.112856e-06	9.509220e-09	2.112553e+01	5.676671e+02
3.270000e-06	3.095226e-06	9.530921e-09	2.100589e+01	5.660544e+02
3.280000e-06	3.077281e-06	9.567806e-09	2.088410e+01	5.644199e+02
3.290000e-06	3.058962e-06	9.550783e-09	2.075977e+01	5.627644e+02
3.300000e-06	3.040283e-06	9.422083e-09	2.063301e+01	5.610856e+02
3.310000e-06	3.021253e-06	9.382036e-09	2.050386e+01	5.593791e+02
3.320000e-06	3.001907e-06	9.461022e-09	2.037257e+01	5.576383e+02
3.330000e-06	2.982377e-06	9.436849e-09	2.024003e+01	5.558555e+02
3.340000e-06	2.962684e-06	9.318353e-09	2.010638e+01	5.540235e+02
3.350000e-06	2.942759e-06	9.280375e-09	1.997116e+01	5.521356e+02
3.360000e-06	2.922461e-06	9.303437e-09	1.983341e+01	5.501875e+02
3.370000e-06	2.901659e-06	9.303934e-09	1.969223e+01	5.481769e+02
3.380000e-06	2.880284e-06	9.195181e-09	1.954717e+01	5.461046e+02
3.390000e-06	2.858353e-06	9.114687e-09	1.939833e+01	5.439737e+02
3.400000e-06	2.835882e-06	9.154994e-09	1.924583e+01	5.417895e+02
3.410000e-06	2.812912e-06	9.152949e-09	1.908995e+01	5.395586e+02
3.420000e-06	2.789636e-06	9.043164e-09	1.893198e+01	5.372875e+02
3.430000e-06	2.766126e-06	8.970722e-09	1.877243e+01	5.349825e+02
3.440000e-06	2.742421e-06	8.997212e-09	1.861156e+01	5.326480e+02
3.450000e-06	2.718513e-06	8.994675e-09	1.844931e+01	5.302862e+02
3.460000e-06	2.694300e-06	8.881070e-09	1.828498e+01	5.278965e+02
3.470000e-06	2.669795e-06	8.802319e-09	1.811868e+01	5.254759e+02
3.480000e-06	2.644968e-06	8.825906e-09	1.795019e+01	5.230190e+02
3.490000e-06	2.619793e-06	8.805612e-09	1.777934e+01	5.205188e+02
3.500000e-06	2.594364e-06	8.711358e-09	1.760676e+01	5.179678e+02
3.510000e-06	2.568591e-06	8.636910e-09	1.743185e+01	5.153585e+02
3.520000e-06	2.542427e-06	8.641379e-09	1.725429e+01	5.126847e+02
3.530000e-06	2.516008e-06	8.626015e-09	1.707500e+01	5.099421e+02
3.540000e-06	2.489306e-06	8.531568e-09	1.689378e+01	5.071289e+02
3.550000e-06	2.462277e-06	8.456160e-09	1.671035e+01	5.042456e+02
3.560000e-06	2.434984e-06	8.449090e-09	1.652512e+01	5.012952e+02
3.570000e-06	2.407519e-06	8.420887e-09	1.633873e+01	4.982824e+02
3.580000e-06	2.379884e-06	8.334678e-09	1.615119e+01	4.952129e+02
3.590000e-06	2.352045e-06	8.250286e-09	1.596226e+01	4.920927e+02
3.600000e-06	2.324010e-06	8.232291e-09	1.577199e+01	4.889270e+02
3.610000e-06	2.295728e-06	8.207635e-09	1.558006e+01	4.857193e+02
3.620000e-06	2.267107e-06	8.123386e-09	1.538582e+01	4.824714e+02
3.630000e-06	2.238083e-06	8.039410e-09	1.518885e+01	4.791826e+02
3.640000e-06	2.208521e-06	8.006253e-09	1.498822e+01	4.758502e+02
3.650000e-06	2.178477e-06	7.978183e-09	1.478433e+01	4.724694e+02
3.660000e-06	2.148053e-06	7.897858e-09	1.457786e+01	4.690346e+02
3.670000e-06	2.117252e-06	7.810679e-09	1.436882e+01	4.655393e+02
3.680000e-06	2.086165e-06	7.771503e-09	1.415785e+01	4.619777e+02
3.690000e-06	2.054868e-06	7.737345e-09	1.394545e+01	4.583448e+02
3.700000e-06	2.023410e-06	7.656871e-09	1.373196e+01	4.546374e+02
3.710000e-06	1.991767e-06	7.565671e-09	1.351721e+01	4.508538e+02
3.720000e-06	1.959978e-06	7.513419e-09	1.330148e+01	4.469945e+02
3.730000e-06	1.928047e-06	7.476678e-09	1.308477e+01	4.430614e+02
3.740000e-06	1.895871e-06	7.397572e-09	1.286641e+01	4.390575e+02
3.750000e-06	1.863499e-06	7.304210e-09	1.264671e+01	4.349865e+02
3.760000e-06	1.830968e-06	7.241942e-09	1.242594e+01	4.308517e+02
3.770000e-06	1.798174e-06	7.194505e-09	1.220339e+01	4.266556e+02
3.780000e-06	1.765199e-06	7.111846e-09	1.197960e+01	4.223996e+02
3.790000e-06	1.732014e-06	7.012892e-09	1.175439e+01	4.180836e+02
3.800000e-06	1.698578e-06	6.945753e-09	1.152747e+01	4.137060e+02
3.810000e-06	1.664961e-06	6.892851e-09	1.129933e+01	4.092638e+02
3.820000e-06	1.631120e-06	6.809989e-09	1.106966e+01	4.047532e+02
3.830000e-06	1.597087e-06	6.711980e-09	1.083870e+01	4.001701e+02
3.840000e-06	1.562874e-06	6.638461e-09	1.060651e+01	3.955108e+02
3.850000e-06	1.528434e-06	6.580407e-09	1.037278e+01	3.907721e+02
3.860000e-06	1.493798e-06	6.496359e-09	1.013772e+01	3.859520e+02
3.870000e-06	1.458992e-06	6.394510e-09	9.901511e+00	3.810498e+02
3.880000e-06	1.424012e-06	6.311459e-09	9.664120e+00	3.760659e+02
3.890000e-06	1.388859e-06	6.240049e-09	9.425554e+00	3.710019e+02
3.900000e-06	1.353534e-06	6.150155e-09	9.185813e+00	3.658595e+02
3.910000e-06	1.318114e-06	6.044661e-09	8.945437e+00	3.606406e+02
3.920000e-06	1.282652e-06	5.957560e-09	8.704770e+00	3.553465e+02
3.930000e-06	1.247128e-06	5.884379e-09	8.463688e+00	3.499772e+02
3.940000e-06	1.211524e-06	5.793700e-09	8.222061e+00	3.445315e+02
3.950000e-06	1.175874e-06	5.686099e-09	7.980119e+00	3.390066e+02
3.960000e-06	1.140158e-06	5.589555e-09	7.737730e+00	3.333981e+02
3.970000e-06	1.104333e-06	5.504718e-09	7.494605e+00	3.277007e+02
3.980000e-06	1.068407e-06	5.404680e-09	7.250788e+00	3.219085e+02
3.990000e-06	1.032382e-06	5.288827e-09	7.006302e+00	3.160154e+02
4.000000e-06	9.962546e-07	5.184402e-09	6.761125e+00	3.100161e+02
4.010000e-06	9.600215e-07	5.093446e-09	6.515227e+00	3.039064e+02
4.020000e-06	9.236656e-07	4.993042e-09	6.268496e+00	2.976836e+02
4.030000e-06	8.871238e-07	4.876687e-09	6.020504e+00	2.913464e+02
4.040000e-06	8.503600e-07	4.766128e-09	5.771005e+00	2.848951e+02
4.050000e-06	8.134004e-07	4.664978e-09	5.520177e+00	2.783314e+02
4.060000e-06	7.762644e-07	4.552061e-09	5.268152e+00	2.716572e+02
4.070000e-06	7.389224e-07	4.421859e-09	5.014729e+00	2.648745e+02
4.080000e-06	7.013932e-07	4.296885e-09	4.760035e+00	2.579846e+02
4.090000e-06	6.637475e-07	4.187346e-09	4.504551e+00	2.509872e+02
4.100000e-06	6.259817e-07	4.072940e-09	4.248252e+00	2.438806e+02
4.110000e-06	5.881217e-07	3.944845e-09	3.991313e+00	2.366609e+02
4.120000e-06	5.501534e-07	3.819278e-09	3.733639e+00	2.293221e+02
4.130000e-06	5.119453e-07	3.703063e-09	3.474339e+00	2.218569e+02
4.140000e-06	4.736189e-07	3.578666e-09	3.214235e+00	2.142567e+02
4.150000e-06	4.352855e-07	3.438018e-09	2.954083e+00	2.065126e+02
4.160000e-06	3.969052e-07	3.296106e-09	2.693614e+00	1.986160e+02
4.170000e-06	3.584162e-07	3.164438e-09	2.432407e+00	1.905595e+02
4.180000e-06	3.198305e-07	3.030633e-09	2.170543e+00	1.823371e+02
4.190000e-06	2.812265e-07	2.886099e-09	1.908555e+00	1.739451e+02
4.200000e-06	2.425400e-07	2.739194e-09	1.646008e+00	1.653819e+02
4.210000e-06	2.037255e-07	2.598114e-09	1.382592e+00	1.566480e+02
4.220000e-06	1.648758e-07	2.451643e-09	1.118937e+00	1.477459e+02
4.230000e-06	1.260427e-07	2.292348e-09	8.553939e-01	1.386793e+02
4.240000e-06	8.715977e-08	2.131068e-09	5.915135e-01	1.294529e+02
4.250000e-06	4.821641e-08	1.976688e-09	3.272227e-01	1.200721e+02
4.260000e-06	9.308068e-09	1.819228e-09	6.316960e-02	1.105419e+02
4.270000e-06	-2.953811e-08	1.653005e-09	-2.004616e-01	1.008677e+02
4.280000e-06	-6.835203e-08	1.486136e-09	-4.638740e-01	9.105446e+01
4.290000e-06	-1.071465e-07	1.323407e-09	-7.271544e-01	8.110735e+01
4.300000e-06	-1.459387e-07	1.159308e-09	-9.904193e-01	7.103197e+01
4.310000e-06	-1.847339e-07	9.855055e-10	-1.253705e+00	6.083485e+01
4.320000e-06	-2.234759e-07	8.081806e-10	-1.516629e+00	5.052393e+01
4.330000e-06	-2.620883e-07	6.324766e-10	-1.778674e+00	4.010895e+01
4.340000e-06	-3.006746e-07	4.578327e-10	-2.040541e+00	2.960172e+01
4.350000e-06	-3.392985e-07	2.789538e-10	-2.302664e+00	1.901613e+01
4.360000e-06	-3.777960e-07	9.764109e-11	-2.563929e+00	8.367983e+00
4.370000e-06	-4.162379e-07	-7.970823e-11	-2.824817e+00	-2.325503e+00
4.380000e-06	-4.546361e-07	-2.541742e-10	-3.085408e+00	-1.304633e+01
4.390000e-06	-4.929464e-07	-4.331193e-10	-3.345402e+00	-2.377650e+01
4.400000e-06	-5.311352e-07	-6.158674e-10	-3.604572e+00	-3.449883e+01
4.410000e-06	-5.691540e-07	-7.959374e-10	-3.862588e+00	-4.519770e+01
4.420000e-06	-6.071032e-07	-9.734913e-10	-4.120132e+00	-5.585961e+01
4.430000e-06	-6.449284e-07	-1.152960e-09	-4.376834e+00	-6.647350e+01
4.440000e-06	-6.825685e-07	-1.334321e-09	-4.632281e+00	-7.703083e+01
4.450000e-06	-7.200916e-07	-1.511069e-09	-4.886932e+00	-8.752526e+01
4.460000e-06	-7.574388e-07	-1.681644e-09	-5.140391e+00	-9.795221e+01
4.470000e-06	-7.945001e-07	-1.851593e-09	-5.391909e+00	-1.083081e+02
4.480000e-06	-8.313940e-07	-2.025777e-09	-5.642291e+00	-1.185898e+02
4.490000e-06	-8.681591e-07	-2.199839e-09	-5.891799e+00	-1.287933e+02
4.500000e-06	-9.047107e-07	-2.371467e-09	-6.139858e+00	-1.389139e+02
4.510000e-06	-9.410289e-07	-2.544085e-09	-6.386333e+00	-1.489451e+02
4.520000e-06	-9.772028e-07	-2.717151e-09	-6.631829e+00	-1.588791e+02
4.530000e-06	-1.013247e-06	-2.886229e-09	-6.876442e+00	-1.687062e+02
4.540000e-06	-1.049192e-06	-3.048498e-09	-7.120385e+00	-1.784162e+02
4.550000e-06	-1.085073e-06	-3.208150e-09	-7.363892e+00	-1.879982e+02
4.560000e-06	-1.120874e-06	-3.367975e-09	-7.606861e+00	-1.974421e+02
4.570000e-06	-1.156594e-06	-3.525740e-09	-7.849276e+00	-2.067389e+02
4.580000e-06	-1.192219e-06	-3.680127e-09	-8.091048e+00	-2.158816e+02
4.590000e-06	-1.227817e-06	-3.833822e-09	-8.332632e+00	-2.248658e+02
4.600000e-06	-1.263366e-06	-3.985990e-09	-8.573885e+00	-2.336896e+02
4.610000e-06	-1.298847e-06	-4.134300e-09	-8.814684e+00	-2.423541e+02
4.620000e-06	-1.334253e-06	-4.277185e-09	-9.054967e+00	-2.508624e+02
4.630000e-06	-1.369553e-06	-4.417130e-09	-9.294532e+00	-2.592194e+02
4.640000e-06	-1.404736e-06	-4.556397e-09	-9.533303e+00	-2.674308e+02
4.650000e-06	-1.439749e-06	-4.691557e-09	-9.770919e+00	-2.755024e+02
4.660000e-06	-1.474559e-06	-4.824450e-09	-1.000716e+01	-2.834391e+02
4.670000e-06	-1.509156e-06	-4.957045e-09	-1.024195e+01	-2.912448e+02
4.680000e-06	-1.543491e-06	-5.088140e-09	-1.047497e+01	-2.989210e+02
4.690000e-06	-1.577548e-06	-5.215038e-09	-1.070610e+01	-3.064679e+02
4.700000e-06	-1.611442e-06	-5.337819e-09	-1.093612e+01	-3.138833e+02
4.710000e-06	-1.645181e-06	-5.460688e-09	-1.116509e+01	-3.211642e+02
4.720000e-06	-1.678755e-06	-5.582610e-09	-1.139294e+01	-3.283066e+02
4.730000e-06	-1.712185e-06	-5.700175e-09	-1.161982e+01	-3.353063e+02
4.740000e-06	-1.745432e-06	-5.813713e-09	-1.184545e+01	-3.421599e+02
4.750000e-06	-1.778502e-06	-5.926171e-09	-1.206988e+01	-3.488654e+02
4.760000e-06	-1.811316e-06	-6.036028e-09	-1.229257e+01	-3.554221e+02
4.770000e-06	-1.843824e-06	-6.142248e-09	-1.251319e+01	-3.618314e+02
4.780000e-06	-1.876118e-06	-6.246946e-09	-1.273236e+01	-3.680963e+02
4.790000e-06	-1.908237e-06	-6.352108e-09	-1.295033e+01	-3.742213e+02
4.800000e-06	-1.940148e-06	-6.453835e-09	-1.316689e+01	-3.802118e+02
4.810000e-06	-1.971846e-06	-6.549748e-09	-1.338202e+01	-3.860735e+02
4.820000e-06	-2.003411e-06	-6.643833e-09	-1.359623e+01	-3.918120e+02
4.830000e-06	-2.034827e-06	-6.739153e-09	-1.380944e+01	-3.974319e+02
4.840000e-06	-2.066048e-06	-6.832724e-09	-1.402132e+01	-4.029369e+02
4.850000e-06	-2.097086e-06	-6.921809e-09	-1.423196e+01	-4.083292e+02
4.860000e-06	-2.127872e-06	-7.007995e-09	-1.444089e+01	-4.136100e+02
4.870000e-06	-2.158267e-06	-7.094503e-09	-1.464717e+01	-4.187792e+02
4.880000e-06	-2.188212e-06	-7.180320e-09	-1.485040e+01	-4.238365e+02
4.890000e-06	-2.217723e-06	-7.261452e-09	-1.505067e+01	-4.287814e+02
4.900000e-06	-2.246819e-06	-7.341253e-09	-1.524813e+01	-4.336139e+02
4.910000e-06	-2.275538e-06	-7.420766e-09	-1.544303e+01	-4.383349e+02
4.920000e-06	-2.303828e-06	-7.499280e-09	-1.563503e+01	-4.429465e+02
4.930000e-06	-2.331788e-06	-7.573437e-09	-1.582478e+01	-4.474521e+02
4.940000e-06	-2.359548e-06	-7.645525e-09	-1.601317e+01	-4.518563e+02
4.950000e-06	-2.387134e-06	-7.717997e-09	-1.620039e+01	-4.561645e+02
4.960000e-06	-2.414593e-06	-7.788217e-09	-1.638674e+01	-4.603823e+02
4.970000e-06	-2.441885e-06	-7.855315e-09	-1.657195e+01	-4.645155e+02
4.980000e-06	-2.468919e-06	-7.921591e-09	-1.675543e+01	-4.685689e+02
4.990000e-06	-2.495663e-06	-7.988269e-09	-1.693692e+01	-4.725460e+02
5.000000e-06	-2.522124e-06	-8.054783e-09	-1.711650e+01	-4.764493e+02
5.010000e-06	-2.548254e-06	-8.120803e-09	-1.729384e+01	-4.802793e+02
5.020000e-06	-2.574061e-06	-8.185055e-09	-1.746897e+01	-4.840352e+02
5.030000e-06	-2.599576e-06	-8.248445e-09	-1.764214e+01	-4.877149e+02
5.040000e-06	-2.624796e-06	-8.309942e-09	-1.781329e+01	-4.913159e+02
5.050000e-06	-2.649688e-06	-8.367790e-09	-1.798222e+01	-4.948353e+02
5.060000e-06	-2.674237e-06	-8.422744e-09	-1.814882e+01	-4.982707e+02
5.070000e-06	-2.698486e-06	-8.479162e-09	-1.831339e+01	-5.016207e+02
5.080000e-06	-2.722433e-06	-8.535201e-09	-1.847591e+01	-5.048849e+02
5.090000e-06	-2.746128e-06	-8.588458e-09	-1.863671e+01	-5.080646e+02
5.100000e-06	-2.769641e-06	-8.640830e-09	-1.879629e+01	-5.111623e+02
5.110000e-06	-2.792914e-06	-8.693194e-09	-1.895423e+01	-5.141814e+02
5.120000e-06	-2.815850e-06	-8.743355e-09	-1.910988e+01	-5.171263e+02
5.130000e-06	-2.838396e-06	-8.788286e-09	-1.926289e+01	-5.200012e+02
5.140000e-06	-2.860495e-06	-8.833346e-09	-1.941287e+01	-5.228103e+02
5.150000e-06	-2.882052e-06	-8.880031e-09	-1.955917e+01	-5.255565e+02
5.160000e-06	-2.903037e-06	-8.923820e-09	-1.970158e+01	-5.282421e+02
5.170000e-06	-2.923556e-06	-8.965573e-09	-1.984084e+01	-5.308676e+02
5.180000e-06	-2.943729e-06	-9.007567e-09	-1.997774e+01	-5.334327e+02
5.190000e-06	-2.963562e-06	-9.049018e-09	-2.011234e+01	-5.359358e+02
5.200000e-06	-2.983147e-06	-9.088850e-09	-2.024525e+01	-5.383750e+02
5.210000e-06	-3.002565e-06	-9.127254e-09	-2.037703e+01	-5.407482e+02
5.220000e-06	-3.021671e-06	-9.166306e-09	-2.050670e+01	-5.430535e+02
5.230000e-06	-3.040397e-06	-9.203625e-09	-2.063379e+01	-5.452903e+02
5.240000e-06	-3.058810e-06	-9.238347e-09	-2.075875e+01	-5.474587e+02
5.250000e-06	-3.076900e-06	-9.270562e-09	-2.088151e+01	-5.495604e+02
5.260000e-06	-3.094633e-06	-9.301625e-09	-2.100186e+01	-5.515981e+02
5.270000e-06	-3.112028e-06	-9.333616e-09	-2.111991e+01	-5.535755e+02
5.280000e-06	-3.129084e-06	-9.364499e-09	-2.123567e+01	-5.554971e+02
5.290000e-06	-3.145749e-06	-9.393580e-09	-2.134876e+01	-5.573670e+02
5.300000e-06	-3.162005e-06	-9.422472e-09	-2.145908e+01	-5.591891e+02
5.310000e-06	-3.177951e-06	-9.454291e-09	-2.156730e+01	-5.609664e+02
5.320000e-06	-3.193665e-06	-9.486458e-09	-2.167394e+01	-5.627007e+02
5.330000e-06	-3.209107e-06	-9.514553e-09	-2.177874e+01	-5.643923e+02
5.340000e-06	-3.224125e-06	-9.539590e-09	-2.188066e+01	-5.660403e+02
5.350000e-06	-3.238635e-06	-9.563439e-09	-2.197913e+01	-5.676427e+02
5.360000e-06	-3.252565e-06	-9.586543e-09	-2.207367e+01	-5.691968e+02
5.370000e-06	-3.265850e-06	-9.608888e-09	-2.216383e+01	-5.706997e+02
5.380000e-06	-3.278534e-06	-9.631647e-09	-2.224991e+01	-5.721490e+02
5.390000e-06	-3.290690e-06	-9.656722e-09	-2.233241e+01	-5.735429e+02
5.400000e-06	-3.302492e-06	-9.682771e-09	-2.241250e+01	-5.748807e+02
5.410000e-06	-3.313937e-06	-9.708439e-09	-2.249017e+01	-5.761631e+02
5.420000e-06	-3.324941e-06	-9.729712e-09	-2.256485e+01	-5.773920e+02
5.430000e-06	-3.335530e-06	-9.746430e-09	-2.263672e+01	-5.785704e+02
5.440000e-06	-3.345709e-06	-9.763733e-09	-2.270580e+01	-5.797017e+02
5.450000e-06	-3.355541e-06	-9.782333e-09	-2.277252e+01	-5.807898e+02
5.460000e-06	-3.365026e-06	-9.801374e-09	-2.283689e+01	-5.818384e+02
5.470000e-06	-3.374083e-06	-9.818973e-09	-2.289836e+01	-5.828502e+02
5.480000e-06	-3.382676e-06	-9.835292e-09	-2.295668e+01	-5.838272e+02
5.490000e-06	-3.390953e-06	-9.850147e-09	-2.301284e+01	-5.847701e+02
5.500000e-06	-3.399010e-06	-9.862068e-09	-2.306753e+01	-5.856783e+02
5.510000e-06	-3.406788e-06	-9.875156e-09	-2.312031e+01	-5.865503e+02
5.520000e-06	-3.414269e-06	-9.889839e-09	-2.317109e+01	-5.873841e+02
5.530000e-06	-3.421357e-06	-9.903781e-09	-2.321919e+01	-5.881771e+02
5.540000e-06	-3.427934e-06	-9.917855e-09	-2.326382e+01	-5.889270e+02
5.550000e-06	-3.433840e-06	-9.932436e-09	-2.330390e+01	-5.896317e+02
5.560000e-06	-3.439094e-06	-9.945070e-09	-2.333956e+01	-5.902900e+02
5.570000e-06	-3.443814e-06	-9.953405e-09	-2.337159e+01	-5.909016e+02
5.580000e-06	-3.448046e-06	-9.959982e-09	-2.340031e+01	-5.914668e+02
5.590000e-06	-3.451954e-06	-9.966966e-09	-2.342683e+01	-5.919863e+02
5.600000e-06	-3.455631e-06	-9.974494e-09	-2.345179e+01	-5.924613e+02
5.610000e-06	-3.458991e-06	-9.982911e-09	-2.347459e+01	-5.928929e+02
5.620000e-06	-3.461953e-06	-9.991190e-09	-2.349469e+01	-5.932818e+02
5.630000e-06	-3.464544e-06	-9.996921e-09	-2.351227e+01	-5.936279e+02
5.640000e-06	-3.466752e-06	-1.000118e-08	-2.352726e+01	-5.939306e+02
5.650000e-06	-3.468578e-06	-1.000552e-08	-2.353965e+01	-5.941885e+02
5.660000e-06	-3.470073e-06	-1.000828e-08	-2.354980e+01	-5.944001e+02
5.670000e-06	-3.471118e-06	-1.000951e-08	-2.355689e+01	-5.945635e+02
5.680000e-06	-3.471713e-06	-1.001157e-08	-2.356093e+01	-5.946777e+02
5.690000e-06	-3.471968e-06	-1.001494e-08	-2.356266e+01	-5.947422e+02
