# Temperatura_=_20.0
# Concentracion g/m^3_=_12000.0
# C_Vs_to_Am_M_A/Vsm_=_59384043850.047264
# pendiente_HvsI_1/m_=_3716.3
# ordenada_HvsI_A/m_=_1297.0
# frecuencia_Hz_=_175563.10299925075
# Promedio de 31 ciclos

Tiempo_(s)	Campo_(V.s)	Magnetizacion_(V.s)	Campo_(kA/m)	Magnetizacion_(A/m)
0.000000e+00	-7.187866e-09	-1.421301e-08	-4.584669e+01	-8.445898e+02
1.000000e-08	-7.187584e-09	-1.421367e-08	-4.584489e+01	-8.445982e+02
2.000000e-08	-7.186607e-09	-1.421544e-08	-4.583866e+01	-8.445625e+02
3.000000e-08	-7.184592e-09	-1.421658e-08	-4.582581e+01	-8.444784e+02
4.000000e-08	-7.181455e-09	-1.421390e-08	-4.580581e+01	-8.443434e+02
5.000000e-08	-7.177482e-09	-1.420783e-08	-4.578046e+01	-8.441564e+02
6.000000e-08	-7.172862e-09	-1.420123e-08	-4.575099e+01	-8.439182e+02
7.000000e-08	-7.167498e-09	-1.419356e-08	-4.571678e+01	-8.436316e+02
8.000000e-08	-7.161281e-09	-1.418490e-08	-4.567713e+01	-8.433008e+02
9.000000e-08	-7.154147e-09	-1.417330e-08	-4.563163e+01	-8.429314e+02
1.000000e-07	-7.146101e-09	-1.415115e-08	-4.558031e+01	-8.425291e+02
1.100000e-07	-7.137112e-09	-1.414597e-08	-4.552298e+01	-8.420993e+02
1.200000e-07	-7.127013e-09	-1.415798e-08	-4.545856e+01	-8.416465e+02
1.300000e-07	-7.115870e-09	-1.417762e-08	-4.538749e+01	-8.411734e+02
1.400000e-07	-7.103925e-09	-1.418560e-08	-4.531130e+01	-8.406809e+02
1.500000e-07	-7.091150e-09	-1.411937e-08	-4.522982e+01	-8.401676e+02
1.600000e-07	-7.077511e-09	-1.411114e-08	-4.514282e+01	-8.396299e+02
1.700000e-07	-7.062957e-09	-1.414629e-08	-4.505000e+01	-8.390625e+02
1.800000e-07	-7.047144e-09	-1.409616e-08	-4.494914e+01	-8.384592e+02
1.900000e-07	-7.030239e-09	-1.407109e-08	-4.484131e+01	-8.378129e+02
2.000000e-07	-7.012697e-09	-1.407449e-08	-4.472942e+01	-8.371169e+02
2.100000e-07	-6.994416e-09	-1.406947e-08	-4.461282e+01	-8.363653e+02
2.200000e-07	-6.975294e-09	-1.407869e-08	-4.449085e+01	-8.355537e+02
2.300000e-07	-6.955474e-09	-1.404430e-08	-4.436443e+01	-8.346793e+02
2.400000e-07	-6.934992e-09	-1.398883e-08	-4.423379e+01	-8.337411e+02
2.500000e-07	-6.913791e-09	-1.400598e-08	-4.409856e+01	-8.327399e+02
2.600000e-07	-6.891799e-09	-1.399952e-08	-4.395829e+01	-8.316779e+02
2.700000e-07	-6.869017e-09	-1.396554e-08	-4.381298e+01	-8.305581e+02
2.800000e-07	-6.845528e-09	-1.394084e-08	-4.366316e+01	-8.293839e+02
2.900000e-07	-6.821304e-09	-1.391630e-08	-4.350865e+01	-8.281588e+02
3.000000e-07	-6.796237e-09	-1.392487e-08	-4.334876e+01	-8.268853e+02
3.100000e-07	-6.770162e-09	-1.389923e-08	-4.318245e+01	-8.255654e+02
3.200000e-07	-6.743027e-09	-1.385081e-08	-4.300938e+01	-8.241998e+02
3.300000e-07	-6.714990e-09	-1.383289e-08	-4.283055e+01	-8.227881e+02
3.400000e-07	-6.686222e-09	-1.383069e-08	-4.264706e+01	-8.213294e+02
3.500000e-07	-6.656768e-09	-1.379680e-08	-4.245919e+01	-8.198220e+02
3.600000e-07	-6.626537e-09	-1.374903e-08	-4.226637e+01	-8.182643e+02
3.700000e-07	-6.595463e-09	-1.373599e-08	-4.206817e+01	-8.166550e+02
3.800000e-07	-6.563657e-09	-1.372516e-08	-4.186530e+01	-8.149931e+02
3.900000e-07	-6.531285e-09	-1.368895e-08	-4.165881e+01	-8.132786e+02
4.000000e-07	-6.498260e-09	-1.365894e-08	-4.144817e+01	-8.115124e+02
4.100000e-07	-6.464234e-09	-1.362646e-08	-4.123114e+01	-8.096960e+02
4.200000e-07	-6.429083e-09	-1.360184e-08	-4.100694e+01	-8.078311e+02
4.300000e-07	-6.393089e-09	-1.356901e-08	-4.077736e+01	-8.059199e+02
4.400000e-07	-6.356439e-09	-1.352577e-08	-4.054359e+01	-8.039641e+02
4.500000e-07	-6.319073e-09	-1.349879e-08	-4.030526e+01	-8.019645e+02
4.600000e-07	-6.280934e-09	-1.347395e-08	-4.006200e+01	-7.999213e+02
4.700000e-07	-6.242068e-09	-1.344238e-08	-3.981410e+01	-7.978332e+02
4.800000e-07	-6.202555e-09	-1.339964e-08	-3.956207e+01	-7.956981e+02
4.900000e-07	-6.162435e-09	-1.336545e-08	-3.930617e+01	-7.935125e+02
5.000000e-07	-6.121637e-09	-1.333247e-08	-3.904594e+01	-7.912726e+02
5.100000e-07	-6.079994e-09	-1.329066e-08	-3.878033e+01	-7.889740e+02
5.200000e-07	-6.037379e-09	-1.324669e-08	-3.850852e+01	-7.866126e+02
5.300000e-07	-5.993850e-09	-1.320873e-08	-3.823088e+01	-7.841849e+02
5.400000e-07	-5.949611e-09	-1.317604e-08	-3.794871e+01	-7.816884e+02
5.500000e-07	-5.904758e-09	-1.313290e-08	-3.766262e+01	-7.791217e+02
5.600000e-07	-5.859244e-09	-1.308210e-08	-3.737232e+01	-7.764846e+02
5.700000e-07	-5.813031e-09	-1.303693e-08	-3.707756e+01	-7.737783e+02
5.800000e-07	-5.766127e-09	-1.299267e-08	-3.677839e+01	-7.710045e+02
5.900000e-07	-5.718564e-09	-1.294172e-08	-3.647502e+01	-7.681656e+02
6.000000e-07	-5.670357e-09	-1.288671e-08	-3.616753e+01	-7.652641e+02
6.100000e-07	-5.621429e-09	-1.284327e-08	-3.585545e+01	-7.623020e+02
6.200000e-07	-5.571599e-09	-1.280329e-08	-3.553763e+01	-7.592807e+02
6.300000e-07	-5.520761e-09	-1.275267e-08	-3.521336e+01	-7.562004e+02
6.400000e-07	-5.469042e-09	-1.269268e-08	-3.488348e+01	-7.530602e+02
6.500000e-07	-5.416582e-09	-1.263676e-08	-3.454887e+01	-7.498583e+02
6.600000e-07	-5.363418e-09	-1.258469e-08	-3.420978e+01	-7.465920e+02
6.700000e-07	-5.309583e-09	-1.252228e-08	-3.386640e+01	-7.432580e+02
6.800000e-07	-5.255135e-09	-1.245583e-08	-3.351911e+01	-7.398530e+02
6.900000e-07	-5.200102e-09	-1.239812e-08	-3.316809e+01	-7.363737e+02
7.000000e-07	-5.144486e-09	-1.234704e-08	-3.281336e+01	-7.328179e+02
7.100000e-07	-5.088321e-09	-1.228751e-08	-3.245511e+01	-7.291838e+02
7.200000e-07	-5.031599e-09	-1.222046e-08	-3.209332e+01	-7.254709e+02
7.300000e-07	-4.974222e-09	-1.215598e-08	-3.172735e+01	-7.216794e+02
7.400000e-07	-4.916078e-09	-1.209548e-08	-3.135649e+01	-7.178103e+02
7.500000e-07	-4.857182e-09	-1.202682e-08	-3.098083e+01	-7.138649e+02
7.600000e-07	-4.797641e-09	-1.195147e-08	-3.060106e+01	-7.098444e+02
7.700000e-07	-4.737535e-09	-1.188134e-08	-3.021768e+01	-7.057497e+02
7.800000e-07	-4.676900e-09	-1.181506e-08	-2.983093e+01	-7.015809e+02
7.900000e-07	-4.615770e-09	-1.174369e-08	-2.944102e+01	-6.973370e+02
8.000000e-07	-4.554158e-09	-1.166696e-08	-2.904804e+01	-6.930161e+02
8.100000e-07	-4.492030e-09	-1.159422e-08	-2.865177e+01	-6.886149e+02
8.200000e-07	-4.429361e-09	-1.152553e-08	-2.825204e+01	-6.841295e+02
8.300000e-07	-4.366208e-09	-1.144969e-08	-2.784923e+01	-6.795553e+02
8.400000e-07	-4.302613e-09	-1.136541e-08	-2.744360e+01	-6.748877e+02
8.500000e-07	-4.238541e-09	-1.128192e-08	-2.703493e+01	-6.701222e+02
8.600000e-07	-4.173948e-09	-1.120164e-08	-2.662293e+01	-6.652551e+02
8.700000e-07	-4.108856e-09	-1.111815e-08	-2.620775e+01	-6.602833e+02
8.800000e-07	-4.043275e-09	-1.102879e-08	-2.578945e+01	-6.552048e+02
8.900000e-07	-3.977151e-09	-1.094215e-08	-2.536769e+01	-6.500187e+02
9.000000e-07	-3.910451e-09	-1.086082e-08	-2.494226e+01	-6.447245e+02
9.100000e-07	-3.843219e-09	-1.077526e-08	-2.451343e+01	-6.393222e+02
9.200000e-07	-3.775548e-09	-1.068233e-08	-2.408180e+01	-6.338118e+02
9.300000e-07	-3.707477e-09	-1.058752e-08	-2.364762e+01	-6.281930e+02
9.400000e-07	-3.638998e-09	-1.049309e-08	-2.321083e+01	-6.224643e+02
9.500000e-07	-3.570133e-09	-1.039489e-08	-2.277159e+01	-6.166236e+02
9.600000e-07	-3.500922e-09	-1.029061e-08	-2.233014e+01	-6.106672e+02
9.700000e-07	-3.431346e-09	-1.018647e-08	-2.188636e+01	-6.045904e+02
9.800000e-07	-3.361361e-09	-1.008621e-08	-2.143997e+01	-5.983877e+02
9.900000e-07	-3.290975e-09	-9.984827e-09	-2.099102e+01	-5.920528e+02
1.000000e-06	-3.220213e-09	-9.877523e-09	-2.053968e+01	-5.855793e+02
1.010000e-06	-3.149087e-09	-9.767737e-09	-2.008601e+01	-5.789610e+02
1.020000e-06	-3.077587e-09	-9.658836e-09	-1.962996e+01	-5.721926e+02
1.030000e-06	-3.005725e-09	-9.546174e-09	-1.917159e+01	-5.652696e+02
1.040000e-06	-2.933529e-09	-9.425990e-09	-1.871110e+01	-5.581888e+02
1.050000e-06	-2.860981e-09	-9.302455e-09	-1.824837e+01	-5.509481e+02
1.060000e-06	-2.788048e-09	-9.179840e-09	-1.778318e+01	-5.435463e+02
1.070000e-06	-2.714735e-09	-9.056390e-09	-1.731556e+01	-5.359827e+02
1.080000e-06	-2.641056e-09	-8.927418e-09	-1.684561e+01	-5.282567e+02
1.090000e-06	-2.566983e-09	-8.794161e-09	-1.637315e+01	-5.203671e+02
1.100000e-06	-2.492490e-09	-8.662522e-09	-1.589802e+01	-5.123117e+02
1.110000e-06	-2.417605e-09	-8.528634e-09	-1.542038e+01	-5.040870e+02
1.120000e-06	-2.342371e-09	-8.388802e-09	-1.494051e+01	-4.956875e+02
1.130000e-06	-2.266796e-09	-8.242888e-09	-1.445846e+01	-4.871060e+02
1.140000e-06	-2.190886e-09	-8.093626e-09	-1.397429e+01	-4.783337e+02
1.150000e-06	-2.114675e-09	-7.942073e-09	-1.348819e+01	-4.693605e+02
1.160000e-06	-2.038196e-09	-7.785122e-09	-1.300037e+01	-4.601751e+02
1.170000e-06	-1.961468e-09	-7.626273e-09	-1.251098e+01	-4.507664e+02
1.180000e-06	-1.884510e-09	-7.468506e-09	-1.202011e+01	-4.411233e+02
1.190000e-06	-1.807311e-09	-7.308488e-09	-1.152771e+01	-4.312357e+02
1.200000e-06	-1.729876e-09	-7.139691e-09	-1.103381e+01	-4.210947e+02
1.210000e-06	-1.652255e-09	-6.961326e-09	-1.053871e+01	-4.106928e+02
1.220000e-06	-1.574447e-09	-6.778738e-09	-1.004243e+01	-4.000240e+02
1.230000e-06	-1.496432e-09	-6.593938e-09	-9.544822e+00	-3.890832e+02
1.240000e-06	-1.418217e-09	-6.402834e-09	-9.045939e+00	-3.778661e+02
1.250000e-06	-1.339805e-09	-6.205854e-09	-8.545800e+00	-3.663678e+02
1.260000e-06	-1.261217e-09	-6.006623e-09	-8.044542e+00	-3.545828e+02
1.270000e-06	-1.182445e-09	-5.804906e-09	-7.542109e+00	-3.425035e+02
1.280000e-06	-1.103489e-09	-5.596909e-09	-7.038499e+00	-3.301197e+02
1.290000e-06	-1.024397e-09	-5.379193e-09	-6.534025e+00	-3.174180e+02
1.300000e-06	-9.451745e-10	-5.154218e-09	-6.028720e+00	-3.043813e+02
1.310000e-06	-8.658141e-10	-4.925794e-09	-5.522534e+00	-2.909891e+02
1.320000e-06	-7.863479e-10	-4.694087e-09	-5.015672e+00	-2.772173e+02
1.330000e-06	-7.067890e-10	-4.455806e-09	-4.508219e+00	-2.630392e+02
1.340000e-06	-6.271268e-10	-4.209760e-09	-4.000106e+00	-2.484265e+02
1.350000e-06	-5.473853e-10	-3.956130e-09	-3.491488e+00	-2.333505e+02
1.360000e-06	-4.675763e-10	-3.691744e-09	-2.982439e+00	-2.177835e+02
1.370000e-06	-3.876880e-10	-3.413740e-09	-2.472884e+00	-2.017008e+02
1.380000e-06	-3.077385e-10	-3.125054e-09	-1.962938e+00	-1.850821e+02
1.390000e-06	-2.277556e-10	-2.832114e-09	-1.452780e+00	-1.679131e+02
1.400000e-06	-1.477388e-10	-2.534340e-09	-9.424048e-01	-1.501876e+02
1.410000e-06	-6.770335e-11	-2.229772e-09	-4.319106e-01	-1.319083e+02
1.420000e-06	1.234131e-11	-1.916550e-09	7.864152e-02	-1.130878e+02
1.430000e-06	9.240947e-11	-1.595709e-09	5.893434e-01	-9.374987e+01
1.440000e-06	1.724830e-10	-1.264002e-09	1.100080e+00	-7.392896e+01
1.450000e-06	2.525365e-10	-9.179351e-10	1.610688e+00	-5.367055e+01
1.460000e-06	3.325552e-10	-5.615082e-10	2.121075e+00	-3.303035e+01
1.470000e-06	4.125391e-10	-2.025934e-10	2.631239e+00	-1.207324e+01
1.480000e-06	4.924683e-10	1.557722e-10	3.141055e+00	9.128191e+00
1.490000e-06	5.723318e-10	5.148248e-10	3.650452e+00	3.049547e+01
1.500000e-06	6.521135e-10	8.720841e-10	4.159326e+00	5.194632e+01
1.510000e-06	7.317878e-10	1.226402e-09	4.667516e+00	7.339696e+01
1.520000e-06	8.113348e-10	1.579260e-09	5.174893e+00	9.476448e+01
1.530000e-06	8.907353e-10	1.936680e-09	5.681338e+00	1.159691e+02
1.540000e-06	9.700134e-10	2.293756e-09	6.187001e+00	1.369364e+02
1.550000e-06	1.049152e-09	2.644558e-09	6.691774e+00	1.575992e+02
1.560000e-06	1.128122e-09	2.987966e-09	7.195467e+00	1.778987e+02
1.570000e-06	1.206929e-09	3.323201e-09	7.698129e+00	1.977860e+02
1.580000e-06	1.285573e-09	3.646169e-09	8.199747e+00	2.172222e+02
1.590000e-06	1.364047e-09	3.958011e-09	8.700280e+00	2.361787e+02
1.600000e-06	1.442335e-09	4.262431e-09	9.199628e+00	2.546363e+02
1.610000e-06	1.520416e-09	4.562257e-09	9.697655e+00	2.725845e+02
1.620000e-06	1.598279e-09	4.856437e-09	1.019429e+01	2.900201e+02
1.630000e-06	1.675909e-09	5.142278e-09	1.068944e+01	3.069456e+02
1.640000e-06	1.753296e-09	5.420126e-09	1.118304e+01	3.233681e+02
1.650000e-06	1.830453e-09	5.688122e-09	1.167517e+01	3.392969e+02
1.660000e-06	1.907391e-09	5.946107e-09	1.216591e+01	3.547430e+02
1.670000e-06	1.984100e-09	6.193536e-09	1.265519e+01	3.697174e+02
1.680000e-06	2.060545e-09	6.434959e-09	1.314278e+01	3.842308e+02
1.690000e-06	2.136723e-09	6.672020e-09	1.362867e+01	3.982928e+02
1.700000e-06	2.212616e-09	6.902975e-09	1.411274e+01	4.119121e+02
1.710000e-06	2.288175e-09	7.124048e-09	1.459468e+01	4.250966e+02
1.720000e-06	2.363375e-09	7.337805e-09	1.507434e+01	4.378538e+02
1.730000e-06	2.438207e-09	7.546749e-09	1.555164e+01	4.501918e+02
1.740000e-06	2.512661e-09	7.748059e-09	1.602653e+01	4.621189e+02
1.750000e-06	2.586740e-09	7.940261e-09	1.649903e+01	4.736452e+02
1.760000e-06	2.660449e-09	8.126290e-09	1.696917e+01	4.847819e+02
1.770000e-06	2.733786e-09	8.308930e-09	1.743694e+01	4.955421e+02
1.780000e-06	2.806761e-09	8.485159e-09	1.790240e+01	5.059401e+02
1.790000e-06	2.879378e-09	8.653089e-09	1.836557e+01	5.159916e+02
1.800000e-06	2.951643e-09	8.814027e-09	1.882651e+01	5.257126e+02
1.810000e-06	3.023563e-09	8.970014e-09	1.928524e+01	5.351192e+02
1.820000e-06	3.095151e-09	9.121556e-09	1.974185e+01	5.442268e+02
1.830000e-06	3.166411e-09	9.267018e-09	2.019638e+01	5.530496e+02
1.840000e-06	3.237325e-09	9.408600e-09	2.064869e+01	5.616003e+02
1.850000e-06	3.307870e-09	9.550073e-09	2.109865e+01	5.698897e+02
1.860000e-06	3.378009e-09	9.688031e-09	2.154602e+01	5.779271e+02
1.870000e-06	3.447717e-09	9.820198e-09	2.199065e+01	5.857201e+02
1.880000e-06	3.517029e-09	9.947033e-09	2.243274e+01	5.932753e+02
1.890000e-06	3.585982e-09	1.007100e-08	2.287255e+01	6.005986e+02
1.900000e-06	3.654569e-09	1.019117e-08	2.331002e+01	6.076960e+02
1.910000e-06	3.722780e-09	1.030377e-08	2.374510e+01	6.145737e+02
1.920000e-06	3.790574e-09	1.041256e-08	2.417751e+01	6.212390e+02
1.930000e-06	3.857877e-09	1.052209e-08	2.460680e+01	6.276998e+02
1.940000e-06	3.924639e-09	1.063072e-08	2.503263e+01	6.339654e+02
1.950000e-06	3.990823e-09	1.073530e-08	2.545477e+01	6.400458e+02
1.960000e-06	4.056426e-09	1.083689e-08	2.587321e+01	6.459513e+02
1.970000e-06	4.121467e-09	1.093595e-08	2.628806e+01	6.516924e+02
1.980000e-06	4.185984e-09	1.103076e-08	2.669957e+01	6.572792e+02
1.990000e-06	4.250033e-09	1.112142e-08	2.710810e+01	6.627208e+02
2.000000e-06	4.313631e-09	1.120728e-08	2.751375e+01	6.680249e+02
2.010000e-06	4.376771e-09	1.129179e-08	2.791648e+01	6.731980e+02
2.020000e-06	4.439444e-09	1.137727e-08	2.831624e+01	6.782448e+02
2.030000e-06	4.501626e-09	1.146129e-08	2.871285e+01	6.831689e+02
2.040000e-06	4.563307e-09	1.154375e-08	2.910628e+01	6.879725e+02
2.050000e-06	4.624505e-09	1.162451e-08	2.949662e+01	6.926575e+02
2.060000e-06	4.685246e-09	1.170460e-08	2.988405e+01	6.972255e+02
2.070000e-06	4.745528e-09	1.178136e-08	3.026855e+01	7.016784e+02
2.080000e-06	4.805294e-09	1.185281e-08	3.064976e+01	7.060187e+02
2.090000e-06	4.864428e-09	1.192256e-08	3.102694e+01	7.102498e+02
2.100000e-06	4.922802e-09	1.199188e-08	3.139927e+01	7.143762e+02
2.110000e-06	4.980401e-09	1.205954e-08	3.176665e+01	7.184029e+02
2.120000e-06	5.037303e-09	1.212519e-08	3.212959e+01	7.223357e+02
2.130000e-06	5.093604e-09	1.219079e-08	3.248870e+01	7.261802e+02
2.140000e-06	5.149368e-09	1.225642e-08	3.284439e+01	7.299421e+02
2.150000e-06	5.204591e-09	1.232007e-08	3.319662e+01	7.336262e+02
2.160000e-06	5.259248e-09	1.238060e-08	3.354524e+01	7.372360e+02
2.170000e-06	5.313311e-09	1.243819e-08	3.389008e+01	7.407742e+02
2.180000e-06	5.366754e-09	1.249595e-08	3.423095e+01	7.442418e+02
2.190000e-06	5.419543e-09	1.255448e-08	3.456766e+01	7.476388e+02
2.200000e-06	5.471612e-09	1.261134e-08	3.489978e+01	7.509642e+02
2.210000e-06	5.522849e-09	1.266514e-08	3.522658e+01	7.542166e+02
2.220000e-06	5.573137e-09	1.271972e-08	3.554733e+01	7.573945e+02
2.230000e-06	5.622503e-09	1.277512e-08	3.586221e+01	7.604968e+02
2.240000e-06	5.671102e-09	1.282561e-08	3.617219e+01	7.635231e+02
2.250000e-06	5.719041e-09	1.287211e-08	3.647796e+01	7.664742e+02
2.260000e-06	5.766337e-09	1.292005e-08	3.677963e+01	7.693517e+02
2.270000e-06	5.812965e-09	1.296963e-08	3.707704e+01	7.721586e+02
2.280000e-06	5.858900e-09	1.301821e-08	3.737003e+01	7.748982e+02
2.290000e-06	5.904154e-09	1.306498e-08	3.765868e+01	7.775745e+02
2.300000e-06	5.948815e-09	1.311137e-08	3.794355e+01	7.801913e+02
2.310000e-06	5.992938e-09	1.315873e-08	3.822498e+01	7.827518e+02
2.320000e-06	6.036422e-09	1.320181e-08	3.850234e+01	7.852584e+02
2.330000e-06	6.079022e-09	1.324001e-08	3.877405e+01	7.877126e+02
2.340000e-06	6.120610e-09	1.327780e-08	3.903932e+01	7.901143e+02
2.350000e-06	6.161334e-09	1.331772e-08	3.929906e+01	7.924627e+02
2.360000e-06	6.201381e-09	1.335897e-08	3.955450e+01	7.947558e+02
2.370000e-06	6.240773e-09	1.339895e-08	3.980576e+01	7.969915e+02
2.380000e-06	6.279460e-09	1.343750e-08	4.005252e+01	7.991673e+02
2.390000e-06	6.317435e-09	1.347556e-08	4.029474e+01	8.012814e+02
2.400000e-06	6.354681e-09	1.351088e-08	4.053230e+01	8.033328e+02
2.410000e-06	6.391266e-09	1.354230e-08	4.076566e+01	8.053215e+02
2.420000e-06	6.427264e-09	1.357233e-08	4.099527e+01	8.072488e+02
2.430000e-06	6.462524e-09	1.360381e-08	4.122017e+01	8.091168e+02
2.440000e-06	6.496794e-09	1.363624e-08	4.143875e+01	8.109290e+02
2.450000e-06	6.530046e-09	1.366712e-08	4.165085e+01	8.126889e+02
2.460000e-06	6.562487e-09	1.369816e-08	4.185777e+01	8.144003e+02
2.470000e-06	6.594247e-09	1.372930e-08	4.206035e+01	8.160666e+02
2.480000e-06	6.625299e-09	1.375776e-08	4.225841e+01	8.176901e+02
2.490000e-06	6.655611e-09	1.378313e-08	4.245175e+01	8.192723e+02
2.500000e-06	6.685160e-09	1.380810e-08	4.264022e+01	8.208132e+02
2.510000e-06	6.713986e-09	1.383380e-08	4.282408e+01	8.223118e+02
2.520000e-06	6.742222e-09	1.385818e-08	4.300418e+01	8.237658e+02
2.530000e-06	6.769796e-09	1.388116e-08	4.318006e+01	8.251726e+02
2.540000e-06	6.796370e-09	1.390465e-08	4.334956e+01	8.265293e+02
2.550000e-06	6.821821e-09	1.392966e-08	4.351190e+01	8.278333e+02
2.560000e-06	6.846352e-09	1.395279e-08	4.366837e+01	8.290827e+02
2.570000e-06	6.870116e-09	1.397188e-08	4.381994e+01	8.302767e+02
2.580000e-06	6.893100e-09	1.398994e-08	4.396655e+01	8.314157e+02
2.590000e-06	6.915313e-09	1.400888e-08	4.410823e+01	8.325014e+02
2.600000e-06	6.936746e-09	1.402773e-08	4.424493e+01	8.335362e+02
2.610000e-06	6.957447e-09	1.404564e-08	4.437697e+01	8.345232e+02
2.620000e-06	6.977543e-09	1.406178e-08	4.450516e+01	8.354660e+02
2.630000e-06	6.996947e-09	1.407695e-08	4.462892e+01	8.363673e+02
2.640000e-06	7.015468e-09	1.409122e-08	4.474706e+01	8.372296e+02
2.650000e-06	7.033104e-09	1.410444e-08	4.485955e+01	8.380542e+02
2.660000e-06	7.049928e-09	1.411723e-08	4.496686e+01	8.388409e+02
2.670000e-06	7.065821e-09	1.412910e-08	4.506823e+01	8.395886e+02
2.680000e-06	7.080690e-09	1.414057e-08	4.516307e+01	8.402953e+02
2.690000e-06	7.094635e-09	1.415183e-08	4.525202e+01	8.409582e+02
2.700000e-06	7.107718e-09	1.416253e-08	4.533547e+01	8.415746e+02
2.710000e-06	7.119949e-09	1.417201e-08	4.541348e+01	8.421419e+02
2.720000e-06	7.131202e-09	1.418100e-08	4.548526e+01	8.426586e+02
2.730000e-06	7.141257e-09	1.418942e-08	4.554939e+01	8.431244e+02
2.740000e-06	7.150202e-09	1.419765e-08	4.560645e+01	8.435402e+02
2.750000e-06	7.158342e-09	1.420319e-08	4.565837e+01	8.439085e+02
2.760000e-06	7.165743e-09	1.420674e-08	4.570558e+01	8.442327e+02
2.770000e-06	7.172321e-09	1.421001e-08	4.574753e+01	8.445172e+02
2.780000e-06	7.178045e-09	1.421341e-08	4.578404e+01	8.447664e+02
2.790000e-06	7.182975e-09	1.421858e-08	4.581549e+01	8.449842e+02
2.800000e-06	7.187263e-09	1.422247e-08	4.584284e+01	8.451737e+02
2.810000e-06	7.190808e-09	1.422398e-08	4.586545e+01	8.453366e+02
2.820000e-06	7.193283e-09	1.422372e-08	4.588124e+01	8.454729e+02
2.830000e-06	7.194616e-09	1.422184e-08	4.588975e+01	8.455810e+02
2.840000e-06	7.195064e-09	1.421903e-08	4.589260e+01	8.456577e+02
2.850000e-06	7.194794e-09	1.421647e-08	4.589088e+01	8.456987e+02
2.860000e-06	7.193764e-09	1.421661e-08	4.588431e+01	8.456993e+02
2.870000e-06	7.191972e-09	1.421987e-08	4.587288e+01	8.456548e+02
2.880000e-06	7.189405e-09	1.422160e-08	4.585651e+01	8.455614e+02
2.890000e-06	7.186122e-09	1.422107e-08	4.583557e+01	8.454168e+02
2.900000e-06	7.182261e-09	1.421760e-08	4.581094e+01	8.452201e+02
2.910000e-06	7.177699e-09	1.421010e-08	4.578185e+01	8.449726e+02
2.920000e-06	7.172106e-09	1.420274e-08	4.574617e+01	8.446774e+02
2.930000e-06	7.165409e-09	1.419377e-08	4.570346e+01	8.443390e+02
2.940000e-06	7.157765e-09	1.421798e-08	4.565470e+01	8.439630e+02
2.950000e-06	7.149085e-09	1.422771e-08	4.559934e+01	8.435552e+02
2.960000e-06	7.139250e-09	1.419708e-08	4.553661e+01	8.431208e+02
2.970000e-06	7.128530e-09	1.414327e-08	4.546823e+01	8.426641e+02
2.980000e-06	7.117336e-09	1.410643e-08	4.539684e+01	8.421875e+02
2.990000e-06	7.105557e-09	1.417870e-08	4.532171e+01	8.416913e+02
3.000000e-06	7.092586e-09	1.417848e-08	4.523898e+01	8.411738e+02
3.010000e-06	7.078460e-09	1.413388e-08	4.514888e+01	8.406310e+02
3.020000e-06	7.063566e-09	1.419728e-08	4.505388e+01	8.400575e+02
3.030000e-06	7.047706e-09	1.421009e-08	4.495272e+01	8.394467e+02
3.040000e-06	7.030933e-09	1.417378e-08	4.484574e+01	8.387916e+02
3.050000e-06	7.013516e-09	1.416777e-08	4.473465e+01	8.380857e+02
3.060000e-06	6.995336e-09	1.412038e-08	4.461869e+01	8.373232e+02
3.070000e-06	6.976373e-09	1.409886e-08	4.449774e+01	8.365000e+02
3.080000e-06	6.956716e-09	1.413766e-08	4.437235e+01	8.356137e+02
3.090000e-06	6.936387e-09	1.408348e-08	4.424269e+01	8.346637e+02
3.100000e-06	6.915266e-09	1.406174e-08	4.410798e+01	8.336509e+02
3.110000e-06	6.892960e-09	1.407442e-08	4.396570e+01	8.325778e+02
3.120000e-06	6.869559e-09	1.405011e-08	4.381645e+01	8.314476e+02
3.130000e-06	6.845490e-09	1.405248e-08	4.366293e+01	8.302637e+02
3.140000e-06	6.820665e-09	1.399808e-08	4.350458e+01	8.290294e+02
3.150000e-06	6.794920e-09	1.398441e-08	4.334037e+01	8.277472e+02
3.160000e-06	6.768313e-09	1.399153e-08	4.317067e+01	8.264188e+02
3.170000e-06	6.741013e-09	1.391748e-08	4.299654e+01	8.250446e+02
3.180000e-06	6.713071e-09	1.388897e-08	4.281831e+01	8.236243e+02
3.190000e-06	6.684156e-09	1.387796e-08	4.263389e+01	8.221566e+02
3.200000e-06	6.654127e-09	1.386926e-08	4.244235e+01	8.206400e+02
3.210000e-06	6.623241e-09	1.384262e-08	4.224535e+01	8.190727e+02
3.220000e-06	6.591623e-09	1.378172e-08	4.204368e+01	8.174536e+02
3.230000e-06	6.559219e-09	1.378986e-08	4.183700e+01	8.157819e+02
3.240000e-06	6.526009e-09	1.375954e-08	4.162518e+01	8.140577e+02
3.250000e-06	6.492114e-09	1.371581e-08	4.140898e+01	8.122820e+02
3.260000e-06	6.457566e-09	1.368115e-08	4.118862e+01	8.104564e+02
3.270000e-06	6.422324e-09	1.364386e-08	4.096384e+01	8.085828e+02
3.280000e-06	6.386424e-09	1.364100e-08	4.073485e+01	8.066631e+02
3.290000e-06	6.349744e-09	1.358626e-08	4.050089e+01	8.046991e+02
3.300000e-06	6.312099e-09	1.355286e-08	4.026079e+01	8.026914e+02
3.310000e-06	6.273443e-09	1.352926e-08	4.001422e+01	8.006400e+02
3.320000e-06	6.233952e-09	1.349235e-08	3.976234e+01	7.985434e+02
3.330000e-06	6.193830e-09	1.345346e-08	3.950643e+01	7.963991e+02
3.340000e-06	6.153081e-09	1.339432e-08	3.924652e+01	7.942037e+02
3.350000e-06	6.111616e-09	1.337613e-08	3.898204e+01	7.919531e+02
3.360000e-06	6.069416e-09	1.334230e-08	3.871287e+01	7.896431e+02
3.370000e-06	6.026586e-09	1.329754e-08	3.843969e+01	7.872696e+02
3.380000e-06	5.983205e-09	1.325187e-08	3.816299e+01	7.848292e+02
3.390000e-06	5.939262e-09	1.320919e-08	3.788270e+01	7.823197e+02
3.400000e-06	5.894643e-09	1.318011e-08	3.759811e+01	7.797398e+02
3.410000e-06	5.849286e-09	1.311911e-08	3.730881e+01	7.770897e+02
3.420000e-06	5.803222e-09	1.306994e-08	3.701500e+01	7.743706e+02
3.430000e-06	5.756447e-09	1.302817e-08	3.671665e+01	7.715845e+02
3.440000e-06	5.708968e-09	1.298972e-08	3.641381e+01	7.687337e+02
3.450000e-06	5.660745e-09	1.293500e-08	3.610624e+01	7.658208e+02
3.460000e-06	5.611777e-09	1.287083e-08	3.579390e+01	7.628476e+02
3.470000e-06	5.562080e-09	1.282875e-08	3.547691e+01	7.598153e+02
3.480000e-06	5.511646e-09	1.278256e-08	3.515523e+01	7.567239e+02
3.490000e-06	5.460512e-09	1.272778e-08	3.482908e+01	7.535724e+02
3.500000e-06	5.408667e-09	1.266365e-08	3.449840e+01	7.503587e+02
3.510000e-06	5.355998e-09	1.261566e-08	3.416246e+01	7.470800e+02
3.520000e-06	5.302411e-09	1.256701e-08	3.382067e+01	7.437330e+02
3.530000e-06	5.247972e-09	1.250218e-08	3.347344e+01	7.403143e+02
3.540000e-06	5.192806e-09	1.243428e-08	3.312157e+01	7.368209e+02
3.550000e-06	5.137024e-09	1.237755e-08	3.276577e+01	7.332506e+02
3.560000e-06	5.080680e-09	1.232480e-08	3.240639e+01	7.296018e+02
3.570000e-06	5.023762e-09	1.225531e-08	3.204335e+01	7.258742e+02
3.580000e-06	4.966281e-09	1.218321e-08	3.167671e+01	7.220681e+02
3.590000e-06	4.908229e-09	1.212052e-08	3.130644e+01	7.181846e+02
3.600000e-06	4.849582e-09	1.206363e-08	3.093237e+01	7.142250e+02
3.610000e-06	4.790393e-09	1.199187e-08	3.055484e+01	7.101906e+02
3.620000e-06	4.730726e-09	1.191441e-08	3.017426e+01	7.060821e+02
3.630000e-06	4.670545e-09	1.184456e-08	2.979041e+01	7.018994e+02
3.640000e-06	4.609749e-09	1.177860e-08	2.940263e+01	6.976414e+02
3.650000e-06	4.548270e-09	1.170424e-08	2.901050e+01	6.933057e+02
3.660000e-06	4.486123e-09	1.162123e-08	2.861410e+01	6.888891e+02
3.670000e-06	4.423366e-09	1.154825e-08	2.821382e+01	6.843875e+02
3.680000e-06	4.360057e-09	1.147777e-08	2.781001e+01	6.797962e+02
3.690000e-06	4.296237e-09	1.139629e-08	2.740295e+01	6.751106e+02
3.700000e-06	4.231952e-09	1.130618e-08	2.699291e+01	6.703264e+02
3.710000e-06	4.167226e-09	1.122266e-08	2.658007e+01	6.654398e+02
3.720000e-06	4.102029e-09	1.114425e-08	2.616422e+01	6.604482e+02
3.730000e-06	4.036364e-09	1.105791e-08	2.574539e+01	6.553497e+02
3.740000e-06	3.970255e-09	1.096360e-08	2.532372e+01	6.501434e+02
3.750000e-06	3.903707e-09	1.087417e-08	2.489925e+01	6.448289e+02
3.760000e-06	3.836736e-09	1.078921e-08	2.447209e+01	6.394064e+02
3.770000e-06	3.769383e-09	1.069458e-08	2.404249e+01	6.338759e+02
3.780000e-06	3.701645e-09	1.059278e-08	2.361043e+01	6.282366e+02
3.790000e-06	3.633464e-09	1.049507e-08	2.317555e+01	6.224872e+02
3.800000e-06	3.564797e-09	1.040266e-08	2.273757e+01	6.166251e+02
3.810000e-06	3.495646e-09	1.030309e-08	2.229650e+01	6.106466e+02
3.820000e-06	3.426022e-09	1.019346e-08	2.185241e+01	6.045468e+02
3.830000e-06	3.355885e-09	1.008528e-08	2.140506e+01	5.983198e+02
3.840000e-06	3.285231e-09	9.982082e-09	2.095440e+01	5.919594e+02
3.850000e-06	3.214124e-09	9.873539e-09	2.050086e+01	5.854592e+02
3.860000e-06	3.142617e-09	9.756932e-09	2.004476e+01	5.788133e+02
3.870000e-06	3.070751e-09	9.641437e-09	1.958637e+01	5.720162e+02
3.880000e-06	2.998569e-09	9.528907e-09	1.912597e+01	5.650639e+02
3.890000e-06	2.926082e-09	9.410385e-09	1.866362e+01	5.579533e+02
3.900000e-06	2.853286e-09	9.282444e-09	1.819931e+01	5.506826e+02
3.910000e-06	2.780176e-09	9.153446e-09	1.773299e+01	5.432505e+02
3.920000e-06	2.706733e-09	9.028275e-09	1.726454e+01	5.356566e+02
3.930000e-06	2.632957e-09	8.899740e-09	1.679397e+01	5.279001e+02
3.940000e-06	2.558876e-09	8.762865e-09	1.632146e+01	5.199796e+02
3.950000e-06	2.484507e-09	8.622506e-09	1.584710e+01	5.118929e+02
3.960000e-06	2.409845e-09	8.484571e-09	1.537088e+01	5.036359e+02
3.970000e-06	2.334888e-09	8.345321e-09	1.489278e+01	4.952029e+02
3.980000e-06	2.259632e-09	8.199471e-09	1.441278e+01	4.865865e+02
3.990000e-06	2.184075e-09	8.049646e-09	1.393085e+01	4.777774e+02
4.000000e-06	2.108213e-09	7.900014e-09	1.344697e+01	4.687652e+02
4.010000e-06	2.032051e-09	7.747292e-09	1.296119e+01	4.595389e+02
4.020000e-06	1.955594e-09	7.585242e-09	1.247352e+01	4.500872e+02
4.030000e-06	1.878839e-09	7.418226e-09	1.198395e+01	4.403990e+02
4.040000e-06	1.801817e-09	7.250784e-09	1.149268e+01	4.304646e+02
4.050000e-06	1.724543e-09	7.080618e-09	1.099981e+01	4.202752e+02
4.060000e-06	1.647024e-09	6.903907e-09	1.050537e+01	4.098238e+02
4.070000e-06	1.569263e-09	6.721964e-09	1.000939e+01	3.991044e+02
4.080000e-06	1.491267e-09	6.539341e-09	9.511901e+00	3.881122e+02
4.090000e-06	1.413071e-09	6.354732e-09	9.013141e+00	3.768427e+02
4.100000e-06	1.334699e-09	6.163551e-09	8.513256e+00	3.652912e+02
4.110000e-06	1.256158e-09	5.963921e-09	8.012298e+00	3.534518e+02
4.120000e-06	1.177442e-09	5.759011e-09	7.510220e+00	3.413163e+02
4.130000e-06	1.098546e-09	5.549513e-09	7.006995e+00	3.288740e+02
4.140000e-06	1.019501e-09	5.333573e-09	6.502820e+00	3.161110e+02
4.150000e-06	9.403427e-10	5.111908e-09	5.997920e+00	3.030094e+02
4.160000e-06	8.610581e-10	4.886889e-09	5.492215e+00	2.895480e+02
4.170000e-06	7.816557e-10	4.657980e-09	4.985758e+00	2.757021e+02
4.180000e-06	7.021722e-10	4.421072e-09	4.478784e+00	2.614448e+02
4.190000e-06	6.226041e-10	4.173212e-09	3.971270e+00	2.467475e+02
4.200000e-06	5.429550e-10	3.915709e-09	3.463239e+00	2.315815e+02
4.210000e-06	4.632344e-10	3.650941e-09	2.954752e+00	2.159197e+02
4.220000e-06	3.834499e-10	3.377828e-09	2.445858e+00	1.997379e+02
4.230000e-06	3.036302e-10	3.096238e-09	1.936739e+00	1.830169e+02
4.240000e-06	2.237793e-10	2.807790e-09	1.427421e+00	1.657439e+02
4.250000e-06	1.438719e-10	2.511789e-09	9.177425e-01	1.479141e+02
4.260000e-06	6.391143e-11	2.204748e-09	4.077254e-01	1.295321e+02
4.270000e-06	-1.605451e-11	1.885379e-09	-1.023267e-01	1.106125e+02
4.280000e-06	-9.600553e-11	1.556050e-09	-6.122831e-01	9.118108e+01
4.290000e-06	-1.759418e-10	1.219964e-09	-1.122145e+00	7.127441e+01
4.300000e-06	-2.558444e-10	8.776089e-10	-1.631793e+00	5.093994e+01
4.310000e-06	-3.356984e-10	5.289876e-10	-2.141131e+00	3.023518e+01
4.320000e-06	-4.155101e-10	1.741356e-10	-2.650199e+00	9.226578e+00
4.330000e-06	-4.952848e-10	-1.843235e-10	-3.159031e+00	-1.201202e+01
4.340000e-06	-5.750056e-10	-5.455010e-10	-3.667519e+00	-3.340125e+01
4.350000e-06	-6.546446e-10	-9.094897e-10	-4.175485e+00	-5.485840e+01
4.360000e-06	-7.341969e-10	-1.272362e-09	-4.682898e+00	-7.629966e+01
4.370000e-06	-8.136423e-10	-1.631807e-09	-5.189629e+00	-9.764253e+01
4.380000e-06	-8.929566e-10	-1.987499e-09	-5.695524e+00	-1.188081e+02
4.390000e-06	-9.721353e-10	-2.339787e-09	-6.200553e+00	-1.397231e+02
4.400000e-06	-1.051170e-09	-2.687774e-09	-6.704665e+00	-1.603219e+02
4.410000e-06	-1.130056e-09	-3.029705e-09	-7.207827e+00	-1.805475e+02
4.420000e-06	-1.208757e-09	-3.365394e-09	-7.709805e+00	-2.003528e+02
4.430000e-06	-1.287263e-09	-3.693194e-09	-8.210545e+00	-2.197009e+02
4.440000e-06	-1.365575e-09	-4.014229e-09	-8.710043e+00	-2.385650e+02
4.450000e-06	-1.443671e-09	-4.327430e-09	-9.208165e+00	-2.569276e+02
4.460000e-06	-1.521526e-09	-4.629873e-09	-9.704752e+00	-2.747797e+02
4.470000e-06	-1.599153e-09	-4.922922e-09	-1.019988e+01	-2.921192e+02
4.480000e-06	-1.676555e-09	-5.207052e-09	-1.069358e+01	-3.089497e+02
4.490000e-06	-1.753709e-09	-5.481787e-09	-1.118569e+01	-3.252788e+02
4.500000e-06	-1.830593e-09	-5.746904e-09	-1.167608e+01	-3.411162e+02
4.510000e-06	-1.907191e-09	-6.003773e-09	-1.216465e+01	-3.564729e+02
4.520000e-06	-1.983510e-09	-6.252731e-09	-1.265144e+01	-3.713601e+02
4.530000e-06	-2.059529e-09	-6.496069e-09	-1.313631e+01	-3.857881e+02
4.540000e-06	-2.135239e-09	-6.731879e-09	-1.361921e+01	-3.997664e+02
4.550000e-06	-2.210640e-09	-6.959577e-09	-1.410014e+01	-4.133035e+02
4.560000e-06	-2.285732e-09	-7.179846e-09	-1.457911e+01	-4.264073e+02
4.570000e-06	-2.360520e-09	-7.391930e-09	-1.505613e+01	-4.390852e+02
4.580000e-06	-2.435020e-09	-7.597104e-09	-1.553132e+01	-4.513454e+02
4.590000e-06	-2.509258e-09	-7.796456e-09	-1.600483e+01	-4.631965e+02
4.600000e-06	-2.583208e-09	-7.989921e-09	-1.647652e+01	-4.746488e+02
4.610000e-06	-2.656850e-09	-8.176914e-09	-1.694623e+01	-4.857138e+02
4.620000e-06	-2.730187e-09	-8.356514e-09	-1.741400e+01	-4.964049e+02
4.630000e-06	-2.803206e-09	-8.529098e-09	-1.787974e+01	-5.067367e+02
4.640000e-06	-2.875922e-09	-8.697108e-09	-1.834355e+01	-5.167250e+02
4.650000e-06	-2.948361e-09	-8.859887e-09	-1.880559e+01	-5.263857e+02
4.660000e-06	-3.020512e-09	-9.017459e-09	-1.926580e+01	-5.357351e+02
4.670000e-06	-3.092349e-09	-9.170502e-09	-1.972400e+01	-5.447881e+02
4.680000e-06	-3.163856e-09	-9.320467e-09	-2.018009e+01	-5.535589e+02
4.690000e-06	-3.234999e-09	-9.465492e-09	-2.063387e+01	-5.620598e+02
4.700000e-06	-3.305696e-09	-9.604361e-09	-2.108480e+01	-5.703013e+02
4.710000e-06	-3.375893e-09	-9.739077e-09	-2.153254e+01	-5.782923e+02
4.720000e-06	-3.445602e-09	-9.869265e-09	-2.197716e+01	-5.860402e+02
4.730000e-06	-3.514803e-09	-9.995943e-09	-2.241855e+01	-5.935514e+02
4.740000e-06	-3.583503e-09	-1.011785e-08	-2.285674e+01	-6.008318e+02
4.750000e-06	-3.651743e-09	-1.023528e-08	-2.329200e+01	-6.078874e+02
4.760000e-06	-3.719547e-09	-1.035020e-08	-2.372449e+01	-6.147247e+02
4.770000e-06	-3.786930e-09	-1.046216e-08	-2.415428e+01	-6.213509e+02
4.780000e-06	-3.853890e-09	-1.057237e-08	-2.458137e+01	-6.277744e+02
4.790000e-06	-3.920437e-09	-1.067930e-08	-2.500583e+01	-6.340044e+02
4.800000e-06	-3.986567e-09	-1.078140e-08	-2.542763e+01	-6.400511e+02
4.810000e-06	-4.052238e-09	-1.087919e-08	-2.584650e+01	-6.459250e+02
4.820000e-06	-4.117421e-09	-1.097411e-08	-2.626227e+01	-6.516364e+02
4.830000e-06	-4.182137e-09	-1.106688e-08	-2.667505e+01	-6.571952e+02
4.840000e-06	-4.246416e-09	-1.115683e-08	-2.708504e+01	-6.626104e+02
4.850000e-06	-4.310258e-09	-1.124520e-08	-2.749226e+01	-6.678895e+02
4.860000e-06	-4.373637e-09	-1.133451e-08	-2.789651e+01	-6.730385e+02
4.870000e-06	-4.436478e-09	-1.142281e-08	-2.829733e+01	-6.780621e+02
4.880000e-06	-4.498690e-09	-1.150706e-08	-2.869414e+01	-6.829633e+02
4.890000e-06	-4.560233e-09	-1.158786e-08	-2.908668e+01	-6.877445e+02
4.900000e-06	-4.621124e-09	-1.166586e-08	-2.947506e+01	-6.924074e+02
4.910000e-06	-4.681410e-09	-1.174225e-08	-2.985959e+01	-6.969536e+02
4.920000e-06	-4.741168e-09	-1.181568e-08	-3.024075e+01	-7.013851e+02
4.930000e-06	-4.800428e-09	-1.188640e-08	-3.061873e+01	-7.057046e+02
4.940000e-06	-4.859195e-09	-1.195714e-08	-3.099357e+01	-7.099157e+02
4.950000e-06	-4.917435e-09	-1.202846e-08	-3.136505e+01	-7.140229e+02
4.960000e-06	-4.975084e-09	-1.209703e-08	-3.173275e+01	-7.180315e+02
4.970000e-06	-5.032127e-09	-1.216197e-08	-3.209659e+01	-7.219472e+02
4.980000e-06	-5.088605e-09	-1.222552e-08	-3.245683e+01	-7.257758e+02
4.990000e-06	-5.144556e-09	-1.228718e-08	-3.281371e+01	-7.295227e+02
5.000000e-06	-5.199944e-09	-1.234684e-08	-3.316699e+01	-7.331925e+02
5.010000e-06	-5.254660e-09	-1.240700e-08	-3.351599e+01	-7.367888e+02
5.020000e-06	-5.308566e-09	-1.246900e-08	-3.385982e+01	-7.403136e+02
5.030000e-06	-5.361612e-09	-1.253057e-08	-3.419816e+01	-7.437680e+02
5.040000e-06	-5.413868e-09	-1.258824e-08	-3.453147e+01	-7.471516e+02
5.050000e-06	-5.465399e-09	-1.264294e-08	-3.486015e+01	-7.504634e+02
5.060000e-06	-5.516229e-09	-1.269720e-08	-3.518436e+01	-7.537018e+02
5.070000e-06	-5.566347e-09	-1.274913e-08	-3.550404e+01	-7.568656e+02
5.080000e-06	-5.615691e-09	-1.279871e-08	-3.581877e+01	-7.599535e+02
5.090000e-06	-5.664159e-09	-1.284755e-08	-3.612791e+01	-7.629656e+02
5.100000e-06	-5.711697e-09	-1.289683e-08	-3.643112e+01	-7.659027e+02
5.110000e-06	-5.758397e-09	-1.294562e-08	-3.672899e+01	-7.687667e+02
5.120000e-06	-5.804454e-09	-1.299185e-08	-3.702276e+01	-7.715606e+02
5.130000e-06	-5.849949e-09	-1.303529e-08	-3.731294e+01	-7.742880e+02
5.140000e-06	-5.894829e-09	-1.307887e-08	-3.759921e+01	-7.769528e+02
5.150000e-06	-5.939097e-09	-1.312222e-08	-3.788156e+01	-7.795587e+02
5.160000e-06	-5.982820e-09	-1.316346e-08	-3.816045e+01	-7.821089e+02
5.170000e-06	-6.025994e-09	-1.320326e-08	-3.843582e+01	-7.846056e+02
5.180000e-06	-6.068539e-09	-1.324208e-08	-3.870719e+01	-7.870499e+02
5.190000e-06	-6.110409e-09	-1.328027e-08	-3.897426e+01	-7.894417e+02
5.200000e-06	-6.151580e-09	-1.331750e-08	-3.923686e+01	-7.917798e+02
5.210000e-06	-6.192049e-09	-1.335324e-08	-3.949498e+01	-7.940623e+02
5.220000e-06	-6.231886e-09	-1.338958e-08	-3.974909e+01	-7.962868e+02
5.230000e-06	-6.271074e-09	-1.342601e-08	-3.999904e+01	-7.984512e+02
5.240000e-06	-6.309422e-09	-1.345951e-08	-4.024364e+01	-8.005535e+02
5.250000e-06	-6.346773e-09	-1.349143e-08	-4.048187e+01	-8.025931e+02
5.260000e-06	-6.383195e-09	-1.352317e-08	-4.071419e+01	-8.045701e+02
5.270000e-06	-6.418899e-09	-1.355524e-08	-4.094192e+01	-8.064859e+02
5.280000e-06	-6.453968e-09	-1.358461e-08	-4.116560e+01	-8.083432e+02
5.290000e-06	-6.488331e-09	-1.361197e-08	-4.138478e+01	-8.101452e+02
5.300000e-06	-6.521927e-09	-1.363864e-08	-4.159907e+01	-8.118957e+02
5.310000e-06	-6.554745e-09	-1.366647e-08	-4.180839e+01	-8.135984e+02
5.320000e-06	-6.586868e-09	-1.369487e-08	-4.201329e+01	-8.152564e+02
5.330000e-06	-6.618356e-09	-1.372042e-08	-4.221413e+01	-8.168721e+02
5.340000e-06	-6.649023e-09	-1.374568e-08	-4.240974e+01	-8.184465e+02
5.350000e-06	-6.678628e-09	-1.377229e-08	-4.259857e+01	-8.199796e+02
5.360000e-06	-6.707198e-09	-1.379957e-08	-4.278080e+01	-8.214699e+02
5.370000e-06	-6.734993e-09	-1.382407e-08	-4.295808e+01	-8.229152e+02
5.380000e-06	-6.762139e-09	-1.384587e-08	-4.313123e+01	-8.243128e+02
5.390000e-06	-6.788547e-09	-1.386666e-08	-4.329967e+01	-8.256597e+02
5.400000e-06	-6.814127e-09	-1.388714e-08	-4.346283e+01	-8.269535e+02
5.410000e-06	-6.838874e-09	-1.390777e-08	-4.362068e+01	-8.281925e+02
5.420000e-06	-6.862916e-09	-1.392856e-08	-4.377402e+01	-8.293761e+02
5.430000e-06	-6.886335e-09	-1.394845e-08	-4.392340e+01	-8.305049e+02
5.440000e-06	-6.908906e-09	-1.396769e-08	-4.406737e+01	-8.315807e+02
5.450000e-06	-6.930344e-09	-1.398736e-08	-4.420410e+01	-8.326063e+02
5.460000e-06	-6.950750e-09	-1.400484e-08	-4.433426e+01	-8.335847e+02
5.470000e-06	-6.970429e-09	-1.402015e-08	-4.445979e+01	-8.345194e+02
5.480000e-06	-6.989417e-09	-1.403357e-08	-4.458090e+01	-8.354133e+02
5.490000e-06	-7.007614e-09	-1.404717e-08	-4.469697e+01	-8.362684e+02
5.500000e-06	-7.025013e-09	-1.406191e-08	-4.480794e+01	-8.370858e+02
5.510000e-06	-7.041614e-09	-1.407822e-08	-4.491383e+01	-8.378653e+02
5.520000e-06	-7.057489e-09	-1.409407e-08	-4.501509e+01	-8.386054e+02
5.530000e-06	-7.072616e-09	-1.410831e-08	-4.511157e+01	-8.393041e+02
5.540000e-06	-7.086670e-09	-1.411965e-08	-4.520121e+01	-8.399584e+02
5.550000e-06	-7.099466e-09	-1.412968e-08	-4.528283e+01	-8.405657e+02
5.560000e-06	-7.111221e-09	-1.413846e-08	-4.535781e+01	-8.411235e+02
5.570000e-06	-7.122113e-09	-1.414577e-08	-4.542728e+01	-8.416306e+02
5.580000e-06	-7.132181e-09	-1.415527e-08	-4.549150e+01	-8.420869e+02
5.590000e-06	-7.141435e-09	-1.416480e-08	-4.555053e+01	-8.424935e+02
5.600000e-06	-7.149876e-09	-1.417406e-08	-4.560437e+01	-8.428532e+02
5.610000e-06	-7.157637e-09	-1.418128e-08	-4.565387e+01	-8.431696e+02
5.620000e-06	-7.164654e-09	-1.418809e-08	-4.569863e+01	-8.434471e+02
5.630000e-06	-7.170607e-09	-1.419348e-08	-4.573661e+01	-8.436900e+02
5.640000e-06	-7.175422e-09	-1.419760e-08	-4.576731e+01	-8.439022e+02
5.650000e-06	-7.179367e-09	-1.420137e-08	-4.579248e+01	-8.440866e+02
5.660000e-06	-7.182620e-09	-1.420490e-08	-4.581323e+01	-8.442446e+02
5.670000e-06	-7.185111e-09	-1.420874e-08	-4.582912e+01	-8.443757e+02
5.680000e-06	-7.186829e-09	-1.421149e-08	-4.584008e+01	-8.444781e+02
5.690000e-06	-7.187692e-09	-1.421327e-08	-4.584558e+01	-8.445484e+02
