# Temperatura_=_20.0
# Concentracion g/m^3_=_12000.0
# C_Vs_to_Am_M_A/Vsm_=_59384043850.047264
# pendiente_HvsI_1/m_=_3716.3
# ordenada_HvsI_A/m_=_1297.0
# frecuencia_Hz_=_175590.9178151457

Tiempo_(s)	Campo_(V.s)	Magnetizacion_(V.s)	Campo_(kA/m)	Magnetizacion_(A/m)
0.000000e+00	-3.629820e-06	-3.941592e-09	-2.355632e+01	-2.323216e+02
1.000000e-08	-3.629460e-06	-3.943865e-09	-2.355399e+01	-2.325417e+02
2.000000e-08	-3.628914e-06	-3.942317e-09	-2.355044e+01	-2.327409e+02
3.000000e-08	-3.628157e-06	-3.944868e-09	-2.354553e+01	-2.329371e+02
4.000000e-08	-3.627039e-06	-3.952970e-09	-2.353828e+01	-2.331473e+02
5.000000e-08	-3.625462e-06	-3.963362e-09	-2.352804e+01	-2.333855e+02
6.000000e-08	-3.623308e-06	-3.985956e-09	-2.351406e+01	-2.336608e+02
7.000000e-08	-3.620376e-06	-4.026414e-09	-2.349504e+01	-2.339762e+02
8.000000e-08	-3.616623e-06	-4.005596e-09	-2.347068e+01	-2.343280e+02
9.000000e-08	-3.612373e-06	-3.827863e-09	-2.344310e+01	-2.347064e+02
1.000000e-07	-3.607837e-06	-3.783760e-09	-2.341366e+01	-2.350962e+02
1.100000e-07	-3.603108e-06	-4.133844e-09	-2.338297e+01	-2.354789e+02
1.200000e-07	-3.598160e-06	-4.210540e-09	-2.335086e+01	-2.358347e+02
1.300000e-07	-3.592760e-06	-3.869905e-09	-2.331582e+01	-2.361452e+02
1.400000e-07	-3.586817e-06	-3.744975e-09	-2.327725e+01	-2.363952e+02
1.500000e-07	-3.580482e-06	-4.178632e-09	-2.323614e+01	-2.365750e+02
1.600000e-07	-3.573822e-06	-4.163462e-09	-2.319292e+01	-2.366810e+02
1.700000e-07	-3.566636e-06	-3.689849e-09	-2.314628e+01	-2.367166e+02
1.800000e-07	-3.559033e-06	-3.818981e-09	-2.309694e+01	-2.366913e+02
1.900000e-07	-3.551077e-06	-4.009218e-09	-2.304531e+01	-2.366196e+02
2.000000e-07	-3.542705e-06	-3.956861e-09	-2.299098e+01	-2.365190e+02
2.100000e-07	-3.534061e-06	-3.970295e-09	-2.293488e+01	-2.364079e+02
2.200000e-07	-3.525125e-06	-3.988534e-09	-2.287689e+01	-2.363031e+02
2.300000e-07	-3.515695e-06	-3.731243e-09	-2.281569e+01	-2.362178e+02
2.400000e-07	-3.505444e-06	-3.864226e-09	-2.274916e+01	-2.361596e+02
2.500000e-07	-3.494616e-06	-4.204838e-09	-2.267889e+01	-2.361299e+02
2.600000e-07	-3.483354e-06	-3.897194e-09	-2.260581e+01	-2.361236e+02
2.700000e-07	-3.471488e-06	-3.584967e-09	-2.252880e+01	-2.361297e+02
2.800000e-07	-3.459096e-06	-4.040354e-09	-2.244838e+01	-2.361323e+02
2.900000e-07	-3.446288e-06	-4.190048e-09	-2.236526e+01	-2.361131e+02
3.000000e-07	-3.433097e-06	-3.740345e-09	-2.227966e+01	-2.360528e+02
3.100000e-07	-3.419523e-06	-3.653671e-09	-2.219157e+01	-2.359338e+02
3.200000e-07	-3.405453e-06	-3.962964e-09	-2.210026e+01	-2.357419e+02
3.300000e-07	-3.390957e-06	-4.054467e-09	-2.200618e+01	-2.354679e+02
3.400000e-07	-3.376133e-06	-3.789497e-09	-2.190998e+01	-2.351079e+02
3.500000e-07	-3.360760e-06	-3.711919e-09	-2.181022e+01	-2.346643e+02
3.600000e-07	-3.344434e-06	-3.908373e-09	-2.170426e+01	-2.341443e+02
3.700000e-07	-3.327514e-06	-3.994062e-09	-2.159446e+01	-2.335593e+02
3.800000e-07	-3.310312e-06	-3.753182e-09	-2.148282e+01	-2.329235e+02
3.900000e-07	-3.292696e-06	-3.715534e-09	-2.136850e+01	-2.322514e+02
4.000000e-07	-3.274836e-06	-3.863609e-09	-2.125260e+01	-2.315570e+02
4.100000e-07	-3.256682e-06	-3.877384e-09	-2.113478e+01	-2.308518e+02
4.200000e-07	-3.238150e-06	-3.777661e-09	-2.101452e+01	-2.301437e+02
4.300000e-07	-3.219224e-06	-3.724716e-09	-2.089169e+01	-2.294370e+02
4.400000e-07	-3.199880e-06	-3.757705e-09	-2.076616e+01	-2.287317e+02
4.500000e-07	-3.180007e-06	-3.833288e-09	-2.063719e+01	-2.280246e+02
4.600000e-07	-3.159805e-06	-3.767421e-09	-2.050608e+01	-2.273100e+02
4.700000e-07	-3.139362e-06	-3.655690e-09	-2.037341e+01	-2.265808e+02
4.800000e-07	-3.118704e-06	-3.729810e-09	-2.023935e+01	-2.258298e+02
4.900000e-07	-3.097863e-06	-3.783870e-09	-2.010410e+01	-2.250506e+02
5.000000e-07	-3.076761e-06	-3.689509e-09	-1.996715e+01	-2.242386e+02
5.100000e-07	-3.055290e-06	-3.613224e-09	-1.982782e+01	-2.233914e+02
5.200000e-07	-3.033353e-06	-3.660337e-09	-1.968545e+01	-2.225092e+02
5.300000e-07	-3.011011e-06	-3.690304e-09	-1.954046e+01	-2.215940e+02
5.400000e-07	-2.988408e-06	-3.639937e-09	-1.939377e+01	-2.206495e+02
5.500000e-07	-2.965506e-06	-3.571132e-09	-1.924515e+01	-2.196801e+02
5.600000e-07	-2.942177e-06	-3.600975e-09	-1.909375e+01	-2.186904e+02
5.700000e-07	-2.918488e-06	-3.645148e-09	-1.894002e+01	-2.176840e+02
5.800000e-07	-2.894430e-06	-3.586137e-09	-1.878389e+01	-2.166634e+02
5.900000e-07	-2.870112e-06	-3.498881e-09	-1.862607e+01	-2.156297e+02
6.000000e-07	-2.845604e-06	-3.525201e-09	-1.846702e+01	-2.145821e+02
6.100000e-07	-2.820846e-06	-3.561517e-09	-1.830635e+01	-2.135188e+02
6.200000e-07	-2.795853e-06	-3.500336e-09	-1.814416e+01	-2.124370e+02
6.300000e-07	-2.770473e-06	-3.435167e-09	-1.797945e+01	-2.113335e+02
6.400000e-07	-2.744616e-06	-3.461919e-09	-1.781165e+01	-2.102056e+02
6.500000e-07	-2.718133e-06	-3.493145e-09	-1.763978e+01	-2.090513e+02
6.600000e-07	-2.690985e-06	-3.442212e-09	-1.746360e+01	-2.078695e+02
6.700000e-07	-2.663439e-06	-3.371458e-09	-1.728483e+01	-2.066606e+02
6.800000e-07	-2.635538e-06	-3.379907e-09	-1.710377e+01	-2.054257e+02
6.900000e-07	-2.607283e-06	-3.408586e-09	-1.692040e+01	-2.041669e+02
7.000000e-07	-2.578797e-06	-3.363162e-09	-1.673553e+01	-2.028865e+02
7.100000e-07	-2.550108e-06	-3.296871e-09	-1.654935e+01	-2.015866e+02
7.200000e-07	-2.521278e-06	-3.301384e-09	-1.636226e+01	-2.002683e+02
7.300000e-07	-2.492152e-06	-3.324958e-09	-1.617324e+01	-1.989321e+02
7.400000e-07	-2.462682e-06	-3.281599e-09	-1.598199e+01	-1.975770e+02
7.500000e-07	-2.433008e-06	-3.223394e-09	-1.578941e+01	-1.962010e+02
7.600000e-07	-2.403101e-06	-3.222956e-09	-1.559533e+01	-1.948012e+02
7.700000e-07	-2.372845e-06	-3.242947e-09	-1.539897e+01	-1.933741e+02
7.800000e-07	-2.342248e-06	-3.201213e-09	-1.520041e+01	-1.919168e+02
7.900000e-07	-2.311479e-06	-3.136957e-09	-1.500073e+01	-1.904265e+02
8.000000e-07	-2.280516e-06	-3.119146e-09	-1.479979e+01	-1.889020e+02
8.100000e-07	-2.249276e-06	-3.127748e-09	-1.459705e+01	-1.873434e+02
8.200000e-07	-2.217602e-06	-3.086349e-09	-1.439150e+01	-1.857524e+02
8.300000e-07	-2.185604e-06	-3.028133e-09	-1.418384e+01	-1.841321e+02
8.400000e-07	-2.153576e-06	-3.013819e-09	-1.397599e+01	-1.824866e+02
8.500000e-07	-2.121424e-06	-3.024613e-09	-1.376733e+01	-1.808206e+02
8.600000e-07	-2.088988e-06	-2.991706e-09	-1.355684e+01	-1.791387e+02
8.700000e-07	-2.056391e-06	-2.936894e-09	-1.334529e+01	-1.774447e+02
8.800000e-07	-2.023742e-06	-2.912280e-09	-1.313341e+01	-1.757411e+02
8.900000e-07	-1.990873e-06	-2.912830e-09	-1.292010e+01	-1.740287e+02
9.000000e-07	-1.957668e-06	-2.884223e-09	-1.270461e+01	-1.723066e+02
9.100000e-07	-1.924241e-06	-2.830731e-09	-1.248769e+01	-1.705724e+02
9.200000e-07	-1.890628e-06	-2.803351e-09	-1.226955e+01	-1.688220e+02
9.300000e-07	-1.856674e-06	-2.799096e-09	-1.204920e+01	-1.670512e+02
9.400000e-07	-1.822227e-06	-2.770922e-09	-1.182565e+01	-1.652552e+02
9.500000e-07	-1.787374e-06	-2.715696e-09	-1.159946e+01	-1.634303e+02
9.600000e-07	-1.752252e-06	-2.685966e-09	-1.137153e+01	-1.615737e+02
9.700000e-07	-1.716888e-06	-2.678564e-09	-1.114203e+01	-1.596844e+02
9.800000e-07	-1.681103e-06	-2.650696e-09	-1.090980e+01	-1.577630e+02
9.900000e-07	-1.644981e-06	-2.599307e-09	-1.067538e+01	-1.558117e+02
1.000000e-06	-1.608773e-06	-2.567867e-09	-1.044040e+01	-1.538342e+02
1.010000e-06	-1.572428e-06	-2.551439e-09	-1.020453e+01	-1.518346e+02
1.020000e-06	-1.535943e-06	-2.516848e-09	-9.967761e+00	-1.498171e+02
1.030000e-06	-1.499351e-06	-2.464181e-09	-9.730287e+00	-1.477854e+02
1.040000e-06	-1.462629e-06	-2.429192e-09	-9.491978e+00	-1.457418e+02
1.050000e-06	-1.425843e-06	-2.414962e-09	-9.253247e+00	-1.436870e+02
1.060000e-06	-1.388961e-06	-2.390516e-09	-9.013895e+00	-1.416200e+02
1.070000e-06	-1.351916e-06	-2.347346e-09	-8.773485e+00	-1.395382e+02
1.080000e-06	-1.314743e-06	-2.313403e-09	-8.532245e+00	-1.374376e+02
1.090000e-06	-1.277464e-06	-2.289024e-09	-8.290319e+00	-1.353139e+02
1.100000e-06	-1.240019e-06	-2.253050e-09	-8.047310e+00	-1.331625e+02
1.110000e-06	-1.202348e-06	-2.200086e-09	-7.802840e+00	-1.309798e+02
1.120000e-06	-1.164464e-06	-2.156074e-09	-7.556982e+00	-1.287637e+02
1.130000e-06	-1.126415e-06	-2.132184e-09	-7.310057e+00	-1.265138e+02
1.140000e-06	-1.088229e-06	-2.102854e-09	-7.062247e+00	-1.242319e+02
1.150000e-06	-1.049889e-06	-2.057128e-09	-6.813427e+00	-1.219214e+02
1.160000e-06	-1.011401e-06	-2.017203e-09	-6.563654e+00	-1.195875e+02
1.170000e-06	-9.727953e-07	-1.990884e-09	-6.313118e+00	-1.172362e+02
1.180000e-06	-9.341485e-07	-1.954401e-09	-6.062313e+00	-1.148734e+02
1.190000e-06	-8.954759e-07	-1.904149e-09	-5.811341e+00	-1.125044e+02
1.200000e-06	-8.567885e-07	-1.859964e-09	-5.560272e+00	-1.101331e+02
1.210000e-06	-8.179715e-07	-1.830082e-09	-5.308363e+00	-1.077613e+02
1.220000e-06	-7.789226e-07	-1.792568e-09	-5.054949e+00	-1.053886e+02
1.230000e-06	-7.398514e-07	-1.742232e-09	-4.801389e+00	-1.030122e+02
1.240000e-06	-7.007977e-07	-1.698662e-09	-4.547944e+00	-1.006275e+02
1.250000e-06	-6.616393e-07	-1.669350e-09	-4.293819e+00	-9.822872e+01
1.260000e-06	-6.223375e-07	-1.635304e-09	-4.038763e+00	-9.580930e+01
1.270000e-06	-5.829344e-07	-1.592189e-09	-3.783050e+00	-9.336309e+01
1.280000e-06	-5.434583e-07	-1.552910e-09	-3.526864e+00	-9.088500e+01
1.290000e-06	-5.039274e-07	-1.518421e-09	-3.270321e+00	-8.837170e+01
1.300000e-06	-4.642894e-07	-1.473371e-09	-3.013084e+00	-8.582198e+01
1.310000e-06	-4.246320e-07	-1.419053e-09	-2.755720e+00	-8.323691e+01
1.320000e-06	-3.849929e-07	-1.371107e-09	-2.498476e+00	-8.061965e+01
1.330000e-06	-3.452104e-07	-1.333615e-09	-2.240300e+00	-7.797498e+01
1.340000e-06	-3.052777e-07	-1.294717e-09	-1.981151e+00	-7.530865e+01
1.350000e-06	-2.652835e-07	-1.249865e-09	-1.721601e+00	-7.262662e+01
1.360000e-06	-2.253143e-07	-1.209435e-09	-1.462215e+00	-6.993429e+01
1.370000e-06	-1.853843e-07	-1.172384e-09	-1.203082e+00	-6.723584e+01
1.380000e-06	-1.454743e-07	-1.127477e-09	-9.440796e-01	-6.453376e+01
1.390000e-06	-1.055222e-07	-1.070797e-09	-6.848041e-01	-6.182864e+01
1.400000e-06	-6.553561e-08	-1.017410e-09	-4.253043e-01	-5.911920e+01
1.410000e-06	-2.550794e-08	-9.753504e-10	-1.655380e-01	-5.640261e+01
1.420000e-06	1.453837e-08	-9.356285e-10	9.434918e-02	-5.367500e+01
1.430000e-06	5.456635e-08	-8.906723e-10	3.541175e-01	-5.093205e+01
1.440000e-06	9.450862e-08	-8.468717e-10	6.133295e-01	-4.816968e+01
1.450000e-06	1.344236e-07	-8.074825e-10	8.723644e-01	-4.538457e+01
1.460000e-06	1.744072e-07	-7.617741e-10	1.131845e+00	-4.257463e+01
1.470000e-06	2.143549e-07	-7.078856e-10	1.391092e+00	-3.973920e+01
1.480000e-06	2.542522e-07	-6.558376e-10	1.650012e+00	-3.687906e+01
1.490000e-06	2.941714e-07	-6.120891e-10	1.909074e+00	-3.399621e+01
1.500000e-06	3.340868e-07	-5.676237e-10	2.168112e+00	-3.109350e+01
1.510000e-06	3.738997e-07	-5.167648e-10	2.426485e+00	-2.817416e+01
1.520000e-06	4.135659e-07	-4.670217e-10	2.683905e+00	-2.524131e+01
1.530000e-06	4.531791e-07	-4.211071e-10	2.940982e+00	-2.229753e+01
1.540000e-06	4.928183e-07	-3.729217e-10	3.198227e+00	-1.934455e+01
1.550000e-06	5.324112e-07	-3.181058e-10	3.455172e+00	-1.638319e+01
1.560000e-06	5.719239e-07	-2.654349e-10	3.711596e+00	-1.341333e+01
1.570000e-06	6.114224e-07	-2.179931e-10	3.967928e+00	-1.043426e+01
1.580000e-06	6.507680e-07	-1.706175e-10	4.223268e+00	-7.444951e+00
1.590000e-06	6.899029e-07	-1.201513e-10	4.477240e+00	-4.444503e+00
1.600000e-06	7.289570e-07	-7.089312e-11	4.730688e+00	-1.432570e+00
1.610000e-06	7.679154e-07	-2.119758e-11	4.983515e+00	1.590338e+00
1.620000e-06	8.068012e-07	3.239073e-11	5.235871e+00	4.622669e+00
1.630000e-06	8.456634e-07	9.058416e-11	5.488074e+00	7.661823e+00
1.640000e-06	8.844424e-07	1.459203e-10	5.739737e+00	1.070432e+01
1.650000e-06	9.230507e-07	1.927325e-10	5.990292e+00	1.374610e+01
1.660000e-06	9.615865e-07	2.372404e-10	6.240377e+00	1.678298e+01
1.670000e-06	1.000039e-06	2.848526e-10	6.489922e+00	1.981105e+01
1.680000e-06	1.038368e-06	3.325792e-10	6.738666e+00	2.282709e+01
1.690000e-06	1.076660e-06	3.797406e-10	6.987166e+00	2.582889e+01
1.700000e-06	1.114866e-06	4.309656e-10	7.235112e+00	2.881535e+01
1.710000e-06	1.152924e-06	4.871705e-10	7.482094e+00	3.178644e+01
1.720000e-06	1.190711e-06	5.420692e-10	7.727317e+00	3.474301e+01
1.730000e-06	1.228291e-06	5.895021e-10	7.971197e+00	3.768641e+01
1.740000e-06	1.265773e-06	6.376191e-10	8.214449e+00	4.061805e+01
1.750000e-06	1.303041e-06	6.878052e-10	8.456300e+00	4.353897e+01
1.760000e-06	1.340125e-06	7.348849e-10	8.696967e+00	4.644948e+01
1.770000e-06	1.377115e-06	7.773139e-10	8.937016e+00	4.934894e+01
1.780000e-06	1.413975e-06	8.229751e-10	9.176227e+00	5.223565e+01
1.790000e-06	1.450725e-06	8.743223e-10	9.414720e+00	5.510708e+01
1.800000e-06	1.487377e-06	9.255202e-10	9.652582e+00	5.796013e+01
1.810000e-06	1.523975e-06	9.739195e-10	9.890088e+00	6.079162e+01
1.820000e-06	1.560534e-06	1.022382e-09	1.012735e+01	6.359875e+01
1.830000e-06	1.596969e-06	1.070866e-09	1.036380e+01	6.637966e+01
1.840000e-06	1.633240e-06	1.117388e-09	1.059918e+01	6.913374e+01
1.850000e-06	1.669337e-06	1.161105e-09	1.083344e+01	7.186187e+01
1.860000e-06	1.705293e-06	1.203196e-09	1.106678e+01	7.456637e+01
1.870000e-06	1.741030e-06	1.248312e-09	1.129870e+01	7.725075e+01
1.880000e-06	1.776373e-06	1.295695e-09	1.152807e+01	7.991924e+01
1.890000e-06	1.811222e-06	1.342983e-09	1.175423e+01	8.257621e+01
1.900000e-06	1.845635e-06	1.388312e-09	1.197756e+01	8.522544e+01
1.910000e-06	1.879701e-06	1.433852e-09	1.219863e+01	8.786958e+01
1.920000e-06	1.913400e-06	1.479458e-09	1.241733e+01	9.050959e+01
1.930000e-06	1.946796e-06	1.524381e-09	1.263406e+01	9.314452e+01
1.940000e-06	1.979913e-06	1.567617e-09	1.284898e+01	9.577150e+01
1.950000e-06	2.012749e-06	1.610906e-09	1.306207e+01	9.838603e+01
1.960000e-06	2.045428e-06	1.654785e-09	1.327415e+01	1.009825e+02
1.970000e-06	2.078038e-06	1.697795e-09	1.348578e+01	1.035551e+02
1.980000e-06	2.110573e-06	1.740592e-09	1.369692e+01	1.060982e+02
1.990000e-06	2.142991e-06	1.782543e-09	1.390730e+01	1.086076e+02
2.000000e-06	2.175200e-06	1.825573e-09	1.411632e+01	1.110811e+02
2.010000e-06	2.207083e-06	1.868806e-09	1.432324e+01	1.135184e+02
2.020000e-06	2.238635e-06	1.910847e-09	1.452800e+01	1.159218e+02
2.030000e-06	2.269851e-06	1.952314e-09	1.473058e+01	1.182957e+02
2.040000e-06	2.300766e-06	1.993356e-09	1.493120e+01	1.206457e+02
2.050000e-06	2.331426e-06	2.033595e-09	1.513018e+01	1.229786e+02
2.060000e-06	2.361895e-06	2.072835e-09	1.532792e+01	1.253005e+02
2.070000e-06	2.392137e-06	2.112105e-09	1.552417e+01	1.276166e+02
2.080000e-06	2.422113e-06	2.151173e-09	1.571871e+01	1.299302e+02
2.090000e-06	2.451814e-06	2.189431e-09	1.591146e+01	1.322421e+02
2.100000e-06	2.481159e-06	2.229281e-09	1.610189e+01	1.345505e+02
2.110000e-06	2.510240e-06	2.271625e-09	1.629062e+01	1.368509e+02
2.120000e-06	2.539116e-06	2.314524e-09	1.647802e+01	1.391373e+02
2.130000e-06	2.567844e-06	2.354336e-09	1.666445e+01	1.414021e+02
2.140000e-06	2.596472e-06	2.390382e-09	1.685024e+01	1.436377e+02
2.150000e-06	2.624932e-06	2.425382e-09	1.703493e+01	1.458375e+02
2.160000e-06	2.653135e-06	2.460021e-09	1.721797e+01	1.479966e+02
2.170000e-06	2.680962e-06	2.493451e-09	1.739855e+01	1.501123e+02
2.180000e-06	2.708247e-06	2.527001e-09	1.757562e+01	1.521849e+02
2.190000e-06	2.734941e-06	2.563263e-09	1.774886e+01	1.542175e+02
2.200000e-06	2.761050e-06	2.600196e-09	1.791829e+01	1.562151e+02
2.210000e-06	2.786610e-06	2.636211e-09	1.808417e+01	1.581846e+02
2.220000e-06	2.811730e-06	2.671754e-09	1.824719e+01	1.601329e+02
2.230000e-06	2.836559e-06	2.704648e-09	1.840833e+01	1.620669e+02
2.240000e-06	2.861206e-06	2.735649e-09	1.856828e+01	1.639913e+02
2.250000e-06	2.885618e-06	2.769106e-09	1.872670e+01	1.659091e+02
2.260000e-06	2.909685e-06	2.801878e-09	1.888289e+01	1.678201e+02
2.270000e-06	2.933375e-06	2.832326e-09	1.903663e+01	1.697215e+02
2.280000e-06	2.956715e-06	2.861541e-09	1.918810e+01	1.716081e+02
2.290000e-06	2.979657e-06	2.891865e-09	1.933698e+01	1.734731e+02
2.300000e-06	3.002353e-06	2.924859e-09	1.948427e+01	1.753090e+02
2.310000e-06	3.024840e-06	2.957796e-09	1.963021e+01	1.771089e+02
2.320000e-06	3.046932e-06	2.989930e-09	1.977358e+01	1.788673e+02
2.330000e-06	3.068596e-06	3.021229e-09	1.991417e+01	1.805811e+02
2.340000e-06	3.089823e-06	3.050434e-09	2.005192e+01	1.822500e+02
2.350000e-06	3.110716e-06	3.074894e-09	2.018751e+01	1.838767e+02
2.360000e-06	3.131398e-06	3.096709e-09	2.032173e+01	1.854665e+02
2.370000e-06	3.151926e-06	3.121157e-09	2.045495e+01	1.870263e+02
2.380000e-06	3.172215e-06	3.150012e-09	2.058662e+01	1.885641e+02
2.390000e-06	3.192216e-06	3.178310e-09	2.071642e+01	1.900872e+02
2.400000e-06	3.211783e-06	3.206102e-09	2.084340e+01	1.916015e+02
2.410000e-06	3.230757e-06	3.233681e-09	2.096654e+01	1.931106e+02
2.420000e-06	3.249168e-06	3.259842e-09	2.108602e+01	1.946147e+02
2.430000e-06	3.267192e-06	3.284745e-09	2.120299e+01	1.961110e+02
2.440000e-06	3.285024e-06	3.308602e-09	2.131871e+01	1.975938e+02
2.450000e-06	3.302616e-06	3.333307e-09	2.143288e+01	1.990550e+02
2.460000e-06	3.319819e-06	3.357791e-09	2.154452e+01	2.004857e+02
2.470000e-06	3.336488e-06	3.380567e-09	2.165270e+01	2.018771e+02
2.480000e-06	3.352607e-06	3.404005e-09	2.175730e+01	2.032217e+02
2.490000e-06	3.368217e-06	3.428811e-09	2.185861e+01	2.045149e+02
2.500000e-06	3.383396e-06	3.451269e-09	2.195711e+01	2.057550e+02
2.510000e-06	3.398139e-06	3.470497e-09	2.205279e+01	2.069441e+02
2.520000e-06	3.412470e-06	3.490091e-09	2.214580e+01	2.080874e+02
2.530000e-06	3.426459e-06	3.510387e-09	2.223658e+01	2.091930e+02
2.540000e-06	3.440052e-06	3.528570e-09	2.232479e+01	2.102703e+02
2.550000e-06	3.453167e-06	3.546319e-09	2.240990e+01	2.113289e+02
2.560000e-06	3.465846e-06	3.564473e-09	2.249219e+01	2.123772e+02
2.570000e-06	3.478188e-06	3.582121e-09	2.257228e+01	2.134211e+02
2.580000e-06	3.490072e-06	3.598039e-09	2.264940e+01	2.144633e+02
2.590000e-06	3.501373e-06	3.613326e-09	2.272275e+01	2.155027e+02
2.600000e-06	3.511931e-06	3.630696e-09	2.279127e+01	2.165344e+02
2.610000e-06	3.521748e-06	3.648487e-09	2.285497e+01	2.175509e+02
2.620000e-06	3.531045e-06	3.667347e-09	2.291530e+01	2.185423e+02
2.630000e-06	3.539956e-06	3.686573e-09	2.297314e+01	2.194989e+02
2.640000e-06	3.548636e-06	3.702727e-09	2.302947e+01	2.204114e+02
2.650000e-06	3.557036e-06	3.715012e-09	2.308398e+01	2.212734e+02
2.660000e-06	3.565034e-06	3.723329e-09	2.313588e+01	2.220817e+02
2.670000e-06	3.572604e-06	3.730127e-09	2.318501e+01	2.228373e+02
2.680000e-06	3.579695e-06	3.738206e-09	2.323103e+01	2.235451e+02
2.690000e-06	3.586341e-06	3.750644e-09	2.327416e+01	2.242135e+02
2.700000e-06	3.592624e-06	3.766556e-09	2.331493e+01	2.248533e+02
2.710000e-06	3.598519e-06	3.782272e-09	2.335319e+01	2.254760e+02
2.720000e-06	3.603997e-06	3.797181e-09	2.338874e+01	2.260922e+02
2.730000e-06	3.609032e-06	3.809463e-09	2.342142e+01	2.267103e+02
2.740000e-06	3.613735e-06	3.818601e-09	2.345194e+01	2.273349e+02
2.750000e-06	3.618212e-06	3.823664e-09	2.348099e+01	2.279659e+02
2.760000e-06	3.622365e-06	3.827168e-09	2.350794e+01	2.285987e+02
2.770000e-06	3.626034e-06	3.833151e-09	2.353175e+01	2.292248e+02
2.780000e-06	3.629062e-06	3.841132e-09	2.355141e+01	2.298322e+02
2.790000e-06	3.631406e-06	3.851653e-09	2.356662e+01	2.304079e+02
2.800000e-06	3.633039e-06	3.861615e-09	2.357722e+01	2.309392e+02
2.810000e-06	3.634122e-06	3.871205e-09	2.358424e+01	2.314156e+02
2.820000e-06	3.634926e-06	3.875091e-09	2.358946e+01	2.318309e+02
2.830000e-06	3.635491e-06	3.878277e-09	2.359313e+01	2.321839e+02
2.840000e-06	3.635749e-06	3.881340e-09	2.359480e+01	2.324791e+02
2.850000e-06	3.635629e-06	3.882225e-09	2.359402e+01	2.327264e+02
2.860000e-06	3.635028e-06	3.887279e-09	2.359012e+01	2.329400e+02
2.870000e-06	3.633996e-06	3.894720e-09	2.358343e+01	2.331372e+02
2.880000e-06	3.632637e-06	3.901903e-09	2.357461e+01	2.333358e+02
2.890000e-06	3.630900e-06	3.906320e-09	2.356333e+01	2.335523e+02
2.900000e-06	3.628724e-06	3.905274e-09	2.354921e+01	2.337995e+02
2.910000e-06	3.626163e-06	3.869882e-09	2.353259e+01	2.340853e+02
2.920000e-06	3.623262e-06	3.866236e-09	2.351376e+01	2.344108e+02
2.930000e-06	3.619971e-06	4.075834e-09	2.349241e+01	2.347709e+02
2.940000e-06	3.616331e-06	4.159997e-09	2.346878e+01	2.351542e+02
2.950000e-06	3.612230e-06	3.745782e-09	2.344217e+01	2.355444e+02
2.960000e-06	3.607809e-06	3.661711e-09	2.341348e+01	2.359226e+02
2.970000e-06	3.603160e-06	4.010244e-09	2.338331e+01	2.362692e+02
2.980000e-06	3.597703e-06	4.153756e-09	2.334790e+01	2.365662e+02
2.990000e-06	3.591246e-06	3.771469e-09	2.330599e+01	2.367998e+02
3.000000e-06	3.584370e-06	3.824386e-09	2.326137e+01	2.369617e+02
3.010000e-06	3.577276e-06	4.340629e-09	2.321533e+01	2.370500e+02
3.020000e-06	3.569669e-06	4.127935e-09	2.316596e+01	2.370696e+02
3.030000e-06	3.561761e-06	3.917983e-09	2.311465e+01	2.370316e+02
3.040000e-06	3.553723e-06	4.046529e-09	2.306248e+01	2.369514e+02
3.050000e-06	3.545256e-06	4.037628e-09	2.300753e+01	2.368469e+02
3.060000e-06	3.536231e-06	3.897279e-09	2.294897e+01	2.367364e+02
3.070000e-06	3.526822e-06	4.228883e-09	2.288790e+01	2.366358e+02
3.080000e-06	3.517091e-06	4.152922e-09	2.282475e+01	2.365572e+02
3.090000e-06	3.506758e-06	3.648036e-09	2.275769e+01	2.365067e+02
3.100000e-06	3.495888e-06	4.006305e-09	2.268715e+01	2.364840e+02
3.110000e-06	3.484713e-06	4.409638e-09	2.261463e+01	2.364825e+02
3.120000e-06	3.473232e-06	3.856269e-09	2.254012e+01	2.364897e+02
3.130000e-06	3.461227e-06	3.740686e-09	2.246221e+01	2.364891e+02
3.140000e-06	3.448388e-06	4.358796e-09	2.237889e+01	2.364618e+02
3.150000e-06	3.434793e-06	4.332223e-09	2.229066e+01	2.363888e+02
3.160000e-06	3.420913e-06	3.913917e-09	2.220059e+01	2.362532e+02
3.170000e-06	3.406555e-06	3.894893e-09	2.210741e+01	2.360419e+02
3.180000e-06	3.391505e-06	4.175080e-09	2.200974e+01	2.357469e+02
3.190000e-06	3.376145e-06	4.221605e-09	2.191006e+01	2.353661e+02
3.200000e-06	3.360577e-06	3.965686e-09	2.180903e+01	2.349029e+02
3.210000e-06	3.344634e-06	3.802111e-09	2.170556e+01	2.343659e+02
3.220000e-06	3.328213e-06	4.176754e-09	2.159900e+01	2.337673e+02
3.230000e-06	3.311428e-06	4.215218e-09	2.149007e+01	2.331214e+02
3.240000e-06	3.294276e-06	3.840779e-09	2.137876e+01	2.324430e+02
3.250000e-06	3.276715e-06	3.876435e-09	2.126479e+01	2.317454e+02
3.260000e-06	3.258763e-06	4.091572e-09	2.114829e+01	2.310392e+02
3.270000e-06	3.240483e-06	4.031776e-09	2.102965e+01	2.303317e+02
3.280000e-06	3.221839e-06	3.906699e-09	2.090867e+01	2.296259e+02
3.290000e-06	3.202900e-06	3.848991e-09	2.078575e+01	2.289209e+02
3.300000e-06	3.183725e-06	3.950265e-09	2.066132e+01	2.282130e+02
3.310000e-06	3.164353e-06	4.040577e-09	2.053560e+01	2.274959e+02
3.320000e-06	3.144767e-06	3.841848e-09	2.040849e+01	2.267624e+02
3.330000e-06	3.124853e-06	3.787306e-09	2.027926e+01	2.260053e+02
3.340000e-06	3.104314e-06	3.922554e-09	2.014596e+01	2.252186e+02
3.350000e-06	3.083090e-06	3.938022e-09	2.000823e+01	2.243984e+02
3.360000e-06	3.061262e-06	3.824348e-09	1.986657e+01	2.235428e+02
3.370000e-06	3.038900e-06	3.747098e-09	1.972145e+01	2.226525e+02
3.380000e-06	3.016101e-06	3.807407e-09	1.957349e+01	2.217300e+02
3.390000e-06	2.992948e-06	3.886307e-09	1.942324e+01	2.207793e+02
3.400000e-06	2.969660e-06	3.767011e-09	1.927211e+01	2.198048e+02
3.410000e-06	2.946211e-06	3.681287e-09	1.911993e+01	2.188111e+02
3.420000e-06	2.922441e-06	3.757720e-09	1.896567e+01	2.178014e+02
3.430000e-06	2.898323e-06	3.809158e-09	1.880915e+01	2.167780e+02
3.440000e-06	2.873794e-06	3.715282e-09	1.864997e+01	2.157413e+02
3.450000e-06	2.848865e-06	3.614158e-09	1.848819e+01	2.146905e+02
3.460000e-06	2.823734e-06	3.676701e-09	1.832509e+01	2.136232e+02
3.470000e-06	2.798292e-06	3.730567e-09	1.815998e+01	2.125367e+02
3.480000e-06	2.772392e-06	3.623746e-09	1.799190e+01	2.114278e+02
3.490000e-06	2.746103e-06	3.546840e-09	1.782129e+01	2.102938e+02
3.500000e-06	2.719527e-06	3.586737e-09	1.764883e+01	2.091331e+02
3.510000e-06	2.692639e-06	3.625411e-09	1.747433e+01	2.079449e+02
3.520000e-06	2.665501e-06	3.549825e-09	1.729821e+01	2.067298e+02
3.530000e-06	2.638207e-06	3.457154e-09	1.712109e+01	2.054892e+02
3.540000e-06	2.610726e-06	3.498329e-09	1.694274e+01	2.042252e+02
3.550000e-06	2.583017e-06	3.536041e-09	1.676292e+01	2.029402e+02
3.560000e-06	2.555064e-06	3.456445e-09	1.658152e+01	2.016360e+02
3.570000e-06	2.526748e-06	3.375818e-09	1.639775e+01	2.003137e+02
3.580000e-06	2.497917e-06	3.393689e-09	1.621065e+01	1.989733e+02
3.590000e-06	2.468537e-06	3.428436e-09	1.601998e+01	1.976137e+02
3.600000e-06	2.438561e-06	3.366121e-09	1.582545e+01	1.962324e+02
3.610000e-06	2.408057e-06	3.284403e-09	1.562749e+01	1.948265e+02
3.620000e-06	2.377278e-06	3.299641e-09	1.542774e+01	1.933926e+02
3.630000e-06	2.346311e-06	3.321853e-09	1.522678e+01	1.919277e+02
3.640000e-06	2.315096e-06	3.269576e-09	1.502420e+01	1.904294e+02
3.650000e-06	2.283727e-06	3.189395e-09	1.482063e+01	1.888967e+02
3.660000e-06	2.252213e-06	3.187119e-09	1.461611e+01	1.873302e+02
3.670000e-06	2.220421e-06	3.206081e-09	1.440979e+01	1.857320e+02
3.680000e-06	2.188339e-06	3.152927e-09	1.420160e+01	1.841053e+02
3.690000e-06	2.156079e-06	3.078791e-09	1.399224e+01	1.824547e+02
3.700000e-06	2.123573e-06	3.065457e-09	1.378128e+01	1.807848e+02
3.710000e-06	2.090735e-06	3.077821e-09	1.356817e+01	1.791000e+02
3.720000e-06	2.057712e-06	3.039214e-09	1.335387e+01	1.774038e+02
3.730000e-06	2.024579e-06	2.970780e-09	1.313884e+01	1.756984e+02
3.740000e-06	1.991227e-06	2.952061e-09	1.292240e+01	1.739842e+02
3.750000e-06	1.957587e-06	2.958183e-09	1.270409e+01	1.722598e+02
3.760000e-06	1.923712e-06	2.919176e-09	1.248425e+01	1.705223e+02
3.770000e-06	1.889693e-06	2.853272e-09	1.226348e+01	1.687677e+02
3.780000e-06	1.855433e-06	2.823808e-09	1.204115e+01	1.669914e+02
3.790000e-06	1.820878e-06	2.826449e-09	1.181689e+01	1.651890e+02
3.800000e-06	1.786066e-06	2.788310e-09	1.159097e+01	1.633568e+02
3.810000e-06	1.751028e-06	2.726673e-09	1.136359e+01	1.614925e+02
3.820000e-06	1.715919e-06	2.697791e-09	1.113574e+01	1.595954e+02
3.830000e-06	1.680730e-06	2.697730e-09	1.090738e+01	1.576667e+02
3.840000e-06	1.645450e-06	2.664242e-09	1.067842e+01	1.557090e+02
3.850000e-06	1.610069e-06	2.601017e-09	1.044881e+01	1.537259e+02
3.860000e-06	1.574545e-06	2.564781e-09	1.021828e+01	1.517219e+02
3.870000e-06	1.538894e-06	2.552131e-09	9.986910e+00	1.497010e+02
3.880000e-06	1.503016e-06	2.512910e-09	9.754076e+00	1.476666e+02
3.890000e-06	1.466910e-06	2.452967e-09	9.519755e+00	1.456206e+02
3.900000e-06	1.430604e-06	2.417783e-09	9.284142e+00	1.435634e+02
3.910000e-06	1.393984e-06	2.408315e-09	9.046490e+00	1.414934e+02
3.920000e-06	1.356935e-06	2.376116e-09	8.806057e+00	1.394077e+02
3.930000e-06	1.319577e-06	2.320209e-09	8.563613e+00	1.373022e+02
3.940000e-06	1.281984e-06	2.280041e-09	8.319652e+00	1.351724e+02
3.950000e-06	1.244122e-06	2.256863e-09	8.073936e+00	1.330139e+02
3.960000e-06	1.206041e-06	2.219230e-09	7.826806e+00	1.308235e+02
3.970000e-06	1.167663e-06	2.160482e-09	7.577742e+00	1.285993e+02
3.980000e-06	1.129068e-06	2.118457e-09	7.327274e+00	1.263416e+02
3.990000e-06	1.090326e-06	2.097452e-09	7.075853e+00	1.240525e+02
4.000000e-06	1.051429e-06	2.063624e-09	6.823423e+00	1.217361e+02
4.010000e-06	1.012488e-06	2.008890e-09	6.570709e+00	1.193977e+02
4.020000e-06	9.734562e-07	1.961616e-09	6.317407e+00	1.170434e+02
4.030000e-06	9.343414e-07	1.931951e-09	6.063565e+00	1.146790e+02
4.040000e-06	8.951495e-07	1.897205e-09	5.809222e+00	1.123096e+02
4.050000e-06	8.558431e-07	1.845202e-09	5.554137e+00	1.099385e+02
4.060000e-06	8.165170e-07	1.801666e-09	5.298924e+00	1.075670e+02
4.070000e-06	7.772167e-07	1.775973e-09	5.043878e+00	1.051941e+02
4.080000e-06	7.378894e-07	1.742431e-09	4.788657e+00	1.028166e+02
4.090000e-06	6.984906e-07	1.688004e-09	4.532972e+00	1.004294e+02
4.100000e-06	6.590234e-07	1.637365e-09	4.276842e+00	9.802653e+01
4.110000e-06	6.194717e-07	1.602524e-09	4.020165e+00	9.560140e+01
4.120000e-06	5.799159e-07	1.563291e-09	3.763462e+00	9.314806e+01
4.130000e-06	5.403619e-07	1.511490e-09	3.506769e+00	9.066184e+01
4.140000e-06	5.007591e-07	1.468689e-09	3.249760e+00	8.813988e+01
4.150000e-06	4.610684e-07	1.440212e-09	2.992180e+00	8.558156e+01
4.160000e-06	4.213306e-07	1.401832e-09	2.734295e+00	8.298851e+01
4.170000e-06	3.815690e-07	1.345076e-09	2.476256e+00	8.036433e+01
4.180000e-06	3.417165e-07	1.289977e-09	2.217627e+00	7.771411e+01
4.190000e-06	3.018466e-07	1.247238e-09	1.958884e+00	7.504374e+01
4.200000e-06	2.619768e-07	1.204110e-09	1.700142e+00	7.235909e+01
4.210000e-06	2.220708e-07	1.152124e-09	1.441165e+00	6.966533e+01
4.220000e-06	1.821769e-07	1.105116e-09	1.182267e+00	6.696624e+01
4.230000e-06	1.423353e-07	1.071371e-09	9.237086e-01	6.426385e+01
4.240000e-06	1.024589e-07	1.032162e-09	6.649243e-01	6.155826e+01
4.250000e-06	6.251162e-08	9.798412e-10	4.056796e-01	5.884778e+01
4.260000e-06	2.248764e-08	9.244927e-10	1.459373e-01	5.612926e+01
4.270000e-06	-1.752860e-08	8.792733e-10	-1.137548e-01	5.339865e+01
4.280000e-06	-5.747798e-08	8.337568e-10	-3.730130e-01	5.065164e+01
4.290000e-06	-9.739260e-08	7.819473e-10	-6.320456e-01	4.788428e+01
4.300000e-06	-1.372578e-07	7.308049e-10	-8.907577e-01	4.509354e+01
4.310000e-06	-1.771250e-07	6.840785e-10	-1.149482e+00	4.227766e+01
4.320000e-06	-2.170074e-07	6.426251e-10	-1.408306e+00	3.943635e+01
4.330000e-06	-2.568248e-07	5.953781e-10	-1.666708e+00	3.657074e+01
4.340000e-06	-2.966516e-07	5.413213e-10	-1.925170e+00	3.368306e+01
4.350000e-06	-3.364798e-07	4.918455e-10	-2.183642e+00	3.077632e+01
4.360000e-06	-3.762406e-07	4.411273e-10	-2.441676e+00	2.785375e+01
4.370000e-06	-4.159429e-07	3.871885e-10	-2.699331e+00	2.491838e+01
4.380000e-06	-4.555617e-07	3.341496e-10	-2.956444e+00	2.197260e+01
4.390000e-06	-4.951355e-07	2.870893e-10	-3.213265e+00	1.901792e+01
4.400000e-06	-5.346388e-07	2.458314e-10	-3.469628e+00	1.605490e+01
4.410000e-06	-5.741434e-07	1.955450e-10	-3.725999e+00	1.308326e+01
4.420000e-06	-6.136531e-07	1.436921e-10	-3.982405e+00	1.010216e+01
4.430000e-06	-6.531016e-07	9.418362e-11	-4.238412e+00	7.110561e+00
4.440000e-06	-6.925311e-07	4.337226e-11	-4.494297e+00	4.107675e+00
4.450000e-06	-7.319504e-07	-1.076157e-11	-4.750115e+00	1.093341e+00
4.460000e-06	-7.712954e-07	-6.684118e-11	-5.005451e+00	-1.931681e+00
4.470000e-06	-8.105636e-07	-1.170109e-10	-5.260288e+00	-4.965571e+00
4.480000e-06	-8.497992e-07	-1.653456e-10	-5.514914e+00	-8.005486e+00
4.490000e-06	-8.889945e-07	-2.174898e-10	-5.769278e+00	-1.104777e+01
4.500000e-06	-9.281505e-07	-2.719186e-10	-6.023388e+00	-1.408829e+01
4.510000e-06	-9.672773e-07	-3.236103e-10	-6.277308e+00	-1.712288e+01
4.520000e-06	-1.006332e-06	-3.710863e-10	-6.530761e+00	-2.014778e+01
4.530000e-06	-1.045244e-06	-4.211519e-10	-6.783287e+00	-2.315999e+01
4.540000e-06	-1.084000e-06	-4.748753e-10	-7.034802e+00	-2.615758e+01
4.550000e-06	-1.122639e-06	-5.248752e-10	-7.285551e+00	-2.913973e+01
4.560000e-06	-1.161138e-06	-5.731110e-10	-7.535402e+00	-3.210666e+01
4.570000e-06	-1.199409e-06	-6.236476e-10	-7.783768e+00	-3.505938e+01
4.580000e-06	-1.237486e-06	-6.773970e-10	-8.030874e+00	-3.799928e+01
4.590000e-06	-1.275362e-06	-7.277225e-10	-8.276674e+00	-4.092773e+01
4.600000e-06	-1.312969e-06	-7.743343e-10	-8.520732e+00	-4.384563e+01
4.610000e-06	-1.350242e-06	-8.231945e-10	-8.762622e+00	-4.675305e+01
4.620000e-06	-1.387246e-06	-8.758279e-10	-9.002768e+00	-4.964908e+01
4.630000e-06	-1.423990e-06	-9.279592e-10	-9.241221e+00	-5.253182e+01
4.640000e-06	-1.460379e-06	-9.740485e-10	-9.477375e+00	-5.539853e+01
4.650000e-06	-1.496485e-06	-1.018632e-09	-9.711688e+00	-5.824605e+01
4.660000e-06	-1.532372e-06	-1.067594e-09	-9.944586e+00	-6.107125e+01
4.670000e-06	-1.568067e-06	-1.115387e-09	-1.017623e+01	-6.387152e+01
4.680000e-06	-1.603589e-06	-1.157683e-09	-1.040676e+01	-6.664530e+01
4.690000e-06	-1.638995e-06	-1.202553e-09	-1.063653e+01	-6.939232e+01
4.700000e-06	-1.674324e-06	-1.252740e-09	-1.086580e+01	-7.211385e+01
4.710000e-06	-1.709582e-06	-1.302368e-09	-1.109462e+01	-7.481252e+01
4.720000e-06	-1.744761e-06	-1.344526e-09	-1.132292e+01	-7.749208e+01
4.730000e-06	-1.779830e-06	-1.383834e-09	-1.155050e+01	-8.015687e+01
4.740000e-06	-1.814720e-06	-1.428093e-09	-1.177693e+01	-8.281115e+01
4.750000e-06	-1.849388e-06	-1.475091e-09	-1.200192e+01	-8.545849e+01
4.760000e-06	-1.883789e-06	-1.520901e-09	-1.222516e+01	-8.810115e+01
4.770000e-06	-1.917920e-06	-1.566594e-09	-1.244666e+01	-9.073963e+01
4.780000e-06	-1.951748e-06	-1.613768e-09	-1.266620e+01	-9.337248e+01
4.790000e-06	-1.985335e-06	-1.660495e-09	-1.288417e+01	-9.599639e+01
4.800000e-06	-2.018784e-06	-1.702591e-09	-1.310124e+01	-9.860653e+01
4.810000e-06	-2.051990e-06	-1.743669e-09	-1.331673e+01	-1.011972e+02
4.820000e-06	-2.084959e-06	-1.787423e-09	-1.353069e+01	-1.037624e+02
4.830000e-06	-2.117643e-06	-1.832112e-09	-1.374280e+01	-1.062970e+02
4.840000e-06	-2.149985e-06	-1.875155e-09	-1.395269e+01	-1.087972e+02
4.850000e-06	-2.182097e-06	-1.915933e-09	-1.416108e+01	-1.112610e+02
4.860000e-06	-2.213965e-06	-1.957124e-09	-1.436790e+01	-1.136892e+02
4.870000e-06	-2.245569e-06	-1.996224e-09	-1.457300e+01	-1.160843e+02
4.880000e-06	-2.277048e-06	-2.033051e-09	-1.477728e+01	-1.184512e+02
4.890000e-06	-2.308369e-06	-2.071308e-09	-1.498055e+01	-1.207959e+02
4.900000e-06	-2.339459e-06	-2.112186e-09	-1.518231e+01	-1.231250e+02
4.910000e-06	-2.370300e-06	-2.155285e-09	-1.538246e+01	-1.254446e+02
4.920000e-06	-2.400776e-06	-2.195946e-09	-1.558024e+01	-1.277594e+02
4.930000e-06	-2.430848e-06	-2.232806e-09	-1.577540e+01	-1.300722e+02
4.940000e-06	-2.460491e-06	-2.268859e-09	-1.596777e+01	-1.323831e+02
4.950000e-06	-2.489645e-06	-2.307346e-09	-1.615697e+01	-1.346895e+02
4.960000e-06	-2.518264e-06	-2.348252e-09	-1.634269e+01	-1.369867e+02
4.970000e-06	-2.546514e-06	-2.385903e-09	-1.652603e+01	-1.392680e+02
4.980000e-06	-2.574435e-06	-2.421859e-09	-1.670722e+01	-1.415257e+02
4.990000e-06	-2.601988e-06	-2.459697e-09	-1.688604e+01	-1.437526e+02
5.000000e-06	-2.629381e-06	-2.499754e-09	-1.706381e+01	-1.459421e+02
5.010000e-06	-2.656654e-06	-2.538033e-09	-1.724080e+01	-1.480900e+02
5.020000e-06	-2.683753e-06	-2.572833e-09	-1.741667e+01	-1.501944e+02
5.030000e-06	-2.710606e-06	-2.609107e-09	-1.759093e+01	-1.522562e+02
5.040000e-06	-2.737055e-06	-2.645534e-09	-1.776258e+01	-1.542791e+02
5.050000e-06	-2.763111e-06	-2.677258e-09	-1.793167e+01	-1.562686e+02
5.060000e-06	-2.788796e-06	-2.706025e-09	-1.809836e+01	-1.582316e+02
5.070000e-06	-2.814165e-06	-2.739621e-09	-1.826300e+01	-1.601754e+02
5.080000e-06	-2.839295e-06	-2.775181e-09	-1.842608e+01	-1.621061e+02
5.090000e-06	-2.864086e-06	-2.808993e-09	-1.858696e+01	-1.640284e+02
5.100000e-06	-2.888497e-06	-2.841406e-09	-1.874539e+01	-1.659441e+02
5.110000e-06	-2.912514e-06	-2.874107e-09	-1.890125e+01	-1.678526e+02
5.120000e-06	-2.936189e-06	-2.905551e-09	-1.905489e+01	-1.697505e+02
5.130000e-06	-2.959673e-06	-2.933664e-09	-1.920730e+01	-1.716319e+02
5.140000e-06	-2.982990e-06	-2.961711e-09	-1.935861e+01	-1.734899e+02
5.150000e-06	-3.006033e-06	-2.992098e-09	-1.950816e+01	-1.753170e+02
5.160000e-06	-3.028732e-06	-3.023874e-09	-1.965546e+01	-1.771066e+02
5.170000e-06	-3.050957e-06	-3.052983e-09	-1.979969e+01	-1.788536e+02
5.180000e-06	-3.072533e-06	-3.082159e-09	-1.993971e+01	-1.805556e+02
5.190000e-06	-3.093599e-06	-3.111583e-09	-2.007643e+01	-1.822132e+02
5.200000e-06	-3.114175e-06	-3.139008e-09	-2.020996e+01	-1.838297e+02
5.210000e-06	-3.134145e-06	-3.163034e-09	-2.033956e+01	-1.854108e+02
5.220000e-06	-3.153698e-06	-3.185434e-09	-2.046645e+01	-1.869639e+02
5.230000e-06	-3.173059e-06	-3.208479e-09	-2.059210e+01	-1.884969e+02
5.240000e-06	-3.192276e-06	-3.230787e-09	-2.071681e+01	-1.900170e+02
5.250000e-06	-3.211222e-06	-3.254098e-09	-2.083976e+01	-1.915294e+02
5.260000e-06	-3.229809e-06	-3.280768e-09	-2.096038e+01	-1.930369e+02
5.270000e-06	-3.247968e-06	-3.308592e-09	-2.107823e+01	-1.945390e+02
5.280000e-06	-3.265677e-06	-3.335500e-09	-2.119316e+01	-1.960321e+02
5.290000e-06	-3.283055e-06	-3.360019e-09	-2.130594e+01	-1.975099e+02
5.300000e-06	-3.300116e-06	-3.381958e-09	-2.141666e+01	-1.989639e+02
5.310000e-06	-3.316801e-06	-3.404269e-09	-2.152494e+01	-2.003851e+02
5.320000e-06	-3.333089e-06	-3.423719e-09	-2.163064e+01	-2.017650e+02
5.330000e-06	-3.348975e-06	-3.442002e-09	-2.173373e+01	-2.030967e+02
5.340000e-06	-3.364545e-06	-3.461278e-09	-2.183478e+01	-2.043762e+02
5.350000e-06	-3.379907e-06	-3.480581e-09	-2.193447e+01	-2.056028e+02
5.360000e-06	-3.394996e-06	-3.500286e-09	-2.203240e+01	-2.067793e+02
5.370000e-06	-3.409590e-06	-3.519092e-09	-2.212711e+01	-2.079120e+02
5.380000e-06	-3.423622e-06	-3.538632e-09	-2.221817e+01	-2.090092e+02
5.390000e-06	-3.436940e-06	-3.557999e-09	-2.230460e+01	-2.100805e+02
5.400000e-06	-3.449382e-06	-3.576451e-09	-2.238534e+01	-2.111354e+02
5.410000e-06	-3.461249e-06	-3.593748e-09	-2.246235e+01	-2.121817e+02
5.420000e-06	-3.472845e-06	-3.610238e-09	-2.253761e+01	-2.132247e+02
5.430000e-06	-3.484163e-06	-3.628411e-09	-2.261106e+01	-2.142660e+02
5.440000e-06	-3.495077e-06	-3.644679e-09	-2.268188e+01	-2.153036e+02
5.450000e-06	-3.505454e-06	-3.659058e-09	-2.274923e+01	-2.163319e+02
5.460000e-06	-3.515367e-06	-3.675132e-09	-2.281356e+01	-2.173426e+02
5.470000e-06	-3.524928e-06	-3.692737e-09	-2.287561e+01	-2.183258e+02
5.480000e-06	-3.534118e-06	-3.708037e-09	-2.293525e+01	-2.192717e+02
5.490000e-06	-3.542954e-06	-3.721355e-09	-2.299259e+01	-2.201717e+02
5.500000e-06	-3.551342e-06	-3.736071e-09	-2.304703e+01	-2.210199e+02
5.510000e-06	-3.559235e-06	-3.750494e-09	-2.309825e+01	-2.218144e+02
5.520000e-06	-3.566796e-06	-3.762124e-09	-2.314732e+01	-2.225569e+02
5.530000e-06	-3.574138e-06	-3.772752e-09	-2.319497e+01	-2.232536e+02
5.540000e-06	-3.581199e-06	-3.785310e-09	-2.324079e+01	-2.239134e+02
5.550000e-06	-3.587841e-06	-3.797513e-09	-2.328389e+01	-2.245474e+02
5.560000e-06	-3.593944e-06	-3.808169e-09	-2.332350e+01	-2.251671e+02
5.570000e-06	-3.599317e-06	-3.819207e-09	-2.335837e+01	-2.257827e+02
5.580000e-06	-3.604053e-06	-3.831778e-09	-2.338911e+01	-2.264018e+02
5.590000e-06	-3.608204e-06	-3.845309e-09	-2.341605e+01	-2.270276e+02
5.600000e-06	-3.611838e-06	-3.858266e-09	-2.343963e+01	-2.276593e+02
5.610000e-06	-3.615254e-06	-3.869917e-09	-2.346180e+01	-2.282910e+02
5.620000e-06	-3.618472e-06	-3.881625e-09	-2.348268e+01	-2.289131e+02
5.630000e-06	-3.621416e-06	-3.890341e-09	-2.350178e+01	-2.295135e+02
5.640000e-06	-3.623889e-06	-3.894268e-09	-2.351784e+01	-2.300787e+02
5.650000e-06	-3.625827e-06	-3.895958e-09	-2.353041e+01	-2.305967e+02
5.660000e-06	-3.627401e-06	-3.904211e-09	-2.354063e+01	-2.310578e+02
5.670000e-06	-3.628688e-06	-3.918716e-09	-2.354898e+01	-2.314570e+02
5.680000e-06	-3.629546e-06	-3.930926e-09	-2.355455e+01	-2.317945e+02
5.690000e-06	-3.629881e-06	-3.938437e-09	-2.355672e+01	-2.320762e+02
