# Temperatura_=_20.0
# Concentracion g/m^3_=_12000.0
# C_Vs_to_Am_M_A/Vsm_=_59384043850.047264
# pendiente_HvsI_1/m_=_3716.3
# ordenada_HvsI_A/m_=_1297.0
# frecuencia_Hz_=_175596.00847182336

Tiempo_(s)	Campo_(V.s)	Magnetizacion_(V.s)	Campo_(kA/m)	Magnetizacion_(A/m)
0.000000e+00	-3.623802e-06	-2.026527e-10	-2.355416e+01	-9.007665e+00
1.000000e-08	-3.623581e-06	-1.974146e-10	-2.355272e+01	-8.991496e+00
2.000000e-08	-3.623121e-06	-1.919447e-10	-2.354973e+01	-8.970839e+00
3.000000e-08	-3.622425e-06	-1.907132e-10	-2.354521e+01	-8.947475e+00
4.000000e-08	-3.621362e-06	-1.947013e-10	-2.353830e+01	-8.923851e+00
5.000000e-08	-3.619827e-06	-2.017236e-10	-2.352832e+01	-8.902888e+00
6.000000e-08	-3.617573e-06	-2.210555e-10	-2.351367e+01	-8.887694e+00
7.000000e-08	-3.614562e-06	-2.510438e-10	-2.349410e+01	-8.881233e+00
8.000000e-08	-3.610892e-06	-2.099081e-10	-2.347025e+01	-8.885970e+00
9.000000e-08	-3.606663e-06	-4.247536e-11	-2.344276e+01	-8.903554e+00
1.000000e-07	-3.602184e-06	-3.470924e-11	-2.341365e+01	-8.934568e+00
1.100000e-07	-3.597591e-06	-3.003601e-10	-2.338379e+01	-8.978388e+00
1.200000e-07	-3.592751e-06	-3.877588e-10	-2.335233e+01	-9.033171e+00
1.300000e-07	-3.587457e-06	-1.031111e-10	-2.331792e+01	-9.095992e+00
1.400000e-07	-3.581582e-06	1.784713e-11	-2.327973e+01	-9.163097e+00
1.500000e-07	-3.575267e-06	-3.268329e-10	-2.323869e+01	-9.230265e+00
1.600000e-07	-3.568563e-06	-3.419769e-10	-2.319511e+01	-9.293219e+00
1.700000e-07	-3.561434e-06	2.220786e-11	-2.314878e+01	-9.348053e+00
1.800000e-07	-3.553909e-06	-1.818550e-11	-2.309987e+01	-9.391606e+00
1.900000e-07	-3.546015e-06	-1.969028e-10	-2.304855e+01	-9.421748e+00
2.000000e-07	-3.537778e-06	-2.450587e-10	-2.299501e+01	-9.437532e+00
2.100000e-07	-3.529261e-06	-1.977986e-10	-2.293966e+01	-9.439204e+00
2.200000e-07	-3.520480e-06	-1.528539e-10	-2.288258e+01	-9.428062e+00
2.300000e-07	-3.511185e-06	1.602801e-11	-2.282217e+01	-9.406193e+00
2.400000e-07	-3.501074e-06	-7.392501e-11	-2.275644e+01	-9.376124e+00
2.500000e-07	-3.490267e-06	-3.560667e-10	-2.268620e+01	-9.340430e+00
2.600000e-07	-3.478988e-06	-8.688115e-11	-2.261289e+01	-9.301369e+00
2.700000e-07	-3.467132e-06	1.153263e-10	-2.253583e+01	-9.260576e+00
2.800000e-07	-3.454763e-06	-2.149777e-10	-2.245543e+01	-9.218879e+00
2.900000e-07	-3.442058e-06	-3.563043e-10	-2.237285e+01	-9.176248e+00
3.000000e-07	-3.428951e-06	1.222958e-11	-2.228766e+01	-9.131886e+00
3.100000e-07	-3.415341e-06	9.637978e-11	-2.219920e+01	-9.084455e+00
3.200000e-07	-3.401274e-06	-1.824614e-10	-2.210776e+01	-9.032385e+00
3.300000e-07	-3.386874e-06	-2.565524e-10	-2.201416e+01	-8.974240e+00
3.400000e-07	-3.372006e-06	-3.335402e-11	-2.191753e+01	-8.909068e+00
3.500000e-07	-3.356430e-06	2.740918e-11	-2.181628e+01	-8.836680e+00
3.600000e-07	-3.340207e-06	-1.650508e-10	-2.171083e+01	-8.757832e+00
3.700000e-07	-3.323432e-06	-2.189349e-10	-2.160180e+01	-8.674248e+00
3.800000e-07	-3.306260e-06	-3.109527e-11	-2.149018e+01	-8.588498e+00
3.900000e-07	-3.288769e-06	-6.017140e-12	-2.137650e+01	-8.503741e+00
4.000000e-07	-3.270988e-06	-1.727990e-10	-2.126092e+01	-8.423343e+00
4.100000e-07	-3.252924e-06	-1.541318e-10	-2.114351e+01	-8.350458e+00
4.200000e-07	-3.234501e-06	-6.234401e-11	-2.102376e+01	-8.287589e+00
4.300000e-07	-3.215590e-06	-5.511723e-11	-2.090084e+01	-8.236228e+00
4.400000e-07	-3.196162e-06	-1.065618e-10	-2.077456e+01	-8.196598e+00
4.500000e-07	-3.176391e-06	-1.336737e-10	-2.064606e+01	-8.167559e+00
4.600000e-07	-3.156326e-06	-9.960342e-11	-2.051563e+01	-8.146683e+00
4.700000e-07	-3.135997e-06	-4.152968e-11	-2.038350e+01	-8.130495e+00
4.800000e-07	-3.115440e-06	-9.964314e-11	-2.024989e+01	-8.114858e+00
4.900000e-07	-3.094657e-06	-1.481079e-10	-2.011480e+01	-8.095448e+00
5.000000e-07	-3.073568e-06	-7.711053e-11	-1.997772e+01	-8.068260e+00
5.100000e-07	-3.052128e-06	-3.733540e-11	-1.983836e+01	-8.030079e+00
5.200000e-07	-3.030272e-06	-9.562928e-11	-1.969631e+01	-7.978858e+00
5.300000e-07	-3.008034e-06	-1.282828e-10	-1.955176e+01	-7.913950e+00
5.400000e-07	-2.985523e-06	-7.702456e-11	-1.940544e+01	-7.836160e+00
5.500000e-07	-2.962612e-06	-4.602605e-11	-1.925652e+01	-7.747625e+00
5.600000e-07	-2.939212e-06	-9.299724e-11	-1.910443e+01	-7.651521e+00
5.700000e-07	-2.915412e-06	-1.312899e-10	-1.894973e+01	-7.551652e+00
5.800000e-07	-2.891360e-06	-7.745717e-11	-1.879340e+01	-7.451969e+00
5.900000e-07	-2.867124e-06	-3.677365e-11	-1.863587e+01	-7.356079e+00
6.000000e-07	-2.842673e-06	-8.940155e-11	-1.847694e+01	-7.266820e+00
6.100000e-07	-2.818009e-06	-1.239568e-10	-1.831663e+01	-7.185941e+00
6.200000e-07	-2.793055e-06	-6.222620e-11	-1.815443e+01	-7.113944e+00
6.300000e-07	-2.767648e-06	-3.309887e-11	-1.798929e+01	-7.050078e+00
6.400000e-07	-2.741718e-06	-8.729039e-11	-1.782074e+01	-6.992507e+00
6.500000e-07	-2.715208e-06	-1.141104e-10	-1.764844e+01	-6.938605e+00
6.600000e-07	-2.688097e-06	-7.502596e-11	-1.747222e+01	-6.885339e+00
6.700000e-07	-2.660565e-06	-5.328676e-11	-1.729326e+01	-6.829682e+00
6.800000e-07	-2.632685e-06	-9.345519e-11	-1.711205e+01	-6.768996e+00
6.900000e-07	-2.604447e-06	-1.149785e-10	-1.692850e+01	-6.701344e+00
7.000000e-07	-2.576044e-06	-7.263711e-11	-1.674389e+01	-6.625674e+00
7.100000e-07	-2.547546e-06	-4.294036e-11	-1.655866e+01	-6.541866e+00
7.200000e-07	-2.518905e-06	-7.566229e-11	-1.637250e+01	-6.450647e+00
7.300000e-07	-2.490031e-06	-1.023737e-10	-1.618482e+01	-6.353387e+00
7.400000e-07	-2.460768e-06	-7.195901e-11	-1.599462e+01	-6.251810e+00
7.500000e-07	-2.431072e-06	-5.307840e-11	-1.580160e+01	-6.147687e+00
7.600000e-07	-2.401059e-06	-8.610050e-11	-1.560652e+01	-6.042538e+00
7.700000e-07	-2.370817e-06	-1.109190e-10	-1.540995e+01	-5.937408e+00
7.800000e-07	-2.340388e-06	-7.836078e-11	-1.521216e+01	-5.832738e+00
7.900000e-07	-2.309805e-06	-4.779646e-11	-1.501338e+01	-5.728358e+00
8.000000e-07	-2.278953e-06	-6.839734e-11	-1.481284e+01	-5.623591e+00
8.100000e-07	-2.247736e-06	-9.035374e-11	-1.460994e+01	-5.517447e+00
8.200000e-07	-2.216141e-06	-6.297078e-11	-1.440457e+01	-5.408882e+00
8.300000e-07	-2.184280e-06	-3.667397e-11	-1.419749e+01	-5.297056e+00
8.400000e-07	-2.152278e-06	-6.053503e-11	-1.398948e+01	-5.181567e+00
8.500000e-07	-2.120130e-06	-8.611314e-11	-1.378052e+01	-5.062599e+00
8.600000e-07	-2.087817e-06	-6.712733e-11	-1.357049e+01	-4.940961e+00
8.700000e-07	-2.055326e-06	-4.331216e-11	-1.335930e+01	-4.818019e+00
8.800000e-07	-2.022740e-06	-5.690294e-11	-1.314750e+01	-4.695512e+00
8.900000e-07	-1.989972e-06	-7.412687e-11	-1.293451e+01	-4.575280e+00
9.000000e-07	-1.956943e-06	-6.001106e-11	-1.271983e+01	-4.458964e+00
9.100000e-07	-1.923620e-06	-3.983969e-11	-1.250324e+01	-4.347706e+00
9.200000e-07	-1.890009e-06	-5.173714e-11	-1.228477e+01	-4.241911e+00
9.300000e-07	-1.856073e-06	-6.966576e-11	-1.206419e+01	-4.141111e+00
9.400000e-07	-1.821637e-06	-5.975089e-11	-1.184036e+01	-4.043959e+00
9.500000e-07	-1.786661e-06	-4.143651e-11	-1.161302e+01	-3.948366e+00
9.600000e-07	-1.751312e-06	-5.147199e-11	-1.138326e+01	-3.851757e+00
9.700000e-07	-1.715788e-06	-6.865639e-11	-1.115236e+01	-3.751425e+00
9.800000e-07	-1.680057e-06	-5.874488e-11	-1.092011e+01	-3.644929e+00
9.900000e-07	-1.644036e-06	-4.126594e-11	-1.068598e+01	-3.530474e+00
1.000000e-06	-1.607814e-06	-4.835089e-11	-1.045055e+01	-3.407219e+00
1.010000e-06	-1.571530e-06	-5.938976e-11	-1.021470e+01	-3.275460e+00
1.020000e-06	-1.535203e-06	-4.612981e-11	-9.978586e+00	-3.136660e+00
1.030000e-06	-1.498780e-06	-2.853312e-11	-9.741840e+00	-2.993300e+00
1.040000e-06	-1.462228e-06	-3.458533e-11	-9.504255e+00	-2.848582e+00
1.050000e-06	-1.425598e-06	-4.783326e-11	-9.266168e+00	-2.706011e+00
1.060000e-06	-1.388826e-06	-4.301561e-11	-9.027154e+00	-2.568908e+00
1.070000e-06	-1.351862e-06	-3.478562e-11	-8.786899e+00	-2.439933e+00
1.080000e-06	-1.314711e-06	-4.365770e-11	-8.545422e+00	-2.320679e+00
1.090000e-06	-1.277394e-06	-5.236808e-11	-8.302863e+00	-2.211403e+00
1.100000e-06	-1.240015e-06	-3.983048e-11	-8.059910e+00	-2.110936e+00
1.110000e-06	-1.202424e-06	-2.386257e-11	-7.815573e+00	-2.016793e+00
1.120000e-06	-1.164581e-06	-2.434955e-11	-7.569595e+00	-1.925480e+00
1.130000e-06	-1.126652e-06	-3.417639e-11	-7.323069e+00	-1.832959e+00
1.140000e-06	-1.088663e-06	-3.075512e-11	-7.076142e+00	-1.735205e+00
1.150000e-06	-1.050522e-06	-2.176552e-11	-6.828230e+00	-1.628791e+00
1.160000e-06	-1.012217e-06	-2.544899e-11	-6.579258e+00	-1.511419e+00
1.170000e-06	-9.738496e-07	-3.385183e-11	-6.329874e+00	-1.382308e+00
1.180000e-06	-9.353947e-07	-2.787725e-11	-6.079923e+00	-1.242399e+00
1.190000e-06	-8.968047e-07	-1.426217e-11	-5.829093e+00	-1.094322e+00
1.200000e-06	-8.581063e-07	-1.323708e-11	-5.577559e+00	-9.421399e-01
1.210000e-06	-8.193023e-07	-1.729204e-11	-5.325340e+00	-7.908816e-01
1.220000e-06	-7.804334e-07	-9.769927e-12	-5.072698e+00	-6.459318e-01
1.230000e-06	-7.414441e-07	3.930081e-12	-4.819273e+00	-5.123483e-01
1.240000e-06	-7.023974e-07	4.590722e-12	-4.565475e+00	-3.942000e-01
1.250000e-06	-6.633201e-07	-2.650301e-12	-4.311479e+00	-2.940136e-01
1.260000e-06	-6.241977e-07	1.102872e-12	-4.057190e+00	-2.124044e-01
1.270000e-06	-5.850111e-07	7.458954e-12	-3.802483e+00	-1.479453e-01
1.280000e-06	-5.456747e-07	3.281489e-12	-3.546802e+00	-9.729406e-02
1.290000e-06	-5.063315e-07	-2.658520e-12	-3.291077e+00	-5.556673e-02
1.300000e-06	-4.668626e-07	2.369760e-12	-3.034536e+00	-1.691226e-02
1.310000e-06	-4.272240e-07	1.230650e-11	-2.776891e+00	2.478592e-02
1.320000e-06	-3.874848e-07	1.237134e-11	-2.518592e+00	7.517135e-02
1.330000e-06	-3.477253e-07	6.672082e-12	-2.260161e+00	1.387355e-01
1.340000e-06	-3.079646e-07	8.016621e-12	-2.001723e+00	2.182874e-01
1.350000e-06	-2.680941e-07	1.294292e-11	-1.742571e+00	3.146414e-01
1.360000e-06	-2.282033e-07	1.115294e-11	-1.483286e+00	4.265636e-01
1.370000e-06	-1.883334e-07	5.551486e-12	-1.224138e+00	5.509839e-01
1.380000e-06	-1.484183e-07	6.595653e-12	-9.646964e-01	6.834444e-01
1.390000e-06	-1.084922e-07	1.323735e-11	-7.051827e-01	8.187225e-01
1.400000e-06	-6.861495e-08	1.634438e-11	-4.459867e-01	9.515467e-01
1.410000e-06	-2.874094e-08	1.604072e-11	-1.868117e-01	1.077308e+00
1.420000e-06	1.115845e-08	1.879484e-11	7.252820e-02	1.192671e+00
1.430000e-06	5.100603e-08	2.342536e-11	3.315314e-01	1.296009e+00
1.440000e-06	9.082877e-08	2.057320e-11	5.903731e-01	1.387596e+00
1.450000e-06	1.307213e-07	1.375342e-11	8.496682e-01	1.469540e+00
1.460000e-06	1.706105e-07	1.598241e-11	1.108942e+00	1.545476e+00
1.470000e-06	2.104111e-07	2.325268e-11	1.367640e+00	1.620036e+00
1.480000e-06	2.501762e-07	2.480133e-11	1.626107e+00	1.698206e+00
1.490000e-06	2.899325e-07	2.053996e-11	1.884517e+00	1.784626e+00
1.500000e-06	3.296860e-07	2.096594e-11	2.142908e+00	1.882949e+00
1.510000e-06	3.694316e-07	2.549115e-11	2.401249e+00	1.995340e+00
1.520000e-06	4.091564e-07	2.378581e-11	2.659454e+00	2.122175e+00
1.530000e-06	4.488614e-07	1.970072e-11	2.917530e+00	2.261990e+00
1.540000e-06	4.884199e-07	2.475558e-11	3.174655e+00	2.411677e+00
1.550000e-06	5.278339e-07	3.590101e-11	3.430840e+00	2.566905e+00
1.560000e-06	5.671491e-07	4.029608e-11	3.686382e+00	2.722693e+00
1.570000e-06	6.063990e-07	3.850811e-11	3.941501e+00	2.874076e+00
1.580000e-06	6.456263e-07	4.027442e-11	4.196472e+00	3.016752e+00
1.590000e-06	6.847433e-07	4.414427e-11	4.450727e+00	3.147640e+00
1.600000e-06	7.237446e-07	4.148410e-11	4.704229e+00	3.265254e+00
1.610000e-06	7.626393e-07	3.776410e-11	4.957039e+00	3.369870e+00
1.620000e-06	8.014343e-07	4.114921e-11	5.209200e+00	3.463437e+00
1.630000e-06	8.401253e-07	5.135975e-11	5.460686e+00	3.549269e+00
1.640000e-06	8.787814e-07	5.656714e-11	5.711944e+00	3.631556e+00
1.650000e-06	9.173553e-07	5.323285e-11	5.962669e+00	3.714748e+00
1.660000e-06	9.557206e-07	5.214866e-11	6.212038e+00	3.802928e+00
1.670000e-06	9.940170e-07	5.452717e-11	6.460958e+00	3.899223e+00
1.680000e-06	1.032303e-06	5.429012e-11	6.709809e+00	4.005362e+00
1.690000e-06	1.070471e-06	4.976407e-11	6.957897e+00	4.121422e+00
1.700000e-06	1.108539e-06	4.996659e-11	7.205337e+00	4.245806e+00
1.710000e-06	1.146518e-06	5.716770e-11	7.452189e+00	4.375436e+00
1.720000e-06	1.184336e-06	6.320325e-11	7.698005e+00	4.506158e+00
1.730000e-06	1.221954e-06	6.560855e-11	7.942513e+00	4.633281e+00
1.740000e-06	1.259380e-06	6.880561e-11	8.185776e+00	4.752185e+00
1.750000e-06	1.296611e-06	7.186630e-11	8.427771e+00	4.858925e+00
1.760000e-06	1.333630e-06	7.047353e-11	8.668393e+00	4.950732e+00
1.770000e-06	1.370525e-06	6.677536e-11	8.908200e+00	5.026371e+00
1.780000e-06	1.407329e-06	6.459556e-11	9.147426e+00	5.086293e+00
1.790000e-06	1.443996e-06	6.679504e-11	9.385751e+00	5.132579e+00
1.800000e-06	1.480573e-06	6.918171e-11	9.623498e+00	5.168677e+00
1.810000e-06	1.517080e-06	6.951254e-11	9.860791e+00	5.198986e+00
1.820000e-06	1.553494e-06	7.229745e-11	1.009747e+01	5.228327e+00
1.830000e-06	1.589850e-06	7.682712e-11	1.033378e+01	5.261386e+00
1.840000e-06	1.626124e-06	7.806009e-11	1.056955e+01	5.302199e+00
1.850000e-06	1.662243e-06	7.527920e-11	1.080433e+01	5.353733e+00
1.860000e-06	1.698154e-06	7.380852e-11	1.103774e+01	5.417624e+00
1.870000e-06	1.733928e-06	7.667455e-11	1.127027e+01	5.494088e+00
1.880000e-06	1.769412e-06	7.874459e-11	1.150091e+01	5.582009e+00
1.890000e-06	1.804484e-06	7.962071e-11	1.172887e+01	5.679187e+00
1.900000e-06	1.839145e-06	8.110163e-11	1.195416e+01	5.782700e+00
1.910000e-06	1.873353e-06	8.454107e-11	1.217651e+01	5.889314e+00
1.920000e-06	1.907132e-06	8.694429e-11	1.239606e+01	5.995907e+00
1.930000e-06	1.940543e-06	8.574250e-11	1.261323e+01	6.099831e+00
1.940000e-06	1.973622e-06	8.438141e-11	1.282824e+01	6.199166e+00
1.950000e-06	2.006399e-06	8.580434e-11	1.304129e+01	6.292862e+00
1.960000e-06	2.039024e-06	8.786857e-11	1.325335e+01	6.380727e+00
1.970000e-06	2.071553e-06	8.644599e-11	1.346478e+01	6.463309e+00
1.980000e-06	2.103954e-06	8.413451e-11	1.367538e+01	6.541670e+00
1.990000e-06	2.136171e-06	8.375714e-11	1.388478e+01	6.617116e+00
2.000000e-06	2.168246e-06	8.540384e-11	1.409327e+01	6.690913e+00
2.010000e-06	2.200140e-06	8.632436e-11	1.430058e+01	6.764051e+00
2.020000e-06	2.231682e-06	8.761597e-11	1.450559e+01	6.837067e+00
2.030000e-06	2.262890e-06	9.161979e-11	1.470844e+01	6.909978e+00
2.040000e-06	2.293804e-06	9.622254e-11	1.490937e+01	6.982302e+00
2.050000e-06	2.324440e-06	9.755972e-11	1.510850e+01	7.053187e+00
2.060000e-06	2.354857e-06	9.706346e-11	1.530621e+01	7.121591e+00
2.070000e-06	2.385027e-06	9.727195e-11	1.550231e+01	7.186509e+00
2.080000e-06	2.414943e-06	9.576081e-11	1.569676e+01	7.247189e+00
2.090000e-06	2.444710e-06	9.156713e-11	1.589024e+01	7.303308e+00
2.100000e-06	2.474229e-06	8.896791e-11	1.608211e+01	7.355084e+00
2.110000e-06	2.503347e-06	9.169007e-11	1.627137e+01	7.403291e+00
2.120000e-06	2.532143e-06	9.458107e-11	1.645854e+01	7.449194e+00
2.130000e-06	2.560746e-06	9.489969e-11	1.664446e+01	7.494398e+00
2.140000e-06	2.589188e-06	9.427605e-11	1.682933e+01	7.540647e+00
2.150000e-06	2.617451e-06	9.617267e-11	1.701303e+01	7.589595e+00
2.160000e-06	2.645587e-06	9.514773e-11	1.719591e+01	7.642585e+00
2.170000e-06	2.673500e-06	8.944299e-11	1.737734e+01	7.700473e+00
2.180000e-06	2.700895e-06	8.645172e-11	1.755541e+01	7.763520e+00
2.190000e-06	2.727605e-06	8.904625e-11	1.772901e+01	7.831367e+00
2.200000e-06	2.753729e-06	9.402922e-11	1.789882e+01	7.903093e+00
2.210000e-06	2.779308e-06	9.601006e-11	1.806508e+01	7.977345e+00
2.220000e-06	2.804400e-06	9.607000e-11	1.822817e+01	8.052528e+00
2.230000e-06	2.829159e-06	9.684945e-11	1.838910e+01	8.127009e+00
2.240000e-06	2.853699e-06	9.847108e-11	1.854861e+01	8.199325e+00
2.250000e-06	2.878053e-06	9.912945e-11	1.870690e+01	8.268344e+00
2.260000e-06	2.902141e-06	9.751610e-11	1.886348e+01	8.333376e+00
2.270000e-06	2.925818e-06	9.749616e-11	1.901737e+01	8.394202e+00
2.280000e-06	2.949101e-06	9.848361e-11	1.916871e+01	8.451041e+00
2.290000e-06	2.972049e-06	9.730774e-11	1.931786e+01	8.504448e+00
2.300000e-06	2.994678e-06	9.562947e-11	1.946495e+01	8.555164e+00
2.310000e-06	3.017047e-06	9.487467e-11	1.961034e+01	8.603956e+00
2.320000e-06	3.039079e-06	9.771224e-11	1.975355e+01	8.651463e+00
2.330000e-06	3.060711e-06	1.000187e-10	1.989415e+01	8.698070e+00
2.340000e-06	3.081960e-06	1.002181e-10	2.003227e+01	8.743848e+00
2.350000e-06	3.102823e-06	1.006065e-10	2.016788e+01	8.788539e+00
2.360000e-06	3.123410e-06	1.015641e-10	2.030169e+01	8.831619e+00
2.370000e-06	3.143833e-06	9.926440e-11	2.043443e+01	8.872401e+00
2.380000e-06	3.164069e-06	9.478286e-11	2.056596e+01	8.910173e+00
2.390000e-06	3.184053e-06	9.390811e-11	2.069586e+01	8.944339e+00
2.400000e-06	3.203685e-06	9.663032e-11	2.082346e+01	8.974548e+00
2.410000e-06	3.222805e-06	9.745379e-11	2.094774e+01	9.000777e+00
2.420000e-06	3.241392e-06	9.481249e-11	2.106855e+01	9.023364e+00
2.430000e-06	3.259505e-06	9.302244e-11	2.118628e+01	9.042975e+00
2.440000e-06	3.277254e-06	9.496155e-11	2.130165e+01	9.060516e+00
2.450000e-06	3.294772e-06	9.636929e-11	2.141552e+01	9.077000e+00
2.460000e-06	3.312003e-06	9.423747e-11	2.152751e+01	9.093390e+00
2.470000e-06	3.328872e-06	9.251787e-11	2.163716e+01	9.110443e+00
2.480000e-06	3.345181e-06	9.507266e-11	2.174316e+01	9.128577e+00
2.490000e-06	3.360875e-06	9.786425e-11	2.184518e+01	9.147794e+00
2.500000e-06	3.376107e-06	9.513692e-11	2.194418e+01	9.167647e+00
2.510000e-06	3.390879e-06	9.185275e-11	2.204019e+01	9.187287e+00
2.520000e-06	3.405275e-06	9.306875e-11	2.213377e+01	9.205563e+00
2.530000e-06	3.419304e-06	9.542724e-11	2.222496e+01	9.221171e+00
2.540000e-06	3.432857e-06	9.594085e-11	2.231305e+01	9.232820e+00
2.550000e-06	3.445965e-06	9.420492e-11	2.239824e+01	9.239412e+00
2.560000e-06	3.458682e-06	9.235727e-11	2.248090e+01	9.240181e+00
2.570000e-06	3.471056e-06	9.077813e-11	2.256134e+01	9.234803e+00
2.580000e-06	3.483029e-06	8.704177e-11	2.263916e+01	9.223437e+00
2.590000e-06	3.494414e-06	8.169437e-11	2.271316e+01	9.206706e+00
2.600000e-06	3.505125e-06	7.969244e-11	2.278278e+01	9.185623e+00
2.610000e-06	3.515180e-06	8.230718e-11	2.284813e+01	9.161472e+00
2.620000e-06	3.524576e-06	8.488326e-11	2.290921e+01	9.135657e+00
2.630000e-06	3.533460e-06	8.504920e-11	2.296695e+01	9.109559e+00
2.640000e-06	3.542033e-06	8.359067e-11	2.302267e+01	9.084404e+00
2.650000e-06	3.550348e-06	8.208463e-11	2.307672e+01	9.061169e+00
2.660000e-06	3.558343e-06	7.621247e-11	2.312868e+01	9.040535e+00
2.670000e-06	3.565971e-06	6.955582e-11	2.317827e+01	9.022889e+00
2.680000e-06	3.573152e-06	6.782217e-11	2.322494e+01	9.008365e+00
2.690000e-06	3.579845e-06	6.983156e-11	2.326844e+01	8.996922e+00
2.700000e-06	3.586179e-06	7.225101e-11	2.330962e+01	8.988422e+00
2.710000e-06	3.592068e-06	7.415790e-11	2.334789e+01	8.982708e+00
2.720000e-06	3.597487e-06	7.734103e-11	2.338312e+01	8.979659e+00
2.730000e-06	3.602495e-06	7.799925e-11	2.341567e+01	8.979201e+00
2.740000e-06	3.607169e-06	7.509508e-11	2.344605e+01	8.981284e+00
2.750000e-06	3.611628e-06	7.050388e-11	2.347503e+01	8.985831e+00
2.760000e-06	3.615840e-06	6.674180e-11	2.350240e+01	8.992651e+00
2.770000e-06	3.619679e-06	6.614292e-11	2.352736e+01	9.001363e+00
2.780000e-06	3.622978e-06	6.754146e-11	2.354880e+01	9.011331e+00
2.790000e-06	3.625520e-06	6.878215e-11	2.356533e+01	9.021640e+00
2.800000e-06	3.627319e-06	6.905868e-11	2.357702e+01	9.031125e+00
2.810000e-06	3.628512e-06	6.681250e-11	2.358477e+01	9.038456e+00
2.820000e-06	3.629249e-06	6.187125e-11	2.358957e+01	9.042288e+00
2.830000e-06	3.629769e-06	5.747948e-11	2.359295e+01	9.041436e+00
2.840000e-06	3.630055e-06	5.489193e-11	2.359480e+01	9.035083e+00
2.850000e-06	3.629972e-06	5.649085e-11	2.359426e+01	9.022969e+00
2.860000e-06	3.629459e-06	6.190287e-11	2.359093e+01	9.005532e+00
2.870000e-06	3.628478e-06	6.831433e-11	2.358455e+01	8.983981e+00
2.880000e-06	3.627050e-06	7.134289e-11	2.357527e+01	8.960278e+00
2.890000e-06	3.625302e-06	6.883569e-11	2.356391e+01	8.937012e+00
2.900000e-06	3.623225e-06	5.047470e-11	2.355041e+01	8.917178e+00
2.910000e-06	3.620683e-06	2.180684e-12	2.353389e+01	8.903882e+00
2.920000e-06	3.617741e-06	1.953368e-11	2.351476e+01	8.899994e+00
2.930000e-06	3.614457e-06	2.079956e-10	2.349342e+01	8.907805e+00
2.940000e-06	3.610752e-06	2.374082e-10	2.346934e+01	8.928717e+00
2.950000e-06	3.606571e-06	-7.946387e-11	2.344216e+01	8.963018e+00
2.960000e-06	3.602143e-06	-1.789182e-10	2.341338e+01	9.009775e+00
2.970000e-06	3.597547e-06	1.170503e-10	2.338351e+01	9.066858e+00
2.980000e-06	3.592238e-06	2.592650e-10	2.334900e+01	9.131106e+00
2.990000e-06	3.585877e-06	-4.511584e-11	2.330765e+01	9.198611e+00
3.000000e-06	3.578982e-06	-4.200846e-11	2.326283e+01	9.265097e+00
3.010000e-06	3.571886e-06	3.314162e-10	2.321671e+01	9.326343e+00
3.020000e-06	3.564420e-06	2.473452e-10	2.316818e+01	9.378595e+00
3.030000e-06	3.556686e-06	6.270483e-11	2.311792e+01	9.418929e+00
3.040000e-06	3.548725e-06	8.895685e-11	2.306617e+01	9.445502e+00
3.050000e-06	3.540279e-06	1.365297e-10	2.301128e+01	9.457669e+00
3.060000e-06	3.531235e-06	1.089968e-10	2.295249e+01	9.455958e+00
3.070000e-06	3.521870e-06	3.175872e-10	2.289162e+01	9.441894e+00
3.080000e-06	3.512214e-06	2.531036e-10	2.282886e+01	9.417708e+00
3.090000e-06	3.501987e-06	-1.334713e-10	2.276238e+01	9.385976e+00
3.100000e-06	3.491245e-06	1.647742e-10	2.269256e+01	9.349228e+00
3.110000e-06	3.480152e-06	4.709439e-10	2.262046e+01	9.309588e+00
3.120000e-06	3.468806e-06	1.068338e-10	2.254671e+01	9.268504e+00
3.130000e-06	3.457035e-06	-1.130683e-12	2.247020e+01	9.226587e+00
3.140000e-06	3.444465e-06	4.698022e-10	2.238850e+01	9.183603e+00
3.150000e-06	3.431237e-06	4.557119e-10	2.230252e+01	9.138593e+00
3.160000e-06	3.417562e-06	6.996520e-11	2.221363e+01	9.090129e+00
3.170000e-06	3.403260e-06	7.868589e-11	2.212067e+01	9.036640e+00
3.180000e-06	3.388212e-06	3.453759e-10	2.202286e+01	8.976781e+00
3.190000e-06	3.372802e-06	3.638328e-10	2.192270e+01	8.909766e+00
3.200000e-06	3.357235e-06	1.276842e-10	2.182152e+01	8.835633e+00
3.210000e-06	3.341335e-06	6.598803e-11	2.171817e+01	8.755381e+00
3.220000e-06	3.325064e-06	3.519440e-10	2.161241e+01	8.670965e+00
3.230000e-06	3.308393e-06	3.870168e-10	2.150405e+01	8.585131e+00
3.240000e-06	3.291300e-06	6.310769e-11	2.139295e+01	8.501127e+00
3.250000e-06	3.273845e-06	1.232876e-10	2.127949e+01	8.422309e+00
3.260000e-06	3.255990e-06	3.438569e-10	2.116344e+01	8.351706e+00
3.270000e-06	3.237766e-06	2.662286e-10	2.104499e+01	8.291599e+00
3.280000e-06	3.219270e-06	1.389608e-10	2.092476e+01	8.243181e+00
3.290000e-06	3.200367e-06	1.713495e-10	2.080190e+01	8.206337e+00
3.300000e-06	3.181085e-06	2.524762e-10	2.067657e+01	8.179591e+00
3.310000e-06	3.161611e-06	2.844150e-10	2.054999e+01	8.160225e+00
3.320000e-06	3.141983e-06	1.624074e-10	2.042241e+01	8.144557e+00
3.330000e-06	3.122093e-06	1.337666e-10	2.029313e+01	8.128357e+00
3.340000e-06	3.101825e-06	2.668334e-10	2.016139e+01	8.107334e+00
3.350000e-06	3.080987e-06	2.746392e-10	2.002595e+01	8.077637e+00
3.360000e-06	3.059490e-06	1.740333e-10	1.988622e+01	8.036315e+00
3.370000e-06	3.037290e-06	1.465270e-10	1.974192e+01	7.981654e+00
3.380000e-06	3.014428e-06	2.329579e-10	1.959332e+01	7.913373e+00
3.390000e-06	2.991175e-06	2.774519e-10	1.944218e+01	7.832629e+00
3.400000e-06	2.967755e-06	1.858682e-10	1.928995e+01	7.741850e+00
3.410000e-06	2.944223e-06	1.385963e-10	1.913700e+01	7.644412e+00
3.420000e-06	2.920456e-06	2.385258e-10	1.898252e+01	7.544204e+00
3.430000e-06	2.896352e-06	2.680173e-10	1.882584e+01	7.445133e+00
3.440000e-06	2.871908e-06	1.717078e-10	1.866696e+01	7.350651e+00
3.450000e-06	2.847061e-06	1.334686e-10	1.850546e+01	7.263349e+00
3.460000e-06	2.821818e-06	2.245376e-10	1.834139e+01	7.184673e+00
3.470000e-06	2.796260e-06	2.565004e-10	1.817526e+01	7.114804e+00
3.480000e-06	2.770493e-06	1.598603e-10	1.800778e+01	7.052699e+00
3.490000e-06	2.744436e-06	1.364192e-10	1.783841e+01	6.996293e+00
3.500000e-06	2.717895e-06	2.141698e-10	1.766590e+01	6.942820e+00
3.510000e-06	2.691035e-06	2.313240e-10	1.749131e+01	6.889210e+00
3.520000e-06	2.663917e-06	1.598264e-10	1.731505e+01	6.832498e+00
3.530000e-06	2.636543e-06	1.304967e-10	1.713713e+01	6.770199e+00
3.540000e-06	2.609023e-06	1.979702e-10	1.695825e+01	6.700583e+00
3.550000e-06	2.581363e-06	2.223711e-10	1.677847e+01	6.622832e+00
3.560000e-06	2.553495e-06	1.529737e-10	1.659733e+01	6.537052e+00
3.570000e-06	2.525359e-06	1.275014e-10	1.641445e+01	6.444155e+00
3.580000e-06	2.496824e-06	1.839114e-10	1.622897e+01	6.345625e+00
3.590000e-06	2.467770e-06	2.086574e-10	1.604013e+01	6.243229e+00
3.600000e-06	2.438140e-06	1.583606e-10	1.584753e+01	6.138701e+00
3.610000e-06	2.407927e-06	1.275788e-10	1.565116e+01	6.033460e+00
3.620000e-06	2.377189e-06	1.736558e-10	1.545136e+01	5.928407e+00
3.630000e-06	2.346104e-06	1.932524e-10	1.524932e+01	5.823827e+00
3.640000e-06	2.314854e-06	1.456003e-10	1.504620e+01	5.719409e+00
3.650000e-06	2.283481e-06	1.182569e-10	1.484228e+01	5.614375e+00
3.660000e-06	2.251959e-06	1.578457e-10	1.463739e+01	5.507699e+00
3.670000e-06	2.220246e-06	1.863962e-10	1.443126e+01	5.398362e+00
3.680000e-06	2.188317e-06	1.485242e-10	1.422373e+01	5.285616e+00
3.690000e-06	2.156152e-06	1.226904e-10	1.401466e+01	5.169194e+00
3.700000e-06	2.123692e-06	1.512472e-10	1.380367e+01	5.049437e+00
3.710000e-06	2.090928e-06	1.699456e-10	1.359071e+01	4.927305e+00
3.720000e-06	2.057876e-06	1.369407e-10	1.337588e+01	4.804279e+00
3.730000e-06	2.024624e-06	1.123221e-10	1.315975e+01	4.682149e+00
3.740000e-06	1.991228e-06	1.403975e-10	1.294268e+01	4.562736e+00
3.750000e-06	1.957635e-06	1.651514e-10	1.272433e+01	4.447581e+00
3.760000e-06	1.923887e-06	1.361770e-10	1.250497e+01	4.337662e+00
3.770000e-06	1.889933e-06	1.089139e-10	1.228427e+01	4.233174e+00
3.780000e-06	1.855712e-06	1.271600e-10	1.206184e+01	4.133423e+00
3.790000e-06	1.821218e-06	1.463370e-10	1.183764e+01	4.036860e+00
3.800000e-06	1.786476e-06	1.202286e-10	1.161182e+01	3.941244e+00
3.810000e-06	1.751536e-06	9.566741e-11	1.138472e+01	3.843933e+00
3.820000e-06	1.716399e-06	1.151410e-10	1.115633e+01	3.742249e+00
3.830000e-06	1.681078e-06	1.359392e-10	1.092675e+01	3.633877e+00
3.840000e-06	1.645663e-06	1.172577e-10	1.069656e+01	3.517237e+00
3.850000e-06	1.610188e-06	9.446685e-11	1.046598e+01	3.391761e+00
3.860000e-06	1.574626e-06	1.077830e-10	1.023483e+01	3.258040e+00
3.870000e-06	1.538960e-06	1.200864e-10	1.000300e+01	3.117811e+00
3.880000e-06	1.503237e-06	9.712507e-11	9.770809e+00	2.973770e+00
3.890000e-06	1.467403e-06	7.623579e-11	9.537896e+00	2.829238e+00
3.900000e-06	1.431330e-06	9.033520e-11	9.303423e+00	2.687719e+00
3.910000e-06	1.395007e-06	1.074592e-10	9.067334e+00	2.552413e+00
3.920000e-06	1.358395e-06	9.322016e-11	8.829358e+00	2.425746e+00
3.930000e-06	1.321452e-06	7.358704e-11	8.589239e+00	2.308998e+00
3.940000e-06	1.284204e-06	8.116229e-11	8.347130e+00	2.202067e+00
3.950000e-06	1.246681e-06	9.070914e-11	8.103237e+00	2.103438e+00
3.960000e-06	1.208897e-06	7.673833e-11	7.857644e+00	2.010339e+00
3.970000e-06	1.170837e-06	5.908902e-11	7.610264e+00	1.919091e+00
3.980000e-06	1.132437e-06	6.799953e-11	7.360664e+00	1.825604e+00
3.990000e-06	1.093765e-06	8.318309e-11	7.109307e+00	1.725949e+00
4.000000e-06	1.054909e-06	7.526759e-11	6.856748e+00	1.616936e+00
4.010000e-06	1.015946e-06	6.031844e-11	6.603495e+00	1.496616e+00
4.020000e-06	9.768911e-07	6.209028e-11	6.349643e+00	1.364628e+00
4.030000e-06	9.376877e-07	6.870599e-11	6.094827e+00	1.222346e+00
4.040000e-06	8.984177e-07	5.944758e-11	5.839577e+00	1.072794e+00
4.050000e-06	8.591254e-07	4.721480e-11	5.584184e+00	9.203244e-01
4.060000e-06	8.198152e-07	5.578517e-11	5.328673e+00	7.701180e-01
4.070000e-06	7.804328e-07	6.828818e-11	5.072694e+00	6.275421e-01
4.080000e-06	7.409914e-07	6.333002e-11	4.816331e+00	4.974666e-01
4.090000e-06	7.015403e-07	5.042887e-11	4.559905e+00	3.836206e-01
4.100000e-06	6.620427e-07	4.965767e-11	4.303176e+00	2.880789e-01
4.110000e-06	6.224973e-07	5.380730e-11	4.046137e+00	2.109487e-01
4.120000e-06	5.829571e-07	4.423071e-11	3.789132e+00	1.503019e-01
4.130000e-06	5.434158e-07	3.376980e-11	3.532120e+00	1.023670e-01
4.140000e-06	5.038256e-07	4.049595e-11	3.274789e+00	6.195809e-02
4.150000e-06	4.641723e-07	5.525838e-11	3.017049e+00	2.308879e-02
4.160000e-06	4.244434e-07	5.425764e-11	2.758817e+00	-2.030772e-02
4.170000e-06	3.846595e-07	4.353368e-11	2.500228e+00	-7.364623e-02
4.180000e-06	3.448973e-07	4.096362e-11	2.241780e+00	-1.410398e-01
4.190000e-06	3.051480e-07	4.187333e-11	1.983416e+00	-2.248184e-01
4.200000e-06	2.653503e-07	3.331074e-11	1.724736e+00	-3.252788e-01
4.210000e-06	2.255154e-07	2.398084e-11	1.465816e+00	-4.406982e-01
4.220000e-06	1.856432e-07	2.677054e-11	1.206653e+00	-5.676094e-01
4.230000e-06	1.457494e-07	3.330034e-11	9.473485e-01	-7.012997e-01
4.240000e-06	1.058545e-07	3.008818e-11	6.880383e-01	-8.364657e-01
4.250000e-06	6.600546e-08	2.195738e-11	4.290254e-01	-9.679371e-01
4.260000e-06	2.620176e-08	2.084999e-11	1.703075e-01	-1.091372e+00
4.270000e-06	-1.361523e-08	2.037904e-11	-8.849694e-02	-1.203830e+00
4.280000e-06	-5.349854e-08	1.095969e-11	-3.477323e-01	-1.304151e+00
4.290000e-06	-9.344242e-08	-1.510332e-13	-6.073614e-01	-1.393084e+00
4.300000e-06	-1.333248e-07	-9.860098e-13	-8.665911e-01	-1.473158e+00
4.310000e-06	-1.731646e-07	3.876321e-12	-1.125543e+00	-1.548311e+00
4.320000e-06	-2.130079e-07	2.977757e-12	-1.384519e+00	-1.623329e+00
4.330000e-06	-2.528231e-07	-6.647417e-13	-1.643312e+00	-1.703176e+00
4.340000e-06	-2.926218e-07	5.986542e-13	-1.901997e+00	-1.792301e+00
4.350000e-06	-3.323933e-07	-7.106692e-13	-2.160506e+00	-1.894027e+00
4.360000e-06	-3.721382e-07	-1.013793e-11	-2.418841e+00	-2.010088e+00
4.370000e-06	-4.119034e-07	-1.918851e-11	-2.677309e+00	-2.140396e+00
4.380000e-06	-4.516282e-07	-2.122305e-11	-2.935514e+00	-2.283048e+00
4.390000e-06	-4.912774e-07	-1.849622e-11	-3.193228e+00	-2.434584e+00
4.400000e-06	-5.309123e-07	-1.944860e-11	-3.450849e+00	-2.590451e+00
4.410000e-06	-5.704966e-07	-2.180674e-11	-3.708141e+00	-2.745609e+00
4.420000e-06	-6.100268e-07	-2.119275e-11	-3.965081e+00	-2.895201e+00
4.430000e-06	-6.495911e-07	-2.297677e-11	-4.222243e+00	-3.035183e+00
4.440000e-06	-6.891283e-07	-3.235685e-11	-4.479229e+00	-3.162845e+00
4.450000e-06	-7.285917e-07	-4.036626e-11	-4.735734e+00	-3.277136e+00
4.460000e-06	-7.679946e-07	-4.265403e-11	-4.991848e+00	-3.378768e+00
4.470000e-06	-8.073542e-07	-4.035904e-11	-5.247679e+00	-3.470068e+00
4.480000e-06	-8.466985e-07	-3.991345e-11	-5.503411e+00	-3.554622e+00
4.490000e-06	-8.859639e-07	-4.280136e-11	-5.758630e+00	-3.636743e+00
4.500000e-06	-9.251230e-07	-4.366649e-11	-6.013158e+00	-3.720849e+00
4.510000e-06	-9.642465e-07	-4.462146e-11	-6.267455e+00	-3.810834e+00
4.520000e-06	-1.003311e-06	-4.887582e-11	-6.521369e+00	-3.909511e+00
4.530000e-06	-1.042245e-06	-5.474750e-11	-6.774436e+00	-4.018211e+00
4.540000e-06	-1.081038e-06	-5.397675e-11	-7.026579e+00	-4.136587e+00
4.550000e-06	-1.119649e-06	-5.446761e-11	-7.277545e+00	-4.262642e+00
4.560000e-06	-1.157997e-06	-6.113759e-11	-7.526802e+00	-4.392987e+00
4.570000e-06	-1.196027e-06	-6.765877e-11	-7.773992e+00	-4.523278e+00
4.580000e-06	-1.233770e-06	-7.080987e-11	-8.019317e+00	-4.648784e+00
4.590000e-06	-1.271292e-06	-7.216961e-11	-8.263206e+00	-4.765000e+00
4.600000e-06	-1.308577e-06	-7.206054e-11	-8.505547e+00	-4.868232e+00
4.610000e-06	-1.345543e-06	-7.161738e-11	-8.745826e+00	-4.956069e+00
4.620000e-06	-1.382244e-06	-6.987696e-11	-8.984376e+00	-5.027692e+00
4.630000e-06	-1.418766e-06	-7.076612e-11	-9.221764e+00	-5.083972e+00
4.640000e-06	-1.455059e-06	-7.594856e-11	-9.457663e+00	-5.127364e+00
4.650000e-06	-1.491048e-06	-8.125248e-11	-9.691584e+00	-5.161598e+00
4.660000e-06	-1.526850e-06	-8.499199e-11	-9.924292e+00	-5.191230e+00
4.670000e-06	-1.562545e-06	-8.537768e-11	-1.015630e+01	-5.221099e+00
4.680000e-06	-1.598117e-06	-8.488784e-11	-1.038751e+01	-5.255775e+00
4.690000e-06	-1.633570e-06	-8.046066e-11	-1.061796e+01	-5.299060e+00
4.700000e-06	-1.668963e-06	-7.661399e-11	-1.084800e+01	-5.353608e+00
4.710000e-06	-1.704280e-06	-7.718024e-11	-1.107756e+01	-5.420698e+00
4.720000e-06	-1.739462e-06	-8.091106e-11	-1.130624e+01	-5.500199e+00
4.730000e-06	-1.774482e-06	-8.539683e-11	-1.153386e+01	-5.590697e+00
4.740000e-06	-1.809285e-06	-9.155205e-11	-1.176008e+01	-5.689774e+00
4.750000e-06	-1.843845e-06	-9.905597e-11	-1.198471e+01	-5.794389e+00
4.760000e-06	-1.878146e-06	-1.047048e-10	-1.220766e+01	-5.901299e+00
4.770000e-06	-1.912183e-06	-1.038230e-10	-1.242889e+01	-6.007469e+00
4.780000e-06	-1.945949e-06	-1.006544e-10	-1.264837e+01	-6.110415e+00
4.790000e-06	-1.979515e-06	-1.029224e-10	-1.286654e+01	-6.208425e+00
4.800000e-06	-2.012875e-06	-1.091396e-10	-1.308338e+01	-6.300671e+00
4.810000e-06	-2.046038e-06	-1.138450e-10	-1.329894e+01	-6.387161e+00
4.820000e-06	-2.078991e-06	-1.163682e-10	-1.351313e+01	-6.468595e+00
4.830000e-06	-2.111607e-06	-1.211173e-10	-1.372512e+01	-6.546123e+00
4.840000e-06	-2.143865e-06	-1.252081e-10	-1.393480e+01	-6.621066e+00
4.850000e-06	-2.175862e-06	-1.263498e-10	-1.414277e+01	-6.694643e+00
4.860000e-06	-2.207640e-06	-1.248682e-10	-1.434932e+01	-6.767741e+00
4.870000e-06	-2.239260e-06	-1.260592e-10	-1.455485e+01	-6.840771e+00
4.880000e-06	-2.270778e-06	-1.283926e-10	-1.475971e+01	-6.913619e+00
4.890000e-06	-2.302096e-06	-1.304231e-10	-1.496327e+01	-6.985696e+00
4.900000e-06	-2.333238e-06	-1.328649e-10	-1.516569e+01	-7.056082e+00
4.910000e-06	-2.364087e-06	-1.365383e-10	-1.536620e+01	-7.123724e+00
4.920000e-06	-2.394481e-06	-1.396515e-10	-1.556376e+01	-7.187660e+00
4.930000e-06	-2.424424e-06	-1.392634e-10	-1.575838e+01	-7.247231e+00
4.940000e-06	-2.453986e-06	-1.385654e-10	-1.595053e+01	-7.302244e+00
4.950000e-06	-2.483112e-06	-1.410502e-10	-1.613985e+01	-7.353055e+00
4.960000e-06	-2.511657e-06	-1.455517e-10	-1.632539e+01	-7.400572e+00
4.970000e-06	-2.539833e-06	-1.471147e-10	-1.650853e+01	-7.446162e+00
4.980000e-06	-2.567737e-06	-1.481159e-10	-1.668990e+01	-7.491485e+00
4.990000e-06	-2.595356e-06	-1.515257e-10	-1.686941e+01	-7.538284e+00
5.000000e-06	-2.622847e-06	-1.560589e-10	-1.704810e+01	-7.588154e+00
5.010000e-06	-2.650193e-06	-1.571089e-10	-1.722585e+01	-7.642331e+00
5.020000e-06	-2.677304e-06	-1.571456e-10	-1.740207e+01	-7.701530e+00
5.030000e-06	-2.704092e-06	-1.587594e-10	-1.757619e+01	-7.765856e+00
5.040000e-06	-2.730516e-06	-1.601033e-10	-1.774794e+01	-7.834801e+00
5.050000e-06	-2.756581e-06	-1.608909e-10	-1.791736e+01	-7.907319e+00
5.060000e-06	-2.782316e-06	-1.632221e-10	-1.808463e+01	-7.981980e+00
5.070000e-06	-2.807710e-06	-1.692326e-10	-1.824969e+01	-8.057158e+00
5.080000e-06	-2.832837e-06	-1.733863e-10	-1.841301e+01	-8.131246e+00
5.090000e-06	-2.857637e-06	-1.736121e-10	-1.857420e+01	-8.202849e+00
5.100000e-06	-2.881930e-06	-1.719583e-10	-1.873211e+01	-8.270939e+00
5.110000e-06	-2.905867e-06	-1.716534e-10	-1.888769e+01	-8.334943e+00
5.120000e-06	-2.929575e-06	-1.714889e-10	-1.904179e+01	-8.394758e+00
5.130000e-06	-2.953104e-06	-1.719453e-10	-1.919472e+01	-8.450699e+00
5.140000e-06	-2.976430e-06	-1.747732e-10	-1.934634e+01	-8.503380e+00
5.150000e-06	-2.999472e-06	-1.792113e-10	-1.949611e+01	-8.553567e+00
5.160000e-06	-3.022148e-06	-1.844101e-10	-1.964350e+01	-8.602008e+00
5.170000e-06	-3.044347e-06	-1.872496e-10	-1.978779e+01	-8.649287e+00
5.180000e-06	-3.065940e-06	-1.858290e-10	-1.992814e+01	-8.695715e+00
5.190000e-06	-3.086867e-06	-1.842538e-10	-2.006417e+01	-8.741278e+00
5.200000e-06	-3.107253e-06	-1.842183e-10	-2.019667e+01	-8.785645e+00
5.210000e-06	-3.127234e-06	-1.849051e-10	-2.032654e+01	-8.828240e+00
5.220000e-06	-3.146911e-06	-1.865577e-10	-2.045444e+01	-8.868356e+00
5.230000e-06	-3.166412e-06	-1.880881e-10	-2.058119e+01	-8.905296e+00
5.240000e-06	-3.185688e-06	-1.899413e-10	-2.070649e+01	-8.938515e+00
5.250000e-06	-3.204632e-06	-1.912017e-10	-2.082962e+01	-8.967738e+00
5.260000e-06	-3.223173e-06	-1.918543e-10	-2.095013e+01	-8.993032e+00
5.270000e-06	-3.241269e-06	-1.913696e-10	-2.106775e+01	-9.014823e+00
5.280000e-06	-3.259016e-06	-1.900498e-10	-2.118311e+01	-9.033846e+00
5.290000e-06	-3.276450e-06	-1.906125e-10	-2.129643e+01	-9.051049e+00
5.300000e-06	-3.293593e-06	-1.917944e-10	-2.140785e+01	-9.067446e+00
5.310000e-06	-3.310340e-06	-1.927345e-10	-2.151670e+01	-9.083963e+00
5.320000e-06	-3.326638e-06	-1.919115e-10	-2.162264e+01	-9.101284e+00
5.330000e-06	-3.342559e-06	-1.912735e-10	-2.172612e+01	-9.119728e+00
5.340000e-06	-3.358152e-06	-1.894263e-10	-2.182747e+01	-9.139183e+00
5.350000e-06	-3.373478e-06	-1.882838e-10	-2.192709e+01	-9.159098e+00
5.360000e-06	-3.388506e-06	-1.916863e-10	-2.202477e+01	-9.178535e+00
5.370000e-06	-3.403173e-06	-1.965586e-10	-2.212010e+01	-9.196290e+00
5.380000e-06	-3.417074e-06	-1.992531e-10	-2.221046e+01	-9.211046e+00
5.390000e-06	-3.430199e-06	-1.997674e-10	-2.229577e+01	-9.221545e+00
5.400000e-06	-3.442722e-06	-1.996306e-10	-2.237716e+01	-9.226758e+00
5.410000e-06	-3.454679e-06	-1.985167e-10	-2.245489e+01	-9.226023e+00
5.420000e-06	-3.466325e-06	-1.971839e-10	-2.253058e+01	-9.219136e+00
5.430000e-06	-3.477682e-06	-1.970753e-10	-2.260440e+01	-9.206374e+00
5.440000e-06	-3.488591e-06	-1.983872e-10	-2.267531e+01	-9.188469e+00
5.450000e-06	-3.498957e-06	-2.002772e-10	-2.274268e+01	-9.166513e+00
5.460000e-06	-3.508959e-06	-2.032053e-10	-2.280770e+01	-9.141834e+00
5.470000e-06	-3.518618e-06	-2.035377e-10	-2.287048e+01	-9.115844e+00
5.480000e-06	-3.527890e-06	-2.014375e-10	-2.293075e+01	-9.089897e+00
5.490000e-06	-3.536714e-06	-1.985566e-10	-2.298810e+01	-9.065163e+00
5.500000e-06	-3.545019e-06	-1.960246e-10	-2.304208e+01	-9.042547e+00
5.510000e-06	-3.552944e-06	-1.948118e-10	-2.309359e+01	-9.022656e+00
5.520000e-06	-3.560605e-06	-1.939181e-10	-2.314339e+01	-9.005808e+00
5.530000e-06	-3.568038e-06	-1.949028e-10	-2.319170e+01	-8.992085e+00
5.540000e-06	-3.575192e-06	-1.952120e-10	-2.323820e+01	-8.981413e+00
5.550000e-06	-3.581885e-06	-1.937139e-10	-2.328170e+01	-8.973645e+00
5.560000e-06	-3.587925e-06	-1.949149e-10	-2.332097e+01	-8.968629e+00
5.570000e-06	-3.593218e-06	-1.961616e-10	-2.335537e+01	-8.966254e+00
5.580000e-06	-3.597830e-06	-1.968935e-10	-2.338535e+01	-8.966457e+00
5.590000e-06	-3.601937e-06	-1.965408e-10	-2.341204e+01	-8.969188e+00
5.600000e-06	-3.605677e-06	-1.964462e-10	-2.343635e+01	-8.974348e+00
5.610000e-06	-3.609219e-06	-1.969357e-10	-2.345937e+01	-8.981707e+00
5.620000e-06	-3.612481e-06	-1.938978e-10	-2.348057e+01	-8.990825e+00
5.630000e-06	-3.615347e-06	-1.907853e-10	-2.349920e+01	-9.000996e+00
5.640000e-06	-3.617772e-06	-1.910440e-10	-2.351497e+01	-9.011238e+00
5.650000e-06	-3.619760e-06	-1.931596e-10	-2.352788e+01	-9.020334e+00
5.660000e-06	-3.621412e-06	-1.965566e-10	-2.353862e+01	-9.026935e+00
5.670000e-06	-3.622637e-06	-2.014589e-10	-2.354659e+01	-9.029717e+00
5.680000e-06	-3.623410e-06	-2.056842e-10	-2.355161e+01	-9.027569e+00
5.690000e-06	-3.623762e-06	-2.059026e-10	-2.355390e+01	-9.019797e+00
