# Temperatura_=_20.0
# Concentracion g/m^3_=_12000.0
# C_Vs_to_Am_M_A/Vsm_=_59384043850.047264
# pendiente_HvsI_1/m_=_3716.3
# ordenada_HvsI_A/m_=_1297.0
# frecuencia_Hz_=_175590.63691911811

Tiempo_(s)	Campo_(V.s)	Magnetizacion_(V.s)	Campo_(kA/m)	Magnetizacion_(A/m)
0.000000e+00	-3.631481e-06	-3.926973e-09	-2.355531e+01	-2.309263e+02
1.000000e-08	-3.631325e-06	-3.929041e-09	-2.355429e+01	-2.312432e+02
2.000000e-08	-3.630864e-06	-3.930108e-09	-2.355131e+01	-2.315386e+02
3.000000e-08	-3.630219e-06	-3.929865e-09	-2.354712e+01	-2.318185e+02
4.000000e-08	-3.629279e-06	-3.937698e-09	-2.354103e+01	-2.320886e+02
5.000000e-08	-3.627920e-06	-3.946999e-09	-2.353221e+01	-2.323532e+02
6.000000e-08	-3.625948e-06	-3.951060e-09	-2.351942e+01	-2.326157e+02
7.000000e-08	-3.623305e-06	-3.962429e-09	-2.350228e+01	-2.328771e+02
8.000000e-08	-3.619974e-06	-4.010277e-09	-2.348067e+01	-2.331369e+02
9.000000e-08	-3.615957e-06	-3.967486e-09	-2.345462e+01	-2.333925e+02
1.000000e-07	-3.611534e-06	-3.775305e-09	-2.342593e+01	-2.336402e+02
1.100000e-07	-3.606900e-06	-3.841689e-09	-2.339587e+01	-2.338750e+02
1.200000e-07	-3.602056e-06	-4.155636e-09	-2.336445e+01	-2.340915e+02
1.300000e-07	-3.596827e-06	-4.152033e-09	-2.333053e+01	-2.342846e+02
1.400000e-07	-3.591022e-06	-3.739212e-09	-2.329288e+01	-2.344497e+02
1.500000e-07	-3.584812e-06	-3.796576e-09	-2.325259e+01	-2.345839e+02
1.600000e-07	-3.578292e-06	-4.216356e-09	-2.321031e+01	-2.346855e+02
1.700000e-07	-3.571211e-06	-3.949430e-09	-2.316437e+01	-2.347546e+02
1.800000e-07	-3.563534e-06	-3.704805e-09	-2.311457e+01	-2.347930e+02
1.900000e-07	-3.555626e-06	-3.847120e-09	-2.306328e+01	-2.348039e+02
2.000000e-07	-3.547551e-06	-4.011078e-09	-2.301091e+01	-2.347914e+02
2.100000e-07	-3.539086e-06	-3.884532e-09	-2.295600e+01	-2.347598e+02
2.200000e-07	-3.530255e-06	-4.003049e-09	-2.289871e+01	-2.347133e+02
2.300000e-07	-3.521077e-06	-3.944821e-09	-2.283918e+01	-2.346551e+02
2.400000e-07	-3.511205e-06	-3.630996e-09	-2.277515e+01	-2.345871e+02
2.500000e-07	-3.500547e-06	-3.998342e-09	-2.270602e+01	-2.345093e+02
2.600000e-07	-3.489402e-06	-4.156728e-09	-2.263373e+01	-2.344198e+02
2.700000e-07	-3.477812e-06	-3.730679e-09	-2.255855e+01	-2.343150e+02
2.800000e-07	-3.465658e-06	-3.636520e-09	-2.247971e+01	-2.341894e+02
2.900000e-07	-3.453026e-06	-4.139027e-09	-2.239777e+01	-2.340365e+02
3.000000e-07	-3.440006e-06	-4.035918e-09	-2.231332e+01	-2.338495e+02
3.100000e-07	-3.426538e-06	-3.637082e-09	-2.222596e+01	-2.336216e+02
3.200000e-07	-3.412618e-06	-3.721696e-09	-2.213567e+01	-2.333467e+02
3.300000e-07	-3.398267e-06	-4.012506e-09	-2.204259e+01	-2.330208e+02
3.400000e-07	-3.383548e-06	-3.942727e-09	-2.194711e+01	-2.326413e+02
3.500000e-07	-3.368387e-06	-3.716731e-09	-2.184877e+01	-2.322082e+02
3.600000e-07	-3.352502e-06	-3.741676e-09	-2.174574e+01	-2.317237e+02
3.700000e-07	-3.335869e-06	-3.935679e-09	-2.163784e+01	-2.311922e+02
3.800000e-07	-3.318785e-06	-3.888327e-09	-2.152703e+01	-2.306198e+02
3.900000e-07	-3.301358e-06	-3.685884e-09	-2.141399e+01	-2.300137e+02
4.000000e-07	-3.283581e-06	-3.756290e-09	-2.129868e+01	-2.293814e+02
4.100000e-07	-3.265468e-06	-3.839945e-09	-2.118119e+01	-2.287302e+02
4.200000e-07	-3.247069e-06	-3.812945e-09	-2.106185e+01	-2.280666e+02
4.300000e-07	-3.228323e-06	-3.734660e-09	-2.094025e+01	-2.273952e+02
4.400000e-07	-3.209153e-06	-3.695798e-09	-2.081591e+01	-2.267189e+02
4.500000e-07	-3.189505e-06	-3.737981e-09	-2.068847e+01	-2.260385e+02
4.600000e-07	-3.169442e-06	-3.792954e-09	-2.055833e+01	-2.253527e+02
4.700000e-07	-3.149118e-06	-3.680433e-09	-2.042650e+01	-2.246583e+02
4.800000e-07	-3.128577e-06	-3.632328e-09	-2.029326e+01	-2.239512e+02
4.900000e-07	-3.107817e-06	-3.727273e-09	-2.015860e+01	-2.232260e+02
5.000000e-07	-3.086696e-06	-3.728792e-09	-2.002161e+01	-2.224776e+02
5.100000e-07	-3.065211e-06	-3.621677e-09	-1.988224e+01	-2.217012e+02
5.200000e-07	-3.043433e-06	-3.593004e-09	-1.974098e+01	-2.208927e+02
5.300000e-07	-3.021250e-06	-3.645745e-09	-1.959709e+01	-2.200499e+02
5.400000e-07	-2.998700e-06	-3.651660e-09	-1.945083e+01	-2.191715e+02
5.500000e-07	-2.975863e-06	-3.578641e-09	-1.930269e+01	-2.182581e+02
5.600000e-07	-2.952682e-06	-3.543612e-09	-1.915233e+01	-2.173115e+02
5.700000e-07	-2.929043e-06	-3.593482e-09	-1.899900e+01	-2.163344e+02
5.800000e-07	-2.905051e-06	-3.603591e-09	-1.884338e+01	-2.153302e+02
5.900000e-07	-2.880855e-06	-3.515186e-09	-1.868644e+01	-2.143023e+02
6.000000e-07	-2.856441e-06	-3.469802e-09	-1.852807e+01	-2.132538e+02
6.100000e-07	-2.831859e-06	-3.519038e-09	-1.836862e+01	-2.121871e+02
6.200000e-07	-2.806997e-06	-3.519416e-09	-1.820736e+01	-2.111036e+02
6.300000e-07	-2.781707e-06	-3.442432e-09	-1.804332e+01	-2.100037e+02
6.400000e-07	-2.755867e-06	-3.410517e-09	-1.787571e+01	-2.088869e+02
6.500000e-07	-2.729403e-06	-3.452379e-09	-1.770405e+01	-2.077518e+02
6.600000e-07	-2.702329e-06	-3.456214e-09	-1.752844e+01	-2.065963e+02
6.700000e-07	-2.674806e-06	-3.387803e-09	-1.734991e+01	-2.054184e+02
6.800000e-07	-2.646948e-06	-3.338237e-09	-1.716922e+01	-2.042160e+02
6.900000e-07	-2.618784e-06	-3.366041e-09	-1.698653e+01	-2.029875e+02
7.000000e-07	-2.590417e-06	-3.366667e-09	-1.680253e+01	-2.017319e+02
7.100000e-07	-2.561891e-06	-3.304312e-09	-1.661750e+01	-2.004490e+02
7.200000e-07	-2.533212e-06	-3.257826e-09	-1.643147e+01	-1.991390e+02
7.300000e-07	-2.504248e-06	-3.284124e-09	-1.624360e+01	-1.978030e+02
7.400000e-07	-2.474916e-06	-3.285136e-09	-1.605335e+01	-1.964420e+02
7.500000e-07	-2.445306e-06	-3.227633e-09	-1.586128e+01	-1.950573e+02
7.600000e-07	-2.415350e-06	-3.180993e-09	-1.566698e+01	-1.936499e+02
7.700000e-07	-2.385060e-06	-3.195469e-09	-1.547050e+01	-1.922204e+02
7.800000e-07	-2.354593e-06	-3.195891e-09	-1.527288e+01	-1.907687e+02
7.900000e-07	-2.323933e-06	-3.140650e-09	-1.507400e+01	-1.892943e+02
8.000000e-07	-2.293064e-06	-3.091667e-09	-1.487377e+01	-1.877958e+02
8.100000e-07	-2.261829e-06	-3.093951e-09	-1.467117e+01	-1.862718e+02
8.200000e-07	-2.230223e-06	-3.091164e-09	-1.446616e+01	-1.847205e+02
8.300000e-07	-2.198364e-06	-3.034413e-09	-1.425951e+01	-1.831404e+02
8.400000e-07	-2.166339e-06	-2.988420e-09	-1.405178e+01	-1.815306e+02
8.500000e-07	-2.134198e-06	-2.992170e-09	-1.384331e+01	-1.798908e+02
8.600000e-07	-2.101863e-06	-2.993497e-09	-1.363357e+01	-1.782216e+02
8.700000e-07	-2.069364e-06	-2.943561e-09	-1.342276e+01	-1.765244e+02
8.800000e-07	-2.036733e-06	-2.892445e-09	-1.321110e+01	-1.748016e+02
8.900000e-07	-2.003966e-06	-2.878256e-09	-1.299856e+01	-1.730561e+02
9.000000e-07	-1.970887e-06	-2.872417e-09	-1.278400e+01	-1.712909e+02
9.100000e-07	-1.937474e-06	-2.825002e-09	-1.256727e+01	-1.695091e+02
9.200000e-07	-1.903894e-06	-2.775132e-09	-1.234945e+01	-1.677132e+02
9.300000e-07	-1.870003e-06	-2.759015e-09	-1.212963e+01	-1.659051e+02
9.400000e-07	-1.835691e-06	-2.755484e-09	-1.190706e+01	-1.640855e+02
9.500000e-07	-1.800869e-06	-2.717233e-09	-1.168119e+01	-1.622539e+02
9.600000e-07	-1.765525e-06	-2.668948e-09	-1.145194e+01	-1.604089e+02
9.700000e-07	-1.729905e-06	-2.650470e-09	-1.122089e+01	-1.585479e+02
9.800000e-07	-1.694118e-06	-2.640485e-09	-1.098876e+01	-1.566680e+02
9.900000e-07	-1.658126e-06	-2.598480e-09	-1.075530e+01	-1.547657e+02
1.000000e-06	-1.621892e-06	-2.545161e-09	-1.052027e+01	-1.528380e+02
1.010000e-06	-1.585503e-06	-2.519921e-09	-1.028424e+01	-1.508822e+02
1.020000e-06	-1.549062e-06	-2.503732e-09	-1.004787e+01	-1.488965e+02
1.030000e-06	-1.512562e-06	-2.463833e-09	-9.811111e+00	-1.468803e+02
1.040000e-06	-1.475936e-06	-2.414240e-09	-9.573543e+00	-1.448340e+02
1.050000e-06	-1.439215e-06	-2.389387e-09	-9.335352e+00	-1.427592e+02
1.060000e-06	-1.402423e-06	-2.375791e-09	-9.096704e+00	-1.406581e+02
1.070000e-06	-1.365457e-06	-2.340327e-09	-8.856926e+00	-1.385336e+02
1.080000e-06	-1.328246e-06	-2.289583e-09	-8.615561e+00	-1.363886e+02
1.090000e-06	-1.290903e-06	-2.255218e-09	-8.373341e+00	-1.342255e+02
1.100000e-06	-1.253541e-06	-2.229072e-09	-8.130992e+00	-1.320464e+02
1.110000e-06	-1.215959e-06	-2.189139e-09	-7.887218e+00	-1.298523e+02
1.120000e-06	-1.178072e-06	-2.136602e-09	-7.641469e+00	-1.276435e+02
1.130000e-06	-1.140116e-06	-2.103333e-09	-7.395270e+00	-1.254191e+02
1.140000e-06	-1.102016e-06	-2.083385e-09	-7.148135e+00	-1.231776e+02
1.150000e-06	-1.063715e-06	-2.047645e-09	-6.899703e+00	-1.209171e+02
1.160000e-06	-1.025353e-06	-1.995189e-09	-6.650872e+00	-1.186358e+02
1.170000e-06	-9.869204e-07	-1.956180e-09	-6.401580e+00	-1.163320e+02
1.180000e-06	-9.483685e-07	-1.930240e-09	-6.151516e+00	-1.140048e+02
1.190000e-06	-9.096337e-07	-1.892875e-09	-5.900265e+00	-1.116543e+02
1.200000e-06	-8.707741e-07	-1.843744e-09	-5.648206e+00	-1.092814e+02
1.210000e-06	-8.318813e-07	-1.803269e-09	-5.395931e+00	-1.068884e+02
1.220000e-06	-7.929291e-07	-1.774440e-09	-5.143271e+00	-1.044779e+02
1.230000e-06	-7.539331e-07	-1.734985e-09	-4.890326e+00	-1.020531e+02
1.240000e-06	-7.149110e-07	-1.683434e-09	-4.637213e+00	-9.961750e+01
1.250000e-06	-6.757389e-07	-1.641613e-09	-4.383126e+00	-9.717373e+01
1.260000e-06	-6.363650e-07	-1.610016e-09	-4.127730e+00	-9.472380e+01
1.270000e-06	-5.969383e-07	-1.572234e-09	-3.871992e+00	-9.226851e+01
1.280000e-06	-5.574891e-07	-1.527329e-09	-3.616108e+00	-8.980731e+01
1.290000e-06	-5.179612e-07	-1.485539e-09	-3.359713e+00	-8.733830e+01
1.300000e-06	-4.783501e-07	-1.450250e-09	-3.102780e+00	-8.485843e+01
1.310000e-06	-4.385775e-07	-1.406633e-09	-2.844797e+00	-8.236380e+01
1.320000e-06	-3.987462e-07	-1.355370e-09	-2.586435e+00	-7.985021e+01
1.330000e-06	-3.589535e-07	-1.309795e-09	-2.328323e+00	-7.731357e+01
1.340000e-06	-3.191043e-07	-1.273306e-09	-2.069844e+00	-7.475055e+01
1.350000e-06	-2.791969e-07	-1.234820e-09	-1.810988e+00	-7.215890e+01
1.360000e-06	-2.392650e-07	-1.190902e-09	-1.551973e+00	-6.953789e+01
1.370000e-06	-1.993536e-07	-1.149236e-09	-1.293091e+00	-6.688832e+01
1.380000e-06	-1.594541e-07	-1.109574e-09	-1.034286e+00	-6.421254e+01
1.390000e-06	-1.194688e-07	-1.062475e-09	-7.749247e-01	-6.151413e+01
1.400000e-06	-7.943120e-08	-1.008810e-09	-5.152241e-01	-5.879749e+01
1.410000e-06	-3.948840e-08	-9.607444e-10	-2.561383e-01	-5.606730e+01
1.420000e-06	4.643870e-10	-9.190489e-10	3.012209e-03	-5.332793e+01
1.430000e-06	4.049869e-08	-8.788120e-10	2.626915e-01	-5.058292e+01
1.440000e-06	8.054242e-08	-8.320228e-10	5.224319e-01	-4.783449e+01
1.450000e-06	1.205684e-07	-7.869807e-10	7.820573e-01	-4.508332e+01
1.460000e-06	1.605158e-07	-7.437356e-10	1.041173e+00	-4.232842e+01
1.470000e-06	2.004491e-07	-6.970864e-10	1.300197e+00	-3.956732e+01
1.480000e-06	2.403892e-07	-6.485453e-10	1.559265e+00	-3.679636e+01
1.490000e-06	2.803402e-07	-6.020419e-10	1.818404e+00	-3.401119e+01
1.500000e-06	3.202547e-07	-5.591728e-10	2.077306e+00	-3.120737e+01
1.510000e-06	3.600549e-07	-5.130737e-10	2.335467e+00	-2.838093e+01
1.520000e-06	3.998242e-07	-4.637135e-10	2.593427e+00	-2.552895e+01
1.530000e-06	4.395343e-07	-4.154149e-10	2.851004e+00	-2.264990e+01
1.540000e-06	4.792467e-07	-3.714985e-10	3.108595e+00	-1.974397e+01
1.550000e-06	5.189492e-07	-3.237137e-10	3.366122e+00	-1.681300e+01
1.560000e-06	5.584181e-07	-2.719414e-10	3.622134e+00	-1.386035e+01
1.570000e-06	5.976881e-07	-2.196902e-10	3.876856e+00	-1.089052e+01
1.580000e-06	6.369012e-07	-1.726581e-10	4.131208e+00	-7.908682e+00
1.590000e-06	6.761211e-07	-1.253854e-10	4.385605e+00	-4.920073e+00
1.600000e-06	7.152992e-07	-7.533156e-11	4.639731e+00	-1.929494e+00
1.610000e-06	7.543774e-07	-2.614287e-11	4.893208e+00	1.059170e+00
1.620000e-06	7.933288e-07	2.155317e-11	5.145864e+00	4.043274e+00
1.630000e-06	8.321498e-07	7.397503e-11	5.397673e+00	7.021551e+00
1.640000e-06	8.709110e-07	1.311755e-10	5.649094e+00	9.994052e+00
1.650000e-06	9.096020e-07	1.819051e-10	5.900060e+00	1.296191e+01
1.660000e-06	9.481812e-07	2.280882e-10	6.150301e+00	1.592694e+01
1.670000e-06	9.867120e-07	2.766389e-10	6.400228e+00	1.889116e+01
1.680000e-06	1.025162e-06	3.265528e-10	6.649632e+00	2.185631e+01
1.690000e-06	1.063484e-06	3.738395e-10	6.898204e+00	2.482334e+01
1.700000e-06	1.101662e-06	4.201440e-10	7.145844e+00	2.779211e+01
1.710000e-06	1.139665e-06	4.700332e-10	7.392343e+00	3.076120e+01
1.720000e-06	1.177601e-06	5.255939e-10	7.638413e+00	3.372789e+01
1.730000e-06	1.215423e-06	5.787742e-10	7.883746e+00	3.668835e+01
1.740000e-06	1.252972e-06	6.283036e-10	8.127299e+00	3.963799e+01
1.750000e-06	1.290311e-06	6.787529e-10	8.369495e+00	4.257195e+01
1.760000e-06	1.327565e-06	7.297365e-10	8.611146e+00	4.548558e+01
1.770000e-06	1.364704e-06	7.779924e-10	8.852042e+00	4.837497e+01
1.780000e-06	1.401642e-06	8.224540e-10	9.091636e+00	5.123736e+01
1.790000e-06	1.438412e-06	8.682955e-10	9.330142e+00	5.407142e+01
1.800000e-06	1.475089e-06	9.193022e-10	9.568044e+00	5.687737e+01
1.810000e-06	1.511717e-06	9.697797e-10	9.805630e+00	5.965692e+01
1.820000e-06	1.548274e-06	1.016220e-09	1.004276e+01	6.241300e+01
1.830000e-06	1.584755e-06	1.062879e-09	1.027938e+01	6.514936e+01
1.840000e-06	1.621087e-06	1.111785e-09	1.051505e+01	6.787010e+01
1.850000e-06	1.657208e-06	1.159179e-09	1.074935e+01	7.057915e+01
1.860000e-06	1.693208e-06	1.202256e-09	1.098286e+01	7.327980e+01
1.870000e-06	1.729053e-06	1.247034e-09	1.121536e+01	7.597434e+01
1.880000e-06	1.764571e-06	1.293852e-09	1.144575e+01	7.866377e+01
1.890000e-06	1.799705e-06	1.340698e-09	1.167364e+01	8.134778e+01
1.900000e-06	1.834452e-06	1.384847e-09	1.189903e+01	8.402480e+01
1.910000e-06	1.868903e-06	1.427859e-09	1.212249e+01	8.669229e+01
1.920000e-06	1.903005e-06	1.475679e-09	1.234369e+01	8.934704e+01
1.930000e-06	1.936669e-06	1.525673e-09	1.256204e+01	9.198564e+01
1.940000e-06	1.969974e-06	1.571777e-09	1.277808e+01	9.460481e+01
1.950000e-06	2.002985e-06	1.613128e-09	1.299220e+01	9.720184e+01
1.960000e-06	2.035761e-06	1.656266e-09	1.320480e+01	9.977479e+01
1.970000e-06	2.068371e-06	1.699214e-09	1.341632e+01	1.023226e+02
1.980000e-06	2.100864e-06	1.739514e-09	1.362709e+01	1.048453e+02
1.990000e-06	2.133251e-06	1.779380e-09	1.383716e+01	1.073433e+02
2.000000e-06	2.165510e-06	1.821771e-09	1.404640e+01	1.098178e+02
2.010000e-06	2.197503e-06	1.866290e-09	1.425393e+01	1.122703e+02
2.020000e-06	2.229185e-06	1.909109e-09	1.445943e+01	1.147018e+02
2.030000e-06	2.260584e-06	1.949473e-09	1.466309e+01	1.171134e+02
2.040000e-06	2.291621e-06	1.992332e-09	1.486442e+01	1.195053e+02
2.050000e-06	2.322345e-06	2.035585e-09	1.506370e+01	1.218771e+02
2.060000e-06	2.352910e-06	2.074560e-09	1.526196e+01	1.242278e+02
2.070000e-06	2.383306e-06	2.110928e-09	1.545912e+01	1.265560e+02
2.080000e-06	2.413446e-06	2.148355e-09	1.565462e+01	1.288599e+02
2.090000e-06	2.443262e-06	2.187188e-09	1.584803e+01	1.311380e+02
2.100000e-06	2.472820e-06	2.223829e-09	1.603975e+01	1.333889e+02
2.110000e-06	2.502120e-06	2.260590e-09	1.622980e+01	1.356119e+02
2.120000e-06	2.531082e-06	2.300555e-09	1.641766e+01	1.378072e+02
2.130000e-06	2.559761e-06	2.340676e-09	1.660368e+01	1.399756e+02
2.140000e-06	2.588256e-06	2.376552e-09	1.678851e+01	1.421188e+02
2.150000e-06	2.616659e-06	2.410142e-09	1.697275e+01	1.442390e+02
2.160000e-06	2.644891e-06	2.445929e-09	1.715587e+01	1.463387e+02
2.170000e-06	2.672862e-06	2.482151e-09	1.733731e+01	1.484204e+02
2.180000e-06	2.700424e-06	2.515395e-09	1.751609e+01	1.504861e+02
2.190000e-06	2.727461e-06	2.548589e-09	1.769146e+01	1.525372e+02
2.200000e-06	2.753872e-06	2.583582e-09	1.786277e+01	1.545739e+02
2.210000e-06	2.779709e-06	2.621831e-09	1.803036e+01	1.565956e+02
2.220000e-06	2.805008e-06	2.658308e-09	1.819446e+01	1.586004e+02
2.230000e-06	2.829842e-06	2.692677e-09	1.835554e+01	1.605858e+02
2.240000e-06	2.854477e-06	2.727488e-09	1.851534e+01	1.625483e+02
2.250000e-06	2.878882e-06	2.763561e-09	1.867364e+01	1.644847e+02
2.260000e-06	2.902988e-06	2.797437e-09	1.883000e+01	1.663914e+02
2.270000e-06	2.926773e-06	2.826012e-09	1.898428e+01	1.682659e+02
2.280000e-06	2.950259e-06	2.853675e-09	1.913662e+01	1.701062e+02
2.290000e-06	2.973407e-06	2.882853e-09	1.928676e+01	1.719117e+02
2.300000e-06	2.996123e-06	2.914763e-09	1.943411e+01	1.736828e+02
2.310000e-06	3.018554e-06	2.946462e-09	1.957961e+01	1.754210e+02
2.320000e-06	3.040750e-06	2.976354e-09	1.972358e+01	1.771288e+02
2.330000e-06	3.062590e-06	3.006888e-09	1.986525e+01	1.788090e+02
2.340000e-06	3.083936e-06	3.037097e-09	2.000370e+01	1.804650e+02
2.350000e-06	3.104901e-06	3.064086e-09	2.013969e+01	1.820994e+02
2.360000e-06	3.125676e-06	3.088153e-09	2.027444e+01	1.837145e+02
2.370000e-06	3.146185e-06	3.111570e-09	2.040748e+01	1.853115e+02
2.380000e-06	3.166492e-06	3.139911e-09	2.053920e+01	1.868906e+02
2.390000e-06	3.186515e-06	3.170453e-09	2.066908e+01	1.884506e+02
2.400000e-06	3.206152e-06	3.196805e-09	2.079645e+01	1.899897e+02
2.410000e-06	3.225376e-06	3.221710e-09	2.092114e+01	1.915050e+02
2.420000e-06	3.244023e-06	3.249876e-09	2.104209e+01	1.929935e+02
2.430000e-06	3.262271e-06	3.277001e-09	2.116046e+01	1.944522e+02
2.440000e-06	3.280200e-06	3.300301e-09	2.127675e+01	1.958784e+02
2.450000e-06	3.297739e-06	3.323616e-09	2.139052e+01	1.972705e+02
2.460000e-06	3.314981e-06	3.348646e-09	2.150235e+01	1.986278e+02
2.470000e-06	3.331875e-06	3.372116e-09	2.161194e+01	1.999508e+02
2.480000e-06	3.348346e-06	3.393938e-09	2.171877e+01	2.012412e+02
2.490000e-06	3.364245e-06	3.415578e-09	2.182190e+01	2.025013e+02
2.500000e-06	3.379618e-06	3.436665e-09	2.192162e+01	2.037344e+02
2.510000e-06	3.394500e-06	3.457121e-09	2.201815e+01	2.049436e+02
2.520000e-06	3.408959e-06	3.478676e-09	2.211194e+01	2.061320e+02
2.530000e-06	3.423099e-06	3.500912e-09	2.220366e+01	2.073017e+02
2.540000e-06	3.436782e-06	3.522924e-09	2.229241e+01	2.084540e+02
2.550000e-06	3.449981e-06	3.544491e-09	2.237803e+01	2.095889e+02
2.560000e-06	3.462821e-06	3.563435e-09	2.246131e+01	2.107049e+02
2.570000e-06	3.475377e-06	3.581245e-09	2.254275e+01	2.117995e+02
2.580000e-06	3.487490e-06	3.598372e-09	2.262132e+01	2.128692e+02
2.590000e-06	3.498971e-06	3.614064e-09	2.269579e+01	2.139103e+02
2.600000e-06	3.509778e-06	3.628734e-09	2.276589e+01	2.149186e+02
2.610000e-06	3.519953e-06	3.643539e-09	2.283189e+01	2.158908e+02
2.620000e-06	3.529478e-06	3.658253e-09	2.289367e+01	2.168243e+02
2.630000e-06	3.538466e-06	3.674680e-09	2.295198e+01	2.177180e+02
2.640000e-06	3.547174e-06	3.690113e-09	2.300846e+01	2.185723e+02
2.650000e-06	3.555675e-06	3.704035e-09	2.306360e+01	2.193890e+02
2.660000e-06	3.563851e-06	3.716046e-09	2.311663e+01	2.201716e+02
2.670000e-06	3.571616e-06	3.726232e-09	2.316700e+01	2.209244e+02
2.680000e-06	3.578895e-06	3.734021e-09	2.321421e+01	2.216527e+02
2.690000e-06	3.585669e-06	3.742337e-09	2.325815e+01	2.223617e+02
2.700000e-06	3.592069e-06	3.754737e-09	2.329967e+01	2.230561e+02
2.710000e-06	3.598119e-06	3.767314e-09	2.333891e+01	2.237398e+02
2.720000e-06	3.603751e-06	3.781372e-09	2.337544e+01	2.244151e+02
2.730000e-06	3.608885e-06	3.794328e-09	2.340874e+01	2.250828e+02
2.740000e-06	3.613645e-06	3.805263e-09	2.343962e+01	2.257418e+02
2.750000e-06	3.618176e-06	3.812150e-09	2.346901e+01	2.263894e+02
2.760000e-06	3.622454e-06	3.817536e-09	2.349676e+01	2.270215e+02
2.770000e-06	3.626364e-06	3.825733e-09	2.352212e+01	2.276330e+02
2.780000e-06	3.629733e-06	3.833366e-09	2.354397e+01	2.282187e+02
2.790000e-06	3.632374e-06	3.840125e-09	2.356110e+01	2.287735e+02
2.800000e-06	3.634321e-06	3.846723e-09	2.357373e+01	2.292933e+02
2.810000e-06	3.635621e-06	3.854276e-09	2.358216e+01	2.297752e+02
2.820000e-06	3.636452e-06	3.858389e-09	2.358756e+01	2.302181e+02
2.830000e-06	3.637061e-06	3.861723e-09	2.359150e+01	2.306227e+02
2.840000e-06	3.637446e-06	3.866847e-09	2.359400e+01	2.309917e+02
2.850000e-06	3.637569e-06	3.870954e-09	2.359480e+01	2.313293e+02
2.860000e-06	3.637231e-06	3.875958e-09	2.359261e+01	2.316409e+02
2.870000e-06	3.636441e-06	3.883075e-09	2.358748e+01	2.319325e+02
2.880000e-06	3.635267e-06	3.894515e-09	2.357986e+01	2.322100e+02
2.890000e-06	3.633696e-06	3.901377e-09	2.356968e+01	2.324789e+02
2.900000e-06	3.631745e-06	3.905062e-09	2.355702e+01	2.327434e+02
2.910000e-06	3.629328e-06	3.906680e-09	2.354134e+01	2.330061e+02
2.920000e-06	3.626464e-06	3.848671e-09	2.352277e+01	2.332678e+02
2.930000e-06	3.623272e-06	3.862741e-09	2.350206e+01	2.335275e+02
2.940000e-06	3.619701e-06	4.115627e-09	2.347890e+01	2.337822e+02
2.950000e-06	3.615781e-06	4.035225e-09	2.345347e+01	2.340277e+02
2.960000e-06	3.611494e-06	3.690994e-09	2.342566e+01	2.342590e+02
2.970000e-06	3.606794e-06	3.692884e-09	2.339518e+01	2.344707e+02
2.980000e-06	3.601641e-06	4.096812e-09	2.336176e+01	2.346577e+02
2.990000e-06	3.595672e-06	4.088157e-09	2.332304e+01	2.348160e+02
3.000000e-06	3.588879e-06	3.673761e-09	2.327897e+01	2.349427e+02
3.010000e-06	3.581690e-06	3.983731e-09	2.323234e+01	2.350366e+02
3.020000e-06	3.574311e-06	4.236912e-09	2.318448e+01	2.350984e+02
3.030000e-06	3.566583e-06	4.028677e-09	2.313435e+01	2.351302e+02
3.040000e-06	3.558602e-06	3.865395e-09	2.308258e+01	2.351355e+02
3.050000e-06	3.550399e-06	4.080537e-09	2.302937e+01	2.351183e+02
3.060000e-06	3.541615e-06	3.913723e-09	2.297240e+01	2.350832e+02
3.070000e-06	3.532278e-06	3.896660e-09	2.291183e+01	2.350341e+02
3.080000e-06	3.522598e-06	4.340917e-09	2.284905e+01	2.349740e+02
3.090000e-06	3.512498e-06	3.938372e-09	2.278353e+01	2.349042e+02
3.100000e-06	3.501910e-06	3.661947e-09	2.271486e+01	2.348243e+02
3.110000e-06	3.490836e-06	4.186528e-09	2.264303e+01	2.347320e+02
3.120000e-06	3.479428e-06	4.318293e-09	2.256903e+01	2.346232e+02
3.130000e-06	3.467696e-06	3.735594e-09	2.249293e+01	2.344920e+02
3.140000e-06	3.455281e-06	3.922936e-09	2.241240e+01	2.343318e+02
3.150000e-06	3.442135e-06	4.371266e-09	2.232713e+01	2.341358e+02
3.160000e-06	3.428380e-06	4.117775e-09	2.223791e+01	2.338972e+02
3.170000e-06	3.414108e-06	3.799252e-09	2.214533e+01	2.336105e+02
3.180000e-06	3.399271e-06	3.938858e-09	2.204910e+01	2.332719e+02
3.190000e-06	3.383947e-06	4.150901e-09	2.194970e+01	2.328795e+02
3.200000e-06	3.368396e-06	4.112221e-09	2.184883e+01	2.324338e+02
3.210000e-06	3.352573e-06	3.822459e-09	2.174620e+01	2.319377e+02
3.220000e-06	3.336257e-06	3.847523e-09	2.164036e+01	2.313960e+02
3.230000e-06	3.319557e-06	4.216348e-09	2.153204e+01	2.308151e+02
3.240000e-06	3.302575e-06	4.008846e-09	2.142189e+01	2.302022e+02
3.250000e-06	3.285193e-06	3.754213e-09	2.130914e+01	2.295652e+02
3.260000e-06	3.267432e-06	3.937508e-09	2.119394e+01	2.289109e+02
3.270000e-06	3.249309e-06	4.024739e-09	2.107638e+01	2.282456e+02
3.280000e-06	3.230781e-06	3.918964e-09	2.095620e+01	2.275733e+02
3.290000e-06	3.211890e-06	3.853558e-09	2.083366e+01	2.268966e+02
3.300000e-06	3.192689e-06	3.807476e-09	2.070912e+01	2.262156e+02
3.310000e-06	3.173250e-06	3.949770e-09	2.058303e+01	2.255286e+02
3.320000e-06	3.153705e-06	3.943769e-09	2.045625e+01	2.248322e+02
3.330000e-06	3.133926e-06	3.750471e-09	2.032796e+01	2.241216e+02
3.340000e-06	3.113752e-06	3.792495e-09	2.019710e+01	2.233917e+02
3.350000e-06	3.093044e-06	3.897643e-09	2.006278e+01	2.226373e+02
3.360000e-06	3.071652e-06	3.854849e-09	1.992402e+01	2.218537e+02
3.370000e-06	3.049565e-06	3.750342e-09	1.978076e+01	2.210375e+02
3.380000e-06	3.026932e-06	3.710153e-09	1.963395e+01	2.201863e+02
3.390000e-06	3.003883e-06	3.818102e-09	1.948444e+01	2.192997e+02
3.400000e-06	2.980548e-06	3.827916e-09	1.933309e+01	2.183784e+02
3.410000e-06	2.957021e-06	3.677839e-09	1.918048e+01	2.174244e+02
3.420000e-06	2.933293e-06	3.661548e-09	1.902657e+01	2.164408e+02
3.430000e-06	2.909274e-06	3.745339e-09	1.887077e+01	2.154310e+02
3.440000e-06	2.884911e-06	3.739281e-09	1.871274e+01	2.143982e+02
3.450000e-06	2.860182e-06	3.619326e-09	1.855234e+01	2.133456e+02
3.460000e-06	2.835059e-06	3.575025e-09	1.838938e+01	2.122752e+02
3.470000e-06	2.809573e-06	3.670112e-09	1.822407e+01	2.111882e+02
3.480000e-06	2.783779e-06	3.657859e-09	1.805676e+01	2.100848e+02
3.490000e-06	2.757628e-06	3.534997e-09	1.788713e+01	2.089642e+02
3.500000e-06	2.731137e-06	3.512258e-09	1.771530e+01	2.078247e+02
3.510000e-06	2.704339e-06	3.560920e-09	1.754148e+01	2.066644e+02
3.520000e-06	2.677265e-06	3.565290e-09	1.736586e+01	2.054812e+02
3.530000e-06	2.650004e-06	3.458512e-09	1.718904e+01	2.042730e+02
3.540000e-06	2.622534e-06	3.415004e-09	1.701086e+01	2.030384e+02
3.550000e-06	2.594913e-06	3.478873e-09	1.683170e+01	2.017765e+02
3.560000e-06	2.567026e-06	3.469351e-09	1.665081e+01	2.004874e+02
3.570000e-06	2.538755e-06	3.371110e-09	1.646743e+01	1.991714e+02
3.580000e-06	2.510066e-06	3.329885e-09	1.628134e+01	1.978295e+02
3.590000e-06	2.480836e-06	3.368802e-09	1.609175e+01	1.964631e+02
3.600000e-06	2.451053e-06	3.374508e-09	1.589856e+01	1.950732e+02
3.610000e-06	2.420747e-06	3.280799e-09	1.570198e+01	1.936609e+02
3.620000e-06	2.390046e-06	3.233650e-09	1.550284e+01	1.922265e+02
3.630000e-06	2.359095e-06	3.267371e-09	1.530208e+01	1.907698e+02
3.640000e-06	2.327898e-06	3.262455e-09	1.509972e+01	1.892901e+02
3.650000e-06	2.296499e-06	3.188021e-09	1.489606e+01	1.877859e+02
3.660000e-06	2.264973e-06	3.131440e-09	1.469157e+01	1.862558e+02
3.670000e-06	2.233260e-06	3.157760e-09	1.448586e+01	1.846980e+02
3.680000e-06	2.201334e-06	3.154037e-09	1.427877e+01	1.831112e+02
3.690000e-06	2.169162e-06	3.081515e-09	1.407010e+01	1.814945e+02
3.700000e-06	2.136730e-06	3.028221e-09	1.385973e+01	1.798479e+02
3.710000e-06	2.104090e-06	3.036347e-09	1.364801e+01	1.781721e+02
3.720000e-06	2.071145e-06	3.034296e-09	1.343431e+01	1.764689e+02
3.730000e-06	2.037933e-06	2.971919e-09	1.321889e+01	1.747407e+02
3.740000e-06	2.004566e-06	2.914704e-09	1.300246e+01	1.729905e+02
3.750000e-06	1.970993e-06	2.919310e-09	1.278469e+01	1.712214e+02
3.760000e-06	1.937241e-06	2.913000e-09	1.256575e+01	1.694365e+02
3.770000e-06	1.903244e-06	2.855223e-09	1.234524e+01	1.676381e+02
3.780000e-06	1.868942e-06	2.793516e-09	1.212274e+01	1.658276e+02
3.790000e-06	1.834333e-06	2.786670e-09	1.189826e+01	1.640057e+02
3.800000e-06	1.799467e-06	2.781381e-09	1.167210e+01	1.621715e+02
3.810000e-06	1.764457e-06	2.725878e-09	1.144501e+01	1.603234e+02
3.820000e-06	1.729338e-06	2.671073e-09	1.121721e+01	1.584586e+02
3.830000e-06	1.694150e-06	2.659191e-09	1.098897e+01	1.565740e+02
3.840000e-06	1.658848e-06	2.650917e-09	1.075999e+01	1.546662e+02
3.850000e-06	1.623415e-06	2.598391e-09	1.053015e+01	1.527322e+02
3.860000e-06	1.587916e-06	2.539972e-09	1.029989e+01	1.507697e+02
3.870000e-06	1.552351e-06	2.519063e-09	1.006920e+01	1.487769e+02
3.880000e-06	1.516628e-06	2.504458e-09	9.837489e+00	1.467537e+02
3.890000e-06	1.480623e-06	2.456565e-09	9.603939e+00	1.447007e+02
3.900000e-06	1.444333e-06	2.400876e-09	9.368550e+00	1.426197e+02
3.910000e-06	1.407834e-06	2.378292e-09	9.131800e+00	1.405131e+02
3.920000e-06	1.371043e-06	2.364415e-09	8.893160e+00	1.383838e+02
3.930000e-06	1.333858e-06	2.315398e-09	8.651960e+00	1.362346e+02
3.940000e-06	1.296354e-06	2.257848e-09	8.408696e+00	1.340679e+02
3.950000e-06	1.258630e-06	2.226132e-09	8.164000e+00	1.318856e+02
3.960000e-06	1.220599e-06	2.206197e-09	7.917318e+00	1.296885e+02
3.970000e-06	1.182278e-06	2.157919e-09	7.668752e+00	1.274765e+02
3.980000e-06	1.143768e-06	2.100976e-09	7.418961e+00	1.252485e+02
3.990000e-06	1.105124e-06	2.070940e-09	7.168299e+00	1.230031e+02
4.000000e-06	1.066260e-06	2.052242e-09	6.916213e+00	1.207382e+02
4.010000e-06	1.027187e-06	2.006282e-09	6.662763e+00	1.184519e+02
4.020000e-06	9.880509e-07	1.945769e-09	6.408913e+00	1.161429e+02
4.030000e-06	9.488453e-07	1.906458e-09	6.154609e+00	1.138104e+02
4.040000e-06	9.095581e-07	1.879628e-09	5.899776e+00	1.114548e+02
4.050000e-06	8.702340e-07	1.834685e-09	5.644703e+00	1.090773e+02
4.060000e-06	8.308737e-07	1.780912e-09	5.389396e+00	1.066801e+02
4.070000e-06	7.914951e-07	1.746833e-09	5.133969e+00	1.042663e+02
4.080000e-06	7.521287e-07	1.721327e-09	4.878622e+00	1.018392e+02
4.090000e-06	7.127211e-07	1.676368e-09	4.623008e+00	9.940187e+01
4.100000e-06	6.732565e-07	1.618634e-09	4.367024e+00	9.695700e+01
4.110000e-06	6.337201e-07	1.575538e-09	4.110574e+00	9.450631e+01
4.120000e-06	5.941344e-07	1.538830e-09	3.853805e+00	9.205023e+01
4.130000e-06	5.544977e-07	1.491330e-09	3.596705e+00	8.958790e+01
4.140000e-06	5.147826e-07	1.439039e-09	3.339096e+00	8.711709e+01
4.150000e-06	4.751111e-07	1.403668e-09	3.081770e+00	8.463450e+01
4.160000e-06	4.354637e-07	1.375558e-09	2.824600e+00	8.213613e+01
4.170000e-06	3.957508e-07	1.332019e-09	2.567006e+00	7.961772e+01
4.180000e-06	3.559626e-07	1.274913e-09	2.308923e+00	7.707536e+01
4.190000e-06	3.160940e-07	1.227098e-09	2.050318e+00	7.450592e+01
4.200000e-06	2.761473e-07	1.188714e-09	1.791207e+00	7.190754e+01
4.210000e-06	2.362060e-07	1.144475e-09	1.532131e+00	6.927984e+01
4.220000e-06	1.963207e-07	1.092016e-09	1.273419e+00	6.662403e+01
4.230000e-06	1.563167e-07	1.048117e-09	1.013936e+00	6.394281e+01
4.240000e-06	1.162786e-07	1.015088e-09	7.542320e-01	6.124000e+01
4.250000e-06	7.627978e-08	9.718228e-10	4.947827e-01	5.852012e+01
4.260000e-06	3.631409e-08	9.151485e-10	2.355484e-01	5.578784e+01
4.270000e-06	-3.657927e-09	8.651560e-10	-2.372685e-02	5.304737e+01
4.280000e-06	-4.364117e-08	8.242072e-10	-2.830749e-01	5.030194e+01
4.290000e-06	-8.363706e-08	7.738129e-10	-5.425051e-01	4.755342e+01
4.300000e-06	-1.236326e-07	7.179410e-10	-8.019327e-01	4.480206e+01
4.310000e-06	-1.635455e-07	6.686830e-10	-1.060825e+00	4.204649e+01
4.320000e-06	-2.034567e-07	6.278542e-10	-1.319705e+00	3.928389e+01
4.330000e-06	-2.433409e-07	5.837270e-10	-1.578411e+00	3.651039e+01
4.340000e-06	-2.831743e-07	5.350437e-10	-1.836787e+00	3.372156e+01
4.350000e-06	-3.230132e-07	4.874892e-10	-2.095199e+00	3.091301e+01
4.360000e-06	-3.628763e-07	4.447635e-10	-2.353768e+00	2.808100e+01
4.370000e-06	-4.026665e-07	3.951015e-10	-2.611864e+00	2.522292e+01
4.380000e-06	-4.423845e-07	3.400337e-10	-2.869491e+00	2.233766e+01
4.390000e-06	-4.821123e-07	2.892936e-10	-3.127183e+00	1.942582e+01
4.400000e-06	-5.218039e-07	2.433318e-10	-3.384639e+00	1.648965e+01
4.410000e-06	-5.614451e-07	1.953700e-10	-3.641768e+00	1.353284e+01
4.420000e-06	-6.009937e-07	1.406701e-10	-3.898297e+00	1.056011e+01
4.430000e-06	-6.404838e-07	9.051568e-11	-4.154446e+00	7.576681e+00
4.440000e-06	-6.799633e-07	4.275224e-11	-4.410528e+00	4.587748e+00
4.450000e-06	-7.193717e-07	-7.170123e-12	-4.666146e+00	1.597919e+00
4.460000e-06	-7.587717e-07	-6.365590e-11	-4.921712e+00	-1.389211e+00
4.470000e-06	-7.981778e-07	-1.163096e-10	-5.177316e+00	-4.371333e+00
4.480000e-06	-8.375467e-07	-1.613927e-10	-5.432679e+00	-7.347523e+00
4.490000e-06	-8.768386e-07	-2.077858e-10	-5.687543e+00	-1.031813e+01
4.500000e-06	-9.160779e-07	-2.597739e-10	-5.942066e+00	-1.328450e+01
4.510000e-06	-9.552557e-07	-3.097128e-10	-6.196189e+00	-1.624856e+01
4.520000e-06	-9.943105e-07	-3.569516e-10	-6.449515e+00	-1.921228e+01
4.530000e-06	-1.033222e-06	-4.086191e-10	-6.701910e+00	-2.217726e+01
4.540000e-06	-1.072034e-06	-4.644314e-10	-6.953665e+00	-2.514419e+01
4.550000e-06	-1.110731e-06	-5.174307e-10	-7.204670e+00	-2.811264e+01
4.560000e-06	-1.149263e-06	-5.654033e-10	-7.454600e+00	-3.108084e+01
4.570000e-06	-1.187613e-06	-6.152289e-10	-7.703354e+00	-3.404578e+01
4.580000e-06	-1.225791e-06	-6.655009e-10	-7.950998e+00	-3.700339e+01
4.590000e-06	-1.263779e-06	-7.115946e-10	-8.197401e+00	-3.994898e+01
4.600000e-06	-1.301415e-06	-7.537494e-10	-8.441526e+00	-4.287768e+01
4.610000e-06	-1.338794e-06	-8.028102e-10	-8.683982e+00	-4.578499e+01
4.620000e-06	-1.375835e-06	-8.589207e-10	-8.924245e+00	-4.866725e+01
4.630000e-06	-1.412442e-06	-9.142317e-10	-9.161694e+00	-5.152203e+01
4.640000e-06	-1.448807e-06	-9.622103e-10	-9.397572e+00	-5.434839e+01
4.650000e-06	-1.484918e-06	-1.007581e-09	-9.631804e+00	-5.714694e+01
4.660000e-06	-1.520797e-06	-1.055282e-09	-9.864526e+00	-5.991972e+01
4.670000e-06	-1.556562e-06	-1.100141e-09	-1.009652e+01	-6.266990e+01
4.680000e-06	-1.592219e-06	-1.142423e-09	-1.032780e+01	-6.540137e+01
4.690000e-06	-1.627714e-06	-1.185782e-09	-1.055804e+01	-6.811825e+01
4.700000e-06	-1.663081e-06	-1.235586e-09	-1.078744e+01	-7.082434e+01
4.710000e-06	-1.698394e-06	-1.287465e-09	-1.101649e+01	-7.352271e+01
4.720000e-06	-1.733617e-06	-1.332218e-09	-1.124497e+01	-7.621533e+01
4.730000e-06	-1.768712e-06	-1.374468e-09	-1.147261e+01	-7.890290e+01
4.740000e-06	-1.803626e-06	-1.422023e-09	-1.169907e+01	-8.158476e+01
4.750000e-06	-1.838258e-06	-1.469581e-09	-1.192371e+01	-8.425908e+01
4.760000e-06	-1.872703e-06	-1.514622e-09	-1.214714e+01	-8.692311e+01
4.770000e-06	-1.906933e-06	-1.558132e-09	-1.236917e+01	-8.957355e+01
4.780000e-06	-1.940885e-06	-1.604106e-09	-1.258939e+01	-9.220699e+01
4.790000e-06	-1.974618e-06	-1.650510e-09	-1.280820e+01	-9.482027e+01
4.800000e-06	-2.008140e-06	-1.694279e-09	-1.302564e+01	-9.741084e+01
4.810000e-06	-2.041445e-06	-1.736892e-09	-1.324167e+01	-9.997698e+01
4.820000e-06	-2.074530e-06	-1.780990e-09	-1.345627e+01	-1.025179e+02
4.830000e-06	-2.107347e-06	-1.825704e-09	-1.366914e+01	-1.050337e+02
4.840000e-06	-2.139820e-06	-1.867394e-09	-1.387977e+01	-1.075251e+02
4.850000e-06	-2.172067e-06	-1.907836e-09	-1.408894e+01	-1.099935e+02
4.860000e-06	-2.204042e-06	-1.949657e-09	-1.429634e+01	-1.124400e+02
4.870000e-06	-2.235727e-06	-1.992268e-09	-1.450186e+01	-1.148659e+02
4.880000e-06	-2.267230e-06	-2.031637e-09	-1.470621e+01	-1.172720e+02
4.890000e-06	-2.298511e-06	-2.070451e-09	-1.490911e+01	-1.196583e+02
4.900000e-06	-2.329647e-06	-2.112489e-09	-1.511107e+01	-1.220243e+02
4.910000e-06	-2.360624e-06	-2.153801e-09	-1.531200e+01	-1.243690e+02
4.920000e-06	-2.391248e-06	-2.191781e-09	-1.551064e+01	-1.266906e+02
4.930000e-06	-2.421481e-06	-2.227404e-09	-1.570674e+01	-1.289877e+02
4.940000e-06	-2.451353e-06	-2.262702e-09	-1.590050e+01	-1.312585e+02
4.950000e-06	-2.480793e-06	-2.304350e-09	-1.609146e+01	-1.335019e+02
4.960000e-06	-2.509696e-06	-2.347188e-09	-1.627894e+01	-1.357173e+02
4.970000e-06	-2.538092e-06	-2.385118e-09	-1.646313e+01	-1.379052e+02
4.980000e-06	-2.566084e-06	-2.419107e-09	-1.664470e+01	-1.400665e+02
4.990000e-06	-2.593770e-06	-2.453933e-09	-1.682428e+01	-1.422031e+02
5.000000e-06	-2.621276e-06	-2.488783e-09	-1.700270e+01	-1.443173e+02
5.010000e-06	-2.648643e-06	-2.519556e-09	-1.718021e+01	-1.464118e+02
5.020000e-06	-2.675843e-06	-2.550220e-09	-1.735664e+01	-1.484887e+02
5.030000e-06	-2.702776e-06	-2.585861e-09	-1.753134e+01	-1.505501e+02
5.040000e-06	-2.729348e-06	-2.624719e-09	-1.770370e+01	-1.525970e+02
5.050000e-06	-2.755608e-06	-2.661137e-09	-1.787403e+01	-1.546295e+02
5.060000e-06	-2.781470e-06	-2.692389e-09	-1.804178e+01	-1.566466e+02
5.070000e-06	-2.806963e-06	-2.725409e-09	-1.820714e+01	-1.586462e+02
5.080000e-06	-2.832166e-06	-2.759861e-09	-1.837062e+01	-1.606256e+02
5.090000e-06	-2.856975e-06	-2.790556e-09	-1.853154e+01	-1.625813e+02
5.100000e-06	-2.881432e-06	-2.817045e-09	-1.869018e+01	-1.645100e+02
5.110000e-06	-2.905536e-06	-2.846915e-09	-1.884652e+01	-1.664083e+02
5.120000e-06	-2.929288e-06	-2.880448e-09	-1.900059e+01	-1.682738e+02
5.130000e-06	-2.952853e-06	-2.911608e-09	-1.915344e+01	-1.701048e+02
5.140000e-06	-2.976214e-06	-2.941209e-09	-1.930497e+01	-1.719010e+02
5.150000e-06	-2.999318e-06	-2.969273e-09	-1.945483e+01	-1.736631e+02
5.160000e-06	-3.022201e-06	-2.999425e-09	-1.960327e+01	-1.753929e+02
5.170000e-06	-3.044674e-06	-3.026736e-09	-1.974903e+01	-1.770929e+02
5.180000e-06	-3.066570e-06	-3.049375e-09	-1.989106e+01	-1.787662e+02
5.190000e-06	-3.087874e-06	-3.075325e-09	-2.002925e+01	-1.804159e+02
5.200000e-06	-3.108547e-06	-3.103905e-09	-2.016334e+01	-1.820448e+02
5.210000e-06	-3.128652e-06	-3.134241e-09	-2.029375e+01	-1.836547e+02
5.220000e-06	-3.148359e-06	-3.162749e-09	-2.042157e+01	-1.852466e+02
5.230000e-06	-3.167814e-06	-3.189519e-09	-2.054777e+01	-1.868205e+02
5.240000e-06	-3.187120e-06	-3.215380e-09	-2.067299e+01	-1.883749e+02
5.250000e-06	-3.206152e-06	-3.236526e-09	-2.079645e+01	-1.899077e+02
5.260000e-06	-3.224792e-06	-3.257050e-09	-2.091735e+01	-1.914160e+02
5.270000e-06	-3.243040e-06	-3.281780e-09	-2.103572e+01	-1.928968e+02
5.280000e-06	-3.260906e-06	-3.309756e-09	-2.115161e+01	-1.943470e+02
5.290000e-06	-3.278493e-06	-3.336178e-09	-2.126568e+01	-1.957642e+02
5.300000e-06	-3.295759e-06	-3.357563e-09	-2.137768e+01	-1.971471e+02
5.310000e-06	-3.312603e-06	-3.379405e-09	-2.148693e+01	-1.984951e+02
5.320000e-06	-3.329043e-06	-3.402414e-09	-2.159357e+01	-1.998091e+02
5.330000e-06	-3.345080e-06	-3.420241e-09	-2.169759e+01	-2.010911e+02
5.340000e-06	-3.360793e-06	-3.434336e-09	-2.179951e+01	-2.023435e+02
5.350000e-06	-3.376251e-06	-3.450740e-09	-2.189978e+01	-2.035698e+02
5.360000e-06	-3.391381e-06	-3.472910e-09	-2.199792e+01	-2.047729e+02
5.370000e-06	-3.405995e-06	-3.496178e-09	-2.209271e+01	-2.059559e+02
5.380000e-06	-3.420089e-06	-3.516734e-09	-2.218413e+01	-2.071206e+02
5.390000e-06	-3.433572e-06	-3.537257e-09	-2.227159e+01	-2.082680e+02
5.400000e-06	-3.446350e-06	-3.560184e-09	-2.235447e+01	-2.093977e+02
5.410000e-06	-3.458600e-06	-3.580358e-09	-2.243393e+01	-2.105081e+02
5.420000e-06	-3.470403e-06	-3.595174e-09	-2.251049e+01	-2.115962e+02
5.430000e-06	-3.481818e-06	-3.610998e-09	-2.258454e+01	-2.126586e+02
5.440000e-06	-3.492914e-06	-3.628598e-09	-2.265650e+01	-2.136912e+02
5.450000e-06	-3.503546e-06	-3.644310e-09	-2.272547e+01	-2.146902e+02
5.460000e-06	-3.513653e-06	-3.659420e-09	-2.279103e+01	-2.156523e+02
5.470000e-06	-3.523411e-06	-3.676192e-09	-2.285432e+01	-2.165754e+02
5.480000e-06	-3.532752e-06	-3.692707e-09	-2.291491e+01	-2.174586e+02
5.490000e-06	-3.541652e-06	-3.706498e-09	-2.297264e+01	-2.183026e+02
5.500000e-06	-3.550126e-06	-3.717195e-09	-2.302761e+01	-2.191098e+02
5.510000e-06	-3.558165e-06	-3.729689e-09	-2.307975e+01	-2.198839e+02
5.520000e-06	-3.565865e-06	-3.744031e-09	-2.312970e+01	-2.206295e+02
5.530000e-06	-3.573349e-06	-3.756309e-09	-2.317824e+01	-2.213519e+02
5.540000e-06	-3.580601e-06	-3.769936e-09	-2.322528e+01	-2.220562e+02
5.550000e-06	-3.587362e-06	-3.781867e-09	-2.326913e+01	-2.227471e+02
5.560000e-06	-3.593583e-06	-3.794798e-09	-2.330949e+01	-2.234279e+02
5.570000e-06	-3.599210e-06	-3.809172e-09	-2.334599e+01	-2.241008e+02
5.580000e-06	-3.604178e-06	-3.820568e-09	-2.337821e+01	-2.247659e+02
5.590000e-06	-3.608526e-06	-3.828983e-09	-2.340642e+01	-2.254218e+02
5.600000e-06	-3.612370e-06	-3.839306e-09	-2.343135e+01	-2.260653e+02
5.610000e-06	-3.615928e-06	-3.852991e-09	-2.345443e+01	-2.266921e+02
5.620000e-06	-3.619255e-06	-3.864482e-09	-2.347601e+01	-2.272971e+02
5.630000e-06	-3.622247e-06	-3.871614e-09	-2.349541e+01	-2.278750e+02
5.640000e-06	-3.624825e-06	-3.877827e-09	-2.351213e+01	-2.284208e+02
5.650000e-06	-3.626978e-06	-3.885751e-09	-2.352610e+01	-2.289307e+02
5.660000e-06	-3.628694e-06	-3.894251e-09	-2.353723e+01	-2.294022e+02
5.670000e-06	-3.630059e-06	-3.903361e-09	-2.354608e+01	-2.298348e+02
5.680000e-06	-3.630967e-06	-3.913480e-09	-2.355198e+01	-2.302297e+02
5.690000e-06	-3.631359e-06	-3.922207e-09	-2.355452e+01	-2.305898e+02
