# Temperatura_=_20.0
# Concentracion g/m^3_=_12000.0
# C_Vs_to_Am_M_A/Vsm_=_59384043850.047264
# pendiente_HvsI_1/m_=_3716.3
# ordenada_HvsI_A/m_=_1297.0
# frecuencia_Hz_=_175592.8733261725

Tiempo_(s)	Campo_(V.s)	Magnetizacion_(V.s)	Campo_(kA/m)	Magnetizacion_(A/m)
0.000000e+00	-3.622761e-06	-3.867719e-09	-2.354878e+01	-2.298166e+02
1.000000e-08	-3.622575e-06	-3.869583e-09	-2.354757e+01	-2.300809e+02
2.000000e-08	-3.622095e-06	-3.869414e-09	-2.354445e+01	-2.303121e+02
3.000000e-08	-3.621335e-06	-3.871529e-09	-2.353951e+01	-2.305216e+02
4.000000e-08	-3.620336e-06	-3.878951e-09	-2.353301e+01	-2.307217e+02
5.000000e-08	-3.618904e-06	-3.887068e-09	-2.352370e+01	-2.309241e+02
6.000000e-08	-3.616815e-06	-3.897561e-09	-2.351012e+01	-2.311386e+02
7.000000e-08	-3.614030e-06	-3.917469e-09	-2.349202e+01	-2.313724e+02
8.000000e-08	-3.610490e-06	-3.920555e-09	-2.346902e+01	-2.316286e+02
9.000000e-08	-3.606365e-06	-3.835889e-09	-2.344220e+01	-2.319066e+02
1.000000e-07	-3.601919e-06	-3.763926e-09	-2.341330e+01	-2.322015e+02
1.100000e-07	-3.597279e-06	-3.906108e-09	-2.338314e+01	-2.325053e+02
1.200000e-07	-3.592378e-06	-4.053151e-09	-2.335128e+01	-2.328071e+02
1.300000e-07	-3.587069e-06	-3.928268e-09	-2.331677e+01	-2.330945e+02
1.400000e-07	-3.581222e-06	-3.742663e-09	-2.327876e+01	-2.333547e+02
1.500000e-07	-3.574938e-06	-3.927004e-09	-2.323792e+01	-2.335757e+02
1.600000e-07	-3.568323e-06	-4.055350e-09	-2.319492e+01	-2.337472e+02
1.700000e-07	-3.561183e-06	-3.805124e-09	-2.314851e+01	-2.338613e+02
1.800000e-07	-3.553577e-06	-3.760407e-09	-2.309907e+01	-2.339134e+02
1.900000e-07	-3.545708e-06	-3.879896e-09	-2.304791e+01	-2.339015e+02
2.000000e-07	-3.537492e-06	-3.928858e-09	-2.299451e+01	-2.338270e+02
2.100000e-07	-3.528963e-06	-3.880117e-09	-2.293907e+01	-2.336934e+02
2.200000e-07	-3.520172e-06	-3.917965e-09	-2.288192e+01	-2.335060e+02
2.300000e-07	-3.510900e-06	-3.802354e-09	-2.282166e+01	-2.332714e+02
2.400000e-07	-3.500890e-06	-3.742557e-09	-2.275659e+01	-2.329965e+02
2.500000e-07	-3.490218e-06	-3.993272e-09	-2.268722e+01	-2.326881e+02
2.600000e-07	-3.479067e-06	-3.930135e-09	-2.261473e+01	-2.323521e+02
2.700000e-07	-3.467393e-06	-3.688464e-09	-2.253885e+01	-2.319935e+02
2.800000e-07	-3.455178e-06	-3.808747e-09	-2.245945e+01	-2.316161e+02
2.900000e-07	-3.442528e-06	-4.017453e-09	-2.237722e+01	-2.312227e+02
3.000000e-07	-3.429454e-06	-3.820154e-09	-2.229224e+01	-2.308146e+02
3.100000e-07	-3.415929e-06	-3.659307e-09	-2.220432e+01	-2.303927e+02
3.200000e-07	-3.401986e-06	-3.794258e-09	-2.211369e+01	-2.299570e+02
3.300000e-07	-3.387655e-06	-3.912742e-09	-2.202054e+01	-2.295071e+02
3.400000e-07	-3.372919e-06	-3.792786e-09	-2.192475e+01	-2.290421e+02
3.500000e-07	-3.357619e-06	-3.688943e-09	-2.182530e+01	-2.285610e+02
3.600000e-07	-3.341564e-06	-3.765783e-09	-2.172093e+01	-2.280627e+02
3.700000e-07	-3.324840e-06	-3.852390e-09	-2.161222e+01	-2.275457e+02
3.800000e-07	-3.307724e-06	-3.752632e-09	-2.150097e+01	-2.270087e+02
3.900000e-07	-3.290177e-06	-3.671724e-09	-2.138691e+01	-2.264497e+02
4.000000e-07	-3.272276e-06	-3.754100e-09	-2.127055e+01	-2.258672e+02
4.100000e-07	-3.254143e-06	-3.778246e-09	-2.115268e+01	-2.252594e+02
4.200000e-07	-3.235724e-06	-3.724645e-09	-2.103295e+01	-2.246247e+02
4.300000e-07	-3.216958e-06	-3.676365e-09	-2.091097e+01	-2.239619e+02
4.400000e-07	-3.197695e-06	-3.680975e-09	-2.078575e+01	-2.232703e+02
4.500000e-07	-3.177943e-06	-3.711140e-09	-2.065736e+01	-2.225497e+02
4.600000e-07	-3.157824e-06	-3.700902e-09	-2.052658e+01	-2.218009e+02
4.700000e-07	-3.137450e-06	-3.626366e-09	-2.039415e+01	-2.210252e+02
4.800000e-07	-3.116894e-06	-3.638498e-09	-2.026053e+01	-2.202246e+02
4.900000e-07	-3.096145e-06	-3.678820e-09	-2.012565e+01	-2.194016e+02
5.000000e-07	-3.075134e-06	-3.635751e-09	-1.998907e+01	-2.185587e+02
5.100000e-07	-3.053703e-06	-3.571145e-09	-1.984977e+01	-2.176984e+02
5.200000e-07	-3.031860e-06	-3.576362e-09	-1.970778e+01	-2.168225e+02
5.300000e-07	-3.009678e-06	-3.599885e-09	-1.956360e+01	-2.159322e+02
5.400000e-07	-2.987131e-06	-3.571099e-09	-1.941704e+01	-2.150278e+02
5.500000e-07	-2.964269e-06	-3.524270e-09	-1.926843e+01	-2.141084e+02
5.600000e-07	-2.941092e-06	-3.521943e-09	-1.911777e+01	-2.131725e+02
5.700000e-07	-2.917512e-06	-3.547259e-09	-1.896450e+01	-2.122176e+02
5.800000e-07	-2.893531e-06	-3.517830e-09	-1.880862e+01	-2.112409e+02
5.900000e-07	-2.869272e-06	-3.458640e-09	-1.865093e+01	-2.102397e+02
6.000000e-07	-2.844878e-06	-3.450557e-09	-1.849236e+01	-2.092115e+02
6.100000e-07	-2.820262e-06	-3.474740e-09	-1.833235e+01	-2.081548e+02
6.200000e-07	-2.795268e-06	-3.444648e-09	-1.816988e+01	-2.070688e+02
6.300000e-07	-2.769952e-06	-3.392554e-09	-1.800532e+01	-2.059541e+02
6.400000e-07	-2.744238e-06	-3.389472e-09	-1.783818e+01	-2.048121e+02
6.500000e-07	-2.717927e-06	-3.407106e-09	-1.766715e+01	-2.036454e+02
6.600000e-07	-2.690991e-06	-3.378450e-09	-1.749206e+01	-2.024567e+02
6.700000e-07	-2.663506e-06	-3.324779e-09	-1.731340e+01	-2.012492e+02
6.800000e-07	-2.635624e-06	-3.312524e-09	-1.713216e+01	-2.000253e+02
6.900000e-07	-2.607510e-06	-3.327667e-09	-1.694941e+01	-1.987869e+02
7.000000e-07	-2.579174e-06	-3.302520e-09	-1.676522e+01	-1.975347e+02
7.100000e-07	-2.550639e-06	-3.247996e-09	-1.657974e+01	-1.962681e+02
7.200000e-07	-2.521874e-06	-3.230874e-09	-1.639276e+01	-1.949851e+02
7.300000e-07	-2.492878e-06	-3.239039e-09	-1.620428e+01	-1.936829e+02
7.400000e-07	-2.463576e-06	-3.212489e-09	-1.601381e+01	-1.923575e+02
7.500000e-07	-2.433967e-06	-3.165204e-09	-1.582135e+01	-1.910052e+02
7.600000e-07	-2.404151e-06	-3.148165e-09	-1.562753e+01	-1.896222e+02
7.700000e-07	-2.374040e-06	-3.154861e-09	-1.543180e+01	-1.882056e+02
7.800000e-07	-2.343649e-06	-3.128990e-09	-1.523426e+01	-1.867537e+02
7.900000e-07	-2.312981e-06	-3.076952e-09	-1.503491e+01	-1.852664e+02
8.000000e-07	-2.282047e-06	-3.048310e-09	-1.483383e+01	-1.837450e+02
8.100000e-07	-2.250851e-06	-3.041663e-09	-1.463105e+01	-1.821923e+02
8.200000e-07	-2.219316e-06	-3.012485e-09	-1.442606e+01	-1.806121e+02
8.300000e-07	-2.187544e-06	-2.962406e-09	-1.421954e+01	-1.790090e+02
8.400000e-07	-2.155647e-06	-2.935936e-09	-1.401220e+01	-1.773877e+02
8.500000e-07	-2.123529e-06	-2.934457e-09	-1.380342e+01	-1.757522e+02
8.600000e-07	-2.091204e-06	-2.913077e-09	-1.359331e+01	-1.741058e+02
8.700000e-07	-2.058706e-06	-2.869136e-09	-1.338206e+01	-1.724502e+02
8.800000e-07	-2.026042e-06	-2.838296e-09	-1.316974e+01	-1.707858e+02
8.900000e-07	-1.993183e-06	-2.828988e-09	-1.295614e+01	-1.691114e+02
9.000000e-07	-1.960155e-06	-2.806855e-09	-1.274145e+01	-1.674245e+02
9.100000e-07	-1.926831e-06	-2.760935e-09	-1.252484e+01	-1.657219e+02
9.200000e-07	-1.893144e-06	-2.726525e-09	-1.230587e+01	-1.639998e+02
9.300000e-07	-1.859203e-06	-2.710267e-09	-1.208525e+01	-1.622547e+02
9.400000e-07	-1.824869e-06	-2.688875e-09	-1.186207e+01	-1.604835e+02
9.500000e-07	-1.790201e-06	-2.648637e-09	-1.163672e+01	-1.586846e+02
9.600000e-07	-1.755135e-06	-2.616418e-09	-1.140878e+01	-1.568571e+02
9.700000e-07	-1.719730e-06	-2.601452e-09	-1.117864e+01	-1.550018e+02
9.800000e-07	-1.684084e-06	-2.577782e-09	-1.094693e+01	-1.531204e+02
9.900000e-07	-1.648117e-06	-2.534775e-09	-1.071314e+01	-1.512155e+02
1.000000e-06	-1.611958e-06	-2.496086e-09	-1.047810e+01	-1.492900e+02
1.010000e-06	-1.575665e-06	-2.472309e-09	-1.024218e+01	-1.473466e+02
1.020000e-06	-1.539275e-06	-2.441471e-09	-1.000564e+01	-1.453875e+02
1.030000e-06	-1.502793e-06	-2.395916e-09	-9.768502e+00	-1.434140e+02
1.040000e-06	-1.466243e-06	-2.357948e-09	-9.530913e+00	-1.414260e+02
1.050000e-06	-1.429610e-06	-2.337279e-09	-9.292795e+00	-1.394225e+02
1.060000e-06	-1.392860e-06	-2.314535e-09	-9.053910e+00	-1.374012e+02
1.070000e-06	-1.355930e-06	-2.275411e-09	-8.813858e+00	-1.353594e+02
1.080000e-06	-1.318786e-06	-2.235671e-09	-8.572413e+00	-1.332938e+02
1.090000e-06	-1.281509e-06	-2.207237e-09	-8.330103e+00	-1.312016e+02
1.100000e-06	-1.244159e-06	-2.175962e-09	-8.087320e+00	-1.290806e+02
1.110000e-06	-1.206675e-06	-2.133424e-09	-7.843666e+00	-1.269298e+02
1.120000e-06	-1.169029e-06	-2.090469e-09	-7.598955e+00	-1.247495e+02
1.130000e-06	-1.131178e-06	-2.059626e-09	-7.352914e+00	-1.225414e+02
1.140000e-06	-1.093121e-06	-2.029585e-09	-7.105540e+00	-1.203083e+02
1.150000e-06	-1.054957e-06	-1.987467e-09	-6.857460e+00	-1.180543e+02
1.160000e-06	-1.016725e-06	-1.943623e-09	-6.608949e+00	-1.157836e+02
1.170000e-06	-9.783690e-07	-1.911207e-09	-6.359623e+00	-1.135005e+02
1.180000e-06	-9.398449e-07	-1.881383e-09	-6.109207e+00	-1.112089e+02
1.190000e-06	-9.011837e-07	-1.843539e-09	-5.857901e+00	-1.089115e+02
1.200000e-06	-8.625140e-07	-1.803625e-09	-5.606539e+00	-1.066097e+02
1.210000e-06	-8.238665e-07	-1.771283e-09	-5.355321e+00	-1.043034e+02
1.220000e-06	-7.850649e-07	-1.737334e-09	-5.103102e+00	-1.019911e+02
1.230000e-06	-7.461160e-07	-1.691403e-09	-4.849925e+00	-9.967024e+01
1.240000e-06	-7.070944e-07	-1.643108e-09	-4.596276e+00	-9.733711e+01
1.250000e-06	-6.679529e-07	-1.606849e-09	-4.341847e+00	-9.498780e+01
1.260000e-06	-6.286750e-07	-1.575441e-09	-4.086532e+00	-9.261842e+01
1.270000e-06	-5.893577e-07	-1.538619e-09	-3.830961e+00	-9.022561e+01
1.280000e-06	-5.500543e-07	-1.503353e-09	-3.575479e+00	-8.780687e+01
1.290000e-06	-5.106044e-07	-1.470443e-09	-3.319046e+00	-8.536075e+01
1.300000e-06	-4.710318e-07	-1.430842e-09	-3.061815e+00	-8.288692e+01
1.310000e-06	-4.314043e-07	-1.379897e-09	-2.804227e+00	-8.038605e+01
1.320000e-06	-3.916541e-07	-1.328223e-09	-2.545842e+00	-7.785955e+01
1.330000e-06	-3.518391e-07	-1.286722e-09	-2.287035e+00	-7.530930e+01
1.340000e-06	-3.120942e-07	-1.248198e-09	-2.028684e+00	-7.273731e+01
1.350000e-06	-2.723767e-07	-1.207262e-09	-1.770511e+00	-7.014538e+01
1.360000e-06	-2.326071e-07	-1.167552e-09	-1.512000e+00	-6.753489e+01
1.370000e-06	-1.927768e-07	-1.131157e-09	-1.253093e+00	-6.490668e+01
1.380000e-06	-1.528722e-07	-1.090847e-09	-9.937047e-01	-6.226107e+01
1.390000e-06	-1.129182e-07	-1.040089e-09	-7.339941e-01	-5.959792e+01
1.400000e-06	-7.291220e-08	-9.886537e-10	-4.739460e-01	-5.691692e+01
1.410000e-06	-3.291059e-08	-9.426239e-10	-2.139264e-01	-5.421776e+01
1.420000e-06	7.004468e-09	-8.985501e-10	4.553065e-02	-5.150041e+01
1.430000e-06	4.685410e-08	-8.520396e-10	3.045624e-01	-4.876528e+01
1.440000e-06	8.675570e-08	-8.077093e-10	5.639320e-01	-4.601334e+01
1.450000e-06	1.267149e-07	-7.668076e-10	8.236760e-01	-4.324606e+01
1.460000e-06	1.666795e-07	-7.225424e-10	1.083455e+00	-4.046529e+01
1.470000e-06	2.066265e-07	-6.715113e-10	1.343120e+00	-3.767301e+01
1.480000e-06	2.464393e-07	-6.211421e-10	1.601912e+00	-3.487106e+01
1.490000e-06	2.861912e-07	-5.759854e-10	1.860308e+00	-3.206078e+01
1.500000e-06	3.259674e-07	-5.302021e-10	2.118863e+00	-2.924282e+01
1.510000e-06	3.656947e-07	-4.807305e-10	2.377100e+00	-2.641692e+01
1.520000e-06	4.054004e-07	-4.325309e-10	2.635195e+00	-2.358189e+01
1.530000e-06	4.450563e-07	-3.890176e-10	2.892968e+00	-2.073577e+01
1.540000e-06	4.846516e-07	-3.439526e-10	3.150347e+00	-1.787605e+01
1.550000e-06	5.241213e-07	-2.932998e-10	3.406909e+00	-1.500006e+01
1.560000e-06	5.634043e-07	-2.423559e-10	3.662257e+00	-1.210542e+01
1.570000e-06	6.026042e-07	-1.944924e-10	3.917065e+00	-9.190456e+00
1.580000e-06	6.418494e-07	-1.464496e-10	4.172168e+00	-6.254629e+00
1.590000e-06	6.810056e-07	-9.638690e-11	4.426692e+00	-3.298738e+00
1.600000e-06	7.199914e-07	-4.730191e-11	4.680109e+00	-3.250341e-01
1.610000e-06	7.589252e-07	-1.323819e-12	4.933188e+00	2.662887e+00
1.620000e-06	7.978189e-07	4.739181e-11	5.186006e+00	5.660369e+00
1.630000e-06	8.366240e-07	1.032279e-10	5.438248e+00	8.662120e+00
1.640000e-06	8.753627e-07	1.589587e-10	5.690059e+00	1.166274e+01
1.650000e-06	9.140224e-07	2.082428e-10	5.941355e+00	1.465726e+01
1.660000e-06	9.525323e-07	2.562687e-10	6.191678e+00	1.764163e+01
1.670000e-06	9.909507e-07	3.066317e-10	6.441407e+00	2.061307e+01
1.680000e-06	1.029288e-06	3.534085e-10	6.690608e+00	2.357025e+01
1.690000e-06	1.067453e-06	3.970321e-10	6.938689e+00	2.651328e+01
1.700000e-06	1.105516e-06	4.438037e-10	7.186109e+00	2.944343e+01
1.710000e-06	1.143470e-06	4.955185e-10	7.432815e+00	3.236281e+01
1.720000e-06	1.181238e-06	5.492654e-10	7.678315e+00	3.527375e+01
1.730000e-06	1.218832e-06	6.004975e-10	7.922689e+00	3.817831e+01
1.740000e-06	1.256214e-06	6.504054e-10	8.165677e+00	4.107776e+01
1.750000e-06	1.293447e-06	7.011481e-10	8.407703e+00	4.397220e+01
1.760000e-06	1.330557e-06	7.488160e-10	8.648923e+00	4.686033e+01
1.770000e-06	1.367471e-06	7.934301e-10	8.888873e+00	4.973955e+01
1.780000e-06	1.404294e-06	8.378705e-10	9.128235e+00	5.260613e+01
1.790000e-06	1.441031e-06	8.841063e-10	9.367029e+00	5.545571e+01
1.800000e-06	1.477613e-06	9.309260e-10	9.604824e+00	5.828383e+01
1.810000e-06	1.514114e-06	9.768715e-10	9.842088e+00	6.108658e+01
1.820000e-06	1.550593e-06	1.023714e-09	1.007921e+01	6.386118e+01
1.830000e-06	1.587023e-06	1.071757e-09	1.031602e+01	6.660639e+01
1.840000e-06	1.623339e-06	1.120332e-09	1.055208e+01	6.932274e+01
1.850000e-06	1.659537e-06	1.166094e-09	1.078737e+01	7.201256e+01
1.860000e-06	1.695535e-06	1.209097e-09	1.102137e+01	7.467968e+01
1.870000e-06	1.731266e-06	1.251975e-09	1.125363e+01	7.732891e+01
1.880000e-06	1.766687e-06	1.293613e-09	1.148387e+01	7.996542e+01
1.890000e-06	1.801787e-06	1.335842e-09	1.171203e+01	8.259397e+01
1.900000e-06	1.836485e-06	1.378506e-09	1.193757e+01	8.521821e+01
1.910000e-06	1.870670e-06	1.423178e-09	1.215978e+01	8.784007e+01
1.920000e-06	1.904386e-06	1.471091e-09	1.237895e+01	9.045944e+01
1.930000e-06	1.937737e-06	1.518864e-09	1.259574e+01	9.307403e+01
1.940000e-06	1.970835e-06	1.565414e-09	1.281088e+01	9.567961e+01
1.950000e-06	2.003752e-06	1.608124e-09	1.302484e+01	9.827045e+01
1.960000e-06	2.036505e-06	1.649529e-09	1.323775e+01	1.008400e+02
1.970000e-06	2.069083e-06	1.690147e-09	1.344952e+01	1.033819e+02
1.980000e-06	2.101524e-06	1.729013e-09	1.366039e+01	1.058903e+02
1.990000e-06	2.133852e-06	1.770032e-09	1.387053e+01	1.083612e+02
2.000000e-06	2.165989e-06	1.811476e-09	1.407942e+01	1.107926e+02
2.010000e-06	2.197845e-06	1.855516e-09	1.428650e+01	1.131848e+02
2.020000e-06	2.229410e-06	1.899255e-09	1.449168e+01	1.155406e+02
2.030000e-06	2.260659e-06	1.939991e-09	1.469480e+01	1.178644e+02
2.040000e-06	2.291580e-06	1.980502e-09	1.489580e+01	1.201622e+02
2.050000e-06	2.322242e-06	2.020785e-09	1.509510e+01	1.224404e+02
2.060000e-06	2.352663e-06	2.060634e-09	1.529285e+01	1.247048e+02
2.070000e-06	2.382894e-06	2.098044e-09	1.548936e+01	1.269606e+02
2.080000e-06	2.412936e-06	2.135043e-09	1.568464e+01	1.292105e+02
2.090000e-06	2.442587e-06	2.171139e-09	1.587737e+01	1.314557e+02
2.100000e-06	2.471867e-06	2.206308e-09	1.606770e+01	1.336947e+02
2.110000e-06	2.500912e-06	2.244641e-09	1.625650e+01	1.359241e+02
2.120000e-06	2.529676e-06	2.287406e-09	1.644348e+01	1.381391e+02
2.130000e-06	2.558290e-06	2.329585e-09	1.662947e+01	1.403340e+02
2.140000e-06	2.586818e-06	2.370274e-09	1.681491e+01	1.425034e+02
2.150000e-06	2.615200e-06	2.408469e-09	1.699940e+01	1.446424e+02
2.160000e-06	2.643376e-06	2.443090e-09	1.718255e+01	1.467480e+02
2.170000e-06	2.671157e-06	2.474675e-09	1.736313e+01	1.488190e+02
2.180000e-06	2.698354e-06	2.505516e-09	1.753992e+01	1.508561e+02
2.190000e-06	2.725008e-06	2.538412e-09	1.771318e+01	1.528623e+02
2.200000e-06	2.751169e-06	2.573864e-09	1.788323e+01	1.548419e+02
2.210000e-06	2.776756e-06	2.611105e-09	1.804955e+01	1.567997e+02
2.220000e-06	2.801812e-06	2.646024e-09	1.821242e+01	1.587409e+02
2.230000e-06	2.826596e-06	2.681032e-09	1.837352e+01	1.606695e+02
2.240000e-06	2.851224e-06	2.715100e-09	1.853361e+01	1.625880e+02
2.250000e-06	2.875599e-06	2.748810e-09	1.869205e+01	1.644970e+02
2.260000e-06	2.899693e-06	2.781502e-09	1.884867e+01	1.663947e+02
2.270000e-06	2.923441e-06	2.812333e-09	1.900304e+01	1.682775e+02
2.280000e-06	2.946776e-06	2.841388e-09	1.915472e+01	1.701401e+02
2.290000e-06	2.969740e-06	2.872493e-09	1.930399e+01	1.719761e+02
2.300000e-06	2.992375e-06	2.905728e-09	1.945112e+01	1.737795e+02
2.310000e-06	3.014710e-06	2.939098e-09	1.959630e+01	1.755448e+02
2.320000e-06	3.036727e-06	2.970705e-09	1.973942e+01	1.772683e+02
2.330000e-06	3.058410e-06	2.999510e-09	1.988037e+01	1.789486e+02
2.340000e-06	3.079693e-06	3.029878e-09	2.001871e+01	1.805864e+02
2.350000e-06	3.100599e-06	3.056950e-09	2.015460e+01	1.821852e+02
2.360000e-06	3.121281e-06	3.083135e-09	2.028904e+01	1.837501e+02
2.370000e-06	3.141738e-06	3.107907e-09	2.042202e+01	1.852876e+02
2.380000e-06	3.161997e-06	3.134775e-09	2.055371e+01	1.868044e+02
2.390000e-06	3.181983e-06	3.162420e-09	2.068362e+01	1.883069e+02
2.400000e-06	3.201552e-06	3.185750e-09	2.081083e+01	1.897996e+02
2.410000e-06	3.220613e-06	3.209428e-09	2.093472e+01	1.912850e+02
2.420000e-06	3.239197e-06	3.235746e-09	2.105552e+01	1.927631e+02
2.430000e-06	3.257356e-06	3.261057e-09	2.117356e+01	1.942312e+02
2.440000e-06	3.275204e-06	3.285163e-09	2.128958e+01	1.956842e+02
2.450000e-06	3.292816e-06	3.309627e-09	2.140406e+01	1.971157e+02
2.460000e-06	3.310121e-06	3.335296e-09	2.151655e+01	1.985183e+02
2.470000e-06	3.327053e-06	3.358821e-09	2.162661e+01	1.998849e+02
2.480000e-06	3.343451e-06	3.380459e-09	2.173320e+01	2.012096e+02
2.490000e-06	3.359232e-06	3.402834e-09	2.183578e+01	2.024887e+02
2.500000e-06	3.374480e-06	3.422401e-09	2.193490e+01	2.037208e+02
2.510000e-06	3.389285e-06	3.439471e-09	2.203113e+01	2.049073e+02
2.520000e-06	3.403707e-06	3.456121e-09	2.212488e+01	2.060521e+02
2.530000e-06	3.417783e-06	3.474271e-09	2.221637e+01	2.071610e+02
2.540000e-06	3.431423e-06	3.493965e-09	2.230503e+01	2.082409e+02
2.550000e-06	3.444575e-06	3.517627e-09	2.239053e+01	2.092988e+02
2.560000e-06	3.457298e-06	3.539535e-09	2.247323e+01	2.103408e+02
2.570000e-06	3.469700e-06	3.557917e-09	2.255384e+01	2.113709e+02
2.580000e-06	3.481713e-06	3.572874e-09	2.263194e+01	2.123911e+02
2.590000e-06	3.493154e-06	3.582500e-09	2.270630e+01	2.134003e+02
2.600000e-06	3.503894e-06	3.595617e-09	2.277612e+01	2.143949e+02
2.610000e-06	3.513936e-06	3.610949e-09	2.284139e+01	2.153693e+02
2.620000e-06	3.523381e-06	3.626219e-09	2.290279e+01	2.163164e+02
2.630000e-06	3.532283e-06	3.645814e-09	2.296065e+01	2.172289e+02
2.640000e-06	3.540864e-06	3.666065e-09	2.301643e+01	2.181004e+02
2.650000e-06	3.549244e-06	3.681238e-09	2.307090e+01	2.189261e+02
2.660000e-06	3.557327e-06	3.688279e-09	2.312344e+01	2.197039e+02
2.670000e-06	3.565062e-06	3.694378e-09	2.317372e+01	2.204347e+02
2.680000e-06	3.572231e-06	3.704829e-09	2.322032e+01	2.211223e+02
2.690000e-06	3.578896e-06	3.716582e-09	2.326365e+01	2.217734e+02
2.700000e-06	3.585279e-06	3.729837e-09	2.330514e+01	2.223962e+02
2.710000e-06	3.591277e-06	3.743433e-09	2.334413e+01	2.230001e+02
2.720000e-06	3.596813e-06	3.758904e-09	2.338011e+01	2.235938e+02
2.730000e-06	3.601892e-06	3.770528e-09	2.341312e+01	2.241848e+02
2.740000e-06	3.606607e-06	3.777724e-09	2.344377e+01	2.247776e+02
2.750000e-06	3.611052e-06	3.785619e-09	2.347267e+01	2.253740e+02
2.760000e-06	3.615262e-06	3.797380e-09	2.350003e+01	2.259721e+02
2.770000e-06	3.619155e-06	3.809147e-09	2.352534e+01	2.265668e+02
2.780000e-06	3.622448e-06	3.816549e-09	2.354674e+01	2.271501e+02
2.790000e-06	3.624986e-06	3.824100e-09	2.356324e+01	2.277128e+02
2.800000e-06	3.626855e-06	3.832968e-09	2.357539e+01	2.282447e+02
2.810000e-06	3.628111e-06	3.840250e-09	2.358355e+01	2.287369e+02
2.820000e-06	3.628934e-06	3.841478e-09	2.358890e+01	2.291823e+02
2.830000e-06	3.629475e-06	3.844794e-09	2.359242e+01	2.295769e+02
2.840000e-06	3.629800e-06	3.853293e-09	2.359453e+01	2.299204e+02
2.850000e-06	3.629841e-06	3.861795e-09	2.359480e+01	2.302163e+02
2.860000e-06	3.629392e-06	3.868953e-09	2.359188e+01	2.304719e+02
2.870000e-06	3.628466e-06	3.877621e-09	2.358586e+01	2.306971e+02
2.880000e-06	3.627183e-06	3.886712e-09	2.357752e+01	2.309036e+02
2.890000e-06	3.625573e-06	3.891223e-09	2.356705e+01	2.311037e+02
2.900000e-06	3.623612e-06	3.888236e-09	2.355431e+01	2.313088e+02
2.910000e-06	3.621172e-06	3.871125e-09	2.353845e+01	2.315281e+02
2.920000e-06	3.618226e-06	3.857293e-09	2.351930e+01	2.317679e+02
2.930000e-06	3.614966e-06	3.946436e-09	2.349811e+01	2.320303e+02
2.940000e-06	3.611329e-06	4.048207e-09	2.347447e+01	2.323136e+02
2.950000e-06	3.607266e-06	3.884210e-09	2.344805e+01	2.326122e+02
2.960000e-06	3.602978e-06	3.737112e-09	2.342018e+01	2.329171e+02
2.970000e-06	3.598367e-06	3.863724e-09	2.339021e+01	2.332170e+02
2.980000e-06	3.592938e-06	4.059103e-09	2.335492e+01	2.334993e+02
2.990000e-06	3.586585e-06	3.918320e-09	2.331362e+01	2.337513e+02
3.000000e-06	3.579686e-06	3.815216e-09	2.326878e+01	2.339613e+02
3.010000e-06	3.572535e-06	4.096739e-09	2.322230e+01	2.341195e+02
3.020000e-06	3.565057e-06	4.120158e-09	2.317369e+01	2.342190e+02
3.030000e-06	3.557242e-06	3.975543e-09	2.312289e+01	2.342557e+02
3.040000e-06	3.549237e-06	3.959005e-09	2.307085e+01	2.342285e+02
3.050000e-06	3.540876e-06	4.040333e-09	2.301651e+01	2.341393e+02
3.060000e-06	3.531977e-06	3.949838e-09	2.295866e+01	2.339921e+02
3.070000e-06	3.522644e-06	4.032562e-09	2.289800e+01	2.337928e+02
3.080000e-06	3.512955e-06	4.114573e-09	2.283502e+01	2.335480e+02
3.090000e-06	3.502830e-06	3.800601e-09	2.276920e+01	2.332647e+02
3.100000e-06	3.492239e-06	3.848692e-09	2.270035e+01	2.329493e+02
3.110000e-06	3.481188e-06	4.171868e-09	2.262852e+01	2.326078e+02
3.120000e-06	3.469767e-06	4.021150e-09	2.255428e+01	2.322447e+02
3.130000e-06	3.457913e-06	3.762059e-09	2.247723e+01	2.318636e+02
3.140000e-06	3.445360e-06	4.026913e-09	2.239563e+01	2.314669e+02
3.150000e-06	3.432125e-06	4.165877e-09	2.230960e+01	2.310559e+02
3.160000e-06	3.418495e-06	3.924426e-09	2.222101e+01	2.306311e+02
3.170000e-06	3.404303e-06	3.811350e-09	2.212875e+01	2.301924e+02
3.180000e-06	3.389443e-06	3.957017e-09	2.203216e+01	2.297393e+02
3.190000e-06	3.374186e-06	4.038271e-09	2.193299e+01	2.292709e+02
3.200000e-06	3.358624e-06	3.922088e-09	2.183183e+01	2.287861e+02
3.210000e-06	3.342705e-06	3.772028e-09	2.172835e+01	2.282838e+02
3.220000e-06	3.326401e-06	3.912345e-09	2.162237e+01	2.277625e+02
3.230000e-06	3.309718e-06	4.042228e-09	2.151393e+01	2.272206e+02
3.240000e-06	3.292660e-06	3.829826e-09	2.140304e+01	2.266565e+02
3.250000e-06	3.275230e-06	3.769488e-09	2.128975e+01	2.260684e+02
3.260000e-06	3.257421e-06	3.909374e-09	2.117399e+01	2.254545e+02
3.270000e-06	3.239275e-06	3.902183e-09	2.105603e+01	2.248134e+02
3.280000e-06	3.220784e-06	3.812464e-09	2.093583e+01	2.241439e+02
3.290000e-06	3.201847e-06	3.780127e-09	2.081274e+01	2.234455e+02
3.300000e-06	3.182555e-06	3.798337e-09	2.068734e+01	2.227183e+02
3.310000e-06	3.163103e-06	3.867428e-09	2.056089e+01	2.219631e+02
3.320000e-06	3.143510e-06	3.783385e-09	2.043354e+01	2.211815e+02
3.330000e-06	3.123653e-06	3.699027e-09	2.030446e+01	2.203756e+02
3.340000e-06	3.103418e-06	3.764334e-09	2.017293e+01	2.195479e+02
3.350000e-06	3.082656e-06	3.794320e-09	2.003797e+01	2.187010e+02
3.360000e-06	3.061117e-06	3.731433e-09	1.989796e+01	2.178371e+02
3.370000e-06	3.038872e-06	3.670472e-09	1.975336e+01	2.169581e+02
3.380000e-06	3.016170e-06	3.679594e-09	1.960580e+01	2.160648e+02
3.390000e-06	2.993111e-06	3.727482e-09	1.945591e+01	2.151573e+02
3.400000e-06	2.969781e-06	3.682738e-09	1.930426e+01	2.142345e+02
3.410000e-06	2.946242e-06	3.599544e-09	1.915125e+01	2.132946e+02
3.420000e-06	2.922487e-06	3.622867e-09	1.899684e+01	2.123350e+02
3.430000e-06	2.898444e-06	3.658492e-09	1.884055e+01	2.113530e+02
3.440000e-06	2.874095e-06	3.618245e-09	1.868228e+01	2.103457e+02
3.450000e-06	2.849292e-06	3.539057e-09	1.852105e+01	2.093111e+02
3.460000e-06	2.824066e-06	3.542933e-09	1.835708e+01	2.082475e+02
3.470000e-06	2.798585e-06	3.586626e-09	1.819145e+01	2.071548e+02
3.480000e-06	2.772763e-06	3.534940e-09	1.802359e+01	2.060336e+02
3.490000e-06	2.746610e-06	3.459833e-09	1.785359e+01	2.048857e+02
3.500000e-06	2.720063e-06	3.461497e-09	1.768103e+01	2.037137e+02
3.510000e-06	2.693154e-06	3.485290e-09	1.750612e+01	2.025206e+02
3.520000e-06	2.666017e-06	3.447480e-09	1.732972e+01	2.013092e+02
3.530000e-06	2.638687e-06	3.372470e-09	1.715207e+01	2.000821e+02
3.540000e-06	2.611236e-06	3.368234e-09	1.697363e+01	1.988408e+02
3.550000e-06	2.583631e-06	3.398132e-09	1.679419e+01	1.975856e+02
3.560000e-06	2.555732e-06	3.355191e-09	1.661284e+01	1.963156e+02
3.570000e-06	2.527413e-06	3.288464e-09	1.642876e+01	1.950287e+02
3.580000e-06	2.498541e-06	3.280338e-09	1.624109e+01	1.937215e+02
3.590000e-06	2.469186e-06	3.300787e-09	1.605027e+01	1.923903e+02
3.600000e-06	2.439431e-06	3.266344e-09	1.585686e+01	1.910312e+02
3.610000e-06	2.409260e-06	3.196839e-09	1.566074e+01	1.896405e+02
3.620000e-06	2.378712e-06	3.182488e-09	1.546217e+01	1.882157e+02
3.630000e-06	2.347814e-06	3.193918e-09	1.526133e+01	1.867555e+02
3.640000e-06	2.316684e-06	3.161864e-09	1.505898e+01	1.852600e+02
3.650000e-06	2.285372e-06	3.102258e-09	1.485545e+01	1.837309e+02
3.660000e-06	2.253879e-06	3.082746e-09	1.465073e+01	1.821714e+02
3.670000e-06	2.222227e-06	3.093716e-09	1.444498e+01	1.805856e+02
3.680000e-06	2.190362e-06	3.060754e-09	1.423785e+01	1.789781e+02
3.690000e-06	2.158209e-06	2.995909e-09	1.402885e+01	1.773534e+02
3.700000e-06	2.125730e-06	2.964406e-09	1.381773e+01	1.757154e+02
3.710000e-06	2.093041e-06	2.962830e-09	1.360525e+01	1.740671e+02
3.720000e-06	2.060180e-06	2.937404e-09	1.339164e+01	1.724099e+02
3.730000e-06	2.027081e-06	2.883394e-09	1.317649e+01	1.707436e+02
3.740000e-06	1.993733e-06	2.854828e-09	1.295972e+01	1.690669e+02
3.750000e-06	1.960160e-06	2.853997e-09	1.274149e+01	1.673770e+02
3.760000e-06	1.926376e-06	2.827725e-09	1.252189e+01	1.656704e+02
3.770000e-06	1.892356e-06	2.772823e-09	1.230075e+01	1.639433e+02
3.780000e-06	1.858211e-06	2.732613e-09	1.207880e+01	1.621924e+02
3.790000e-06	1.823766e-06	2.723485e-09	1.185490e+01	1.604150e+02
3.800000e-06	1.788950e-06	2.696806e-09	1.162859e+01	1.586094e+02
3.810000e-06	1.753993e-06	2.644420e-09	1.140136e+01	1.567754e+02
3.820000e-06	1.718896e-06	2.607185e-09	1.117322e+01	1.549139e+02
3.830000e-06	1.683633e-06	2.594764e-09	1.094400e+01	1.530269e+02
3.840000e-06	1.648289e-06	2.572514e-09	1.071425e+01	1.511171e+02
3.850000e-06	1.612849e-06	2.521889e-09	1.048389e+01	1.491873e+02
3.860000e-06	1.577304e-06	2.479574e-09	1.025284e+01	1.472404e+02
3.870000e-06	1.541678e-06	2.459476e-09	1.002126e+01	1.452781e+02
3.880000e-06	1.505946e-06	2.430523e-09	9.788996e+00	1.433015e+02
3.890000e-06	1.470000e-06	2.381779e-09	9.555336e+00	1.413104e+02
3.900000e-06	1.433813e-06	2.339347e-09	9.320111e+00	1.393032e+02
3.910000e-06	1.397354e-06	2.320134e-09	9.083124e+00	1.372776e+02
3.920000e-06	1.360573e-06	2.295981e-09	8.844035e+00	1.352306e+02
3.930000e-06	1.323560e-06	2.249049e-09	8.603446e+00	1.331591e+02
3.940000e-06	1.286320e-06	2.205337e-09	8.361373e+00	1.310604e+02
3.950000e-06	1.248848e-06	2.178342e-09	8.117796e+00	1.289326e+02
3.960000e-06	1.211084e-06	2.148463e-09	7.872326e+00	1.267748e+02
3.970000e-06	1.172909e-06	2.098717e-09	7.624180e+00	1.245879e+02
3.980000e-06	1.134479e-06	2.051552e-09	7.374377e+00	1.223737e+02
3.990000e-06	1.095833e-06	2.022330e-09	7.123167e+00	1.201355e+02
4.000000e-06	1.056986e-06	1.992137e-09	6.870654e+00	1.178774e+02
4.010000e-06	1.018036e-06	1.945942e-09	6.617469e+00	1.156037e+02
4.020000e-06	9.790384e-07	1.899619e-09	6.363975e+00	1.133187e+02
4.030000e-06	9.399759e-07	1.863641e-09	6.110059e+00	1.110260e+02
4.040000e-06	9.008032e-07	1.828953e-09	5.855427e+00	1.087279e+02
4.050000e-06	8.615834e-07	1.784248e-09	5.600490e+00	1.064255e+02
4.060000e-06	8.223179e-07	1.741185e-09	5.345255e+00	1.041185e+02
4.070000e-06	7.829834e-07	1.711522e-09	5.089572e+00	1.018049e+02
4.080000e-06	7.435951e-07	1.682435e-09	4.833539e+00	9.948178e+01
4.090000e-06	7.041974e-07	1.640030e-09	4.577445e+00	9.714550e+01
4.100000e-06	6.647460e-07	1.591416e-09	4.321001e+00	9.479204e+01
4.110000e-06	6.252797e-07	1.548147e-09	4.064462e+00	9.241761e+01
4.120000e-06	5.857639e-07	1.505198e-09	3.807600e+00	9.001903e+01
4.130000e-06	5.461879e-07	1.457114e-09	3.550347e+00	8.759405e+01
4.140000e-06	5.066154e-07	1.413536e-09	3.293116e+00	8.514152e+01
4.150000e-06	4.670058e-07	1.381431e-09	3.035645e+00	8.266135e+01
4.160000e-06	4.273516e-07	1.348597e-09	2.777883e+00	8.015442e+01
4.170000e-06	3.876271e-07	1.305955e-09	2.519665e+00	7.762232e+01
4.180000e-06	3.478312e-07	1.256424e-09	2.260983e+00	7.506697e+01
4.190000e-06	3.080840e-07	1.208861e-09	2.002617e+00	7.249036e+01
4.200000e-06	2.683343e-07	1.161926e-09	1.744235e+00	6.989419e+01
4.210000e-06	2.284991e-07	1.113944e-09	1.485296e+00	6.727973e+01
4.220000e-06	1.886805e-07	1.066988e-09	1.226466e+00	6.464768e+01
4.230000e-06	1.488624e-07	1.028952e-09	9.676398e-01	6.199822e+01
4.240000e-06	1.090207e-07	9.937146e-10	7.086596e-01	5.933116e+01
4.250000e-06	6.918727e-08	9.505549e-10	4.497331e-01	5.664616e+01
4.260000e-06	2.925856e-08	9.027981e-10	1.901873e-01	5.394296e+01
4.270000e-06	-1.071675e-08	8.524888e-10	-6.966132e-02	5.122162e+01
4.280000e-06	-5.070175e-08	8.002361e-10	-3.295730e-01	4.848269e+01
4.290000e-06	-9.067224e-08	7.476634e-10	-5.893904e-01	4.572728e+01
4.300000e-06	-1.305344e-07	6.954971e-10	-8.485035e-01	4.295696e+01
4.310000e-06	-1.704318e-07	6.483956e-10	-1.107846e+00	4.017364e+01
4.320000e-06	-2.102731e-07	6.055150e-10	-1.366823e+00	3.737930e+01
4.330000e-06	-2.500369e-07	5.621997e-10	-1.625297e+00	3.457568e+01
4.340000e-06	-2.898223e-07	5.187124e-10	-1.883911e+00	3.176398e+01
4.350000e-06	-3.296064e-07	4.697651e-10	-2.142517e+00	2.894461e+01
4.360000e-06	-3.694105e-07	4.188568e-10	-2.401253e+00	2.611708e+01
4.370000e-06	-4.091524e-07	3.674546e-10	-2.659584e+00	2.328001e+01
4.380000e-06	-4.488413e-07	3.171615e-10	-2.917571e+00	2.043126e+01
4.390000e-06	-4.884872e-07	2.710603e-10	-3.175279e+00	1.756824e+01
4.400000e-06	-5.280464e-07	2.249958e-10	-3.432422e+00	1.468830e+01
4.410000e-06	-5.675332e-07	1.758713e-10	-3.689096e+00	1.178921e+01
4.420000e-06	-6.069977e-07	1.239135e-10	-3.945624e+00	8.869552e+00
4.430000e-06	-6.464394e-07	7.367762e-11	-4.202004e+00	5.929094e+00
4.440000e-06	-6.858792e-07	2.273903e-11	-4.458372e+00	2.969000e+00
4.450000e-06	-7.253218e-07	-3.081529e-11	-4.714758e+00	-8.125904e-03
4.460000e-06	-7.647510e-07	-8.290201e-11	-4.971057e+00	-2.998390e+00
4.470000e-06	-8.041347e-07	-1.298105e-10	-5.227060e+00	-5.996932e+00
4.480000e-06	-8.434413e-07	-1.770389e-10	-5.482562e+00	-8.998383e+00
4.490000e-06	-8.826709e-07	-2.255302e-10	-5.737564e+00	-1.199740e+01
4.500000e-06	-9.217917e-07	-2.767973e-10	-5.991857e+00	-1.498920e+01
4.510000e-06	-9.607943e-07	-3.265510e-10	-6.245383e+00	-1.797003e+01
4.520000e-06	-9.996987e-07	-3.806855e-10	-6.498271e+00	-2.093745e+01
4.530000e-06	-1.038513e-06	-4.366442e-10	-6.750572e+00	-2.389051e+01
4.540000e-06	-1.077174e-06	-4.855863e-10	-7.001876e+00	-2.682965e+01
4.550000e-06	-1.115647e-06	-5.309705e-10	-7.251960e+00	-2.975638e+01
4.560000e-06	-1.153969e-06	-5.772130e-10	-7.501062e+00	-3.267291e+01
4.570000e-06	-1.192046e-06	-6.284943e-10	-7.748575e+00	-3.558156e+01
4.580000e-06	-1.229816e-06	-6.762370e-10	-7.994087e+00	-3.848425e+01
4.590000e-06	-1.267296e-06	-7.212562e-10	-8.237715e+00	-4.138198e+01
4.600000e-06	-1.304524e-06	-7.702143e-10	-8.479705e+00	-4.427450e+01
4.610000e-06	-1.341580e-06	-8.230676e-10	-8.720579e+00	-4.716018e+01
4.620000e-06	-1.378446e-06	-8.756432e-10	-8.960217e+00	-5.003611e+01
4.630000e-06	-1.415024e-06	-9.259355e-10	-9.197978e+00	-5.289834e+01
4.640000e-06	-1.451286e-06	-9.749611e-10	-9.433692e+00	-5.574244e+01
4.650000e-06	-1.487316e-06	-1.023780e-09	-9.667898e+00	-5.856404e+01
4.660000e-06	-1.523183e-06	-1.069038e-09	-9.901038e+00	-6.135945e+01
4.670000e-06	-1.558875e-06	-1.111422e-09	-1.013304e+01	-6.412623e+01
4.680000e-06	-1.594378e-06	-1.155354e-09	-1.036382e+01	-6.686358e+01
4.690000e-06	-1.629796e-06	-1.201022e-09	-1.059405e+01	-6.957250e+01
4.700000e-06	-1.665168e-06	-1.249294e-09	-1.082397e+01	-7.225572e+01
4.710000e-06	-1.700496e-06	-1.298399e-09	-1.105361e+01	-7.491737e+01
4.720000e-06	-1.735685e-06	-1.344753e-09	-1.128235e+01	-7.756242e+01
4.730000e-06	-1.770657e-06	-1.388594e-09	-1.150968e+01	-8.019602e+01
4.740000e-06	-1.805410e-06	-1.432042e-09	-1.173558e+01	-8.282269e+01
4.750000e-06	-1.839888e-06	-1.475358e-09	-1.195970e+01	-8.544571e+01
4.760000e-06	-1.874098e-06	-1.518907e-09	-1.218206e+01	-8.806652e+01
4.770000e-06	-1.908188e-06	-1.560479e-09	-1.240366e+01	-9.068447e+01
4.780000e-06	-1.942072e-06	-1.602999e-09	-1.262392e+01	-9.329676e+01
4.790000e-06	-1.975702e-06	-1.646559e-09	-1.284252e+01	-9.589872e+01
4.800000e-06	-2.009141e-06	-1.689061e-09	-1.305988e+01	-9.848436e+01
4.810000e-06	-2.042317e-06	-1.734662e-09	-1.327553e+01	-1.010471e+02
4.820000e-06	-2.075239e-06	-1.781590e-09	-1.348953e+01	-1.035805e+02
4.830000e-06	-2.107883e-06	-1.826859e-09	-1.370172e+01	-1.060793e+02
4.840000e-06	-2.140280e-06	-1.868405e-09	-1.391231e+01	-1.085399e+02
4.850000e-06	-2.172368e-06	-1.907679e-09	-1.412089e+01	-1.109609e+02
4.860000e-06	-2.204184e-06	-1.945912e-09	-1.432770e+01	-1.133432e+02
4.870000e-06	-2.235836e-06	-1.981795e-09	-1.453345e+01	-1.156900e+02
4.880000e-06	-2.267316e-06	-2.015402e-09	-1.473808e+01	-1.180062e+02
4.890000e-06	-2.298666e-06	-2.053336e-09	-1.494186e+01	-1.202980e+02
4.900000e-06	-2.329853e-06	-2.095330e-09	-1.514458e+01	-1.225716e+02
4.910000e-06	-2.360697e-06	-2.137374e-09	-1.534507e+01	-1.248330e+02
4.920000e-06	-2.391152e-06	-2.176455e-09	-1.554304e+01	-1.270866e+02
4.930000e-06	-2.421207e-06	-2.213651e-09	-1.573840e+01	-1.293348e+02
4.940000e-06	-2.450710e-06	-2.250358e-09	-1.593018e+01	-1.315781e+02
4.950000e-06	-2.479765e-06	-2.286940e-09	-1.611904e+01	-1.338146e+02
4.960000e-06	-2.508403e-06	-2.321495e-09	-1.630520e+01	-1.360404e+02
4.970000e-06	-2.536629e-06	-2.354996e-09	-1.648867e+01	-1.382504e+02
4.980000e-06	-2.564550e-06	-2.392717e-09	-1.667016e+01	-1.404389e+02
4.990000e-06	-2.592153e-06	-2.431629e-09	-1.684959e+01	-1.426006e+02
5.000000e-06	-2.619624e-06	-2.469233e-09	-1.702816e+01	-1.447310e+02
5.010000e-06	-2.647002e-06	-2.504374e-09	-1.720612e+01	-1.468274e+02
5.020000e-06	-2.674113e-06	-2.540864e-09	-1.738235e+01	-1.488892e+02
5.030000e-06	-2.700863e-06	-2.578352e-09	-1.755623e+01	-1.509178e+02
5.040000e-06	-2.727314e-06	-2.610110e-09	-1.772817e+01	-1.529164e+02
5.050000e-06	-2.753478e-06	-2.639842e-09	-1.789824e+01	-1.548895e+02
5.060000e-06	-2.779246e-06	-2.672071e-09	-1.806574e+01	-1.568422e+02
5.070000e-06	-2.804587e-06	-2.707939e-09	-1.823046e+01	-1.587794e+02
5.080000e-06	-2.829663e-06	-2.742096e-09	-1.839346e+01	-1.607048e+02
5.090000e-06	-2.854464e-06	-2.772223e-09	-1.855467e+01	-1.626204e+02
5.100000e-06	-2.878825e-06	-2.804732e-09	-1.871303e+01	-1.645263e+02
5.110000e-06	-2.902859e-06	-2.838517e-09	-1.886925e+01	-1.664203e+02
5.120000e-06	-2.926558e-06	-2.869700e-09	-1.902330e+01	-1.682980e+02
5.130000e-06	-2.949989e-06	-2.898036e-09	-1.917560e+01	-1.701540e+02
5.140000e-06	-2.973293e-06	-2.927458e-09	-1.932709e+01	-1.719819e+02
5.150000e-06	-2.996393e-06	-2.956904e-09	-1.947724e+01	-1.737757e+02
5.160000e-06	-3.019134e-06	-2.983781e-09	-1.962507e+01	-1.755303e+02
5.170000e-06	-3.041377e-06	-3.009698e-09	-1.976965e+01	-1.772426e+02
5.180000e-06	-3.063004e-06	-3.035523e-09	-1.991023e+01	-1.789115e+02
5.190000e-06	-3.084038e-06	-3.064279e-09	-2.004695e+01	-1.805387e+02
5.200000e-06	-3.104545e-06	-3.091235e-09	-2.018025e+01	-1.821279e+02
5.210000e-06	-3.124528e-06	-3.117094e-09	-2.031015e+01	-1.836848e+02
5.220000e-06	-3.144192e-06	-3.145649e-09	-2.043797e+01	-1.852160e+02
5.230000e-06	-3.163681e-06	-3.173293e-09	-2.056465e+01	-1.867282e+02
5.240000e-06	-3.182891e-06	-3.197627e-09	-2.068952e+01	-1.882273e+02
5.250000e-06	-3.201776e-06	-3.216899e-09	-2.081228e+01	-1.897176e+02
5.260000e-06	-3.220298e-06	-3.239059e-09	-2.093268e+01	-1.912008e+02
5.270000e-06	-3.238386e-06	-3.266083e-09	-2.105025e+01	-1.926762e+02
5.280000e-06	-3.256174e-06	-3.290297e-09	-2.116588e+01	-1.941405e+02
5.290000e-06	-3.273681e-06	-3.314130e-09	-2.127968e+01	-1.955883e+02
5.300000e-06	-3.290825e-06	-3.340571e-09	-2.139111e+01	-1.970128e+02
5.310000e-06	-3.307563e-06	-3.368383e-09	-2.149992e+01	-1.984065e+02
5.320000e-06	-3.323916e-06	-3.390352e-09	-2.160622e+01	-1.997626e+02
5.330000e-06	-3.339930e-06	-3.406644e-09	-2.171031e+01	-2.010756e+02
5.340000e-06	-3.355623e-06	-3.422822e-09	-2.181232e+01	-2.023424e+02
5.350000e-06	-3.371028e-06	-3.438746e-09	-2.191245e+01	-2.035624e+02
5.360000e-06	-3.386141e-06	-3.456871e-09	-2.201070e+01	-2.047375e+02
5.370000e-06	-3.400749e-06	-3.478397e-09	-2.210565e+01	-2.058722e+02
5.380000e-06	-3.414651e-06	-3.501717e-09	-2.219601e+01	-2.069727e+02
5.390000e-06	-3.427905e-06	-3.523444e-09	-2.228217e+01	-2.080460e+02
5.400000e-06	-3.440621e-06	-3.541958e-09	-2.236483e+01	-2.090989e+02
5.410000e-06	-3.452790e-06	-3.557585e-09	-2.244392e+01	-2.101370e+02
5.420000e-06	-3.464473e-06	-3.571035e-09	-2.251987e+01	-2.111641e+02
5.430000e-06	-3.475854e-06	-3.584894e-09	-2.259385e+01	-2.121812e+02
5.440000e-06	-3.486831e-06	-3.597907e-09	-2.266520e+01	-2.131867e+02
5.450000e-06	-3.497270e-06	-3.612513e-09	-2.273306e+01	-2.141763e+02
5.460000e-06	-3.507283e-06	-3.632060e-09	-2.279814e+01	-2.151441e+02
5.470000e-06	-3.516946e-06	-3.651528e-09	-2.286095e+01	-2.160827e+02
5.480000e-06	-3.526231e-06	-3.668496e-09	-2.292131e+01	-2.169850e+02
5.490000e-06	-3.535100e-06	-3.681342e-09	-2.297896e+01	-2.178448e+02
5.500000e-06	-3.543501e-06	-3.689632e-09	-2.303357e+01	-2.186581e+02
5.510000e-06	-3.551518e-06	-3.697836e-09	-2.308568e+01	-2.194234e+02
5.520000e-06	-3.559199e-06	-3.705628e-09	-2.313561e+01	-2.201424e+02
5.530000e-06	-3.566614e-06	-3.714305e-09	-2.318381e+01	-2.208197e+02
5.540000e-06	-3.573695e-06	-3.727381e-09	-2.322984e+01	-2.214624e+02
5.550000e-06	-3.580292e-06	-3.741877e-09	-2.327272e+01	-2.220791e+02
5.560000e-06	-3.586328e-06	-3.755375e-09	-2.331195e+01	-2.226792e+02
5.570000e-06	-3.591720e-06	-3.766339e-09	-2.334701e+01	-2.232711e+02
5.580000e-06	-3.596438e-06	-3.774943e-09	-2.337767e+01	-2.238616e+02
5.590000e-06	-3.600561e-06	-3.781529e-09	-2.340447e+01	-2.244548e+02
5.600000e-06	-3.604283e-06	-3.787335e-09	-2.342867e+01	-2.250515e+02
5.610000e-06	-3.607778e-06	-3.796219e-09	-2.345139e+01	-2.256488e+02
5.620000e-06	-3.611078e-06	-3.808260e-09	-2.347283e+01	-2.262409e+02
5.630000e-06	-3.614019e-06	-3.819720e-09	-2.349195e+01	-2.268195e+02
5.640000e-06	-3.616470e-06	-3.830619e-09	-2.350788e+01	-2.273749e+02
5.650000e-06	-3.618484e-06	-3.840365e-09	-2.352097e+01	-2.278972e+02
5.660000e-06	-3.620140e-06	-3.849937e-09	-2.353174e+01	-2.283777e+02
5.670000e-06	-3.621454e-06	-3.857554e-09	-2.354028e+01	-2.288101e+02
5.680000e-06	-3.622342e-06	-3.862437e-09	-2.354605e+01	-2.291912e+02
5.690000e-06	-3.622712e-06	-3.865834e-09	-2.354846e+01	-2.295219e+02
