# Temperatura_=_20.0
# Concentracion g/m^3_=_12000.0
# C_Vs_to_Am_M_A/Vsm_=_59384043850.047264
# pendiente_HvsI_1/m_=_3716.3
# ordenada_HvsI_A/m_=_1297.0
# frecuencia_Hz_=_175591.38926740745

Tiempo_(s)	Campo_(V.s)	Magnetizacion_(V.s)	Campo_(kA/m)	Magnetizacion_(A/m)
0.000000e+00	-3.626262e-06	-3.905735e-09	-2.355023e+01	-2.318843e+02
1.000000e-08	-3.626205e-06	-3.912920e-09	-2.354986e+01	-2.322161e+02
2.000000e-08	-3.625881e-06	-3.917428e-09	-2.354775e+01	-2.325100e+02
3.000000e-08	-3.625265e-06	-3.919360e-09	-2.354375e+01	-2.327719e+02
4.000000e-08	-3.624369e-06	-3.926873e-09	-2.353793e+01	-2.330098e+02
5.000000e-08	-3.623088e-06	-3.933357e-09	-2.352961e+01	-2.332333e+02
6.000000e-08	-3.621133e-06	-3.936991e-09	-2.351692e+01	-2.334526e+02
7.000000e-08	-3.618486e-06	-3.953816e-09	-2.349972e+01	-2.336774e+02
8.000000e-08	-3.615164e-06	-3.985997e-09	-2.347815e+01	-2.339159e+02
9.000000e-08	-3.611174e-06	-3.920579e-09	-2.345224e+01	-2.341736e+02
1.000000e-07	-3.606788e-06	-3.774782e-09	-2.342375e+01	-2.344528e+02
1.100000e-07	-3.602254e-06	-3.915862e-09	-2.339431e+01	-2.347517e+02
1.200000e-07	-3.597490e-06	-4.120091e-09	-2.336337e+01	-2.350644e+02
1.300000e-07	-3.592306e-06	-4.001950e-09	-2.332970e+01	-2.353812e+02
1.400000e-07	-3.586563e-06	-3.756624e-09	-2.329241e+01	-2.356891e+02
1.500000e-07	-3.580335e-06	-3.921849e-09	-2.325196e+01	-2.359732e+02
1.600000e-07	-3.573804e-06	-4.160821e-09	-2.320955e+01	-2.362173e+02
1.700000e-07	-3.566793e-06	-3.855467e-09	-2.316401e+01	-2.364059e+02
1.800000e-07	-3.559344e-06	-3.769439e-09	-2.311564e+01	-2.365253e+02
1.900000e-07	-3.551609e-06	-3.956661e-09	-2.306540e+01	-2.365647e+02
2.000000e-07	-3.543431e-06	-3.928872e-09	-2.301229e+01	-2.365176e+02
2.100000e-07	-3.534871e-06	-3.906477e-09	-2.295670e+01	-2.363816e+02
2.200000e-07	-3.526113e-06	-3.995402e-09	-2.289982e+01	-2.361593e+02
2.300000e-07	-3.516968e-06	-3.838371e-09	-2.284043e+01	-2.358574e+02
2.400000e-07	-3.507073e-06	-3.724652e-09	-2.277617e+01	-2.354861e+02
2.500000e-07	-3.496545e-06	-4.018219e-09	-2.270780e+01	-2.350583e+02
2.600000e-07	-3.485503e-06	-4.024905e-09	-2.263609e+01	-2.345880e+02
2.700000e-07	-3.473796e-06	-3.662148e-09	-2.256006e+01	-2.340890e+02
2.800000e-07	-3.461560e-06	-3.788915e-09	-2.248059e+01	-2.335739e+02
2.900000e-07	-3.448985e-06	-4.091773e-09	-2.239892e+01	-2.330531e+02
3.000000e-07	-3.436031e-06	-3.858833e-09	-2.231480e+01	-2.325338e+02
3.100000e-07	-3.422631e-06	-3.648542e-09	-2.222777e+01	-2.320198e+02
3.200000e-07	-3.408783e-06	-3.810315e-09	-2.213784e+01	-2.315115e+02
3.300000e-07	-3.394537e-06	-3.954109e-09	-2.204532e+01	-2.310067e+02
3.400000e-07	-3.379799e-06	-3.832066e-09	-2.194961e+01	-2.305007e+02
3.500000e-07	-3.364503e-06	-3.710132e-09	-2.185027e+01	-2.299876e+02
3.600000e-07	-3.348427e-06	-3.787481e-09	-2.174587e+01	-2.294609e+02
3.700000e-07	-3.331671e-06	-3.896004e-09	-2.163705e+01	-2.289150e+02
3.800000e-07	-3.314588e-06	-3.789685e-09	-2.152611e+01	-2.283449e+02
3.900000e-07	-3.297158e-06	-3.687757e-09	-2.141291e+01	-2.277480e+02
4.000000e-07	-3.279402e-06	-3.767573e-09	-2.129759e+01	-2.271230e+02
4.100000e-07	-3.261304e-06	-3.803265e-09	-2.118006e+01	-2.264707e+02
4.200000e-07	-3.242928e-06	-3.754693e-09	-2.106072e+01	-2.257936e+02
4.300000e-07	-3.224204e-06	-3.707710e-09	-2.093912e+01	-2.250948e+02
4.400000e-07	-3.204946e-06	-3.694661e-09	-2.081405e+01	-2.243778e+02
4.500000e-07	-3.185240e-06	-3.737232e-09	-2.068607e+01	-2.236461e+02
4.600000e-07	-3.165217e-06	-3.737859e-09	-2.055603e+01	-2.229020e+02
4.700000e-07	-3.144931e-06	-3.647016e-09	-2.042429e+01	-2.221467e+02
4.800000e-07	-3.124432e-06	-3.650496e-09	-2.029116e+01	-2.213800e+02
4.900000e-07	-3.103682e-06	-3.711615e-09	-2.015640e+01	-2.206002e+02
5.000000e-07	-3.082678e-06	-3.671422e-09	-2.002000e+01	-2.198045e+02
5.100000e-07	-3.061326e-06	-3.596862e-09	-1.988133e+01	-2.189892e+02
5.200000e-07	-3.039576e-06	-3.598094e-09	-1.974008e+01	-2.181505e+02
5.300000e-07	-3.017446e-06	-3.626231e-09	-1.959636e+01	-2.172850e+02
5.400000e-07	-2.994984e-06	-3.607794e-09	-1.945048e+01	-2.163896e+02
5.500000e-07	-2.972200e-06	-3.555803e-09	-1.930252e+01	-2.154630e+02
5.600000e-07	-2.948988e-06	-3.547955e-09	-1.915177e+01	-2.145046e+02
5.700000e-07	-2.925399e-06	-3.583095e-09	-1.899857e+01	-2.135154e+02
5.800000e-07	-2.901460e-06	-3.562196e-09	-1.884311e+01	-2.124977e+02
5.900000e-07	-2.877271e-06	-3.488084e-09	-1.868601e+01	-2.114543e+02
6.000000e-07	-2.852877e-06	-3.470920e-09	-1.852759e+01	-2.103886e+02
6.100000e-07	-2.828234e-06	-3.503428e-09	-1.836755e+01	-2.093038e+02
6.200000e-07	-2.803303e-06	-3.480929e-09	-1.820564e+01	-2.082025e+02
6.300000e-07	-2.778000e-06	-3.418692e-09	-1.804131e+01	-2.070866e+02
6.400000e-07	-2.752219e-06	-3.409345e-09	-1.787388e+01	-2.059568e+02
6.500000e-07	-2.725836e-06	-3.434858e-09	-1.770254e+01	-2.048124e+02
6.600000e-07	-2.698848e-06	-3.416867e-09	-1.752727e+01	-2.036521e+02
6.700000e-07	-2.671458e-06	-3.355722e-09	-1.734939e+01	-2.024733e+02
6.800000e-07	-2.643748e-06	-3.334242e-09	-1.716943e+01	-2.012733e+02
6.900000e-07	-2.615695e-06	-3.350365e-09	-1.698725e+01	-2.000490e+02
7.000000e-07	-2.587394e-06	-3.327102e-09	-1.680345e+01	-1.987978e+02
7.100000e-07	-2.558937e-06	-3.268823e-09	-1.661864e+01	-1.975175e+02
7.200000e-07	-2.530273e-06	-3.246831e-09	-1.643249e+01	-1.962071e+02
7.300000e-07	-2.501258e-06	-3.261771e-09	-1.624405e+01	-1.948661e+02
7.400000e-07	-2.471916e-06	-3.242124e-09	-1.605349e+01	-1.934952e+02
7.500000e-07	-2.442356e-06	-3.191496e-09	-1.586152e+01	-1.920955e+02
7.600000e-07	-2.412656e-06	-3.166858e-09	-1.566864e+01	-1.906690e+02
7.700000e-07	-2.382660e-06	-3.171027e-09	-1.547383e+01	-1.892175e+02
7.800000e-07	-2.352316e-06	-3.147945e-09	-1.527677e+01	-1.877431e+02
7.900000e-07	-2.321736e-06	-3.095059e-09	-1.507817e+01	-1.862473e+02
8.000000e-07	-2.290876e-06	-3.062770e-09	-1.487776e+01	-1.847314e+02
8.100000e-07	-2.259710e-06	-3.059689e-09	-1.467535e+01	-1.831960e+02
8.200000e-07	-2.228192e-06	-3.036267e-09	-1.447067e+01	-1.816414e+02
8.300000e-07	-2.196495e-06	-2.986254e-09	-1.426481e+01	-1.800675e+02
8.400000e-07	-2.164665e-06	-2.955638e-09	-1.405810e+01	-1.784738e+02
8.500000e-07	-2.132600e-06	-2.953701e-09	-1.384985e+01	-1.768602e+02
8.600000e-07	-2.100330e-06	-2.934714e-09	-1.364028e+01	-1.752264e+02
8.700000e-07	-2.067906e-06	-2.891160e-09	-1.342971e+01	-1.735727e+02
8.800000e-07	-2.035335e-06	-2.855773e-09	-1.321818e+01	-1.718993e+02
8.900000e-07	-2.002543e-06	-2.841981e-09	-1.300522e+01	-1.702070e+02
9.000000e-07	-1.969500e-06	-2.823318e-09	-1.279063e+01	-1.684966e+02
9.100000e-07	-1.936151e-06	-2.780225e-09	-1.257405e+01	-1.667690e+02
9.200000e-07	-1.902499e-06	-2.742138e-09	-1.235550e+01	-1.650246e+02
9.300000e-07	-1.868491e-06	-2.723339e-09	-1.213464e+01	-1.632636e+02
9.400000e-07	-1.834076e-06	-2.701684e-09	-1.191114e+01	-1.614856e+02
9.500000e-07	-1.799285e-06	-2.661042e-09	-1.168519e+01	-1.596895e+02
9.600000e-07	-1.764218e-06	-2.626666e-09	-1.145746e+01	-1.578738e+02
9.700000e-07	-1.728857e-06	-2.613546e-09	-1.122781e+01	-1.560365e+02
9.800000e-07	-1.693218e-06	-2.595807e-09	-1.099636e+01	-1.541754e+02
9.900000e-07	-1.657292e-06	-2.553936e-09	-1.076304e+01	-1.522884e+02
1.000000e-06	-1.621157e-06	-2.511726e-09	-1.052837e+01	-1.503738e+02
1.010000e-06	-1.584949e-06	-2.485363e-09	-1.029322e+01	-1.484306e+02
1.020000e-06	-1.548623e-06	-2.456080e-09	-1.005731e+01	-1.464584e+02
1.030000e-06	-1.512212e-06	-2.410027e-09	-9.820841e+00	-1.444579e+02
1.040000e-06	-1.475662e-06	-2.371542e-09	-9.583467e+00	-1.424308e+02
1.050000e-06	-1.438980e-06	-2.353984e-09	-9.345244e+00	-1.403792e+02
1.060000e-06	-1.402185e-06	-2.336084e-09	-9.106285e+00	-1.383058e+02
1.070000e-06	-1.365286e-06	-2.300762e-09	-8.866650e+00	-1.362135e+02
1.080000e-06	-1.328275e-06	-2.261672e-09	-8.626289e+00	-1.341047e+02
1.090000e-06	-1.291108e-06	-2.230055e-09	-8.384914e+00	-1.319815e+02
1.100000e-06	-1.253736e-06	-2.194635e-09	-8.142203e+00	-1.298449e+02
1.110000e-06	-1.216116e-06	-2.147860e-09	-7.897888e+00	-1.276952e+02
1.120000e-06	-1.178361e-06	-2.101868e-09	-7.652690e+00	-1.255314e+02
1.130000e-06	-1.140441e-06	-2.074164e-09	-7.406425e+00	-1.233521e+02
1.140000e-06	-1.102352e-06	-2.050445e-09	-7.159064e+00	-1.211550e+02
1.150000e-06	-1.064217e-06	-2.013240e-09	-6.911398e+00	-1.189378e+02
1.160000e-06	-1.025945e-06	-1.970749e-09	-6.662848e+00	-1.166985e+02
1.170000e-06	-9.875299e-07	-1.936754e-09	-6.413368e+00	-1.144355e+02
1.180000e-06	-9.490028e-07	-1.904465e-09	-6.163159e+00	-1.121483e+02
1.190000e-06	-9.103603e-07	-1.861824e-09	-5.912201e+00	-1.098372e+02
1.200000e-06	-8.716841e-07	-1.816520e-09	-5.661024e+00	-1.075037e+02
1.210000e-06	-8.329451e-07	-1.780521e-09	-5.409440e+00	-1.051501e+02
1.220000e-06	-7.941088e-07	-1.746296e-09	-5.157223e+00	-1.027796e+02
1.230000e-06	-7.550767e-07	-1.702733e-09	-4.903735e+00	-1.003950e+02
1.240000e-06	-7.159700e-07	-1.656048e-09	-4.649762e+00	-9.799937e+01
1.250000e-06	-6.768303e-07	-1.618393e-09	-4.395575e+00	-9.559474e+01
1.260000e-06	-6.375834e-07	-1.584252e-09	-4.140692e+00	-9.318212e+01
1.270000e-06	-5.983012e-07	-1.544170e-09	-3.885579e+00	-9.076117e+01
1.280000e-06	-5.589878e-07	-1.503471e-09	-3.630264e+00	-8.833018e+01
1.290000e-06	-5.195438e-07	-1.468791e-09	-3.374101e+00	-8.588613e+01
1.300000e-06	-4.799517e-07	-1.431020e-09	-3.116976e+00	-8.342512e+01
1.310000e-06	-4.403302e-07	-1.383656e-09	-2.859660e+00	-8.094272e+01
1.320000e-06	-4.006886e-07	-1.333300e-09	-2.602213e+00	-7.843461e+01
1.330000e-06	-3.609959e-07	-1.291019e-09	-2.344435e+00	-7.589709e+01
1.340000e-06	-3.212168e-07	-1.253504e-09	-2.086095e+00	-7.332763e+01
1.350000e-06	-2.814196e-07	-1.213753e-09	-1.827638e+00	-7.072523e+01
1.360000e-06	-2.415749e-07	-1.174578e-09	-1.568873e+00	-6.809060e+01
1.370000e-06	-2.017044e-07	-1.138049e-09	-1.309939e+00	-6.542617e+01
1.380000e-06	-1.617846e-07	-1.096951e-09	-1.050686e+00	-6.273584e+01
1.390000e-06	-1.218082e-07	-1.045258e-09	-7.910653e-01	-6.002458e+01
1.400000e-06	-8.185179e-08	-9.926479e-10	-5.315744e-01	-5.729779e+01
1.410000e-06	-4.186420e-08	-9.463804e-10	-2.718809e-01	-5.456076e+01
1.420000e-06	-1.867489e-09	-9.024234e-10	-1.212813e-02	-5.181798e+01
1.430000e-06	3.807344e-08	-8.576484e-10	2.472623e-01	-4.907266e+01
1.440000e-06	7.800139e-08	-8.149894e-10	5.065685e-01	-4.632634e+01
1.450000e-06	1.179570e-07	-7.742956e-10	7.660543e-01	-4.357875e+01
1.460000e-06	1.579520e-07	-7.309984e-10	1.025796e+00	-4.082790e+01
1.470000e-06	1.979671e-07	-6.801122e-10	1.285668e+00	-3.807035e+01
1.480000e-06	2.378501e-07	-6.289980e-10	1.544682e+00	-3.530172e+01
1.490000e-06	2.775833e-07	-5.825459e-10	1.802724e+00	-3.251730e+01
1.500000e-06	3.173695e-07	-5.367876e-10	2.061109e+00	-2.971265e+01
1.510000e-06	3.571704e-07	-4.889540e-10	2.319591e+00	-2.688424e+01
1.520000e-06	3.969145e-07	-4.414820e-10	2.577703e+00	-2.402994e+01
1.530000e-06	4.366595e-07	-3.965370e-10	2.835821e+00	-2.114927e+01
1.540000e-06	4.763165e-07	-3.508813e-10	3.093367e+00	-1.824352e+01
1.550000e-06	5.158880e-07	-2.998837e-10	3.350359e+00	-1.531563e+01
1.560000e-06	5.553433e-07	-2.455624e-10	3.606595e+00	-1.236980e+01
1.570000e-06	5.946426e-07	-1.949202e-10	3.861819e+00	-9.411027e+00
1.580000e-06	6.338555e-07	-1.472172e-10	4.116482e+00	-6.444503e+00
1.590000e-06	6.730222e-07	-9.751332e-11	4.370844e+00	-3.475056e+00
1.600000e-06	7.120853e-07	-4.751318e-11	4.624533e+00	-5.066180e-01
1.610000e-06	7.510547e-07	-9.458235e-13	4.877614e+00	2.458140e+00
1.620000e-06	7.899685e-07	4.559221e-11	5.130334e+00	5.417991e+00
1.630000e-06	8.287908e-07	9.798397e-11	5.382460e+00	8.373122e+00
1.640000e-06	8.674755e-07	1.538864e-10	5.633692e+00	1.132490e+01
1.650000e-06	9.060110e-07	2.053592e-10	5.883955e+00	1.427549e+01
1.660000e-06	9.444751e-07	2.517444e-10	6.133755e+00	1.722730e+01
1.670000e-06	9.828680e-07	2.985214e-10	6.383092e+00	2.018247e+01
1.680000e-06	1.021196e-06	3.475927e-10	6.632008e+00	2.314235e+01
1.690000e-06	1.059441e-06	3.945577e-10	6.880384e+00	2.610707e+01
1.700000e-06	1.097594e-06	4.403079e-10	7.128160e+00	2.907529e+01
1.710000e-06	1.135665e-06	4.905303e-10	7.375410e+00	3.204421e+01
1.720000e-06	1.173577e-06	5.452742e-10	7.621623e+00	3.500966e+01
1.730000e-06	1.211275e-06	5.977621e-10	7.866445e+00	3.796647e+01
1.740000e-06	1.248756e-06	6.453554e-10	8.109861e+00	4.090900e+01
1.750000e-06	1.286028e-06	6.939908e-10	8.351918e+00	4.383161e+01
1.760000e-06	1.323127e-06	7.442003e-10	8.592857e+00	4.672935e+01
1.770000e-06	1.360064e-06	7.918190e-10	8.832733e+00	4.959836e+01
1.780000e-06	1.396942e-06	8.362532e-10	9.072233e+00	5.243635e+01
1.790000e-06	1.433694e-06	8.792810e-10	9.310918e+00	5.524274e+01
1.800000e-06	1.470237e-06	9.280544e-10	9.548238e+00	5.801873e+01
1.810000e-06	1.506714e-06	9.795818e-10	9.785135e+00	6.076707e+01
1.820000e-06	1.543195e-06	1.027225e-09	1.002205e+01	6.349175e+01
1.830000e-06	1.579635e-06	1.071889e-09	1.025871e+01	6.619753e+01
1.840000e-06	1.615969e-06	1.117533e-09	1.049468e+01	6.888935e+01
1.850000e-06	1.652174e-06	1.164712e-09	1.072980e+01	7.157185e+01
1.860000e-06	1.688205e-06	1.209568e-09	1.096380e+01	7.424888e+01
1.870000e-06	1.723988e-06	1.252746e-09	1.119619e+01	7.692309e+01
1.880000e-06	1.759502e-06	1.296833e-09	1.142683e+01	7.959578e+01
1.890000e-06	1.794626e-06	1.345007e-09	1.165494e+01	8.226681e+01
1.900000e-06	1.829280e-06	1.391718e-09	1.187999e+01	8.493469e+01
1.910000e-06	1.863523e-06	1.434572e-09	1.210237e+01	8.759688e+01
1.920000e-06	1.897445e-06	1.481096e-09	1.232268e+01	9.025006e+01
1.930000e-06	1.931049e-06	1.531581e-09	1.254091e+01	9.289058e+01
1.940000e-06	1.964283e-06	1.577775e-09	1.275675e+01	9.551477e+01
1.950000e-06	1.997248e-06	1.620845e-09	1.297084e+01	9.811937e+01
1.960000e-06	2.029965e-06	1.663889e-09	1.318331e+01	1.007017e+02
1.970000e-06	2.062536e-06	1.705646e-09	1.339484e+01	1.032599e+02
1.980000e-06	2.095041e-06	1.745669e-09	1.360594e+01	1.057928e+02
1.990000e-06	2.127360e-06	1.785196e-09	1.381583e+01	1.083002e+02
2.000000e-06	2.159523e-06	1.828052e-09	1.402470e+01	1.107823e+02
2.010000e-06	2.191554e-06	1.875087e-09	1.423272e+01	1.132398e+02
2.020000e-06	2.223265e-06	1.921861e-09	1.443867e+01	1.156736e+02
2.030000e-06	2.254621e-06	1.965062e-09	1.464231e+01	1.180846e+02
2.040000e-06	2.285681e-06	2.007893e-09	1.484402e+01	1.204735e+02
2.050000e-06	2.316416e-06	2.050090e-09	1.504363e+01	1.228408e+02
2.060000e-06	2.346907e-06	2.088784e-09	1.524164e+01	1.251865e+02
2.070000e-06	2.377199e-06	2.124555e-09	1.543837e+01	1.275105e+02
2.080000e-06	2.407276e-06	2.161991e-09	1.563370e+01	1.298122e+02
2.090000e-06	2.437122e-06	2.201201e-09	1.582753e+01	1.320911e+02
2.100000e-06	2.466673e-06	2.240779e-09	1.601945e+01	1.343465e+02
2.110000e-06	2.495907e-06	2.282335e-09	1.620930e+01	1.365777e+02
2.120000e-06	2.524870e-06	2.325956e-09	1.639740e+01	1.387842e+02
2.130000e-06	2.553589e-06	2.366299e-09	1.658391e+01	1.409658e+02
2.140000e-06	2.582093e-06	2.401642e-09	1.676902e+01	1.431223e+02
2.150000e-06	2.610479e-06	2.434536e-09	1.695337e+01	1.452538e+02
2.160000e-06	2.638673e-06	2.468446e-09	1.713647e+01	1.473606e+02
2.170000e-06	2.666546e-06	2.500661e-09	1.731749e+01	1.494431e+02
2.180000e-06	2.694039e-06	2.531836e-09	1.749604e+01	1.515015e+02
2.190000e-06	2.721035e-06	2.571626e-09	1.767136e+01	1.535364e+02
2.200000e-06	2.747462e-06	2.612485e-09	1.784299e+01	1.555481e+02
2.210000e-06	2.773257e-06	2.648088e-09	1.801051e+01	1.575370e+02
2.220000e-06	2.798487e-06	2.680304e-09	1.817436e+01	1.595032e+02
2.230000e-06	2.823343e-06	2.713390e-09	1.833579e+01	1.614471e+02
2.240000e-06	2.847977e-06	2.746942e-09	1.849577e+01	1.633689e+02
2.250000e-06	2.872450e-06	2.778434e-09	1.865471e+01	1.652689e+02
2.260000e-06	2.896666e-06	2.813101e-09	1.881197e+01	1.671472e+02
2.270000e-06	2.920516e-06	2.850018e-09	1.896686e+01	1.690040e+02
2.280000e-06	2.943963e-06	2.884222e-09	1.911913e+01	1.708395e+02
2.290000e-06	2.967048e-06	2.913210e-09	1.926906e+01	1.726537e+02
2.300000e-06	2.989777e-06	2.939482e-09	1.941667e+01	1.744465e+02
2.310000e-06	3.012199e-06	2.968944e-09	1.956229e+01	1.762175e+02
2.320000e-06	3.034382e-06	3.000616e-09	1.970635e+01	1.779662e+02
2.330000e-06	3.056170e-06	3.033105e-09	1.984785e+01	1.796917e+02
2.340000e-06	3.077562e-06	3.066845e-09	1.998677e+01	1.813929e+02
2.350000e-06	3.098606e-06	3.097622e-09	2.012344e+01	1.830686e+02
2.360000e-06	3.119291e-06	3.125920e-09	2.025778e+01	1.847172e+02
2.370000e-06	3.139780e-06	3.147776e-09	2.039084e+01	1.863375e+02
2.380000e-06	3.160131e-06	3.168285e-09	2.052300e+01	1.879279e+02
2.390000e-06	3.180234e-06	3.194993e-09	2.065356e+01	1.894873e+02
2.400000e-06	3.200057e-06	3.222496e-09	2.078230e+01	1.910145e+02
2.410000e-06	3.219423e-06	3.250750e-09	2.090807e+01	1.925089e+02
2.420000e-06	3.238177e-06	3.278791e-09	2.102986e+01	1.939702e+02
2.430000e-06	3.256439e-06	3.307547e-09	2.114846e+01	1.953983e+02
2.440000e-06	3.274339e-06	3.333039e-09	2.126471e+01	1.967934e+02
2.450000e-06	3.291976e-06	3.353040e-09	2.137925e+01	1.981563e+02
2.460000e-06	3.309301e-06	3.372112e-09	2.149177e+01	1.994877e+02
2.470000e-06	3.326282e-06	3.390226e-09	2.160205e+01	2.007887e+02
2.480000e-06	3.342825e-06	3.411434e-09	2.170948e+01	2.020603e+02
2.490000e-06	3.358845e-06	3.434916e-09	2.181353e+01	2.033037e+02
2.500000e-06	3.374285e-06	3.458546e-09	2.191380e+01	2.045201e+02
2.510000e-06	3.389162e-06	3.480004e-09	2.201042e+01	2.057107e+02
2.520000e-06	3.403670e-06	3.502938e-09	2.210463e+01	2.068767e+02
2.530000e-06	3.417815e-06	3.524018e-09	2.219650e+01	2.080190e+02
2.540000e-06	3.431530e-06	3.540662e-09	2.228556e+01	2.091387e+02
2.550000e-06	3.444784e-06	3.558402e-09	2.237164e+01	2.102366e+02
2.560000e-06	3.457572e-06	3.576147e-09	2.245470e+01	2.113131e+02
2.570000e-06	3.470003e-06	3.593142e-09	2.253542e+01	2.123687e+02
2.580000e-06	3.482081e-06	3.609413e-09	2.261387e+01	2.134034e+02
2.590000e-06	3.493604e-06	3.623138e-09	2.268870e+01	2.144166e+02
2.600000e-06	3.504523e-06	3.638772e-09	2.275961e+01	2.154076e+02
2.610000e-06	3.514768e-06	3.657622e-09	2.282615e+01	2.163754e+02
2.620000e-06	3.524323e-06	3.674340e-09	2.288820e+01	2.173184e+02
2.630000e-06	3.533372e-06	3.691773e-09	2.294696e+01	2.182352e+02
2.640000e-06	3.542052e-06	3.707195e-09	2.300334e+01	2.191243e+02
2.650000e-06	3.550483e-06	3.720357e-09	2.305809e+01	2.199843e+02
2.660000e-06	3.558558e-06	3.730478e-09	2.311053e+01	2.208145e+02
2.670000e-06	3.566192e-06	3.737883e-09	2.316011e+01	2.216147e+02
2.680000e-06	3.573443e-06	3.747228e-09	2.320720e+01	2.223853e+02
2.690000e-06	3.580311e-06	3.762783e-09	2.325180e+01	2.231279e+02
2.700000e-06	3.586786e-06	3.780885e-09	2.329386e+01	2.238446e+02
2.710000e-06	3.592852e-06	3.793392e-09	2.333325e+01	2.245381e+02
2.720000e-06	3.598460e-06	3.806029e-09	2.336967e+01	2.252115e+02
2.730000e-06	3.603619e-06	3.819470e-09	2.340317e+01	2.258678e+02
2.740000e-06	3.608423e-06	3.829067e-09	2.343437e+01	2.265097e+02
2.750000e-06	3.612947e-06	3.834948e-09	2.346375e+01	2.271390e+02
2.760000e-06	3.617267e-06	3.842294e-09	2.349181e+01	2.277562e+02
2.770000e-06	3.621227e-06	3.852691e-09	2.351752e+01	2.283607e+02
2.780000e-06	3.624646e-06	3.863625e-09	2.353973e+01	2.289501e+02
2.790000e-06	3.627438e-06	3.872700e-09	2.355787e+01	2.295208e+02
2.800000e-06	3.629584e-06	3.879155e-09	2.357180e+01	2.300681e+02
2.810000e-06	3.631070e-06	3.887949e-09	2.358145e+01	2.305869e+02
2.820000e-06	3.632024e-06	3.894038e-09	2.358765e+01	2.310719e+02
2.830000e-06	3.632651e-06	3.896994e-09	2.359172e+01	2.315187e+02
2.840000e-06	3.633025e-06	3.900849e-09	2.359415e+01	2.319243e+02
2.850000e-06	3.633126e-06	3.908147e-09	2.359480e+01	2.322876e+02
2.860000e-06	3.632780e-06	3.917603e-09	2.359256e+01	2.326102e+02
2.870000e-06	3.631949e-06	3.926262e-09	2.358716e+01	2.328961e+02
2.880000e-06	3.630717e-06	3.932971e-09	2.357916e+01	2.331517e+02
2.890000e-06	3.629173e-06	3.937239e-09	2.356913e+01	2.333857e+02
2.900000e-06	3.627238e-06	3.946251e-09	2.355656e+01	2.336079e+02
2.910000e-06	3.624885e-06	3.939363e-09	2.354129e+01	2.338283e+02
2.920000e-06	3.622142e-06	3.884194e-09	2.352347e+01	2.340565e+02
2.930000e-06	3.618986e-06	3.943269e-09	2.350297e+01	2.343000e+02
2.940000e-06	3.615466e-06	4.136986e-09	2.348011e+01	2.345637e+02
2.950000e-06	3.611475e-06	3.964372e-09	2.345419e+01	2.348488e+02
2.960000e-06	3.607184e-06	3.731685e-09	2.342632e+01	2.351524e+02
2.970000e-06	3.602776e-06	3.866630e-09	2.339770e+01	2.354678e+02
2.980000e-06	3.597751e-06	4.121263e-09	2.336506e+01	2.357844e+02
2.990000e-06	3.591730e-06	3.989492e-09	2.332596e+01	2.360885e+02
3.000000e-06	3.585054e-06	3.759478e-09	2.328261e+01	2.363647e+02
3.010000e-06	3.578090e-06	4.107284e-09	2.323738e+01	2.365970e+02
3.020000e-06	3.570612e-06	4.176743e-09	2.318881e+01	2.367701e+02
3.030000e-06	3.562786e-06	3.936172e-09	2.313799e+01	2.368710e+02
3.040000e-06	3.554900e-06	3.998222e-09	2.308677e+01	2.368899e+02
3.050000e-06	3.546620e-06	4.075752e-09	2.303300e+01	2.368212e+02
3.060000e-06	3.537800e-06	3.914322e-09	2.297572e+01	2.366639e+02
3.070000e-06	3.528545e-06	4.045665e-09	2.291562e+01	2.364215e+02
3.080000e-06	3.518912e-06	4.237014e-09	2.285306e+01	2.361018e+02
3.090000e-06	3.508836e-06	3.853360e-09	2.278762e+01	2.357158e+02
3.100000e-06	3.498193e-06	3.809421e-09	2.271850e+01	2.352766e+02
3.110000e-06	3.487085e-06	4.279607e-09	2.264636e+01	2.347985e+02
3.120000e-06	3.475684e-06	4.117944e-09	2.257232e+01	2.342950e+02
3.130000e-06	3.463858e-06	3.736954e-09	2.249552e+01	2.337783e+02
3.140000e-06	3.451464e-06	4.054210e-09	2.241502e+01	2.332580e+02
3.150000e-06	3.438457e-06	4.234799e-09	2.233055e+01	2.327404e+02
3.160000e-06	3.424939e-06	3.921028e-09	2.224276e+01	2.322285e+02
3.170000e-06	3.410824e-06	3.794921e-09	2.215110e+01	2.317221e+02
3.180000e-06	3.396007e-06	3.959755e-09	2.205487e+01	2.312181e+02
3.190000e-06	3.380783e-06	4.046516e-09	2.195600e+01	2.307115e+02
3.200000e-06	3.365360e-06	3.940986e-09	2.185583e+01	2.301963e+02
3.210000e-06	3.349554e-06	3.752330e-09	2.175319e+01	2.296659e+02
3.220000e-06	3.333326e-06	3.893329e-09	2.164779e+01	2.291150e+02
3.230000e-06	3.316773e-06	4.069934e-09	2.154029e+01	2.285390e+02
3.240000e-06	3.299808e-06	3.839459e-09	2.143012e+01	2.279357e+02
3.250000e-06	3.282484e-06	3.748854e-09	2.131761e+01	2.273044e+02
3.260000e-06	3.264744e-06	3.901203e-09	2.120240e+01	2.266463e+02
3.270000e-06	3.246622e-06	3.896819e-09	2.108471e+01	2.259641e+02
3.280000e-06	3.228213e-06	3.814263e-09	2.096516e+01	2.252610e+02
3.290000e-06	3.209369e-06	3.762710e-09	2.084278e+01	2.245407e+02
3.300000e-06	3.190182e-06	3.771840e-09	2.071817e+01	2.238064e+02
3.310000e-06	3.170840e-06	3.874634e-09	2.059255e+01	2.230600e+02
3.320000e-06	3.151256e-06	3.792483e-09	2.046537e+01	2.223026e+02
3.330000e-06	3.131369e-06	3.682068e-09	2.033622e+01	2.215335e+02
3.340000e-06	3.111134e-06	3.753784e-09	2.020480e+01	2.207506e+02
3.350000e-06	3.090485e-06	3.786723e-09	2.007070e+01	2.199510e+02
3.360000e-06	3.069168e-06	3.728865e-09	1.993226e+01	2.191309e+02
3.370000e-06	3.047156e-06	3.661816e-09	1.978931e+01	2.182864e+02
3.380000e-06	3.024644e-06	3.659740e-09	1.964311e+01	2.174143e+02
3.390000e-06	3.001667e-06	3.728122e-09	1.949389e+01	2.165119e+02
3.400000e-06	2.978398e-06	3.688201e-09	1.934277e+01	2.155779e+02
3.410000e-06	2.954927e-06	3.591339e-09	1.919034e+01	2.146123e+02
3.420000e-06	2.931202e-06	3.609871e-09	1.903626e+01	2.136164e+02
3.430000e-06	2.907212e-06	3.654233e-09	1.888046e+01	2.125926e+02
3.440000e-06	2.882880e-06	3.616812e-09	1.872244e+01	2.115439e+02
3.450000e-06	2.858143e-06	3.526398e-09	1.856179e+01	2.104738e+02
3.460000e-06	2.833066e-06	3.523939e-09	1.839893e+01	2.093853e+02
3.470000e-06	2.807700e-06	3.584110e-09	1.823419e+01	2.082809e+02
3.480000e-06	2.781982e-06	3.535453e-09	1.806717e+01	2.071621e+02
3.490000e-06	2.755894e-06	3.453407e-09	1.789775e+01	2.060294e+02
3.500000e-06	2.729419e-06	3.453370e-09	1.772581e+01	2.048819e+02
3.510000e-06	2.702628e-06	3.485773e-09	1.755182e+01	2.037178e+02
3.520000e-06	2.675586e-06	3.456212e-09	1.737620e+01	2.025346e+02
3.530000e-06	2.648299e-06	3.373562e-09	1.719899e+01	2.013294e+02
3.540000e-06	2.620846e-06	3.366358e-09	1.702070e+01	2.000993e+02
3.550000e-06	2.593181e-06	3.405540e-09	1.684103e+01	1.988416e+02
3.560000e-06	2.565310e-06	3.364531e-09	1.666003e+01	1.975545e+02
3.570000e-06	2.537130e-06	3.290065e-09	1.647702e+01	1.962371e+02
3.580000e-06	2.508564e-06	3.277479e-09	1.629150e+01	1.948892e+02
3.590000e-06	2.479446e-06	3.303970e-09	1.610239e+01	1.935116e+02
3.600000e-06	2.449756e-06	3.278327e-09	1.590958e+01	1.921056e+02
3.610000e-06	2.419676e-06	3.204920e-09	1.571423e+01	1.906733e+02
3.620000e-06	2.389231e-06	3.188269e-09	1.551651e+01	1.892166e+02
3.630000e-06	2.358395e-06	3.202386e-09	1.531625e+01	1.877373e+02
3.640000e-06	2.327230e-06	3.173867e-09	1.511385e+01	1.862370e+02
3.650000e-06	2.295879e-06	3.107740e-09	1.491025e+01	1.847168e+02
3.660000e-06	2.264377e-06	3.080823e-09	1.470566e+01	1.831773e+02
3.670000e-06	2.232695e-06	3.097031e-09	1.449991e+01	1.816185e+02
3.680000e-06	2.200746e-06	3.071728e-09	1.429242e+01	1.800403e+02
3.690000e-06	2.168597e-06	3.007354e-09	1.408363e+01	1.784423e+02
3.700000e-06	2.136272e-06	2.974120e-09	1.387371e+01	1.768243e+02
3.710000e-06	2.103650e-06	2.974824e-09	1.366185e+01	1.751862e+02
3.720000e-06	2.070738e-06	2.951227e-09	1.344811e+01	1.735281e+02
3.730000e-06	2.037644e-06	2.892204e-09	1.323318e+01	1.718505e+02
3.740000e-06	2.004351e-06	2.858337e-09	1.301696e+01	1.701543e+02
3.750000e-06	1.970815e-06	2.860044e-09	1.279917e+01	1.684402e+02
3.760000e-06	1.936991e-06	2.837493e-09	1.257950e+01	1.667089e+02
3.770000e-06	1.902926e-06	2.783416e-09	1.235828e+01	1.649610e+02
3.780000e-06	1.868682e-06	2.744166e-09	1.213588e+01	1.631965e+02
3.790000e-06	1.834170e-06	2.738133e-09	1.191175e+01	1.614147e+02
3.800000e-06	1.799412e-06	2.711868e-09	1.168602e+01	1.596145e+02
3.810000e-06	1.764469e-06	2.654733e-09	1.145908e+01	1.577943e+02
3.820000e-06	1.729340e-06	2.612550e-09	1.123094e+01	1.559519e+02
3.830000e-06	1.694081e-06	2.601644e-09	1.100196e+01	1.540851e+02
3.840000e-06	1.658748e-06	2.580819e-09	1.077250e+01	1.521920e+02
3.850000e-06	1.623320e-06	2.530785e-09	1.054242e+01	1.502709e+02
3.860000e-06	1.587777e-06	2.491759e-09	1.031158e+01	1.483211e+02
3.870000e-06	1.552129e-06	2.475982e-09	1.008007e+01	1.463423e+02
3.880000e-06	1.516348e-06	2.445698e-09	9.847701e+00	1.443357e+02
3.890000e-06	1.480385e-06	2.389564e-09	9.614140e+00	1.423028e+02
3.900000e-06	1.444224e-06	2.343662e-09	9.379303e+00	1.402462e+02
3.910000e-06	1.407817e-06	2.325466e-09	9.142859e+00	1.381684e+02
3.920000e-06	1.371056e-06	2.298910e-09	8.904121e+00	1.360724e+02
3.930000e-06	1.333987e-06	2.249411e-09	8.663381e+00	1.339605e+02
3.940000e-06	1.296719e-06	2.207144e-09	8.421348e+00	1.318345e+02
3.950000e-06	1.259131e-06	2.182832e-09	8.177240e+00	1.296953e+02
3.960000e-06	1.221266e-06	2.154085e-09	7.931332e+00	1.275428e+02
3.970000e-06	1.183154e-06	2.102502e-09	7.683818e+00	1.253760e+02
3.980000e-06	1.144692e-06	2.054393e-09	7.434036e+00	1.231930e+02
3.990000e-06	1.106078e-06	2.027526e-09	7.183261e+00	1.209917e+02
4.000000e-06	1.067325e-06	1.999115e-09	6.931584e+00	1.187699e+02
4.010000e-06	1.028385e-06	1.951683e-09	6.678697e+00	1.165254e+02
4.020000e-06	9.893699e-07	1.902359e-09	6.425317e+00	1.142570e+02
4.030000e-06	9.502426e-07	1.869720e-09	6.171211e+00	1.119644e+02
4.040000e-06	9.110296e-07	1.837990e-09	5.916548e+00	1.096481e+02
4.050000e-06	8.717558e-07	1.791503e-09	5.661490e+00	1.073100e+02
4.060000e-06	8.324410e-07	1.747236e-09	5.406166e+00	1.049525e+02
4.070000e-06	7.931135e-07	1.718776e-09	5.150759e+00	1.025788e+02
4.080000e-06	7.537100e-07	1.690102e-09	4.894859e+00	1.001919e+02
4.090000e-06	7.142484e-07	1.642573e-09	4.638581e+00	9.779448e+01
4.100000e-06	6.747681e-07	1.588998e-09	4.382182e+00	9.538844e+01
4.110000e-06	6.352461e-07	1.548037e-09	4.125512e+00	9.297446e+01
4.120000e-06	5.956653e-07	1.509977e-09	3.868461e+00	9.055185e+01
4.130000e-06	5.560605e-07	1.462999e-09	3.611253e+00	8.811856e+01
4.140000e-06	5.164106e-07	1.418909e-09	3.353753e+00	8.567130e+01
4.150000e-06	4.767051e-07	1.389619e-09	3.095891e+00	8.320600e+01
4.160000e-06	4.369731e-07	1.359085e-09	2.837858e+00	8.071820e+01
4.170000e-06	3.972686e-07	1.311326e-09	2.580003e+00	7.820368e+01
4.180000e-06	3.575105e-07	1.256853e-09	2.321799e+00	7.565900e+01
4.190000e-06	3.176170e-07	1.210580e-09	2.062717e+00	7.308197e+01
4.200000e-06	2.777944e-07	1.166923e-09	1.804095e+00	7.047201e+01
4.210000e-06	2.380595e-07	1.117711e-09	1.546043e+00	6.783027e+01
4.220000e-06	1.982890e-07	1.068445e-09	1.287759e+00	6.515959e+01
4.230000e-06	1.584073e-07	1.028797e-09	1.028753e+00	6.246417e+01
4.240000e-06	1.184861e-07	9.928654e-10	7.694902e-01	5.974915e+01
4.250000e-06	7.860626e-08	9.470792e-10	5.104968e-01	5.701996e+01
4.260000e-06	3.868717e-08	8.920762e-10	2.512481e-01	5.428175e+01
4.270000e-06	-1.284325e-09	8.409071e-10	-8.340863e-03	5.153873e+01
4.280000e-06	-4.126315e-08	7.938914e-10	-2.679775e-01	4.879373e+01
4.290000e-06	-8.126389e-08	7.441333e-10	-5.277564e-01	4.604782e+01
4.300000e-06	-1.212747e-07	6.940595e-10	-7.876007e-01	4.330031e+01
4.310000e-06	-1.612500e-07	6.480493e-10	-1.047214e+00	4.054878e+01
4.320000e-06	-2.012154e-07	6.051700e-10	-1.306764e+00	3.778954e+01
4.330000e-06	-2.411316e-07	5.589158e-10	-1.565994e+00	3.501804e+01
4.340000e-06	-2.809235e-07	5.079109e-10	-1.824416e+00	3.222958e+01
4.350000e-06	-3.206877e-07	4.575718e-10	-2.082659e+00	2.941991e+01
4.360000e-06	-3.604810e-07	4.093020e-10	-2.341091e+00	2.658581e+01
4.370000e-06	-4.002090e-07	3.574001e-10	-2.599099e+00	2.372552e+01
4.380000e-06	-4.398756e-07	3.064324e-10	-2.856708e+00	2.083903e+01
4.390000e-06	-4.794949e-07	2.595439e-10	-3.114009e+00	1.792806e+01
4.400000e-06	-5.190615e-07	2.157477e-10	-3.370969e+00	1.499588e+01
4.410000e-06	-5.586185e-07	1.654007e-10	-3.627865e+00	1.204697e+01
4.420000e-06	-5.981675e-07	1.081476e-10	-3.884711e+00	9.086408e+00
4.430000e-06	-6.376979e-07	5.668936e-11	-4.141435e+00	6.119365e+00
4.440000e-06	-6.771905e-07	9.965958e-12	-4.397914e+00	3.150482e+00
4.450000e-06	-7.166101e-07	-3.861889e-11	-4.653919e+00	1.834047e-01
4.460000e-06	-7.560151e-07	-9.159398e-11	-4.909829e+00	-2.779548e+00
4.470000e-06	-7.953852e-07	-1.401777e-10	-5.165512e+00	-5.737513e+00
4.480000e-06	-8.347017e-07	-1.827063e-10	-5.420848e+00	-8.691003e+00
4.490000e-06	-8.739779e-07	-2.294858e-10	-5.675921e+00	-1.164163e+01
4.500000e-06	-9.131995e-07	-2.844399e-10	-5.930640e+00	-1.459166e+01
4.510000e-06	-9.523646e-07	-3.389376e-10	-6.184992e+00	-1.754349e+01
4.520000e-06	-9.914417e-07	-3.889209e-10	-6.438772e+00	-2.049912e+01
4.530000e-06	-1.030455e-06	-4.402671e-10	-6.692142e+00	-2.345962e+01
4.540000e-06	-1.069324e-06	-4.940417e-10	-6.944567e+00	-2.642475e+01
4.550000e-06	-1.107938e-06	-5.440179e-10	-7.195339e+00	-2.939284e+01
4.560000e-06	-1.146407e-06	-5.914600e-10	-7.445171e+00	-3.236069e+01
4.570000e-06	-1.184774e-06	-6.400283e-10	-7.694339e+00	-3.532385e+01
4.580000e-06	-1.222789e-06	-6.905847e-10	-7.941225e+00	-3.827700e+01
4.590000e-06	-1.260504e-06	-7.403362e-10	-8.186157e+00	-4.121442e+01
4.600000e-06	-1.297981e-06	-7.865527e-10	-8.429548e+00	-4.413061e+01
4.610000e-06	-1.335213e-06	-8.342766e-10	-8.671346e+00	-4.702083e+01
4.620000e-06	-1.372193e-06	-8.862757e-10	-8.911508e+00	-4.988161e+01
4.630000e-06	-1.408816e-06	-9.388487e-10	-9.149347e+00	-5.271104e+01
4.640000e-06	-1.445068e-06	-9.866464e-10	-9.384783e+00	-5.550902e+01
4.650000e-06	-1.481063e-06	-1.030614e-09	-9.618546e+00	-5.827714e+01
4.660000e-06	-1.516960e-06	-1.076848e-09	-9.851676e+00	-6.101852e+01
4.670000e-06	-1.552670e-06	-1.124388e-09	-1.008359e+01	-6.373738e+01
4.680000e-06	-1.588229e-06	-1.168050e-09	-1.031452e+01	-6.643856e+01
4.690000e-06	-1.623709e-06	-1.207723e-09	-1.054494e+01	-6.912701e+01
4.700000e-06	-1.659072e-06	-1.250499e-09	-1.077460e+01	-7.180719e+01
4.710000e-06	-1.694383e-06	-1.299987e-09	-1.100392e+01	-7.448268e+01
4.720000e-06	-1.729640e-06	-1.348312e-09	-1.123289e+01	-7.715581e+01
4.730000e-06	-1.764740e-06	-1.390676e-09	-1.146084e+01	-7.982752e+01
4.740000e-06	-1.799632e-06	-1.432903e-09	-1.168745e+01	-8.249731e+01
4.750000e-06	-1.834283e-06	-1.479706e-09	-1.191248e+01	-8.516340e+01
4.760000e-06	-1.868656e-06	-1.525808e-09	-1.213571e+01	-8.782303e+01
4.770000e-06	-1.902791e-06	-1.567430e-09	-1.235739e+01	-9.047276e+01
4.780000e-06	-1.936724e-06	-1.610153e-09	-1.257777e+01	-9.310889e+01
4.790000e-06	-1.970428e-06	-1.656837e-09	-1.279666e+01	-9.572784e+01
4.800000e-06	-2.003877e-06	-1.702577e-09	-1.301389e+01	-9.832646e+01
4.810000e-06	-2.037120e-06	-1.746795e-09	-1.322978e+01	-1.009023e+02
4.820000e-06	-2.070201e-06	-1.790411e-09	-1.344461e+01	-1.034536e+02
4.830000e-06	-2.102967e-06	-1.833286e-09	-1.365741e+01	-1.059795e+02
4.840000e-06	-2.135419e-06	-1.874746e-09	-1.386817e+01	-1.084799e+02
4.850000e-06	-2.167661e-06	-1.913459e-09	-1.407756e+01	-1.109551e+02
4.860000e-06	-2.199607e-06	-1.950199e-09	-1.428503e+01	-1.134059e+02
4.870000e-06	-2.231314e-06	-1.989862e-09	-1.449094e+01	-1.158333e+02
4.880000e-06	-2.262841e-06	-2.029889e-09	-1.469569e+01	-1.182381e+02
4.890000e-06	-2.294203e-06	-2.067566e-09	-1.489936e+01	-1.206209e+02
4.900000e-06	-2.325418e-06	-2.107355e-09	-1.510209e+01	-1.229822e+02
4.910000e-06	-2.356352e-06	-2.147548e-09	-1.530298e+01	-1.253219e+02
4.920000e-06	-2.386957e-06	-2.187763e-09	-1.550174e+01	-1.276397e+02
4.930000e-06	-2.417156e-06	-2.225117e-09	-1.569786e+01	-1.299352e+02
4.940000e-06	-2.446914e-06	-2.258147e-09	-1.589112e+01	-1.322076e+02
4.950000e-06	-2.476272e-06	-2.296386e-09	-1.608179e+01	-1.344563e+02
4.960000e-06	-2.505102e-06	-2.337047e-09	-1.626902e+01	-1.366808e+02
4.970000e-06	-2.533478e-06	-2.373494e-09	-1.645330e+01	-1.388804e+02
4.980000e-06	-2.561494e-06	-2.407311e-09	-1.663525e+01	-1.410551e+02
4.990000e-06	-2.589154e-06	-2.442684e-09	-1.681488e+01	-1.432047e+02
5.000000e-06	-2.616622e-06	-2.480839e-09	-1.699327e+01	-1.453294e+02
5.010000e-06	-2.644024e-06	-2.517369e-09	-1.717123e+01	-1.474295e+02
5.020000e-06	-2.671253e-06	-2.552216e-09	-1.734806e+01	-1.495052e+02
5.030000e-06	-2.698124e-06	-2.586295e-09	-1.752257e+01	-1.515571e+02
5.040000e-06	-2.724643e-06	-2.619761e-09	-1.769479e+01	-1.535856e+02
5.050000e-06	-2.750907e-06	-2.652392e-09	-1.786536e+01	-1.555909e+02
5.060000e-06	-2.776785e-06	-2.683094e-09	-1.803342e+01	-1.575734e+02
5.070000e-06	-2.802237e-06	-2.717203e-09	-1.819872e+01	-1.595334e+02
5.080000e-06	-2.827400e-06	-2.752536e-09	-1.836213e+01	-1.614711e+02
5.090000e-06	-2.852238e-06	-2.785497e-09	-1.852344e+01	-1.633868e+02
5.100000e-06	-2.876689e-06	-2.815776e-09	-1.868224e+01	-1.652807e+02
5.110000e-06	-2.900784e-06	-2.844996e-09	-1.883872e+01	-1.671530e+02
5.120000e-06	-2.924603e-06	-2.873583e-09	-1.899341e+01	-1.690038e+02
5.130000e-06	-2.948228e-06	-2.899108e-09	-1.914684e+01	-1.708334e+02
5.140000e-06	-2.971645e-06	-2.927107e-09	-1.929891e+01	-1.726416e+02
5.150000e-06	-2.994777e-06	-2.956522e-09	-1.944914e+01	-1.744284e+02
5.160000e-06	-3.017533e-06	-2.986409e-09	-1.959693e+01	-1.761933e+02
5.170000e-06	-3.039785e-06	-3.017044e-09	-1.974143e+01	-1.779356e+02
5.180000e-06	-3.061512e-06	-3.045895e-09	-1.988254e+01	-1.796545e+02
5.190000e-06	-3.082728e-06	-3.071595e-09	-2.002032e+01	-1.813488e+02
5.200000e-06	-3.103402e-06	-3.095638e-09	-2.015459e+01	-1.830172e+02
5.210000e-06	-3.123505e-06	-3.121057e-09	-2.028514e+01	-1.846583e+02
5.220000e-06	-3.143186e-06	-3.147390e-09	-2.041296e+01	-1.862706e+02
5.230000e-06	-3.162684e-06	-3.172516e-09	-2.053959e+01	-1.878527e+02
5.240000e-06	-3.182003e-06	-3.198879e-09	-2.066505e+01	-1.894034e+02
5.250000e-06	-3.201118e-06	-3.226730e-09	-2.078919e+01	-1.909219e+02
5.260000e-06	-3.219913e-06	-3.253988e-09	-2.091125e+01	-1.924074e+02
5.270000e-06	-3.238187e-06	-3.277779e-09	-2.102993e+01	-1.938597e+02
5.280000e-06	-3.256034e-06	-3.298063e-09	-2.114583e+01	-1.952789e+02
5.290000e-06	-3.273560e-06	-3.319476e-09	-2.125965e+01	-1.966653e+02
5.300000e-06	-3.290725e-06	-3.339737e-09	-2.137113e+01	-1.980196e+02
5.310000e-06	-3.307539e-06	-3.357863e-09	-2.148033e+01	-1.993426e+02
5.320000e-06	-3.323929e-06	-3.378154e-09	-2.158677e+01	-2.006355e+02
5.330000e-06	-3.339921e-06	-3.400726e-09	-2.169062e+01	-2.018993e+02
5.340000e-06	-3.355665e-06	-3.421323e-09	-2.179287e+01	-2.031352e+02
5.350000e-06	-3.371130e-06	-3.439014e-09	-2.189331e+01	-2.043444e+02
5.360000e-06	-3.386324e-06	-3.456338e-09	-2.199198e+01	-2.055282e+02
5.370000e-06	-3.401060e-06	-3.474454e-09	-2.208768e+01	-2.066875e+02
5.380000e-06	-3.415065e-06	-3.492512e-09	-2.217864e+01	-2.078235e+02
5.390000e-06	-3.428428e-06	-3.508834e-09	-2.226542e+01	-2.089370e+02
5.400000e-06	-3.441156e-06	-3.526544e-09	-2.234808e+01	-2.100288e+02
5.410000e-06	-3.453339e-06	-3.548441e-09	-2.242720e+01	-2.110995e+02
5.420000e-06	-3.465118e-06	-3.571550e-09	-2.250370e+01	-2.121492e+02
5.430000e-06	-3.476539e-06	-3.591140e-09	-2.257787e+01	-2.131779e+02
5.440000e-06	-3.487618e-06	-3.606534e-09	-2.264982e+01	-2.141850e+02
5.450000e-06	-3.498207e-06	-3.621171e-09	-2.271859e+01	-2.151697e+02
5.460000e-06	-3.508281e-06	-3.637265e-09	-2.278401e+01	-2.161308e+02
5.470000e-06	-3.518022e-06	-3.650352e-09	-2.284728e+01	-2.170668e+02
5.480000e-06	-3.527461e-06	-3.660533e-09	-2.290858e+01	-2.179762e+02
5.490000e-06	-3.536489e-06	-3.674785e-09	-2.296721e+01	-2.188575e+02
5.500000e-06	-3.545017e-06	-3.692700e-09	-2.302259e+01	-2.197095e+02
5.510000e-06	-3.553086e-06	-3.707293e-09	-2.307499e+01	-2.205315e+02
5.520000e-06	-3.560829e-06	-3.718813e-09	-2.312528e+01	-2.213236e+02
5.530000e-06	-3.568303e-06	-3.732098e-09	-2.317382e+01	-2.220864e+02
5.540000e-06	-3.575508e-06	-3.747031e-09	-2.322061e+01	-2.228217e+02
5.550000e-06	-3.582264e-06	-3.757564e-09	-2.326448e+01	-2.235316e+02
5.560000e-06	-3.588463e-06	-3.764653e-09	-2.330474e+01	-2.242192e+02
5.570000e-06	-3.594018e-06	-3.777255e-09	-2.334082e+01	-2.248874e+02
5.580000e-06	-3.598868e-06	-3.791950e-09	-2.337232e+01	-2.255393e+02
5.590000e-06	-3.603169e-06	-3.804790e-09	-2.340025e+01	-2.261772e+02
5.600000e-06	-3.607039e-06	-3.815718e-09	-2.342539e+01	-2.268028e+02
5.610000e-06	-3.610613e-06	-3.827698e-09	-2.344859e+01	-2.274164e+02
5.620000e-06	-3.613953e-06	-3.839897e-09	-2.347029e+01	-2.280167e+02
5.630000e-06	-3.616986e-06	-3.847017e-09	-2.348998e+01	-2.286012e+02
5.640000e-06	-3.619605e-06	-3.852879e-09	-2.350699e+01	-2.291659e+02
5.650000e-06	-3.621678e-06	-3.861309e-09	-2.352045e+01	-2.297060e+02
5.660000e-06	-3.623347e-06	-3.871604e-09	-2.353129e+01	-2.302161e+02
5.670000e-06	-3.624719e-06	-3.882504e-09	-2.354021e+01	-2.306913e+02
5.680000e-06	-3.625652e-06	-3.893180e-09	-2.354627e+01	-2.311273e+02
5.690000e-06	-3.626104e-06	-3.901148e-09	-2.354920e+01	-2.315217e+02
