# Temperatura_=_20.0
# Concentracion g/m^3_=_12000.0
# C_Vs_to_Am_M_A/Vsm_=_59384043850.047264
# pendiente_HvsI_1/m_=_3716.3
# ordenada_HvsI_A/m_=_1297.0
# frecuencia_Hz_=_175591.15602431403

Tiempo_(s)	Campo_(V.s)	Magnetizacion_(V.s)	Campo_(kA/m)	Magnetizacion_(A/m)
0.000000e+00	-3.622952e-06	-1.685576e-10	-2.355416e+01	-7.112773e+00
1.000000e-08	-3.622900e-06	-1.688983e-10	-2.355382e+01	-7.075377e+00
2.000000e-08	-3.622585e-06	-1.689803e-10	-2.355177e+01	-7.033274e+00
3.000000e-08	-3.622017e-06	-1.651833e-10	-2.354807e+01	-6.992812e+00
4.000000e-08	-3.621087e-06	-1.628138e-10	-2.354203e+01	-6.961393e+00
5.000000e-08	-3.619679e-06	-1.649196e-10	-2.353288e+01	-6.946823e+00
6.000000e-08	-3.617692e-06	-1.696129e-10	-2.351996e+01	-6.956578e+00
7.000000e-08	-3.615113e-06	-1.832448e-10	-2.350319e+01	-6.997044e+00
8.000000e-08	-3.611883e-06	-2.034569e-10	-2.348219e+01	-7.072803e+00
9.000000e-08	-3.608029e-06	-1.531131e-10	-2.345713e+01	-7.186044e+00
1.000000e-07	-3.603720e-06	-3.312187e-11	-2.342912e+01	-7.336153e+00
1.100000e-07	-3.599166e-06	-8.277257e-11	-2.339951e+01	-7.519534e+00
1.200000e-07	-3.594424e-06	-3.046932e-10	-2.336868e+01	-7.729688e+00
1.300000e-07	-3.589328e-06	-3.021959e-10	-2.333555e+01	-7.957544e+00
1.400000e-07	-3.583771e-06	-5.696434e-11	-2.329942e+01	-8.192035e+00
1.500000e-07	-3.577766e-06	-5.985483e-11	-2.326038e+01	-8.420861e+00
1.600000e-07	-3.571318e-06	-2.992074e-10	-2.321846e+01	-8.631380e+00
1.700000e-07	-3.564381e-06	-1.998841e-10	-2.317337e+01	-8.811557e+00
1.800000e-07	-3.556956e-06	6.182833e-12	-2.312509e+01	-8.950875e+00
1.900000e-07	-3.549157e-06	-7.255348e-11	-2.307439e+01	-9.041144e+00
2.000000e-07	-3.541062e-06	-1.915484e-10	-2.302176e+01	-9.077119e+00
2.100000e-07	-3.532689e-06	-1.650539e-10	-2.296732e+01	-9.056886e+00
2.200000e-07	-3.524058e-06	-1.803658e-10	-2.291121e+01	-8.981983e+00
2.300000e-07	-3.514996e-06	-1.096431e-10	-2.285229e+01	-8.857232e+00
2.400000e-07	-3.505260e-06	3.623100e-11	-2.278900e+01	-8.690316e+00
2.500000e-07	-3.494797e-06	-1.385866e-10	-2.272097e+01	-8.491136e+00
2.600000e-07	-3.483740e-06	-2.591231e-10	-2.264909e+01	-8.271007e+00
2.700000e-07	-3.472197e-06	-2.359064e-11	-2.257404e+01	-8.041762e+00
2.800000e-07	-3.460095e-06	5.916911e-11	-2.249536e+01	-7.814860e+00
2.900000e-07	-3.447524e-06	-2.217031e-10	-2.241363e+01	-7.600556e+00
3.000000e-07	-3.434612e-06	-2.163450e-10	-2.232969e+01	-7.407223e+00
3.100000e-07	-3.421359e-06	4.237631e-11	-2.224353e+01	-7.240862e+00
3.200000e-07	-3.407683e-06	1.801593e-11	-2.215461e+01	-7.104850e+00
3.300000e-07	-3.393464e-06	-1.923981e-10	-2.206217e+01	-6.999926e+00
3.400000e-07	-3.378836e-06	-1.782242e-10	-2.196707e+01	-6.924402e+00
3.500000e-07	-3.363790e-06	-9.805062e-12	-2.186925e+01	-6.874581e+00
3.600000e-07	-3.348084e-06	-2.752251e-11	-2.176714e+01	-6.845301e+00
3.700000e-07	-3.331665e-06	-1.633808e-10	-2.166039e+01	-6.830572e+00
3.800000e-07	-3.314718e-06	-1.337173e-10	-2.155021e+01	-6.824226e+00
3.900000e-07	-3.297380e-06	-1.669984e-11	-2.143749e+01	-6.820509e+00
4.000000e-07	-3.279686e-06	-6.765899e-11	-2.132246e+01	-6.814579e+00
4.100000e-07	-3.261670e-06	-1.361915e-10	-2.120532e+01	-6.802844e+00
4.200000e-07	-3.243364e-06	-1.136454e-10	-2.108631e+01	-6.783144e+00
4.300000e-07	-3.224768e-06	-7.376475e-11	-2.096541e+01	-6.754756e+00
4.400000e-07	-3.205733e-06	-6.251737e-11	-2.084166e+01	-6.718241e+00
4.500000e-07	-3.186177e-06	-9.529693e-11	-2.071452e+01	-6.675172e+00
4.600000e-07	-3.166219e-06	-1.256557e-10	-2.058476e+01	-6.627771e+00
4.700000e-07	-3.146005e-06	-7.322677e-11	-2.045335e+01	-6.578528e+00
4.800000e-07	-3.125592e-06	-5.343322e-11	-2.032063e+01	-6.529820e+00
4.900000e-07	-3.104931e-06	-1.186757e-10	-2.018631e+01	-6.483602e+00
5.000000e-07	-3.083970e-06	-1.215985e-10	-2.005003e+01	-6.441183e+00
5.100000e-07	-3.062681e-06	-6.640068e-11	-1.991162e+01	-6.403117e+00
5.200000e-07	-3.041027e-06	-6.375837e-11	-1.977084e+01	-6.369208e+00
5.300000e-07	-3.018988e-06	-1.000854e-10	-1.962756e+01	-6.338619e+00
5.400000e-07	-2.996595e-06	-1.006248e-10	-1.948197e+01	-6.310065e+00
5.500000e-07	-2.973828e-06	-6.763449e-11	-1.933396e+01	-6.282052e+00
5.600000e-07	-2.950704e-06	-6.165589e-11	-1.918362e+01	-6.253132e+00
5.700000e-07	-2.927248e-06	-9.666359e-11	-1.903113e+01	-6.222134e+00
5.800000e-07	-2.903426e-06	-1.075376e-10	-1.887625e+01	-6.188335e+00
5.900000e-07	-2.879349e-06	-6.710398e-11	-1.871972e+01	-6.151560e+00
6.000000e-07	-2.855028e-06	-5.535961e-11	-1.856160e+01	-6.112196e+00
6.100000e-07	-2.830423e-06	-9.250830e-11	-1.840163e+01	-6.071108e+00
6.200000e-07	-2.805565e-06	-9.841773e-11	-1.824002e+01	-6.029494e+00
6.300000e-07	-2.780398e-06	-6.163239e-11	-1.807640e+01	-5.988681e+00
6.400000e-07	-2.754801e-06	-5.615280e-11	-1.790998e+01	-5.949900e+00
6.500000e-07	-2.728507e-06	-9.206431e-11	-1.773904e+01	-5.914071e+00
6.600000e-07	-2.701547e-06	-1.014222e-10	-1.756376e+01	-5.881627e+00
6.700000e-07	-2.674243e-06	-6.884199e-11	-1.738625e+01	-5.852394e+00
6.800000e-07	-2.646608e-06	-5.700621e-11	-1.720658e+01	-5.825561e+00
6.900000e-07	-2.618612e-06	-8.902890e-11	-1.702457e+01	-5.799723e+00
7.000000e-07	-2.590324e-06	-9.807514e-11	-1.684065e+01	-5.773008e+00
7.100000e-07	-2.561877e-06	-6.929956e-11	-1.665571e+01	-5.743264e+00
7.200000e-07	-2.533237e-06	-5.910098e-11	-1.646952e+01	-5.708294e+00
7.300000e-07	-2.504246e-06	-8.714792e-11	-1.628103e+01	-5.666096e+00
7.400000e-07	-2.474928e-06	-9.147355e-11	-1.609043e+01	-5.615095e+00
7.500000e-07	-2.445351e-06	-6.387247e-11	-1.589813e+01	-5.554330e+00
7.600000e-07	-2.415521e-06	-5.519143e-11	-1.570420e+01	-5.483582e+00
7.700000e-07	-2.385473e-06	-8.039169e-11	-1.550884e+01	-5.403421e+00
7.800000e-07	-2.355216e-06	-8.855945e-11	-1.531213e+01	-5.315179e+00
7.900000e-07	-2.324691e-06	-6.324219e-11	-1.511368e+01	-5.220839e+00
8.000000e-07	-2.293876e-06	-5.160624e-11	-1.491334e+01	-5.122867e+00
8.100000e-07	-2.262813e-06	-6.959462e-11	-1.471139e+01	-5.023993e+00
8.200000e-07	-2.231535e-06	-7.620552e-11	-1.450804e+01	-4.926975e+00
8.300000e-07	-2.199950e-06	-5.347192e-11	-1.430269e+01	-4.834361e+00
8.400000e-07	-2.168079e-06	-4.374433e-11	-1.409548e+01	-4.748277e+00
8.500000e-07	-2.136043e-06	-6.297281e-11	-1.388721e+01	-4.670257e+00
8.600000e-07	-2.103863e-06	-7.277839e-11	-1.367800e+01	-4.601134e+00
8.700000e-07	-2.071579e-06	-5.387073e-11	-1.346811e+01	-4.540991e+00
8.800000e-07	-2.039114e-06	-4.180405e-11	-1.325704e+01	-4.489179e+00
8.900000e-07	-2.006426e-06	-5.384825e-11	-1.304452e+01	-4.444392e+00
9.000000e-07	-1.973543e-06	-6.403645e-11	-1.283073e+01	-4.404797e+00
9.100000e-07	-1.940303e-06	-5.170498e-11	-1.261463e+01	-4.368187e+00
9.200000e-07	-1.906745e-06	-4.399006e-11	-1.239646e+01	-4.332169e+00
9.300000e-07	-1.872926e-06	-5.485864e-11	-1.217659e+01	-4.294340e+00
9.400000e-07	-1.838704e-06	-6.378072e-11	-1.195410e+01	-4.252468e+00
9.500000e-07	-1.804006e-06	-5.154681e-11	-1.172851e+01	-4.204636e+00
9.600000e-07	-1.768882e-06	-4.132162e-11	-1.150016e+01	-4.149362e+00
9.700000e-07	-1.733459e-06	-5.192691e-11	-1.126986e+01	-4.085683e+00
9.800000e-07	-1.697814e-06	-6.291506e-11	-1.103812e+01	-4.013188e+00
9.900000e-07	-1.661966e-06	-5.505175e-11	-1.080506e+01	-3.932017e+00
1.000000e-06	-1.625956e-06	-4.623603e-11	-1.057094e+01	-3.842821e+00
1.010000e-06	-1.589765e-06	-5.330435e-11	-1.033565e+01	-3.746680e+00
1.020000e-06	-1.553456e-06	-5.909904e-11	-1.009960e+01	-3.645000e+00
1.030000e-06	-1.517117e-06	-4.820506e-11	-9.863342e+00	-3.539383e+00
1.040000e-06	-1.480645e-06	-3.814180e-11	-9.626220e+00	-3.431489e+00
1.050000e-06	-1.444039e-06	-4.488893e-11	-9.388230e+00	-3.322891e+00
1.060000e-06	-1.407363e-06	-5.337201e-11	-9.149789e+00	-3.214946e+00
1.070000e-06	-1.370526e-06	-4.928764e-11	-8.910298e+00	-3.108681e+00
1.080000e-06	-1.333512e-06	-4.079765e-11	-8.669656e+00	-3.004708e+00
1.090000e-06	-1.296329e-06	-4.522768e-11	-8.427916e+00	-2.903180e+00
1.100000e-06	-1.258983e-06	-4.903142e-11	-8.185117e+00	-2.803798e+00
1.110000e-06	-1.221451e-06	-4.170377e-11	-7.941103e+00	-2.705852e+00
1.120000e-06	-1.183682e-06	-3.395220e-11	-7.695559e+00	-2.608325e+00
1.130000e-06	-1.145783e-06	-3.774959e-11	-7.449161e+00	-2.510021e+00
1.140000e-06	-1.107782e-06	-4.253258e-11	-7.202099e+00	-2.409733e+00
1.150000e-06	-1.069668e-06	-3.559949e-11	-6.954312e+00	-2.306416e+00
1.160000e-06	-1.031449e-06	-2.464233e-11	-6.705833e+00	-2.199358e+00
1.170000e-06	-9.931097e-07	-2.426882e-11	-6.456575e+00	-2.088321e+00
1.180000e-06	-9.546656e-07	-2.703974e-11	-6.206635e+00	-1.973642e+00
1.190000e-06	-9.161291e-07	-2.131650e-11	-5.956095e+00	-1.856264e+00
1.200000e-06	-8.774988e-07	-1.551890e-11	-5.704945e+00	-1.737709e+00
1.210000e-06	-8.387712e-07	-1.990769e-11	-5.453163e+00	-1.619967e+00
1.220000e-06	-7.999706e-07	-2.564085e-11	-5.200905e+00	-1.505321e+00
1.230000e-06	-7.610853e-07	-1.802770e-11	-4.948098e+00	-1.396123e+00
1.240000e-06	-7.221463e-07	-7.221456e-12	-4.694941e+00	-1.294537e+00
1.250000e-06	-6.831380e-07	-6.967938e-12	-4.441334e+00	-1.202278e+00
1.260000e-06	-6.439886e-07	-9.704562e-12	-4.186809e+00	-1.120377e+00
1.270000e-06	-6.047527e-07	-4.651141e-12	-3.931722e+00	-1.049010e+00
1.280000e-06	-5.654421e-07	3.132433e-13	-3.676149e+00	-9.873995e-01
1.290000e-06	-5.260221e-07	-2.688569e-12	-3.419865e+00	-9.338156e-01
1.300000e-06	-4.865678e-07	-7.537329e-12	-3.163358e+00	-8.856864e-01
1.310000e-06	-4.470279e-07	-4.567522e-12	-2.906294e+00	-8.397999e-01
1.320000e-06	-4.073556e-07	2.689906e-13	-2.648370e+00	-7.925897e-01
1.330000e-06	-3.677161e-07	-8.330985e-13	-2.390659e+00	-7.404719e-01
1.340000e-06	-3.280485e-07	-3.390466e-12	-2.132765e+00	-6.801981e-01
1.350000e-06	-2.882513e-07	-7.403707e-13	-1.874028e+00	-6.091857e-01
1.360000e-06	-2.484409e-07	3.431114e-12	-1.615206e+00	-5.257861e-01
1.370000e-06	-2.086110e-07	2.356444e-12	-1.356257e+00	-4.294589e-01
1.380000e-06	-1.687836e-07	2.129812e-12	-1.097324e+00	-3.208295e-01
1.390000e-06	-1.290251e-07	6.488648e-12	-8.388400e-01	-2.016203e-01
1.400000e-06	-8.918937e-08	1.109939e-11	-5.798532e-01	-7.446093e-02
1.410000e-06	-4.924619e-08	1.146489e-11	-3.201678e-01	5.740275e-02
1.420000e-06	-9.320912e-09	1.014937e-11	-6.059871e-02	1.904685e-01
1.430000e-06	3.056871e-08	1.245580e-11	1.987385e-01	3.213650e-01
1.440000e-06	7.044232e-08	1.668369e-11	4.579717e-01	4.472213e-01
1.450000e-06	1.102975e-07	1.732748e-11	7.170851e-01	5.659754e-01
1.460000e-06	1.501846e-07	1.816937e-11	9.764060e-01	6.765836e-01
1.470000e-06	1.900618e-07	2.305182e-11	1.235662e+00	7.791068e-01
1.480000e-06	2.298688e-07	2.793012e-11	1.494462e+00	8.746631e-01
1.490000e-06	2.696168e-07	2.580837e-11	1.752879e+00	9.652528e-01
1.500000e-06	3.093717e-07	2.203126e-11	2.011340e+00	1.053477e+00
1.510000e-06	3.491048e-07	2.481722e-11	2.269660e+00	1.142189e+00
1.520000e-06	3.887960e-07	2.812385e-11	2.527707e+00	1.234112e+00
1.530000e-06	4.284648e-07	2.858498e-11	2.785609e+00	1.331491e+00
1.540000e-06	4.680285e-07	2.873267e-11	3.042827e+00	1.435797e+00
1.550000e-06	5.074770e-07	3.301536e-11	3.299296e+00	1.547546e+00
1.560000e-06	5.468587e-07	3.882177e-11	3.555331e+00	1.666235e+00
1.570000e-06	5.862013e-07	4.141191e-11	3.811112e+00	1.790414e+00
1.580000e-06	6.254611e-07	4.174128e-11	4.066354e+00	1.917887e+00
1.590000e-06	6.646166e-07	4.438188e-11	4.320919e+00	2.045998e+00
1.600000e-06	7.036531e-07	4.570492e-11	4.574710e+00	2.171985e+00
1.610000e-06	7.425307e-07	4.420198e-11	4.827468e+00	2.293340e+00
1.620000e-06	7.813431e-07	4.398789e-11	5.079802e+00	2.408134e+00
1.630000e-06	8.201142e-07	4.940894e-11	5.331867e+00	2.515263e+00
1.640000e-06	8.588030e-07	5.601151e-11	5.583397e+00	2.614580e+00
1.650000e-06	8.974063e-07	5.619129e-11	5.834371e+00	2.706901e+00
1.660000e-06	9.358863e-07	5.560164e-11	6.084544e+00	2.793874e+00
1.670000e-06	9.742469e-07	5.827895e-11	6.333940e+00	2.877737e+00
1.680000e-06	1.012581e-06	6.059226e-11	6.583163e+00	2.960996e+00
1.690000e-06	1.050880e-06	6.037180e-11	6.832159e+00	3.046062e+00
1.700000e-06	1.089033e-06	5.978114e-11	7.080210e+00	3.134897e+00
1.710000e-06	1.127026e-06	5.939322e-11	7.327214e+00	3.228721e+00
1.720000e-06	1.164856e-06	5.916431e-11	7.573162e+00	3.327811e+00
1.730000e-06	1.202560e-06	6.041960e-11	7.818287e+00	3.431437e+00
1.740000e-06	1.240149e-06	6.493924e-11	8.062666e+00	3.537922e+00
1.750000e-06	1.277555e-06	7.123620e-11	8.305861e+00	3.644838e+00
1.760000e-06	1.314734e-06	7.475811e-11	8.547576e+00	3.749309e+00
1.770000e-06	1.351689e-06	7.458565e-11	8.787829e+00	3.848378e+00
1.780000e-06	1.388436e-06	7.253599e-11	9.026740e+00	3.939395e+00
1.790000e-06	1.425096e-06	7.174139e-11	9.265078e+00	4.020371e+00
1.800000e-06	1.461710e-06	7.294808e-11	9.503120e+00	4.090260e+00
1.810000e-06	1.498212e-06	7.413363e-11	9.740429e+00	4.149118e+00
1.820000e-06	1.534613e-06	7.597057e-11	9.977090e+00	4.198130e+00
1.830000e-06	1.570960e-06	7.845503e-11	1.021339e+01	4.239491e+00
1.840000e-06	1.607220e-06	7.972535e-11	1.044914e+01	4.276163e+00
1.850000e-06	1.643318e-06	7.884819e-11	1.068382e+01	4.311528e+00
1.860000e-06	1.679261e-06	7.823589e-11	1.091750e+01	4.348995e+00
1.870000e-06	1.715057e-06	7.889980e-11	1.115022e+01	4.391596e+00
1.880000e-06	1.750630e-06	8.049373e-11	1.138150e+01	4.441632e+00
1.890000e-06	1.785855e-06	8.348346e-11	1.161051e+01	4.500413e+00
1.900000e-06	1.820608e-06	8.497828e-11	1.183645e+01	4.568117e+00
1.910000e-06	1.854911e-06	8.520216e-11	1.205947e+01	4.643796e+00
1.920000e-06	1.888841e-06	8.531677e-11	1.228005e+01	4.725521e+00
1.930000e-06	1.922397e-06	8.654377e-11	1.249821e+01	4.810647e+00
1.940000e-06	1.955644e-06	8.832151e-11	1.271437e+01	4.896159e+00
1.950000e-06	1.988662e-06	8.793157e-11	1.292903e+01	4.979066e+00
1.960000e-06	2.021419e-06	8.878407e-11	1.314199e+01	5.056778e+00
1.970000e-06	2.053979e-06	9.171176e-11	1.335368e+01	5.127426e+00
1.980000e-06	2.086433e-06	9.296699e-11	1.356468e+01	5.190082e+00
1.990000e-06	2.118787e-06	9.176263e-11	1.377502e+01	5.244852e+00
2.000000e-06	2.151004e-06	8.950301e-11	1.398447e+01	5.292837e+00
2.010000e-06	2.183004e-06	8.931576e-11	1.419252e+01	5.335955e+00
2.020000e-06	2.214730e-06	8.962114e-11	1.439878e+01	5.376673e+00
2.030000e-06	2.246176e-06	8.912490e-11	1.460322e+01	5.417660e+00
2.040000e-06	2.277300e-06	9.075599e-11	1.480557e+01	5.461424e+00
2.050000e-06	2.308060e-06	9.414193e-11	1.500556e+01	5.509980e+00
2.060000e-06	2.338544e-06	9.701835e-11	1.520374e+01	5.564586e+00
2.070000e-06	2.368855e-06	9.721454e-11	1.540080e+01	5.625580e+00
2.080000e-06	2.398982e-06	9.721235e-11	1.559667e+01	5.692352e+00
2.090000e-06	2.428872e-06	9.679586e-11	1.579100e+01	5.763428e+00
2.100000e-06	2.458488e-06	9.271432e-11	1.598354e+01	5.836681e+00
2.110000e-06	2.487776e-06	8.886112e-11	1.617395e+01	5.909615e+00
2.120000e-06	2.516689e-06	8.921086e-11	1.636193e+01	5.979697e+00
2.130000e-06	2.545309e-06	9.208797e-11	1.654800e+01	6.044687e+00
2.140000e-06	2.573813e-06	9.398080e-11	1.673331e+01	6.102927e+00
2.150000e-06	2.602207e-06	9.566787e-11	1.691791e+01	6.153539e+00
2.160000e-06	2.630432e-06	9.716134e-11	1.710141e+01	6.196520e+00
2.170000e-06	2.658469e-06	9.594545e-11	1.728369e+01	6.232724e+00
2.180000e-06	2.686217e-06	9.265378e-11	1.746409e+01	6.263714e+00
2.190000e-06	2.713529e-06	8.997100e-11	1.764166e+01	6.291538e+00
2.200000e-06	2.740226e-06	8.945350e-11	1.781523e+01	6.318434e+00
2.210000e-06	2.766202e-06	8.994065e-11	1.798410e+01	6.346516e+00
2.220000e-06	2.791572e-06	9.052423e-11	1.814905e+01	6.377489e+00
2.230000e-06	2.816503e-06	9.324844e-11	1.831113e+01	6.412419e+00
2.240000e-06	2.841159e-06	9.472884e-11	1.847143e+01	6.451597e+00
2.250000e-06	2.865626e-06	9.464571e-11	1.863050e+01	6.494515e+00
2.260000e-06	2.889905e-06	9.644142e-11	1.878834e+01	6.539954e+00
2.270000e-06	2.913843e-06	9.792981e-11	1.894398e+01	6.586168e+00
2.280000e-06	2.937380e-06	9.762498e-11	1.909699e+01	6.631146e+00
2.290000e-06	2.960532e-06	9.564209e-11	1.924752e+01	6.672902e+00
2.300000e-06	2.983332e-06	9.425067e-11	1.939575e+01	6.709776e+00
2.310000e-06	3.005846e-06	9.334206e-11	1.954212e+01	6.740674e+00
2.320000e-06	3.028034e-06	9.198164e-11	1.968637e+01	6.765242e+00
2.330000e-06	3.049915e-06	9.206880e-11	1.982863e+01	6.783932e+00
2.340000e-06	3.071408e-06	9.351976e-11	1.996837e+01	6.797959e+00
2.350000e-06	3.092469e-06	9.455041e-11	2.010529e+01	6.809154e+00
2.360000e-06	3.113197e-06	9.465327e-11	2.024005e+01	6.819727e+00
2.370000e-06	3.133689e-06	9.315989e-11	2.037327e+01	6.831975e+00
2.380000e-06	3.154030e-06	9.270304e-11	2.050552e+01	6.847980e+00
2.390000e-06	3.174222e-06	9.503774e-11	2.063680e+01	6.869323e+00
2.400000e-06	3.194118e-06	9.497404e-11	2.076615e+01	6.896866e+00
2.410000e-06	3.213460e-06	9.257992e-11	2.089189e+01	6.930625e+00
2.420000e-06	3.232205e-06	9.219992e-11	2.101376e+01	6.969751e+00
2.430000e-06	3.250566e-06	9.301895e-11	2.113313e+01	7.012620e+00
2.440000e-06	3.268606e-06	9.241454e-11	2.125042e+01	7.057031e+00
2.450000e-06	3.286219e-06	9.244367e-11	2.136493e+01	7.100473e+00
2.460000e-06	3.303521e-06	9.513509e-11	2.147742e+01	7.140432e+00
2.470000e-06	3.320590e-06	9.889465e-11	2.158839e+01	7.174706e+00
2.480000e-06	3.337202e-06	9.987137e-11	2.169639e+01	7.201667e+00
2.490000e-06	3.353212e-06	9.710189e-11	2.180048e+01	7.220460e+00
2.500000e-06	3.368699e-06	9.633218e-11	2.190116e+01	7.231096e+00
2.510000e-06	3.383668e-06	9.517741e-11	2.199848e+01	7.234431e+00
2.520000e-06	3.398163e-06	9.160406e-11	2.209272e+01	7.232036e+00
2.530000e-06	3.412324e-06	8.853127e-11	2.218478e+01	7.225979e+00
2.540000e-06	3.426105e-06	8.971201e-11	2.227438e+01	7.218533e+00
2.550000e-06	3.439431e-06	9.344583e-11	2.236102e+01	7.211869e+00
2.560000e-06	3.452328e-06	9.543277e-11	2.244486e+01	7.207752e+00
2.570000e-06	3.464838e-06	9.486612e-11	2.252619e+01	7.207307e+00
2.580000e-06	3.476956e-06	9.460091e-11	2.260498e+01	7.210854e+00
2.590000e-06	3.488646e-06	9.291862e-11	2.268098e+01	7.217871e+00
2.600000e-06	3.499696e-06	8.969590e-11	2.275282e+01	7.227059e+00
2.610000e-06	3.509994e-06	8.647598e-11	2.281977e+01	7.236527e+00
2.620000e-06	3.519673e-06	8.629218e-11	2.288270e+01	7.244053e+00
2.630000e-06	3.528770e-06	8.888490e-11	2.294184e+01	7.247413e+00
2.640000e-06	3.537397e-06	8.895878e-11	2.299793e+01	7.244709e+00
2.650000e-06	3.545792e-06	8.872617e-11	2.305251e+01	7.234673e+00
2.660000e-06	3.553975e-06	8.773229e-11	2.310571e+01	7.216894e+00
2.670000e-06	3.561781e-06	8.589023e-11	2.315646e+01	7.191945e+00
2.680000e-06	3.569122e-06	8.271619e-11	2.320419e+01	7.161382e+00
2.690000e-06	3.576019e-06	8.003046e-11	2.324903e+01	7.127609e+00
2.700000e-06	3.582530e-06	8.053492e-11	2.329136e+01	7.093630e+00
2.710000e-06	3.588622e-06	8.281460e-11	2.333096e+01	7.062709e+00
2.720000e-06	3.594207e-06	8.410430e-11	2.336727e+01	7.037966e+00
2.730000e-06	3.599334e-06	8.192991e-11	2.340060e+01	7.021987e+00
2.740000e-06	3.604136e-06	8.007482e-11	2.343183e+01	7.016458e+00
2.750000e-06	3.608724e-06	8.000063e-11	2.346165e+01	7.021902e+00
2.760000e-06	3.613029e-06	7.777289e-11	2.348964e+01	7.037543e+00
2.770000e-06	3.616933e-06	7.586710e-11	2.351502e+01	7.061323e+00
2.780000e-06	3.620393e-06	7.580939e-11	2.353752e+01	7.090074e+00
2.790000e-06	3.623282e-06	7.642088e-11	2.355630e+01	7.119846e+00
2.800000e-06	3.625540e-06	7.632452e-11	2.357098e+01	7.146352e+00
2.810000e-06	3.627117e-06	7.524401e-11	2.358123e+01	7.165490e+00
2.820000e-06	3.628103e-06	7.248472e-11	2.358764e+01	7.173879e+00
2.830000e-06	3.628716e-06	6.755918e-11	2.359163e+01	7.169369e+00
2.840000e-06	3.629091e-06	6.440712e-11	2.359407e+01	7.151438e+00
2.850000e-06	3.629204e-06	6.404627e-11	2.359480e+01	7.121447e+00
2.860000e-06	3.628805e-06	6.688017e-11	2.359220e+01	7.082711e+00
2.870000e-06	3.627910e-06	7.165530e-11	2.358639e+01	7.040352e+00
2.880000e-06	3.626662e-06	7.611154e-11	2.357827e+01	7.000961e+00
2.890000e-06	3.625063e-06	7.844617e-11	2.356788e+01	6.972065e+00
2.900000e-06	3.623159e-06	7.708237e-11	2.355550e+01	6.961469e+00
2.910000e-06	3.620869e-06	6.173163e-11	2.354061e+01	6.976501e+00
2.920000e-06	3.618134e-06	2.359798e-11	2.352283e+01	7.023260e+00
2.930000e-06	3.615027e-06	6.139340e-11	2.350263e+01	7.105920e+00
2.940000e-06	3.611529e-06	2.205961e-10	2.347989e+01	7.226170e+00
2.950000e-06	3.607614e-06	1.839116e-10	2.345443e+01	7.382841e+00
2.960000e-06	3.603406e-06	-6.402639e-11	2.342708e+01	7.571781e+00
2.970000e-06	3.598948e-06	-6.923393e-11	2.339809e+01	7.785974e+00
2.980000e-06	3.593977e-06	1.837286e-10	2.336577e+01	8.015925e+00
2.990000e-06	3.588174e-06	2.074041e-10	2.332805e+01	8.250274e+00
3.000000e-06	3.581555e-06	-9.953366e-12	2.328501e+01	8.476585e+00
3.010000e-06	3.574490e-06	1.224031e-10	2.323908e+01	8.682258e+00
3.020000e-06	3.567159e-06	3.361873e-10	2.319142e+01	8.855474e+00
3.030000e-06	3.559520e-06	2.172168e-10	2.314176e+01	8.986098e+00
3.040000e-06	3.551626e-06	1.023655e-10	2.309044e+01	9.066450e+00
3.050000e-06	3.543443e-06	1.767054e-10	2.303724e+01	9.091887e+00
3.060000e-06	3.534785e-06	1.270950e-10	2.298095e+01	9.061144e+00
3.070000e-06	3.525606e-06	1.319016e-10	2.292127e+01	8.976393e+00
3.080000e-06	3.516047e-06	3.256364e-10	2.285912e+01	8.843033e+00
3.090000e-06	3.506107e-06	1.445254e-10	2.279450e+01	8.669219e+00
3.100000e-06	3.495636e-06	-3.263456e-11	2.272642e+01	8.465181e+00
3.110000e-06	3.484702e-06	2.644729e-10	2.265534e+01	8.242401e+00
3.120000e-06	3.473460e-06	3.687741e-10	2.258225e+01	8.012708e+00
3.130000e-06	3.461852e-06	2.698509e-11	2.250678e+01	7.787395e+00
3.140000e-06	3.449726e-06	6.689099e-11	2.242795e+01	7.576412e+00
3.150000e-06	3.436975e-06	3.560853e-10	2.234505e+01	7.387716e+00
3.160000e-06	3.423624e-06	2.338476e-10	2.225825e+01	7.226829e+00
3.170000e-06	3.409647e-06	-8.159526e-12	2.216738e+01	7.096627e+00
3.180000e-06	3.395011e-06	6.182492e-11	2.207223e+01	6.997370e+00
3.190000e-06	3.379824e-06	2.461799e-10	2.197349e+01	6.926960e+00
3.200000e-06	3.364295e-06	2.130630e-10	2.187253e+01	6.881377e+00
3.210000e-06	3.348558e-06	2.965845e-11	2.177022e+01	6.855255e+00
3.220000e-06	3.332485e-06	6.780595e-11	2.166572e+01	6.842523e+00
3.230000e-06	3.315940e-06	2.860094e-10	2.155815e+01	6.837047e+00
3.240000e-06	3.299011e-06	1.787151e-10	2.144809e+01	6.833210e+00
3.250000e-06	3.281732e-06	1.469706e-11	2.133575e+01	6.826383e+00
3.260000e-06	3.264059e-06	1.297157e-10	2.122086e+01	6.813234e+00
3.270000e-06	3.246023e-06	2.119357e-10	2.110360e+01	6.791879e+00
3.280000e-06	3.227632e-06	1.460067e-10	2.098403e+01	6.761849e+00
3.290000e-06	3.208905e-06	9.627275e-11	2.086228e+01	6.723921e+00
3.300000e-06	3.189820e-06	1.016015e-10	2.073820e+01	6.679817e+00
3.310000e-06	3.170443e-06	1.807411e-10	2.061223e+01	6.631839e+00
3.320000e-06	3.150894e-06	1.719201e-10	2.048513e+01	6.582484e+00
3.330000e-06	3.131154e-06	6.416936e-11	2.035679e+01	6.534071e+00
3.340000e-06	3.111054e-06	1.023307e-10	2.022612e+01	6.488447e+00
3.350000e-06	3.090503e-06	1.821087e-10	2.009251e+01	6.446786e+00
3.360000e-06	3.069404e-06	1.511482e-10	1.995533e+01	6.409495e+00
3.370000e-06	3.047617e-06	9.394098e-11	1.981369e+01	6.376249e+00
3.380000e-06	3.025206e-06	9.464201e-11	1.966799e+01	6.346109e+00
3.390000e-06	3.002335e-06	1.555585e-10	1.951929e+01	6.317731e+00
3.400000e-06	2.979101e-06	1.622260e-10	1.936824e+01	6.289613e+00
3.410000e-06	2.955605e-06	9.257823e-11	1.921548e+01	6.260342e+00
3.420000e-06	2.931912e-06	9.712149e-11	1.906144e+01	6.228817e+00
3.430000e-06	2.907965e-06	1.593059e-10	1.890576e+01	6.194416e+00
3.440000e-06	2.883704e-06	1.541588e-10	1.874803e+01	6.157070e+00
3.450000e-06	2.859041e-06	9.591761e-11	1.858768e+01	6.117264e+00
3.460000e-06	2.834014e-06	9.156413e-11	1.842498e+01	6.075939e+00
3.470000e-06	2.808685e-06	1.551746e-10	1.826030e+01	6.034334e+00
3.480000e-06	2.783016e-06	1.548960e-10	1.809342e+01	5.993775e+00
3.490000e-06	2.757023e-06	9.561471e-11	1.792443e+01	5.955450e+00
3.500000e-06	2.730720e-06	9.909289e-11	1.775342e+01	5.920200e+00
3.510000e-06	2.704141e-06	1.425757e-10	1.758063e+01	5.888350e+00
3.520000e-06	2.677204e-06	1.412404e-10	1.740549e+01	5.859608e+00
3.530000e-06	2.649928e-06	8.946251e-11	1.722817e+01	5.833044e+00
3.540000e-06	2.622474e-06	8.614900e-11	1.704967e+01	5.807156e+00
3.550000e-06	2.594820e-06	1.372212e-10	1.686988e+01	5.780001e+00
3.560000e-06	2.566983e-06	1.384395e-10	1.668891e+01	5.749402e+00
3.570000e-06	2.538926e-06	9.404338e-11	1.650650e+01	5.713179e+00
3.580000e-06	2.510568e-06	9.462798e-11	1.632213e+01	5.669394e+00
3.590000e-06	2.481733e-06	1.320605e-10	1.613467e+01	5.616575e+00
3.600000e-06	2.452302e-06	1.348236e-10	1.594333e+01	5.553891e+00
3.610000e-06	2.422420e-06	9.255183e-11	1.574905e+01	5.481271e+00
3.620000e-06	2.392086e-06	8.869142e-11	1.555184e+01	5.399431e+00
3.630000e-06	2.361318e-06	1.253498e-10	1.535181e+01	5.309837e+00
3.640000e-06	2.330250e-06	1.265768e-10	1.514982e+01	5.214577e+00
3.650000e-06	2.298934e-06	9.423652e-11	1.494622e+01	5.116183e+00
3.660000e-06	2.267444e-06	8.636365e-11	1.474150e+01	5.017410e+00
3.670000e-06	2.235843e-06	1.151877e-10	1.453605e+01	4.920994e+00
3.680000e-06	2.204057e-06	1.177670e-10	1.432939e+01	4.829419e+00
3.690000e-06	2.172017e-06	8.808644e-11	1.412109e+01	4.744709e+00
3.700000e-06	2.139718e-06	8.277858e-11	1.391110e+01	4.668276e+00
3.710000e-06	2.107116e-06	1.069784e-10	1.369914e+01	4.600813e+00
3.720000e-06	2.074226e-06	1.116076e-10	1.348531e+01	4.542263e+00
3.730000e-06	2.041136e-06	8.908993e-11	1.327018e+01	4.491845e+00
3.740000e-06	2.007865e-06	8.199273e-11	1.305388e+01	4.448145e+00
3.750000e-06	1.974407e-06	1.047683e-10	1.283635e+01	4.409246e+00
3.760000e-06	1.940746e-06	1.099430e-10	1.261751e+01	4.372892e+00
3.770000e-06	1.906905e-06	8.832931e-11	1.239750e+01	4.336674e+00
3.780000e-06	1.872856e-06	7.840003e-11	1.217613e+01	4.298210e+00
3.790000e-06	1.838450e-06	9.524846e-11	1.195245e+01	4.255314e+00
3.800000e-06	1.803770e-06	1.008250e-10	1.172698e+01	4.206144e+00
3.810000e-06	1.768869e-06	8.073430e-11	1.150007e+01	4.149312e+00
3.820000e-06	1.733752e-06	7.300743e-11	1.127176e+01	4.083954e+00
3.830000e-06	1.698513e-06	8.824800e-11	1.104266e+01	4.009765e+00
3.840000e-06	1.663140e-06	9.331930e-11	1.081269e+01	3.926986e+00
3.850000e-06	1.627640e-06	7.400364e-11	1.058189e+01	3.836353e+00
3.860000e-06	1.592086e-06	6.365344e-11	1.035074e+01	3.739019e+00
3.870000e-06	1.556465e-06	7.408971e-11	1.011916e+01	3.636435e+00
3.880000e-06	1.520719e-06	7.571764e-11	9.886757e+00	3.530225e+00
3.890000e-06	1.484860e-06	5.997834e-11	9.653623e+00	3.422043e+00
3.900000e-06	1.448846e-06	5.376307e-11	9.419487e+00	3.313433e+00
3.910000e-06	1.412633e-06	6.602343e-11	9.184052e+00	3.205697e+00
3.920000e-06	1.376165e-06	7.060839e-11	8.946959e+00	3.099788e+00
3.930000e-06	1.339388e-06	5.557329e-11	8.707860e+00	2.996235e+00
3.940000e-06	1.302372e-06	4.581994e-11	8.467204e+00	2.895106e+00
3.950000e-06	1.265066e-06	5.166435e-11	8.224661e+00	2.796018e+00
3.960000e-06	1.227306e-06	5.587517e-11	7.979168e+00	2.698195e+00
3.970000e-06	1.189242e-06	4.471441e-11	7.731706e+00	2.600576e+00
3.980000e-06	1.151033e-06	3.793002e-11	7.483294e+00	2.501949e+00
3.990000e-06	1.112599e-06	4.795679e-11	7.233416e+00	2.401125e+00
4.000000e-06	1.074005e-06	5.494176e-11	6.982504e+00	2.297108e+00
4.010000e-06	1.035272e-06	4.568654e-11	6.730688e+00	2.189266e+00
4.020000e-06	9.963337e-07	3.620554e-11	6.477535e+00	2.077462e+00
4.030000e-06	9.572446e-07	3.841126e-11	6.223402e+00	1.962146e+00
4.040000e-06	9.180348e-07	3.922474e-11	5.968485e+00	1.844376e+00
4.050000e-06	8.787729e-07	3.074237e-11	5.713229e+00	1.725770e+00
4.060000e-06	8.394806e-07	2.695778e-11	5.457775e+00	1.608389e+00
4.070000e-06	8.001304e-07	3.625544e-11	5.201944e+00	1.494547e+00
4.080000e-06	7.607030e-07	4.354947e-11	4.945612e+00	1.386581e+00
4.090000e-06	7.212574e-07	3.845902e-11	4.689162e+00	1.286591e+00
4.100000e-06	6.818084e-07	3.195549e-11	4.432689e+00	1.196179e+00
4.110000e-06	6.423084e-07	3.262146e-11	4.175885e+00	1.116228e+00
4.120000e-06	6.028065e-07	3.015951e-11	3.919068e+00	1.046739e+00
4.130000e-06	5.632631e-07	2.102225e-11	3.661982e+00	9.867524e-01
4.140000e-06	5.236981e-07	1.534759e-11	3.404755e+00	9.343698e-01
4.150000e-06	4.841050e-07	2.185149e-11	3.147346e+00	8.868805e-01
4.160000e-06	4.444131e-07	2.926984e-11	2.889294e+00	8.409827e-01
4.170000e-06	4.046672e-07	2.679223e-11	2.630892e+00	7.930798e-01
4.180000e-06	3.649239e-07	2.159258e-11	2.372506e+00	7.396242e-01
4.190000e-06	3.251743e-07	2.296906e-11	2.114078e+00	6.774686e-01
4.200000e-06	2.853739e-07	2.386282e-11	1.855322e+00	6.041874e-01
4.210000e-06	2.455109e-07	1.656136e-11	1.596157e+00	5.183297e-01
4.220000e-06	2.057017e-07	9.230727e-12	1.337343e+00	4.195733e-01
4.230000e-06	1.659627e-07	1.002728e-11	1.078985e+00	3.087582e-01
4.240000e-06	1.261784e-07	1.439086e-11	8.203326e-01	1.877948e-01
4.250000e-06	8.629591e-08	1.328874e-11	5.610417e-01	5.945312e-02
4.260000e-06	4.637208e-08	9.497963e-12	3.014821e-01	-7.294423e-02
4.270000e-06	6.502432e-09	8.819192e-12	4.227472e-02	-2.058899e-01
4.280000e-06	-3.331872e-08	7.123183e-12	-2.166174e-01	-3.360795e-01
4.290000e-06	-7.314551e-08	-9.530535e-13	-4.755461e-01	-4.607729e-01
4.300000e-06	-1.130350e-07	-7.494584e-12	-7.348822e-01	-5.780863e-01
4.310000e-06	-1.529218e-07	-8.764775e-12	-9.942016e-01	-6.871807e-01
4.320000e-06	-1.927589e-07	-7.588046e-12	-1.253197e+00	-7.883229e-01
4.330000e-06	-2.325343e-07	-8.618755e-12	-1.511792e+00	-8.828133e-01
4.340000e-06	-2.722935e-07	-8.309972e-12	-1.770281e+00	-9.727888e-01
4.350000e-06	-3.120548e-07	-4.009697e-12	-2.028784e+00	-1.060926e+00
4.360000e-06	-3.517832e-07	-4.166740e-12	-2.287073e+00	-1.150082e+00
4.370000e-06	-3.915188e-07	-1.109785e-11	-2.545409e+00	-1.242918e+00
4.380000e-06	-4.312044e-07	-1.811813e-11	-2.803420e+00	-1.341550e+00
4.390000e-06	-4.708564e-07	-2.005217e-11	-3.061212e+00	-1.447284e+00
4.400000e-06	-5.104750e-07	-2.029220e-11	-3.318787e+00	-1.560443e+00
4.410000e-06	-5.500656e-07	-2.188916e-11	-3.576180e+00	-1.680337e+00
4.420000e-06	-5.896894e-07	-2.387289e-11	-3.833790e+00	-1.805360e+00
4.430000e-06	-6.292449e-07	-2.223730e-11	-4.090955e+00	-1.933203e+00
4.440000e-06	-6.687114e-07	-2.188097e-11	-4.347541e+00	-2.061164e+00
4.450000e-06	-7.081485e-07	-2.633336e-11	-4.603936e+00	-2.186500e+00
4.460000e-06	-7.475699e-07	-3.028386e-11	-4.860229e+00	-2.306790e+00
4.470000e-06	-7.869765e-07	-3.050476e-11	-5.116426e+00	-2.420243e+00
4.480000e-06	-8.263587e-07	-3.133918e-11	-5.372464e+00	-2.525928e+00
4.490000e-06	-8.656970e-07	-3.659550e-11	-5.628217e+00	-2.623884e+00
4.500000e-06	-9.049384e-07	-3.982152e-11	-5.883340e+00	-2.715095e+00
4.510000e-06	-9.440852e-07	-3.894939e-11	-6.137848e+00	-2.801342e+00
4.520000e-06	-9.831322e-07	-3.863907e-11	-6.391707e+00	-2.884939e+00
4.530000e-06	-1.022035e-06	-4.231167e-11	-6.644627e+00	-2.968402e+00
4.540000e-06	-1.060805e-06	-4.532666e-11	-6.896685e+00	-3.054085e+00
4.550000e-06	-1.099381e-06	-4.508287e-11	-7.147487e+00	-3.143829e+00
4.560000e-06	-1.137829e-06	-4.595009e-11	-7.397448e+00	-3.238689e+00
4.570000e-06	-1.176133e-06	-5.042214e-11	-7.646477e+00	-3.338756e+00
4.580000e-06	-1.214126e-06	-5.421601e-11	-7.893480e+00	-3.443112e+00
4.590000e-06	-1.251805e-06	-5.310756e-11	-8.138450e+00	-3.549921e+00
4.600000e-06	-1.289266e-06	-5.232291e-11	-8.381998e+00	-3.656645e+00
4.610000e-06	-1.326461e-06	-5.575919e-11	-8.623814e+00	-3.760365e+00
4.620000e-06	-1.363290e-06	-5.880922e-11	-8.863255e+00	-3.858150e+00
4.630000e-06	-1.399792e-06	-5.867855e-11	-9.100567e+00	-3.947451e+00
4.640000e-06	-1.436089e-06	-6.023917e-11	-9.336548e+00	-4.026436e+00
4.650000e-06	-1.472198e-06	-6.423679e-11	-9.571303e+00	-4.094259e+00
4.660000e-06	-1.508065e-06	-6.836368e-11	-9.804487e+00	-4.151188e+00
4.670000e-06	-1.543768e-06	-6.819026e-11	-1.003661e+01	-4.198611e+00
4.680000e-06	-1.579375e-06	-6.593864e-11	-1.026810e+01	-4.238889e+00
4.690000e-06	-1.614912e-06	-6.590729e-11	-1.049914e+01	-4.275092e+00
4.700000e-06	-1.650377e-06	-6.604973e-11	-1.072971e+01	-4.310638e+00
4.710000e-06	-1.685757e-06	-6.707415e-11	-1.095973e+01	-4.348894e+00
4.720000e-06	-1.721033e-06	-6.786552e-11	-1.118907e+01	-4.392781e+00
4.730000e-06	-1.756197e-06	-6.895836e-11	-1.141769e+01	-4.444431e+00
4.740000e-06	-1.791111e-06	-7.114958e-11	-1.164468e+01	-4.504946e+00
4.750000e-06	-1.825755e-06	-7.123774e-11	-1.186991e+01	-4.574289e+00
4.760000e-06	-1.860203e-06	-7.107667e-11	-1.209387e+01	-4.651315e+00
4.770000e-06	-1.894387e-06	-7.281207e-11	-1.231611e+01	-4.733936e+00
4.780000e-06	-1.928339e-06	-7.566156e-11	-1.253685e+01	-4.819409e+00
4.790000e-06	-1.962053e-06	-7.884820e-11	-1.275604e+01	-4.904693e+00
4.800000e-06	-1.995534e-06	-8.060664e-11	-1.297371e+01	-4.986846e+00
4.810000e-06	-2.028774e-06	-8.291339e-11	-1.318981e+01	-5.063390e+00
4.820000e-06	-2.061748e-06	-8.494022e-11	-1.340419e+01	-5.132619e+00
4.830000e-06	-2.094453e-06	-8.603843e-11	-1.361681e+01	-5.193797e+00
4.840000e-06	-2.126853e-06	-8.729287e-11	-1.382746e+01	-5.247224e+00
4.850000e-06	-2.159002e-06	-8.778180e-11	-1.403647e+01	-5.294169e+00
4.860000e-06	-2.190905e-06	-8.932204e-11	-1.424389e+01	-5.336679e+00
4.870000e-06	-2.222631e-06	-9.003869e-11	-1.445015e+01	-5.377284e+00
4.880000e-06	-2.254197e-06	-8.964404e-11	-1.465537e+01	-5.418651e+00
4.890000e-06	-2.285603e-06	-9.118117e-11	-1.485956e+01	-5.463220e+00
4.900000e-06	-2.316862e-06	-9.323963e-11	-1.506278e+01	-5.512881e+00
4.910000e-06	-2.347868e-06	-9.441900e-11	-1.526436e+01	-5.568728e+00
4.920000e-06	-2.378545e-06	-9.514197e-11	-1.546380e+01	-5.630920e+00
4.930000e-06	-2.408775e-06	-9.695483e-11	-1.566034e+01	-5.698674e+00
4.940000e-06	-2.438497e-06	-9.858761e-11	-1.585357e+01	-5.770376e+00
4.950000e-06	-2.467765e-06	-1.014582e-10	-1.604386e+01	-5.843806e+00
4.960000e-06	-2.496604e-06	-1.069321e-10	-1.623135e+01	-5.916433e+00
4.970000e-06	-2.524952e-06	-1.109854e-10	-1.641565e+01	-5.985757e+00
4.980000e-06	-2.552918e-06	-1.117851e-10	-1.659747e+01	-6.049627e+00
4.990000e-06	-2.580671e-06	-1.124279e-10	-1.677790e+01	-6.106518e+00
5.000000e-06	-2.608225e-06	-1.156878e-10	-1.695704e+01	-6.155712e+00
5.010000e-06	-2.635625e-06	-1.178591e-10	-1.713518e+01	-6.197374e+00
5.020000e-06	-2.662850e-06	-1.177859e-10	-1.731217e+01	-6.232503e+00
5.030000e-06	-2.689829e-06	-1.178335e-10	-1.748758e+01	-6.262774e+00
5.040000e-06	-2.716477e-06	-1.181261e-10	-1.766082e+01	-6.290293e+00
5.050000e-06	-2.742707e-06	-1.189601e-10	-1.783135e+01	-6.317299e+00
5.060000e-06	-2.768551e-06	-1.182044e-10	-1.799938e+01	-6.345850e+00
5.070000e-06	-2.794153e-06	-1.191597e-10	-1.816582e+01	-6.377546e+00
5.080000e-06	-2.819500e-06	-1.231433e-10	-1.833062e+01	-6.413315e+00
5.090000e-06	-2.844424e-06	-1.253563e-10	-1.849266e+01	-6.453296e+00
5.100000e-06	-2.868921e-06	-1.248759e-10	-1.865192e+01	-6.496839e+00
5.110000e-06	-2.893017e-06	-1.255835e-10	-1.880858e+01	-6.542608e+00
5.120000e-06	-2.916794e-06	-1.273097e-10	-1.896316e+01	-6.588787e+00
5.130000e-06	-2.940390e-06	-1.269420e-10	-1.911657e+01	-6.633346e+00
5.140000e-06	-2.963834e-06	-1.272284e-10	-1.926898e+01	-6.674340e+00
5.150000e-06	-2.987066e-06	-1.295586e-10	-1.942002e+01	-6.710196e+00
5.160000e-06	-3.009941e-06	-1.333372e-10	-1.956874e+01	-6.739951e+00
5.170000e-06	-3.032358e-06	-1.343121e-10	-1.971448e+01	-6.763398e+00
5.180000e-06	-3.054210e-06	-1.329900e-10	-1.985655e+01	-6.781139e+00
5.190000e-06	-3.075428e-06	-1.341541e-10	-1.999450e+01	-6.794521e+00
5.200000e-06	-3.096101e-06	-1.358616e-10	-2.012890e+01	-6.805465e+00
5.210000e-06	-3.116246e-06	-1.357110e-10	-2.025987e+01	-6.816219e+00
5.220000e-06	-3.136050e-06	-1.345525e-10	-2.038862e+01	-6.829065e+00
5.230000e-06	-3.155665e-06	-1.360347e-10	-2.051615e+01	-6.846009e+00
5.240000e-06	-3.175053e-06	-1.380766e-10	-2.064219e+01	-6.868513e+00
5.250000e-06	-3.194162e-06	-1.365188e-10	-2.076643e+01	-6.897288e+00
5.260000e-06	-3.212885e-06	-1.375793e-10	-2.088816e+01	-6.932183e+00
5.270000e-06	-3.231246e-06	-1.426122e-10	-2.100753e+01	-6.972195e+00
5.280000e-06	-3.249199e-06	-1.458763e-10	-2.112425e+01	-7.015575e+00
5.290000e-06	-3.266774e-06	-1.481552e-10	-2.123851e+01	-7.060040e+00
5.300000e-06	-3.284073e-06	-1.486024e-10	-2.135098e+01	-7.103055e+00
5.310000e-06	-3.300934e-06	-1.472409e-10	-2.146059e+01	-7.142142e+00
5.320000e-06	-3.317325e-06	-1.449186e-10	-2.156716e+01	-7.175187e+00
5.330000e-06	-3.333420e-06	-1.444551e-10	-2.167180e+01	-7.200697e+00
5.340000e-06	-3.349234e-06	-1.455911e-10	-2.177461e+01	-7.217974e+00
5.350000e-06	-3.364777e-06	-1.458237e-10	-2.187566e+01	-7.227192e+00
5.360000e-06	-3.380024e-06	-1.470338e-10	-2.197479e+01	-7.229354e+00
5.370000e-06	-3.394814e-06	-1.495391e-10	-2.207094e+01	-7.226145e+00
5.380000e-06	-3.408999e-06	-1.508380e-10	-2.216317e+01	-7.219693e+00
5.390000e-06	-3.422505e-06	-1.507426e-10	-2.225097e+01	-7.212277e+00
5.400000e-06	-3.435402e-06	-1.504200e-10	-2.233482e+01	-7.206013e+00
5.410000e-06	-3.447785e-06	-1.511369e-10	-2.241533e+01	-7.202562e+00
5.420000e-06	-3.459642e-06	-1.530673e-10	-2.249241e+01	-7.202906e+00
5.430000e-06	-3.471064e-06	-1.535651e-10	-2.256667e+01	-7.207209e+00
5.440000e-06	-3.482125e-06	-1.531707e-10	-2.263859e+01	-7.214793e+00
5.450000e-06	-3.492731e-06	-1.542443e-10	-2.270754e+01	-7.224232e+00
5.460000e-06	-3.502889e-06	-1.573131e-10	-2.277358e+01	-7.233549e+00
5.470000e-06	-3.512714e-06	-1.582642e-10	-2.283746e+01	-7.240499e+00
5.480000e-06	-3.522185e-06	-1.563816e-10	-2.289903e+01	-7.242892e+00
5.490000e-06	-3.531288e-06	-1.550564e-10	-2.295821e+01	-7.238926e+00
5.500000e-06	-3.539937e-06	-1.554773e-10	-2.301445e+01	-7.227480e+00
5.510000e-06	-3.548101e-06	-1.557454e-10	-2.306752e+01	-7.208323e+00
5.520000e-06	-3.555907e-06	-1.544595e-10	-2.311827e+01	-7.182215e+00
5.530000e-06	-3.563419e-06	-1.539971e-10	-2.316711e+01	-7.150885e+00
5.540000e-06	-3.570674e-06	-1.562308e-10	-2.321428e+01	-7.116872e+00
5.550000e-06	-3.577567e-06	-1.563465e-10	-2.325909e+01	-7.083257e+00
5.560000e-06	-3.583972e-06	-1.552969e-10	-2.330073e+01	-7.053307e+00
5.570000e-06	-3.589723e-06	-1.570016e-10	-2.333812e+01	-7.030074e+00
5.580000e-06	-3.594693e-06	-1.607634e-10	-2.337043e+01	-7.015998e+00
5.590000e-06	-3.599046e-06	-1.616274e-10	-2.339873e+01	-7.012564e+00
5.600000e-06	-3.602997e-06	-1.592392e-10	-2.342442e+01	-7.020059e+00
5.610000e-06	-3.606660e-06	-1.593481e-10	-2.344824e+01	-7.037461e+00
5.620000e-06	-3.610051e-06	-1.619668e-10	-2.347028e+01	-7.062483e+00
5.630000e-06	-3.613130e-06	-1.631583e-10	-2.349030e+01	-7.091783e+00
5.640000e-06	-3.615830e-06	-1.623325e-10	-2.350785e+01	-7.121311e+00
5.650000e-06	-3.618053e-06	-1.623900e-10	-2.352230e+01	-7.146774e+00
5.660000e-06	-3.619842e-06	-1.644210e-10	-2.353394e+01	-7.164163e+00
5.670000e-06	-3.621290e-06	-1.675187e-10	-2.354335e+01	-7.170293e+00
5.680000e-06	-3.622266e-06	-1.686159e-10	-2.354969e+01	-7.163292e+00
5.690000e-06	-3.622744e-06	-1.687727e-10	-2.355280e+01	-7.142977e+00
