# Temperatura_=_20.0
# Concentracion g/m^3_=_12000.0
# C_Vs_to_Am_M_A/Vsm_=_59384043850.047264
# pendiente_HvsI_1/m_=_3716.3
# ordenada_HvsI_A/m_=_1297.0
# frecuencia_Hz_=_175592.06302312957

Tiempo_(s)	Campo_(V.s)	Magnetizacion_(V.s)	Campo_(kA/m)	Magnetizacion_(A/m)
0.000000e+00	-3.619739e-06	-1.890623e-10	-2.354830e+01	-8.655019e+00
1.000000e-08	-3.619665e-06	-1.839750e-10	-2.354782e+01	-8.585021e+00
2.000000e-08	-3.619301e-06	-1.812632e-10	-2.354545e+01	-8.508233e+00
3.000000e-08	-3.618667e-06	-1.785224e-10	-2.354133e+01	-8.435084e+00
4.000000e-08	-3.617681e-06	-1.787650e-10	-2.353491e+01	-8.376312e+00
5.000000e-08	-3.616275e-06	-1.803358e-10	-2.352576e+01	-8.341626e+00
6.000000e-08	-3.614283e-06	-1.778516e-10	-2.351280e+01	-8.338413e+00
7.000000e-08	-3.611656e-06	-1.763683e-10	-2.349571e+01	-8.370671e+00
8.000000e-08	-3.608340e-06	-2.090962e-10	-2.347414e+01	-8.438283e+00
9.000000e-08	-3.604395e-06	-2.148218e-10	-2.344848e+01	-8.536768e+00
1.000000e-07	-3.600082e-06	-9.510032e-11	-2.342042e+01	-8.657539e+00
1.100000e-07	-3.595535e-06	-5.351849e-11	-2.339084e+01	-8.788660e+00
1.200000e-07	-3.590734e-06	-2.438898e-10	-2.335961e+01	-8.916048e+00
1.300000e-07	-3.585486e-06	-3.414931e-10	-2.332546e+01	-9.024956e+00
1.400000e-07	-3.579690e-06	-1.046680e-10	-2.328776e+01	-9.101612e+00
1.500000e-07	-3.573511e-06	-2.112261e-11	-2.324756e+01	-9.134784e+00
1.600000e-07	-3.566951e-06	-2.762367e-10	-2.320489e+01	-9.117109e+00
1.700000e-07	-3.559931e-06	-2.392384e-10	-2.315922e+01	-9.046019e+00
1.800000e-07	-3.552462e-06	-6.851571e-11	-2.311063e+01	-8.924133e+00
1.900000e-07	-3.544610e-06	-8.206526e-11	-2.305955e+01	-8.759086e+00
2.000000e-07	-3.536485e-06	-1.984058e-10	-2.300669e+01	-8.562776e+00
2.100000e-07	-3.528069e-06	-1.211229e-10	-2.295194e+01	-8.350135e+00
2.200000e-07	-3.519289e-06	-1.855629e-10	-2.289482e+01	-8.137557e+00
2.300000e-07	-3.509976e-06	-2.012060e-10	-2.283424e+01	-7.941148e+00
2.400000e-07	-3.500083e-06	3.169081e-11	-2.276987e+01	-7.775028e+00
2.500000e-07	-3.489591e-06	-1.169022e-10	-2.270162e+01	-7.649857e+00
2.600000e-07	-3.478452e-06	-2.945471e-10	-2.262915e+01	-7.571766e+00
2.700000e-07	-3.466755e-06	-1.221315e-10	-2.255306e+01	-7.541815e+00
2.800000e-07	-3.454616e-06	6.345192e-11	-2.247409e+01	-7.556028e+00
2.900000e-07	-3.442045e-06	-1.836731e-10	-2.239231e+01	-7.605999e+00
3.000000e-07	-3.429029e-06	-2.630937e-10	-2.230763e+01	-7.679981e+00
3.100000e-07	-3.415594e-06	-4.886600e-11	-2.222023e+01	-7.764333e+00
3.200000e-07	-3.401744e-06	4.274788e-12	-2.213013e+01	-7.845128e+00
3.300000e-07	-3.387516e-06	-1.659804e-10	-2.203756e+01	-7.909752e+00
3.400000e-07	-3.372895e-06	-2.144202e-10	-2.194245e+01	-7.948283e+00
3.500000e-07	-3.357675e-06	-8.038532e-11	-2.184344e+01	-7.954503e+00
3.600000e-07	-3.341801e-06	-3.515324e-11	-2.174016e+01	-7.926436e+00
3.700000e-07	-3.325226e-06	-1.584216e-10	-2.163234e+01	-7.866354e+00
3.800000e-07	-3.308171e-06	-1.860671e-10	-2.152139e+01	-7.780279e+00
3.900000e-07	-3.290900e-06	-6.867395e-11	-2.140903e+01	-7.677045e+00
4.000000e-07	-3.273278e-06	-8.706668e-11	-2.129439e+01	-7.567074e+00
4.100000e-07	-3.255308e-06	-1.369790e-10	-2.117748e+01	-7.460999e+00
4.200000e-07	-3.237006e-06	-1.406731e-10	-2.105842e+01	-7.368335e+00
4.300000e-07	-3.218316e-06	-1.144009e-10	-2.093683e+01	-7.296349e+00
4.400000e-07	-3.199204e-06	-8.165936e-11	-2.081250e+01	-7.249259e+00
4.500000e-07	-3.179578e-06	-8.934384e-11	-2.068482e+01	-7.227858e+00
4.600000e-07	-3.159556e-06	-1.514570e-10	-2.055457e+01	-7.229586e+00
4.700000e-07	-3.139316e-06	-1.144692e-10	-2.042290e+01	-7.249020e+00
4.800000e-07	-3.118905e-06	-6.817703e-11	-2.029011e+01	-7.278708e+00
4.900000e-07	-3.098280e-06	-1.161180e-10	-2.015594e+01	-7.310216e+00
5.000000e-07	-3.077300e-06	-1.472617e-10	-2.001945e+01	-7.335256e+00
5.100000e-07	-3.055983e-06	-1.019082e-10	-1.988077e+01	-7.346732e+00
5.200000e-07	-3.034339e-06	-7.555728e-11	-1.973996e+01	-7.339587e+00
5.300000e-07	-3.012312e-06	-9.869529e-11	-1.959667e+01	-7.311337e+00
5.400000e-07	-2.989923e-06	-1.197487e-10	-1.945102e+01	-7.262250e+00
5.500000e-07	-2.967178e-06	-9.664023e-11	-1.930305e+01	-7.195150e+00
5.600000e-07	-2.944079e-06	-6.901977e-11	-1.915277e+01	-7.114906e+00
5.700000e-07	-2.920560e-06	-9.342938e-11	-1.899977e+01	-7.027669e+00
5.800000e-07	-2.896641e-06	-1.249715e-10	-1.884417e+01	-6.939985e+00
5.900000e-07	-2.872501e-06	-9.661280e-11	-1.868713e+01	-6.857903e+00
6.000000e-07	-2.848149e-06	-6.382680e-11	-1.852870e+01	-6.786194e+00
6.100000e-07	-2.823561e-06	-8.894513e-11	-1.836874e+01	-6.727782e+00
6.200000e-07	-2.798745e-06	-1.100570e-10	-1.820730e+01	-6.683452e+00
6.300000e-07	-2.773536e-06	-8.611440e-11	-1.804331e+01	-6.651855e+00
6.400000e-07	-2.747754e-06	-6.287502e-11	-1.787558e+01	-6.629810e+00
6.500000e-07	-2.721455e-06	-8.653566e-11	-1.770449e+01	-6.612818e+00
6.600000e-07	-2.694667e-06	-1.126301e-10	-1.753022e+01	-6.595737e+00
6.700000e-07	-2.667338e-06	-9.897961e-11	-1.735243e+01	-6.573499e+00
6.800000e-07	-2.639561e-06	-6.969501e-11	-1.717173e+01	-6.541772e+00
6.900000e-07	-2.611458e-06	-8.692228e-11	-1.698891e+01	-6.497483e+00
7.000000e-07	-2.583145e-06	-1.082827e-10	-1.680471e+01	-6.439137e+00
7.100000e-07	-2.554670e-06	-9.272899e-11	-1.661947e+01	-6.366895e+00
7.200000e-07	-2.526050e-06	-6.486005e-11	-1.643328e+01	-6.282424e+00
7.300000e-07	-2.497186e-06	-7.844112e-11	-1.624551e+01	-6.188546e+00
7.400000e-07	-2.467979e-06	-9.684223e-11	-1.605549e+01	-6.088750e+00
7.500000e-07	-2.438452e-06	-8.541444e-11	-1.586341e+01	-5.986646e+00
7.600000e-07	-2.408624e-06	-6.544312e-11	-1.566936e+01	-5.885453e+00
7.700000e-07	-2.378552e-06	-7.643699e-11	-1.547373e+01	-5.787570e+00
7.800000e-07	-2.348272e-06	-9.413738e-11	-1.527674e+01	-5.694319e+00
7.900000e-07	-2.317730e-06	-8.077144e-11	-1.507804e+01	-5.605865e+00
8.000000e-07	-2.286925e-06	-5.962081e-11	-1.487765e+01	-5.521317e+00
8.100000e-07	-2.255824e-06	-6.016623e-11	-1.467531e+01	-5.439004e+00
8.200000e-07	-2.224453e-06	-7.199680e-11	-1.447123e+01	-5.356841e+00
8.300000e-07	-2.192803e-06	-6.119836e-11	-1.426534e+01	-5.272757e+00
8.400000e-07	-2.160909e-06	-4.810240e-11	-1.405785e+01	-5.185086e+00
8.500000e-07	-2.128866e-06	-5.658318e-11	-1.384939e+01	-5.092878e+00
8.600000e-07	-2.096656e-06	-7.327268e-11	-1.363984e+01	-4.996074e+00
8.700000e-07	-2.064294e-06	-6.695247e-11	-1.342932e+01	-4.895520e+00
8.800000e-07	-2.031743e-06	-5.092010e-11	-1.321755e+01	-4.792830e+00
8.900000e-07	-1.998967e-06	-4.811257e-11	-1.300433e+01	-4.690108e+00
9.000000e-07	-1.965934e-06	-5.935812e-11	-1.278943e+01	-4.589594e+00
9.100000e-07	-1.932578e-06	-5.595733e-11	-1.257243e+01	-4.493275e+00
9.200000e-07	-1.899036e-06	-4.316888e-11	-1.235422e+01	-4.402534e+00
9.300000e-07	-1.865244e-06	-4.102769e-11	-1.213439e+01	-4.317896e+00
9.400000e-07	-1.831000e-06	-5.359833e-11	-1.191161e+01	-4.238896e+00
9.500000e-07	-1.796292e-06	-5.568881e-11	-1.168582e+01	-4.164115e+00
9.600000e-07	-1.761124e-06	-4.350691e-11	-1.145704e+01	-4.091357e+00
9.700000e-07	-1.725636e-06	-4.154437e-11	-1.122616e+01	-4.017955e+00
9.800000e-07	-1.689921e-06	-5.342800e-11	-1.099382e+01	-3.941154e+00
9.900000e-07	-1.654030e-06	-5.667137e-11	-1.076033e+01	-3.858514e+00
1.000000e-06	-1.617958e-06	-4.594884e-11	-1.052567e+01	-3.768277e+00
1.010000e-06	-1.581771e-06	-4.163484e-11	-1.029025e+01	-3.669627e+00
1.020000e-06	-1.545496e-06	-4.727208e-11	-1.005426e+01	-3.562827e+00
1.030000e-06	-1.509116e-06	-4.657155e-11	-9.817588e+00	-3.449182e+00
1.040000e-06	-1.472637e-06	-3.566686e-11	-9.580275e+00	-3.330860e+00
1.050000e-06	-1.436049e-06	-3.246504e-11	-9.342251e+00	-3.210573e+00
1.060000e-06	-1.399322e-06	-4.112559e-11	-9.103322e+00	-3.091185e+00
1.070000e-06	-1.362430e-06	-4.746993e-11	-8.863323e+00	-2.975285e+00
1.080000e-06	-1.325380e-06	-4.129475e-11	-8.622294e+00	-2.864804e+00
1.090000e-06	-1.288214e-06	-3.702065e-11	-8.380506e+00	-2.760725e+00
1.100000e-06	-1.250905e-06	-4.001750e-11	-8.137793e+00	-2.662934e+00
1.110000e-06	-1.213462e-06	-4.143199e-11	-7.894205e+00	-2.570233e+00
1.120000e-06	-1.175797e-06	-3.165041e-11	-7.649176e+00	-2.480514e+00
1.130000e-06	-1.137861e-06	-2.640966e-11	-7.402381e+00	-2.391080e+00
1.140000e-06	-1.099821e-06	-3.218098e-11	-7.154911e+00	-2.299052e+00
1.150000e-06	-1.061661e-06	-3.443636e-11	-6.906658e+00	-2.201818e+00
1.160000e-06	-1.023390e-06	-2.566781e-11	-6.657689e+00	-2.097458e+00
1.170000e-06	-9.850333e-07	-1.944043e-11	-6.408158e+00	-1.985069e+00
1.180000e-06	-9.465987e-07	-2.377997e-11	-6.158121e+00	-1.864965e+00
1.190000e-06	-9.081092e-07	-2.778704e-11	-5.907726e+00	-1.738694e+00
1.200000e-06	-8.695269e-07	-2.263807e-11	-5.656728e+00	-1.608892e+00
1.210000e-06	-8.308122e-07	-1.703777e-11	-5.404869e+00	-1.478973e+00
1.220000e-06	-7.919894e-07	-1.886862e-11	-5.152306e+00	-1.352703e+00
1.230000e-06	-7.531613e-07	-1.744285e-11	-4.899709e+00	-1.233714e+00
1.240000e-06	-7.143047e-07	-8.358236e-12	-4.646926e+00	-1.125024e+00
1.250000e-06	-6.752869e-07	-1.621795e-12	-4.393095e+00	-1.028624e+00
1.260000e-06	-6.361467e-07	-3.723833e-12	-4.138468e+00	-9.451932e-01
1.270000e-06	-5.969518e-07	-7.489132e-12	-3.883484e+00	-8.739825e-01
1.280000e-06	-5.576607e-07	-8.943196e-12	-3.627875e+00	-8.128732e-01
1.290000e-06	-5.182874e-07	-8.057690e-12	-3.371731e+00	-7.586150e-01
1.300000e-06	-4.788160e-07	-8.292629e-12	-3.114949e+00	-7.072053e-01
1.310000e-06	-4.392632e-07	-5.196073e-12	-2.857637e+00	-6.543613e-01
1.320000e-06	-3.996377e-07	1.807949e-12	-2.599852e+00	-5.960233e-01
1.330000e-06	-3.599771e-07	4.694446e-12	-2.341839e+00	-5.288230e-01
1.340000e-06	-3.202854e-07	7.344648e-13	-2.083624e+00	-4.504582e-01
1.350000e-06	-2.805005e-07	-4.364216e-12	-1.824803e+00	-3.599243e-01
1.360000e-06	-2.406983e-07	-4.852918e-12	-1.565869e+00	-2.575784e-01
1.370000e-06	-2.009338e-07	-2.961515e-12	-1.307180e+00	-1.450296e-01
1.380000e-06	-1.611393e-07	-1.750782e-12	-1.048295e+00	-2.487530e-02
1.390000e-06	-1.212832e-07	1.794123e-12	-7.890107e-01	9.967911e-02
1.400000e-06	-8.133146e-08	1.091463e-11	-5.291038e-01	2.252622e-01
1.410000e-06	-4.141869e-08	1.749547e-11	-2.694503e-01	3.487811e-01
1.420000e-06	-1.588941e-09	1.573827e-11	-1.033689e-02	4.678096e-01
1.430000e-06	3.822546e-08	9.901597e-12	2.486766e-01	5.808697e-01
1.440000e-06	7.804213e-08	1.012699e-11	5.077049e-01	6.875718e-01
1.450000e-06	1.179023e-07	1.346907e-11	7.670164e-01	7.886012e-01
1.460000e-06	1.577664e-07	1.488651e-11	1.026353e+00	8.855563e-01
1.470000e-06	1.975721e-07	1.857460e-11	1.285310e+00	9.806651e-01
1.480000e-06	2.372970e-07	2.490155e-11	1.543741e+00	1.076425e+00
1.490000e-06	2.769662e-07	2.828974e-11	1.801810e+00	1.175214e+00
1.500000e-06	3.166304e-07	2.679857e-11	2.059846e+00	1.278932e+00
1.510000e-06	3.562791e-07	2.502201e-11	2.317783e+00	1.388718e+00
1.520000e-06	3.958289e-07	2.397976e-11	2.575074e+00	1.504780e+00
1.530000e-06	4.353222e-07	2.594883e-11	2.831999e+00	1.626362e+00
1.540000e-06	4.748005e-07	2.812733e-11	3.088826e+00	1.751846e+00
1.550000e-06	5.142472e-07	3.140600e-11	3.345447e+00	1.878975e+00
1.560000e-06	5.536654e-07	3.734152e-11	3.601884e+00	2.005163e+00
1.570000e-06	5.929891e-07	4.209417e-11	3.857705e+00	2.127852e+00
1.580000e-06	6.321435e-07	4.310479e-11	4.112424e+00	2.244862e+00
1.590000e-06	6.712119e-07	4.218854e-11	4.366585e+00	2.354688e+00
1.600000e-06	7.102200e-07	3.992198e-11	4.620353e+00	2.456713e+00
1.610000e-06	7.491133e-07	3.926472e-11	4.873375e+00	2.551297e+00
1.620000e-06	7.879289e-07	3.979483e-11	5.125890e+00	2.639748e+00
1.630000e-06	8.266706e-07	4.284482e-11	5.377925e+00	2.724158e+00
1.640000e-06	8.652930e-07	4.826226e-11	5.629184e+00	2.807158e+00
1.650000e-06	9.037947e-07	5.118924e-11	5.879658e+00	2.891589e+00
1.660000e-06	9.422351e-07	5.127483e-11	6.129733e+00	2.980161e+00
1.670000e-06	9.806091e-07	4.957216e-11	6.379376e+00	3.075123e+00
1.680000e-06	1.018928e-06	4.803910e-11	6.628659e+00	3.177996e+00
1.690000e-06	1.057117e-06	4.869468e-11	6.877102e+00	3.289390e+00
1.700000e-06	1.095160e-06	4.917889e-11	7.124588e+00	3.408931e+00
1.710000e-06	1.133107e-06	4.940977e-11	7.371454e+00	3.535303e+00
1.720000e-06	1.170956e-06	5.316422e-11	7.617680e+00	3.666394e+00
1.730000e-06	1.208678e-06	5.735586e-11	7.863086e+00	3.799524e+00
1.740000e-06	1.246129e-06	6.038071e-11	8.106723e+00	3.931737e+00
1.750000e-06	1.283407e-06	6.283079e-11	8.349233e+00	4.060106e+00
1.760000e-06	1.320442e-06	6.511538e-11	8.590168e+00	4.182028e+00
1.770000e-06	1.357318e-06	6.798120e-11	8.830063e+00	4.295479e+00
1.780000e-06	1.394132e-06	6.835071e-11	9.069556e+00	4.399189e+00
1.790000e-06	1.430777e-06	6.849730e-11	9.307954e+00	4.492742e+00
1.800000e-06	1.467303e-06	7.139818e-11	9.545572e+00	4.576580e+00
1.810000e-06	1.503738e-06	7.335939e-11	9.782604e+00	4.651923e+00
1.820000e-06	1.540094e-06	7.420963e-11	1.001912e+01	4.720612e+00
1.830000e-06	1.576368e-06	7.568160e-11	1.025510e+01	4.784909e+00
1.840000e-06	1.612578e-06	7.795557e-11	1.049066e+01	4.847255e+00
1.850000e-06	1.648685e-06	7.869685e-11	1.072556e+01	4.910033e+00
1.860000e-06	1.684540e-06	8.036822e-11	1.095881e+01	4.975347e+00
1.870000e-06	1.720209e-06	8.339880e-11	1.119086e+01	5.044838e+00
1.880000e-06	1.755610e-06	8.554862e-11	1.142117e+01	5.119556e+00
1.890000e-06	1.790607e-06	8.916945e-11	1.164883e+01	5.199886e+00
1.900000e-06	1.825246e-06	9.153725e-11	1.187418e+01	5.285546e+00
1.910000e-06	1.859555e-06	9.114105e-11	1.209738e+01	5.375639e+00
1.920000e-06	1.893577e-06	9.124023e-11	1.231871e+01	5.468763e+00
1.930000e-06	1.927140e-06	9.338468e-11	1.253705e+01	5.563151e+00
1.940000e-06	1.960307e-06	9.742128e-11	1.275283e+01	5.656851e+00
1.950000e-06	1.993236e-06	9.950237e-11	1.296704e+01	5.747903e+00
1.960000e-06	2.025934e-06	1.019735e-10	1.317976e+01	5.834522e+00
1.970000e-06	2.058471e-06	1.037158e-10	1.339144e+01	5.915256e+00
1.980000e-06	2.090913e-06	1.037408e-10	1.360249e+01	5.989111e+00
1.990000e-06	2.123232e-06	1.025651e-10	1.381274e+01	6.055640e+00
2.000000e-06	2.155341e-06	9.904121e-11	1.402162e+01	6.114974e+00
2.010000e-06	2.187267e-06	9.872907e-11	1.422932e+01	6.167807e+00
2.020000e-06	2.218931e-06	1.017544e-10	1.443531e+01	6.215335e+00
2.030000e-06	2.250227e-06	1.043939e-10	1.463890e+01	6.259137e+00
2.040000e-06	2.281195e-06	1.075224e-10	1.484037e+01	6.301034e+00
2.050000e-06	2.311893e-06	1.087091e-10	1.504008e+01	6.342924e+00
2.060000e-06	2.342390e-06	1.094587e-10	1.523848e+01	6.386604e+00
2.070000e-06	2.372670e-06	1.100757e-10	1.543546e+01	6.433616e+00
2.080000e-06	2.402711e-06	1.090081e-10	1.563090e+01	6.485111e+00
2.090000e-06	2.432468e-06	1.085891e-10	1.582448e+01	6.541757e+00
2.100000e-06	2.461896e-06	1.076118e-10	1.601592e+01	6.603701e+00
2.110000e-06	2.491029e-06	1.090172e-10	1.620545e+01	6.670586e+00
2.120000e-06	2.519871e-06	1.138242e-10	1.639308e+01	6.741619e+00
2.130000e-06	2.548492e-06	1.153099e-10	1.657927e+01	6.815683e+00
2.140000e-06	2.576959e-06	1.153885e-10	1.676447e+01	6.891487e+00
2.150000e-06	2.605269e-06	1.191578e-10	1.694864e+01	6.967720e+00
2.160000e-06	2.633394e-06	1.215453e-10	1.713161e+01	7.043199e+00
2.170000e-06	2.661295e-06	1.194590e-10	1.731312e+01	7.116999e+00
2.180000e-06	2.688789e-06	1.173486e-10	1.749198e+01	7.188524e+00
2.190000e-06	2.715760e-06	1.198416e-10	1.766744e+01	7.257540e+00
2.200000e-06	2.742136e-06	1.217804e-10	1.783903e+01	7.324143e+00
2.210000e-06	2.767916e-06	1.228364e-10	1.800674e+01	7.388679e+00
2.220000e-06	2.793242e-06	1.246537e-10	1.817151e+01	7.451621e+00
2.230000e-06	2.818143e-06	1.270975e-10	1.833350e+01	7.513439e+00
2.240000e-06	2.842711e-06	1.273161e-10	1.849333e+01	7.574457e+00
2.250000e-06	2.867085e-06	1.253853e-10	1.865189e+01	7.634743e+00
2.260000e-06	2.891211e-06	1.265374e-10	1.880884e+01	7.694051e+00
2.270000e-06	2.914982e-06	1.298843e-10	1.896349e+01	7.751808e+00
2.280000e-06	2.938404e-06	1.315016e-10	1.911586e+01	7.807171e+00
2.290000e-06	2.961477e-06	1.306089e-10	1.926596e+01	7.859140e+00
2.300000e-06	2.984245e-06	1.301787e-10	1.941408e+01	7.906716e+00
2.310000e-06	3.006682e-06	1.308758e-10	1.956004e+01	7.949074e+00
2.320000e-06	3.028786e-06	1.295211e-10	1.970384e+01	7.985733e+00
2.330000e-06	3.050544e-06	1.282706e-10	1.984539e+01	8.016688e+00
2.340000e-06	3.071952e-06	1.295039e-10	1.998466e+01	8.042485e+00
2.350000e-06	3.093014e-06	1.305306e-10	2.012168e+01	8.064216e+00
2.360000e-06	3.113762e-06	1.304408e-10	2.025666e+01	8.083434e+00
2.370000e-06	3.134266e-06	1.268206e-10	2.039004e+01	8.101993e+00
2.380000e-06	3.154499e-06	1.257392e-10	2.052167e+01	8.121823e+00
2.390000e-06	3.174480e-06	1.288096e-10	2.065165e+01	8.144684e+00
2.400000e-06	3.194152e-06	1.292161e-10	2.077963e+01	8.171918e+00
2.410000e-06	3.213404e-06	1.271453e-10	2.090488e+01	8.204248e+00
2.420000e-06	3.232189e-06	1.250023e-10	2.102708e+01	8.241646e+00
2.430000e-06	3.250517e-06	1.242718e-10	2.114632e+01	8.283306e+00
2.440000e-06	3.268463e-06	1.256457e-10	2.126307e+01	8.327718e+00
2.450000e-06	3.286020e-06	1.273485e-10	2.137728e+01	8.372848e+00
2.460000e-06	3.303208e-06	1.280559e-10	2.148910e+01	8.416408e+00
2.470000e-06	3.320126e-06	1.281975e-10	2.159916e+01	8.456159e+00
2.480000e-06	3.336603e-06	1.293725e-10	2.170635e+01	8.490234e+00
2.490000e-06	3.352497e-06	1.300370e-10	2.180975e+01	8.517410e+00
2.500000e-06	3.367779e-06	1.280593e-10	2.190917e+01	8.537299e+00
2.510000e-06	3.382632e-06	1.254721e-10	2.200579e+01	8.550416e+00
2.520000e-06	3.397127e-06	1.273178e-10	2.210009e+01	8.558122e+00
2.530000e-06	3.411132e-06	1.304157e-10	2.219120e+01	8.562426e+00
2.540000e-06	3.424737e-06	1.299214e-10	2.227971e+01	8.565678e+00
2.550000e-06	3.437920e-06	1.298008e-10	2.236547e+01	8.570199e+00
2.560000e-06	3.450745e-06	1.304315e-10	2.244890e+01	8.577885e+00
2.570000e-06	3.463259e-06	1.296474e-10	2.253032e+01	8.589863e+00
2.580000e-06	3.475392e-06	1.271627e-10	2.260925e+01	8.606244e+00
2.590000e-06	3.487034e-06	1.234812e-10	2.268498e+01	8.626013e+00
2.600000e-06	3.498102e-06	1.231364e-10	2.275699e+01	8.647104e+00
2.610000e-06	3.508480e-06	1.246350e-10	2.282450e+01	8.666640e+00
2.620000e-06	3.518059e-06	1.226001e-10	2.288682e+01	8.681320e+00
2.630000e-06	3.527077e-06	1.224441e-10	2.294548e+01	8.687920e+00
2.640000e-06	3.535746e-06	1.237059e-10	2.300188e+01	8.683821e+00
2.650000e-06	3.544125e-06	1.237296e-10	2.305639e+01	8.667507e+00
2.660000e-06	3.552237e-06	1.199615e-10	2.310916e+01	8.638932e+00
2.670000e-06	3.559986e-06	1.135023e-10	2.315958e+01	8.599728e+00
2.680000e-06	3.567257e-06	1.106826e-10	2.320687e+01	8.553165e+00
2.690000e-06	3.574135e-06	1.105376e-10	2.325162e+01	8.503891e+00
2.700000e-06	3.580630e-06	1.122462e-10	2.329387e+01	8.457439e+00
2.710000e-06	3.586689e-06	1.140690e-10	2.333329e+01	8.419568e+00
2.720000e-06	3.592343e-06	1.166549e-10	2.337007e+01	8.395517e+00
2.730000e-06	3.597530e-06	1.184145e-10	2.340382e+01	8.389257e+00
2.740000e-06	3.602275e-06	1.176811e-10	2.343469e+01	8.402866e+00
2.750000e-06	3.606729e-06	1.135609e-10	2.346366e+01	8.436092e+00
2.760000e-06	3.610942e-06	1.094300e-10	2.349107e+01	8.486210e+00
2.770000e-06	3.614872e-06	1.110607e-10	2.351663e+01	8.548186e+00
2.780000e-06	3.618335e-06	1.139794e-10	2.353916e+01	8.615171e+00
2.790000e-06	3.621099e-06	1.157142e-10	2.355715e+01	8.679259e+00
2.800000e-06	3.623278e-06	1.164318e-10	2.357132e+01	8.732447e+00
2.810000e-06	3.624850e-06	1.179867e-10	2.358155e+01	8.767661e+00
2.820000e-06	3.625864e-06	1.156153e-10	2.358815e+01	8.779747e+00
2.830000e-06	3.626508e-06	1.085944e-10	2.359234e+01	8.766258e+00
2.840000e-06	3.626863e-06	1.037465e-10	2.359464e+01	8.727950e+00
2.850000e-06	3.626887e-06	1.036924e-10	2.359480e+01	8.668897e+00
2.860000e-06	3.626490e-06	1.079776e-10	2.359221e+01	8.596183e+00
2.870000e-06	3.625735e-06	1.112468e-10	2.358731e+01	8.519187e+00
2.880000e-06	3.624558e-06	1.139203e-10	2.357965e+01	8.448538e+00
2.890000e-06	3.622972e-06	1.154768e-10	2.356933e+01	8.394841e+00
2.900000e-06	3.621019e-06	1.168117e-10	2.355662e+01	8.367342e+00
2.910000e-06	3.618685e-06	1.210496e-10	2.354144e+01	8.372668e+00
2.920000e-06	3.615934e-06	8.030421e-11	2.352354e+01	8.413840e+00
2.930000e-06	3.612734e-06	4.273148e-11	2.350273e+01	8.489654e+00
2.940000e-06	3.609204e-06	1.929593e-10	2.347977e+01	8.594557e+00
2.950000e-06	3.605372e-06	2.511336e-10	2.345483e+01	8.719036e+00
2.960000e-06	3.601243e-06	5.554197e-11	2.342797e+01	8.850492e+00
2.970000e-06	3.596801e-06	-4.984134e-11	2.339907e+01	8.974527e+00
2.980000e-06	3.591757e-06	1.780232e-10	2.336626e+01	9.076484e+00
2.990000e-06	3.585880e-06	2.861250e-10	2.332803e+01	9.143085e+00
3.000000e-06	3.579232e-06	1.746858e-11	2.328478e+01	9.163955e+00
3.010000e-06	3.572054e-06	7.202871e-11	2.323809e+01	9.132861e+00
3.020000e-06	3.564621e-06	2.710475e-10	2.318973e+01	9.048518e+00
3.030000e-06	3.556899e-06	2.272935e-10	2.313949e+01	8.914838e+00
3.040000e-06	3.548863e-06	8.824843e-11	2.308721e+01	8.740611e+00
3.050000e-06	3.540526e-06	1.980811e-10	2.303298e+01	8.538627e+00
3.060000e-06	3.531781e-06	1.065827e-10	2.297609e+01	8.324340e+00
3.070000e-06	3.522572e-06	2.849037e-12	2.291618e+01	8.114238e+00
3.080000e-06	3.512980e-06	2.774693e-10	2.285377e+01	7.924085e+00
3.090000e-06	3.502967e-06	1.416431e-10	2.278864e+01	7.767260e+00
3.100000e-06	3.492442e-06	-9.569236e-11	2.272017e+01	7.653372e+00
3.110000e-06	3.481518e-06	1.327704e-10	2.264910e+01	7.587313e+00
3.120000e-06	3.470172e-06	3.608153e-10	2.257529e+01	7.568857e+00
3.130000e-06	3.458412e-06	5.019584e-11	2.249878e+01	7.592845e+00
3.140000e-06	3.446167e-06	-3.884246e-12	2.241913e+01	7.649915e+00
3.150000e-06	3.433288e-06	2.862434e-10	2.233534e+01	7.727702e+00
3.160000e-06	3.419801e-06	2.730588e-10	2.224760e+01	7.812340e+00
3.170000e-06	3.405717e-06	6.438683e-11	2.215598e+01	7.890086e+00
3.180000e-06	3.391010e-06	4.765043e-11	2.206030e+01	7.948880e+00
3.190000e-06	3.375749e-06	1.949894e-10	2.196102e+01	7.979650e+00
3.200000e-06	3.360118e-06	2.621883e-10	2.185933e+01	7.977208e+00
3.210000e-06	3.344273e-06	9.252531e-11	2.175625e+01	7.940660e+00
3.220000e-06	3.328105e-06	2.164376e-11	2.165107e+01	7.873281e+00
3.230000e-06	3.311536e-06	2.620546e-10	2.154328e+01	7.781898e+00
3.240000e-06	3.294635e-06	2.263769e-10	2.143333e+01	7.675866e+00
3.250000e-06	3.277292e-06	5.023009e-11	2.132050e+01	7.565788e+00
3.260000e-06	3.259523e-06	1.120278e-10	2.120491e+01	7.462139e+00
3.270000e-06	3.241477e-06	1.844204e-10	2.108751e+01	7.373967e+00
3.280000e-06	3.223042e-06	1.572359e-10	2.096758e+01	7.307834e+00
3.290000e-06	3.204246e-06	1.383873e-10	2.084530e+01	7.267122e+00
3.300000e-06	3.185160e-06	9.177624e-11	2.072113e+01	7.251761e+00
3.310000e-06	3.165776e-06	1.685044e-10	2.059503e+01	7.258414e+00
3.320000e-06	3.146158e-06	2.159499e-10	2.046740e+01	7.281062e+00
3.330000e-06	3.126330e-06	1.103243e-10	2.033841e+01	7.311903e+00
3.340000e-06	3.106202e-06	1.018912e-10	2.020747e+01	7.342436e+00
3.350000e-06	3.085638e-06	1.712548e-10	2.007369e+01	7.364578e+00
3.360000e-06	3.064472e-06	1.788245e-10	1.993600e+01	7.371674e+00
3.370000e-06	3.042589e-06	1.429766e-10	1.979363e+01	7.359272e+00
3.380000e-06	3.020086e-06	1.045983e-10	1.964724e+01	7.325577e+00
3.390000e-06	2.997081e-06	1.580238e-10	1.949758e+01	7.271525e+00
3.400000e-06	2.973801e-06	2.074129e-10	1.934613e+01	7.200513e+00
3.410000e-06	2.950281e-06	1.449118e-10	1.919312e+01	7.117807e+00
3.420000e-06	2.926496e-06	1.141275e-10	1.903839e+01	7.029744e+00
3.430000e-06	2.902481e-06	1.601416e-10	1.888216e+01	6.942825e+00
3.440000e-06	2.878082e-06	1.918463e-10	1.872343e+01	6.862848e+00
3.450000e-06	2.853362e-06	1.489728e-10	1.856262e+01	6.794165e+00
3.460000e-06	2.828292e-06	1.098147e-10	1.839952e+01	6.739180e+00
3.470000e-06	2.802819e-06	1.563703e-10	1.823381e+01	6.698133e+00
3.480000e-06	2.777051e-06	1.870287e-10	1.806617e+01	6.669179e+00
3.490000e-06	2.751007e-06	1.361361e-10	1.789674e+01	6.648750e+00
3.500000e-06	2.724696e-06	1.103225e-10	1.772558e+01	6.632122e+00
3.510000e-06	2.698032e-06	1.368395e-10	1.755211e+01	6.614104e+00
3.520000e-06	2.670954e-06	1.720091e-10	1.737595e+01	6.589752e+00
3.530000e-06	2.643625e-06	1.371855e-10	1.719817e+01	6.555009e+00
3.540000e-06	2.616175e-06	1.024239e-10	1.701959e+01	6.507176e+00
3.550000e-06	2.588562e-06	1.374434e-10	1.683995e+01	6.445171e+00
3.560000e-06	2.560750e-06	1.620928e-10	1.665902e+01	6.369558e+00
3.570000e-06	2.532625e-06	1.258487e-10	1.647606e+01	6.282331e+00
3.580000e-06	2.504130e-06	9.653929e-11	1.629068e+01	6.186526e+00
3.590000e-06	2.475151e-06	1.192554e-10	1.610216e+01	6.085716e+00
3.600000e-06	2.445667e-06	1.521398e-10	1.591035e+01	5.983459e+00
3.610000e-06	2.415717e-06	1.268099e-10	1.571551e+01	5.882801e+00
3.620000e-06	2.385281e-06	9.890647e-11	1.551751e+01	5.785892e+00
3.630000e-06	2.354485e-06	1.197035e-10	1.531716e+01	5.693765e+00
3.640000e-06	2.323358e-06	1.379135e-10	1.511466e+01	5.606301e+00
3.650000e-06	2.291965e-06	1.192819e-10	1.491043e+01	5.522386e+00
3.660000e-06	2.260384e-06	8.914604e-11	1.470498e+01	5.440207e+00
3.670000e-06	2.228688e-06	1.060099e-10	1.449878e+01	5.357643e+00
3.680000e-06	2.196864e-06	1.283253e-10	1.429175e+01	5.272689e+00
3.690000e-06	2.164819e-06	1.130291e-10	1.408328e+01	5.183835e+00
3.700000e-06	2.132539e-06	8.923928e-11	1.387329e+01	5.090341e+00
3.710000e-06	2.099958e-06	9.766468e-11	1.366133e+01	4.992381e+00
3.720000e-06	2.067105e-06	1.161312e-10	1.344760e+01	4.891012e+00
3.730000e-06	2.034000e-06	1.066387e-10	1.323223e+01	4.787999e+00
3.740000e-06	2.000656e-06	8.505038e-11	1.301531e+01	4.685517e+00
3.750000e-06	1.967140e-06	9.406754e-11	1.279728e+01	4.585778e+00
3.760000e-06	1.933436e-06	1.119487e-10	1.257801e+01	4.490648e+00
3.770000e-06	1.899530e-06	1.045391e-10	1.235744e+01	4.401316e+00
3.780000e-06	1.865423e-06	8.179129e-11	1.213556e+01	4.318065e+00
3.790000e-06	1.831089e-06	8.300489e-11	1.191219e+01	4.240182e+00
3.800000e-06	1.796485e-06	9.938104e-11	1.168707e+01	4.166031e+00
3.810000e-06	1.761573e-06	9.445616e-11	1.145996e+01	4.093268e+00
3.820000e-06	1.726434e-06	7.596391e-11	1.123136e+01	4.019163e+00
3.830000e-06	1.691168e-06	7.592209e-11	1.100193e+01	3.941005e+00
3.840000e-06	1.655760e-06	9.203337e-11	1.077159e+01	3.856492e+00
3.850000e-06	1.620258e-06	8.844884e-11	1.054063e+01	3.764081e+00
3.860000e-06	1.584697e-06	7.085133e-11	1.030928e+01	3.663221e+00
3.870000e-06	1.549091e-06	6.863283e-11	1.007765e+01	3.554444e+00
3.880000e-06	1.513390e-06	7.822486e-11	9.845392e+00	3.439293e+00
3.890000e-06	1.477536e-06	7.616435e-11	9.612143e+00	3.320107e+00
3.900000e-06	1.441503e-06	6.482939e-11	9.377732e+00	3.199675e+00
3.910000e-06	1.405282e-06	6.518579e-11	9.142097e+00	3.080830e+00
3.920000e-06	1.368834e-06	7.609195e-11	8.904981e+00	2.966031e+00
3.930000e-06	1.332089e-06	7.274598e-11	8.665934e+00	2.856994e+00
3.940000e-06	1.295087e-06	5.907707e-11	8.425219e+00	2.754437e+00
3.950000e-06	1.257770e-06	5.473871e-11	8.182455e+00	2.657965e+00
3.960000e-06	1.220035e-06	6.279653e-11	7.936969e+00	2.566131e+00
3.970000e-06	1.182043e-06	6.098122e-11	7.689810e+00	2.476645e+00
3.980000e-06	1.143920e-06	4.864973e-11	7.441799e+00	2.386724e+00
3.990000e-06	1.105573e-06	4.590127e-11	7.192329e+00	2.293513e+00
4.000000e-06	1.066963e-06	5.561443e-11	6.941151e+00	2.194537e+00
4.010000e-06	1.028142e-06	5.746222e-11	6.688601e+00	2.088104e+00
4.020000e-06	9.891857e-07	4.552215e-11	6.435171e+00	1.973603e+00
4.030000e-06	9.501046e-07	3.861336e-11	6.180928e+00	1.851659e+00
4.040000e-06	9.108990e-07	4.266534e-11	5.925875e+00	1.724116e+00
4.050000e-06	8.716203e-07	4.303518e-11	5.670347e+00	1.593838e+00
4.060000e-06	8.322812e-07	3.715117e-11	5.414425e+00	1.464369e+00
4.070000e-06	7.929065e-07	3.940546e-11	5.158272e+00	1.339489e+00
4.080000e-06	7.534785e-07	4.902698e-11	4.901773e+00	1.222721e+00
4.090000e-06	7.139772e-07	4.912016e-11	4.644796e+00	1.116859e+00
4.100000e-06	6.744771e-07	3.671244e-11	4.387827e+00	1.023587e+00
4.110000e-06	6.349811e-07	2.797781e-11	4.130885e+00	9.432320e-01
4.120000e-06	5.954245e-07	2.747915e-11	3.873548e+00	8.746893e-01
4.130000e-06	5.558115e-07	2.717415e-11	3.615845e+00	8.155288e-01
4.140000e-06	5.162062e-07	2.234489e-11	3.358192e+00	7.622720e-01
4.150000e-06	4.765542e-07	2.624764e-11	3.100235e+00	7.107996e-01
4.160000e-06	4.368392e-07	3.551789e-11	2.841868e+00	6.568376e-01
4.170000e-06	3.971407e-07	3.577614e-11	2.583608e+00	5.964581e-01
4.180000e-06	3.573717e-07	2.516223e-11	2.324890e+00	5.265291e-01
4.190000e-06	3.175374e-07	1.587019e-11	2.065747e+00	4.450573e-01
4.200000e-06	2.777416e-07	1.710033e-11	1.806855e+00	3.513793e-01
4.210000e-06	2.379305e-07	1.963507e-11	1.547862e+00	2.461822e-01
4.220000e-06	1.981044e-07	1.505738e-11	1.288773e+00	1.313521e-01
4.230000e-06	1.582609e-07	1.147422e-11	1.029570e+00	9.677477e-03
4.240000e-06	1.183394e-07	1.501230e-11	7.698601e-01	-1.155521e-01
4.250000e-06	7.845451e-08	1.665840e-11	5.103877e-01	-2.409945e-01
4.260000e-06	3.867911e-08	7.792014e-12	2.516279e-01	-3.636905e-01
4.270000e-06	-1.138277e-09	-2.881683e-12	-7.405091e-03	-4.814297e-01
4.280000e-06	-4.105049e-08	-5.644749e-12	-2.670549e-01	-5.929989e-01
4.290000e-06	-8.098622e-08	-5.691954e-12	-5.268578e-01	-6.982846e-01
4.300000e-06	-1.208559e-07	-1.003403e-11	-7.862308e-01	-7.982209e-01
4.310000e-06	-1.606504e-07	-1.335544e-11	-1.045115e+00	-8.945939e-01
4.320000e-06	-2.004492e-07	-1.003301e-11	-1.304027e+00	-9.897348e-01
4.330000e-06	-2.402664e-07	-7.877271e-12	-1.563059e+00	-1.086147e+00
4.340000e-06	-2.800381e-07	-9.927706e-12	-1.821795e+00	-1.186122e+00
4.350000e-06	-3.197958e-07	-1.574096e-11	-2.080439e+00	-1.291390e+00
4.360000e-06	-3.595518e-07	-1.984433e-11	-2.339073e+00	-1.402869e+00
4.370000e-06	-3.992310e-07	-2.355098e-11	-2.597207e+00	-1.520524e+00
4.380000e-06	-4.388583e-07	-2.822811e-11	-2.855003e+00	-1.643368e+00
4.390000e-06	-4.785159e-07	-3.057384e-11	-3.112997e+00	-1.769599e+00
4.400000e-06	-5.181420e-07	-2.856049e-11	-3.370785e+00	-1.896846e+00
4.410000e-06	-5.576941e-07	-2.669001e-11	-3.628092e+00	-2.022496e+00
4.420000e-06	-5.972750e-07	-2.853352e-11	-3.885587e+00	-2.144053e+00
4.430000e-06	-6.368666e-07	-3.265207e-11	-4.143151e+00	-2.259482e+00
4.440000e-06	-6.764356e-07	-3.586091e-11	-4.400568e+00	-2.367483e+00
4.450000e-06	-7.159365e-07	-3.719477e-11	-4.657542e+00	-2.467681e+00
4.460000e-06	-7.553866e-07	-4.125994e-11	-4.914185e+00	-2.560681e+00
4.470000e-06	-7.948400e-07	-4.414034e-11	-5.170851e+00	-2.648004e+00
4.480000e-06	-8.342206e-07	-4.378484e-11	-5.427042e+00	-2.731907e+00
4.490000e-06	-8.735162e-07	-4.122179e-11	-5.682681e+00	-2.815103e+00
4.500000e-06	-9.127218e-07	-4.248054e-11	-5.937734e+00	-2.900433e+00
4.510000e-06	-9.518079e-07	-4.681154e-11	-6.192009e+00	-2.990522e+00
4.520000e-06	-9.908043e-07	-5.074950e-11	-6.445701e+00	-3.087458e+00
4.530000e-06	-1.029716e-06	-5.297622e-11	-6.698842e+00	-3.192548e+00
4.540000e-06	-1.068486e-06	-5.410586e-11	-6.951058e+00	-3.306157e+00
4.550000e-06	-1.107069e-06	-5.673278e-11	-7.202061e+00	-3.427669e+00
4.560000e-06	-1.145404e-06	-6.043761e-11	-7.451454e+00	-3.555551e+00
4.570000e-06	-1.183472e-06	-6.214808e-11	-7.699108e+00	-3.687524e+00
4.580000e-06	-1.221244e-06	-6.316242e-11	-7.944835e+00	-3.820812e+00
4.590000e-06	-1.258741e-06	-6.446817e-11	-8.188769e+00	-3.952436e+00
4.600000e-06	-1.296000e-06	-6.511004e-11	-8.431158e+00	-4.079524e+00
4.610000e-06	-1.332993e-06	-6.716468e-11	-8.671817e+00	-4.199597e+00
4.620000e-06	-1.369802e-06	-6.922097e-11	-8.911283e+00	-4.310804e+00
4.630000e-06	-1.406339e-06	-7.438940e-11	-9.148973e+00	-4.412085e+00
4.640000e-06	-1.442521e-06	-7.797363e-11	-9.384356e+00	-4.503241e+00
4.650000e-06	-1.478496e-06	-7.804910e-11	-9.618392e+00	-4.584919e+00
4.660000e-06	-1.514313e-06	-7.794922e-11	-9.851402e+00	-4.658511e+00
4.670000e-06	-1.550014e-06	-7.782732e-11	-1.008365e+01	-4.725985e+00
4.680000e-06	-1.585651e-06	-7.781182e-11	-1.031549e+01	-4.789669e+00
4.690000e-06	-1.621154e-06	-7.657971e-11	-1.054646e+01	-4.852012e+00
4.700000e-06	-1.656527e-06	-7.753172e-11	-1.077658e+01	-4.915347e+00
4.710000e-06	-1.691802e-06	-8.178769e-11	-1.100606e+01	-4.981679e+00
4.720000e-06	-1.726935e-06	-8.388368e-11	-1.123462e+01	-5.052510e+00
4.730000e-06	-1.761925e-06	-8.223541e-11	-1.146225e+01	-5.128726e+00
4.740000e-06	-1.796732e-06	-8.200809e-11	-1.168869e+01	-5.210546e+00
4.750000e-06	-1.831325e-06	-8.324704e-11	-1.191373e+01	-5.297525e+00
4.760000e-06	-1.865676e-06	-8.560051e-11	-1.213720e+01	-5.388630e+00
4.770000e-06	-1.899713e-06	-8.902659e-11	-1.235863e+01	-5.482352e+00
4.780000e-06	-1.933526e-06	-9.256192e-11	-1.257860e+01	-5.576860e+00
4.790000e-06	-1.967210e-06	-9.577586e-11	-1.279773e+01	-5.670183e+00
4.800000e-06	-2.000671e-06	-9.793177e-11	-1.301542e+01	-5.760389e+00
4.810000e-06	-2.033890e-06	-9.869781e-11	-1.323152e+01	-5.845762e+00
4.820000e-06	-2.066867e-06	-9.759595e-11	-1.344605e+01	-5.924955e+00
4.830000e-06	-2.099599e-06	-9.689653e-11	-1.365899e+01	-5.997104e+00
4.840000e-06	-2.132028e-06	-1.009628e-10	-1.386996e+01	-6.061904e+00
4.850000e-06	-2.164144e-06	-1.062965e-10	-1.407889e+01	-6.119632e+00
4.860000e-06	-2.196027e-06	-1.082225e-10	-1.428631e+01	-6.171116e+00
4.870000e-06	-2.227705e-06	-1.098199e-10	-1.449239e+01	-6.217657e+00
4.880000e-06	-2.259270e-06	-1.130685e-10	-1.469773e+01	-6.260912e+00
4.890000e-06	-2.290685e-06	-1.136739e-10	-1.490210e+01	-6.302736e+00
4.900000e-06	-2.321869e-06	-1.115827e-10	-1.510497e+01	-6.345017e+00
4.910000e-06	-2.352742e-06	-1.125726e-10	-1.530582e+01	-6.389505e+00
4.920000e-06	-2.383298e-06	-1.163771e-10	-1.550460e+01	-6.437653e+00
4.930000e-06	-2.413473e-06	-1.177552e-10	-1.570091e+01	-6.490498e+00
4.940000e-06	-2.443177e-06	-1.155778e-10	-1.589415e+01	-6.548581e+00
4.950000e-06	-2.472402e-06	-1.190790e-10	-1.608427e+01	-6.611918e+00
4.960000e-06	-2.501091e-06	-1.272072e-10	-1.627091e+01	-6.680035e+00
4.970000e-06	-2.529256e-06	-1.312699e-10	-1.645414e+01	-6.752045e+00
4.980000e-06	-2.557083e-06	-1.313231e-10	-1.663517e+01	-6.826774e+00
4.990000e-06	-2.584742e-06	-1.333988e-10	-1.681510e+01	-6.902911e+00
5.000000e-06	-2.612263e-06	-1.385876e-10	-1.699414e+01	-6.979164e+00
5.010000e-06	-2.639641e-06	-1.392861e-10	-1.717225e+01	-7.054404e+00
5.020000e-06	-2.666756e-06	-1.382828e-10	-1.734864e+01	-7.127782e+00
5.030000e-06	-2.693588e-06	-1.410068e-10	-1.752320e+01	-7.198793e+00
5.040000e-06	-2.720108e-06	-1.456822e-10	-1.769573e+01	-7.267291e+00
5.050000e-06	-2.746252e-06	-1.477104e-10	-1.786581e+01	-7.333443e+00
5.060000e-06	-2.772046e-06	-1.464634e-10	-1.803361e+01	-7.397639e+00
5.070000e-06	-2.797536e-06	-1.494572e-10	-1.819944e+01	-7.460366e+00
5.080000e-06	-2.822723e-06	-1.545765e-10	-1.836329e+01	-7.522067e+00
5.090000e-06	-2.847491e-06	-1.561120e-10	-1.852442e+01	-7.583012e+00
5.100000e-06	-2.871911e-06	-1.544224e-10	-1.868329e+01	-7.643196e+00
5.110000e-06	-2.896031e-06	-1.538264e-10	-1.884020e+01	-7.702288e+00
5.120000e-06	-2.919856e-06	-1.547517e-10	-1.899519e+01	-7.759639e+00
5.130000e-06	-2.943463e-06	-1.531660e-10	-1.914877e+01	-7.814355e+00
5.140000e-06	-2.966865e-06	-1.514399e-10	-1.930101e+01	-7.865421e+00
5.150000e-06	-2.989957e-06	-1.541297e-10	-1.945124e+01	-7.911864e+00
5.160000e-06	-3.012616e-06	-1.584947e-10	-1.959865e+01	-7.952932e+00
5.170000e-06	-3.034855e-06	-1.596429e-10	-1.974332e+01	-7.988250e+00
5.180000e-06	-3.056534e-06	-1.585228e-10	-1.988435e+01	-8.017948e+00
5.190000e-06	-3.077541e-06	-1.611139e-10	-2.002102e+01	-8.042712e+00
5.200000e-06	-3.098108e-06	-1.635166e-10	-2.015481e+01	-8.063759e+00
5.210000e-06	-3.118337e-06	-1.626892e-10	-2.028642e+01	-8.082737e+00
5.220000e-06	-3.138157e-06	-1.610544e-10	-2.041535e+01	-8.101540e+00
5.230000e-06	-3.157667e-06	-1.604370e-10	-2.054228e+01	-8.122081e+00
5.240000e-06	-3.177030e-06	-1.612813e-10	-2.066825e+01	-8.146036e+00
5.250000e-06	-3.196103e-06	-1.610719e-10	-2.079233e+01	-8.174610e+00
5.260000e-06	-3.214767e-06	-1.628166e-10	-2.091374e+01	-8.208346e+00
5.270000e-06	-3.233043e-06	-1.669767e-10	-2.103264e+01	-8.247020e+00
5.280000e-06	-3.250909e-06	-1.703436e-10	-2.114887e+01	-8.289639e+00
5.290000e-06	-3.268451e-06	-1.715201e-10	-2.126298e+01	-8.334542e+00
5.300000e-06	-3.285692e-06	-1.693881e-10	-2.137515e+01	-8.379603e+00
5.310000e-06	-3.302550e-06	-1.668160e-10	-2.148482e+01	-8.422517e+00
5.320000e-06	-3.318942e-06	-1.644683e-10	-2.159145e+01	-8.461108e+00
5.330000e-06	-3.334920e-06	-1.632645e-10	-2.169540e+01	-8.493649e+00
5.340000e-06	-3.350623e-06	-1.625463e-10	-2.179756e+01	-8.519110e+00
5.350000e-06	-3.366127e-06	-1.624135e-10	-2.189842e+01	-8.537327e+00
5.360000e-06	-3.381347e-06	-1.645730e-10	-2.199743e+01	-8.549040e+00
5.370000e-06	-3.395972e-06	-1.666741e-10	-2.209258e+01	-8.555794e+00
5.380000e-06	-3.409954e-06	-1.655174e-10	-2.218354e+01	-8.559714e+00
5.390000e-06	-3.423258e-06	-1.648252e-10	-2.227008e+01	-8.563181e+00
5.400000e-06	-3.435869e-06	-1.671140e-10	-2.235213e+01	-8.568446e+00
5.410000e-06	-3.447976e-06	-1.699766e-10	-2.243089e+01	-8.577241e+00
5.420000e-06	-3.459706e-06	-1.720293e-10	-2.250720e+01	-8.590459e+00
5.430000e-06	-3.471048e-06	-1.724495e-10	-2.258099e+01	-8.607930e+00
5.440000e-06	-3.481937e-06	-1.718921e-10	-2.265182e+01	-8.628366e+00
5.450000e-06	-3.492466e-06	-1.703628e-10	-2.272032e+01	-8.649468e+00
5.460000e-06	-3.502560e-06	-1.710194e-10	-2.278599e+01	-8.668211e+00
5.470000e-06	-3.512197e-06	-1.743212e-10	-2.284868e+01	-8.681264e+00
5.480000e-06	-3.521456e-06	-1.776178e-10	-2.290892e+01	-8.685505e+00
5.490000e-06	-3.530355e-06	-1.785999e-10	-2.296681e+01	-8.678548e+00
5.500000e-06	-3.538778e-06	-1.789354e-10	-2.302161e+01	-8.659214e+00
5.510000e-06	-3.546867e-06	-1.787500e-10	-2.307423e+01	-8.627869e+00
5.520000e-06	-3.554665e-06	-1.748512e-10	-2.312496e+01	-8.586563e+00
5.530000e-06	-3.562094e-06	-1.713282e-10	-2.317329e+01	-8.538948e+00
5.540000e-06	-3.569266e-06	-1.723603e-10	-2.321995e+01	-8.489946e+00
5.550000e-06	-3.576001e-06	-1.736828e-10	-2.326376e+01	-8.445211e+00
5.560000e-06	-3.582134e-06	-1.747767e-10	-2.330366e+01	-8.410447e+00
5.570000e-06	-3.587626e-06	-1.773981e-10	-2.333938e+01	-8.390641e+00
5.580000e-06	-3.592513e-06	-1.804152e-10	-2.337118e+01	-8.389345e+00
5.590000e-06	-3.596878e-06	-1.819955e-10	-2.339957e+01	-8.408084e+00
5.600000e-06	-3.600804e-06	-1.815333e-10	-2.342512e+01	-8.445989e+00
5.610000e-06	-3.604393e-06	-1.816363e-10	-2.344846e+01	-8.499730e+00
5.620000e-06	-3.607651e-06	-1.819847e-10	-2.346966e+01	-8.563763e+00
5.630000e-06	-3.610512e-06	-1.803343e-10	-2.348827e+01	-8.630891e+00
5.640000e-06	-3.612968e-06	-1.819484e-10	-2.350425e+01	-8.693092e+00
5.650000e-06	-3.615012e-06	-1.848161e-10	-2.351755e+01	-8.742495e+00
5.660000e-06	-3.616721e-06	-1.861808e-10	-2.352867e+01	-8.772422e+00
5.670000e-06	-3.618152e-06	-1.882931e-10	-2.353797e+01	-8.778330e+00
5.680000e-06	-3.619148e-06	-1.910883e-10	-2.354446e+01	-8.758539e+00
5.690000e-06	-3.619596e-06	-1.920945e-10	-2.354737e+01	-8.714643e+00
