# Temperatura_=_20.0
# Concentracion g/m^3_=_12000.0
# C_Vs_to_Am_M_A/Vsm_=_59384043850.047264
# pendiente_HvsI_1/m_=_3716.3
# ordenada_HvsI_A/m_=_1297.0
# frecuencia_Hz_=_175590.00557168009

Tiempo_(s)	Campo_(V.s)	Magnetizacion_(V.s)	Campo_(kA/m)	Magnetizacion_(A/m)
0.000000e+00	-3.621217e-06	-3.880674e-09	-2.355231e+01	-2.285439e+02
1.000000e-08	-3.621276e-06	-3.883055e-09	-2.355269e+01	-2.287886e+02
2.000000e-08	-3.621024e-06	-3.885890e-09	-2.355105e+01	-2.290060e+02
3.000000e-08	-3.620458e-06	-3.889462e-09	-2.354737e+01	-2.292114e+02
4.000000e-08	-3.619588e-06	-3.894540e-09	-2.354171e+01	-2.294201e+02
5.000000e-08	-3.618204e-06	-3.900657e-09	-2.353271e+01	-2.296457e+02
6.000000e-08	-3.616221e-06	-3.906166e-09	-2.351981e+01	-2.298981e+02
7.000000e-08	-3.613620e-06	-3.908833e-09	-2.350290e+01	-2.301821e+02
8.000000e-08	-3.610369e-06	-3.909790e-09	-2.348176e+01	-2.304970e+02
9.000000e-08	-3.606547e-06	-3.907112e-09	-2.345689e+01	-2.308364e+02
1.000000e-07	-3.602296e-06	-3.890992e-09	-2.342925e+01	-2.311888e+02
1.100000e-07	-3.597840e-06	-3.895663e-09	-2.340027e+01	-2.315389e+02
1.200000e-07	-3.593157e-06	-3.957070e-09	-2.336981e+01	-2.318698e+02
1.300000e-07	-3.588000e-06	-3.963427e-09	-2.333627e+01	-2.321645e+02
1.400000e-07	-3.582328e-06	-3.895480e-09	-2.329937e+01	-2.324084e+02
1.500000e-07	-3.576216e-06	-3.868466e-09	-2.325963e+01	-2.325908e+02
1.600000e-07	-3.569699e-06	-3.928525e-09	-2.321724e+01	-2.327064e+02
1.700000e-07	-3.562776e-06	-3.901538e-09	-2.317221e+01	-2.327557e+02
1.800000e-07	-3.555461e-06	-3.813045e-09	-2.312463e+01	-2.327451e+02
1.900000e-07	-3.547778e-06	-3.862368e-09	-2.307466e+01	-2.326858e+02
2.000000e-07	-3.539717e-06	-3.894019e-09	-2.302224e+01	-2.325925e+02
2.100000e-07	-3.531329e-06	-3.857333e-09	-2.296768e+01	-2.324816e+02
2.200000e-07	-3.522642e-06	-3.858738e-09	-2.291118e+01	-2.323690e+02
2.300000e-07	-3.513438e-06	-3.878784e-09	-2.285132e+01	-2.322683e+02
2.400000e-07	-3.503689e-06	-3.821277e-09	-2.278791e+01	-2.321886e+02
2.500000e-07	-3.493400e-06	-3.845770e-09	-2.272099e+01	-2.321342e+02
2.600000e-07	-3.482465e-06	-3.899509e-09	-2.264987e+01	-2.321032e+02
2.700000e-07	-3.470917e-06	-3.840737e-09	-2.257477e+01	-2.320883e+02
2.800000e-07	-3.458879e-06	-3.799956e-09	-2.249647e+01	-2.320777e+02
2.900000e-07	-3.446490e-06	-3.869725e-09	-2.241589e+01	-2.320559e+02
3.000000e-07	-3.433675e-06	-3.872888e-09	-2.233254e+01	-2.320062e+02
3.100000e-07	-3.420357e-06	-3.775720e-09	-2.224592e+01	-2.319122e+02
3.200000e-07	-3.406599e-06	-3.792300e-09	-2.215644e+01	-2.317596e+02
3.300000e-07	-3.392451e-06	-3.836976e-09	-2.206442e+01	-2.315378e+02
3.400000e-07	-3.377871e-06	-3.831797e-09	-2.196960e+01	-2.312408e+02
3.500000e-07	-3.362673e-06	-3.782879e-09	-2.187074e+01	-2.308674e+02
3.600000e-07	-3.346789e-06	-3.777844e-09	-2.176744e+01	-2.304213e+02
3.700000e-07	-3.330339e-06	-3.808264e-09	-2.166045e+01	-2.299103e+02
3.800000e-07	-3.313356e-06	-3.800067e-09	-2.154999e+01	-2.293448e+02
3.900000e-07	-3.296014e-06	-3.736849e-09	-2.143720e+01	-2.287367e+02
4.000000e-07	-3.278340e-06	-3.740879e-09	-2.132225e+01	-2.280977e+02
4.100000e-07	-3.260373e-06	-3.775656e-09	-2.120539e+01	-2.274383e+02
4.200000e-07	-3.242071e-06	-3.745487e-09	-2.108636e+01	-2.267665e+02
4.300000e-07	-3.223388e-06	-3.719597e-09	-2.096484e+01	-2.260871e+02
4.400000e-07	-3.204300e-06	-3.716697e-09	-2.084069e+01	-2.254019e+02
4.500000e-07	-3.184737e-06	-3.712905e-09	-2.071345e+01	-2.247097e+02
4.600000e-07	-3.164783e-06	-3.701039e-09	-2.058368e+01	-2.240069e+02
4.700000e-07	-3.144574e-06	-3.685034e-09	-2.045224e+01	-2.232888e+02
4.800000e-07	-3.124205e-06	-3.660176e-09	-2.031976e+01	-2.225499e+02
4.900000e-07	-3.103607e-06	-3.672790e-09	-2.018578e+01	-2.217855e+02
5.000000e-07	-3.082731e-06	-3.667929e-09	-2.005001e+01	-2.209921e+02
5.100000e-07	-3.061458e-06	-3.633122e-09	-1.991165e+01	-2.201679e+02
5.200000e-07	-3.039793e-06	-3.608191e-09	-1.977074e+01	-2.193129e+02
5.300000e-07	-3.017819e-06	-3.605991e-09	-1.962782e+01	-2.184289e+02
5.400000e-07	-2.995514e-06	-3.596265e-09	-1.948276e+01	-2.175189e+02
5.500000e-07	-2.972874e-06	-3.573359e-09	-1.933550e+01	-2.165866e+02
5.600000e-07	-2.949821e-06	-3.555602e-09	-1.918557e+01	-2.156355e+02
5.700000e-07	-2.926351e-06	-3.551949e-09	-1.903292e+01	-2.146686e+02
5.800000e-07	-2.902573e-06	-3.548889e-09	-1.887827e+01	-2.136875e+02
5.900000e-07	-2.878497e-06	-3.517001e-09	-1.872167e+01	-2.126925e+02
6.000000e-07	-2.854145e-06	-3.487776e-09	-1.856329e+01	-2.116825e+02
6.100000e-07	-2.829534e-06	-3.484418e-09	-1.840322e+01	-2.106552e+02
6.200000e-07	-2.804694e-06	-3.477604e-09	-1.824167e+01	-2.096073e+02
6.300000e-07	-2.779564e-06	-3.445491e-09	-1.807822e+01	-2.085357e+02
6.400000e-07	-2.753908e-06	-3.423704e-09	-1.791135e+01	-2.074372e+02
6.500000e-07	-2.727680e-06	-3.421533e-09	-1.774077e+01	-2.063099e+02
6.600000e-07	-2.700950e-06	-3.412289e-09	-1.756692e+01	-2.051526e+02
6.700000e-07	-2.673736e-06	-3.383444e-09	-1.738992e+01	-2.039657e+02
6.800000e-07	-2.646136e-06	-3.355037e-09	-1.721041e+01	-2.027507e+02
6.900000e-07	-2.618214e-06	-3.341377e-09	-1.702880e+01	-2.015100e+02
7.000000e-07	-2.590038e-06	-3.325736e-09	-1.684554e+01	-2.002462e+02
7.100000e-07	-2.561664e-06	-3.296598e-09	-1.666100e+01	-1.989619e+02
7.200000e-07	-2.533061e-06	-3.269680e-09	-1.647497e+01	-1.976591e+02
7.300000e-07	-2.504186e-06	-3.257920e-09	-1.628717e+01	-1.963386e+02
7.400000e-07	-2.474986e-06	-3.242160e-09	-1.609725e+01	-1.950000e+02
7.500000e-07	-2.445502e-06	-3.215062e-09	-1.590549e+01	-1.936415e+02
7.600000e-07	-2.415733e-06	-3.188828e-09	-1.571187e+01	-1.922603e+02
7.700000e-07	-2.385664e-06	-3.171346e-09	-1.551630e+01	-1.908531e+02
7.800000e-07	-2.355356e-06	-3.151792e-09	-1.531918e+01	-1.894162e+02
7.900000e-07	-2.324837e-06	-3.119889e-09	-1.512069e+01	-1.879467e+02
8.000000e-07	-2.294110e-06	-3.089389e-09	-1.492084e+01	-1.864428e+02
8.100000e-07	-2.263109e-06	-3.067824e-09	-1.471921e+01	-1.849041e+02
8.200000e-07	-2.231803e-06	-3.048446e-09	-1.451559e+01	-1.833320e+02
8.300000e-07	-2.200208e-06	-3.018724e-09	-1.431010e+01	-1.817294e+02
8.400000e-07	-2.168362e-06	-2.988164e-09	-1.410298e+01	-1.801008e+02
8.500000e-07	-2.136333e-06	-2.968029e-09	-1.389466e+01	-1.784515e+02
8.600000e-07	-2.104168e-06	-2.947780e-09	-1.368546e+01	-1.767869e+02
8.700000e-07	-2.071862e-06	-2.917427e-09	-1.347534e+01	-1.751119e+02
8.800000e-07	-2.039390e-06	-2.883385e-09	-1.326414e+01	-1.734304e+02
8.900000e-07	-2.006657e-06	-2.856887e-09	-1.305125e+01	-1.717443e+02
9.000000e-07	-1.973684e-06	-2.835735e-09	-1.283680e+01	-1.700536e+02
9.100000e-07	-1.940465e-06	-2.807377e-09	-1.262074e+01	-1.683564e+02
9.200000e-07	-1.906929e-06	-2.773878e-09	-1.240262e+01	-1.666487e+02
9.300000e-07	-1.873088e-06	-2.746598e-09	-1.218252e+01	-1.649254e+02
9.400000e-07	-1.838841e-06	-2.722334e-09	-1.195978e+01	-1.631807e+02
9.500000e-07	-1.804229e-06	-2.691214e-09	-1.173466e+01	-1.614088e+02
9.600000e-07	-1.769317e-06	-2.658160e-09	-1.150759e+01	-1.596050e+02
9.700000e-07	-1.734070e-06	-2.634217e-09	-1.127835e+01	-1.577657e+02
9.800000e-07	-1.698478e-06	-2.611633e-09	-1.104686e+01	-1.558895e+02
9.900000e-07	-1.662606e-06	-2.581215e-09	-1.081355e+01	-1.539768e+02
1.000000e-06	-1.626583e-06	-2.546083e-09	-1.057926e+01	-1.520300e+02
1.010000e-06	-1.590427e-06	-2.512458e-09	-1.034410e+01	-1.500528e+02
1.020000e-06	-1.554126e-06	-2.478857e-09	-1.010800e+01	-1.480501e+02
1.030000e-06	-1.517708e-06	-2.440362e-09	-9.871137e+00	-1.460269e+02
1.040000e-06	-1.481208e-06	-2.402576e-09	-9.633744e+00	-1.439879e+02
1.050000e-06	-1.444618e-06	-2.374413e-09	-9.395760e+00	-1.419366e+02
1.060000e-06	-1.407892e-06	-2.350964e-09	-9.156893e+00	-1.398750e+02
1.070000e-06	-1.371034e-06	-2.321785e-09	-8.917172e+00	-1.378038e+02
1.080000e-06	-1.334035e-06	-2.285474e-09	-8.676530e+00	-1.357216e+02
1.090000e-06	-1.296900e-06	-2.250453e-09	-8.435008e+00	-1.336262e+02
1.100000e-06	-1.259570e-06	-2.214966e-09	-8.192211e+00	-1.315143e+02
1.110000e-06	-1.221988e-06	-2.177021e-09	-7.947779e+00	-1.293824e+02
1.120000e-06	-1.184245e-06	-2.139466e-09	-7.702304e+00	-1.272275e+02
1.130000e-06	-1.146397e-06	-2.106364e-09	-7.456137e+00	-1.250475e+02
1.140000e-06	-1.108406e-06	-2.077604e-09	-7.209049e+00	-1.228415e+02
1.150000e-06	-1.070278e-06	-2.042141e-09	-6.961060e+00	-1.206102e+02
1.160000e-06	-1.032041e-06	-1.999098e-09	-6.712370e+00	-1.183557e+02
1.170000e-06	-9.936724e-07	-1.958975e-09	-6.462822e+00	-1.160809e+02
1.180000e-06	-9.551828e-07	-1.923877e-09	-6.212486e+00	-1.137898e+02
1.190000e-06	-9.166137e-07	-1.885703e-09	-5.961634e+00	-1.114862e+02
1.200000e-06	-8.780242e-07	-1.845407e-09	-5.710648e+00	-1.091733e+02
1.210000e-06	-8.393610e-07	-1.810458e-09	-5.459184e+00	-1.068535e+02
1.220000e-06	-8.005666e-07	-1.777550e-09	-5.206866e+00	-1.045278e+02
1.230000e-06	-7.617006e-07	-1.739587e-09	-4.954083e+00	-1.021955e+02
1.240000e-06	-7.227473e-07	-1.695771e-09	-4.700732e+00	-9.985457e+01
1.250000e-06	-6.837207e-07	-1.654102e-09	-4.446904e+00	-9.750188e+01
1.260000e-06	-6.446201e-07	-1.617193e-09	-4.192594e+00	-9.513346e+01
1.270000e-06	-6.054226e-07	-1.576421e-09	-3.937654e+00	-9.274523e+01
1.280000e-06	-5.661911e-07	-1.533687e-09	-3.682494e+00	-9.033349e+01
1.290000e-06	-5.268737e-07	-1.494697e-09	-3.426774e+00	-8.789545e+01
1.300000e-06	-4.874195e-07	-1.458349e-09	-3.170165e+00	-8.542956e+01
1.310000e-06	-4.478548e-07	-1.418757e-09	-2.912837e+00	-8.293568e+01
1.320000e-06	-4.082594e-07	-1.373365e-09	-2.655309e+00	-8.041504e+01
1.330000e-06	-3.685811e-07	-1.327303e-09	-2.397243e+00	-7.786997e+01
1.340000e-06	-3.288001e-07	-1.285150e-09	-2.138508e+00	-7.530353e+01
1.350000e-06	-2.890082e-07	-1.244243e-09	-1.879702e+00	-7.271898e+01
1.360000e-06	-2.492308e-07	-1.201589e-09	-1.620991e+00	-7.011933e+01
1.370000e-06	-2.094259e-07	-1.160442e-09	-1.362101e+00	-6.750683e+01
1.380000e-06	-1.695272e-07	-1.120772e-09	-1.102601e+00	-6.488276e+01
1.390000e-06	-1.296540e-07	-1.079028e-09	-8.432668e-01	-6.224725e+01
1.400000e-06	-8.984013e-08	-1.033399e-09	-5.843181e-01	-5.959939e+01
1.410000e-06	-5.000974e-08	-9.865401e-10	-3.252622e-01	-5.693750e+01
1.420000e-06	-1.014007e-08	-9.417887e-10	-6.595080e-02	-5.425949e+01
1.430000e-06	2.977476e-08	-8.975474e-10	1.936543e-01	-5.156335e+01
1.440000e-06	6.972249e-08	-8.506722e-10	4.534734e-01	-4.884759e+01
1.450000e-06	1.096385e-07	-8.045152e-10	7.130863e-01	-4.611161e+01
1.460000e-06	1.495311e-07	-7.603555e-10	9.725471e-01	-4.335589e+01
1.470000e-06	1.894321e-07	-7.145848e-10	1.232062e+00	-4.058203e+01
1.480000e-06	2.292629e-07	-6.664972e-10	1.491121e+00	-3.779256e+01
1.490000e-06	2.689918e-07	-6.196594e-10	1.749516e+00	-3.499060e+01
1.500000e-06	3.086709e-07	-5.752811e-10	2.007589e+00	-3.217938e+01
1.510000e-06	3.483211e-07	-5.278996e-10	2.265472e+00	-2.936168e+01
1.520000e-06	3.879627e-07	-4.793428e-10	2.523300e+00	-2.653943e+01
1.530000e-06	4.275443e-07	-4.335123e-10	2.780738e+00	-2.371324e+01
1.540000e-06	4.671428e-07	-3.889479e-10	3.038286e+00	-2.088231e+01
1.550000e-06	5.066499e-07	-3.415532e-10	3.295239e+00	-1.804440e+01
1.560000e-06	5.459646e-07	-2.895710e-10	3.550941e+00	-1.519614e+01
1.570000e-06	5.852931e-07	-2.378194e-10	3.806733e+00	-1.233346e+01
1.580000e-06	6.246316e-07	-1.895339e-10	4.062589e+00	-9.452229e+00
1.590000e-06	6.638811e-07	-1.414307e-10	4.317867e+00	-6.548901e+00
1.600000e-06	7.030068e-07	-9.436602e-11	4.572339e+00	-3.621140e+00
1.610000e-06	7.420338e-07	-4.909179e-11	4.826170e+00	-6.683175e-01
1.620000e-06	7.809157e-07	-2.962121e-12	5.079057e+00	2.308196e+00
1.630000e-06	8.196711e-07	4.880218e-11	5.331122e+00	5.304990e+00
1.640000e-06	8.582951e-07	1.050351e-10	5.582331e+00	8.316837e+00
1.650000e-06	8.968232e-07	1.592297e-10	5.832917e+00	1.133715e+01
1.660000e-06	9.353671e-07	2.116906e-10	6.083606e+00	1.435862e+01
1.670000e-06	9.738374e-07	2.622120e-10	6.333815e+00	1.737396e+01
1.680000e-06	1.012165e-06	3.105497e-10	6.583100e+00	2.037659e+01
1.690000e-06	1.050383e-06	3.567456e-10	6.831669e+00	2.336129e+01
1.700000e-06	1.088483e-06	4.016805e-10	7.079466e+00	2.632464e+01
1.710000e-06	1.126445e-06	4.481825e-10	7.326371e+00	2.926516e+01
1.720000e-06	1.164271e-06	4.965099e-10	7.572389e+00	3.218329e+01
1.730000e-06	1.201914e-06	5.468285e-10	7.817223e+00	3.508099e+01
1.740000e-06	1.239353e-06	5.982847e-10	8.060725e+00	3.796130e+01
1.750000e-06	1.276616e-06	6.487350e-10	8.303081e+00	4.082765e+01
1.760000e-06	1.313711e-06	6.977249e-10	8.544345e+00	4.368321e+01
1.770000e-06	1.350707e-06	7.456923e-10	8.784966e+00	4.653033e+01
1.780000e-06	1.387547e-06	7.917303e-10	9.024574e+00	4.937012e+01
1.790000e-06	1.424205e-06	8.356862e-10	9.262994e+00	5.220225e+01
1.800000e-06	1.460789e-06	8.794813e-10	9.500937e+00	5.502502e+01
1.810000e-06	1.497288e-06	9.249081e-10	9.738326e+00	5.783564e+01
1.820000e-06	1.533739e-06	9.734921e-10	9.975402e+00	6.063071e+01
1.830000e-06	1.570155e-06	1.022521e-09	1.021225e+01	6.340677e+01
1.840000e-06	1.606475e-06	1.072129e-09	1.044847e+01	6.616092e+01
1.850000e-06	1.642651e-06	1.121037e-09	1.068376e+01	6.889130e+01
1.860000e-06	1.678716e-06	1.167087e-09	1.091833e+01	7.159745e+01
1.870000e-06	1.714594e-06	1.209735e-09	1.115168e+01	7.428042e+01
1.880000e-06	1.750160e-06	1.250359e-09	1.138300e+01	7.694263e+01
1.890000e-06	1.785319e-06	1.292928e-09	1.161167e+01	7.958750e+01
1.900000e-06	1.820088e-06	1.337680e-09	1.183781e+01	8.221896e+01
1.910000e-06	1.854394e-06	1.382673e-09	1.206094e+01	8.484076e+01
1.920000e-06	1.888201e-06	1.427588e-09	1.228082e+01	8.745588e+01
1.930000e-06	1.921716e-06	1.474417e-09	1.249880e+01	9.006596e+01
1.940000e-06	1.954944e-06	1.521184e-09	1.271491e+01	9.267098e+01
1.950000e-06	1.987865e-06	1.565257e-09	1.292903e+01	9.526911e+01
1.960000e-06	2.020536e-06	1.607863e-09	1.314152e+01	9.785690e+01
1.970000e-06	2.053047e-06	1.650602e-09	1.335297e+01	1.004297e+02
1.980000e-06	2.085513e-06	1.692904e-09	1.356413e+01	1.029821e+02
1.990000e-06	2.117882e-06	1.734875e-09	1.377465e+01	1.055090e+02
2.000000e-06	2.150071e-06	1.775485e-09	1.398401e+01	1.080058e+02
2.010000e-06	2.182059e-06	1.816096e-09	1.419206e+01	1.104695e+02
2.020000e-06	2.213754e-06	1.858802e-09	1.439821e+01	1.128988e+02
2.030000e-06	2.245134e-06	1.901916e-09	1.460230e+01	1.152946e+02
2.040000e-06	2.276192e-06	1.943106e-09	1.480430e+01	1.176592e+02
2.050000e-06	2.306958e-06	1.982854e-09	1.500440e+01	1.199969e+02
2.060000e-06	2.337493e-06	2.023004e-09	1.520300e+01	1.223124e+02
2.070000e-06	2.367771e-06	2.063973e-09	1.539993e+01	1.246108e+02
2.080000e-06	2.397823e-06	2.102760e-09	1.559539e+01	1.268965e+02
2.090000e-06	2.427679e-06	2.137829e-09	1.578957e+01	1.291725e+02
2.100000e-06	2.457298e-06	2.174460e-09	1.598221e+01	1.314401e+02
2.110000e-06	2.486583e-06	2.215213e-09	1.617268e+01	1.336985e+02
2.120000e-06	2.515510e-06	2.256182e-09	1.636082e+01	1.359452e+02
2.130000e-06	2.544193e-06	2.295122e-09	1.654737e+01	1.381760e+02
2.140000e-06	2.572718e-06	2.333822e-09	1.673289e+01	1.403856e+02
2.150000e-06	2.601080e-06	2.372170e-09	1.691736e+01	1.425688e+02
2.160000e-06	2.629289e-06	2.407566e-09	1.710083e+01	1.447207e+02
2.170000e-06	2.657243e-06	2.439374e-09	1.728265e+01	1.468377e+02
2.180000e-06	2.684774e-06	2.470442e-09	1.746171e+01	1.489180e+02
2.190000e-06	2.711773e-06	2.504821e-09	1.763730e+01	1.509618e+02
2.200000e-06	2.738228e-06	2.541586e-09	1.780937e+01	1.529712e+02
2.210000e-06	2.764114e-06	2.576762e-09	1.797773e+01	1.549499e+02
2.220000e-06	2.789452e-06	2.611682e-09	1.814253e+01	1.569027e+02
2.230000e-06	2.814415e-06	2.646957e-09	1.830489e+01	1.588347e+02
2.240000e-06	2.839076e-06	2.679477e-09	1.846528e+01	1.607503e+02
2.250000e-06	2.863548e-06	2.710281e-09	1.862445e+01	1.626529e+02
2.260000e-06	2.887730e-06	2.742860e-09	1.878173e+01	1.645438e+02
2.270000e-06	2.911609e-06	2.778210e-09	1.893704e+01	1.664227e+02
2.280000e-06	2.935188e-06	2.812856e-09	1.909039e+01	1.682869e+02
2.290000e-06	2.958314e-06	2.845223e-09	1.924080e+01	1.701324e+02
2.300000e-06	2.981081e-06	2.875810e-09	1.938888e+01	1.719539e+02
2.310000e-06	3.003530e-06	2.905762e-09	1.953489e+01	1.737460e+02
2.320000e-06	3.025691e-06	2.935447e-09	1.967903e+01	1.755037e+02
2.330000e-06	3.047549e-06	2.964705e-09	1.982119e+01	1.772234e+02
2.340000e-06	3.069061e-06	2.994867e-09	1.996110e+01	1.789033e+02
2.350000e-06	3.090179e-06	3.023521e-09	2.009845e+01	1.805436e+02
2.360000e-06	3.110964e-06	3.050563e-09	2.023364e+01	1.821466e+02
2.370000e-06	3.131525e-06	3.076649e-09	2.036736e+01	1.837163e+02
2.380000e-06	3.151844e-06	3.103833e-09	2.049952e+01	1.852576e+02
2.390000e-06	3.171921e-06	3.132513e-09	2.063010e+01	1.867758e+02
2.400000e-06	3.191719e-06	3.159285e-09	2.075886e+01	1.882752e+02
2.410000e-06	3.211002e-06	3.184892e-09	2.088428e+01	1.897590e+02
2.420000e-06	3.229650e-06	3.210702e-09	2.100557e+01	1.912281e+02
2.430000e-06	3.247901e-06	3.233979e-09	2.112427e+01	1.926812e+02
2.440000e-06	3.265881e-06	3.255644e-09	2.124121e+01	1.941148e+02
2.450000e-06	3.283572e-06	3.280909e-09	2.135627e+01	1.955235e+02
2.460000e-06	3.300849e-06	3.308463e-09	2.146865e+01	1.969009e+02
2.470000e-06	3.317781e-06	3.333252e-09	2.157877e+01	1.982405e+02
2.480000e-06	3.334394e-06	3.356306e-09	2.168682e+01	1.995368e+02
2.490000e-06	3.350371e-06	3.379372e-09	2.179074e+01	2.007859e+02
2.500000e-06	3.365766e-06	3.399372e-09	2.189086e+01	2.019865e+02
2.510000e-06	3.380778e-06	3.413694e-09	2.198850e+01	2.031401e+02
2.520000e-06	3.395398e-06	3.427417e-09	2.208359e+01	2.042512e+02
2.530000e-06	3.409603e-06	3.444843e-09	2.217598e+01	2.053263e+02
2.540000e-06	3.423415e-06	3.464805e-09	2.226581e+01	2.063737e+02
2.550000e-06	3.436826e-06	3.485615e-09	2.235304e+01	2.074020e+02
2.560000e-06	3.449801e-06	3.505671e-09	2.243742e+01	2.084193e+02
2.570000e-06	3.462375e-06	3.525596e-09	2.251921e+01	2.094316e+02
2.580000e-06	3.474579e-06	3.543262e-09	2.259858e+01	2.104426e+02
2.590000e-06	3.486274e-06	3.556382e-09	2.267464e+01	2.114524e+02
2.600000e-06	3.497375e-06	3.566904e-09	2.274684e+01	2.124580e+02
2.610000e-06	3.507760e-06	3.580080e-09	2.281439e+01	2.134535e+02
2.620000e-06	3.517428e-06	3.596403e-09	2.287727e+01	2.144310e+02
2.630000e-06	3.526614e-06	3.613645e-09	2.293701e+01	2.153813e+02
2.640000e-06	3.535391e-06	3.631039e-09	2.299410e+01	2.162958e+02
2.650000e-06	3.543879e-06	3.647751e-09	2.304930e+01	2.171674e+02
2.660000e-06	3.552120e-06	3.663205e-09	2.310291e+01	2.179916e+02
2.670000e-06	3.559942e-06	3.674923e-09	2.315378e+01	2.187672e+02
2.680000e-06	3.567304e-06	3.683898e-09	2.320166e+01	2.194968e+02
2.690000e-06	3.574219e-06	3.693260e-09	2.324663e+01	2.201862e+02
2.700000e-06	3.580738e-06	3.704108e-09	2.328903e+01	2.208435e+02
2.710000e-06	3.586873e-06	3.717195e-09	2.332894e+01	2.214784e+02
2.720000e-06	3.592555e-06	3.728662e-09	2.336589e+01	2.221007e+02
2.730000e-06	3.597787e-06	3.737109e-09	2.339992e+01	2.227184e+02
2.740000e-06	3.602618e-06	3.746168e-09	2.343134e+01	2.233372e+02
2.750000e-06	3.607207e-06	3.755174e-09	2.346119e+01	2.239589e+02
2.760000e-06	3.611570e-06	3.761240e-09	2.348957e+01	2.245814e+02
2.770000e-06	3.615507e-06	3.768168e-09	2.351517e+01	2.251987e+02
2.780000e-06	3.618952e-06	3.777716e-09	2.353758e+01	2.258018e+02
2.790000e-06	3.621851e-06	3.787349e-09	2.355643e+01	2.263795e+02
2.800000e-06	3.624035e-06	3.793783e-09	2.357064e+01	2.269206e+02
2.810000e-06	3.625555e-06	3.798473e-09	2.358053e+01	2.274147e+02
2.820000e-06	3.626590e-06	3.805011e-09	2.358725e+01	2.278548e+02
2.830000e-06	3.627252e-06	3.811245e-09	2.359156e+01	2.282375e+02
2.840000e-06	3.627635e-06	3.814701e-09	2.359405e+01	2.285643e+02
2.850000e-06	3.627750e-06	3.818936e-09	2.359480e+01	2.288418e+02
2.860000e-06	3.627457e-06	3.826309e-09	2.359290e+01	2.290807e+02
2.870000e-06	3.626716e-06	3.834616e-09	2.358808e+01	2.292950e+02
2.880000e-06	3.625587e-06	3.840070e-09	2.358073e+01	2.295002e+02
2.890000e-06	3.624070e-06	3.843473e-09	2.357087e+01	2.297115e+02
2.900000e-06	3.622188e-06	3.846238e-09	2.355863e+01	2.299419e+02
2.910000e-06	3.619940e-06	3.850763e-09	2.354400e+01	2.302003e+02
2.920000e-06	3.617258e-06	3.853147e-09	2.352656e+01	2.304907e+02
2.930000e-06	3.614143e-06	3.853887e-09	2.350630e+01	2.308113e+02
2.940000e-06	3.610623e-06	3.885233e-09	2.348341e+01	2.311545e+02
2.950000e-06	3.606764e-06	3.897916e-09	2.345831e+01	2.315080e+02
2.960000e-06	3.602670e-06	3.828340e-09	2.343168e+01	2.318562e+02
2.970000e-06	3.598252e-06	3.831004e-09	2.340295e+01	2.321819e+02
2.980000e-06	3.593174e-06	3.917873e-09	2.336992e+01	2.324684e+02
2.990000e-06	3.587242e-06	3.960256e-09	2.333134e+01	2.327018e+02
3.000000e-06	3.580726e-06	3.912753e-09	2.328896e+01	2.328724e+02
3.010000e-06	3.573865e-06	3.943627e-09	2.324433e+01	2.329757e+02
3.020000e-06	3.566538e-06	4.036649e-09	2.319668e+01	2.330135e+02
3.030000e-06	3.558865e-06	3.976736e-09	2.314678e+01	2.329931e+02
3.040000e-06	3.550985e-06	3.944514e-09	2.309552e+01	2.329265e+02
3.050000e-06	3.542740e-06	3.989156e-09	2.304189e+01	2.328291e+02
3.060000e-06	3.534040e-06	3.982646e-09	2.298531e+01	2.327170e+02
3.070000e-06	3.524907e-06	3.934957e-09	2.292591e+01	2.326061e+02
3.080000e-06	3.515373e-06	3.994994e-09	2.286391e+01	2.325091e+02
3.090000e-06	3.505378e-06	3.975469e-09	2.279890e+01	2.324345e+02
3.100000e-06	3.494930e-06	3.888834e-09	2.273094e+01	2.323851e+02
3.110000e-06	3.484067e-06	3.971935e-09	2.266029e+01	2.323582e+02
3.120000e-06	3.472819e-06	4.033249e-09	2.258714e+01	2.323455e+02
3.130000e-06	3.461186e-06	3.931251e-09	2.251147e+01	2.323344e+02
3.140000e-06	3.448948e-06	3.946138e-09	2.243187e+01	2.323090e+02
3.150000e-06	3.436112e-06	4.084024e-09	2.234839e+01	2.322526e+02
3.160000e-06	3.422718e-06	4.029317e-09	2.226128e+01	2.321489e+02
3.170000e-06	3.408671e-06	3.953221e-09	2.216991e+01	2.319844e+02
3.180000e-06	3.394050e-06	3.968370e-09	2.207482e+01	2.317492e+02
3.190000e-06	3.378909e-06	3.996524e-09	2.197635e+01	2.314381e+02
3.200000e-06	3.363404e-06	3.986996e-09	2.187550e+01	2.310511e+02
3.210000e-06	3.347611e-06	3.946574e-09	2.177278e+01	2.305925e+02
3.220000e-06	3.331492e-06	3.919588e-09	2.166795e+01	2.300708e+02
3.230000e-06	3.314990e-06	3.990155e-09	2.156061e+01	2.294967e+02
3.240000e-06	3.298108e-06	3.973027e-09	2.145081e+01	2.288823e+02
3.250000e-06	3.280853e-06	3.866627e-09	2.133859e+01	2.282391e+02
3.260000e-06	3.263254e-06	3.900264e-09	2.122413e+01	2.275773e+02
3.270000e-06	3.245306e-06	3.934795e-09	2.110740e+01	2.269041e+02
3.280000e-06	3.226953e-06	3.883531e-09	2.098803e+01	2.262239e+02
3.290000e-06	3.208254e-06	3.859601e-09	2.086641e+01	2.255380e+02
3.300000e-06	3.189259e-06	3.865910e-09	2.074287e+01	2.248444e+02
3.310000e-06	3.169978e-06	3.861394e-09	2.061746e+01	2.241396e+02
3.320000e-06	3.150469e-06	3.858223e-09	2.049058e+01	2.234183e+02
3.330000e-06	3.130723e-06	3.803016e-09	2.036215e+01	2.226753e+02
3.340000e-06	3.110625e-06	3.789615e-09	2.023143e+01	2.219061e+02
3.350000e-06	3.090079e-06	3.809180e-09	2.009780e+01	2.211074e+02
3.360000e-06	3.068928e-06	3.786278e-09	1.996024e+01	2.202777e+02
3.370000e-06	3.047212e-06	3.754927e-09	1.981899e+01	2.194174e+02
3.380000e-06	3.024907e-06	3.738225e-09	1.967393e+01	2.185287e+02
3.390000e-06	3.002019e-06	3.737996e-09	1.952506e+01	2.176146e+02
3.400000e-06	2.978832e-06	3.732842e-09	1.937425e+01	2.166788e+02
3.410000e-06	2.955432e-06	3.694858e-09	1.922206e+01	2.157250e+02
3.420000e-06	2.931776e-06	3.666022e-09	1.906820e+01	2.147556e+02
3.430000e-06	2.907832e-06	3.676041e-09	1.891247e+01	2.137723e+02
3.440000e-06	2.883596e-06	3.663501e-09	1.875484e+01	2.127750e+02
3.450000e-06	2.859028e-06	3.623928e-09	1.859505e+01	2.117623e+02
3.460000e-06	2.834087e-06	3.594181e-09	1.843284e+01	2.107318e+02
3.470000e-06	2.808808e-06	3.599163e-09	1.826842e+01	2.096801e+02
3.480000e-06	2.783191e-06	3.589265e-09	1.810181e+01	2.086040e+02
3.490000e-06	2.757278e-06	3.544863e-09	1.793327e+01	2.075006e+02
3.500000e-06	2.730996e-06	3.519557e-09	1.776234e+01	2.063680e+02
3.510000e-06	2.704356e-06	3.516122e-09	1.758907e+01	2.052055e+02
3.520000e-06	2.677386e-06	3.499356e-09	1.741365e+01	2.040136e+02
3.530000e-06	2.650115e-06	3.459694e-09	1.723628e+01	2.027939e+02
3.540000e-06	2.622698e-06	3.427585e-09	1.705796e+01	2.015490e+02
3.550000e-06	2.595137e-06	3.424188e-09	1.687871e+01	2.002816e+02
3.560000e-06	2.567393e-06	3.412013e-09	1.669827e+01	1.989941e+02
3.570000e-06	2.539371e-06	3.372874e-09	1.651601e+01	1.976883e+02
3.580000e-06	2.510932e-06	3.347588e-09	1.633104e+01	1.963648e+02
3.590000e-06	2.482041e-06	3.339596e-09	1.614314e+01	1.950230e+02
3.600000e-06	2.452675e-06	3.322776e-09	1.595214e+01	1.936608e+02
3.610000e-06	2.422807e-06	3.284095e-09	1.575788e+01	1.922754e+02
3.620000e-06	2.392438e-06	3.247209e-09	1.556036e+01	1.908632e+02
3.630000e-06	2.361623e-06	3.232825e-09	1.535994e+01	1.894208e+02
3.640000e-06	2.330530e-06	3.212629e-09	1.515771e+01	1.879453e+02
3.650000e-06	2.299245e-06	3.178215e-09	1.495424e+01	1.864353e+02
3.660000e-06	2.267783e-06	3.146706e-09	1.474961e+01	1.848905e+02
3.670000e-06	2.236183e-06	3.131435e-09	1.454408e+01	1.833127e+02
3.680000e-06	2.204364e-06	3.112966e-09	1.433713e+01	1.817053e+02
3.690000e-06	2.172305e-06	3.074821e-09	1.412862e+01	1.800728e+02
3.700000e-06	2.139992e-06	3.036591e-09	1.391845e+01	1.784205e+02
3.710000e-06	2.107416e-06	3.010106e-09	1.370659e+01	1.767540e+02
3.720000e-06	2.074621e-06	2.984774e-09	1.349329e+01	1.750779e+02
3.730000e-06	2.041604e-06	2.949948e-09	1.327855e+01	1.733958e+02
3.740000e-06	2.008333e-06	2.915338e-09	1.306215e+01	1.717092e+02
3.750000e-06	1.974825e-06	2.893931e-09	1.284421e+01	1.700179e+02
3.760000e-06	1.941134e-06	2.874365e-09	1.262509e+01	1.683194e+02
3.770000e-06	1.907232e-06	2.839060e-09	1.240459e+01	1.666096e+02
3.780000e-06	1.873136e-06	2.799728e-09	1.218283e+01	1.648831e+02
3.790000e-06	1.838772e-06	2.772147e-09	1.195933e+01	1.631340e+02
3.800000e-06	1.804132e-06	2.747948e-09	1.173403e+01	1.613569e+02
3.810000e-06	1.769328e-06	2.710781e-09	1.150767e+01	1.595470e+02
3.820000e-06	1.734339e-06	2.670182e-09	1.128010e+01	1.577012e+02
3.830000e-06	1.699161e-06	2.641254e-09	1.105130e+01	1.558185e+02
3.840000e-06	1.663846e-06	2.613951e-09	1.082162e+01	1.538995e+02
3.850000e-06	1.628431e-06	2.576814e-09	1.059128e+01	1.519470e+02
3.860000e-06	1.592935e-06	2.537050e-09	1.036041e+01	1.499650e+02
3.870000e-06	1.557340e-06	2.505752e-09	1.012890e+01	1.479585e+02
3.880000e-06	1.521639e-06	2.474939e-09	9.896705e+00	1.459323e+02
3.890000e-06	1.485789e-06	2.435260e-09	9.663538e+00	1.438911e+02
3.900000e-06	1.449744e-06	2.393389e-09	9.429102e+00	1.418381e+02
3.910000e-06	1.413434e-06	2.358480e-09	9.192942e+00	1.397751e+02
3.920000e-06	1.376852e-06	2.327512e-09	8.955014e+00	1.377023e+02
3.930000e-06	1.340032e-06	2.289072e-09	8.715537e+00	1.356183e+02
3.940000e-06	1.302992e-06	2.248585e-09	8.474626e+00	1.335204e+02
3.950000e-06	1.265654e-06	2.212995e-09	8.231782e+00	1.314054e+02
3.960000e-06	1.227955e-06	2.178720e-09	7.986590e+00	1.292698e+02
3.970000e-06	1.190041e-06	2.138303e-09	7.740001e+00	1.271106e+02
3.980000e-06	1.151950e-06	2.095552e-09	7.492258e+00	1.249261e+02
3.990000e-06	1.113566e-06	2.059827e-09	7.242607e+00	1.227157e+02
4.000000e-06	1.074936e-06	2.027218e-09	6.991356e+00	1.204802e+02
4.010000e-06	1.036163e-06	1.988948e-09	6.739178e+00	1.182219e+02
4.020000e-06	9.972046e-07	1.944962e-09	6.485795e+00	1.159442e+02
4.030000e-06	9.580890e-07	1.902457e-09	6.231388e+00	1.136508e+02
4.040000e-06	9.188818e-07	1.861298e-09	5.976386e+00	1.113455e+02
4.050000e-06	8.795969e-07	1.819454e-09	5.720877e+00	1.090316e+02
4.060000e-06	8.402484e-07	1.778141e-09	5.464955e+00	1.067110e+02
4.070000e-06	8.008981e-07	1.743203e-09	5.209023e+00	1.043845e+02
4.080000e-06	7.615393e-07	1.710814e-09	4.953034e+00	1.020512e+02
4.090000e-06	7.220915e-07	1.672860e-09	4.696466e+00	9.970870e+01
4.100000e-06	6.825753e-07	1.628970e-09	4.439454e+00	9.735373e+01
4.110000e-06	6.430386e-07	1.586452e-09	4.182308e+00	9.498227e+01
4.120000e-06	6.034656e-07	1.544278e-09	3.924926e+00	9.259025e+01
4.130000e-06	5.639136e-07	1.498190e-09	3.667681e+00	9.017412e+01
4.140000e-06	5.243518e-07	1.452773e-09	3.410372e+00	8.773130e+01
4.150000e-06	4.847058e-07	1.413810e-09	3.152515e+00	8.526049e+01
4.160000e-06	4.450271e-07	1.378545e-09	2.894446e+00	8.276182e+01
4.170000e-06	4.052858e-07	1.336838e-09	2.635969e+00	8.023676e+01
4.180000e-06	3.654924e-07	1.289647e-09	2.377154e+00	7.768780e+01
4.190000e-06	3.257073e-07	1.244744e-09	2.118393e+00	7.511808e+01
4.200000e-06	2.859205e-07	1.201604e-09	1.859620e+00	7.253085e+01
4.210000e-06	2.461092e-07	1.153558e-09	1.600688e+00	6.992900e+01
4.220000e-06	2.062819e-07	1.103147e-09	1.341652e+00	6.731463e+01
4.230000e-06	1.664221e-07	1.057684e-09	1.082405e+00	6.468880e+01
4.240000e-06	1.265104e-07	1.018601e-09	8.228207e-01	6.205144e+01
4.250000e-06	8.660223e-08	9.769471e-10	5.632588e-01	5.940146e+01
4.260000e-06	4.671769e-08	9.297051e-10	3.038507e-01	5.673707e+01
4.270000e-06	6.835593e-09	8.826934e-10	4.445854e-02	5.405617e+01
4.280000e-06	-3.305360e-08	8.390137e-10	-2.149798e-01	5.135680e+01
4.290000e-06	-7.289930e-08	7.921912e-10	-4.741354e-01	4.863763e+01
4.300000e-06	-1.127343e-07	7.402200e-10	-7.332212e-01	4.589824e+01
4.310000e-06	-1.525678e-07	6.903430e-10	-9.922971e-01	4.313933e+01
4.320000e-06	-1.924090e-07	6.447790e-10	-1.251424e+00	4.036269e+01
4.330000e-06	-2.322613e-07	5.999125e-10	-1.510622e+00	3.757099e+01
4.340000e-06	-2.720680e-07	5.531414e-10	-1.769524e+00	3.476742e+01
4.350000e-06	-3.118276e-07	5.052186e-10	-2.028119e+00	3.195515e+01
4.360000e-06	-3.515822e-07	4.577698e-10	-2.286682e+00	2.913685e+01
4.370000e-06	-3.913215e-07	4.092092e-10	-2.545146e+00	2.631422e+01
4.380000e-06	-4.310158e-07	3.605734e-10	-2.803317e+00	2.348761e+01
4.390000e-06	-4.706659e-07	3.142068e-10	-3.061200e+00	2.065594e+01
4.400000e-06	-5.102744e-07	2.691418e-10	-3.318813e+00	1.781674e+01
4.410000e-06	-5.498467e-07	2.227130e-10	-3.576190e+00	1.496646e+01
4.420000e-06	-5.893516e-07	1.706069e-10	-3.833129e+00	1.210097e+01
4.430000e-06	-6.288263e-07	1.182178e-10	-4.089871e+00	9.216200e+00
4.440000e-06	-6.682647e-07	6.814232e-11	-4.346378e+00	6.308785e+00
4.450000e-06	-7.076952e-07	1.877043e-11	-4.602833e+00	3.376678e+00
4.460000e-06	-7.470957e-07	-3.031755e-11	-4.859093e+00	4.196093e-01
4.470000e-06	-7.864381e-07	-7.871406e-11	-5.114975e+00	-2.560663e+00
4.480000e-06	-8.258130e-07	-1.261728e-10	-5.371068e+00	-5.560364e+00
4.490000e-06	-8.651902e-07	-1.747071e-10	-5.627177e+00	-8.573969e+00
4.500000e-06	-9.044590e-07	-2.266280e-10	-5.882580e+00	-1.159470e+01
4.510000e-06	-9.435733e-07	-2.813361e-10	-6.136979e+00	-1.461521e+01
4.520000e-06	-9.826009e-07	-3.363242e-10	-6.390813e+00	-1.762826e+01
4.530000e-06	-1.021564e-06	-3.875894e-10	-6.644226e+00	-2.062752e+01
4.540000e-06	-1.060407e-06	-4.365105e-10	-6.896861e+00	-2.360806e+01
4.550000e-06	-1.099090e-06	-4.869825e-10	-7.148458e+00	-2.656682e+01
4.560000e-06	-1.137560e-06	-5.358596e-10	-7.398660e+00	-2.950269e+01
4.570000e-06	-1.175809e-06	-5.839979e-10	-7.647436e+00	-3.241643e+01
4.580000e-06	-1.213775e-06	-6.338283e-10	-7.894365e+00	-3.531026e+01
4.590000e-06	-1.251426e-06	-6.834810e-10	-8.139245e+00	-3.818733e+01
4.600000e-06	-1.288813e-06	-7.323412e-10	-8.382406e+00	-4.105107e+01
4.610000e-06	-1.325962e-06	-7.809725e-10	-8.624023e+00	-4.390454e+01
4.620000e-06	-1.362771e-06	-8.309722e-10	-8.863427e+00	-4.674988e+01
4.630000e-06	-1.399251e-06	-8.802118e-10	-9.100696e+00	-4.958794e+01
4.640000e-06	-1.435556e-06	-9.287272e-10	-9.336822e+00	-5.241812e+01
4.650000e-06	-1.471667e-06	-9.762446e-10	-9.571688e+00	-5.523849e+01
4.660000e-06	-1.507564e-06	-1.023125e-09	-9.805163e+00	-5.804610e+01
4.670000e-06	-1.543320e-06	-1.070342e-09	-1.003772e+01	-6.083750e+01
4.680000e-06	-1.578947e-06	-1.116131e-09	-1.026943e+01	-6.360928e+01
4.690000e-06	-1.614429e-06	-1.159274e-09	-1.050021e+01	-6.635871e+01
4.700000e-06	-1.649812e-06	-1.202712e-09	-1.073034e+01	-6.908418e+01
4.710000e-06	-1.685119e-06	-1.251045e-09	-1.095997e+01	-7.178550e+01
4.720000e-06	-1.720364e-06	-1.299462e-09	-1.118920e+01	-7.446399e+01
4.730000e-06	-1.755487e-06	-1.344050e-09	-1.141765e+01	-7.712230e+01
4.740000e-06	-1.790347e-06	-1.387758e-09	-1.164438e+01	-7.976399e+01
4.750000e-06	-1.824956e-06	-1.433434e-09	-1.186947e+01	-8.239300e+01
4.760000e-06	-1.859306e-06	-1.479484e-09	-1.209288e+01	-8.501300e+01
4.770000e-06	-1.893375e-06	-1.522795e-09	-1.231447e+01	-8.762673e+01
4.780000e-06	-1.927239e-06	-1.561699e-09	-1.253472e+01	-9.023556e+01
4.790000e-06	-1.960899e-06	-1.602449e-09	-1.275364e+01	-9.283912e+01
4.800000e-06	-1.994382e-06	-1.647095e-09	-1.297141e+01	-9.543525e+01
4.810000e-06	-2.027683e-06	-1.692485e-09	-1.318801e+01	-9.802025e+01
4.820000e-06	-2.060737e-06	-1.735714e-09	-1.340298e+01	-1.005893e+02
4.830000e-06	-2.093504e-06	-1.779362e-09	-1.361610e+01	-1.031369e+02
4.840000e-06	-2.125970e-06	-1.826736e-09	-1.382726e+01	-1.056581e+02
4.850000e-06	-2.158154e-06	-1.869816e-09	-1.403658e+01	-1.081485e+02
4.860000e-06	-2.190082e-06	-1.907042e-09	-1.424424e+01	-1.106054e+02
4.870000e-06	-2.221777e-06	-1.943062e-09	-1.445038e+01	-1.130280e+02
4.880000e-06	-2.253305e-06	-1.980186e-09	-1.465545e+01	-1.154173e+02
4.890000e-06	-2.284703e-06	-2.017684e-09	-1.485965e+01	-1.177762e+02
4.900000e-06	-2.315866e-06	-2.055964e-09	-1.506234e+01	-1.201090e+02
4.910000e-06	-2.346774e-06	-2.095728e-09	-1.526336e+01	-1.224206e+02
4.920000e-06	-2.377386e-06	-2.138333e-09	-1.546246e+01	-1.247159e+02
4.930000e-06	-2.407567e-06	-2.178841e-09	-1.565876e+01	-1.269992e+02
4.940000e-06	-2.437290e-06	-2.215531e-09	-1.585208e+01	-1.292732e+02
4.950000e-06	-2.466582e-06	-2.253332e-09	-1.604259e+01	-1.315388e+02
4.960000e-06	-2.495430e-06	-2.292251e-09	-1.623022e+01	-1.337950e+02
4.970000e-06	-2.523811e-06	-2.327508e-09	-1.641480e+01	-1.360387e+02
4.980000e-06	-2.551810e-06	-2.358716e-09	-1.659691e+01	-1.382656e+02
4.990000e-06	-2.579561e-06	-2.393510e-09	-1.677740e+01	-1.404703e+02
5.000000e-06	-2.607146e-06	-2.432957e-09	-1.695682e+01	-1.426476e+02
5.010000e-06	-2.634587e-06	-2.471813e-09	-1.713529e+01	-1.447928e+02
5.020000e-06	-2.661774e-06	-2.507581e-09	-1.731212e+01	-1.469026e+02
5.030000e-06	-2.688618e-06	-2.543432e-09	-1.748671e+01	-1.489756e+02
5.040000e-06	-2.715169e-06	-2.577950e-09	-1.765940e+01	-1.510124e+02
5.050000e-06	-2.741426e-06	-2.609795e-09	-1.783017e+01	-1.530153e+02
5.060000e-06	-2.767309e-06	-2.639947e-09	-1.799851e+01	-1.549885e+02
5.070000e-06	-2.792840e-06	-2.671571e-09	-1.816457e+01	-1.569367e+02
5.080000e-06	-2.818119e-06	-2.705005e-09	-1.832898e+01	-1.588649e+02
5.090000e-06	-2.843040e-06	-2.738369e-09	-1.849107e+01	-1.607775e+02
5.100000e-06	-2.867535e-06	-2.768082e-09	-1.865038e+01	-1.626774e+02
5.110000e-06	-2.891710e-06	-2.796150e-09	-1.880761e+01	-1.645659e+02
5.120000e-06	-2.915549e-06	-2.827182e-09	-1.896266e+01	-1.664418e+02
5.130000e-06	-2.939120e-06	-2.857921e-09	-1.911597e+01	-1.683026e+02
5.140000e-06	-2.962541e-06	-2.887586e-09	-1.926830e+01	-1.701436e+02
5.150000e-06	-2.985750e-06	-2.916707e-09	-1.941925e+01	-1.719596e+02
5.160000e-06	-3.008627e-06	-2.946408e-09	-1.956804e+01	-1.737453e+02
5.170000e-06	-3.031013e-06	-2.975974e-09	-1.971364e+01	-1.754957e+02
5.180000e-06	-3.052846e-06	-3.002731e-09	-1.985564e+01	-1.772077e+02
5.190000e-06	-3.074123e-06	-3.028817e-09	-1.999402e+01	-1.788797e+02
5.200000e-06	-3.094824e-06	-3.054662e-09	-2.012866e+01	-1.805124e+02
5.210000e-06	-3.114994e-06	-3.079533e-09	-2.025985e+01	-1.821085e+02
5.220000e-06	-3.134794e-06	-3.105006e-09	-2.038863e+01	-1.836721e+02
5.230000e-06	-3.154383e-06	-3.131453e-09	-2.051603e+01	-1.852083e+02
5.240000e-06	-3.173739e-06	-3.158667e-09	-2.064193e+01	-1.867223e+02
5.250000e-06	-3.192740e-06	-3.183951e-09	-2.076550e+01	-1.882183e+02
5.260000e-06	-3.211394e-06	-3.209076e-09	-2.088683e+01	-1.896989e+02
5.270000e-06	-3.229740e-06	-3.234377e-09	-2.100615e+01	-1.911648e+02
5.280000e-06	-3.247704e-06	-3.257503e-09	-2.112299e+01	-1.926142e+02
5.290000e-06	-3.265315e-06	-3.277634e-09	-2.123753e+01	-1.940432e+02
5.300000e-06	-3.282589e-06	-3.298012e-09	-2.134988e+01	-1.954462e+02
5.310000e-06	-3.299446e-06	-3.320744e-09	-2.145952e+01	-1.968167e+02
5.320000e-06	-3.315906e-06	-3.342891e-09	-2.156657e+01	-1.981482e+02
5.330000e-06	-3.332030e-06	-3.364575e-09	-2.167145e+01	-1.994355e+02
5.340000e-06	-3.347830e-06	-3.386208e-09	-2.177421e+01	-2.006751e+02
5.350000e-06	-3.363379e-06	-3.405998e-09	-2.187534e+01	-2.018664e+02
5.360000e-06	-3.378590e-06	-3.423619e-09	-2.197427e+01	-2.030112e+02
5.370000e-06	-3.393301e-06	-3.440337e-09	-2.206995e+01	-2.041146e+02
5.380000e-06	-3.407431e-06	-3.458597e-09	-2.216185e+01	-2.051835e+02
5.390000e-06	-3.420839e-06	-3.477837e-09	-2.224906e+01	-2.062263e+02
5.400000e-06	-3.433612e-06	-3.495377e-09	-2.233213e+01	-2.072516e+02
5.410000e-06	-3.445966e-06	-3.513950e-09	-2.241248e+01	-2.082672e+02
5.420000e-06	-3.457890e-06	-3.534066e-09	-2.249003e+01	-2.092788e+02
5.430000e-06	-3.469352e-06	-3.553871e-09	-2.256459e+01	-2.102892e+02
5.440000e-06	-3.480431e-06	-3.570768e-09	-2.263664e+01	-2.112982e+02
5.450000e-06	-3.491124e-06	-3.587044e-09	-2.270619e+01	-2.123021e+02
5.460000e-06	-3.501412e-06	-3.604488e-09	-2.277310e+01	-2.132945e+02
5.470000e-06	-3.511267e-06	-3.620858e-09	-2.283720e+01	-2.142672e+02
5.480000e-06	-3.520639e-06	-3.634467e-09	-2.289815e+01	-2.152111e+02
5.490000e-06	-3.529628e-06	-3.646722e-09	-2.295662e+01	-2.161176e+02
5.500000e-06	-3.538188e-06	-3.660785e-09	-2.301229e+01	-2.169802e+02
5.510000e-06	-3.546287e-06	-3.675747e-09	-2.306497e+01	-2.177949e+02
5.520000e-06	-3.554125e-06	-3.688435e-09	-2.311595e+01	-2.185613e+02
5.530000e-06	-3.561702e-06	-3.700631e-09	-2.316522e+01	-2.192825e+02
5.540000e-06	-3.568962e-06	-3.716601e-09	-2.321244e+01	-2.199647e+02
5.550000e-06	-3.575853e-06	-3.730859e-09	-2.325726e+01	-2.206167e+02
5.560000e-06	-3.582200e-06	-3.741836e-09	-2.329854e+01	-2.212482e+02
5.570000e-06	-3.587837e-06	-3.753279e-09	-2.333521e+01	-2.218687e+02
5.580000e-06	-3.592799e-06	-3.765695e-09	-2.336748e+01	-2.224860e+02
5.590000e-06	-3.597255e-06	-3.777199e-09	-2.339646e+01	-2.231049e+02
5.600000e-06	-3.601281e-06	-3.787348e-09	-2.342265e+01	-2.237267e+02
5.610000e-06	-3.604966e-06	-3.798872e-09	-2.344661e+01	-2.243484e+02
5.620000e-06	-3.608351e-06	-3.811633e-09	-2.346863e+01	-2.249635e+02
5.630000e-06	-3.611341e-06	-3.823435e-09	-2.348808e+01	-2.255623e+02
5.640000e-06	-3.613922e-06	-3.832913e-09	-2.350486e+01	-2.261337e+02
5.650000e-06	-3.616142e-06	-3.840683e-09	-2.351930e+01	-2.266663e+02
5.660000e-06	-3.618017e-06	-3.849280e-09	-2.353150e+01	-2.271504e+02
5.670000e-06	-3.619500e-06	-3.859457e-09	-2.354114e+01	-2.275794e+02
5.680000e-06	-3.620479e-06	-3.868863e-09	-2.354751e+01	-2.279510e+02
5.690000e-06	-3.620976e-06	-3.875986e-09	-2.355074e+01	-2.282676e+02
