# Temperatura_=_20.0
# Concentracion g/m^3_=_12000.0
# C_Vs_to_Am_M_A/Vsm_=_59384043850.047264
# pendiente_HvsI_1/m_=_3716.3
# ordenada_HvsI_A/m_=_1297.0
# frecuencia_Hz_=_175591.64678439984

Tiempo_(s)	Campo_(V.s)	Magnetizacion_(V.s)	Campo_(kA/m)	Magnetizacion_(A/m)
0.000000e+00	-3.628490e-06	-3.933015e-09	-2.355302e+01	-2.330252e+02
1.000000e-08	-3.628425e-06	-3.935745e-09	-2.355260e+01	-2.333538e+02
2.000000e-08	-3.628067e-06	-3.940083e-09	-2.355028e+01	-2.336400e+02
3.000000e-08	-3.627397e-06	-3.942633e-09	-2.354593e+01	-2.338907e+02
4.000000e-08	-3.626407e-06	-3.949818e-09	-2.353950e+01	-2.341160e+02
5.000000e-08	-3.625005e-06	-3.955626e-09	-2.353040e+01	-2.343282e+02
6.000000e-08	-3.622974e-06	-3.949918e-09	-2.351722e+01	-2.345405e+02
7.000000e-08	-3.620295e-06	-3.936606e-09	-2.349983e+01	-2.347657e+02
8.000000e-08	-3.617009e-06	-3.975639e-09	-2.347850e+01	-2.350144e+02
9.000000e-08	-3.613110e-06	-4.023123e-09	-2.345319e+01	-2.352941e+02
1.000000e-07	-3.608753e-06	-3.922192e-09	-2.342491e+01	-2.356072e+02
1.100000e-07	-3.604107e-06	-3.873975e-09	-2.339475e+01	-2.359513e+02
1.200000e-07	-3.599184e-06	-3.989702e-09	-2.336279e+01	-2.363187e+02
1.300000e-07	-3.593854e-06	-4.062930e-09	-2.332819e+01	-2.366967e+02
1.400000e-07	-3.588128e-06	-3.927821e-09	-2.329103e+01	-2.370687e+02
1.500000e-07	-3.581989e-06	-3.856343e-09	-2.325118e+01	-2.374159e+02
1.600000e-07	-3.575379e-06	-4.040171e-09	-2.320827e+01	-2.377186e+02
1.700000e-07	-3.568341e-06	-3.952610e-09	-2.316259e+01	-2.379582e+02
1.800000e-07	-3.560796e-06	-3.898123e-09	-2.311361e+01	-2.381188e+02
1.900000e-07	-3.552866e-06	-3.947974e-09	-2.306214e+01	-2.381886e+02
2.000000e-07	-3.544654e-06	-3.922256e-09	-2.300883e+01	-2.381612e+02
2.100000e-07	-3.536113e-06	-3.867091e-09	-2.295339e+01	-2.380357e+02
2.200000e-07	-3.527258e-06	-4.002112e-09	-2.289591e+01	-2.378166e+02
2.300000e-07	-3.517848e-06	-4.015007e-09	-2.283483e+01	-2.375135e+02
2.400000e-07	-3.507825e-06	-3.804055e-09	-2.276977e+01	-2.371396e+02
2.500000e-07	-3.497252e-06	-3.905234e-09	-2.270114e+01	-2.367106e+02
2.600000e-07	-3.486069e-06	-4.018516e-09	-2.262855e+01	-2.362430e+02
2.700000e-07	-3.474358e-06	-3.889943e-09	-2.255253e+01	-2.357523e+02
2.800000e-07	-3.462270e-06	-3.778985e-09	-2.247406e+01	-2.352522e+02
2.900000e-07	-3.449786e-06	-3.950775e-09	-2.239303e+01	-2.347532e+02
3.000000e-07	-3.436850e-06	-3.941687e-09	-2.230906e+01	-2.342620e+02
3.100000e-07	-3.423457e-06	-3.863919e-09	-2.222213e+01	-2.337813e+02
3.200000e-07	-3.409600e-06	-3.820162e-09	-2.213218e+01	-2.333104e+02
3.300000e-07	-3.395344e-06	-3.867307e-09	-2.203964e+01	-2.328454e+02
3.400000e-07	-3.380615e-06	-3.908189e-09	-2.194403e+01	-2.323804e+02
3.500000e-07	-3.365257e-06	-3.840699e-09	-2.184434e+01	-2.319084e+02
3.600000e-07	-3.349154e-06	-3.790617e-09	-2.173981e+01	-2.314225e+02
3.700000e-07	-3.332537e-06	-3.867278e-09	-2.163195e+01	-2.309163e+02
3.800000e-07	-3.315633e-06	-3.877334e-09	-2.152222e+01	-2.303852e+02
3.900000e-07	-3.298237e-06	-3.774752e-09	-2.140931e+01	-2.298262e+02
4.000000e-07	-3.280482e-06	-3.808099e-09	-2.129405e+01	-2.292384e+02
4.100000e-07	-3.262429e-06	-3.807457e-09	-2.117687e+01	-2.286225e+02
4.200000e-07	-3.244041e-06	-3.782871e-09	-2.105751e+01	-2.279802e+02
4.300000e-07	-3.225317e-06	-3.774171e-09	-2.093597e+01	-2.273143e+02
4.400000e-07	-3.206151e-06	-3.758868e-09	-2.081156e+01	-2.266272e+02
4.500000e-07	-3.186578e-06	-3.734861e-09	-2.068451e+01	-2.259211e+02
4.600000e-07	-3.166621e-06	-3.774702e-09	-2.055496e+01	-2.251972e+02
4.700000e-07	-3.146366e-06	-3.735788e-09	-2.042349e+01	-2.244556e+02
4.800000e-07	-3.125877e-06	-3.698417e-09	-2.029049e+01	-2.236952e+02
4.900000e-07	-3.105142e-06	-3.716985e-09	-2.015590e+01	-2.229142e+02
5.000000e-07	-3.084123e-06	-3.712726e-09	-2.001946e+01	-2.221098e+02
5.100000e-07	-3.062699e-06	-3.673670e-09	-1.988040e+01	-2.212794e+02
5.200000e-07	-3.040844e-06	-3.650370e-09	-1.973853e+01	-2.204206e+02
5.300000e-07	-3.018728e-06	-3.644394e-09	-1.959498e+01	-2.195316e+02
5.400000e-07	-2.996334e-06	-3.639277e-09	-1.944961e+01	-2.186116e+02
5.500000e-07	-2.973523e-06	-3.622268e-09	-1.930154e+01	-2.176612e+02
5.600000e-07	-2.950290e-06	-3.587499e-09	-1.915073e+01	-2.166816e+02
5.700000e-07	-2.926731e-06	-3.589620e-09	-1.899781e+01	-2.156752e+02
5.800000e-07	-2.902888e-06	-3.595545e-09	-1.884304e+01	-2.146449e+02
5.900000e-07	-2.878776e-06	-3.559005e-09	-1.868653e+01	-2.135937e+02
6.000000e-07	-2.854397e-06	-3.511748e-09	-1.852828e+01	-2.125243e+02
6.100000e-07	-2.829757e-06	-3.512985e-09	-1.836833e+01	-2.114389e+02
6.200000e-07	-2.804863e-06	-3.507186e-09	-1.820675e+01	-2.103387e+02
6.300000e-07	-2.779603e-06	-3.475271e-09	-1.804278e+01	-2.092240e+02
6.400000e-07	-2.753755e-06	-3.445461e-09	-1.787500e+01	-2.080939e+02
6.500000e-07	-2.727350e-06	-3.444813e-09	-1.770360e+01	-2.069471e+02
6.600000e-07	-2.700486e-06	-3.445817e-09	-1.752922e+01	-2.057811e+02
6.700000e-07	-2.673064e-06	-3.418467e-09	-1.735122e+01	-2.045936e+02
6.800000e-07	-2.645224e-06	-3.379224e-09	-1.717051e+01	-2.033823e+02
6.900000e-07	-2.617173e-06	-3.366962e-09	-1.698842e+01	-2.021451e+02
7.000000e-07	-2.588905e-06	-3.357555e-09	-1.680493e+01	-2.008805e+02
7.100000e-07	-2.560420e-06	-3.324721e-09	-1.662003e+01	-1.995880e+02
7.200000e-07	-2.531756e-06	-3.287855e-09	-1.643397e+01	-1.982675e+02
7.300000e-07	-2.502851e-06	-3.276893e-09	-1.624635e+01	-1.969195e+02
7.400000e-07	-2.473615e-06	-3.266592e-09	-1.605657e+01	-1.955451e+02
7.500000e-07	-2.443984e-06	-3.240233e-09	-1.586423e+01	-1.941454e+02
7.600000e-07	-2.414038e-06	-3.208952e-09	-1.566985e+01	-1.927214e+02
7.700000e-07	-2.383955e-06	-3.194177e-09	-1.547458e+01	-1.912741e+02
7.800000e-07	-2.353649e-06	-3.180766e-09	-1.527786e+01	-1.898039e+02
7.900000e-07	-2.322968e-06	-3.149155e-09	-1.507870e+01	-1.883110e+02
8.000000e-07	-2.292027e-06	-3.111507e-09	-1.487786e+01	-1.867950e+02
8.100000e-07	-2.260901e-06	-3.085800e-09	-1.467581e+01	-1.852558e+02
8.200000e-07	-2.229465e-06	-3.065252e-09	-1.447176e+01	-1.836927e+02
8.300000e-07	-2.197735e-06	-3.030035e-09	-1.426580e+01	-1.821058e+02
8.400000e-07	-2.165835e-06	-2.998272e-09	-1.405873e+01	-1.804952e+02
8.500000e-07	-2.133695e-06	-2.980832e-09	-1.385011e+01	-1.788615e+02
8.600000e-07	-2.101345e-06	-2.965713e-09	-1.364011e+01	-1.772061e+02
8.700000e-07	-2.068880e-06	-2.937371e-09	-1.342938e+01	-1.755303e+02
8.800000e-07	-2.036270e-06	-2.901903e-09	-1.321770e+01	-1.738362e+02
8.900000e-07	-2.003460e-06	-2.870887e-09	-1.300473e+01	-1.721255e+02
9.000000e-07	-1.970416e-06	-2.848996e-09	-1.279024e+01	-1.703997e+02
9.100000e-07	-1.937087e-06	-2.817088e-09	-1.257389e+01	-1.686598e+02
9.200000e-07	-1.903452e-06	-2.780525e-09	-1.235557e+01	-1.669059e+02
9.300000e-07	-1.869447e-06	-2.751457e-09	-1.213483e+01	-1.651373e+02
9.400000e-07	-1.835051e-06	-2.733371e-09	-1.191157e+01	-1.633524e+02
9.500000e-07	-1.800372e-06	-2.706480e-09	-1.168646e+01	-1.615487e+02
9.600000e-07	-1.765361e-06	-2.672380e-09	-1.145920e+01	-1.597232e+02
9.700000e-07	-1.730059e-06	-2.645530e-09	-1.123005e+01	-1.578728e+02
9.800000e-07	-1.694434e-06	-2.622160e-09	-1.099880e+01	-1.559943e+02
9.900000e-07	-1.658400e-06	-2.588456e-09	-1.076490e+01	-1.540852e+02
1.000000e-06	-1.622232e-06	-2.548803e-09	-1.053013e+01	-1.521438e+02
1.010000e-06	-1.585971e-06	-2.516034e-09	-1.029475e+01	-1.501695e+02
1.020000e-06	-1.549532e-06	-2.485945e-09	-1.005822e+01	-1.481628e+02
1.030000e-06	-1.513002e-06	-2.449876e-09	-9.821101e+00	-1.461253e+02
1.040000e-06	-1.476439e-06	-2.412361e-09	-9.583768e+00	-1.440596e+02
1.050000e-06	-1.439818e-06	-2.382843e-09	-9.346054e+00	-1.419689e+02
1.060000e-06	-1.403039e-06	-2.359211e-09	-9.107316e+00	-1.398566e+02
1.070000e-06	-1.366111e-06	-2.330096e-09	-8.867614e+00	-1.377259e+02
1.080000e-06	-1.329049e-06	-2.291657e-09	-8.627041e+00	-1.355797e+02
1.090000e-06	-1.291855e-06	-2.253961e-09	-8.385609e+00	-1.334197e+02
1.100000e-06	-1.254468e-06	-2.215839e-09	-8.142923e+00	-1.312469e+02
1.110000e-06	-1.216866e-06	-2.178758e-09	-7.898841e+00	-1.290612e+02
1.120000e-06	-1.179120e-06	-2.137072e-09	-7.653831e+00	-1.268615e+02
1.130000e-06	-1.141185e-06	-2.099896e-09	-7.407587e+00	-1.246462e+02
1.140000e-06	-1.103126e-06	-2.070579e-09	-7.160540e+00	-1.224130e+02
1.150000e-06	-1.064956e-06	-2.038299e-09	-6.912774e+00	-1.201599e+02
1.160000e-06	-1.026608e-06	-1.999199e-09	-6.663855e+00	-1.178849e+02
1.170000e-06	-9.881447e-07	-1.962036e-09	-6.414181e+00	-1.155870e+02
1.180000e-06	-9.495749e-07	-1.928972e-09	-6.163820e+00	-1.132657e+02
1.190000e-06	-9.109778e-07	-1.892114e-09	-5.913280e+00	-1.109215e+02
1.200000e-06	-8.722957e-07	-1.850463e-09	-5.662190e+00	-1.085556e+02
1.210000e-06	-8.334801e-07	-1.810137e-09	-5.410233e+00	-1.061699e+02
1.220000e-06	-7.945892e-07	-1.773434e-09	-5.157787e+00	-1.037667e+02
1.230000e-06	-7.556182e-07	-1.732204e-09	-4.904821e+00	-1.013482e+02
1.240000e-06	-7.165713e-07	-1.686149e-09	-4.651362e+00	-9.891637e+01
1.250000e-06	-6.774271e-07	-1.646410e-09	-4.397272e+00	-9.647262e+01
1.260000e-06	-6.381603e-07	-1.611791e-09	-4.142385e+00	-9.401758e+01
1.270000e-06	-5.988290e-07	-1.575112e-09	-3.887081e+00	-9.155101e+01
1.280000e-06	-5.593652e-07	-1.536066e-09	-3.630916e+00	-8.907185e+01
1.290000e-06	-5.198037e-07	-1.495972e-09	-3.374117e+00	-8.657836e+01
1.300000e-06	-4.802876e-07	-1.454873e-09	-3.117612e+00	-8.406836e+01
1.310000e-06	-4.406807e-07	-1.408017e-09	-2.860519e+00	-8.153952e+01
1.320000e-06	-4.009581e-07	-1.357543e-09	-2.602673e+00	-7.898962e+01
1.330000e-06	-3.611513e-07	-1.311077e-09	-2.344282e+00	-7.641690e+01
1.340000e-06	-3.212116e-07	-1.270695e-09	-2.085028e+00	-7.382020e+01
1.350000e-06	-2.812730e-07	-1.231044e-09	-1.825782e+00	-7.119911e+01
1.360000e-06	-2.414107e-07	-1.189816e-09	-1.567030e+00	-6.855400e+01
1.370000e-06	-2.015697e-07	-1.148886e-09	-1.308417e+00	-6.588589e+01
1.380000e-06	-1.616390e-07	-1.106319e-09	-1.049221e+00	-6.319637e+01
1.390000e-06	-1.216241e-07	-1.057978e-09	-7.894784e-01	-6.048734e+01
1.400000e-06	-8.163615e-08	-1.004669e-09	-5.299114e-01	-5.776078e+01
1.410000e-06	-4.167573e-08	-9.561000e-10	-2.705228e-01	-5.501856e+01
1.420000e-06	-1.726489e-09	-9.123448e-10	-1.120687e-02	-5.226229e+01
1.430000e-06	3.825502e-08	-8.678040e-10	2.483185e-01	-4.949316e+01
1.440000e-06	7.824286e-08	-8.209138e-10	5.078850e-01	-4.671199e+01
1.450000e-06	1.181664e-07	-7.763687e-10	7.670345e-01	-4.391921e+01
1.460000e-06	1.580808e-07	-7.320961e-10	1.026124e+00	-4.111500e+01
1.470000e-06	1.980910e-07	-6.829666e-10	1.285836e+00	-3.829936e+01
1.480000e-06	2.380576e-07	-6.311153e-10	1.545264e+00	-3.547229e+01
1.490000e-06	2.778991e-07	-5.810638e-10	1.803881e+00	-3.263387e+01
1.500000e-06	3.177261e-07	-5.314113e-10	2.062403e+00	-2.978429e+01
1.510000e-06	3.575869e-07	-4.783430e-10	2.321145e+00	-2.692390e+01
1.520000e-06	3.973230e-07	-4.278660e-10	2.579077e+00	-2.405311e+01
1.530000e-06	4.369588e-07	-3.804617e-10	2.836359e+00	-2.117236e+01
1.540000e-06	4.766323e-07	-3.357396e-10	3.093885e+00	-1.828193e+01
1.550000e-06	5.161785e-07	-2.891309e-10	3.350585e+00	-1.538191e+01
1.560000e-06	5.556300e-07	-2.398108e-10	3.606670e+00	-1.247207e+01
1.570000e-06	5.949939e-07	-1.915500e-10	3.862187e+00	-9.551879e+00
1.580000e-06	6.342764e-07	-1.428411e-10	4.117174e+00	-6.620543e+00
1.590000e-06	6.735026e-07	-9.048676e-11	4.371797e+00	-3.677136e+00
1.600000e-06	7.125695e-07	-3.952367e-11	4.625385e+00	-7.207867e-01
1.610000e-06	7.514953e-07	8.530061e-12	4.878058e+00	2.249093e+00
1.620000e-06	7.903376e-07	5.886440e-11	5.130189e+00	5.232569e+00
1.630000e-06	8.291140e-07	1.119994e-10	5.381892e+00	8.228978e+00
1.640000e-06	8.678170e-07	1.638714e-10	5.633118e+00	1.123678e+01
1.650000e-06	9.064559e-07	2.125120e-10	5.883928e+00	1.425351e+01
1.660000e-06	9.450524e-07	2.626443e-10	6.134464e+00	1.727581e+01
1.670000e-06	9.835709e-07	3.143690e-10	6.384492e+00	2.029960e+01
1.680000e-06	1.021971e-06	3.631118e-10	6.633755e+00	2.332037e+01
1.690000e-06	1.060294e-06	4.111485e-10	6.882512e+00	2.633346e+01
1.700000e-06	1.098530e-06	4.601411e-10	7.130710e+00	2.933442e+01
1.710000e-06	1.136580e-06	5.100623e-10	7.377697e+00	3.231941e+01
1.720000e-06	1.174431e-06	5.632663e-10	7.623390e+00	3.528542e+01
1.730000e-06	1.212166e-06	6.164598e-10	7.868336e+00	3.823050e+01
1.740000e-06	1.249732e-06	6.687931e-10	8.112182e+00	4.115383e+01
1.750000e-06	1.287151e-06	7.197130e-10	8.355074e+00	4.405563e+01
1.760000e-06	1.324403e-06	7.682485e-10	8.596880e+00	4.693700e+01
1.770000e-06	1.361445e-06	8.129007e-10	8.837327e+00	4.979967e+01
1.780000e-06	1.398357e-06	8.561879e-10	9.076927e+00	5.264561e+01
1.790000e-06	1.435169e-06	9.011513e-10	9.315878e+00	5.547673e+01
1.800000e-06	1.471906e-06	9.485070e-10	9.554343e+00	5.829455e+01
1.810000e-06	1.508549e-06	9.976440e-10	9.792195e+00	6.110000e+01
1.820000e-06	1.545047e-06	1.046635e-09	1.002911e+01	6.389327e+01
1.830000e-06	1.581490e-06	1.094548e-09	1.026566e+01	6.667384e+01
1.840000e-06	1.617858e-06	1.143161e-09	1.050174e+01	6.944057e+01
1.850000e-06	1.654073e-06	1.192011e-09	1.073681e+01	7.219196e+01
1.860000e-06	1.690003e-06	1.239155e-09	1.097004e+01	7.492640e+01
1.870000e-06	1.725643e-06	1.282899e-09	1.120138e+01	7.764247e+01
1.880000e-06	1.761043e-06	1.323149e-09	1.143117e+01	8.033919e+01
1.890000e-06	1.796061e-06	1.365171e-09	1.165848e+01	8.301624e+01
1.900000e-06	1.830708e-06	1.409301e-09	1.188337e+01	8.567399e+01
1.910000e-06	1.864993e-06	1.456353e-09	1.210592e+01	8.831349e+01
1.920000e-06	1.898895e-06	1.504945e-09	1.232598e+01	9.093630e+01
1.930000e-06	1.932425e-06	1.555349e-09	1.254363e+01	9.354425e+01
1.940000e-06	1.965675e-06	1.606501e-09	1.275946e+01	9.613910e+01
1.950000e-06	1.998701e-06	1.652567e-09	1.297384e+01	9.872223e+01
1.960000e-06	2.031545e-06	1.692173e-09	1.318703e+01	1.012944e+02
1.970000e-06	2.064214e-06	1.728584e-09	1.339910e+01	1.038553e+02
1.980000e-06	2.096707e-06	1.767032e-09	1.361001e+01	1.064040e+02
1.990000e-06	2.129103e-06	1.809772e-09	1.382030e+01	1.089384e+02
2.000000e-06	2.161314e-06	1.854926e-09	1.402938e+01	1.114556e+02
2.010000e-06	2.193231e-06	1.901904e-09	1.423656e+01	1.139525e+02
2.020000e-06	2.224917e-06	1.949880e-09	1.444224e+01	1.164256e+02
2.030000e-06	2.256355e-06	1.996608e-09	1.464631e+01	1.188720e+02
2.040000e-06	2.287416e-06	2.040947e-09	1.484793e+01	1.212890e+02
2.050000e-06	2.318182e-06	2.079907e-09	1.504763e+01	1.236750e+02
2.060000e-06	2.348743e-06	2.116283e-09	1.524601e+01	1.260294e+02
2.070000e-06	2.379057e-06	2.153973e-09	1.544278e+01	1.283527e+02
2.080000e-06	2.409127e-06	2.191435e-09	1.563797e+01	1.306463e+02
2.090000e-06	2.438941e-06	2.227737e-09	1.583149e+01	1.329120e+02
2.100000e-06	2.468425e-06	2.266154e-09	1.602288e+01	1.351524e+02
2.110000e-06	2.497613e-06	2.308484e-09	1.621234e+01	1.373699e+02
2.120000e-06	2.526609e-06	2.351780e-09	1.640056e+01	1.395664e+02
2.130000e-06	2.555401e-06	2.391025e-09	1.658745e+01	1.417435e+02
2.140000e-06	2.583982e-06	2.427325e-09	1.677298e+01	1.439020e+02
2.150000e-06	2.612438e-06	2.464361e-09	1.695769e+01	1.460416e+02
2.160000e-06	2.640673e-06	2.501137e-09	1.714097e+01	1.481617e+02
2.170000e-06	2.668604e-06	2.533698e-09	1.732227e+01	1.502610e+02
2.180000e-06	2.696088e-06	2.564988e-09	1.750067e+01	1.523380e+02
2.190000e-06	2.723004e-06	2.600928e-09	1.767539e+01	1.543913e+02
2.200000e-06	2.749383e-06	2.639730e-09	1.784662e+01	1.564199e+02
2.210000e-06	2.775218e-06	2.677673e-09	1.801432e+01	1.584235e+02
2.220000e-06	2.800490e-06	2.713794e-09	1.817836e+01	1.604024e+02
2.230000e-06	2.825392e-06	2.750312e-09	1.834000e+01	1.623577e+02
2.240000e-06	2.850103e-06	2.785342e-09	1.850041e+01	1.642910e+02
2.250000e-06	2.874588e-06	2.815659e-09	1.865934e+01	1.662043e+02
2.260000e-06	2.898802e-06	2.844849e-09	1.881652e+01	1.680995e+02
2.270000e-06	2.922628e-06	2.877391e-09	1.897117e+01	1.699781e+02
2.280000e-06	2.946130e-06	2.909400e-09	1.912373e+01	1.718409e+02
2.290000e-06	2.969316e-06	2.939786e-09	1.927423e+01	1.736879e+02
2.300000e-06	2.992137e-06	2.969943e-09	1.942237e+01	1.755177e+02
2.310000e-06	3.014618e-06	3.002713e-09	1.956830e+01	1.773283e+02
2.320000e-06	3.036760e-06	3.037491e-09	1.971202e+01	1.791164e+02
2.330000e-06	3.058542e-06	3.069594e-09	1.985341e+01	1.808785e+02
2.340000e-06	3.079904e-06	3.098390e-09	1.999207e+01	1.826108e+02
2.350000e-06	3.100958e-06	3.127523e-09	2.012874e+01	1.843097e+02
2.360000e-06	3.121823e-06	3.156898e-09	2.026418e+01	1.859723e+02
2.370000e-06	3.142423e-06	3.180471e-09	2.039790e+01	1.875968e+02
2.380000e-06	3.162742e-06	3.203342e-09	2.052979e+01	1.891826e+02
2.390000e-06	3.182723e-06	3.230814e-09	2.065949e+01	1.907300e+02
2.400000e-06	3.202292e-06	3.258934e-09	2.078651e+01	1.922409e+02
2.410000e-06	3.221508e-06	3.285680e-09	2.091125e+01	1.937177e+02
2.420000e-06	3.240274e-06	3.310872e-09	2.103306e+01	1.951634e+02
2.430000e-06	3.258535e-06	3.335587e-09	2.115160e+01	1.965810e+02
2.440000e-06	3.276438e-06	3.361256e-09	2.126780e+01	1.979733e+02
2.450000e-06	3.294067e-06	3.385672e-09	2.138224e+01	1.993424e+02
2.460000e-06	3.311415e-06	3.407787e-09	2.149484e+01	2.006894e+02
2.470000e-06	3.328361e-06	3.427957e-09	2.160485e+01	2.020145e+02
2.480000e-06	3.344737e-06	3.449747e-09	2.171114e+01	2.033171e+02
2.490000e-06	3.360577e-06	3.473090e-09	2.181396e+01	2.045961e+02
2.500000e-06	3.375964e-06	3.494130e-09	2.191384e+01	2.058497e+02
2.510000e-06	3.390927e-06	3.513266e-09	2.201097e+01	2.070766e+02
2.520000e-06	3.405540e-06	3.535254e-09	2.210582e+01	2.082755e+02
2.530000e-06	3.419724e-06	3.558763e-09	2.219789e+01	2.094460e+02
2.540000e-06	3.433467e-06	3.579041e-09	2.228710e+01	2.105884e+02
2.550000e-06	3.446792e-06	3.597545e-09	2.237360e+01	2.117037e+02
2.560000e-06	3.459667e-06	3.615382e-09	2.245717e+01	2.127935e+02
2.570000e-06	3.472134e-06	3.634040e-09	2.253810e+01	2.138597e+02
2.580000e-06	3.484137e-06	3.650373e-09	2.261601e+01	2.149042e+02
2.590000e-06	3.495588e-06	3.663672e-09	2.269034e+01	2.159281e+02
2.600000e-06	3.506350e-06	3.678858e-09	2.276019e+01	2.169320e+02
2.610000e-06	3.516397e-06	3.697491e-09	2.282541e+01	2.179151e+02
2.620000e-06	3.525974e-06	3.715800e-09	2.288757e+01	2.188755e+02
2.630000e-06	3.535146e-06	3.734491e-09	2.294711e+01	2.198104e+02
2.640000e-06	3.543921e-06	3.752516e-09	2.300407e+01	2.207163e+02
2.650000e-06	3.552319e-06	3.769826e-09	2.305858e+01	2.215891e+02
2.660000e-06	3.560406e-06	3.781717e-09	2.311108e+01	2.224255e+02
2.670000e-06	3.568173e-06	3.788462e-09	2.316149e+01	2.232229e+02
2.680000e-06	3.575524e-06	3.796910e-09	2.320921e+01	2.239799e+02
2.690000e-06	3.582466e-06	3.809902e-09	2.325427e+01	2.246974e+02
2.700000e-06	3.588922e-06	3.825822e-09	2.329618e+01	2.253777e+02
2.710000e-06	3.594915e-06	3.838665e-09	2.333508e+01	2.260252e+02
2.720000e-06	3.600464e-06	3.852214e-09	2.337110e+01	2.266455e+02
2.730000e-06	3.605644e-06	3.865616e-09	2.340472e+01	2.272450e+02
2.740000e-06	3.610543e-06	3.875981e-09	2.343653e+01	2.278300e+02
2.750000e-06	3.615174e-06	3.882608e-09	2.346659e+01	2.284060e+02
2.760000e-06	3.619468e-06	3.888288e-09	2.349446e+01	2.289768e+02
2.770000e-06	3.623320e-06	3.897135e-09	2.351946e+01	2.295440e+02
2.780000e-06	3.626623e-06	3.907232e-09	2.354090e+01	2.301063e+02
2.790000e-06	3.629290e-06	3.915139e-09	2.355821e+01	2.306603e+02
2.800000e-06	3.631346e-06	3.919273e-09	2.357156e+01	2.312000e+02
2.810000e-06	3.632814e-06	3.925207e-09	2.358109e+01	2.317180e+02
2.820000e-06	3.633834e-06	3.934595e-09	2.358771e+01	2.322064e+02
2.830000e-06	3.634538e-06	3.941388e-09	2.359228e+01	2.326579e+02
2.840000e-06	3.634912e-06	3.946971e-09	2.359471e+01	2.330668e+02
2.850000e-06	3.634926e-06	3.954688e-09	2.359480e+01	2.334301e+02
2.860000e-06	3.634502e-06	3.964060e-09	2.359205e+01	2.337483e+02
2.870000e-06	3.633644e-06	3.972002e-09	2.358648e+01	2.340255e+02
2.880000e-06	3.632401e-06	3.976326e-09	2.357841e+01	2.342694e+02
2.890000e-06	3.630753e-06	3.978193e-09	2.356771e+01	2.344908e+02
2.900000e-06	3.628646e-06	3.988112e-09	2.355403e+01	2.347024e+02
2.910000e-06	3.626154e-06	4.016939e-09	2.353786e+01	2.349174e+02
2.920000e-06	3.623353e-06	3.980072e-09	2.351967e+01	2.351483e+02
2.930000e-06	3.620157e-06	3.910180e-09	2.349893e+01	2.354049e+02
2.940000e-06	3.616555e-06	4.055647e-09	2.347555e+01	2.356935e+02
2.950000e-06	3.612610e-06	4.104773e-09	2.344994e+01	2.360154e+02
2.960000e-06	3.608337e-06	3.976989e-09	2.342221e+01	2.363669e+02
2.970000e-06	3.603650e-06	3.922170e-09	2.339178e+01	2.367389e+02
2.980000e-06	3.598380e-06	4.039588e-09	2.335757e+01	2.371177e+02
2.990000e-06	3.592394e-06	4.126023e-09	2.331872e+01	2.374861e+02
3.000000e-06	3.585816e-06	3.948655e-09	2.327602e+01	2.378246e+02
3.010000e-06	3.578804e-06	4.078731e-09	2.323050e+01	2.381138e+02
3.020000e-06	3.571391e-06	4.154670e-09	2.318238e+01	2.383356e+02
3.030000e-06	3.563675e-06	4.062473e-09	2.313230e+01	2.384751e+02
3.040000e-06	3.555699e-06	4.078502e-09	2.308053e+01	2.385216e+02
3.050000e-06	3.547296e-06	4.167802e-09	2.302598e+01	2.384702e+02
3.060000e-06	3.538420e-06	3.997515e-09	2.296837e+01	2.383213e+02
3.070000e-06	3.529207e-06	3.913507e-09	2.290856e+01	2.380808e+02
3.080000e-06	3.519606e-06	4.199908e-09	2.284624e+01	2.377593e+02
3.090000e-06	3.509501e-06	4.076104e-09	2.278065e+01	2.373707e+02
3.100000e-06	3.498889e-06	3.896206e-09	2.271176e+01	2.369312e+02
3.110000e-06	3.487851e-06	4.081693e-09	2.264011e+01	2.364570e+02
3.120000e-06	3.476440e-06	4.165074e-09	2.256604e+01	2.359634e+02
3.130000e-06	3.464584e-06	3.907128e-09	2.248908e+01	2.354634e+02
3.140000e-06	3.452213e-06	3.956609e-09	2.240878e+01	2.349665e+02
3.150000e-06	3.439204e-06	4.062014e-09	2.232434e+01	2.344784e+02
3.160000e-06	3.425528e-06	4.014726e-09	2.223557e+01	2.340010e+02
3.170000e-06	3.411300e-06	3.964811e-09	2.214321e+01	2.335327e+02
3.180000e-06	3.396536e-06	3.908412e-09	2.204738e+01	2.330689e+02
3.190000e-06	3.381434e-06	3.930261e-09	2.194935e+01	2.326035e+02
3.200000e-06	3.366040e-06	4.022500e-09	2.184942e+01	2.321293e+02
3.210000e-06	3.350196e-06	3.896514e-09	2.174658e+01	2.316395e+02
3.220000e-06	3.333941e-06	3.814141e-09	2.164106e+01	2.311281e+02
3.230000e-06	3.317299e-06	4.015158e-09	2.153304e+01	2.305909e+02
3.240000e-06	3.300190e-06	3.935948e-09	2.142198e+01	2.300253e+02
3.250000e-06	3.282738e-06	3.833834e-09	2.130870e+01	2.294310e+02
3.260000e-06	3.265061e-06	3.898120e-09	2.119396e+01	2.288089e+02
3.270000e-06	3.247002e-06	3.883355e-09	2.107673e+01	2.281611e+02
3.280000e-06	3.228596e-06	3.845543e-09	2.095726e+01	2.274903e+02
3.290000e-06	3.209870e-06	3.862399e-09	2.083570e+01	2.267989e+02
3.300000e-06	3.190785e-06	3.789961e-09	2.071182e+01	2.260889e+02
3.310000e-06	3.171462e-06	3.836359e-09	2.058639e+01	2.253613e+02
3.320000e-06	3.151930e-06	3.853359e-09	2.045960e+01	2.246158e+02
3.330000e-06	3.132017e-06	3.770987e-09	2.033035e+01	2.238511e+02
3.340000e-06	3.111592e-06	3.778640e-09	2.019777e+01	2.230651e+02
3.350000e-06	3.090679e-06	3.780812e-09	2.006202e+01	2.222551e+02
3.360000e-06	3.069227e-06	3.768411e-09	1.992277e+01	2.214184e+02
3.370000e-06	3.047216e-06	3.752883e-09	1.977989e+01	2.205528e+02
3.380000e-06	3.024711e-06	3.704564e-09	1.963381e+01	2.196568e+02
3.390000e-06	3.001832e-06	3.711536e-09	1.948530e+01	2.187298e+02
3.400000e-06	2.978652e-06	3.730652e-09	1.933483e+01	2.177725e+02
3.410000e-06	2.955191e-06	3.673857e-09	1.918255e+01	2.167866e+02
3.420000e-06	2.931467e-06	3.647437e-09	1.902855e+01	2.157746e+02
3.430000e-06	2.907397e-06	3.647433e-09	1.887231e+01	2.147394e+02
3.440000e-06	2.882966e-06	3.658470e-09	1.871372e+01	2.136840e+02
3.450000e-06	2.858208e-06	3.620938e-09	1.855302e+01	2.126111e+02
3.460000e-06	2.833107e-06	3.575211e-09	1.839008e+01	2.115225e+02
3.470000e-06	2.807695e-06	3.589633e-09	1.822513e+01	2.104194e+02
3.480000e-06	2.782019e-06	3.580817e-09	1.805847e+01	2.093016e+02
3.490000e-06	2.756016e-06	3.531713e-09	1.788967e+01	2.081682e+02
3.500000e-06	2.729651e-06	3.502595e-09	1.771853e+01	2.070174e+02
3.510000e-06	2.702929e-06	3.491276e-09	1.754508e+01	2.058469e+02
3.520000e-06	2.675916e-06	3.494781e-09	1.736973e+01	2.046543e+02
3.530000e-06	2.648682e-06	3.453069e-09	1.719296e+01	2.034373e+02
3.540000e-06	2.621285e-06	3.411173e-09	1.701511e+01	2.021940e+02
3.550000e-06	2.593696e-06	3.414026e-09	1.683603e+01	2.009231e+02
3.560000e-06	2.565792e-06	3.399515e-09	1.665490e+01	1.996242e+02
3.570000e-06	2.537471e-06	3.359576e-09	1.647107e+01	1.982974e+02
3.580000e-06	2.508654e-06	3.322141e-09	1.628401e+01	1.969434e+02
3.590000e-06	2.479309e-06	3.310277e-09	1.609353e+01	1.955631e+02
3.600000e-06	2.449522e-06	3.308312e-09	1.590018e+01	1.941579e+02
3.610000e-06	2.419385e-06	3.267146e-09	1.570456e+01	1.927287e+02
3.620000e-06	2.388884e-06	3.226969e-09	1.550657e+01	1.912762e+02
3.630000e-06	2.357995e-06	3.209434e-09	1.530606e+01	1.898010e+02
3.640000e-06	2.326808e-06	3.192209e-09	1.510363e+01	1.883030e+02
3.650000e-06	2.295482e-06	3.162737e-09	1.490029e+01	1.867819e+02
3.660000e-06	2.264049e-06	3.123281e-09	1.469625e+01	1.852373e+02
3.670000e-06	2.232409e-06	3.111262e-09	1.449087e+01	1.836690e+02
3.680000e-06	2.200487e-06	3.094621e-09	1.428366e+01	1.820767e+02
3.690000e-06	2.168235e-06	3.055672e-09	1.407431e+01	1.804609e+02
3.700000e-06	2.135793e-06	3.012765e-09	1.386372e+01	1.788223e+02
3.710000e-06	2.103098e-06	2.984977e-09	1.365150e+01	1.771622e+02
3.720000e-06	2.070138e-06	2.967067e-09	1.343755e+01	1.754824e+02
3.730000e-06	2.036972e-06	2.935122e-09	1.322226e+01	1.737846e+02
3.740000e-06	2.003633e-06	2.897103e-09	1.300586e+01	1.720706e+02
3.750000e-06	1.970239e-06	2.876777e-09	1.278909e+01	1.703419e+02
3.760000e-06	1.936540e-06	2.856150e-09	1.257035e+01	1.685991e+02
3.770000e-06	1.902570e-06	2.821595e-09	1.234984e+01	1.668423e+02
3.780000e-06	1.868350e-06	2.778129e-09	1.212771e+01	1.650705e+02
3.790000e-06	1.833896e-06	2.749588e-09	1.190407e+01	1.632817e+02
3.800000e-06	1.799234e-06	2.725171e-09	1.167907e+01	1.614735e+02
3.810000e-06	1.764325e-06	2.685412e-09	1.145247e+01	1.596427e+02
3.820000e-06	1.729308e-06	2.643253e-09	1.122517e+01	1.577862e+02
3.830000e-06	1.694145e-06	2.615178e-09	1.099693e+01	1.559009e+02
3.840000e-06	1.658835e-06	2.594827e-09	1.076772e+01	1.539845e+02
3.850000e-06	1.623434e-06	2.559661e-09	1.053793e+01	1.520355e+02
3.860000e-06	1.587930e-06	2.520234e-09	1.030747e+01	1.500536e+02
3.870000e-06	1.552251e-06	2.487870e-09	1.007587e+01	1.480397e+02
3.880000e-06	1.516432e-06	2.455942e-09	9.843369e+00	1.459955e+02
3.890000e-06	1.480477e-06	2.414681e-09	9.609974e+00	1.439239e+02
3.900000e-06	1.444188e-06	2.368179e-09	9.374422e+00	1.418281e+02
3.910000e-06	1.407585e-06	2.332545e-09	9.136828e+00	1.397115e+02
3.920000e-06	1.370768e-06	2.304809e-09	8.897842e+00	1.375774e+02
3.930000e-06	1.333718e-06	2.268720e-09	8.657342e+00	1.354282e+02
3.940000e-06	1.296470e-06	2.227884e-09	8.415564e+00	1.332656e+02
3.950000e-06	1.258895e-06	2.190508e-09	8.171660e+00	1.310903e+02
3.960000e-06	1.220959e-06	2.158190e-09	7.925413e+00	1.289018e+02
3.970000e-06	1.182771e-06	2.116888e-09	7.677527e+00	1.266991e+02
3.980000e-06	1.144393e-06	2.071195e-09	7.428409e+00	1.244801e+02
3.990000e-06	1.105870e-06	2.032986e-09	7.178353e+00	1.222428e+02
4.000000e-06	1.067132e-06	2.001741e-09	6.926901e+00	1.199850e+02
4.010000e-06	1.028190e-06	1.963994e-09	6.674120e+00	1.177050e+02
4.020000e-06	9.891908e-07	1.917203e-09	6.420972e+00	1.154019e+02
4.030000e-06	9.501653e-07	1.873582e-09	6.167652e+00	1.130755e+02
4.040000e-06	9.109965e-07	1.836093e-09	5.913402e+00	1.107263e+02
4.050000e-06	8.717331e-07	1.797268e-09	5.658538e+00	1.083559e+02
4.060000e-06	8.324223e-07	1.755798e-09	5.403366e+00	1.059662e+02
4.070000e-06	7.930621e-07	1.719295e-09	5.147874e+00	1.035596e+02
4.080000e-06	7.536840e-07	1.687041e-09	4.892265e+00	1.011383e+02
4.090000e-06	7.143258e-07	1.644744e-09	4.636786e+00	9.870399e+01
4.100000e-06	6.749267e-07	1.594128e-09	4.381041e+00	9.625803e+01
4.110000e-06	6.354775e-07	1.547792e-09	4.124971e+00	9.380080e+01
4.120000e-06	5.960197e-07	1.504122e-09	3.868845e+00	9.133185e+01
4.130000e-06	5.564819e-07	1.458407e-09	3.612199e+00	8.884993e+01
4.140000e-06	5.168994e-07	1.413572e-09	3.355264e+00	8.635316e+01
4.150000e-06	4.773217e-07	1.379516e-09	3.098360e+00	8.383931e+01
4.160000e-06	4.376695e-07	1.347043e-09	2.840972e+00	8.130603e+01
4.170000e-06	3.979548e-07	1.304917e-09	2.583179e+00	7.875122e+01
4.180000e-06	3.581757e-07	1.252891e-09	2.324967e+00	7.617322e+01
4.190000e-06	3.183747e-07	1.203767e-09	2.066613e+00	7.357106e+01
4.200000e-06	2.785927e-07	1.159315e-09	1.808383e+00	7.094454e+01
4.210000e-06	2.387195e-07	1.112664e-09	1.549560e+00	6.829419e+01
4.220000e-06	1.988504e-07	1.061820e-09	1.290765e+00	6.562121e+01
4.230000e-06	1.590163e-07	1.016244e-09	1.032196e+00	6.292726e+01
4.240000e-06	1.191513e-07	9.784190e-10	7.734275e-01	6.021430e+01
4.250000e-06	7.924670e-08	9.367286e-10	5.144011e-01	5.748429e+01
4.260000e-06	3.922745e-08	8.867855e-10	2.546307e-01	5.473906e+01
4.270000e-06	-8.129595e-10	8.366329e-10	-5.277031e-03	5.198011e+01
4.280000e-06	-4.076949e-08	7.912326e-10	-2.646403e-01	4.920855e+01
4.290000e-06	-8.066319e-08	7.425692e-10	-5.235957e-01	4.642509e+01
4.300000e-06	-1.205022e-07	6.889663e-10	-7.821965e-01	4.363008e+01
4.310000e-06	-1.603766e-07	6.351315e-10	-1.041026e+00	4.082365e+01
4.320000e-06	-2.003306e-07	5.893188e-10	-1.300373e+00	3.800579e+01
4.330000e-06	-2.402751e-07	5.462793e-10	-1.559658e+00	3.517651e+01
4.340000e-06	-2.800941e-07	5.004062e-10	-1.818129e+00	3.233591e+01
4.350000e-06	-3.198956e-07	4.522695e-10	-2.076486e+00	2.948423e+01
4.360000e-06	-3.597495e-07	4.056408e-10	-2.335183e+00	2.662183e+01
4.370000e-06	-3.995426e-07	3.565861e-10	-2.593485e+00	2.374915e+01
4.380000e-06	-4.392733e-07	3.046541e-10	-2.851383e+00	2.086660e+01
4.390000e-06	-4.789775e-07	2.530687e-10	-3.109108e+00	1.797441e+01
4.400000e-06	-5.185988e-07	2.053929e-10	-3.366295e+00	1.507260e+01
4.410000e-06	-5.581443e-07	1.580125e-10	-3.622991e+00	1.216088e+01
4.420000e-06	-5.976797e-07	1.044562e-10	-3.879620e+00	9.238617e+00
4.430000e-06	-6.371867e-07	5.380347e-11	-4.136066e+00	6.304989e+00
4.440000e-06	-6.766447e-07	5.639198e-12	-4.392193e+00	3.359058e+00
4.450000e-06	-7.160626e-07	-4.111232e-11	-4.648060e+00	4.000010e-01
4.460000e-06	-7.554495e-07	-9.411755e-11	-4.903725e+00	-2.572660e+00
4.470000e-06	-7.947953e-07	-1.490654e-10	-5.159124e+00	-5.558827e+00
4.480000e-06	-8.340773e-07	-1.991120e-10	-5.414109e+00	-8.557629e+00
4.490000e-06	-8.732805e-07	-2.464761e-10	-5.668582e+00	-1.156729e+01
4.500000e-06	-9.124237e-07	-2.983015e-10	-5.922666e+00	-1.458512e+01
4.510000e-06	-9.515753e-07	-3.520000e-10	-6.176805e+00	-1.760756e+01
4.520000e-06	-9.906858e-07	-4.041458e-10	-6.430676e+00	-2.063040e+01
4.530000e-06	-1.029667e-06	-4.547854e-10	-6.683706e+00	-2.364905e+01
4.540000e-06	-1.068516e-06	-5.042694e-10	-6.935881e+00	-2.665886e+01
4.550000e-06	-1.107243e-06	-5.540024e-10	-7.187264e+00	-2.965553e+01
4.560000e-06	-1.145831e-06	-6.026410e-10	-7.437743e+00	-3.263538e+01
4.570000e-06	-1.184234e-06	-6.515813e-10	-7.687022e+00	-3.559566e+01
4.580000e-06	-1.222417e-06	-7.019213e-10	-7.934878e+00	-3.853470e+01
4.590000e-06	-1.260284e-06	-7.535267e-10	-8.180678e+00	-4.145195e+01
4.600000e-06	-1.297890e-06	-8.015841e-10	-8.424780e+00	-4.434787e+01
4.610000e-06	-1.335268e-06	-8.494297e-10	-8.667404e+00	-4.722376e+01
4.620000e-06	-1.372273e-06	-8.970720e-10	-8.907614e+00	-5.008142e+01
4.630000e-06	-1.408881e-06	-9.460324e-10	-9.145241e+00	-5.292285e+01
4.640000e-06	-1.445214e-06	-9.930023e-10	-9.381078e+00	-5.574988e+01
4.650000e-06	-1.481333e-06	-1.036921e-09	-9.615534e+00	-5.856392e+01
4.660000e-06	-1.517283e-06	-1.084251e-09	-9.848892e+00	-6.136570e+01
4.670000e-06	-1.553077e-06	-1.131819e-09	-1.008123e+01	-6.415523e+01
4.680000e-06	-1.588708e-06	-1.176124e-09	-1.031252e+01	-6.693183e+01
4.690000e-06	-1.624219e-06	-1.219361e-09	-1.054303e+01	-6.969424e+01
4.700000e-06	-1.659620e-06	-1.267850e-09	-1.077282e+01	-7.244090e+01
4.710000e-06	-1.694919e-06	-1.320392e-09	-1.100195e+01	-7.517023e+01
4.720000e-06	-1.730106e-06	-1.367987e-09	-1.123036e+01	-7.788089e+01
4.730000e-06	-1.765212e-06	-1.408202e-09	-1.145823e+01	-8.057206e+01
4.740000e-06	-1.800133e-06	-1.451447e-09	-1.168491e+01	-8.324359e+01
4.750000e-06	-1.834846e-06	-1.497395e-09	-1.191023e+01	-8.589601e+01
4.760000e-06	-1.869358e-06	-1.540401e-09	-1.213426e+01	-8.853055e+01
4.770000e-06	-1.903540e-06	-1.579287e-09	-1.235614e+01	-9.114883e+01
4.780000e-06	-1.937414e-06	-1.621409e-09	-1.257602e+01	-9.375272e+01
4.790000e-06	-1.971098e-06	-1.669338e-09	-1.279466e+01	-9.634389e+01
4.800000e-06	-2.004641e-06	-1.714603e-09	-1.301240e+01	-9.892360e+01
4.810000e-06	-2.037950e-06	-1.758738e-09	-1.322861e+01	-1.014923e+02
4.820000e-06	-2.071062e-06	-1.803146e-09	-1.344355e+01	-1.040497e+02
4.830000e-06	-2.103952e-06	-1.846915e-09	-1.365704e+01	-1.065944e+02
4.840000e-06	-2.136484e-06	-1.884867e-09	-1.386821e+01	-1.091242e+02
4.850000e-06	-2.168710e-06	-1.919593e-09	-1.407739e+01	-1.116360e+02
4.860000e-06	-2.200638e-06	-1.959636e-09	-1.428464e+01	-1.141266e+02
4.870000e-06	-2.232303e-06	-2.005581e-09	-1.449018e+01	-1.165927e+02
4.880000e-06	-2.263813e-06	-2.049410e-09	-1.469472e+01	-1.190313e+02
4.890000e-06	-2.295157e-06	-2.088195e-09	-1.489818e+01	-1.214400e+02
4.900000e-06	-2.326353e-06	-2.129565e-09	-1.510068e+01	-1.238175e+02
4.910000e-06	-2.357341e-06	-2.172564e-09	-1.530182e+01	-1.261634e+02
4.920000e-06	-2.387982e-06	-2.209998e-09	-1.550072e+01	-1.284785e+02
4.930000e-06	-2.418246e-06	-2.243284e-09	-1.569716e+01	-1.307643e+02
4.940000e-06	-2.448084e-06	-2.277889e-09	-1.589085e+01	-1.330228e+02
4.950000e-06	-2.477516e-06	-2.318895e-09	-1.608190e+01	-1.352566e+02
4.960000e-06	-2.506457e-06	-2.360290e-09	-1.626976e+01	-1.374680e+02
4.970000e-06	-2.534818e-06	-2.396805e-09	-1.645385e+01	-1.396590e+02
4.980000e-06	-2.562843e-06	-2.432311e-09	-1.663576e+01	-1.418307e+02
4.990000e-06	-2.590605e-06	-2.469504e-09	-1.681597e+01	-1.439839e+02
5.000000e-06	-2.618089e-06	-2.506749e-09	-1.699437e+01	-1.461181e+02
5.010000e-06	-2.645404e-06	-2.538984e-09	-1.717167e+01	-1.482325e+02
5.020000e-06	-2.672514e-06	-2.572872e-09	-1.734765e+01	-1.503257e+02
5.030000e-06	-2.699401e-06	-2.612371e-09	-1.752218e+01	-1.523962e+02
5.040000e-06	-2.725985e-06	-2.649468e-09	-1.769474e+01	-1.544428e+02
5.050000e-06	-2.752170e-06	-2.681311e-09	-1.786471e+01	-1.564645e+02
5.060000e-06	-2.777989e-06	-2.710678e-09	-1.803230e+01	-1.584613e+02
5.070000e-06	-2.803449e-06	-2.746108e-09	-1.819757e+01	-1.604335e+02
5.080000e-06	-2.828605e-06	-2.782007e-09	-1.836086e+01	-1.623825e+02
5.090000e-06	-2.853397e-06	-2.811261e-09	-1.852179e+01	-1.643100e+02
5.100000e-06	-2.877776e-06	-2.838591e-09	-1.868004e+01	-1.662179e+02
5.110000e-06	-2.901873e-06	-2.870257e-09	-1.883645e+01	-1.681082e+02
5.120000e-06	-2.925632e-06	-2.905401e-09	-1.899068e+01	-1.699822e+02
5.130000e-06	-2.949151e-06	-2.934992e-09	-1.914334e+01	-1.718405e+02
5.140000e-06	-2.972556e-06	-2.962614e-09	-1.929526e+01	-1.736827e+02
5.150000e-06	-2.995674e-06	-2.994369e-09	-1.944532e+01	-1.755073e+02
5.160000e-06	-3.018412e-06	-3.027452e-09	-1.959292e+01	-1.773119e+02
5.170000e-06	-3.040812e-06	-3.053350e-09	-1.973833e+01	-1.790933e+02
5.180000e-06	-3.062763e-06	-3.075845e-09	-1.988081e+01	-1.808477e+02
5.190000e-06	-3.084124e-06	-3.104668e-09	-2.001947e+01	-1.825713e+02
5.200000e-06	-3.104897e-06	-3.135299e-09	-2.015431e+01	-1.842607e+02
5.210000e-06	-3.125125e-06	-3.161743e-09	-2.028561e+01	-1.859133e+02
5.220000e-06	-3.144896e-06	-3.187964e-09	-2.041395e+01	-1.875275e+02
5.230000e-06	-3.164377e-06	-3.217332e-09	-2.054040e+01	-1.891029e+02
5.240000e-06	-3.183694e-06	-3.244128e-09	-2.066579e+01	-1.906404e+02
5.250000e-06	-3.202721e-06	-3.262398e-09	-2.078930e+01	-1.921418e+02
5.260000e-06	-3.221396e-06	-3.277511e-09	-2.091052e+01	-1.936099e+02
5.270000e-06	-3.239712e-06	-3.301391e-09	-2.102941e+01	-1.950477e+02
5.280000e-06	-3.257593e-06	-3.330321e-09	-2.114548e+01	-1.964581e+02
5.290000e-06	-3.275055e-06	-3.355607e-09	-2.125883e+01	-1.978438e+02
5.300000e-06	-3.292215e-06	-3.374936e-09	-2.137022e+01	-1.992067e+02
5.310000e-06	-3.309089e-06	-3.396699e-09	-2.147975e+01	-2.005475e+02
5.320000e-06	-3.325525e-06	-3.419606e-09	-2.158644e+01	-2.018665e+02
5.330000e-06	-3.341573e-06	-3.437902e-09	-2.169061e+01	-2.031627e+02
5.340000e-06	-3.357347e-06	-3.452413e-09	-2.179299e+01	-2.044348e+02
5.350000e-06	-3.372817e-06	-3.468329e-09	-2.189342e+01	-2.056813e+02
5.360000e-06	-3.387910e-06	-3.490288e-09	-2.199138e+01	-2.069006e+02
5.370000e-06	-3.402557e-06	-3.510457e-09	-2.208646e+01	-2.080918e+02
5.380000e-06	-3.416717e-06	-3.527396e-09	-2.217837e+01	-2.092546e+02
5.390000e-06	-3.430186e-06	-3.546514e-09	-2.226580e+01	-2.103895e+02
5.400000e-06	-3.442910e-06	-3.568414e-09	-2.234839e+01	-2.114976e+02
5.410000e-06	-3.455163e-06	-3.587715e-09	-2.242793e+01	-2.125807e+02
5.420000e-06	-3.466928e-06	-3.603126e-09	-2.250430e+01	-2.136407e+02
5.430000e-06	-3.478268e-06	-3.621599e-09	-2.257791e+01	-2.146793e+02
5.440000e-06	-3.489274e-06	-3.641990e-09	-2.264935e+01	-2.156976e+02
5.450000e-06	-3.499809e-06	-3.656499e-09	-2.271774e+01	-2.166957e+02
5.460000e-06	-3.509877e-06	-3.669217e-09	-2.278309e+01	-2.176727e+02
5.470000e-06	-3.519568e-06	-3.682848e-09	-2.284599e+01	-2.186264e+02
5.480000e-06	-3.528902e-06	-3.699512e-09	-2.290658e+01	-2.195538e+02
5.490000e-06	-3.537891e-06	-3.714090e-09	-2.296493e+01	-2.204511e+02
5.500000e-06	-3.546439e-06	-3.724854e-09	-2.302042e+01	-2.213145e+02
5.510000e-06	-3.554488e-06	-3.737614e-09	-2.307267e+01	-2.221407e+02
5.520000e-06	-3.562253e-06	-3.752332e-09	-2.312307e+01	-2.229274e+02
5.530000e-06	-3.569758e-06	-3.767588e-09	-2.317178e+01	-2.236738e+02
5.540000e-06	-3.576985e-06	-3.778658e-09	-2.321870e+01	-2.243810e+02
5.550000e-06	-3.583760e-06	-3.786727e-09	-2.326267e+01	-2.250520e+02
5.560000e-06	-3.590005e-06	-3.798055e-09	-2.330321e+01	-2.256915e+02
5.570000e-06	-3.595713e-06	-3.810969e-09	-2.334026e+01	-2.263054e+02
5.580000e-06	-3.600719e-06	-3.821887e-09	-2.337276e+01	-2.269000e+02
5.590000e-06	-3.605101e-06	-3.830226e-09	-2.340120e+01	-2.274817e+02
5.600000e-06	-3.609018e-06	-3.840769e-09	-2.342663e+01	-2.280555e+02
5.610000e-06	-3.612615e-06	-3.854316e-09	-2.344997e+01	-2.286247e+02
5.620000e-06	-3.615929e-06	-3.864294e-09	-2.347148e+01	-2.291902e+02
5.630000e-06	-3.618913e-06	-3.871757e-09	-2.349086e+01	-2.297503e+02
5.640000e-06	-3.621532e-06	-3.882676e-09	-2.350786e+01	-2.303006e+02
5.650000e-06	-3.623731e-06	-3.894337e-09	-2.352213e+01	-2.308350e+02
5.660000e-06	-3.625527e-06	-3.901496e-09	-2.353379e+01	-2.313457e+02
5.670000e-06	-3.626946e-06	-3.908621e-09	-2.354300e+01	-2.318250e+02
5.680000e-06	-3.627938e-06	-3.920398e-09	-2.354944e+01	-2.322656e+02
5.690000e-06	-3.628387e-06	-3.930490e-09	-2.355235e+01	-2.326626e+02
