# Temperatura_=_20.0
# Concentracion g/m^3_=_12000.0
# C_Vs_to_Am_M_A/Vsm_=_59384043850.047264
# pendiente_HvsI_1/m_=_3716.3
# ordenada_HvsI_A/m_=_1297.0
# frecuencia_Hz_=_175591.58550120474

Tiempo_(s)	Campo_(V.s)	Magnetizacion_(V.s)	Campo_(kA/m)	Magnetizacion_(A/m)
0.000000e+00	-3.626268e-06	-3.898328e-09	-2.355240e+01	-2.289229e+02
1.000000e-08	-3.625957e-06	-3.898795e-09	-2.355038e+01	-2.291281e+02
2.000000e-08	-3.625443e-06	-3.895719e-09	-2.354704e+01	-2.293104e+02
3.000000e-08	-3.624647e-06	-3.898333e-09	-2.354188e+01	-2.294870e+02
4.000000e-08	-3.623511e-06	-3.905622e-09	-2.353449e+01	-2.296743e+02
5.000000e-08	-3.621846e-06	-3.915810e-09	-2.352368e+01	-2.298861e+02
6.000000e-08	-3.619477e-06	-3.937946e-09	-2.350829e+01	-2.301320e+02
7.000000e-08	-3.616378e-06	-3.977067e-09	-2.348817e+01	-2.304163e+02
8.000000e-08	-3.612616e-06	-3.919403e-09	-2.346373e+01	-2.307377e+02
9.000000e-08	-3.608351e-06	-3.758484e-09	-2.343603e+01	-2.310889e+02
1.000000e-07	-3.603797e-06	-3.833441e-09	-2.340645e+01	-2.314582e+02
1.100000e-07	-3.599078e-06	-4.103481e-09	-2.337581e+01	-2.318304e+02
1.200000e-07	-3.594054e-06	-4.080755e-09	-2.334317e+01	-2.321885e+02
1.300000e-07	-3.588543e-06	-3.756700e-09	-2.330738e+01	-2.325159e+02
1.400000e-07	-3.582594e-06	-3.806242e-09	-2.326874e+01	-2.327979e+02
1.500000e-07	-3.576261e-06	-4.113890e-09	-2.322761e+01	-2.330231e+02
1.600000e-07	-3.569471e-06	-3.928571e-09	-2.318351e+01	-2.331847e+02
1.700000e-07	-3.562165e-06	-3.702211e-09	-2.313606e+01	-2.332807e+02
1.800000e-07	-3.554602e-06	-3.808078e-09	-2.308694e+01	-2.333138e+02
1.900000e-07	-3.546699e-06	-3.945956e-09	-2.303560e+01	-2.332906e+02
2.000000e-07	-3.538297e-06	-3.867464e-09	-2.298104e+01	-2.332204e+02
2.100000e-07	-3.529648e-06	-3.939976e-09	-2.292486e+01	-2.331142e+02
2.200000e-07	-3.520661e-06	-3.831816e-09	-2.286649e+01	-2.329822e+02
2.300000e-07	-3.510970e-06	-3.639360e-09	-2.280355e+01	-2.328336e+02
2.400000e-07	-3.500606e-06	-3.912315e-09	-2.273624e+01	-2.326745e+02
2.500000e-07	-3.489795e-06	-4.039115e-09	-2.266602e+01	-2.325081e+02
2.600000e-07	-3.478413e-06	-3.725693e-09	-2.259209e+01	-2.323337e+02
2.700000e-07	-3.466509e-06	-3.640271e-09	-2.251478e+01	-2.321477e+02
2.800000e-07	-3.454224e-06	-4.032286e-09	-2.243498e+01	-2.319440e+02
2.900000e-07	-3.441550e-06	-3.965527e-09	-2.235267e+01	-2.317149e+02
3.000000e-07	-3.428361e-06	-3.634455e-09	-2.226701e+01	-2.314527e+02
3.100000e-07	-3.414672e-06	-3.669384e-09	-2.217810e+01	-2.311504e+02
3.200000e-07	-3.400573e-06	-3.933688e-09	-2.208652e+01	-2.308028e+02
3.300000e-07	-3.386084e-06	-3.892212e-09	-2.199242e+01	-2.304071e+02
3.400000e-07	-3.371242e-06	-3.685001e-09	-2.189602e+01	-2.299635e+02
3.500000e-07	-3.355827e-06	-3.697885e-09	-2.179590e+01	-2.294744e+02
3.600000e-07	-3.339467e-06	-3.877615e-09	-2.168965e+01	-2.289446e+02
3.700000e-07	-3.322572e-06	-3.828373e-09	-2.157992e+01	-2.283804e+02
3.800000e-07	-3.305326e-06	-3.655782e-09	-2.146790e+01	-2.277882e+02
3.900000e-07	-3.287646e-06	-3.713133e-09	-2.135307e+01	-2.271744e+02
4.000000e-07	-3.269728e-06	-3.792199e-09	-2.123670e+01	-2.265440e+02
4.100000e-07	-3.251547e-06	-3.764221e-09	-2.111861e+01	-2.259005e+02
4.200000e-07	-3.233061e-06	-3.693411e-09	-2.099854e+01	-2.252450e+02
4.300000e-07	-3.214158e-06	-3.666508e-09	-2.087577e+01	-2.245770e+02
4.400000e-07	-3.194726e-06	-3.695805e-09	-2.074956e+01	-2.238941e+02
4.500000e-07	-3.174815e-06	-3.742163e-09	-2.062024e+01	-2.231929e+02
4.600000e-07	-3.154606e-06	-3.654278e-09	-2.048899e+01	-2.224696e+02
4.700000e-07	-3.134204e-06	-3.611188e-09	-2.035648e+01	-2.217206e+02
4.800000e-07	-3.113614e-06	-3.681643e-09	-2.022274e+01	-2.209431e+02
4.900000e-07	-3.092788e-06	-3.692817e-09	-2.008748e+01	-2.201359e+02
5.000000e-07	-3.071649e-06	-3.601873e-09	-1.995019e+01	-2.192991e+02
5.100000e-07	-3.050066e-06	-3.569692e-09	-1.981000e+01	-2.184343e+02
5.200000e-07	-3.028044e-06	-3.604997e-09	-1.966697e+01	-2.175443e+02
5.300000e-07	-3.005591e-06	-3.608002e-09	-1.952114e+01	-2.166326e+02
5.400000e-07	-2.982864e-06	-3.546098e-09	-1.937353e+01	-2.157030e+02
5.500000e-07	-2.959914e-06	-3.504709e-09	-1.922447e+01	-2.147585e+02
5.600000e-07	-2.936609e-06	-3.542825e-09	-1.907311e+01	-2.138015e+02
5.700000e-07	-2.912868e-06	-3.559558e-09	-1.891891e+01	-2.128330e+02
5.800000e-07	-2.888753e-06	-3.492667e-09	-1.876228e+01	-2.118525e+02
5.900000e-07	-2.864409e-06	-3.450243e-09	-1.860417e+01	-2.108582e+02
6.000000e-07	-2.839879e-06	-3.491041e-09	-1.844485e+01	-2.098473e+02
6.100000e-07	-2.815112e-06	-3.492162e-09	-1.828399e+01	-2.088164e+02
6.200000e-07	-2.790034e-06	-3.423498e-09	-1.812111e+01	-2.077619e+02
6.300000e-07	-2.764536e-06	-3.384760e-09	-1.795550e+01	-2.066806e+02
6.400000e-07	-2.738497e-06	-3.413901e-09	-1.778638e+01	-2.055702e+02
6.500000e-07	-2.711843e-06	-3.417051e-09	-1.761326e+01	-2.044296e+02
6.600000e-07	-2.684624e-06	-3.360538e-09	-1.743648e+01	-2.032588e+02
6.700000e-07	-2.656979e-06	-3.320400e-09	-1.725692e+01	-2.020592e+02
6.800000e-07	-2.628957e-06	-3.343927e-09	-1.707493e+01	-2.008328e+02
6.900000e-07	-2.600658e-06	-3.346074e-09	-1.689113e+01	-1.995823e+02
7.000000e-07	-2.572203e-06	-3.289727e-09	-1.670631e+01	-1.983103e+02
7.100000e-07	-2.543597e-06	-3.243926e-09	-1.652052e+01	-1.970192e+02
7.200000e-07	-2.514789e-06	-3.256551e-09	-1.633341e+01	-1.957104e+02
7.300000e-07	-2.485695e-06	-3.251935e-09	-1.614445e+01	-1.943844e+02
7.400000e-07	-2.456193e-06	-3.200003e-09	-1.595283e+01	-1.930408e+02
7.500000e-07	-2.426415e-06	-3.159832e-09	-1.575943e+01	-1.916779e+02
7.600000e-07	-2.396449e-06	-3.169546e-09	-1.556480e+01	-1.902936e+02
7.700000e-07	-2.366129e-06	-3.170626e-09	-1.536787e+01	-1.888857e+02
7.800000e-07	-2.335542e-06	-3.124416e-09	-1.516921e+01	-1.874517e+02
7.900000e-07	-2.304775e-06	-3.078398e-09	-1.496938e+01	-1.859900e+02
8.000000e-07	-2.273705e-06	-3.072967e-09	-1.476758e+01	-1.844999e+02
8.100000e-07	-2.242295e-06	-3.062855e-09	-1.456358e+01	-1.829813e+02
8.200000e-07	-2.210668e-06	-3.009442e-09	-1.435816e+01	-1.814357e+02
8.300000e-07	-2.178927e-06	-2.961658e-09	-1.415201e+01	-1.798651e+02
8.400000e-07	-2.146984e-06	-2.956726e-09	-1.394454e+01	-1.782720e+02
8.500000e-07	-2.114750e-06	-2.955621e-09	-1.373518e+01	-1.766592e+02
8.600000e-07	-2.082337e-06	-2.915084e-09	-1.352466e+01	-1.750292e+02
8.700000e-07	-2.049818e-06	-2.871431e-09	-1.331345e+01	-1.733837e+02
8.800000e-07	-2.017173e-06	-2.856640e-09	-1.310142e+01	-1.717235e+02
8.900000e-07	-1.984284e-06	-2.849468e-09	-1.288781e+01	-1.700483e+02
9.000000e-07	-1.951068e-06	-2.807451e-09	-1.267208e+01	-1.683565e+02
9.100000e-07	-1.917539e-06	-2.758938e-09	-1.245431e+01	-1.666459e+02
9.200000e-07	-1.883723e-06	-2.739710e-09	-1.223467e+01	-1.649135e+02
9.300000e-07	-1.849634e-06	-2.729957e-09	-1.201327e+01	-1.631565e+02
9.400000e-07	-1.815184e-06	-2.690948e-09	-1.178952e+01	-1.613721e+02
9.500000e-07	-1.780312e-06	-2.645629e-09	-1.156303e+01	-1.595584e+02
9.600000e-07	-1.745095e-06	-2.627781e-09	-1.133429e+01	-1.577146e+02
9.700000e-07	-1.709615e-06	-2.616004e-09	-1.110385e+01	-1.558410e+02
9.800000e-07	-1.673841e-06	-2.578673e-09	-1.087150e+01	-1.539391e+02
9.900000e-07	-1.637800e-06	-2.533694e-09	-1.063742e+01	-1.520111e+02
1.000000e-06	-1.601599e-06	-2.510143e-09	-1.040229e+01	-1.500602e+02
1.010000e-06	-1.565260e-06	-2.490373e-09	-1.016628e+01	-1.480894e+02
1.020000e-06	-1.528813e-06	-2.446763e-09	-9.929554e+00	-1.461014e+02
1.030000e-06	-1.492288e-06	-2.396304e-09	-9.692327e+00	-1.440985e+02
1.040000e-06	-1.455696e-06	-2.367726e-09	-9.454664e+00	-1.420815e+02
1.050000e-06	-1.419022e-06	-2.349638e-09	-9.216470e+00	-1.400505e+02
1.060000e-06	-1.382209e-06	-2.317922e-09	-8.977367e+00	-1.380040e+02
1.070000e-06	-1.345229e-06	-2.278928e-09	-8.737188e+00	-1.359401e+02
1.080000e-06	-1.308060e-06	-2.254279e-09	-8.495774e+00	-1.338559e+02
1.090000e-06	-1.270711e-06	-2.231020e-09	-8.253193e+00	-1.317486e+02
1.100000e-06	-1.233095e-06	-2.189695e-09	-8.008882e+00	-1.296158e+02
1.110000e-06	-1.195405e-06	-2.135605e-09	-7.764085e+00	-1.274558e+02
1.120000e-06	-1.157613e-06	-2.095824e-09	-7.518631e+00	-1.252679e+02
1.130000e-06	-1.119464e-06	-2.069188e-09	-7.270856e+00	-1.230529e+02
1.140000e-06	-1.081165e-06	-2.033114e-09	-7.022106e+00	-1.208125e+02
1.150000e-06	-1.042855e-06	-1.987006e-09	-6.773283e+00	-1.185496e+02
1.160000e-06	-1.004466e-06	-1.953792e-09	-6.523947e+00	-1.162675e+02
1.170000e-06	-9.658844e-07	-1.930889e-09	-6.273364e+00	-1.139697e+02
1.180000e-06	-9.272496e-07	-1.896584e-09	-6.022433e+00	-1.116596e+02
1.190000e-06	-8.885999e-07	-1.850954e-09	-5.771405e+00	-1.093393e+02
1.200000e-06	-8.498086e-07	-1.811306e-09	-5.519458e+00	-1.070104e+02
1.210000e-06	-8.109602e-07	-1.779408e-09	-5.267140e+00	-1.046728e+02
1.220000e-06	-7.720443e-07	-1.736943e-09	-5.014383e+00	-1.023252e+02
1.230000e-06	-7.330645e-07	-1.685685e-09	-4.761212e+00	-9.996526e+01
1.240000e-06	-6.940246e-07	-1.644710e-09	-4.507650e+00	-9.758999e+01
1.250000e-06	-6.548415e-07	-1.615067e-09	-4.253158e+00	-9.519599e+01
1.260000e-06	-6.156219e-07	-1.579685e-09	-3.998429e+00	-9.278010e+01
1.270000e-06	-5.762877e-07	-1.536374e-09	-3.742956e+00	-9.033979e+01
1.280000e-06	-5.368204e-07	-1.497274e-09	-3.486618e+00	-8.787350e+01
1.290000e-06	-4.972918e-07	-1.462860e-09	-3.229882e+00	-8.538086e+01
1.300000e-06	-4.576599e-07	-1.416730e-09	-2.972475e+00	-8.286271e+01
1.310000e-06	-4.179986e-07	-1.362133e-09	-2.714877e+00	-8.032093e+01
1.320000e-06	-3.783168e-07	-1.317589e-09	-2.457146e+00	-7.775816e+01
1.330000e-06	-3.385331e-07	-1.281674e-09	-2.198753e+00	-7.517742e+01
1.340000e-06	-2.986529e-07	-1.241423e-09	-1.939733e+00	-7.258165e+01
1.350000e-06	-2.588114e-07	-1.196769e-09	-1.680965e+00	-6.997335e+01
1.360000e-06	-2.190756e-07	-1.156878e-09	-1.422884e+00	-6.735421e+01
1.370000e-06	-1.792991e-07	-1.122869e-09	-1.164537e+00	-6.472502e+01
1.380000e-06	-1.393641e-07	-1.081833e-09	-9.051621e-01	-6.208557e+01
1.390000e-06	-9.944321e-08	-1.030417e-09	-6.458780e-01	-5.943482e+01
1.400000e-06	-5.959255e-08	-9.798391e-10	-3.870502e-01	-5.677119e+01
1.410000e-06	-1.970728e-08	-9.375715e-10	-1.279977e-01	-5.409286e+01
1.420000e-06	2.028324e-08	-8.956382e-10	1.317385e-01	-5.139818e+01
1.430000e-06	6.022196e-08	-8.479096e-10	3.911382e-01	-4.868595e+01
1.440000e-06	1.000822e-07	-8.039519e-10	6.500279e-01	-4.595570e+01
1.450000e-06	1.400544e-07	-7.620262e-10	9.096452e-01	-4.320774e+01
1.460000e-06	1.799499e-07	-7.158785e-10	1.168764e+00	-4.044313e+01
1.470000e-06	2.198010e-07	-6.646450e-10	1.427595e+00	-3.766351e+01
1.480000e-06	2.597217e-07	-6.174587e-10	1.686877e+00	-3.487074e+01
1.490000e-06	2.996019e-07	-5.766352e-10	1.945897e+00	-3.206655e+01
1.500000e-06	3.393312e-07	-5.332005e-10	2.203937e+00	-2.925224e+01
1.510000e-06	3.790789e-07	-4.843535e-10	2.462095e+00	-2.642832e+01
1.520000e-06	4.188148e-07	-4.349560e-10	2.720178e+00	-2.359438e+01
1.530000e-06	4.583963e-07	-3.881803e-10	2.977258e+00	-2.074908e+01
1.540000e-06	4.979427e-07	-3.380848e-10	3.234109e+00	-1.789032e+01
1.550000e-06	5.374128e-07	-2.848476e-10	3.490465e+00	-1.501551e+01
1.560000e-06	5.768484e-07	-2.325450e-10	3.746597e+00	-1.212207e+01
1.570000e-06	6.161258e-07	-1.883002e-10	4.001702e+00	-9.207813e+00
1.580000e-06	6.552345e-07	-1.468931e-10	4.255711e+00	-6.271477e+00
1.590000e-06	6.942630e-07	-1.003209e-10	4.509198e+00	-3.313041e+00
1.600000e-06	7.332713e-07	-5.072487e-11	4.762555e+00	-3.339565e-01
1.610000e-06	7.722036e-07	-8.035407e-13	5.015418e+00	2.662825e+00
1.620000e-06	8.110196e-07	5.203824e-11	5.267526e+00	5.673028e+00
1.630000e-06	8.497505e-07	1.123013e-10	5.519081e+00	8.691395e+00
1.640000e-06	8.883981e-07	1.699924e-10	5.770095e+00	1.171218e+01
1.650000e-06	9.270399e-07	2.166582e-10	6.021071e+00	1.472967e+01
1.660000e-06	9.655741e-07	2.592725e-10	6.271349e+00	1.773878e+01
1.670000e-06	1.003986e-06	3.056326e-10	6.520834e+00	2.073543e+01
1.680000e-06	1.042258e-06	3.521390e-10	6.769407e+00	2.371690e+01
1.690000e-06	1.080359e-06	3.980824e-10	7.016869e+00	2.668189e+01
1.700000e-06	1.118375e-06	4.452766e-10	7.263782e+00	2.963046e+01
1.710000e-06	1.156306e-06	4.979146e-10	7.510144e+00	3.256365e+01
1.720000e-06	1.194070e-06	5.525061e-10	7.755416e+00	3.548315e+01
1.730000e-06	1.231668e-06	6.025616e-10	7.999613e+00	3.839065e+01
1.740000e-06	1.269033e-06	6.498207e-10	8.242297e+00	4.128744e+01
1.750000e-06	1.306190e-06	6.973862e-10	8.483629e+00	4.417395e+01
1.760000e-06	1.343221e-06	7.459894e-10	8.724141e+00	4.704945e+01
1.770000e-06	1.380148e-06	7.918104e-10	8.963980e+00	4.991208e+01
1.780000e-06	1.416990e-06	8.351598e-10	9.203271e+00	5.275893e+01
1.790000e-06	1.453732e-06	8.809665e-10	9.441907e+00	5.558642e+01
1.800000e-06	1.490366e-06	9.298749e-10	9.679842e+00	5.839086e+01
1.810000e-06	1.526892e-06	9.778002e-10	9.917077e+00	6.116891e+01
1.820000e-06	1.563322e-06	1.022357e-09	1.015369e+01	6.391826e+01
1.830000e-06	1.599637e-06	1.067208e-09	1.038955e+01	6.663795e+01
1.840000e-06	1.635833e-06	1.115274e-09	1.062464e+01	6.932872e+01
1.850000e-06	1.671867e-06	1.162035e-09	1.085868e+01	7.199297e+01
1.860000e-06	1.707737e-06	1.204742e-09	1.109165e+01	7.463454e+01
1.870000e-06	1.743410e-06	1.247026e-09	1.132335e+01	7.725826e+01
1.880000e-06	1.778719e-06	1.290544e-09	1.155268e+01	7.986930e+01
1.890000e-06	1.813580e-06	1.333144e-09	1.177910e+01	8.247247e+01
1.900000e-06	1.847985e-06	1.374558e-09	1.200255e+01	8.507151e+01
1.910000e-06	1.882092e-06	1.417544e-09	1.222408e+01	8.766850e+01
1.920000e-06	1.915881e-06	1.464848e-09	1.244354e+01	9.026348e+01
1.930000e-06	1.949222e-06	1.514013e-09	1.266008e+01	9.285437e+01
1.940000e-06	1.982309e-06	1.562253e-09	1.287499e+01	9.543715e+01
1.950000e-06	2.015175e-06	1.607147e-09	1.308844e+01	9.800629e+01
1.960000e-06	2.047857e-06	1.650118e-09	1.330071e+01	1.005555e+02
1.970000e-06	2.080385e-06	1.690872e-09	1.351198e+01	1.030784e+02
1.980000e-06	2.112777e-06	1.728196e-09	1.372237e+01	1.055697e+02
1.990000e-06	2.145084e-06	1.765344e-09	1.393219e+01	1.080253e+02
2.000000e-06	2.177245e-06	1.805899e-09	1.414108e+01	1.104435e+02
2.010000e-06	2.209148e-06	1.851281e-09	1.434829e+01	1.128248e+02
2.020000e-06	2.240722e-06	1.897506e-09	1.455336e+01	1.151718e+02
2.030000e-06	2.271928e-06	1.941661e-09	1.475604e+01	1.174892e+02
2.040000e-06	2.302783e-06	1.984591e-09	1.495644e+01	1.197827e+02
2.050000e-06	2.333382e-06	2.024964e-09	1.515518e+01	1.220585e+02
2.060000e-06	2.363804e-06	2.061183e-09	1.535277e+01	1.243222e+02
2.070000e-06	2.394000e-06	2.094977e-09	1.554889e+01	1.265782e+02
2.080000e-06	2.423887e-06	2.129270e-09	1.574300e+01	1.288289e+02
2.090000e-06	2.453596e-06	2.165676e-09	1.593597e+01	1.310743e+02
2.100000e-06	2.482979e-06	2.204502e-09	1.612680e+01	1.333123e+02
2.110000e-06	2.511930e-06	2.246148e-09	1.631484e+01	1.355388e+02
2.120000e-06	2.540665e-06	2.287577e-09	1.650147e+01	1.377481e+02
2.130000e-06	2.569265e-06	2.327104e-09	1.668723e+01	1.399341e+02
2.140000e-06	2.597739e-06	2.364821e-09	1.687217e+01	1.420908e+02
2.150000e-06	2.626036e-06	2.400475e-09	1.705595e+01	1.442134e+02
2.160000e-06	2.654163e-06	2.435580e-09	1.723864e+01	1.462990e+02
2.170000e-06	2.682014e-06	2.468355e-09	1.741953e+01	1.483467e+02
2.180000e-06	2.709226e-06	2.501561e-09	1.759627e+01	1.503581e+02
2.190000e-06	2.735798e-06	2.536888e-09	1.776885e+01	1.523367e+02
2.200000e-06	2.761803e-06	2.571878e-09	1.793775e+01	1.542874e+02
2.210000e-06	2.787275e-06	2.606330e-09	1.810319e+01	1.562161e+02
2.220000e-06	2.812318e-06	2.642106e-09	1.826584e+01	1.581282e+02
2.230000e-06	2.837029e-06	2.679647e-09	1.842634e+01	1.600282e+02
2.240000e-06	2.861597e-06	2.715364e-09	1.858591e+01	1.619188e+02
2.250000e-06	2.885975e-06	2.750097e-09	1.874424e+01	1.638004e+02
2.260000e-06	2.910043e-06	2.785243e-09	1.890056e+01	1.656711e+02
2.270000e-06	2.933677e-06	2.817324e-09	1.905406e+01	1.675269e+02
2.280000e-06	2.956926e-06	2.845904e-09	1.920507e+01	1.693622e+02
2.290000e-06	2.979824e-06	2.873445e-09	1.935378e+01	1.711707e+02
2.300000e-06	3.002354e-06	2.902116e-09	1.950012e+01	1.729463e+02
2.310000e-06	3.024592e-06	2.934113e-09	1.964455e+01	1.746838e+02
2.320000e-06	3.046469e-06	2.967221e-09	1.978664e+01	1.763801e+02
2.330000e-06	3.067941e-06	2.998357e-09	1.992610e+01	1.780345e+02
2.340000e-06	3.089082e-06	3.028382e-09	2.006341e+01	1.796486e+02
2.350000e-06	3.109952e-06	3.057211e-09	2.019896e+01	1.812267e+02
2.360000e-06	3.130597e-06	3.081471e-09	2.033305e+01	1.827744e+02
2.370000e-06	3.151041e-06	3.102056e-09	2.046583e+01	1.842985e+02
2.380000e-06	3.171224e-06	3.124824e-09	2.059692e+01	1.858056e+02
2.390000e-06	3.191028e-06	3.150517e-09	2.072554e+01	1.873011e+02
2.400000e-06	3.210385e-06	3.175625e-09	2.085126e+01	1.887885e+02
2.410000e-06	3.229273e-06	3.199852e-09	2.097394e+01	1.902684e+02
2.420000e-06	3.247666e-06	3.224952e-09	2.109340e+01	1.917388e+02
2.430000e-06	3.265767e-06	3.251722e-09	2.121097e+01	1.931948e+02
2.440000e-06	3.283557e-06	3.278898e-09	2.132651e+01	1.946296e+02
2.450000e-06	3.300957e-06	3.303423e-09	2.143953e+01	1.960352e+02
2.460000e-06	3.318075e-06	3.325786e-09	2.155071e+01	1.974033e+02
2.470000e-06	3.334754e-06	3.348210e-09	2.165904e+01	1.987272e+02
2.480000e-06	3.350834e-06	3.369601e-09	2.176347e+01	2.000019e+02
2.490000e-06	3.366391e-06	3.387563e-09	2.186452e+01	2.012256e+02
2.500000e-06	3.381467e-06	3.403293e-09	2.196243e+01	2.023999e+02
2.510000e-06	3.396156e-06	3.422955e-09	2.205784e+01	2.035294e+02
2.520000e-06	3.410516e-06	3.445205e-09	2.215110e+01	2.046216e+02
2.530000e-06	3.424493e-06	3.464490e-09	2.224189e+01	2.056857e+02
2.540000e-06	3.438034e-06	3.484127e-09	2.232983e+01	2.067317e+02
2.550000e-06	3.451122e-06	3.506672e-09	2.241484e+01	2.077686e+02
2.560000e-06	3.463781e-06	3.528692e-09	2.249706e+01	2.088035e+02
2.570000e-06	3.476021e-06	3.545146e-09	2.257656e+01	2.098405e+02
2.580000e-06	3.487829e-06	3.554663e-09	2.265325e+01	2.108804e+02
2.590000e-06	3.499102e-06	3.564732e-09	2.272646e+01	2.119200e+02
2.600000e-06	3.509729e-06	3.581770e-09	2.279549e+01	2.129530e+02
2.610000e-06	3.519642e-06	3.599188e-09	2.285987e+01	2.139706e+02
2.620000e-06	3.528887e-06	3.614166e-09	2.291992e+01	2.149628e+02
2.630000e-06	3.537684e-06	3.633241e-09	2.297705e+01	2.159200e+02
2.640000e-06	3.546235e-06	3.655110e-09	2.303259e+01	2.168338e+02
2.650000e-06	3.554547e-06	3.670382e-09	2.308658e+01	2.176987e+02
2.660000e-06	3.562555e-06	3.678740e-09	2.313859e+01	2.185130e+02
2.670000e-06	3.570032e-06	3.687232e-09	2.318716e+01	2.192786e+02
2.680000e-06	3.577053e-06	3.700462e-09	2.323275e+01	2.200010e+02
2.690000e-06	3.583801e-06	3.714092e-09	2.327658e+01	2.206888e+02
2.700000e-06	3.590133e-06	3.722250e-09	2.331771e+01	2.213521e+02
2.710000e-06	3.595885e-06	3.730949e-09	2.335506e+01	2.220013e+02
2.720000e-06	3.601135e-06	3.744314e-09	2.338916e+01	2.226455e+02
2.730000e-06	3.606089e-06	3.758828e-09	2.342134e+01	2.232911e+02
2.740000e-06	3.610789e-06	3.769820e-09	2.345187e+01	2.239409e+02
2.750000e-06	3.615241e-06	3.778674e-09	2.348078e+01	2.245932e+02
2.760000e-06	3.619375e-06	3.788947e-09	2.350763e+01	2.252423e+02
2.770000e-06	3.623062e-06	3.799893e-09	2.353158e+01	2.258787e+02
2.780000e-06	3.626169e-06	3.805941e-09	2.355176e+01	2.264908e+02
2.790000e-06	3.628545e-06	3.809679e-09	2.356719e+01	2.270658e+02
2.800000e-06	3.630233e-06	3.816877e-09	2.357815e+01	2.275920e+02
2.810000e-06	3.631324e-06	3.823968e-09	2.358524e+01	2.280601e+02
2.820000e-06	3.632016e-06	3.827487e-09	2.358974e+01	2.284649e+02
2.830000e-06	3.632543e-06	3.830006e-09	2.359316e+01	2.288060e+02
2.840000e-06	3.632796e-06	3.834887e-09	2.359480e+01	2.290882e+02
2.850000e-06	3.632629e-06	3.844404e-09	2.359372e+01	2.293216e+02
2.860000e-06	3.631992e-06	3.854046e-09	2.358958e+01	2.295199e+02
2.870000e-06	3.630891e-06	3.862257e-09	2.358243e+01	2.296995e+02
2.880000e-06	3.629458e-06	3.869159e-09	2.357312e+01	2.298777e+02
2.890000e-06	3.627679e-06	3.872494e-09	2.356157e+01	2.300704e+02
2.900000e-06	3.625437e-06	3.858210e-09	2.354701e+01	2.302904e+02
2.910000e-06	3.622761e-06	3.803878e-09	2.352962e+01	2.305462e+02
2.920000e-06	3.619799e-06	3.849397e-09	2.351039e+01	2.308405e+02
2.930000e-06	3.616546e-06	4.069673e-09	2.348926e+01	2.311706e+02
2.940000e-06	3.612753e-06	3.993212e-09	2.346463e+01	2.315280e+02
2.950000e-06	3.608469e-06	3.689133e-09	2.343680e+01	2.319000e+02
2.960000e-06	3.604063e-06	3.706855e-09	2.340818e+01	2.322706e+02
2.970000e-06	3.599405e-06	4.038550e-09	2.337793e+01	2.326230e+02
2.980000e-06	3.593762e-06	4.028776e-09	2.334128e+01	2.329407e+02
2.990000e-06	3.587191e-06	3.737322e-09	2.329860e+01	2.332098e+02
3.000000e-06	3.580359e-06	3.960197e-09	2.325423e+01	2.334200e+02
3.010000e-06	3.573271e-06	4.191426e-09	2.320819e+01	2.335656e+02
3.020000e-06	3.565646e-06	4.030503e-09	2.315867e+01	2.336458e+02
3.030000e-06	3.557771e-06	3.900051e-09	2.310752e+01	2.336645e+02
3.040000e-06	3.549817e-06	4.046527e-09	2.305586e+01	2.336290e+02
3.050000e-06	3.541371e-06	3.930437e-09	2.300100e+01	2.335492e+02
3.060000e-06	3.532294e-06	3.983864e-09	2.294204e+01	2.334360e+02
3.070000e-06	3.522826e-06	4.261045e-09	2.288055e+01	2.332995e+02
3.080000e-06	3.512979e-06	3.950930e-09	2.281660e+01	2.331482e+02
3.090000e-06	3.502617e-06	3.736902e-09	2.274929e+01	2.329876e+02
3.100000e-06	3.491795e-06	4.128784e-09	2.267901e+01	2.328198e+02
3.110000e-06	3.480572e-06	4.235332e-09	2.260612e+01	2.326433e+02
3.120000e-06	3.468993e-06	3.770338e-09	2.253091e+01	2.324540e+02
3.130000e-06	3.456921e-06	3.898071e-09	2.245250e+01	2.322450e+02
3.140000e-06	3.444148e-06	4.266772e-09	2.236954e+01	2.320088e+02
3.150000e-06	3.430750e-06	4.095943e-09	2.228252e+01	2.317376e+02
3.160000e-06	3.416869e-06	3.792168e-09	2.219237e+01	2.314248e+02
3.170000e-06	3.402296e-06	3.890216e-09	2.209772e+01	2.310657e+02
3.180000e-06	3.387216e-06	4.101199e-09	2.199978e+01	2.306583e+02
3.190000e-06	3.371905e-06	4.055145e-09	2.190033e+01	2.302034e+02
3.200000e-06	3.356217e-06	3.787636e-09	2.179843e+01	2.297040e+02
3.210000e-06	3.340080e-06	3.831728e-09	2.169363e+01	2.291654e+02
3.220000e-06	3.323562e-06	4.121423e-09	2.158634e+01	2.285940e+02
3.230000e-06	3.306728e-06	3.956711e-09	2.147701e+01	2.279962e+02
3.240000e-06	3.289604e-06	3.745024e-09	2.136579e+01	2.273783e+02
3.250000e-06	3.272142e-06	3.875365e-09	2.125238e+01	2.267448e+02
3.260000e-06	3.254240e-06	3.969701e-09	2.113610e+01	2.260986e+02
3.270000e-06	3.235949e-06	3.883021e-09	2.101730e+01	2.254406e+02
3.280000e-06	3.217271e-06	3.812679e-09	2.089599e+01	2.247695e+02
3.290000e-06	3.198202e-06	3.785390e-09	2.077214e+01	2.240828e+02
3.300000e-06	3.178879e-06	3.895054e-09	2.064664e+01	2.233769e+02
3.310000e-06	3.159421e-06	3.878398e-09	2.052026e+01	2.226478e+02
3.320000e-06	3.139765e-06	3.723117e-09	2.039259e+01	2.218923e+02
3.330000e-06	3.119802e-06	3.738924e-09	2.026293e+01	2.211079e+02
3.340000e-06	3.099342e-06	3.830574e-09	2.013005e+01	2.202936e+02
3.350000e-06	3.078240e-06	3.801647e-09	1.999300e+01	2.194500e+02
3.360000e-06	3.056459e-06	3.709929e-09	1.985153e+01	2.185790e+02
3.370000e-06	3.034173e-06	3.674667e-09	1.970678e+01	2.176836e+02
3.380000e-06	3.011377e-06	3.751216e-09	1.955872e+01	2.167675e+02
3.390000e-06	2.988113e-06	3.762691e-09	1.940762e+01	2.158343e+02
3.400000e-06	2.964708e-06	3.640893e-09	1.925561e+01	2.148869e+02
3.410000e-06	2.941127e-06	3.610409e-09	1.910245e+01	2.139274e+02
3.420000e-06	2.917283e-06	3.680421e-09	1.894759e+01	2.129564e+02
3.430000e-06	2.893157e-06	3.685482e-09	1.879089e+01	2.119731e+02
3.440000e-06	2.868641e-06	3.581251e-09	1.863166e+01	2.109754e+02
3.450000e-06	2.843691e-06	3.542644e-09	1.846961e+01	2.099602e+02
3.460000e-06	2.818461e-06	3.618743e-09	1.830574e+01	2.089242e+02
3.470000e-06	2.792969e-06	3.616198e-09	1.814017e+01	2.078636e+02
3.480000e-06	2.767069e-06	3.511530e-09	1.797195e+01	2.067756e+02
3.490000e-06	2.740779e-06	3.477627e-09	1.780120e+01	2.056581e+02
3.500000e-06	2.714136e-06	3.517797e-09	1.762816e+01	2.045103e+02
3.510000e-06	2.687196e-06	3.516966e-09	1.745319e+01	2.033326e+02
3.520000e-06	2.660038e-06	3.423582e-09	1.727680e+01	2.021264e+02
3.530000e-06	2.632653e-06	3.381461e-09	1.709893e+01	2.008941e+02
3.540000e-06	2.605122e-06	3.432016e-09	1.692012e+01	1.996384e+02
3.550000e-06	2.577456e-06	3.430769e-09	1.674043e+01	1.983619e+02
3.560000e-06	2.549415e-06	3.350001e-09	1.655830e+01	1.970667e+02
3.570000e-06	2.520925e-06	3.308360e-09	1.637326e+01	1.957540e+02
3.580000e-06	2.492070e-06	3.336424e-09	1.618585e+01	1.944241e+02
3.590000e-06	2.462736e-06	3.335945e-09	1.599533e+01	1.930762e+02
3.600000e-06	2.432883e-06	3.255633e-09	1.580144e+01	1.917086e+02
3.610000e-06	2.402548e-06	3.208195e-09	1.560441e+01	1.903191e+02
3.620000e-06	2.371874e-06	3.229534e-09	1.540519e+01	1.889052e+02
3.630000e-06	2.340970e-06	3.226781e-09	1.520447e+01	1.874648e+02
3.640000e-06	2.309794e-06	3.163748e-09	1.500198e+01	1.859965e+02
3.650000e-06	2.278431e-06	3.113328e-09	1.479828e+01	1.844996e+02
3.660000e-06	2.246890e-06	3.128597e-09	1.459342e+01	1.829745e+02
3.670000e-06	2.215078e-06	3.126008e-09	1.438680e+01	1.814228e+02
3.680000e-06	2.183028e-06	3.065182e-09	1.417864e+01	1.798467e+02
3.690000e-06	2.150667e-06	3.012408e-09	1.396846e+01	1.782488e+02
3.700000e-06	2.118021e-06	3.010954e-09	1.375642e+01	1.766320e+02
3.710000e-06	2.085169e-06	3.004531e-09	1.354306e+01	1.749984e+02
3.720000e-06	2.052078e-06	2.949503e-09	1.332813e+01	1.733496e+02
3.730000e-06	2.018796e-06	2.896822e-09	1.311196e+01	1.716861e+02
3.740000e-06	1.985374e-06	2.895943e-09	1.289489e+01	1.700073e+02
3.750000e-06	1.951648e-06	2.889210e-09	1.267584e+01	1.683115e+02
3.760000e-06	1.917682e-06	2.837990e-09	1.245524e+01	1.665961e+02
3.770000e-06	1.883588e-06	2.784015e-09	1.223379e+01	1.648583e+02
3.780000e-06	1.849262e-06	2.774070e-09	1.201085e+01	1.630950e+02
3.790000e-06	1.814686e-06	2.764117e-09	1.178628e+01	1.613038e+02
3.800000e-06	1.779863e-06	2.710619e-09	1.156011e+01	1.594831e+02
3.810000e-06	1.744850e-06	2.656765e-09	1.133270e+01	1.576322e+02
3.820000e-06	1.709667e-06	2.639590e-09	1.110419e+01	1.557517e+02
3.830000e-06	1.674409e-06	2.625891e-09	1.087519e+01	1.538434e+02
3.840000e-06	1.639062e-06	2.576541e-09	1.064561e+01	1.519098e+02
3.850000e-06	1.603603e-06	2.523243e-09	1.041531e+01	1.499540e+02
3.860000e-06	1.568040e-06	2.504489e-09	1.018433e+01	1.479791e+02
3.870000e-06	1.532352e-06	2.488544e-09	9.952542e+00	1.459877e+02
3.880000e-06	1.496533e-06	2.441208e-09	9.719896e+00	1.439816e+02
3.890000e-06	1.460553e-06	2.390284e-09	9.486210e+00	1.419616e+02
3.900000e-06	1.424347e-06	2.366237e-09	9.251050e+00	1.399272e+02
3.910000e-06	1.387790e-06	2.346688e-09	9.013617e+00	1.378770e+02
3.920000e-06	1.350868e-06	2.297191e-09	8.773809e+00	1.358087e+02
3.930000e-06	1.313683e-06	2.244473e-09	8.532293e+00	1.337194e+02
3.940000e-06	1.276266e-06	2.218171e-09	8.289275e+00	1.316063e+02
3.950000e-06	1.238581e-06	2.197476e-09	8.044509e+00	1.294672e+02
3.960000e-06	1.200550e-06	2.153431e-09	7.797505e+00	1.273007e+02
3.970000e-06	1.162265e-06	2.103886e-09	7.548843e+00	1.251063e+02
3.980000e-06	1.123772e-06	2.075670e-09	7.298832e+00	1.228852e+02
3.990000e-06	1.085084e-06	2.053041e-09	7.047561e+00	1.206393e+02
4.000000e-06	1.046218e-06	2.007034e-09	6.795123e+00	1.183716e+02
4.010000e-06	1.007171e-06	1.949768e-09	6.541520e+00	1.160857e+02
4.020000e-06	9.680307e-07	1.908557e-09	6.287304e+00	1.137849e+02
4.030000e-06	9.288453e-07	1.877299e-09	6.032797e+00	1.114725e+02
4.040000e-06	8.896271e-07	1.832506e-09	5.778077e+00	1.091504e+02
4.050000e-06	8.503616e-07	1.786806e-09	5.523050e+00	1.068198e+02
4.060000e-06	8.110291e-07	1.762641e-09	5.267587e+00	1.044802e+02
4.070000e-06	7.716664e-07	1.742186e-09	5.011929e+00	1.021302e+02
4.080000e-06	7.322822e-07	1.698860e-09	4.756131e+00	9.976714e+01
4.090000e-06	6.928480e-07	1.639529e-09	4.500008e+00	9.738791e+01
4.100000e-06	6.533836e-07	1.593847e-09	4.243689e+00	9.498912e+01
4.110000e-06	6.138641e-07	1.556228e-09	3.987012e+00	9.256774e+01
4.120000e-06	5.742593e-07	1.508236e-09	3.729781e+00	9.012143e+01
4.130000e-06	5.346358e-07	1.460068e-09	3.472429e+00	8.764895e+01
4.140000e-06	4.949870e-07	1.429364e-09	3.214912e+00	8.515021e+01
4.150000e-06	4.552938e-07	1.404744e-09	2.957107e+00	8.262635e+01
4.160000e-06	4.155875e-07	1.361646e-09	2.699217e+00	8.007945e+01
4.170000e-06	3.758038e-07	1.305156e-09	2.440824e+00	7.751231e+01
4.180000e-06	3.359719e-07	1.255654e-09	2.182118e+00	7.492795e+01
4.190000e-06	2.961698e-07	1.213463e-09	1.923606e+00	7.232925e+01
4.200000e-06	2.563183e-07	1.166250e-09	1.664772e+00	6.971852e+01
4.210000e-06	2.164271e-07	1.115262e-09	1.405681e+00	6.709724e+01
4.220000e-06	1.765536e-07	1.074132e-09	1.146705e+00	6.446595e+01
4.230000e-06	1.366572e-07	1.040675e-09	8.875804e-01	6.182420e+01
4.240000e-06	9.675337e-08	9.972389e-10	6.284076e-01	5.917080e+01
4.250000e-06	5.680179e-08	9.440236e-10	3.689244e-01	5.650407e+01
4.260000e-06	1.677181e-08	8.948007e-10	1.089319e-01	5.382220e+01
4.270000e-06	-2.324286e-08	8.520155e-10	-1.509611e-01	5.112362e+01
4.280000e-06	-6.326474e-08	8.024474e-10	-4.109009e-01	4.840731e+01
4.290000e-06	-1.033018e-07	7.465632e-10	-6.709393e-01	4.567297e+01
4.300000e-06	-1.432356e-07	6.981239e-10	-9.303072e-01	4.292113e+01
4.310000e-06	-1.831074e-07	6.560436e-10	-1.189272e+00	4.015301e+01
4.320000e-06	-2.229837e-07	6.095853e-10	-1.448266e+00	3.737033e+01
4.330000e-06	-2.628383e-07	5.579657e-10	-1.707119e+00	3.457495e+01
4.340000e-06	-3.026386e-07	5.098856e-10	-1.965621e+00	3.176855e+01
4.350000e-06	-3.423831e-07	4.654551e-10	-2.223758e+00	2.895223e+01
4.360000e-06	-3.821398e-07	4.140312e-10	-2.481976e+00	2.612628e+01
4.370000e-06	-4.219206e-07	3.591534e-10	-2.740350e+00	2.329007e+01
4.380000e-06	-4.616364e-07	3.107454e-10	-2.998302e+00	2.044203e+01
4.390000e-06	-5.012216e-07	2.687569e-10	-3.255406e+00	1.757991e+01
4.400000e-06	-5.407290e-07	2.233791e-10	-3.512004e+00	1.470109e+01
4.410000e-06	-5.802371e-07	1.699522e-10	-3.768607e+00	1.180302e+01
4.420000e-06	-6.197375e-07	1.185678e-10	-4.025160e+00	8.883724e+00
4.430000e-06	-6.592384e-07	7.034945e-11	-4.281716e+00	5.942215e+00
4.440000e-06	-6.987019e-07	1.861676e-11	-4.538029e+00	2.978826e+00
4.450000e-06	-7.380803e-07	-3.782672e-11	-4.793789e+00	-4.610307e-03
4.460000e-06	-7.773934e-07	-9.105709e-11	-5.049126e+00	-3.004789e+00
4.470000e-06	-8.167097e-07	-1.385587e-10	-5.304482e+00	-6.017148e+00
4.480000e-06	-8.560185e-07	-1.855789e-10	-5.559791e+00	-9.036260e+00
4.490000e-06	-8.952276e-07	-2.371498e-10	-5.814452e+00	-1.205633e+01
4.500000e-06	-9.343516e-07	-2.882855e-10	-6.068560e+00	-1.507177e+01
4.510000e-06	-9.734261e-07	-3.390571e-10	-6.322347e+00	-1.807769e+01
4.520000e-06	-1.012377e-06	-3.947202e-10	-6.575332e+00	-2.107034e+01
4.530000e-06	-1.051191e-06	-4.502690e-10	-6.827428e+00	-2.404735e+01
4.540000e-06	-1.089869e-06	-5.032546e-10	-7.078637e+00	-2.700778e+01
4.550000e-06	-1.128398e-06	-5.513157e-10	-7.328881e+00	-2.995197e+01
4.560000e-06	-1.166746e-06	-5.991259e-10	-7.577951e+00	-3.288117e+01
4.570000e-06	-1.204875e-06	-6.465345e-10	-7.825597e+00	-3.579711e+01
4.580000e-06	-1.242765e-06	-6.911252e-10	-8.071686e+00	-3.870143e+01
4.590000e-06	-1.280384e-06	-7.353763e-10	-8.316022e+00	-4.159525e+01
4.600000e-06	-1.317783e-06	-7.831290e-10	-8.558925e+00	-4.447872e+01
4.610000e-06	-1.354939e-06	-8.368875e-10	-8.800254e+00	-4.735082e+01
4.620000e-06	-1.391734e-06	-8.935117e-10	-9.039232e+00	-5.020940e+01
4.630000e-06	-1.428176e-06	-9.479779e-10	-9.275923e+00	-5.305135e+01
4.640000e-06	-1.464324e-06	-9.983121e-10	-9.510703e+00	-5.587302e+01
4.650000e-06	-1.500304e-06	-1.044668e-09	-9.744392e+00	-5.867074e+01
4.660000e-06	-1.536159e-06	-1.087826e-09	-9.977266e+00	-6.144138e+01
4.670000e-06	-1.571865e-06	-1.128675e-09	-1.020917e+01	-6.418293e+01
4.680000e-06	-1.607460e-06	-1.168618e-09	-1.044036e+01	-6.689486e+01
4.690000e-06	-1.642947e-06	-1.212477e-09	-1.067085e+01	-6.957830e+01
4.700000e-06	-1.678318e-06	-1.261493e-09	-1.090058e+01	-7.223607e+01
4.710000e-06	-1.713555e-06	-1.312331e-09	-1.112944e+01	-7.487229e+01
4.720000e-06	-1.748700e-06	-1.358227e-09	-1.135770e+01	-7.749195e+01
4.730000e-06	-1.783688e-06	-1.399847e-09	-1.158495e+01	-8.010020e+01
4.740000e-06	-1.818482e-06	-1.443071e-09	-1.181093e+01	-8.270164e+01
4.750000e-06	-1.853125e-06	-1.488674e-09	-1.203594e+01	-8.529965e+01
4.760000e-06	-1.887518e-06	-1.529797e-09	-1.225932e+01	-8.789580e+01
4.770000e-06	-1.921594e-06	-1.567154e-09	-1.248064e+01	-9.048964e+01
4.780000e-06	-1.955369e-06	-1.608807e-09	-1.270001e+01	-9.307854e+01
4.790000e-06	-1.988898e-06	-1.654683e-09	-1.291778e+01	-9.565806e+01
4.800000e-06	-2.022274e-06	-1.698811e-09	-1.313455e+01	-9.822242e+01
4.810000e-06	-2.055409e-06	-1.740414e-09	-1.334977e+01	-1.007652e+02
4.820000e-06	-2.088234e-06	-1.783542e-09	-1.356296e+01	-1.032803e+02
4.830000e-06	-2.120796e-06	-1.828715e-09	-1.377445e+01	-1.057625e+02
4.840000e-06	-2.153089e-06	-1.870410e-09	-1.398419e+01	-1.082085e+02
4.850000e-06	-2.185063e-06	-1.906863e-09	-1.419186e+01	-1.106169e+02
4.860000e-06	-2.216810e-06	-1.943944e-09	-1.439806e+01	-1.129889e+02
4.870000e-06	-2.248401e-06	-1.983369e-09	-1.460323e+01	-1.153276e+02
4.880000e-06	-2.279830e-06	-2.020496e-09	-1.480736e+01	-1.176380e+02
4.890000e-06	-2.311098e-06	-2.056961e-09	-1.501045e+01	-1.199261e+02
4.900000e-06	-2.342110e-06	-2.097306e-09	-1.521187e+01	-1.221980e+02
4.910000e-06	-2.372847e-06	-2.140011e-09	-1.541151e+01	-1.244591e+02
4.920000e-06	-2.403308e-06	-2.179478e-09	-1.560935e+01	-1.267132e+02
4.930000e-06	-2.433333e-06	-2.216248e-09	-1.580436e+01	-1.289622e+02
4.940000e-06	-2.462789e-06	-2.254888e-09	-1.599568e+01	-1.312057e+02
4.950000e-06	-2.491675e-06	-2.296423e-09	-1.618329e+01	-1.334409e+02
4.960000e-06	-2.520026e-06	-2.335968e-09	-1.636743e+01	-1.356632e+02
4.970000e-06	-2.547934e-06	-2.369183e-09	-1.654869e+01	-1.378668e+02
4.980000e-06	-2.575588e-06	-2.402891e-09	-1.672830e+01	-1.400456e+02
4.990000e-06	-2.603103e-06	-2.441639e-09	-1.690701e+01	-1.421938e+02
5.000000e-06	-2.630470e-06	-2.479912e-09	-1.708475e+01	-1.443070e+02
5.010000e-06	-2.657699e-06	-2.513939e-09	-1.726160e+01	-1.463827e+02
5.020000e-06	-2.684754e-06	-2.548621e-09	-1.743733e+01	-1.484207e+02
5.030000e-06	-2.711505e-06	-2.586530e-09	-1.761107e+01	-1.504230e+02
5.040000e-06	-2.737881e-06	-2.623293e-09	-1.778238e+01	-1.523937e+02
5.050000e-06	-2.763898e-06	-2.654114e-09	-1.795136e+01	-1.543380e+02
5.060000e-06	-2.789584e-06	-2.684002e-09	-1.811819e+01	-1.562617e+02
5.070000e-06	-2.814967e-06	-2.718001e-09	-1.828305e+01	-1.581700e+02
5.080000e-06	-2.840019e-06	-2.751184e-09	-1.844576e+01	-1.600670e+02
5.090000e-06	-2.864642e-06	-2.778760e-09	-1.860569e+01	-1.619550e+02
5.100000e-06	-2.888853e-06	-2.806503e-09	-1.876293e+01	-1.638338e+02
5.110000e-06	-2.912782e-06	-2.839684e-09	-1.891835e+01	-1.657008e+02
5.120000e-06	-2.936469e-06	-2.872056e-09	-1.907220e+01	-1.675516e+02
5.130000e-06	-2.959956e-06	-2.900464e-09	-1.922475e+01	-1.693804e+02
5.140000e-06	-2.983220e-06	-2.929104e-09	-1.937584e+01	-1.711809e+02
5.150000e-06	-3.006117e-06	-2.959466e-09	-1.952456e+01	-1.729469e+02
5.160000e-06	-3.028657e-06	-2.988997e-09	-1.967095e+01	-1.746739e+02
5.170000e-06	-3.050806e-06	-3.014462e-09	-1.981481e+01	-1.763593e+02
5.180000e-06	-3.072343e-06	-3.038965e-09	-1.995469e+01	-1.780030e+02
5.190000e-06	-3.093224e-06	-3.065978e-09	-2.009031e+01	-1.796072e+02
5.200000e-06	-3.113521e-06	-3.092673e-09	-2.022214e+01	-1.811767e+02
5.210000e-06	-3.133404e-06	-3.116350e-09	-2.035128e+01	-1.827174e+02
5.220000e-06	-3.153018e-06	-3.141052e-09	-2.047867e+01	-1.842363e+02
5.230000e-06	-3.172434e-06	-3.168671e-09	-2.060478e+01	-1.857397e+02
5.240000e-06	-3.191661e-06	-3.194688e-09	-2.072966e+01	-1.872325e+02
5.250000e-06	-3.210555e-06	-3.218582e-09	-2.085237e+01	-1.887177e+02
5.260000e-06	-3.228974e-06	-3.244243e-09	-2.097200e+01	-1.901951e+02
5.270000e-06	-3.246963e-06	-3.270886e-09	-2.108884e+01	-1.916620e+02
5.280000e-06	-3.264685e-06	-3.294330e-09	-2.120394e+01	-1.931131e+02
5.290000e-06	-3.282090e-06	-3.315174e-09	-2.131699e+01	-1.945409e+02
5.300000e-06	-3.299130e-06	-3.334607e-09	-2.142766e+01	-1.959375e+02
5.310000e-06	-3.315780e-06	-3.354573e-09	-2.153580e+01	-1.972947e+02
5.320000e-06	-3.332038e-06	-3.375138e-09	-2.164139e+01	-1.986062e+02
5.330000e-06	-3.347948e-06	-3.395353e-09	-2.174473e+01	-1.998678e+02
5.340000e-06	-3.363535e-06	-3.416454e-09	-2.184596e+01	-2.010785e+02
5.350000e-06	-3.378850e-06	-3.438279e-09	-2.194544e+01	-2.022406e+02
5.360000e-06	-3.393827e-06	-3.456917e-09	-2.204271e+01	-2.033596e+02
5.370000e-06	-3.408272e-06	-3.472165e-09	-2.213653e+01	-2.044435e+02
5.380000e-06	-3.422135e-06	-3.487114e-09	-2.222657e+01	-2.055018e+02
5.390000e-06	-3.435281e-06	-3.505139e-09	-2.231195e+01	-2.065443e+02
5.400000e-06	-3.447670e-06	-3.522975e-09	-2.239242e+01	-2.075797e+02
5.410000e-06	-3.459643e-06	-3.540356e-09	-2.247018e+01	-2.086144e+02
5.420000e-06	-3.471306e-06	-3.560069e-09	-2.254593e+01	-2.096519e+02
5.430000e-06	-3.482606e-06	-3.579838e-09	-2.261932e+01	-2.106917e+02
5.440000e-06	-3.493492e-06	-3.597061e-09	-2.269003e+01	-2.117299e+02
5.450000e-06	-3.503863e-06	-3.611444e-09	-2.275739e+01	-2.127596e+02
5.460000e-06	-3.513786e-06	-3.626570e-09	-2.282184e+01	-2.137714e+02
5.470000e-06	-3.523291e-06	-3.642059e-09	-2.288357e+01	-2.147553e+02
5.480000e-06	-3.532399e-06	-3.655816e-09	-2.294273e+01	-2.157019e+02
5.490000e-06	-3.541142e-06	-3.669008e-09	-2.299951e+01	-2.166035e+02
5.500000e-06	-3.549449e-06	-3.682575e-09	-2.305347e+01	-2.174554e+02
5.510000e-06	-3.557369e-06	-3.697575e-09	-2.310491e+01	-2.182568e+02
5.520000e-06	-3.564988e-06	-3.711129e-09	-2.315439e+01	-2.190105e+02
5.530000e-06	-3.572364e-06	-3.723103e-09	-2.320230e+01	-2.197230e+02
5.540000e-06	-3.579414e-06	-3.733959e-09	-2.324809e+01	-2.204032e+02
5.550000e-06	-3.585956e-06	-3.744125e-09	-2.329058e+01	-2.210616e+02
5.560000e-06	-3.591919e-06	-3.755665e-09	-2.332931e+01	-2.217084e+02
5.570000e-06	-3.597227e-06	-3.767815e-09	-2.336379e+01	-2.223521e+02
5.580000e-06	-3.601774e-06	-3.782081e-09	-2.339332e+01	-2.229982e+02
5.590000e-06	-3.605734e-06	-3.795741e-09	-2.341904e+01	-2.236486e+02
5.600000e-06	-3.609365e-06	-3.807818e-09	-2.344262e+01	-2.243004e+02
5.610000e-06	-3.612758e-06	-3.816933e-09	-2.346466e+01	-2.249469e+02
5.620000e-06	-3.615888e-06	-3.824283e-09	-2.348498e+01	-2.255780e+02
5.630000e-06	-3.618648e-06	-3.832926e-09	-2.350291e+01	-2.261816e+02
5.640000e-06	-3.620956e-06	-3.840460e-09	-2.351790e+01	-2.267450e+02
5.650000e-06	-3.622810e-06	-3.849742e-09	-2.352994e+01	-2.272571e+02
5.660000e-06	-3.624282e-06	-3.864529e-09	-2.353950e+01	-2.277092e+02
5.670000e-06	-3.625445e-06	-3.881627e-09	-2.354705e+01	-2.280975e+02
5.680000e-06	-3.626244e-06	-3.891476e-09	-2.355225e+01	-2.284228e+02
5.690000e-06	-3.626451e-06	-3.894434e-09	-2.355359e+01	-2.286913e+02
