# Temperatura_=_20.0
# Concentracion g/m^3_=_12000.0
# C_Vs_to_Am_M_A/Vsm_=_59384043850.047264
# pendiente_HvsI_1/m_=_3716.3
# ordenada_HvsI_A/m_=_1297.0
# frecuencia_Hz_=_175592.41813674016

Tiempo_(s)	Campo_(V.s)	Magnetizacion_(V.s)	Campo_(kA/m)	Magnetizacion_(A/m)
0.000000e+00	-3.626278e-06	-3.935598e-09	-2.355661e+01	-2.312465e+02
1.000000e-08	-3.626189e-06	-3.937495e-09	-2.355603e+01	-2.315192e+02
2.000000e-08	-3.625783e-06	-3.939882e-09	-2.355340e+01	-2.317550e+02
3.000000e-08	-3.625105e-06	-3.938988e-09	-2.354899e+01	-2.319663e+02
4.000000e-08	-3.624081e-06	-3.944268e-09	-2.354234e+01	-2.321668e+02
5.000000e-08	-3.622547e-06	-3.954207e-09	-2.353237e+01	-2.323704e+02
6.000000e-08	-3.620403e-06	-3.959223e-09	-2.351845e+01	-2.325891e+02
7.000000e-08	-3.617705e-06	-3.962444e-09	-2.350092e+01	-2.328317e+02
8.000000e-08	-3.614344e-06	-3.983086e-09	-2.347908e+01	-2.331029e+02
9.000000e-08	-3.610426e-06	-3.966425e-09	-2.345363e+01	-2.334023e+02
1.000000e-07	-3.606119e-06	-3.878053e-09	-2.342566e+01	-2.337246e+02
1.100000e-07	-3.601545e-06	-3.873978e-09	-2.339594e+01	-2.340599e+02
1.200000e-07	-3.596749e-06	-4.033623e-09	-2.336479e+01	-2.343951e+02
1.300000e-07	-3.591515e-06	-4.073632e-09	-2.333078e+01	-2.347146e+02
1.400000e-07	-3.585835e-06	-3.894819e-09	-2.329389e+01	-2.350028e+02
1.500000e-07	-3.579728e-06	-3.879092e-09	-2.325421e+01	-2.352449e+02
1.600000e-07	-3.573144e-06	-4.014112e-09	-2.321145e+01	-2.354291e+02
1.700000e-07	-3.566096e-06	-3.944970e-09	-2.316566e+01	-2.355471e+02
1.800000e-07	-3.558610e-06	-3.834308e-09	-2.311703e+01	-2.355954e+02
1.900000e-07	-3.550712e-06	-3.855510e-09	-2.306573e+01	-2.355751e+02
2.000000e-07	-3.542464e-06	-3.940684e-09	-2.301214e+01	-2.354914e+02
2.100000e-07	-3.533971e-06	-3.888447e-09	-2.295698e+01	-2.353531e+02
2.200000e-07	-3.525206e-06	-3.955195e-09	-2.290004e+01	-2.351712e+02
2.300000e-07	-3.515849e-06	-3.896465e-09	-2.283925e+01	-2.349574e+02
2.400000e-07	-3.505796e-06	-3.713214e-09	-2.277395e+01	-2.347229e+02
2.500000e-07	-3.495134e-06	-3.873421e-09	-2.270469e+01	-2.344768e+02
2.600000e-07	-3.483878e-06	-3.953282e-09	-2.263157e+01	-2.342258e+02
2.700000e-07	-3.472127e-06	-3.805765e-09	-2.255523e+01	-2.339728e+02
2.800000e-07	-3.459946e-06	-3.723791e-09	-2.247610e+01	-2.337176e+02
2.900000e-07	-3.447340e-06	-3.908889e-09	-2.239421e+01	-2.334564e+02
3.000000e-07	-3.434335e-06	-3.903016e-09	-2.230973e+01	-2.331833e+02
3.100000e-07	-3.420887e-06	-3.734608e-09	-2.222237e+01	-2.328908e+02
3.200000e-07	-3.406888e-06	-3.722860e-09	-2.213143e+01	-2.325710e+02
3.300000e-07	-3.392495e-06	-3.833079e-09	-2.203793e+01	-2.322166e+02
3.400000e-07	-3.377732e-06	-3.847514e-09	-2.194203e+01	-2.318218e+02
3.500000e-07	-3.362325e-06	-3.753119e-09	-2.184195e+01	-2.313830e+02
3.600000e-07	-3.346159e-06	-3.724586e-09	-2.173693e+01	-2.308991e+02
3.700000e-07	-3.329450e-06	-3.803113e-09	-2.162839e+01	-2.303712e+02
3.800000e-07	-3.312330e-06	-3.810879e-09	-2.151717e+01	-2.298027e+02
3.900000e-07	-3.294846e-06	-3.711802e-09	-2.140360e+01	-2.291983e+02
4.000000e-07	-3.277062e-06	-3.717330e-09	-2.128807e+01	-2.285636e+02
4.100000e-07	-3.258996e-06	-3.752325e-09	-2.117071e+01	-2.279040e+02
4.200000e-07	-3.240629e-06	-3.756921e-09	-2.105140e+01	-2.272242e+02
4.300000e-07	-3.221883e-06	-3.709680e-09	-2.092963e+01	-2.265278e+02
4.400000e-07	-3.202644e-06	-3.681929e-09	-2.080465e+01	-2.258168e+02
4.500000e-07	-3.182908e-06	-3.700368e-09	-2.067644e+01	-2.250914e+02
4.600000e-07	-3.162902e-06	-3.723107e-09	-2.054648e+01	-2.243508e+02
4.700000e-07	-3.142691e-06	-3.670575e-09	-2.041519e+01	-2.235927e+02
4.800000e-07	-3.122195e-06	-3.635519e-09	-2.028204e+01	-2.228148e+02
4.900000e-07	-3.101411e-06	-3.662022e-09	-2.014703e+01	-2.220143e+02
5.000000e-07	-3.080332e-06	-3.659615e-09	-2.001010e+01	-2.211891e+02
5.100000e-07	-3.058909e-06	-3.612181e-09	-1.987093e+01	-2.203380e+02
5.200000e-07	-3.037082e-06	-3.576435e-09	-1.972914e+01	-2.194605e+02
5.300000e-07	-3.014964e-06	-3.591356e-09	-1.958546e+01	-2.185575e+02
5.400000e-07	-2.992573e-06	-3.597538e-09	-1.944001e+01	-2.176304e+02
5.500000e-07	-2.969800e-06	-3.565636e-09	-1.929207e+01	-2.166812e+02
5.600000e-07	-2.946600e-06	-3.531719e-09	-1.914136e+01	-2.157122e+02
5.700000e-07	-2.922934e-06	-3.541337e-09	-1.898762e+01	-2.147251e+02
5.800000e-07	-2.898924e-06	-3.542358e-09	-1.883166e+01	-2.137213e+02
5.900000e-07	-2.874722e-06	-3.495665e-09	-1.867444e+01	-2.127014e+02
6.000000e-07	-2.850348e-06	-3.453389e-09	-1.851610e+01	-2.116649e+02
6.100000e-07	-2.825760e-06	-3.461334e-09	-1.835638e+01	-2.106108e+02
6.200000e-07	-2.800880e-06	-3.465808e-09	-1.819475e+01	-2.095372e+02
6.300000e-07	-2.775609e-06	-3.430660e-09	-1.803059e+01	-2.084420e+02
6.400000e-07	-2.749827e-06	-3.401177e-09	-1.786311e+01	-2.073234e+02
6.500000e-07	-2.723434e-06	-3.403928e-09	-1.769166e+01	-2.061796e+02
6.600000e-07	-2.696456e-06	-3.403585e-09	-1.751641e+01	-2.050098e+02
6.700000e-07	-2.668966e-06	-3.362356e-09	-1.733783e+01	-2.038138e+02
6.800000e-07	-2.641051e-06	-3.319663e-09	-1.715649e+01	-2.025922e+02
6.900000e-07	-2.612905e-06	-3.316316e-09	-1.697365e+01	-2.013465e+02
7.000000e-07	-2.584644e-06	-3.318212e-09	-1.679006e+01	-2.000783e+02
7.100000e-07	-2.556224e-06	-3.284575e-09	-1.660544e+01	-1.987894e+02
7.200000e-07	-2.527557e-06	-3.245464e-09	-1.641923e+01	-1.974815e+02
7.300000e-07	-2.498529e-06	-3.240326e-09	-1.623066e+01	-1.961555e+02
7.400000e-07	-2.469194e-06	-3.233257e-09	-1.604009e+01	-1.948116e+02
7.500000e-07	-2.439533e-06	-3.196801e-09	-1.584741e+01	-1.934490e+02
7.600000e-07	-2.409537e-06	-3.157916e-09	-1.565256e+01	-1.920662e+02
7.700000e-07	-2.379349e-06	-3.151792e-09	-1.545645e+01	-1.906611e+02
7.800000e-07	-2.348935e-06	-3.146551e-09	-1.525888e+01	-1.892310e+02
7.900000e-07	-2.318275e-06	-3.113297e-09	-1.505971e+01	-1.877736e+02
8.000000e-07	-2.287411e-06	-3.073843e-09	-1.485922e+01	-1.862867e+02
8.100000e-07	-2.256295e-06	-3.053925e-09	-1.465708e+01	-1.847692e+02
8.200000e-07	-2.224909e-06	-3.037645e-09	-1.445319e+01	-1.832207e+02
8.300000e-07	-2.193229e-06	-3.000994e-09	-1.424740e+01	-1.816421e+02
8.400000e-07	-2.161236e-06	-2.963002e-09	-1.403957e+01	-1.800352e+02
8.500000e-07	-2.129083e-06	-2.947914e-09	-1.383071e+01	-1.784025e+02
8.600000e-07	-2.096833e-06	-2.937225e-09	-1.362120e+01	-1.767473e+02
8.700000e-07	-2.064442e-06	-2.907111e-09	-1.341079e+01	-1.750726e+02
8.800000e-07	-2.031868e-06	-2.869750e-09	-1.319919e+01	-1.733813e+02
8.900000e-07	-1.999004e-06	-2.845365e-09	-1.298570e+01	-1.716752e+02
9.000000e-07	-1.965860e-06	-2.829237e-09	-1.277039e+01	-1.699555e+02
9.100000e-07	-1.932492e-06	-2.796115e-09	-1.255363e+01	-1.682219e+02
9.200000e-07	-1.898911e-06	-2.755678e-09	-1.233549e+01	-1.664734e+02
9.300000e-07	-1.865002e-06	-2.728684e-09	-1.211521e+01	-1.647078e+02
9.400000e-07	-1.830643e-06	-2.715134e-09	-1.189201e+01	-1.629224e+02
9.500000e-07	-1.795894e-06	-2.687956e-09	-1.166628e+01	-1.611144e+02
9.600000e-07	-1.760716e-06	-2.650371e-09	-1.143776e+01	-1.592814e+02
9.700000e-07	-1.725189e-06	-2.624929e-09	-1.120697e+01	-1.574214e+02
9.800000e-07	-1.689446e-06	-2.607856e-09	-1.097478e+01	-1.555336e+02
9.900000e-07	-1.653446e-06	-2.577400e-09	-1.074093e+01	-1.536180e+02
1.000000e-06	-1.617277e-06	-2.536075e-09	-1.050597e+01	-1.516758e+02
1.010000e-06	-1.581037e-06	-2.503780e-09	-1.027055e+01	-1.497092e+02
1.020000e-06	-1.544725e-06	-2.476621e-09	-1.003467e+01	-1.477206e+02
1.030000e-06	-1.508282e-06	-2.439246e-09	-9.797928e+00	-1.457128e+02
1.040000e-06	-1.471743e-06	-2.398196e-09	-9.560567e+00	-1.436882e+02
1.050000e-06	-1.435124e-06	-2.368834e-09	-9.322684e+00	-1.416486e+02
1.060000e-06	-1.398414e-06	-2.348883e-09	-9.084213e+00	-1.395950e+02
1.070000e-06	-1.361529e-06	-2.322746e-09	-8.844611e+00	-1.375271e+02
1.080000e-06	-1.324390e-06	-2.283798e-09	-8.603349e+00	-1.354438e+02
1.090000e-06	-1.287153e-06	-2.247095e-09	-8.361454e+00	-1.333431e+02
1.100000e-06	-1.249767e-06	-2.214441e-09	-8.118590e+00	-1.312226e+02
1.110000e-06	-1.212200e-06	-2.175966e-09	-7.874554e+00	-1.290796e+02
1.120000e-06	-1.174495e-06	-2.131921e-09	-7.629619e+00	-1.269120e+02
1.130000e-06	-1.136586e-06	-2.097539e-09	-7.383359e+00	-1.247182e+02
1.140000e-06	-1.098487e-06	-2.071163e-09	-7.135865e+00	-1.224977e+02
1.150000e-06	-1.060218e-06	-2.038056e-09	-6.887268e+00	-1.202512e+02
1.160000e-06	-1.021869e-06	-1.993546e-09	-6.638148e+00	-1.179805e+02
1.170000e-06	-9.834311e-07	-1.954208e-09	-6.388452e+00	-1.156881e+02
1.180000e-06	-9.449409e-07	-1.922610e-09	-6.138416e+00	-1.133773e+02
1.190000e-06	-9.064051e-07	-1.886628e-09	-5.888084e+00	-1.110514e+02
1.200000e-06	-8.677709e-07	-1.845562e-09	-5.637113e+00	-1.087135e+02
1.210000e-06	-8.290595e-07	-1.807094e-09	-5.385641e+00	-1.063657e+02
1.220000e-06	-7.902024e-07	-1.774436e-09	-5.133222e+00	-1.040092e+02
1.230000e-06	-7.512631e-07	-1.734211e-09	-4.880268e+00	-1.016439e+02
1.240000e-06	-7.122827e-07	-1.684087e-09	-4.627049e+00	-9.926829e+01
1.250000e-06	-6.732159e-07	-1.641611e-09	-4.373267e+00	-9.687985e+01
1.260000e-06	-6.340244e-07	-1.607088e-09	-4.118676e+00	-9.447525e+01
1.270000e-06	-5.946838e-07	-1.569837e-09	-3.863117e+00	-9.205083e+01
1.280000e-06	-5.553260e-07	-1.530747e-09	-3.607445e+00	-8.960306e+01
1.290000e-06	-5.158910e-07	-1.493085e-09	-3.351272e+00	-8.712900e+01
1.300000e-06	-4.763235e-07	-1.454861e-09	-3.094238e+00	-8.462671e+01
1.310000e-06	-4.367410e-07	-1.409204e-09	-2.837106e+00	-8.209548e+01
1.320000e-06	-3.970926e-07	-1.358114e-09	-2.579547e+00	-7.953592e+01
1.330000e-06	-3.572947e-07	-1.311180e-09	-2.321016e+00	-7.694985e+01
1.340000e-06	-3.174644e-07	-1.270596e-09	-2.062275e+00	-7.434006e+01
1.350000e-06	-2.776386e-07	-1.231053e-09	-1.803564e+00	-7.170994e+01
1.360000e-06	-2.378369e-07	-1.190929e-09	-1.545008e+00	-6.906299e+01
1.370000e-06	-1.980326e-07	-1.152098e-09	-1.286437e+00	-6.640244e+01
1.380000e-06	-1.581871e-07	-1.110828e-09	-1.027597e+00	-6.373083e+01
1.390000e-06	-1.183206e-07	-1.064088e-09	-7.686208e-01	-6.104973e+01
1.400000e-06	-7.836849e-08	-1.016022e-09	-5.090883e-01	-5.835967e+01
1.410000e-06	-3.842636e-08	-9.702520e-10	-2.496209e-01	-5.566010e+01
1.420000e-06	1.471966e-09	-9.257631e-10	9.562017e-03	-5.294962e+01
1.430000e-06	4.146102e-08	-8.784554e-10	2.693343e-01	-5.022628e+01
1.440000e-06	8.148841e-08	-8.313075e-10	5.293556e-01	-4.748792e+01
1.450000e-06	1.214186e-07	-7.868929e-10	7.887454e-01	-4.473256e+01
1.460000e-06	1.613317e-07	-7.432387e-10	1.048024e+00	-4.195871e+01
1.470000e-06	2.012453e-07	-6.972372e-10	1.307306e+00	-3.916559e+01
1.480000e-06	2.409852e-07	-6.479984e-10	1.565461e+00	-3.635328e+01
1.490000e-06	2.806470e-07	-6.005620e-10	1.823107e+00	-3.352261e+01
1.500000e-06	3.204343e-07	-5.542561e-10	2.081568e+00	-3.067506e+01
1.510000e-06	3.601982e-07	-5.044678e-10	2.339878e+00	-2.781246e+01
1.520000e-06	3.999063e-07	-4.546187e-10	2.597825e+00	-2.493668e+01
1.530000e-06	4.396326e-07	-4.071909e-10	2.855890e+00	-2.204935e+01
1.540000e-06	4.793120e-07	-3.629319e-10	3.113651e+00	-1.915160e+01
1.550000e-06	5.187864e-07	-3.146530e-10	3.370081e+00	-1.624390e+01
1.560000e-06	5.581757e-07	-2.633497e-10	3.625956e+00	-1.332604e+01
1.570000e-06	5.976204e-07	-2.144273e-10	3.882193e+00	-1.039721e+01
1.580000e-06	6.368760e-07	-1.668183e-10	4.137201e+00	-7.456300e+00
1.590000e-06	6.760369e-07	-1.167743e-10	4.391593e+00	-4.502120e+00
1.600000e-06	7.151516e-07	-6.723084e-11	4.645685e+00	-1.533810e+00
1.610000e-06	7.541006e-07	-1.983991e-11	4.898701e+00	1.448853e+00
1.620000e-06	7.929352e-07	2.801100e-11	5.150974e+00	4.445193e+00
1.630000e-06	8.317219e-07	7.974676e-11	5.402936e+00	7.453484e+00
1.640000e-06	8.704023e-07	1.358743e-10	5.654207e+00	1.047094e+01
1.650000e-06	9.089172e-07	1.870362e-10	5.904403e+00	1.349386e+01
1.660000e-06	9.474297e-07	2.340844e-10	6.154584e+00	1.651787e+01
1.670000e-06	9.859141e-07	2.837112e-10	6.404581e+00	1.953831e+01
1.680000e-06	1.024276e-06	3.336747e-10	6.653781e+00	2.255061e+01
1.690000e-06	1.062478e-06	3.814947e-10	6.901950e+00	2.555067e+01
1.700000e-06	1.100496e-06	4.279892e-10	7.148917e+00	2.853524e+01
1.710000e-06	1.138417e-06	4.775089e-10	7.395252e+00	3.150206e+01
1.720000e-06	1.176194e-06	5.303125e-10	7.640657e+00	3.444999e+01
1.730000e-06	1.213801e-06	5.799950e-10	7.884954e+00	3.737891e+01
1.740000e-06	1.251314e-06	6.282233e-10	8.128643e+00	4.028955e+01
1.750000e-06	1.288758e-06	6.788260e-10	8.371883e+00	4.318316e+01
1.760000e-06	1.325992e-06	7.282209e-10	8.613756e+00	4.606122e+01
1.770000e-06	1.362975e-06	7.755673e-10	8.853998e+00	4.892505e+01
1.780000e-06	1.399772e-06	8.212845e-10	9.093035e+00	5.177556e+01
1.790000e-06	1.436433e-06	8.690366e-10	9.331187e+00	5.461309e+01
1.800000e-06	1.472998e-06	9.181752e-10	9.568722e+00	5.743733e+01
1.810000e-06	1.509454e-06	9.649568e-10	9.805542e+00	6.024738e+01
1.820000e-06	1.545818e-06	1.011937e-09	1.004176e+01	6.304199e+01
1.830000e-06	1.582124e-06	1.060670e-09	1.027761e+01	6.581979e+01
1.840000e-06	1.618358e-06	1.109958e-09	1.051299e+01	6.857959e+01
1.850000e-06	1.654375e-06	1.156417e-09	1.074696e+01	7.132067e+01
1.860000e-06	1.690234e-06	1.200519e-09	1.097990e+01	7.404294e+01
1.870000e-06	1.726008e-06	1.243516e-09	1.121229e+01	7.674704e+01
1.880000e-06	1.761554e-06	1.287118e-09	1.144320e+01	7.943429e+01
1.890000e-06	1.796682e-06	1.332652e-09	1.167140e+01	8.210648e+01
1.900000e-06	1.831373e-06	1.378245e-09	1.189675e+01	8.476558e+01
1.910000e-06	1.865660e-06	1.423864e-09	1.211949e+01	8.741340e+01
1.920000e-06	1.899609e-06	1.468420e-09	1.234002e+01	9.005114e+01
1.930000e-06	1.933244e-06	1.514306e-09	1.255852e+01	9.267915e+01
1.940000e-06	1.966453e-06	1.559689e-09	1.277425e+01	9.529663e+01
1.950000e-06	1.999349e-06	1.601578e-09	1.298794e+01	9.790158e+01
1.960000e-06	2.032081e-06	1.644219e-09	1.320057e+01	1.004909e+02
1.970000e-06	2.064652e-06	1.688203e-09	1.341216e+01	1.030607e+02
1.980000e-06	2.097125e-06	1.732571e-09	1.362310e+01	1.056065e+02
1.990000e-06	2.129442e-06	1.776385e-09	1.383304e+01	1.081240e+02
2.000000e-06	2.161576e-06	1.816613e-09	1.404178e+01	1.106095e+02
2.010000e-06	2.193490e-06	1.857943e-09	1.424910e+01	1.130602e+02
2.020000e-06	2.225058e-06	1.901075e-09	1.445417e+01	1.154747e+02
2.030000e-06	2.256304e-06	1.941281e-09	1.465714e+01	1.178534e+02
2.040000e-06	2.287308e-06	1.981377e-09	1.485854e+01	1.201982e+02
2.050000e-06	2.318078e-06	2.023085e-09	1.505843e+01	1.225121e+02
2.060000e-06	2.348584e-06	2.065587e-09	1.525660e+01	1.247997e+02
2.070000e-06	2.378836e-06	2.105341e-09	1.545312e+01	1.270657e+02
2.080000e-06	2.408860e-06	2.143041e-09	1.564816e+01	1.293148e+02
2.090000e-06	2.438561e-06	2.179237e-09	1.584110e+01	1.315513e+02
2.100000e-06	2.467961e-06	2.215920e-09	1.603208e+01	1.337783e+02
2.110000e-06	2.497134e-06	2.252662e-09	1.622160e+01	1.359974e+02
2.120000e-06	2.526040e-06	2.288878e-09	1.640937e+01	1.382088e+02
2.130000e-06	2.554730e-06	2.326676e-09	1.659574e+01	1.404111e+02
2.140000e-06	2.583235e-06	2.367144e-09	1.678091e+01	1.426018e+02
2.150000e-06	2.611560e-06	2.406774e-09	1.696492e+01	1.447774e+02
2.160000e-06	2.639725e-06	2.442650e-09	1.714788e+01	1.469340e+02
2.170000e-06	2.667689e-06	2.475102e-09	1.732953e+01	1.490680e+02
2.180000e-06	2.695244e-06	2.506856e-09	1.750853e+01	1.511761e+02
2.190000e-06	2.722264e-06	2.540709e-09	1.768406e+01	1.532561e+02
2.200000e-06	2.748598e-06	2.573890e-09	1.785513e+01	1.553067e+02
2.210000e-06	2.774274e-06	2.609422e-09	1.802192e+01	1.573276e+02
2.220000e-06	2.799554e-06	2.650088e-09	1.818614e+01	1.593194e+02
2.230000e-06	2.824433e-06	2.688362e-09	1.834775e+01	1.612833e+02
2.240000e-06	2.849016e-06	2.719468e-09	1.850745e+01	1.632206e+02
2.250000e-06	2.873449e-06	2.751558e-09	1.866617e+01	1.651323e+02
2.260000e-06	2.897562e-06	2.786392e-09	1.882281e+01	1.670193e+02
2.270000e-06	2.921322e-06	2.819263e-09	1.897715e+01	1.688813e+02
2.280000e-06	2.944759e-06	2.847081e-09	1.912940e+01	1.707175e+02
2.290000e-06	2.967816e-06	2.874781e-09	1.927918e+01	1.725266e+02
2.300000e-06	2.990457e-06	2.905569e-09	1.942626e+01	1.743065e+02
2.310000e-06	3.012807e-06	2.936799e-09	1.957145e+01	1.760555e+02
2.320000e-06	3.034896e-06	2.965620e-09	1.971494e+01	1.777721e+02
2.330000e-06	3.056657e-06	2.995212e-09	1.985630e+01	1.794554e+02
2.340000e-06	3.078113e-06	3.027863e-09	1.999568e+01	1.811057e+02
2.350000e-06	3.099173e-06	3.056126e-09	2.013249e+01	1.827244e+02
2.360000e-06	3.119869e-06	3.080077e-09	2.026693e+01	1.843138e+02
2.370000e-06	3.140366e-06	3.103569e-09	2.040008e+01	1.858773e+02
2.380000e-06	3.160698e-06	3.129377e-09	2.053216e+01	1.874184e+02
2.390000e-06	3.180758e-06	3.155403e-09	2.066247e+01	1.889405e+02
2.400000e-06	3.200463e-06	3.179623e-09	2.079048e+01	1.904467e+02
2.410000e-06	3.219734e-06	3.203981e-09	2.091567e+01	1.919384e+02
2.420000e-06	3.238471e-06	3.229681e-09	2.103738e+01	1.934159e+02
2.430000e-06	3.256748e-06	3.253540e-09	2.115611e+01	1.948777e+02
2.440000e-06	3.274656e-06	3.276624e-09	2.127244e+01	1.963206e+02
2.450000e-06	3.292226e-06	3.303827e-09	2.138658e+01	1.977404e+02
2.460000e-06	3.309572e-06	3.331984e-09	2.149926e+01	1.991319e+02
2.470000e-06	3.326518e-06	3.353698e-09	2.160934e+01	2.004899e+02
2.480000e-06	3.342969e-06	3.373816e-09	2.171621e+01	2.018098e+02
2.490000e-06	3.358934e-06	3.394095e-09	2.181992e+01	2.030885e+02
2.500000e-06	3.374335e-06	3.413311e-09	2.191997e+01	2.043243e+02
2.510000e-06	3.389215e-06	3.427253e-09	2.201662e+01	2.055180e+02
2.520000e-06	3.403687e-06	3.443174e-09	2.211064e+01	2.066723e+02
2.530000e-06	3.417783e-06	3.466729e-09	2.220221e+01	2.077918e+02
2.540000e-06	3.431467e-06	3.489990e-09	2.229110e+01	2.088821e+02
2.550000e-06	3.444715e-06	3.509941e-09	2.237716e+01	2.099497e+02
2.560000e-06	3.457580e-06	3.526631e-09	2.246073e+01	2.110004e+02
2.570000e-06	3.470134e-06	3.543962e-09	2.254228e+01	2.120390e+02
2.580000e-06	3.482220e-06	3.560255e-09	2.262080e+01	2.130684e+02
2.590000e-06	3.493702e-06	3.569587e-09	2.269539e+01	2.140890e+02
2.600000e-06	3.504475e-06	3.578701e-09	2.276537e+01	2.150989e+02
2.610000e-06	3.514608e-06	3.596595e-09	2.283119e+01	2.160939e+02
2.620000e-06	3.524250e-06	3.616126e-09	2.289383e+01	2.170681e+02
2.630000e-06	3.533365e-06	3.632752e-09	2.295304e+01	2.180147e+02
2.640000e-06	3.542018e-06	3.645644e-09	2.300925e+01	2.189269e+02
2.650000e-06	3.550362e-06	3.662282e-09	2.306345e+01	2.197988e+02
2.660000e-06	3.558423e-06	3.677172e-09	2.311581e+01	2.206268e+02
2.670000e-06	3.566151e-06	3.683172e-09	2.316602e+01	2.214095e+02
2.680000e-06	3.573425e-06	3.689003e-09	2.321327e+01	2.221486e+02
2.690000e-06	3.580230e-06	3.699666e-09	2.325748e+01	2.228482e+02
2.700000e-06	3.586586e-06	3.714629e-09	2.329877e+01	2.235152e+02
2.710000e-06	3.592544e-06	3.727405e-09	2.333747e+01	2.241575e+02
2.720000e-06	3.598092e-06	3.741275e-09	2.337351e+01	2.247835e+02
2.730000e-06	3.603207e-06	3.755914e-09	2.340674e+01	2.254010e+02
2.740000e-06	3.607998e-06	3.767223e-09	2.343786e+01	2.260157e+02
2.750000e-06	3.612535e-06	3.770321e-09	2.346734e+01	2.266306e+02
2.760000e-06	3.616813e-06	3.773212e-09	2.349512e+01	2.272454e+02
2.770000e-06	3.620649e-06	3.783650e-09	2.352004e+01	2.278566e+02
2.780000e-06	3.623979e-06	3.796366e-09	2.354168e+01	2.284573e+02
2.790000e-06	3.626728e-06	3.806364e-09	2.355953e+01	2.290386e+02
2.800000e-06	3.628813e-06	3.813002e-09	2.357308e+01	2.295905e+02
2.810000e-06	3.630249e-06	3.822214e-09	2.358240e+01	2.301033e+02
2.820000e-06	3.631215e-06	3.829263e-09	2.358868e+01	2.305689e+02
2.830000e-06	3.631834e-06	3.829659e-09	2.359270e+01	2.309818e+02
2.840000e-06	3.632157e-06	3.829627e-09	2.359480e+01	2.313407e+02
2.850000e-06	3.632157e-06	3.835129e-09	2.359480e+01	2.316483e+02
2.860000e-06	3.631697e-06	3.843104e-09	2.359181e+01	2.319113e+02
2.870000e-06	3.630834e-06	3.851345e-09	2.358620e+01	2.321403e+02
2.880000e-06	3.629636e-06	3.860200e-09	2.357842e+01	2.323480e+02
2.890000e-06	3.628122e-06	3.868402e-09	2.356858e+01	2.325486e+02
2.900000e-06	3.626144e-06	3.876416e-09	2.355574e+01	2.327555e+02
2.910000e-06	3.623735e-06	3.878170e-09	2.354009e+01	2.329800e+02
2.920000e-06	3.620964e-06	3.848452e-09	2.352209e+01	2.332301e+02
2.930000e-06	3.617734e-06	3.844569e-09	2.350111e+01	2.335091e+02
2.940000e-06	3.614112e-06	3.945537e-09	2.347758e+01	2.338155e+02
2.950000e-06	3.610126e-06	3.948856e-09	2.345169e+01	2.341426e+02
2.960000e-06	3.605918e-06	3.789842e-09	2.342435e+01	2.344798e+02
2.970000e-06	3.601393e-06	3.753277e-09	2.339495e+01	2.348131e+02
2.980000e-06	3.596151e-06	3.951046e-09	2.336090e+01	2.351268e+02
2.990000e-06	3.590180e-06	3.998902e-09	2.332211e+01	2.354053e+02
3.000000e-06	3.583593e-06	3.863577e-09	2.327932e+01	2.356344e+02
3.010000e-06	3.576550e-06	3.954190e-09	2.323357e+01	2.358032e+02
3.020000e-06	3.569199e-06	4.075210e-09	2.318582e+01	2.359044e+02
3.030000e-06	3.561514e-06	4.031026e-09	2.313590e+01	2.359359e+02
3.040000e-06	3.553500e-06	3.947907e-09	2.308383e+01	2.358996e+02
3.050000e-06	3.545066e-06	4.043469e-09	2.302905e+01	2.358019e+02
3.060000e-06	3.536163e-06	3.951831e-09	2.297121e+01	2.356521e+02
3.070000e-06	3.526856e-06	3.957229e-09	2.291076e+01	2.354617e+02
3.080000e-06	3.517094e-06	4.176006e-09	2.284734e+01	2.352422e+02
3.090000e-06	3.506906e-06	3.992381e-09	2.278116e+01	2.350046e+02
3.100000e-06	3.496334e-06	3.865805e-09	2.271248e+01	2.347574e+02
3.110000e-06	3.485320e-06	4.076492e-09	2.264093e+01	2.345063e+02
3.120000e-06	3.473952e-06	4.184799e-09	2.256708e+01	2.342534e+02
3.130000e-06	3.462117e-06	3.965544e-09	2.249021e+01	2.339976e+02
3.140000e-06	3.449692e-06	4.006807e-09	2.240949e+01	2.337346e+02
3.150000e-06	3.436734e-06	4.196435e-09	2.232532e+01	2.334580e+02
3.160000e-06	3.423247e-06	4.123543e-09	2.223770e+01	2.331600e+02
3.170000e-06	3.409119e-06	3.978301e-09	2.214593e+01	2.328327e+02
3.180000e-06	3.394362e-06	3.976460e-09	2.205006e+01	2.324692e+02
3.190000e-06	3.379161e-06	4.059521e-09	2.195132e+01	2.320642e+02
3.200000e-06	3.363592e-06	4.083715e-09	2.185018e+01	2.316147e+02
3.210000e-06	3.347675e-06	3.950583e-09	2.174678e+01	2.311200e+02
3.220000e-06	3.331436e-06	3.910290e-09	2.164129e+01	2.305822e+02
3.230000e-06	3.314856e-06	4.081589e-09	2.153359e+01	2.300047e+02
3.240000e-06	3.297884e-06	4.015724e-09	2.142334e+01	2.293928e+02
3.250000e-06	3.280603e-06	3.876544e-09	2.131108e+01	2.287519e+02
3.260000e-06	3.262991e-06	3.912986e-09	2.119667e+01	2.280874e+02
3.270000e-06	3.244931e-06	3.965012e-09	2.107934e+01	2.274037e+02
3.280000e-06	3.226432e-06	3.932483e-09	2.095918e+01	2.267041e+02
3.290000e-06	3.207608e-06	3.887144e-09	2.083690e+01	2.259900e+02
3.300000e-06	3.188453e-06	3.853121e-09	2.071246e+01	2.252615e+02
3.310000e-06	3.168979e-06	3.911163e-09	2.058596e+01	2.245173e+02
3.320000e-06	3.149343e-06	3.905319e-09	2.045840e+01	2.237550e+02
3.330000e-06	3.129458e-06	3.802946e-09	2.032923e+01	2.229722e+02
3.340000e-06	3.109123e-06	3.800567e-09	2.019713e+01	2.221662e+02
3.350000e-06	3.088321e-06	3.838727e-09	2.006199e+01	2.213352e+02
3.360000e-06	3.067000e-06	3.836362e-09	1.992349e+01	2.204780e+02
3.370000e-06	3.045109e-06	3.782702e-09	1.978129e+01	2.195947e+02
3.380000e-06	3.022651e-06	3.746173e-09	1.963540e+01	2.186860e+02
3.390000e-06	2.999664e-06	3.778122e-09	1.948607e+01	2.177537e+02
3.400000e-06	2.976336e-06	3.782486e-09	1.933453e+01	2.167999e+02
3.410000e-06	2.952789e-06	3.706682e-09	1.918157e+01	2.158267e+02
3.420000e-06	2.929034e-06	3.677625e-09	1.902725e+01	2.148359e+02
3.430000e-06	2.905009e-06	3.702474e-09	1.887118e+01	2.138286e+02
3.440000e-06	2.880667e-06	3.708814e-09	1.871306e+01	2.128051e+02
3.450000e-06	2.855967e-06	3.653688e-09	1.855260e+01	2.117649e+02
3.460000e-06	2.830908e-06	3.607197e-09	1.838982e+01	2.107066e+02
3.470000e-06	2.805463e-06	3.634244e-09	1.822453e+01	2.096284e+02
3.480000e-06	2.779618e-06	3.627206e-09	1.805663e+01	2.085280e+02
3.490000e-06	2.753444e-06	3.564435e-09	1.788661e+01	2.074038e+02
3.500000e-06	2.726996e-06	3.526237e-09	1.771480e+01	2.062541e+02
3.510000e-06	2.700269e-06	3.537120e-09	1.754117e+01	2.050782e+02
3.520000e-06	2.673265e-06	3.540961e-09	1.736575e+01	2.038763e+02
3.530000e-06	2.645988e-06	3.484181e-09	1.718856e+01	2.026491e+02
3.540000e-06	2.618475e-06	3.439059e-09	1.700983e+01	2.013981e+02
3.550000e-06	2.590736e-06	3.452153e-09	1.682964e+01	2.001251e+02
3.560000e-06	2.562788e-06	3.444595e-09	1.664809e+01	1.988319e+02
3.570000e-06	2.534543e-06	3.389630e-09	1.646461e+01	1.975200e+02
3.580000e-06	2.505800e-06	3.349990e-09	1.627789e+01	1.961900e+02
3.590000e-06	2.476659e-06	3.354905e-09	1.608859e+01	1.948421e+02
3.600000e-06	2.447160e-06	3.355636e-09	1.589696e+01	1.934751e+02
3.610000e-06	2.417075e-06	3.302696e-09	1.570152e+01	1.920875e+02
3.620000e-06	2.386514e-06	3.260315e-09	1.550300e+01	1.906769e+02
3.630000e-06	2.355645e-06	3.256562e-09	1.530247e+01	1.892408e+02
3.640000e-06	2.324493e-06	3.247881e-09	1.510010e+01	1.877767e+02
3.650000e-06	2.293134e-06	3.203530e-09	1.489640e+01	1.862828e+02
3.660000e-06	2.261584e-06	3.157586e-09	1.469144e+01	1.847581e+02
3.670000e-06	2.229899e-06	3.151655e-09	1.448562e+01	1.832025e+02
3.680000e-06	2.198032e-06	3.141866e-09	1.427860e+01	1.816171e+02
3.690000e-06	2.165900e-06	3.097995e-09	1.406987e+01	1.800040e+02
3.700000e-06	2.133453e-06	3.052751e-09	1.385909e+01	1.783660e+02
3.710000e-06	2.100715e-06	3.035666e-09	1.364642e+01	1.767061e+02
3.720000e-06	2.067752e-06	3.022339e-09	1.343229e+01	1.750276e+02
3.730000e-06	2.034579e-06	2.980153e-09	1.321680e+01	1.733329e+02
3.740000e-06	2.001197e-06	2.932442e-09	1.299995e+01	1.716239e+02
3.750000e-06	1.967691e-06	2.913168e-09	1.278229e+01	1.699013e+02
3.760000e-06	1.933954e-06	2.897441e-09	1.256313e+01	1.681647e+02
3.770000e-06	1.899929e-06	2.860748e-09	1.234210e+01	1.664127e+02
3.780000e-06	1.865695e-06	2.815062e-09	1.211971e+01	1.646429e+02
3.790000e-06	1.831205e-06	2.793445e-09	1.189566e+01	1.628527e+02
3.800000e-06	1.796435e-06	2.776028e-09	1.166979e+01	1.610392e+02
3.810000e-06	1.761477e-06	2.733843e-09	1.144270e+01	1.592001e+02
3.820000e-06	1.726325e-06	2.682714e-09	1.121435e+01	1.573338e+02
3.830000e-06	1.691032e-06	2.650855e-09	1.098509e+01	1.554395e+02
3.840000e-06	1.655647e-06	2.630424e-09	1.075522e+01	1.535176e+02
3.850000e-06	1.620138e-06	2.590279e-09	1.052456e+01	1.515697e+02
3.860000e-06	1.584564e-06	2.544496e-09	1.029346e+01	1.495978e+02
3.870000e-06	1.548900e-06	2.514654e-09	1.006179e+01	1.476047e+02
3.880000e-06	1.513112e-06	2.491019e-09	9.829303e+00	1.455930e+02
3.890000e-06	1.477194e-06	2.455206e-09	9.595979e+00	1.435651e+02
3.900000e-06	1.441112e-06	2.408796e-09	9.361586e+00	1.415225e+02
3.910000e-06	1.404701e-06	2.375429e-09	9.125055e+00	1.394659e+02
3.920000e-06	1.367951e-06	2.349672e-09	8.886322e+00	1.373948e+02
3.930000e-06	1.330877e-06	2.309741e-09	8.645491e+00	1.353080e+02
3.940000e-06	1.293548e-06	2.263843e-09	8.402995e+00	1.332031e+02
3.950000e-06	1.256078e-06	2.226403e-09	8.159589e+00	1.310777e+02
3.960000e-06	1.218354e-06	2.198575e-09	7.914530e+00	1.289293e+02
3.970000e-06	1.180324e-06	2.160419e-09	7.667484e+00	1.267558e+02
3.980000e-06	1.142023e-06	2.114594e-09	7.418676e+00	1.245559e+02
3.990000e-06	1.103493e-06	2.078592e-09	7.168384e+00	1.223293e+02
4.000000e-06	1.064719e-06	2.048516e-09	6.916505e+00	1.200771e+02
4.010000e-06	1.025741e-06	2.008899e-09	6.663300e+00	1.178012e+02
4.020000e-06	9.866265e-07	1.958541e-09	6.409209e+00	1.155044e+02
4.030000e-06	9.474346e-07	1.912852e-09	6.154615e+00	1.131901e+02
4.040000e-06	9.082586e-07	1.877148e-09	5.900125e+00	1.108615e+02
4.050000e-06	8.689855e-07	1.840016e-09	5.645003e+00	1.085214e+02
4.060000e-06	8.296147e-07	1.799277e-09	5.389247e+00	1.061720e+02
4.070000e-06	7.901939e-07	1.764096e-09	5.133166e+00	1.038139e+02
4.080000e-06	7.507185e-07	1.733507e-09	4.876731e+00	1.014467e+02
4.090000e-06	7.112318e-07	1.692829e-09	4.620222e+00	9.906869e+01
4.100000e-06	6.717204e-07	1.642109e-09	4.363553e+00	9.667708e+01
4.110000e-06	6.321413e-07	1.594432e-09	4.106443e+00	9.426841e+01
4.120000e-06	5.925033e-07	1.551722e-09	3.848951e+00	9.183901e+01
4.130000e-06	5.528238e-07	1.508220e-09	3.591190e+00	8.938544e+01
4.140000e-06	5.131315e-07	1.464149e-09	3.333345e+00	8.690500e+01
4.150000e-06	4.734697e-07	1.427053e-09	3.075699e+00	8.439602e+01
4.160000e-06	4.337538e-07	1.392057e-09	2.817701e+00	8.185814e+01
4.170000e-06	3.940111e-07	1.349092e-09	2.559529e+00	7.929227e+01
4.180000e-06	3.543017e-07	1.297534e-09	2.301574e+00	7.670052e+01
4.190000e-06	3.145635e-07	1.246611e-09	2.043431e+00	7.408586e+01
4.200000e-06	2.747628e-07	1.200405e-09	1.784883e+00	7.145174e+01
4.210000e-06	2.348624e-07	1.154021e-09	1.525686e+00	6.880164e+01
4.220000e-06	1.949315e-07	1.102734e-09	1.266292e+00	6.613866e+01
4.230000e-06	1.550842e-07	1.055129e-09	1.007440e+00	6.346511e+01
4.240000e-06	1.152023e-07	1.015171e-09	7.483637e-01	6.078231e+01
4.250000e-06	7.525069e-08	9.742124e-10	4.888349e-01	5.809049e+01
4.260000e-06	3.528355e-08	9.267119e-10	2.292049e-01	5.538889e+01
4.270000e-06	-4.717908e-09	8.755632e-10	-3.064793e-02	5.267593e+01
4.280000e-06	-4.469367e-08	8.267045e-10	-2.903339e-01	4.994957e+01
4.290000e-06	-8.460157e-08	7.802985e-10	-5.495790e-01	4.720767e+01
4.300000e-06	-1.244940e-07	7.306786e-10	-8.087237e-01	4.444834e+01
4.310000e-06	-1.643568e-07	6.797321e-10	-1.067676e+00	4.167025e+01
4.320000e-06	-2.042031e-07	6.328094e-10	-1.326520e+00	3.887284e+01
4.330000e-06	-2.440646e-07	5.853936e-10	-1.585464e+00	3.605636e+01
4.340000e-06	-2.839182e-07	5.376238e-10	-1.844357e+00	3.322186e+01
4.350000e-06	-3.237314e-07	4.855622e-10	-2.102987e+00	3.037090e+01
4.360000e-06	-3.635135e-07	4.356769e-10	-2.361415e+00	2.750537e+01
4.370000e-06	-4.032912e-07	3.882445e-10	-2.619813e+00	2.462710e+01
4.380000e-06	-4.429725e-07	3.397435e-10	-2.877587e+00	2.173763e+01
4.390000e-06	-4.826181e-07	2.903014e-10	-3.135128e+00	1.883791e+01
4.400000e-06	-5.222693e-07	2.421992e-10	-3.392706e+00	1.592825e+01
4.410000e-06	-5.618960e-07	1.935657e-10	-3.650124e+00	1.300827e+01
4.420000e-06	-6.014771e-07	1.392012e-10	-3.907246e+00	1.007708e+01
4.430000e-06	-6.410400e-07	8.595216e-11	-4.164250e+00	7.133490e+00
4.440000e-06	-6.805937e-07	3.384256e-11	-4.421194e+00	4.176376e+00
4.450000e-06	-7.201076e-07	-1.566845e-11	-4.677880e+00	1.205005e+00
4.460000e-06	-7.595779e-07	-6.659608e-11	-4.934283e+00	-1.780643e+00
4.470000e-06	-7.990215e-07	-1.169915e-10	-5.190511e+00	-4.779638e+00
4.480000e-06	-8.384302e-07	-1.654003e-10	-5.446514e+00	-7.789984e+00
4.490000e-06	-8.777741e-07	-2.147951e-10	-5.702095e+00	-1.080865e+01
4.500000e-06	-9.170347e-07	-2.692924e-10	-5.957135e+00	-1.383173e+01
4.510000e-06	-9.562322e-07	-3.251171e-10	-6.211765e+00	-1.685475e+01
4.520000e-06	-9.952645e-07	-3.790158e-10	-6.465323e+00	-1.987304e+01
4.530000e-06	-1.034147e-06	-4.315962e-10	-6.717907e+00	-2.288209e+01
4.540000e-06	-1.072963e-06	-4.813432e-10	-6.970059e+00	-2.587802e+01
4.550000e-06	-1.111632e-06	-5.297781e-10	-7.221255e+00	-2.885778e+01
4.560000e-06	-1.150072e-06	-5.795285e-10	-7.470963e+00	-3.181940e+01
4.570000e-06	-1.188231e-06	-6.302208e-10	-7.718850e+00	-3.476202e+01
4.580000e-06	-1.226126e-06	-6.794109e-10	-7.965020e+00	-3.768574e+01
4.590000e-06	-1.263740e-06	-7.294216e-10	-8.209359e+00	-4.059145e+01
4.600000e-06	-1.301113e-06	-7.788109e-10	-8.452140e+00	-4.348050e+01
4.610000e-06	-1.338146e-06	-8.266114e-10	-8.692709e+00	-4.635435e+01
4.620000e-06	-1.374900e-06	-8.749807e-10	-8.931464e+00	-4.921424e+01
4.630000e-06	-1.411432e-06	-9.257794e-10	-9.168779e+00	-5.206097e+01
4.640000e-06	-1.447630e-06	-9.753775e-10	-9.403925e+00	-5.489469e+01
4.650000e-06	-1.483619e-06	-1.022484e-09	-9.637714e+00	-5.771494e+01
4.660000e-06	-1.519495e-06	-1.068526e-09	-9.870768e+00	-6.052072e+01
4.670000e-06	-1.555196e-06	-1.115936e-09	-1.010269e+01	-6.331072e+01
4.680000e-06	-1.590782e-06	-1.162818e-09	-1.033386e+01	-6.608358e+01
4.690000e-06	-1.626319e-06	-1.204118e-09	-1.056471e+01	-6.883822e+01
4.700000e-06	-1.661786e-06	-1.246678e-09	-1.079510e+01	-7.157404e+01
4.710000e-06	-1.697199e-06	-1.295706e-09	-1.102515e+01	-7.429114e+01
4.720000e-06	-1.732515e-06	-1.345770e-09	-1.125457e+01	-7.699034e+01
4.730000e-06	-1.767672e-06	-1.391556e-09	-1.148295e+01	-7.967310e+01
4.740000e-06	-1.802566e-06	-1.436103e-09	-1.170962e+01	-8.234130e+01
4.750000e-06	-1.837213e-06	-1.482208e-09	-1.193469e+01	-8.499690e+01
4.760000e-06	-1.871569e-06	-1.529635e-09	-1.215787e+01	-8.764157e+01
4.770000e-06	-1.905615e-06	-1.573477e-09	-1.237904e+01	-9.027636e+01
4.780000e-06	-1.939497e-06	-1.614472e-09	-1.259914e+01	-9.290132e+01
4.790000e-06	-1.973192e-06	-1.657727e-09	-1.281802e+01	-9.551535e+01
4.800000e-06	-2.006673e-06	-1.704697e-09	-1.303552e+01	-9.811619e+01
4.810000e-06	-2.039934e-06	-1.749948e-09	-1.325158e+01	-1.007005e+02
4.820000e-06	-2.072940e-06	-1.791925e-09	-1.346599e+01	-1.032642e+02
4.830000e-06	-2.105629e-06	-1.835522e-09	-1.367834e+01	-1.058028e+02
4.840000e-06	-2.137943e-06	-1.880812e-09	-1.388826e+01	-1.083121e+02
4.850000e-06	-2.170031e-06	-1.923890e-09	-1.409671e+01	-1.107885e+02
4.860000e-06	-2.201963e-06	-1.962991e-09	-1.430414e+01	-1.132297e+02
4.870000e-06	-2.233697e-06	-2.001739e-09	-1.451029e+01	-1.156347e+02
4.880000e-06	-2.265265e-06	-2.039739e-09	-1.471535e+01	-1.180041e+02
4.890000e-06	-2.296588e-06	-2.076333e-09	-1.491883e+01	-1.203402e+02
4.900000e-06	-2.327669e-06	-2.112729e-09	-1.512073e+01	-1.226466e+02
4.910000e-06	-2.358510e-06	-2.152612e-09	-1.532108e+01	-1.249278e+02
4.920000e-06	-2.389082e-06	-2.194345e-09	-1.551968e+01	-1.271886e+02
4.930000e-06	-2.419241e-06	-2.234667e-09	-1.571560e+01	-1.294337e+02
4.940000e-06	-2.448835e-06	-2.271616e-09	-1.590784e+01	-1.316670e+02
4.950000e-06	-2.477869e-06	-2.312036e-09	-1.609645e+01	-1.338914e+02
4.960000e-06	-2.506408e-06	-2.351976e-09	-1.628184e+01	-1.361081e+02
4.970000e-06	-2.534600e-06	-2.387808e-09	-1.646498e+01	-1.383168e+02
4.980000e-06	-2.562499e-06	-2.422287e-09	-1.664621e+01	-1.405160e+02
4.990000e-06	-2.590161e-06	-2.459036e-09	-1.682590e+01	-1.427027e+02
5.000000e-06	-2.617697e-06	-2.498810e-09	-1.700478e+01	-1.448734e+02
5.010000e-06	-2.645061e-06	-2.533213e-09	-1.718254e+01	-1.470242e+02
5.020000e-06	-2.672160e-06	-2.567620e-09	-1.735858e+01	-1.491514e+02
5.030000e-06	-2.699014e-06	-2.606460e-09	-1.753302e+01	-1.512522e+02
5.040000e-06	-2.725533e-06	-2.645484e-09	-1.770530e+01	-1.533243e+02
5.050000e-06	-2.751676e-06	-2.680294e-09	-1.787512e+01	-1.553670e+02
5.060000e-06	-2.777470e-06	-2.711267e-09	-1.804268e+01	-1.573800e+02
5.070000e-06	-2.802969e-06	-2.745380e-09	-1.820832e+01	-1.593641e+02
5.080000e-06	-2.828170e-06	-2.779904e-09	-1.837203e+01	-1.613207e+02
5.090000e-06	-2.852975e-06	-2.808996e-09	-1.853316e+01	-1.632510e+02
5.100000e-06	-2.877370e-06	-2.835076e-09	-1.869164e+01	-1.651560e+02
5.110000e-06	-2.901413e-06	-2.865099e-09	-1.884782e+01	-1.670362e+02
5.120000e-06	-2.925228e-06	-2.897361e-09	-1.900253e+01	-1.688913e+02
5.130000e-06	-2.948841e-06	-2.927579e-09	-1.915592e+01	-1.707204e+02
5.140000e-06	-2.972265e-06	-2.958106e-09	-1.930808e+01	-1.725218e+02
5.150000e-06	-2.995454e-06	-2.989584e-09	-1.945872e+01	-1.742936e+02
5.160000e-06	-3.018255e-06	-3.021052e-09	-1.960684e+01	-1.760341e+02
5.170000e-06	-3.040540e-06	-3.045987e-09	-1.975160e+01	-1.777418e+02
5.180000e-06	-3.062299e-06	-3.065659e-09	-1.989295e+01	-1.794163e+02
5.190000e-06	-3.083399e-06	-3.091820e-09	-2.003002e+01	-1.810580e+02
5.200000e-06	-3.103843e-06	-3.119514e-09	-2.016283e+01	-1.826685e+02
5.210000e-06	-3.123955e-06	-3.145822e-09	-2.029348e+01	-1.842506e+02
5.220000e-06	-3.143831e-06	-3.171765e-09	-2.042259e+01	-1.858076e+02
5.230000e-06	-3.163374e-06	-3.197679e-09	-2.054955e+01	-1.873431e+02
5.240000e-06	-3.182652e-06	-3.223965e-09	-2.067478e+01	-1.888605e+02
5.250000e-06	-3.201675e-06	-3.246878e-09	-2.079835e+01	-1.903624e+02
5.260000e-06	-3.220378e-06	-3.270135e-09	-2.091985e+01	-1.918501e+02
5.270000e-06	-3.238669e-06	-3.295006e-09	-2.103867e+01	-1.933233e+02
5.280000e-06	-3.256473e-06	-3.319676e-09	-2.115432e+01	-1.947802e+02
5.290000e-06	-3.273998e-06	-3.341686e-09	-2.126817e+01	-1.962173e+02
5.300000e-06	-3.291240e-06	-3.361390e-09	-2.138018e+01	-1.976299e+02
5.310000e-06	-3.308068e-06	-3.383792e-09	-2.148949e+01	-1.990130e+02
5.320000e-06	-3.324510e-06	-3.407415e-09	-2.159630e+01	-2.003613e+02
5.330000e-06	-3.340539e-06	-3.428789e-09	-2.170042e+01	-2.016706e+02
5.340000e-06	-3.356246e-06	-3.447431e-09	-2.180246e+01	-2.029381e+02
5.350000e-06	-3.371727e-06	-3.464739e-09	-2.190302e+01	-2.041628e+02
5.360000e-06	-3.386911e-06	-3.484892e-09	-2.200166e+01	-2.053458e+02
5.370000e-06	-3.401701e-06	-3.503800e-09	-2.209774e+01	-2.064903e+02
5.380000e-06	-3.415783e-06	-3.521671e-09	-2.218922e+01	-2.076014e+02
5.390000e-06	-3.429009e-06	-3.540690e-09	-2.227513e+01	-2.086849e+02
5.400000e-06	-3.441569e-06	-3.559961e-09	-2.235673e+01	-2.097472e+02
5.410000e-06	-3.453699e-06	-3.577946e-09	-2.243552e+01	-2.107940e+02
5.420000e-06	-3.465456e-06	-3.594513e-09	-2.251190e+01	-2.118295e+02
5.430000e-06	-3.476834e-06	-3.613910e-09	-2.258581e+01	-2.128562e+02
5.440000e-06	-3.487769e-06	-3.633407e-09	-2.265684e+01	-2.138739e+02
5.450000e-06	-3.498270e-06	-3.650193e-09	-2.272506e+01	-2.148800e+02
5.460000e-06	-3.508389e-06	-3.667588e-09	-2.279079e+01	-2.158699e+02
5.470000e-06	-3.518121e-06	-3.684752e-09	-2.285401e+01	-2.168373e+02
5.480000e-06	-3.527454e-06	-3.700462e-09	-2.291464e+01	-2.177754e+02
5.490000e-06	-3.536376e-06	-3.713546e-09	-2.297260e+01	-2.186774e+02
5.500000e-06	-3.544829e-06	-3.726608e-09	-2.302751e+01	-2.195381e+02
5.510000e-06	-3.552824e-06	-3.742812e-09	-2.307944e+01	-2.203543e+02
5.520000e-06	-3.560562e-06	-3.756381e-09	-2.312971e+01	-2.211253e+02
5.530000e-06	-3.568064e-06	-3.768362e-09	-2.317844e+01	-2.218534e+02
5.540000e-06	-3.575296e-06	-3.780404e-09	-2.322542e+01	-2.225437e+02
5.550000e-06	-3.582126e-06	-3.793150e-09	-2.326980e+01	-2.232031e+02
5.560000e-06	-3.588414e-06	-3.804721e-09	-2.331064e+01	-2.238400e+02
5.570000e-06	-3.594058e-06	-3.815637e-09	-2.334731e+01	-2.244627e+02
5.580000e-06	-3.598944e-06	-3.827383e-09	-2.337905e+01	-2.250785e+02
5.590000e-06	-3.603230e-06	-3.837841e-09	-2.340689e+01	-2.256926e+02
5.600000e-06	-3.607116e-06	-3.848579e-09	-2.343213e+01	-2.263071e+02
5.610000e-06	-3.610695e-06	-3.861307e-09	-2.345538e+01	-2.269209e+02
5.620000e-06	-3.614016e-06	-3.871603e-09	-2.347695e+01	-2.275297e+02
5.630000e-06	-3.616941e-06	-3.878639e-09	-2.349595e+01	-2.281259e+02
5.640000e-06	-3.619405e-06	-3.888704e-09	-2.351196e+01	-2.287003e+02
5.650000e-06	-3.621445e-06	-3.900250e-09	-2.352521e+01	-2.292428e+02
5.660000e-06	-3.623163e-06	-3.908670e-09	-2.353637e+01	-2.297439e+02
5.670000e-06	-3.624609e-06	-3.916662e-09	-2.354577e+01	-2.301961e+02
5.680000e-06	-3.625599e-06	-3.927093e-09	-2.355220e+01	-2.305950e+02
5.690000e-06	-3.626089e-06	-3.934016e-09	-2.355538e+01	-2.309401e+02
