# Temperatura_=_20.0
# Concentracion g/m^3_=_12000.0
# C_Vs_to_Am_M_A/Vsm_=_59384043850.047264
# pendiente_HvsI_1/m_=_3716.3
# ordenada_HvsI_A/m_=_1297.0
# frecuencia_Hz_=_175591.92709963286

Tiempo_(s)	Campo_(V.s)	Magnetizacion_(V.s)	Campo_(kA/m)	Magnetizacion_(A/m)
0.000000e+00	-3.627269e-06	-3.910729e-09	-2.355439e+01	-2.293693e+02
1.000000e-08	-3.626864e-06	-3.911753e-09	-2.355176e+01	-2.296177e+02
2.000000e-08	-3.626240e-06	-3.911594e-09	-2.354771e+01	-2.298419e+02
3.000000e-08	-3.625371e-06	-3.914883e-09	-2.354207e+01	-2.300585e+02
4.000000e-08	-3.624095e-06	-3.921985e-09	-2.353378e+01	-2.302837e+02
5.000000e-08	-3.622263e-06	-3.929187e-09	-2.352189e+01	-2.305313e+02
6.000000e-08	-3.619774e-06	-3.942428e-09	-2.350572e+01	-2.308108e+02
7.000000e-08	-3.616581e-06	-3.964394e-09	-2.348499e+01	-2.311263e+02
8.000000e-08	-3.612790e-06	-3.939042e-09	-2.346037e+01	-2.314752e+02
9.000000e-08	-3.608492e-06	-3.842484e-09	-2.343246e+01	-2.318491e+02
1.000000e-07	-3.603882e-06	-3.832505e-09	-2.340253e+01	-2.322345e+02
1.100000e-07	-3.599097e-06	-4.014192e-09	-2.337145e+01	-2.326142e+02
1.200000e-07	-3.593957e-06	-4.088357e-09	-2.333807e+01	-2.329697e+02
1.300000e-07	-3.588368e-06	-3.889629e-09	-2.330178e+01	-2.332832e+02
1.400000e-07	-3.582400e-06	-3.797591e-09	-2.326303e+01	-2.335403e+02
1.500000e-07	-3.576012e-06	-3.989114e-09	-2.322154e+01	-2.337313e+02
1.600000e-07	-3.569175e-06	-4.006694e-09	-2.317715e+01	-2.338525e+02
1.700000e-07	-3.561865e-06	-3.793131e-09	-2.312968e+01	-2.339068e+02
1.800000e-07	-3.554102e-06	-3.787865e-09	-2.307927e+01	-2.339032e+02
1.900000e-07	-3.545968e-06	-3.919119e-09	-2.302644e+01	-2.338553e+02
2.000000e-07	-3.537490e-06	-3.916511e-09	-2.297140e+01	-2.337799e+02
2.100000e-07	-3.528735e-06	-3.909494e-09	-2.291454e+01	-2.336942e+02
2.200000e-07	-3.519656e-06	-3.895906e-09	-2.285558e+01	-2.336140e+02
2.300000e-07	-3.510099e-06	-3.753978e-09	-2.279353e+01	-2.335511e+02
2.400000e-07	-3.499891e-06	-3.840004e-09	-2.272724e+01	-2.335120e+02
2.500000e-07	-3.489069e-06	-4.010061e-09	-2.265696e+01	-2.334970e+02
2.600000e-07	-3.477726e-06	-3.857977e-09	-2.258330e+01	-2.334997e+02
2.700000e-07	-3.465771e-06	-3.702468e-09	-2.250567e+01	-2.335081e+02
2.800000e-07	-3.453203e-06	-3.898160e-09	-2.242406e+01	-2.335059e+02
2.900000e-07	-3.440213e-06	-4.000044e-09	-2.233971e+01	-2.334743e+02
3.000000e-07	-3.426925e-06	-3.768771e-09	-2.225342e+01	-2.333946e+02
3.100000e-07	-3.413189e-06	-3.699800e-09	-2.216422e+01	-2.332501e+02
3.200000e-07	-3.399015e-06	-3.860596e-09	-2.207218e+01	-2.330282e+02
3.300000e-07	-3.384453e-06	-3.912785e-09	-2.197762e+01	-2.327217e+02
3.400000e-07	-3.369367e-06	-3.785479e-09	-2.187965e+01	-2.323293e+02
3.500000e-07	-3.353730e-06	-3.729590e-09	-2.177811e+01	-2.318560e+02
3.600000e-07	-3.337444e-06	-3.817537e-09	-2.167235e+01	-2.313118e+02
3.700000e-07	-3.320434e-06	-3.858535e-09	-2.156190e+01	-2.307103e+02
3.800000e-07	-3.303048e-06	-3.752445e-09	-2.144900e+01	-2.300673e+02
3.900000e-07	-3.285435e-06	-3.710920e-09	-2.133462e+01	-2.293981e+02
4.000000e-07	-3.267459e-06	-3.781968e-09	-2.121789e+01	-2.287164e+02
4.100000e-07	-3.249199e-06	-3.801074e-09	-2.109932e+01	-2.280322e+02
4.200000e-07	-3.230668e-06	-3.743615e-09	-2.097899e+01	-2.273514e+02
4.300000e-07	-3.211677e-06	-3.693473e-09	-2.085566e+01	-2.266749e+02
4.400000e-07	-3.192205e-06	-3.714071e-09	-2.072921e+01	-2.259995e+02
4.500000e-07	-3.172306e-06	-3.747639e-09	-2.060000e+01	-2.253182e+02
4.600000e-07	-3.152041e-06	-3.709166e-09	-2.046840e+01	-2.246222e+02
4.700000e-07	-3.131543e-06	-3.650620e-09	-2.033530e+01	-2.239020e+02
4.800000e-07	-3.110832e-06	-3.682874e-09	-2.020081e+01	-2.231488e+02
4.900000e-07	-3.089855e-06	-3.708137e-09	-2.006458e+01	-2.223563e+02
5.000000e-07	-3.068579e-06	-3.654841e-09	-1.992643e+01	-2.215211e+02
5.100000e-07	-3.047042e-06	-3.599488e-09	-1.978657e+01	-2.206434e+02
5.200000e-07	-3.025094e-06	-3.611247e-09	-1.964405e+01	-2.197267e+02
5.300000e-07	-3.002700e-06	-3.628579e-09	-1.949863e+01	-2.187770e+02
5.400000e-07	-2.980014e-06	-3.594179e-09	-1.935131e+01	-2.178023e+02
5.500000e-07	-2.957018e-06	-3.551745e-09	-1.920198e+01	-2.168106e+02
5.600000e-07	-2.933612e-06	-3.557795e-09	-1.904999e+01	-2.158092e+02
5.700000e-07	-2.909802e-06	-3.576405e-09	-1.889537e+01	-2.148036e+02
5.800000e-07	-2.885658e-06	-3.537513e-09	-1.873859e+01	-2.137965e+02
5.900000e-07	-2.861251e-06	-3.486255e-09	-1.858010e+01	-2.127876e+02
6.000000e-07	-2.836609e-06	-3.489602e-09	-1.842008e+01	-2.117736e+02
6.100000e-07	-2.811733e-06	-3.506274e-09	-1.825854e+01	-2.107490e+02
6.200000e-07	-2.786576e-06	-3.466035e-09	-1.809518e+01	-2.097069e+02
6.300000e-07	-2.760991e-06	-3.418719e-09	-1.792904e+01	-2.086399e+02
6.400000e-07	-2.734879e-06	-3.421672e-09	-1.775948e+01	-2.075411e+02
6.500000e-07	-2.708293e-06	-3.436019e-09	-1.758684e+01	-2.064056e+02
6.600000e-07	-2.681256e-06	-3.403760e-09	-1.741127e+01	-2.052303e+02
6.700000e-07	-2.653716e-06	-3.357717e-09	-1.723243e+01	-2.040151e+02
6.800000e-07	-2.625720e-06	-3.354450e-09	-1.705064e+01	-2.027619e+02
6.900000e-07	-2.597400e-06	-3.361820e-09	-1.686673e+01	-2.014748e+02
7.000000e-07	-2.568877e-06	-3.325029e-09	-1.668151e+01	-2.001589e+02
7.100000e-07	-2.540203e-06	-3.270730e-09	-1.649531e+01	-1.988196e+02
7.200000e-07	-2.511308e-06	-3.258086e-09	-1.630768e+01	-1.974614e+02
7.300000e-07	-2.482124e-06	-3.262378e-09	-1.611817e+01	-1.960877e+02
7.400000e-07	-2.452631e-06	-3.235085e-09	-1.592664e+01	-1.946997e+02
7.500000e-07	-2.422816e-06	-3.194527e-09	-1.573303e+01	-1.932964e+02
7.600000e-07	-2.392703e-06	-3.184540e-09	-1.553749e+01	-1.918752e+02
7.700000e-07	-2.362344e-06	-3.185531e-09	-1.534035e+01	-1.904319e+02
7.800000e-07	-2.331754e-06	-3.152239e-09	-1.514171e+01	-1.889618e+02
7.900000e-07	-2.300971e-06	-3.101843e-09	-1.494181e+01	-1.874606e+02
8.000000e-07	-2.269946e-06	-3.075872e-09	-1.474035e+01	-1.859251e+02
8.100000e-07	-2.238598e-06	-3.065622e-09	-1.453678e+01	-1.843539e+02
8.200000e-07	-2.206904e-06	-3.034878e-09	-1.433097e+01	-1.827482e+02
8.300000e-07	-2.174951e-06	-2.992753e-09	-1.412348e+01	-1.811110e+02
8.400000e-07	-2.142841e-06	-2.972657e-09	-1.391496e+01	-1.794477e+02
8.500000e-07	-2.110552e-06	-2.965632e-09	-1.370529e+01	-1.777649e+02
8.600000e-07	-2.078109e-06	-2.937625e-09	-1.349461e+01	-1.760694e+02
8.700000e-07	-2.045511e-06	-2.891983e-09	-1.328293e+01	-1.743676e+02
8.800000e-07	-2.012782e-06	-2.860204e-09	-1.307040e+01	-1.726644e+02
8.900000e-07	-1.979877e-06	-2.846426e-09	-1.285673e+01	-1.709622e+02
9.000000e-07	-1.946674e-06	-2.820585e-09	-1.264111e+01	-1.692606e+02
9.100000e-07	-1.913210e-06	-2.781635e-09	-1.242381e+01	-1.675567e+02
9.200000e-07	-1.879484e-06	-2.754585e-09	-1.220480e+01	-1.658446e+02
9.300000e-07	-1.845382e-06	-2.741314e-09	-1.198335e+01	-1.641171e+02
9.400000e-07	-1.810859e-06	-2.716548e-09	-1.175917e+01	-1.623659e+02
9.500000e-07	-1.775909e-06	-2.675806e-09	-1.153222e+01	-1.605830e+02
9.600000e-07	-1.740638e-06	-2.644921e-09	-1.130318e+01	-1.587618e+02
9.700000e-07	-1.705112e-06	-2.627884e-09	-1.107248e+01	-1.568979e+02
9.800000e-07	-1.669290e-06	-2.600428e-09	-1.083987e+01	-1.549896e+02
9.900000e-07	-1.633138e-06	-2.558597e-09	-1.060510e+01	-1.530385e+02
1.000000e-06	-1.596817e-06	-2.523139e-09	-1.036925e+01	-1.510487e+02
1.010000e-06	-1.560454e-06	-2.497581e-09	-1.013311e+01	-1.490267e+02
1.020000e-06	-1.523964e-06	-2.463807e-09	-9.896160e+00	-1.469803e+02
1.030000e-06	-1.487346e-06	-2.419937e-09	-9.658375e+00	-1.449174e+02
1.040000e-06	-1.450619e-06	-2.385888e-09	-9.419884e+00	-1.428451e+02
1.050000e-06	-1.413817e-06	-2.364003e-09	-9.180899e+00	-1.407687e+02
1.060000e-06	-1.376928e-06	-2.340209e-09	-8.941356e+00	-1.386912e+02
1.070000e-06	-1.339830e-06	-2.305001e-09	-8.700455e+00	-1.366124e+02
1.080000e-06	-1.302581e-06	-2.268661e-09	-8.458567e+00	-1.345298e+02
1.090000e-06	-1.265212e-06	-2.235096e-09	-8.215907e+00	-1.324385e+02
1.100000e-06	-1.227659e-06	-2.197255e-09	-7.972050e+00	-1.303323e+02
1.110000e-06	-1.189953e-06	-2.152216e-09	-7.727195e+00	-1.282045e+02
1.120000e-06	-1.152020e-06	-2.110941e-09	-7.480869e+00	-1.260489e+02
1.130000e-06	-1.113882e-06	-2.082194e-09	-7.233216e+00	-1.238611e+02
1.140000e-06	-1.075653e-06	-2.053540e-09	-6.984966e+00	-1.216387e+02
1.150000e-06	-1.037355e-06	-2.017914e-09	-6.736270e+00	-1.193819e+02
1.160000e-06	-9.990174e-07	-1.981942e-09	-6.487318e+00	-1.170935e+02
1.170000e-06	-9.605255e-07	-1.948648e-09	-6.237363e+00	-1.147784e+02
1.180000e-06	-9.218930e-07	-1.910594e-09	-5.986495e+00	-1.124428e+02
1.190000e-06	-8.832401e-07	-1.866463e-09	-5.735495e+00	-1.100936e+02
1.200000e-06	-8.444640e-07	-1.823144e-09	-5.483694e+00	-1.077369e+02
1.210000e-06	-8.055597e-07	-1.787745e-09	-5.231062e+00	-1.053778e+02
1.220000e-06	-7.665751e-07	-1.750707e-09	-4.977907e+00	-1.030188e+02
1.230000e-06	-7.274944e-07	-1.708458e-09	-4.724129e+00	-1.006603e+02
1.240000e-06	-6.883860e-07	-1.668538e-09	-4.470171e+00	-9.830005e+01
1.250000e-06	-6.492120e-07	-1.633587e-09	-4.215787e+00	-9.593355e+01
1.260000e-06	-6.099877e-07	-1.596203e-09	-3.961076e+00	-9.355490e+01
1.270000e-06	-5.706473e-07	-1.553280e-09	-3.705612e+00	-9.115752e+01
1.280000e-06	-5.310824e-07	-1.513095e-09	-3.448689e+00	-8.873510e+01
1.290000e-06	-4.914101e-07	-1.474823e-09	-3.191069e+00	-8.628249e+01
1.300000e-06	-4.517213e-07	-1.432120e-09	-2.933342e+00	-8.379643e+01
1.310000e-06	-4.120294e-07	-1.386503e-09	-2.675594e+00	-8.127593e+01
1.320000e-06	-3.723587e-07	-1.344375e-09	-2.417985e+00	-7.872234e+01
1.330000e-06	-3.326147e-07	-1.303962e-09	-2.159900e+00	-7.613912e+01
1.340000e-06	-2.927859e-07	-1.262890e-09	-1.901263e+00	-7.353126e+01
1.350000e-06	-2.528949e-07	-1.219481e-09	-1.642224e+00	-7.090449e+01
1.360000e-06	-2.129308e-07	-1.177251e-09	-1.382708e+00	-6.826445e+01
1.370000e-06	-1.730075e-07	-1.133992e-09	-1.123459e+00	-6.561590e+01
1.380000e-06	-1.331060e-07	-1.087763e-09	-8.643500e-01	-6.296199e+01
1.390000e-06	-9.318219e-08	-1.040304e-09	-6.050971e-01	-6.030397e+01
1.400000e-06	-5.323755e-08	-9.947873e-10	-3.457086e-01	-5.764104e+01
1.410000e-06	-1.333402e-08	-9.513267e-10	-8.658711e-02	-5.497059e+01
1.420000e-06	2.658631e-08	-9.059070e-10	1.726435e-01	-5.228876e+01
1.430000e-06	6.652894e-08	-8.598413e-10	4.320188e-01	-4.959106e+01
1.440000e-06	1.064135e-07	-8.167990e-10	6.910173e-01	-4.687322e+01
1.450000e-06	1.463257e-07	-7.723344e-10	9.501947e-01	-4.413188e+01
1.460000e-06	1.862127e-07	-7.242354e-10	1.209209e+00	-4.136517e+01
1.470000e-06	2.260238e-07	-6.768193e-10	1.467731e+00	-3.857302e+01
1.480000e-06	2.658546e-07	-6.325326e-10	1.726380e+00	-3.575725e+01
1.490000e-06	3.056601e-07	-5.880409e-10	1.984865e+00	-3.292122e+01
1.500000e-06	3.453909e-07	-5.392106e-10	2.242864e+00	-3.006937e+01
1.510000e-06	3.850670e-07	-4.899854e-10	2.500509e+00	-2.720653e+01
1.520000e-06	4.247038e-07	-4.429426e-10	2.757898e+00	-2.433711e+01
1.530000e-06	4.643431e-07	-3.965196e-10	3.015304e+00	-2.146448e+01
1.540000e-06	5.039029e-07	-3.477767e-10	3.272193e+00	-1.859044e+01
1.550000e-06	5.432786e-07	-2.997174e-10	3.527887e+00	-1.571491e+01
1.560000e-06	5.826401e-07	-2.527632e-10	3.783489e+00	-1.283604e+01
1.570000e-06	6.219748e-07	-2.072252e-10	4.038917e+00	-9.950480e+00
1.580000e-06	6.611997e-07	-1.600180e-10	4.293632e+00	-7.054038e+00
1.590000e-06	7.003008e-07	-1.128657e-10	4.547542e+00	-4.142390e+00
1.600000e-06	7.392800e-07	-6.543428e-11	4.800662e+00	-1.211911e+00
1.610000e-06	7.782371e-07	-1.543605e-11	5.053637e+00	1.739594e+00
1.620000e-06	8.171531e-07	3.757176e-11	5.306346e+00	4.712328e+00
1.630000e-06	8.559423e-07	9.172647e-11	5.558231e+00	7.704228e+00
1.640000e-06	8.946452e-07	1.412922e-10	5.809556e+00	1.071100e+01
1.650000e-06	9.332713e-07	1.876325e-10	6.060382e+00	1.372646e+01
1.660000e-06	9.718125e-07	2.350075e-10	6.310657e+00	1.674319e+01
1.670000e-06	1.010278e-06	2.834943e-10	6.560441e+00	1.975334e+01
1.680000e-06	1.048598e-06	3.296978e-10	6.809276e+00	2.274948e+01
1.690000e-06	1.086790e-06	3.769267e-10	7.057288e+00	2.572546e+01
1.700000e-06	1.124871e-06	4.292777e-10	7.304575e+00	2.867706e+01
1.710000e-06	1.162766e-06	4.836181e-10	7.550652e+00	3.160233e+01
1.720000e-06	1.200482e-06	5.347775e-10	7.795569e+00	3.450168e+01
1.730000e-06	1.238044e-06	5.813017e-10	8.039483e+00	3.737764e+01
1.740000e-06	1.275387e-06	6.294602e-10	8.281981e+00	4.023425e+01
1.750000e-06	1.312556e-06	6.771228e-10	8.523343e+00	4.307636e+01
1.760000e-06	1.349566e-06	7.206931e-10	8.763674e+00	4.590879e+01
1.770000e-06	1.386435e-06	7.642801e-10	9.003088e+00	4.873551e+01
1.780000e-06	1.423231e-06	8.101178e-10	9.242033e+00	5.155901e+01
1.790000e-06	1.460009e-06	8.592088e-10	9.480860e+00	5.437993e+01
1.800000e-06	1.496691e-06	9.074168e-10	9.719060e+00	5.719690e+01
1.810000e-06	1.533289e-06	9.551158e-10	9.956719e+00	6.000685e+01
1.820000e-06	1.569804e-06	1.003873e-09	1.019383e+01	6.280542e+01
1.830000e-06	1.606153e-06	1.051613e-09	1.042988e+01	6.558771e+01
1.840000e-06	1.642375e-06	1.097123e-09	1.066509e+01	6.834901e+01
1.850000e-06	1.678509e-06	1.141304e-09	1.089973e+01	7.108554e+01
1.860000e-06	1.714446e-06	1.184008e-09	1.113310e+01	7.379506e+01
1.870000e-06	1.749997e-06	1.227082e-09	1.136395e+01	7.647719e+01
1.880000e-06	1.785111e-06	1.271592e-09	1.159197e+01	7.913343e+01
1.890000e-06	1.819883e-06	1.315527e-09	1.181777e+01	8.176694e+01
1.900000e-06	1.854261e-06	1.360126e-09	1.204101e+01	8.438199e+01
1.910000e-06	1.888325e-06	1.406268e-09	1.226221e+01	8.698324e+01
1.920000e-06	1.922092e-06	1.451883e-09	1.248148e+01	8.957499e+01
1.930000e-06	1.955455e-06	1.495625e-09	1.269813e+01	9.216040e+01
1.940000e-06	1.988564e-06	1.538194e-09	1.291313e+01	9.474095e+01
1.950000e-06	2.021482e-06	1.580864e-09	1.312690e+01	9.731607e+01
1.960000e-06	2.054207e-06	1.623693e-09	1.333940e+01	9.988319e+01
1.970000e-06	2.086796e-06	1.665964e-09	1.355103e+01	1.024380e+02
1.980000e-06	2.119240e-06	1.708976e-09	1.376171e+01	1.049748e+02
1.990000e-06	2.151508e-06	1.752173e-09	1.397125e+01	1.074879e+02
2.000000e-06	2.183646e-06	1.794872e-09	1.417994e+01	1.099716e+02
2.010000e-06	2.215469e-06	1.837543e-09	1.438659e+01	1.124215e+02
2.020000e-06	2.246916e-06	1.879526e-09	1.459079e+01	1.148351e+02
2.030000e-06	2.278071e-06	1.921805e-09	1.479311e+01	1.172118e+02
2.040000e-06	2.308925e-06	1.964101e-09	1.499346e+01	1.195534e+02
2.050000e-06	2.339474e-06	2.003423e-09	1.519184e+01	1.218635e+02
2.060000e-06	2.369788e-06	2.041621e-09	1.538869e+01	1.241468e+02
2.070000e-06	2.399895e-06	2.079363e-09	1.558420e+01	1.264090e+02
2.080000e-06	2.429751e-06	2.115737e-09	1.577807e+01	1.286549e+02
2.090000e-06	2.459340e-06	2.152173e-09	1.597021e+01	1.308887e+02
2.100000e-06	2.488626e-06	2.190021e-09	1.616039e+01	1.331127e+02
2.110000e-06	2.517649e-06	2.231278e-09	1.634885e+01	1.353269e+02
2.120000e-06	2.546426e-06	2.271979e-09	1.653572e+01	1.375295e+02
2.130000e-06	2.575040e-06	2.310681e-09	1.672153e+01	1.397167e+02
2.140000e-06	2.603542e-06	2.348495e-09	1.690661e+01	1.418833e+02
2.150000e-06	2.631828e-06	2.385320e-09	1.709029e+01	1.440239e+02
2.160000e-06	2.659847e-06	2.419584e-09	1.727225e+01	1.461334e+02
2.170000e-06	2.687417e-06	2.450430e-09	1.745127e+01	1.482077e+02
2.180000e-06	2.714456e-06	2.483161e-09	1.762686e+01	1.502449e+02
2.190000e-06	2.741025e-06	2.518980e-09	1.779939e+01	1.522452e+02
2.200000e-06	2.766947e-06	2.555524e-09	1.796772e+01	1.542108e+02
2.210000e-06	2.792305e-06	2.590626e-09	1.813239e+01	1.561463e+02
2.220000e-06	2.817298e-06	2.625747e-09	1.829468e+01	1.580571e+02
2.230000e-06	2.842001e-06	2.660339e-09	1.845510e+01	1.599496e+02
2.240000e-06	2.866532e-06	2.691405e-09	1.861439e+01	1.618292e+02
2.250000e-06	2.890819e-06	2.721872e-09	1.877211e+01	1.637005e+02
2.260000e-06	2.914801e-06	2.752937e-09	1.892784e+01	1.655657e+02
2.270000e-06	2.938418e-06	2.782810e-09	1.908120e+01	1.674249e+02
2.280000e-06	2.961593e-06	2.812875e-09	1.923169e+01	1.692753e+02
2.290000e-06	2.984515e-06	2.843061e-09	1.938054e+01	1.711125e+02
2.300000e-06	3.007165e-06	2.875875e-09	1.952762e+01	1.729302e+02
2.310000e-06	3.029420e-06	2.909200e-09	1.967214e+01	1.747215e+02
2.320000e-06	3.051338e-06	2.938690e-09	1.981447e+01	1.764800e+02
2.330000e-06	3.072870e-06	2.967540e-09	1.995429e+01	1.782004e+02
2.340000e-06	3.094029e-06	2.997070e-09	2.009169e+01	1.798796e+02
2.350000e-06	3.114925e-06	3.024971e-09	2.022739e+01	1.815168e+02
2.360000e-06	3.135561e-06	3.048986e-09	2.036139e+01	1.831137e+02
2.370000e-06	3.155976e-06	3.073320e-09	2.049396e+01	1.846744e+02
2.380000e-06	3.176167e-06	3.101007e-09	2.062507e+01	1.862045e+02
2.390000e-06	3.195992e-06	3.129287e-09	2.075381e+01	1.877102e+02
2.400000e-06	3.215337e-06	3.155343e-09	2.087943e+01	1.891977e+02
2.410000e-06	3.234167e-06	3.178676e-09	2.100171e+01	1.906717e+02
2.420000e-06	3.252510e-06	3.200989e-09	2.112082e+01	1.921348e+02
2.430000e-06	3.270495e-06	3.225762e-09	2.123761e+01	1.935872e+02
2.440000e-06	3.288189e-06	3.250742e-09	2.135251e+01	1.950266e+02
2.450000e-06	3.305518e-06	3.274218e-09	2.146503e+01	1.964481e+02
2.460000e-06	3.322469e-06	3.297602e-09	2.157511e+01	1.978454e+02
2.470000e-06	3.338984e-06	3.321867e-09	2.168236e+01	1.992115e+02
2.480000e-06	3.355070e-06	3.346979e-09	2.178681e+01	2.005397e+02
2.490000e-06	3.370645e-06	3.370514e-09	2.188795e+01	2.018249e+02
2.500000e-06	3.385632e-06	3.390346e-09	2.198527e+01	2.030640e+02
2.510000e-06	3.400207e-06	3.408885e-09	2.207992e+01	2.042568e+02
2.520000e-06	3.414390e-06	3.427791e-09	2.217202e+01	2.054060e+02
2.530000e-06	3.428143e-06	3.445767e-09	2.226133e+01	2.065166e+02
2.540000e-06	3.441526e-06	3.464473e-09	2.234823e+01	2.075955e+02
2.550000e-06	3.454527e-06	3.484675e-09	2.243266e+01	2.086504e+02
2.560000e-06	3.467146e-06	3.504768e-09	2.251460e+01	2.096885e+02
2.570000e-06	3.479354e-06	3.523876e-09	2.259387e+01	2.107155e+02
2.580000e-06	3.490950e-06	3.537456e-09	2.266918e+01	2.117346e+02
2.590000e-06	3.501962e-06	3.549383e-09	2.274068e+01	2.127459e+02
2.600000e-06	3.512383e-06	3.563569e-09	2.280835e+01	2.137466e+02
2.610000e-06	3.522060e-06	3.578184e-09	2.287120e+01	2.147309e+02
2.620000e-06	3.531191e-06	3.596626e-09	2.293049e+01	2.156911e+02
2.630000e-06	3.540010e-06	3.615821e-09	2.298776e+01	2.166187e+02
2.640000e-06	3.548587e-06	3.632134e-09	2.304346e+01	2.175058e+02
2.650000e-06	3.556846e-06	3.645670e-09	2.309709e+01	2.183461e+02
2.660000e-06	3.564633e-06	3.654134e-09	2.314765e+01	2.191363e+02
2.670000e-06	3.572006e-06	3.661083e-09	2.319553e+01	2.198766e+02
2.680000e-06	3.579069e-06	3.670367e-09	2.324140e+01	2.205708e+02
2.690000e-06	3.585700e-06	3.681821e-09	2.328445e+01	2.212261e+02
2.700000e-06	3.591863e-06	3.695609e-09	2.332447e+01	2.218524e+02
2.710000e-06	3.597581e-06	3.710478e-09	2.336161e+01	2.224604e+02
2.720000e-06	3.602876e-06	3.725234e-09	2.339599e+01	2.230607e+02
2.730000e-06	3.607839e-06	3.738579e-09	2.342822e+01	2.236620e+02
2.740000e-06	3.612508e-06	3.745734e-09	2.345854e+01	2.242698e+02
2.750000e-06	3.616911e-06	3.748674e-09	2.348713e+01	2.248854e+02
2.760000e-06	3.620926e-06	3.754812e-09	2.351320e+01	2.255059e+02
2.770000e-06	3.624361e-06	3.762791e-09	2.353551e+01	2.261241e+02
2.780000e-06	3.627192e-06	3.770053e-09	2.355389e+01	2.267295e+02
2.790000e-06	3.629437e-06	3.777613e-09	2.356847e+01	2.273098e+02
2.800000e-06	3.631056e-06	3.787634e-09	2.357898e+01	2.278526e+02
2.810000e-06	3.632099e-06	3.797435e-09	2.358576e+01	2.283472e+02
2.820000e-06	3.632818e-06	3.802753e-09	2.359042e+01	2.287862e+02
2.830000e-06	3.633324e-06	3.806216e-09	2.359371e+01	2.291669e+02
2.840000e-06	3.633492e-06	3.811536e-09	2.359480e+01	2.294917e+02
2.850000e-06	3.633236e-06	3.818178e-09	2.359314e+01	2.297687e+02
2.860000e-06	3.632495e-06	3.824233e-09	2.358832e+01	2.300100e+02
2.870000e-06	3.631324e-06	3.830270e-09	2.358072e+01	2.302312e+02
2.880000e-06	3.629834e-06	3.836339e-09	2.357105e+01	2.304490e+02
2.890000e-06	3.627983e-06	3.839221e-09	2.355903e+01	2.306791e+02
2.900000e-06	3.625721e-06	3.834120e-09	2.354434e+01	2.309345e+02
2.910000e-06	3.623077e-06	3.812401e-09	2.352717e+01	2.312234e+02
2.920000e-06	3.620126e-06	3.829596e-09	2.350801e+01	2.315481e+02
2.930000e-06	3.616772e-06	3.944953e-09	2.348623e+01	2.319048e+02
2.940000e-06	3.612956e-06	3.976385e-09	2.346144e+01	2.322835e+02
2.950000e-06	3.608797e-06	3.782652e-09	2.343444e+01	2.326696e+02
2.960000e-06	3.604357e-06	3.694397e-09	2.340561e+01	2.330455e+02
2.970000e-06	3.599412e-06	3.897059e-09	2.337350e+01	2.333925e+02
2.980000e-06	3.593671e-06	4.031618e-09	2.333621e+01	2.336937e+02
2.990000e-06	3.587133e-06	3.878528e-09	2.329376e+01	2.339354e+02
3.000000e-06	3.580026e-06	3.877953e-09	2.324761e+01	2.341095e+02
3.010000e-06	3.572606e-06	4.103572e-09	2.319942e+01	2.342139e+02
3.020000e-06	3.564978e-06	4.083986e-09	2.314989e+01	2.342532e+02
3.030000e-06	3.557061e-06	3.936423e-09	2.309848e+01	2.342376e+02
3.040000e-06	3.548821e-06	3.969614e-09	2.304497e+01	2.341817e+02
3.050000e-06	3.540210e-06	3.979603e-09	2.298905e+01	2.341026e+02
3.060000e-06	3.531125e-06	3.943847e-09	2.293006e+01	2.340174e+02
3.070000e-06	3.521558e-06	4.093156e-09	2.286794e+01	2.339410e+02
3.080000e-06	3.511588e-06	4.027825e-09	2.280319e+01	2.338842e+02
3.090000e-06	3.501212e-06	3.803342e-09	2.273582e+01	2.338519e+02
3.100000e-06	3.490293e-06	3.964001e-09	2.266491e+01	2.338426e+02
3.110000e-06	3.478979e-06	4.182237e-09	2.259144e+01	2.338485e+02
3.120000e-06	3.467360e-06	3.975751e-09	2.251599e+01	2.338564e+02
3.130000e-06	3.455128e-06	3.885554e-09	2.243656e+01	2.338491e+02
3.140000e-06	3.442242e-06	4.178587e-09	2.235288e+01	2.338077e+02
3.150000e-06	3.428818e-06	4.205729e-09	2.226571e+01	2.337138e+02
3.160000e-06	3.414787e-06	3.971092e-09	2.217460e+01	2.335514e+02
3.170000e-06	3.400257e-06	3.933477e-09	2.208024e+01	2.333092e+02
3.180000e-06	3.385268e-06	4.075993e-09	2.198291e+01	2.329816e+02
3.190000e-06	3.369893e-06	4.110154e-09	2.188307e+01	2.325688e+02
3.200000e-06	3.354163e-06	3.968780e-09	2.178093e+01	2.320771e+02
3.210000e-06	3.338059e-06	3.891658e-09	2.167635e+01	2.315177e+02
3.220000e-06	3.321583e-06	4.061928e-09	2.156936e+01	2.309048e+02
3.230000e-06	3.304737e-06	4.096252e-09	2.145996e+01	2.302543e+02
3.240000e-06	3.287530e-06	3.898292e-09	2.134823e+01	2.295813e+02
3.250000e-06	3.269902e-06	3.884825e-09	2.123376e+01	2.288987e+02
3.260000e-06	3.251888e-06	3.994221e-09	2.111678e+01	2.282155e+02
3.270000e-06	3.233569e-06	3.978439e-09	2.099782e+01	2.275363e+02
3.280000e-06	3.214935e-06	3.899931e-09	2.087682e+01	2.268611e+02
3.290000e-06	3.195959e-06	3.866743e-09	2.075359e+01	2.261854e+02
3.300000e-06	3.176751e-06	3.917305e-09	2.062886e+01	2.255018e+02
3.310000e-06	3.157311e-06	3.952675e-09	2.050263e+01	2.248011e+02
3.320000e-06	3.137557e-06	3.842972e-09	2.037435e+01	2.240738e+02
3.330000e-06	3.117427e-06	3.795196e-09	2.024363e+01	2.233118e+02
3.340000e-06	3.096824e-06	3.865174e-09	2.010984e+01	2.225093e+02
3.350000e-06	3.075532e-06	3.877087e-09	1.997158e+01	2.216638e+02
3.360000e-06	3.053540e-06	3.807746e-09	1.982877e+01	2.207764e+02
3.370000e-06	3.031100e-06	3.754712e-09	1.968305e+01	2.198513e+02
3.380000e-06	3.008273e-06	3.785112e-09	1.953482e+01	2.188951e+02
3.390000e-06	2.985111e-06	3.813300e-09	1.938441e+01	2.179158e+02
3.400000e-06	2.961774e-06	3.740709e-09	1.923286e+01	2.169215e+02
3.410000e-06	2.938182e-06	3.683889e-09	1.907967e+01	2.159192e+02
3.420000e-06	2.914272e-06	3.723750e-09	1.892440e+01	2.149136e+02
3.430000e-06	2.890064e-06	3.744241e-09	1.876720e+01	2.139066e+02
3.440000e-06	2.865413e-06	3.684638e-09	1.860713e+01	2.128973e+02
3.450000e-06	2.840375e-06	3.622943e-09	1.844454e+01	2.118817e+02
3.460000e-06	2.815060e-06	3.647641e-09	1.828015e+01	2.108540e+02
3.470000e-06	2.789410e-06	3.666839e-09	1.811359e+01	2.098068e+02
3.480000e-06	2.763424e-06	3.599657e-09	1.794484e+01	2.087329e+02
3.490000e-06	2.737066e-06	3.543997e-09	1.777368e+01	2.076258e+02
3.500000e-06	2.710317e-06	3.558378e-09	1.759998e+01	2.064810e+02
3.510000e-06	2.683299e-06	3.571306e-09	1.742453e+01	2.052962e+02
3.520000e-06	2.656137e-06	3.519852e-09	1.724816e+01	2.040717e+02
3.530000e-06	2.628838e-06	3.460360e-09	1.707088e+01	2.028101e+02
3.540000e-06	2.601372e-06	3.470899e-09	1.689252e+01	2.015158e+02
3.550000e-06	2.573615e-06	3.481317e-09	1.671228e+01	2.001940e+02
3.560000e-06	2.545490e-06	3.423234e-09	1.652964e+01	1.988500e+02
3.570000e-06	2.516890e-06	3.367590e-09	1.634392e+01	1.974882e+02
3.580000e-06	2.487801e-06	3.368295e-09	1.615503e+01	1.961114e+02
3.590000e-06	2.458172e-06	3.377238e-09	1.596263e+01	1.947202e+02
3.600000e-06	2.428056e-06	3.328772e-09	1.576706e+01	1.933132e+02
3.610000e-06	2.397543e-06	3.271896e-09	1.556892e+01	1.918874e+02
3.620000e-06	2.366672e-06	3.270055e-09	1.536845e+01	1.904383e+02
3.630000e-06	2.335625e-06	3.271875e-09	1.516684e+01	1.889613e+02
3.640000e-06	2.304343e-06	3.227379e-09	1.496371e+01	1.874522e+02
3.650000e-06	2.272866e-06	3.172623e-09	1.475931e+01	1.859083e+02
3.660000e-06	2.241232e-06	3.162535e-09	1.455389e+01	1.843288e+02
3.670000e-06	2.209448e-06	3.161816e-09	1.434749e+01	1.827153e+02
3.680000e-06	2.177470e-06	3.115547e-09	1.413984e+01	1.810715e+02
3.690000e-06	2.145206e-06	3.059648e-09	1.393032e+01	1.794032e+02
3.700000e-06	2.112649e-06	3.040692e-09	1.371891e+01	1.777170e+02
3.710000e-06	2.079800e-06	3.034842e-09	1.350559e+01	1.760199e+02
3.720000e-06	2.046701e-06	2.998511e-09	1.329066e+01	1.743179e+02
3.730000e-06	2.013466e-06	2.949287e-09	1.307484e+01	1.726153e+02
3.740000e-06	1.980050e-06	2.931261e-09	1.285785e+01	1.709138e+02
3.750000e-06	1.946337e-06	2.923521e-09	1.263892e+01	1.692126e+02
3.760000e-06	1.912401e-06	2.885384e-09	1.241856e+01	1.675077e+02
3.770000e-06	1.878262e-06	2.832697e-09	1.219687e+01	1.657930e+02
3.780000e-06	1.843834e-06	2.802579e-09	1.197330e+01	1.640609e+02
3.790000e-06	1.809187e-06	2.787369e-09	1.174832e+01	1.623029e+02
3.800000e-06	1.774331e-06	2.751108e-09	1.152197e+01	1.605115e+02
3.810000e-06	1.739269e-06	2.704135e-09	1.129429e+01	1.586804e+02
3.820000e-06	1.704122e-06	2.679701e-09	1.106606e+01	1.568058e+02
3.830000e-06	1.668872e-06	2.665938e-09	1.083715e+01	1.548871e+02
3.840000e-06	1.633483e-06	2.628806e-09	1.060735e+01	1.529263e+02
3.850000e-06	1.598025e-06	2.575767e-09	1.037709e+01	1.509282e+02
3.860000e-06	1.562514e-06	2.539363e-09	1.014649e+01	1.488999e+02
3.870000e-06	1.526795e-06	2.515284e-09	9.914548e+00	1.468491e+02
3.880000e-06	1.490888e-06	2.478682e-09	9.681376e+00	1.447837e+02
3.890000e-06	1.454855e-06	2.431842e-09	9.447389e+00	1.427105e+02
3.900000e-06	1.418514e-06	2.399063e-09	9.211403e+00	1.406342e+02
3.910000e-06	1.381700e-06	2.378798e-09	8.972343e+00	1.385569e+02
3.920000e-06	1.344577e-06	2.342078e-09	8.731277e+00	1.364780e+02
3.930000e-06	1.307368e-06	2.291603e-09	8.489656e+00	1.343942e+02
3.940000e-06	1.269845e-06	2.251327e-09	8.245989e+00	1.323003e+02
3.950000e-06	1.231933e-06	2.224200e-09	7.999804e+00	1.301898e+02
3.960000e-06	1.193718e-06	2.188714e-09	7.751643e+00	1.280561e+02
3.970000e-06	1.155315e-06	2.141310e-09	7.502270e+00	1.258933e+02
3.980000e-06	1.116865e-06	2.103280e-09	7.252583e+00	1.236974e+02
3.990000e-06	1.078207e-06	2.076393e-09	7.001551e+00	1.214667e+02
4.000000e-06	1.039385e-06	2.039632e-09	6.749454e+00	1.192022e+02
4.010000e-06	1.000422e-06	1.987392e-09	6.496442e+00	1.169070e+02
4.020000e-06	9.613046e-07	1.938561e-09	6.242422e+00	1.145866e+02
4.030000e-06	9.221684e-07	1.903295e-09	5.988283e+00	1.122475e+02
4.040000e-06	8.829784e-07	1.868013e-09	5.733795e+00	1.098964e+02
4.050000e-06	8.437164e-07	1.825257e-09	5.478840e+00	1.075392e+02
4.060000e-06	8.044370e-07	1.788161e-09	5.223771e+00	1.051804e+02
4.070000e-06	7.651276e-07	1.759348e-09	4.968508e+00	1.028221e+02
4.080000e-06	7.257264e-07	1.721736e-09	4.712648e+00	1.004640e+02
4.090000e-06	6.862887e-07	1.667227e-09	4.456552e+00	9.810312e+01
4.100000e-06	6.468928e-07	1.614155e-09	4.200727e+00	9.573466e+01
4.110000e-06	6.074500e-07	1.573401e-09	3.944597e+00	9.335244e+01
4.120000e-06	5.678801e-07	1.534775e-09	3.687642e+00	9.094984e+01
4.130000e-06	5.282589e-07	1.492288e-09	3.430354e+00	8.852077e+01
4.140000e-06	4.886482e-07	1.455115e-09	3.173134e+00	8.606050e+01
4.150000e-06	4.489980e-07	1.424989e-09	2.915658e+00	8.356632e+01
4.160000e-06	4.092571e-07	1.386863e-09	2.657592e+00	8.103781e+01
4.170000e-06	3.694341e-07	1.332723e-09	2.398994e+00	7.847690e+01
4.180000e-06	3.296372e-07	1.275570e-09	2.140564e+00	7.588749e+01
4.190000e-06	2.898659e-07	1.228487e-09	1.882302e+00	7.327483e+01
4.200000e-06	2.500125e-07	1.187419e-09	1.623506e+00	7.064472e+01
4.210000e-06	2.101159e-07	1.140995e-09	1.364429e+00	6.800265e+01
4.220000e-06	1.702469e-07	1.095517e-09	1.105532e+00	6.535301e+01
4.230000e-06	1.303558e-07	1.059958e-09	8.464912e-01	6.269852e+01
4.240000e-06	9.034996e-08	1.021803e-09	5.867054e-01	6.003991e+01
4.250000e-06	5.036501e-08	9.711139e-10	3.270552e-01	5.737588e+01
4.260000e-06	1.049013e-08	9.133745e-10	6.811973e-02	5.470347e+01
4.270000e-06	-2.935831e-08	8.637627e-10	-1.906440e-01	5.201857e+01
4.280000e-06	-6.922079e-08	8.204272e-10	-4.494989e-01	4.931670e+01
4.290000e-06	-1.091150e-07	7.723113e-10	-7.085600e-01	4.659374e+01
4.300000e-06	-1.490704e-07	7.234968e-10	-9.680180e-01	4.384664e+01
4.310000e-06	-1.890475e-07	6.798716e-10	-1.227617e+00	4.107398e+01
4.320000e-06	-2.288898e-07	6.373858e-10	-1.486342e+00	3.827618e+01
4.330000e-06	-2.686991e-07	5.893200e-10	-1.744851e+00	3.545545e+01
4.340000e-06	-3.085607e-07	5.352467e-10	-2.003700e+00	3.261551e+01
4.350000e-06	-3.483567e-07	4.829970e-10	-2.262123e+00	2.976094e+01
4.360000e-06	-3.880800e-07	4.344046e-10	-2.520074e+00	2.689655e+01
4.370000e-06	-4.277389e-07	3.838309e-10	-2.777607e+00	2.402655e+01
4.380000e-06	-4.673506e-07	3.338868e-10	-3.034834e+00	2.115395e+01
4.390000e-06	-5.069249e-07	2.872093e-10	-3.291818e+00	1.828010e+01
4.400000e-06	-5.464491e-07	2.413058e-10	-3.548476e+00	1.540446e+01
4.410000e-06	-5.859293e-07	1.898642e-10	-3.804848e+00	1.252475e+01
4.420000e-06	-6.253328e-07	1.360164e-10	-4.060723e+00	9.637372e+00
4.430000e-06	-6.646956e-07	8.507369e-11	-4.316333e+00	6.738002e+00
4.440000e-06	-7.040391e-07	3.633790e-11	-4.571818e+00	3.822424e+00
4.450000e-06	-7.433525e-07	-1.474758e-11	-4.827107e+00	8.873050e-01
4.460000e-06	-7.826594e-07	-6.566366e-11	-5.082354e+00	-2.069092e+00
4.470000e-06	-8.219438e-07	-1.119157e-10	-5.337455e+00	-5.046420e+00
4.480000e-06	-8.611837e-07	-1.584362e-10	-5.592267e+00	-8.042039e+00
4.490000e-06	-9.003483e-07	-2.112671e-10	-5.846590e+00	-1.105114e+01
4.500000e-06	-9.394694e-07	-2.684099e-10	-6.100631e+00	-1.406717e+01
4.510000e-06	-9.785290e-07	-3.214514e-10	-6.354272e+00	-1.708251e+01
4.520000e-06	-1.017477e-06	-3.709139e-10	-6.607189e+00	-2.008933e+01
4.530000e-06	-1.056320e-06	-4.216454e-10	-6.859421e+00	-2.308046e+01
4.540000e-06	-1.095031e-06	-4.736279e-10	-7.110801e+00	-2.605017e+01
4.550000e-06	-1.133626e-06	-5.223808e-10	-7.361425e+00	-2.899479e+01
4.560000e-06	-1.172046e-06	-5.688749e-10	-7.610916e+00	-3.191297e+01
4.570000e-06	-1.210324e-06	-6.161451e-10	-7.859482e+00	-3.480569e+01
4.580000e-06	-1.248382e-06	-6.653643e-10	-8.106615e+00	-3.767590e+01
4.590000e-06	-1.286215e-06	-7.136980e-10	-8.352295e+00	-4.052794e+01
4.600000e-06	-1.323648e-06	-7.609764e-10	-8.595371e+00	-4.336672e+01
4.610000e-06	-1.360670e-06	-8.093075e-10	-8.835778e+00	-4.619691e+01
4.620000e-06	-1.397468e-06	-8.594544e-10	-9.074735e+00	-4.902218e+01
4.630000e-06	-1.433905e-06	-9.093325e-10	-9.311346e+00	-5.184457e+01
4.640000e-06	-1.470095e-06	-9.554722e-10	-9.546354e+00	-5.466422e+01
4.650000e-06	-1.506130e-06	-1.002297e-09	-9.780355e+00	-5.747931e+01
4.660000e-06	-1.541926e-06	-1.051671e-09	-1.001280e+01	-6.028637e+01
4.670000e-06	-1.577516e-06	-1.099672e-09	-1.024392e+01	-6.308086e+01
4.680000e-06	-1.612986e-06	-1.144020e-09	-1.047425e+01	-6.585783e+01
4.690000e-06	-1.648375e-06	-1.189397e-09	-1.070405e+01	-6.861276e+01
4.700000e-06	-1.683711e-06	-1.238368e-09	-1.093351e+01	-7.134220e+01
4.710000e-06	-1.718952e-06	-1.284700e-09	-1.116236e+01	-7.404435e+01
4.720000e-06	-1.754081e-06	-1.327591e-09	-1.139047e+01	-7.671931e+01
4.730000e-06	-1.789050e-06	-1.372411e-09	-1.161755e+01	-7.936904e+01
4.740000e-06	-1.823827e-06	-1.419338e-09	-1.184338e+01	-8.199702e+01
4.750000e-06	-1.858360e-06	-1.465439e-09	-1.206763e+01	-8.460770e+01
4.760000e-06	-1.892586e-06	-1.508608e-09	-1.228988e+01	-8.720572e+01
4.770000e-06	-1.926530e-06	-1.549728e-09	-1.251030e+01	-8.979517e+01
4.780000e-06	-1.960248e-06	-1.593641e-09	-1.272926e+01	-9.237882e+01
4.790000e-06	-1.993733e-06	-1.638158e-09	-1.294670e+01	-9.495766e+01
4.800000e-06	-2.026985e-06	-1.682416e-09	-1.316263e+01	-9.753062e+01
4.810000e-06	-2.060000e-06	-1.728160e-09	-1.337702e+01	-1.000946e+02
4.820000e-06	-2.092876e-06	-1.773528e-09	-1.359050e+01	-1.026450e+02
4.830000e-06	-2.125520e-06	-1.817375e-09	-1.380248e+01	-1.051760e+02
4.840000e-06	-2.157833e-06	-1.858746e-09	-1.401232e+01	-1.076817e+02
4.850000e-06	-2.189842e-06	-1.899416e-09	-1.422018e+01	-1.101568e+02
4.860000e-06	-2.221537e-06	-1.938770e-09	-1.442599e+01	-1.125974e+02
4.870000e-06	-2.253049e-06	-1.975963e-09	-1.463062e+01	-1.150012e+02
4.880000e-06	-2.284440e-06	-2.013794e-09	-1.483446e+01	-1.173684e+02
4.890000e-06	-2.315693e-06	-2.055033e-09	-1.503741e+01	-1.197013e+02
4.900000e-06	-2.346767e-06	-2.097987e-09	-1.523919e+01	-1.220037e+02
4.910000e-06	-2.377575e-06	-2.140074e-09	-1.543925e+01	-1.242807e+02
4.920000e-06	-2.408019e-06	-2.179724e-09	-1.563695e+01	-1.265379e+02
4.930000e-06	-2.437992e-06	-2.217218e-09	-1.583158e+01	-1.287800e+02
4.940000e-06	-2.467548e-06	-2.255249e-09	-1.602351e+01	-1.310107e+02
4.950000e-06	-2.496617e-06	-2.294152e-09	-1.621228e+01	-1.332319e+02
4.960000e-06	-2.525059e-06	-2.329201e-09	-1.639697e+01	-1.354430e+02
4.970000e-06	-2.553105e-06	-2.363168e-09	-1.657909e+01	-1.376416e+02
4.980000e-06	-2.580846e-06	-2.399865e-09	-1.675924e+01	-1.398237e+02
4.990000e-06	-2.608346e-06	-2.439383e-09	-1.693781e+01	-1.419838e+02
5.000000e-06	-2.635711e-06	-2.478024e-09	-1.711551e+01	-1.441166e+02
5.010000e-06	-2.662916e-06	-2.514416e-09	-1.729217e+01	-1.462171e+02
5.020000e-06	-2.689930e-06	-2.550684e-09	-1.746759e+01	-1.482818e+02
5.030000e-06	-2.716634e-06	-2.584599e-09	-1.764100e+01	-1.503092e+02
5.040000e-06	-2.743029e-06	-2.615446e-09	-1.781240e+01	-1.523000e+02
5.050000e-06	-2.769044e-06	-2.646237e-09	-1.798133e+01	-1.542571e+02
5.060000e-06	-2.794638e-06	-2.680234e-09	-1.814754e+01	-1.561854e+02
5.070000e-06	-2.819950e-06	-2.714321e-09	-1.831190e+01	-1.580906e+02
5.080000e-06	-2.844963e-06	-2.747370e-09	-1.847433e+01	-1.599789e+02
5.090000e-06	-2.869656e-06	-2.779039e-09	-1.863468e+01	-1.618556e+02
5.100000e-06	-2.893908e-06	-2.809580e-09	-1.879216e+01	-1.637248e+02
5.110000e-06	-2.917730e-06	-2.839834e-09	-1.894686e+01	-1.655881e+02
5.120000e-06	-2.941294e-06	-2.868280e-09	-1.909988e+01	-1.674449e+02
5.130000e-06	-2.964694e-06	-2.896740e-09	-1.925183e+01	-1.692921e+02
5.140000e-06	-2.987961e-06	-2.928530e-09	-1.940292e+01	-1.711245e+02
5.150000e-06	-3.010934e-06	-2.960315e-09	-1.955209e+01	-1.729357e+02
5.160000e-06	-3.033524e-06	-2.989192e-09	-1.969879e+01	-1.747189e+02
5.170000e-06	-3.055724e-06	-3.016114e-09	-1.984295e+01	-1.764679e+02
5.180000e-06	-3.077334e-06	-3.044767e-09	-1.998328e+01	-1.781777e+02
5.190000e-06	-3.098215e-06	-3.074344e-09	-2.011887e+01	-1.798459e+02
5.200000e-06	-3.118526e-06	-3.101918e-09	-2.025076e+01	-1.814723e+02
5.210000e-06	-3.138379e-06	-3.128180e-09	-2.037968e+01	-1.830592e+02
5.220000e-06	-3.157862e-06	-3.154206e-09	-2.050620e+01	-1.846112e+02
5.230000e-06	-3.177134e-06	-3.177483e-09	-2.063135e+01	-1.861341e+02
5.240000e-06	-3.196195e-06	-3.198341e-09	-2.075513e+01	-1.876343e+02
5.250000e-06	-3.214954e-06	-3.221503e-09	-2.087694e+01	-1.891175e+02
5.260000e-06	-3.233355e-06	-3.247020e-09	-2.099643e+01	-1.905881e+02
5.270000e-06	-3.251364e-06	-3.273984e-09	-2.111337e+01	-1.920482e+02
5.280000e-06	-3.268979e-06	-3.298959e-09	-2.122776e+01	-1.934972e+02
5.290000e-06	-3.286313e-06	-3.321510e-09	-2.134033e+01	-1.949321e+02
5.300000e-06	-3.303271e-06	-3.343365e-09	-2.145045e+01	-1.963477e+02
5.310000e-06	-3.319808e-06	-3.363096e-09	-2.155783e+01	-1.977374e+02
5.320000e-06	-3.335986e-06	-3.382593e-09	-2.166289e+01	-1.990942e+02
5.330000e-06	-3.351782e-06	-3.401174e-09	-2.176546e+01	-2.004116e+02
5.340000e-06	-3.367285e-06	-3.420391e-09	-2.186613e+01	-2.016849e+02
5.350000e-06	-3.382545e-06	-3.441485e-09	-2.196523e+01	-2.029119e+02
5.360000e-06	-3.397442e-06	-3.462831e-09	-2.206196e+01	-2.040929e+02
5.370000e-06	-3.411683e-06	-3.482673e-09	-2.215444e+01	-2.052314e+02
5.380000e-06	-3.425300e-06	-3.499851e-09	-2.224286e+01	-2.063329e+02
5.390000e-06	-3.438362e-06	-3.516931e-09	-2.232768e+01	-2.074046e+02
5.400000e-06	-3.450759e-06	-3.534350e-09	-2.240819e+01	-2.084542e+02
5.410000e-06	-3.462607e-06	-3.552968e-09	-2.248513e+01	-2.094886e+02
5.420000e-06	-3.474084e-06	-3.572831e-09	-2.255965e+01	-2.105130e+02
5.430000e-06	-3.485267e-06	-3.591926e-09	-2.263227e+01	-2.115297e+02
5.440000e-06	-3.496002e-06	-3.609489e-09	-2.270198e+01	-2.125383e+02
5.450000e-06	-3.506221e-06	-3.626112e-09	-2.276834e+01	-2.135350e+02
5.460000e-06	-3.516055e-06	-3.640798e-09	-2.283220e+01	-2.145136e+02
5.470000e-06	-3.525527e-06	-3.654621e-09	-2.289371e+01	-2.154660e+02
5.480000e-06	-3.534558e-06	-3.669559e-09	-2.295235e+01	-2.163837e+02
5.490000e-06	-3.543187e-06	-3.685204e-09	-2.300839e+01	-2.172591e+02
5.500000e-06	-3.551406e-06	-3.698998e-09	-2.306176e+01	-2.180866e+02
5.510000e-06	-3.559198e-06	-3.711820e-09	-2.311236e+01	-2.188636e+02
5.520000e-06	-3.566677e-06	-3.725946e-09	-2.316093e+01	-2.195914e+02
5.530000e-06	-3.573913e-06	-3.740600e-09	-2.320791e+01	-2.202746e+02
5.540000e-06	-3.580877e-06	-3.751478e-09	-2.325314e+01	-2.209212e+02
5.550000e-06	-3.587418e-06	-3.760526e-09	-2.329561e+01	-2.215414e+02
5.560000e-06	-3.593361e-06	-3.774077e-09	-2.333420e+01	-2.221461e+02
5.570000e-06	-3.598551e-06	-3.787105e-09	-2.336791e+01	-2.227455e+02
5.580000e-06	-3.603066e-06	-3.797048e-09	-2.339722e+01	-2.233475e+02
5.590000e-06	-3.607065e-06	-3.807954e-09	-2.342320e+01	-2.239568e+02
5.600000e-06	-3.610688e-06	-3.820635e-09	-2.344672e+01	-2.245736e+02
5.610000e-06	-3.614098e-06	-3.830868e-09	-2.346886e+01	-2.251939e+02
5.620000e-06	-3.617236e-06	-3.836319e-09	-2.348924e+01	-2.258095e+02
5.630000e-06	-3.619964e-06	-3.844966e-09	-2.350696e+01	-2.264093e+02
5.640000e-06	-3.622212e-06	-3.856625e-09	-2.352155e+01	-2.269809e+02
5.650000e-06	-3.623996e-06	-3.867189e-09	-2.353314e+01	-2.275121e+02
5.660000e-06	-3.625445e-06	-3.876747e-09	-2.354255e+01	-2.279928e+02
5.670000e-06	-3.626542e-06	-3.887691e-09	-2.354967e+01	-2.284168e+02
5.680000e-06	-3.627265e-06	-3.899663e-09	-2.355437e+01	-2.287825e+02
5.690000e-06	-3.627482e-06	-3.906888e-09	-2.355577e+01	-2.290940e+02
