# Temperatura_=_20.0
# Concentracion g/m^3_=_12000.0
# C_Vs_to_Am_M_A/Vsm_=_59384043850.047264
# pendiente_HvsI_1/m_=_3716.3
# ordenada_HvsI_A/m_=_1297.0
# frecuencia_Hz_=_175594.19066914544

Tiempo_(s)	Campo_(V.s)	Magnetizacion_(V.s)	Campo_(kA/m)	Magnetizacion_(A/m)
0.000000e+00	-3.627639e-06	-3.894365e-09	-2.355334e+01	-2.306483e+02
1.000000e-08	-3.627509e-06	-3.899349e-09	-2.355250e+01	-2.309596e+02
2.000000e-08	-3.627112e-06	-3.901472e-09	-2.354992e+01	-2.312282e+02
3.000000e-08	-3.626500e-06	-3.901924e-09	-2.354594e+01	-2.314639e+02
4.000000e-08	-3.625538e-06	-3.907357e-09	-2.353970e+01	-2.316789e+02
5.000000e-08	-3.624105e-06	-3.911367e-09	-2.353039e+01	-2.318873e+02
6.000000e-08	-3.622030e-06	-3.911581e-09	-2.351692e+01	-2.321026e+02
7.000000e-08	-3.619263e-06	-3.932376e-09	-2.349896e+01	-2.323365e+02
8.000000e-08	-3.615840e-06	-3.985853e-09	-2.347673e+01	-2.325972e+02
9.000000e-08	-3.611821e-06	-3.916134e-09	-2.345064e+01	-2.328882e+02
1.000000e-07	-3.607419e-06	-3.713861e-09	-2.342205e+01	-2.332074e+02
1.100000e-07	-3.602798e-06	-3.853887e-09	-2.339205e+01	-2.335477e+02
1.200000e-07	-3.597954e-06	-4.165008e-09	-2.336060e+01	-2.338971e+02
1.300000e-07	-3.592695e-06	-4.071128e-09	-2.332645e+01	-2.342402e+02
1.400000e-07	-3.586897e-06	-3.681298e-09	-2.328881e+01	-2.345598e+02
1.500000e-07	-3.580685e-06	-3.848668e-09	-2.324848e+01	-2.348390e+02
1.600000e-07	-3.574187e-06	-4.198880e-09	-2.320629e+01	-2.350628e+02
1.700000e-07	-3.567139e-06	-3.881420e-09	-2.316053e+01	-2.352202e+02
1.800000e-07	-3.559546e-06	-3.708797e-09	-2.311122e+01	-2.353054e+02
1.900000e-07	-3.551678e-06	-3.887609e-09	-2.306014e+01	-2.353179e+02
2.000000e-07	-3.543478e-06	-3.970495e-09	-2.300690e+01	-2.352632e+02
2.100000e-07	-3.534897e-06	-3.875884e-09	-2.295118e+01	-2.351512e+02
2.200000e-07	-3.526024e-06	-4.023313e-09	-2.289358e+01	-2.349957e+02
2.300000e-07	-3.516763e-06	-3.878352e-09	-2.283345e+01	-2.348117e+02
2.400000e-07	-3.506902e-06	-3.670358e-09	-2.276942e+01	-2.346141e+02
2.500000e-07	-3.496366e-06	-4.064186e-09	-2.270102e+01	-2.344156e+02
2.600000e-07	-3.485179e-06	-4.131134e-09	-2.262838e+01	-2.342248e+02
2.700000e-07	-3.473473e-06	-3.682742e-09	-2.255237e+01	-2.340456e+02
2.800000e-07	-3.461272e-06	-3.715677e-09	-2.247316e+01	-2.338761e+02
2.900000e-07	-3.448650e-06	-4.161102e-09	-2.239121e+01	-2.337095e+02
3.000000e-07	-3.435619e-06	-3.994569e-09	-2.230660e+01	-2.335348e+02
3.100000e-07	-3.422159e-06	-3.650332e-09	-2.221921e+01	-2.333381e+02
3.200000e-07	-3.408222e-06	-3.757691e-09	-2.212872e+01	-2.331043e+02
3.300000e-07	-3.393821e-06	-4.034899e-09	-2.203522e+01	-2.328196e+02
3.400000e-07	-3.379167e-06	-3.946436e-09	-2.194007e+01	-2.324727e+02
3.500000e-07	-3.364061e-06	-3.715154e-09	-2.184199e+01	-2.320564e+02
3.600000e-07	-3.348136e-06	-3.765749e-09	-2.173860e+01	-2.315685e+02
3.700000e-07	-3.331437e-06	-3.989687e-09	-2.163017e+01	-2.310120e+02
3.800000e-07	-3.314291e-06	-3.883832e-09	-2.151885e+01	-2.303946e+02
3.900000e-07	-3.296817e-06	-3.695338e-09	-2.140539e+01	-2.297278e+02
4.000000e-07	-3.278953e-06	-3.792089e-09	-2.128941e+01	-2.290250e+02
4.100000e-07	-3.260770e-06	-3.862351e-09	-2.117135e+01	-2.283006e+02
4.200000e-07	-3.242374e-06	-3.814373e-09	-2.105191e+01	-2.275675e+02
4.300000e-07	-3.223632e-06	-3.746955e-09	-2.093023e+01	-2.268357e+02
4.400000e-07	-3.204427e-06	-3.709722e-09	-2.080553e+01	-2.261117e+02
4.500000e-07	-3.184707e-06	-3.767076e-09	-2.067749e+01	-2.253973e+02
4.600000e-07	-3.164603e-06	-3.816054e-09	-2.054696e+01	-2.246900e+02
4.700000e-07	-3.144301e-06	-3.694820e-09	-2.041515e+01	-2.239835e+02
4.800000e-07	-3.123813e-06	-3.661269e-09	-2.028212e+01	-2.232685e+02
4.900000e-07	-3.103078e-06	-3.756267e-09	-2.014749e+01	-2.225347e+02
5.000000e-07	-3.082071e-06	-3.741686e-09	-2.001110e+01	-2.217718e+02
5.100000e-07	-3.060766e-06	-3.633607e-09	-1.987277e+01	-2.209710e+02
5.200000e-07	-3.038995e-06	-3.614621e-09	-1.973142e+01	-2.201262e+02
5.300000e-07	-3.016766e-06	-3.662430e-09	-1.958710e+01	-2.192348e+02
5.400000e-07	-2.994257e-06	-3.667246e-09	-1.944095e+01	-2.182977e+02
5.500000e-07	-2.971509e-06	-3.594742e-09	-1.929325e+01	-2.173194e+02
5.600000e-07	-2.948360e-06	-3.557941e-09	-1.914295e+01	-2.163066e+02
5.700000e-07	-2.924758e-06	-3.606843e-09	-1.898971e+01	-2.152677e+02
5.800000e-07	-2.900815e-06	-3.616891e-09	-1.883426e+01	-2.142113e+02
5.900000e-07	-2.876594e-06	-3.524739e-09	-1.867700e+01	-2.131450e+02
6.000000e-07	-2.852138e-06	-3.485621e-09	-1.851821e+01	-2.120744e+02
6.100000e-07	-2.827502e-06	-3.537583e-09	-1.835825e+01	-2.110022e+02
6.200000e-07	-2.802544e-06	-3.533707e-09	-1.819621e+01	-2.099281e+02
6.300000e-07	-2.777148e-06	-3.454461e-09	-1.803132e+01	-2.088491e+02
6.400000e-07	-2.751358e-06	-3.425078e-09	-1.786386e+01	-2.077595e+02
6.500000e-07	-2.724999e-06	-3.461164e-09	-1.769272e+01	-2.066525e+02
6.600000e-07	-2.698030e-06	-3.463320e-09	-1.751762e+01	-2.055206e+02
6.700000e-07	-2.670596e-06	-3.396174e-09	-1.733950e+01	-2.043570e+02
6.800000e-07	-2.642803e-06	-3.354210e-09	-1.715904e+01	-2.031566e+02
6.900000e-07	-2.614726e-06	-3.383034e-09	-1.697675e+01	-2.019163e+02
7.000000e-07	-2.586362e-06	-3.380720e-09	-1.679259e+01	-2.006356e+02
7.100000e-07	-2.557823e-06	-3.315547e-09	-1.660729e+01	-1.993165e+02
7.200000e-07	-2.529179e-06	-3.268743e-09	-1.642132e+01	-1.979630e+02
7.300000e-07	-2.500220e-06	-3.286272e-09	-1.623329e+01	-1.965801e+02
7.400000e-07	-2.470893e-06	-3.280216e-09	-1.604288e+01	-1.951735e+02
7.500000e-07	-2.441248e-06	-3.224288e-09	-1.585040e+01	-1.937482e+02
7.600000e-07	-2.411252e-06	-3.182535e-09	-1.565564e+01	-1.923079e+02
7.700000e-07	-2.380994e-06	-3.195588e-09	-1.545919e+01	-1.908545e+02
7.800000e-07	-2.350497e-06	-3.191499e-09	-1.526118e+01	-1.893878e+02
7.900000e-07	-2.319779e-06	-3.136171e-09	-1.506173e+01	-1.879055e+02
8.000000e-07	-2.288949e-06	-3.086639e-09	-1.486156e+01	-1.864039e+02
8.100000e-07	-2.257872e-06	-3.084664e-09	-1.465979e+01	-1.848784e+02
8.200000e-07	-2.226452e-06	-3.073089e-09	-1.445579e+01	-1.833244e+02
8.300000e-07	-2.194767e-06	-3.017136e-09	-1.425006e+01	-1.817383e+02
8.400000e-07	-2.162880e-06	-2.972034e-09	-1.404303e+01	-1.801178e+02
8.500000e-07	-2.130743e-06	-2.972175e-09	-1.383438e+01	-1.784627e+02
8.600000e-07	-2.098342e-06	-2.964683e-09	-1.362400e+01	-1.767751e+02
8.700000e-07	-2.065854e-06	-2.916315e-09	-1.341306e+01	-1.750589e+02
8.800000e-07	-2.033289e-06	-2.870140e-09	-1.320163e+01	-1.733197e+02
8.900000e-07	-2.000518e-06	-2.859725e-09	-1.298886e+01	-1.715636e+02
9.000000e-07	-1.967530e-06	-2.854362e-09	-1.277467e+01	-1.697967e+02
9.100000e-07	-1.934277e-06	-2.809376e-09	-1.255877e+01	-1.680239e+02
9.200000e-07	-1.900706e-06	-2.759334e-09	-1.234080e+01	-1.662485e+02
9.300000e-07	-1.866717e-06	-2.739317e-09	-1.212012e+01	-1.644713e+02
9.400000e-07	-1.832204e-06	-2.730759e-09	-1.189604e+01	-1.626906e+02
9.500000e-07	-1.797339e-06	-2.690663e-09	-1.166967e+01	-1.609023e+02
9.600000e-07	-1.762234e-06	-2.643972e-09	-1.144174e+01	-1.591006e+02
9.700000e-07	-1.726805e-06	-2.628906e-09	-1.121170e+01	-1.572785e+02
9.800000e-07	-1.691053e-06	-2.621229e-09	-1.097958e+01	-1.554291e+02
9.900000e-07	-1.655040e-06	-2.582653e-09	-1.074576e+01	-1.535461e+02
1.000000e-06	-1.618844e-06	-2.535286e-09	-1.051074e+01	-1.516251e+02
1.010000e-06	-1.582563e-06	-2.510713e-09	-1.027518e+01	-1.496641e+02
1.020000e-06	-1.546228e-06	-2.490919e-09	-1.003927e+01	-1.476636e+02
1.030000e-06	-1.509803e-06	-2.445511e-09	-9.802769e+00	-1.456268e+02
1.040000e-06	-1.473241e-06	-2.394840e-09	-9.565380e+00	-1.435590e+02
1.050000e-06	-1.436602e-06	-2.369038e-09	-9.327493e+00	-1.414668e+02
1.060000e-06	-1.399869e-06	-2.353861e-09	-9.088996e+00	-1.393574e+02
1.070000e-06	-1.362945e-06	-2.320244e-09	-8.849255e+00	-1.372375e+02
1.080000e-06	-1.325756e-06	-2.277862e-09	-8.607798e+00	-1.351123e+02
1.090000e-06	-1.288443e-06	-2.248766e-09	-8.365532e+00	-1.329848e+02
1.100000e-06	-1.250986e-06	-2.223066e-09	-8.122336e+00	-1.308556e+02
1.110000e-06	-1.213350e-06	-2.182604e-09	-7.877970e+00	-1.287224e+02
1.120000e-06	-1.175583e-06	-2.129859e-09	-7.632759e+00	-1.265810e+02
1.130000e-06	-1.137628e-06	-2.094557e-09	-7.386328e+00	-1.244253e+02
1.140000e-06	-1.099521e-06	-2.071752e-09	-7.138912e+00	-1.222487e+02
1.150000e-06	-1.061299e-06	-2.034937e-09	-6.890746e+00	-1.200446e+02
1.160000e-06	-1.023061e-06	-1.987620e-09	-6.642472e+00	-1.178080e+02
1.170000e-06	-9.847267e-07	-1.953161e-09	-6.393580e+00	-1.155355e+02
1.180000e-06	-9.461724e-07	-1.928540e-09	-6.143257e+00	-1.132264e+02
1.190000e-06	-9.075069e-07	-1.890403e-09	-5.892212e+00	-1.108826e+02
1.200000e-06	-8.688096e-07	-1.840479e-09	-5.640960e+00	-1.085085e+02
1.210000e-06	-8.300305e-07	-1.799618e-09	-5.389177e+00	-1.061102e+02
1.220000e-06	-7.911817e-07	-1.767430e-09	-5.136942e+00	-1.036949e+02
1.230000e-06	-7.522257e-07	-1.725540e-09	-4.884010e+00	-1.012697e+02
1.240000e-06	-7.131266e-07	-1.672180e-09	-4.630150e+00	-9.884105e+01
1.250000e-06	-6.739855e-07	-1.629938e-09	-4.376016e+00	-9.641329e+01
1.260000e-06	-6.347027e-07	-1.598036e-09	-4.120963e+00	-9.398850e+01
1.270000e-06	-5.953232e-07	-1.558094e-09	-3.865282e+00	-9.156607e+01
1.280000e-06	-5.559694e-07	-1.513334e-09	-3.609768e+00	-8.914274e+01
1.290000e-06	-5.165674e-07	-1.474509e-09	-3.353941e+00	-8.671310e+01
1.300000e-06	-4.771272e-07	-1.440036e-09	-3.097865e+00	-8.427030e+01
1.310000e-06	-4.376410e-07	-1.396115e-09	-2.841492e+00	-8.180695e+01
1.320000e-06	-3.980269e-07	-1.343120e-09	-2.584287e+00	-7.931609e+01
1.330000e-06	-3.582859e-07	-1.298316e-09	-2.326259e+00	-7.679215e+01
1.340000e-06	-3.184667e-07	-1.260104e-09	-2.067723e+00	-7.423158e+01
1.350000e-06	-2.785944e-07	-1.218307e-09	-1.808843e+00	-7.163334e+01
1.360000e-06	-2.387150e-07	-1.173065e-09	-1.549916e+00	-6.899898e+01
1.370000e-06	-1.988335e-07	-1.130569e-09	-1.290975e+00	-6.633236e+01
1.380000e-06	-1.589514e-07	-1.091180e-09	-1.032031e+00	-6.363916e+01
1.390000e-06	-1.189433e-07	-1.043847e-09	-7.722683e-01	-6.092602e+01
1.400000e-06	-7.888569e-08	-9.908571e-10	-5.121847e-01	-5.819976e+01
1.410000e-06	-3.891388e-08	-9.434726e-10	-2.526579e-01	-5.546642e+01
1.420000e-06	1.041184e-09	-9.026885e-10	6.760146e-03	-5.273060e+01
1.430000e-06	4.100702e-08	-8.580073e-10	2.662481e-01	-4.999489e+01
1.440000e-06	8.098479e-08	-8.091350e-10	5.258136e-01	-4.725969e+01
1.450000e-06	1.208936e-07	-7.643943e-10	7.849313e-01	-4.452326e+01
1.460000e-06	1.607606e-07	-7.215439e-10	1.043778e+00	-4.178209e+01
1.470000e-06	2.006282e-07	-6.739836e-10	1.302628e+00	-3.903151e+01
1.480000e-06	2.404253e-07	-6.241136e-10	1.561020e+00	-3.626640e+01
1.490000e-06	2.802312e-07	-5.795561e-10	1.819470e+00	-3.348194e+01
1.500000e-06	3.200559e-07	-5.373235e-10	2.078042e+00	-3.067429e+01
1.510000e-06	3.597955e-07	-4.888286e-10	2.336061e+00	-2.784111e+01
1.520000e-06	3.994558e-07	-4.381486e-10	2.593565e+00	-2.498180e+01
1.530000e-06	4.390827e-07	-3.898948e-10	2.850852e+00	-2.209759e+01
1.540000e-06	4.786756e-07	-3.446379e-10	3.107919e+00	-1.919122e+01
1.550000e-06	5.182152e-07	-2.949524e-10	3.364639e+00	-1.626661e+01
1.560000e-06	5.577047e-07	-2.413371e-10	3.621035e+00	-1.332820e+01
1.570000e-06	5.970762e-07	-1.904395e-10	3.876664e+00	-1.038042e+01
1.580000e-06	6.363637e-07	-1.440548e-10	4.131748e+00	-7.427097e+00
1.590000e-06	6.755691e-07	-9.621537e-11	4.386298e+00	-4.471044e+00
1.600000e-06	7.146098e-07	-4.855166e-11	4.639779e+00	-1.513800e+00
1.610000e-06	7.535171e-07	-1.589227e-12	4.892395e+00	1.444384e+00
1.620000e-06	7.923686e-07	4.709793e-11	5.144648e+00	4.404360e+00
1.630000e-06	8.312188e-07	1.008363e-10	5.396892e+00	7.367726e+00
1.640000e-06	8.700062e-07	1.586643e-10	5.648729e+00	1.033634e+01
1.650000e-06	9.086935e-07	2.104165e-10	5.899916e+00	1.331183e+01
1.660000e-06	9.472295e-07	2.580988e-10	6.150120e+00	1.629507e+01
1.670000e-06	9.856738e-07	3.050651e-10	6.399730e+00	1.928585e+01
1.680000e-06	1.024070e-06	3.520789e-10	6.649028e+00	2.228265e+01
1.690000e-06	1.062319e-06	3.988614e-10	6.897365e+00	2.528265e+01
1.700000e-06	1.100417e-06	4.461511e-10	7.144731e+00	2.828187e+01
1.710000e-06	1.138457e-06	4.960354e-10	7.391709e+00	3.127551e+01
1.720000e-06	1.176395e-06	5.510904e-10	7.638036e+00	3.425845e+01
1.730000e-06	1.214101e-06	6.058960e-10	7.882850e+00	3.722564e+01
1.740000e-06	1.251584e-06	6.564284e-10	8.126217e+00	4.017268e+01
1.750000e-06	1.288921e-06	7.044610e-10	8.368639e+00	4.309612e+01
1.760000e-06	1.326088e-06	7.534532e-10	8.609949e+00	4.599374e+01
1.770000e-06	1.363076e-06	8.010191e-10	8.850108e+00	4.886464e+01
1.780000e-06	1.399922e-06	8.441900e-10	9.089337e+00	5.170915e+01
1.790000e-06	1.436662e-06	8.868606e-10	9.327882e+00	5.452862e+01
1.800000e-06	1.473340e-06	9.348265e-10	9.566022e+00	5.732509e+01
1.810000e-06	1.509928e-06	9.857446e-10	9.803581e+00	6.010092e+01
1.820000e-06	1.546393e-06	1.034205e-09	1.004034e+01	6.285841e+01
1.830000e-06	1.582783e-06	1.080862e-09	1.027661e+01	6.559952e+01
1.840000e-06	1.619129e-06	1.128808e-09	1.051259e+01	6.832559e+01
1.850000e-06	1.655386e-06	1.176630e-09	1.074800e+01	7.103732e+01
1.860000e-06	1.691434e-06	1.221021e-09	1.098205e+01	7.373473e+01
1.870000e-06	1.727100e-06	1.265138e-09	1.121362e+01	7.641730e+01
1.880000e-06	1.762464e-06	1.310064e-09	1.144323e+01	7.908419e+01
1.890000e-06	1.797577e-06	1.358139e-09	1.167121e+01	8.173444e+01
1.900000e-06	1.832270e-06	1.401981e-09	1.189647e+01	8.436719e+01
1.910000e-06	1.866466e-06	1.442079e-09	1.211849e+01	8.698186e+01
1.920000e-06	1.900264e-06	1.485497e-09	1.233793e+01	8.957823e+01
1.930000e-06	1.933802e-06	1.533008e-09	1.255568e+01	9.215646e+01
1.940000e-06	1.967056e-06	1.580957e-09	1.277160e+01	9.471700e+01
1.950000e-06	2.000105e-06	1.624471e-09	1.298617e+01	9.726047e+01
1.960000e-06	2.032915e-06	1.667669e-09	1.319920e+01	9.978746e+01
1.970000e-06	2.065467e-06	1.709043e-09	1.341055e+01	1.022984e+02
1.980000e-06	2.097919e-06	1.749568e-09	1.362126e+01	1.047934e+02
1.990000e-06	2.130256e-06	1.789033e-09	1.383121e+01	1.072720e+02
2.000000e-06	2.162411e-06	1.826949e-09	1.403998e+01	1.097337e+02
2.010000e-06	2.194359e-06	1.869536e-09	1.424742e+01	1.121772e+02
2.020000e-06	2.226064e-06	1.914493e-09	1.445327e+01	1.146014e+02
2.030000e-06	2.257385e-06	1.958385e-09	1.465663e+01	1.170048e+02
2.040000e-06	2.288380e-06	2.001944e-09	1.485787e+01	1.193863e+02
2.050000e-06	2.319169e-06	2.044869e-09	1.505778e+01	1.217449e+02
2.060000e-06	2.349702e-06	2.086915e-09	1.525602e+01	1.240799e+02
2.070000e-06	2.379996e-06	2.126541e-09	1.545271e+01	1.263912e+02
2.080000e-06	2.410054e-06	2.164266e-09	1.564787e+01	1.286790e+02
2.090000e-06	2.439828e-06	2.200249e-09	1.584118e+01	1.309435e+02
2.100000e-06	2.469289e-06	2.236617e-09	1.603246e+01	1.331854e+02
2.110000e-06	2.498443e-06	2.273559e-09	1.622175e+01	1.354050e+02
2.120000e-06	2.527313e-06	2.313511e-09	1.640920e+01	1.376024e+02
2.130000e-06	2.555938e-06	2.355206e-09	1.659506e+01	1.397777e+02
2.140000e-06	2.584430e-06	2.396873e-09	1.678005e+01	1.419303e+02
2.150000e-06	2.612839e-06	2.438250e-09	1.696450e+01	1.440596e+02
2.160000e-06	2.641023e-06	2.475383e-09	1.714749e+01	1.461647e+02
2.170000e-06	2.668845e-06	2.506039e-09	1.732813e+01	1.482449e+02
2.180000e-06	2.696235e-06	2.535715e-09	1.750597e+01	1.502997e+02
2.190000e-06	2.723040e-06	2.568199e-09	1.768000e+01	1.523290e+02
2.200000e-06	2.749283e-06	2.600841e-09	1.785040e+01	1.543333e+02
2.210000e-06	2.775052e-06	2.635180e-09	1.801771e+01	1.563139e+02
2.220000e-06	2.800353e-06	2.671443e-09	1.818198e+01	1.582723e+02
2.230000e-06	2.825260e-06	2.710987e-09	1.834370e+01	1.602105e+02
2.240000e-06	2.849873e-06	2.747293e-09	1.850350e+01	1.621307e+02
2.250000e-06	2.874261e-06	2.779272e-09	1.866185e+01	1.640346e+02
2.260000e-06	2.898439e-06	2.812538e-09	1.881883e+01	1.659235e+02
2.270000e-06	2.922376e-06	2.845016e-09	1.897424e+01	1.677978e+02
2.280000e-06	2.945961e-06	2.873689e-09	1.912738e+01	1.696568e+02
2.290000e-06	2.969139e-06	2.900140e-09	1.927787e+01	1.714988e+02
2.300000e-06	2.991989e-06	2.929321e-09	1.942622e+01	1.733209e+02
2.310000e-06	3.014500e-06	2.962175e-09	1.957238e+01	1.751196e+02
2.320000e-06	3.036698e-06	2.992965e-09	1.971651e+01	1.768910e+02
2.330000e-06	3.058448e-06	3.021682e-09	1.985772e+01	1.786312e+02
2.340000e-06	3.079807e-06	3.052054e-09	1.999641e+01	1.803369e+02
2.350000e-06	3.100884e-06	3.083345e-09	2.013325e+01	1.820059e+02
2.360000e-06	3.121635e-06	3.111557e-09	2.026798e+01	1.836372e+02
2.370000e-06	3.142195e-06	3.136128e-09	2.040147e+01	1.852312e+02
2.380000e-06	3.162559e-06	3.162101e-09	2.053369e+01	1.867897e+02
2.390000e-06	3.182654e-06	3.190178e-09	2.066417e+01	1.883158e+02
2.400000e-06	3.202392e-06	3.216573e-09	2.079232e+01	1.898131e+02
2.410000e-06	3.221592e-06	3.237895e-09	2.091698e+01	1.912856e+02
2.420000e-06	3.240172e-06	3.258222e-09	2.103762e+01	1.927367e+02
2.430000e-06	3.258268e-06	3.281577e-09	2.115510e+01	1.941691e+02
2.440000e-06	3.276032e-06	3.306504e-09	2.127044e+01	1.955841e+02
2.450000e-06	3.293613e-06	3.331896e-09	2.138459e+01	1.969817e+02
2.460000e-06	3.311055e-06	3.359271e-09	2.149784e+01	1.983601e+02
2.470000e-06	3.328024e-06	3.385824e-09	2.160802e+01	1.997163e+02
2.480000e-06	3.344385e-06	3.411712e-09	2.171424e+01	2.010466e+02
2.490000e-06	3.360296e-06	3.433573e-09	2.181755e+01	2.023469e+02
2.500000e-06	3.375648e-06	3.450502e-09	2.191723e+01	2.036136e+02
2.510000e-06	3.390536e-06	3.466649e-09	2.201389e+01	2.048438e+02
2.520000e-06	3.405044e-06	3.487519e-09	2.210808e+01	2.060363e+02
2.530000e-06	3.419166e-06	3.512016e-09	2.219977e+01	2.071913e+02
2.540000e-06	3.432952e-06	3.534057e-09	2.228928e+01	2.083109e+02
2.550000e-06	3.446309e-06	3.557506e-09	2.237601e+01	2.093986e+02
2.560000e-06	3.459202e-06	3.579162e-09	2.245972e+01	2.104588e+02
2.570000e-06	3.471697e-06	3.597756e-09	2.254085e+01	2.114961e+02
2.580000e-06	3.483819e-06	3.609234e-09	2.261955e+01	2.125149e+02
2.590000e-06	3.495403e-06	3.616246e-09	2.269476e+01	2.135183e+02
2.600000e-06	3.506258e-06	3.629993e-09	2.276524e+01	2.145079e+02
2.610000e-06	3.516378e-06	3.649102e-09	2.283095e+01	2.154830e+02
2.620000e-06	3.525915e-06	3.670287e-09	2.289287e+01	2.164413e+02
2.630000e-06	3.534968e-06	3.691211e-09	2.295165e+01	2.173786e+02
2.640000e-06	3.543652e-06	3.710541e-09	2.300803e+01	2.182895e+02
2.650000e-06	3.552080e-06	3.726623e-09	2.306275e+01	2.191683e+02
2.660000e-06	3.560187e-06	3.735669e-09	2.311539e+01	2.200099e+02
2.670000e-06	3.567879e-06	3.741571e-09	2.316533e+01	2.208102e+02
2.680000e-06	3.575076e-06	3.751456e-09	2.321206e+01	2.215676e+02
2.690000e-06	3.581884e-06	3.765753e-09	2.325626e+01	2.222828e+02
2.700000e-06	3.588355e-06	3.780911e-09	2.329827e+01	2.229590e+02
2.710000e-06	3.594370e-06	3.796580e-09	2.333733e+01	2.236017e+02
2.720000e-06	3.599942e-06	3.813949e-09	2.337351e+01	2.242180e+02
2.730000e-06	3.605139e-06	3.826524e-09	2.340725e+01	2.248159e+02
2.740000e-06	3.609934e-06	3.833208e-09	2.343839e+01	2.254029e+02
2.750000e-06	3.614403e-06	3.835004e-09	2.346740e+01	2.259849e+02
2.760000e-06	3.618601e-06	3.838677e-09	2.349466e+01	2.265656e+02
2.770000e-06	3.622433e-06	3.850103e-09	2.351953e+01	2.271457e+02
2.780000e-06	3.625789e-06	3.862496e-09	2.354133e+01	2.277226e+02
2.790000e-06	3.628585e-06	3.875344e-09	2.355948e+01	2.282906e+02
2.800000e-06	3.630700e-06	3.885576e-09	2.357321e+01	2.288418e+02
2.810000e-06	3.632099e-06	3.894058e-09	2.358229e+01	2.293669e+02
2.820000e-06	3.633019e-06	3.896955e-09	2.358827e+01	2.298565e+02
2.830000e-06	3.633625e-06	3.895866e-09	2.359220e+01	2.303029e+02
2.840000e-06	3.633969e-06	3.898939e-09	2.359443e+01	2.307008e+02
2.850000e-06	3.634025e-06	3.907395e-09	2.359480e+01	2.310488e+02
2.860000e-06	3.633672e-06	3.918872e-09	2.359251e+01	2.313493e+02
2.870000e-06	3.632806e-06	3.930834e-09	2.358688e+01	2.316093e+02
2.880000e-06	3.631517e-06	3.943399e-09	2.357852e+01	2.318392e+02
2.890000e-06	3.629910e-06	3.949870e-09	2.356809e+01	2.320518e+02
2.900000e-06	3.627956e-06	3.956504e-09	2.355539e+01	2.322613e+02
2.910000e-06	3.625608e-06	3.946021e-09	2.354015e+01	2.324809e+02
2.920000e-06	3.622854e-06	3.867386e-09	2.352227e+01	2.327215e+02
2.930000e-06	3.619729e-06	3.920952e-09	2.350198e+01	2.329903e+02
2.940000e-06	3.616217e-06	4.199996e-09	2.347918e+01	2.332893e+02
2.950000e-06	3.612210e-06	4.060903e-09	2.345316e+01	2.336153e+02
2.960000e-06	3.607804e-06	3.729979e-09	2.342455e+01	2.339598e+02
2.970000e-06	3.603277e-06	3.816729e-09	2.339516e+01	2.343097e+02
2.980000e-06	3.598319e-06	4.197782e-09	2.336297e+01	2.346492e+02
2.990000e-06	3.592333e-06	4.055580e-09	2.332410e+01	2.349608e+02
3.000000e-06	3.585517e-06	3.712371e-09	2.327985e+01	2.352280e+02
3.010000e-06	3.578417e-06	4.106267e-09	2.323375e+01	2.354367e+02
3.020000e-06	3.570959e-06	4.274910e-09	2.318533e+01	2.355771e+02
3.030000e-06	3.563114e-06	4.019699e-09	2.313439e+01	2.356445e+02
3.040000e-06	3.555105e-06	3.962446e-09	2.308239e+01	2.356401e+02
3.050000e-06	3.546859e-06	4.143127e-09	2.302885e+01	2.355705e+02
3.060000e-06	3.538072e-06	3.894859e-09	2.297180e+01	2.354469e+02
3.070000e-06	3.528720e-06	3.972927e-09	2.291108e+01	2.352834e+02
3.080000e-06	3.519053e-06	4.294879e-09	2.284832e+01	2.350953e+02
3.090000e-06	3.508997e-06	3.811461e-09	2.278303e+01	2.348971e+02
3.100000e-06	3.498401e-06	3.662715e-09	2.271423e+01	2.347005e+02
3.110000e-06	3.487299e-06	4.236636e-09	2.264215e+01	2.345130e+02
3.120000e-06	3.475876e-06	4.176940e-09	2.256798e+01	2.343372e+02
3.130000e-06	3.464087e-06	3.626607e-09	2.249144e+01	2.341699e+02
3.140000e-06	3.451703e-06	3.931880e-09	2.241103e+01	2.340031e+02
3.150000e-06	3.438578e-06	4.296941e-09	2.232581e+01	2.338248e+02
3.160000e-06	3.424860e-06	4.009041e-09	2.223675e+01	2.336208e+02
3.170000e-06	3.410728e-06	3.739103e-09	2.214499e+01	2.333762e+02
3.180000e-06	3.395971e-06	3.886111e-09	2.204918e+01	2.330775e+02
3.190000e-06	3.380686e-06	4.097107e-09	2.194993e+01	2.327143e+02
3.200000e-06	3.365172e-06	4.041396e-09	2.184920e+01	2.322807e+02
3.210000e-06	3.349351e-06	3.707329e-09	2.174649e+01	2.317758e+02
3.220000e-06	3.333092e-06	3.828614e-09	2.164092e+01	2.312038e+02
3.230000e-06	3.316569e-06	4.170044e-09	2.153364e+01	2.305735e+02
3.240000e-06	3.299662e-06	3.901656e-09	2.142387e+01	2.298969e+02
3.250000e-06	3.282302e-06	3.699162e-09	2.131115e+01	2.291881e+02
3.260000e-06	3.264564e-06	3.893236e-09	2.119598e+01	2.284610e+02
3.270000e-06	3.246404e-06	3.947711e-09	2.107807e+01	2.277279e+02
3.280000e-06	3.227921e-06	3.864797e-09	2.095807e+01	2.269983e+02
3.290000e-06	3.209083e-06	3.784747e-09	2.083576e+01	2.262773e+02
3.300000e-06	3.189879e-06	3.755557e-09	2.071107e+01	2.255657e+02
3.310000e-06	3.170425e-06	3.916548e-09	2.058476e+01	2.248600e+02
3.320000e-06	3.150771e-06	3.859173e-09	2.045715e+01	2.241528e+02
3.330000e-06	3.130881e-06	3.674879e-09	2.032801e+01	2.234348e+02
3.340000e-06	3.110566e-06	3.738741e-09	2.019612e+01	2.226953e+02
3.350000e-06	3.089682e-06	3.829564e-09	2.006052e+01	2.219242e+02
3.360000e-06	3.068236e-06	3.784700e-09	1.992128e+01	2.211134e+02
3.370000e-06	3.046293e-06	3.683047e-09	1.977880e+01	2.202577e+02
3.380000e-06	3.023773e-06	3.647309e-09	1.963259e+01	2.193552e+02
3.390000e-06	3.000744e-06	3.756612e-09	1.948307e+01	2.184080e+02
3.400000e-06	2.977456e-06	3.749660e-09	1.933186e+01	2.174209e+02
3.410000e-06	2.953952e-06	3.607355e-09	1.917926e+01	2.164014e+02
3.420000e-06	2.930215e-06	3.598283e-09	1.902514e+01	2.153579e+02
3.430000e-06	2.906138e-06	3.682665e-09	1.886881e+01	2.142990e+02
3.440000e-06	2.881742e-06	3.668834e-09	1.871041e+01	2.132319e+02
3.450000e-06	2.857028e-06	3.542536e-09	1.854996e+01	2.121613e+02
3.460000e-06	2.831936e-06	3.510723e-09	1.838704e+01	2.110893e+02
3.470000e-06	2.806498e-06	3.606541e-09	1.822188e+01	2.100151e+02
3.480000e-06	2.780734e-06	3.585035e-09	1.805460e+01	2.089346e+02
3.490000e-06	2.754643e-06	3.476230e-09	1.788520e+01	2.078420e+02
3.500000e-06	2.728189e-06	3.453432e-09	1.771344e+01	2.067300e+02
3.510000e-06	2.701397e-06	3.501461e-09	1.753948e+01	2.055914e+02
3.520000e-06	2.674299e-06	3.498345e-09	1.736354e+01	2.044196e+02
3.530000e-06	2.647003e-06	3.387969e-09	1.718632e+01	2.032100e+02
3.540000e-06	2.619592e-06	3.354337e-09	1.700835e+01	2.019602e+02
3.550000e-06	2.591979e-06	3.418397e-09	1.682906e+01	2.006703e+02
3.560000e-06	2.564153e-06	3.406281e-09	1.664840e+01	1.993427e+02
3.570000e-06	2.535960e-06	3.313785e-09	1.646535e+01	1.979819e+02
3.580000e-06	2.507378e-06	3.271729e-09	1.627977e+01	1.965932e+02
3.590000e-06	2.478356e-06	3.308420e-09	1.609133e+01	1.951821e+02
3.600000e-06	2.448773e-06	3.309338e-09	1.589926e+01	1.937534e+02
3.610000e-06	2.418725e-06	3.218314e-09	1.570417e+01	1.923104e+02
3.620000e-06	2.388146e-06	3.179183e-09	1.550563e+01	1.908543e+02
3.630000e-06	2.357150e-06	3.208623e-09	1.530438e+01	1.893846e+02
3.640000e-06	2.325943e-06	3.202958e-09	1.510176e+01	1.878985e+02
3.650000e-06	2.294586e-06	3.126421e-09	1.489817e+01	1.863919e+02
3.660000e-06	2.263103e-06	3.076041e-09	1.469375e+01	1.848603e+02
3.670000e-06	2.231452e-06	3.100997e-09	1.448825e+01	1.832993e+02
3.680000e-06	2.199571e-06	3.094729e-09	1.428125e+01	1.817053e+02
3.690000e-06	2.167424e-06	3.024632e-09	1.407253e+01	1.800767e+02
3.700000e-06	2.135121e-06	2.974580e-09	1.386280e+01	1.784138e+02
3.710000e-06	2.102523e-06	2.980195e-09	1.365114e+01	1.767192e+02
3.720000e-06	2.069545e-06	2.973837e-09	1.343703e+01	1.749973e+02
3.730000e-06	2.036363e-06	2.910494e-09	1.322159e+01	1.732539e+02
3.740000e-06	2.002992e-06	2.856742e-09	1.300492e+01	1.714951e+02
3.750000e-06	1.969393e-06	2.859777e-09	1.278677e+01	1.697270e+02
3.760000e-06	1.935559e-06	2.850257e-09	1.256709e+01	1.679539e+02
3.770000e-06	1.901553e-06	2.794004e-09	1.234630e+01	1.661787e+02
3.780000e-06	1.867339e-06	2.740013e-09	1.212416e+01	1.644015e+02
3.790000e-06	1.832782e-06	2.739055e-09	1.189978e+01	1.626199e+02
3.800000e-06	1.797954e-06	2.729163e-09	1.167366e+01	1.608295e+02
3.810000e-06	1.762924e-06	2.672384e-09	1.144622e+01	1.590240e+02
3.820000e-06	1.727751e-06	2.617941e-09	1.121785e+01	1.571963e+02
3.830000e-06	1.692477e-06	2.606895e-09	1.098882e+01	1.553396e+02
3.840000e-06	1.657091e-06	2.596802e-09	1.075907e+01	1.534481e+02
3.850000e-06	1.621609e-06	2.543755e-09	1.052869e+01	1.515178e+02
3.860000e-06	1.586075e-06	2.492038e-09	1.029798e+01	1.495474e+02
3.870000e-06	1.550504e-06	2.474814e-09	1.006703e+01	1.475381e+02
3.880000e-06	1.514708e-06	2.455392e-09	9.834611e+00	1.454936e+02
3.890000e-06	1.478700e-06	2.404623e-09	9.600823e+00	1.434196e+02
3.900000e-06	1.442473e-06	2.353142e-09	9.365613e+00	1.413230e+02
3.910000e-06	1.405927e-06	2.334984e-09	9.128324e+00	1.392111e+02
3.920000e-06	1.369075e-06	2.316650e-09	8.889059e+00	1.370900e+02
3.930000e-06	1.332038e-06	2.264011e-09	8.648582e+00	1.349647e+02
3.940000e-06	1.294849e-06	2.207976e-09	8.407123e+00	1.328374e+02
3.950000e-06	1.257311e-06	2.178424e-09	8.163401e+00	1.307081e+02
3.960000e-06	1.219372e-06	2.157311e-09	7.917074e+00	1.285739e+02
3.970000e-06	1.181135e-06	2.108792e-09	7.668807e+00	1.264301e+02
3.980000e-06	1.142664e-06	2.057002e-09	7.419026e+00	1.242705e+02
3.990000e-06	1.104019e-06	2.032073e-09	7.168115e+00	1.220882e+02
4.000000e-06	1.065244e-06	2.013750e-09	6.916359e+00	1.198770e+02
4.010000e-06	1.026286e-06	1.968479e-09	6.663415e+00	1.176322e+02
4.020000e-06	9.871923e-07	1.910572e-09	6.409589e+00	1.153512e+02
4.030000e-06	9.480236e-07	1.872827e-09	6.155276e+00	1.130337e+02
4.040000e-06	9.088338e-07	1.843268e-09	5.900826e+00	1.106825e+02
4.050000e-06	8.696038e-07	1.795879e-09	5.646116e+00	1.083023e+02
4.060000e-06	8.302650e-07	1.746620e-09	5.390699e+00	1.058997e+02
4.070000e-06	7.908804e-07	1.719269e-09	5.134986e+00	1.034818e+02
4.080000e-06	7.514722e-07	1.697379e-09	4.879118e+00	1.010559e+02
4.090000e-06	7.120375e-07	1.651491e-09	4.623078e+00	9.862771e+01
4.100000e-06	6.725525e-07	1.595401e-09	4.366712e+00	9.620121e+01
4.110000e-06	6.330368e-07	1.555162e-09	4.110147e+00	9.377779e+01
4.120000e-06	5.934953e-07	1.518228e-09	3.853414e+00	9.135614e+01
4.130000e-06	5.538307e-07	1.466510e-09	3.595882e+00	8.893242e+01
4.140000e-06	5.141114e-07	1.413299e-09	3.337995e+00	8.650078e+01
4.150000e-06	4.744781e-07	1.382896e-09	3.080666e+00	8.405414e+01
4.160000e-06	4.348531e-07	1.358778e-09	2.823390e+00	8.158514e+01
4.170000e-06	3.951630e-07	1.313913e-09	2.565693e+00	7.908707e+01
4.180000e-06	3.553921e-07	1.258422e-09	2.307471e+00	7.655482e+01
4.190000e-06	3.155590e-07	1.215873e-09	2.048844e+00	7.398544e+01
4.200000e-06	2.757095e-07	1.178202e-09	1.790112e+00	7.137853e+01
4.210000e-06	2.358006e-07	1.129490e-09	1.530993e+00	6.873627e+01
4.220000e-06	1.958345e-07	1.074213e-09	1.271504e+00	6.606304e+01
4.230000e-06	1.558371e-07	1.031116e-09	1.011810e+00	6.336482e+01
4.240000e-06	1.158721e-07	9.960896e-10	7.523280e-01	6.064838e+01
4.250000e-06	7.594870e-08	9.478366e-10	4.931156e-01	5.792044e+01
4.260000e-06	3.601260e-08	8.902456e-10	2.338206e-01	5.518673e+01
4.270000e-06	-3.974614e-09	8.425585e-10	-2.580616e-02	5.245138e+01
4.280000e-06	-4.397756e-08	8.026890e-10	-2.855351e-01	4.971646e+01
4.290000e-06	-8.392721e-08	7.550485e-10	-5.449180e-01	4.698180e+01
4.300000e-06	-1.238633e-07	7.019068e-10	-8.042127e-01	4.424518e+01
4.310000e-06	-1.637510e-07	6.549296e-10	-1.063194e+00	4.150274e+01
4.320000e-06	-2.036343e-07	6.146835e-10	-1.322146e+00	3.874962e+01
4.330000e-06	-2.435317e-07	5.679415e-10	-1.581189e+00	3.598070e+01
4.340000e-06	-2.834349e-07	5.145436e-10	-1.840271e+00	3.319136e+01
4.350000e-06	-3.232904e-07	4.655189e-10	-2.099042e+00	3.037810e+01
4.360000e-06	-3.630051e-07	4.216398e-10	-2.356900e+00	2.753897e+01
4.370000e-06	-4.027557e-07	3.726848e-10	-2.614990e+00	2.467387e+01
4.380000e-06	-4.424962e-07	3.182235e-10	-2.873016e+00	2.178442e+01
4.390000e-06	-4.821276e-07	2.683856e-10	-3.130332e+00	1.887370e+01
4.400000e-06	-5.217068e-07	2.273794e-10	-3.387310e+00	1.594581e+01
4.410000e-06	-5.612617e-07	1.820041e-10	-3.644129e+00	1.300527e+01
4.420000e-06	-6.008128e-07	1.265395e-10	-3.900925e+00	1.005639e+01
4.430000e-06	-6.403262e-07	7.501018e-11	-4.157475e+00	7.102782e+00
4.440000e-06	-6.797976e-07	2.801297e-11	-4.413753e+00	4.146947e+00
4.450000e-06	-7.192222e-07	-2.299774e-11	-4.669726e+00	1.190101e+00
4.460000e-06	-7.586194e-07	-7.940157e-11	-4.925523e+00	-1.767805e+00
4.470000e-06	-7.980182e-07	-1.296733e-10	-5.181329e+00	-4.727851e+00
4.480000e-06	-8.373451e-07	-1.711709e-10	-5.436669e+00	-7.691747e+00
4.490000e-06	-8.765806e-07	-2.156743e-10	-5.691415e+00	-1.066134e+01
4.500000e-06	-9.157847e-07	-2.677819e-10	-5.945957e+00	-1.363811e+01
4.510000e-06	-9.548994e-07	-3.178626e-10	-6.199919e+00	-1.662269e+01
4.520000e-06	-9.938193e-07	-3.658020e-10	-6.452616e+00	-1.961456e+01
4.530000e-06	-1.032656e-06	-4.188343e-10	-6.704773e+00	-2.261187e+01
4.540000e-06	-1.071527e-06	-4.736726e-10	-6.957153e+00	-2.561148e+01
4.550000e-06	-1.110205e-06	-5.258517e-10	-7.208280e+00	-2.860916e+01
4.560000e-06	-1.148631e-06	-5.728733e-10	-7.457768e+00	-3.160001e+01
4.570000e-06	-1.186844e-06	-6.206537e-10	-7.705879e+00	-3.457886e+01
4.580000e-06	-1.224737e-06	-6.717750e-10	-7.951907e+00	-3.754079e+01
4.590000e-06	-1.262422e-06	-7.199531e-10	-8.196582e+00	-4.048160e+01
4.600000e-06	-1.299924e-06	-7.649323e-10	-8.440074e+00	-4.339813e+01
4.610000e-06	-1.337183e-06	-8.129164e-10	-8.681991e+00	-4.628849e+01
4.620000e-06	-1.374195e-06	-8.664724e-10	-8.922300e+00	-4.915211e+01
4.630000e-06	-1.410924e-06	-9.179635e-10	-9.160769e+00	-5.198959e+01
4.640000e-06	-1.447352e-06	-9.646370e-10	-9.397290e+00	-5.480249e+01
4.650000e-06	-1.483492e-06	-1.011354e-09	-9.631934e+00	-5.759296e+01
4.660000e-06	-1.519372e-06	-1.060247e-09	-9.864899e+00	-6.036339e+01
4.670000e-06	-1.555089e-06	-1.105439e-09	-1.009680e+01	-6.311602e+01
4.680000e-06	-1.590695e-06	-1.146340e-09	-1.032798e+01	-6.585265e+01
4.690000e-06	-1.626165e-06	-1.187824e-09	-1.055827e+01	-6.857449e+01
4.700000e-06	-1.661575e-06	-1.233589e-09	-1.078818e+01	-7.128206e+01
4.710000e-06	-1.696913e-06	-1.280766e-09	-1.101762e+01	-7.397521e+01
4.720000e-06	-1.732166e-06	-1.324810e-09	-1.124651e+01	-7.665334e+01
4.730000e-06	-1.767281e-06	-1.368125e-09	-1.147451e+01	-7.931556e+01
4.740000e-06	-1.802175e-06	-1.413907e-09	-1.170106e+01	-8.196089e+01
4.750000e-06	-1.836884e-06	-1.463791e-09	-1.192642e+01	-8.458855e+01
4.760000e-06	-1.871355e-06	-1.510297e-09	-1.215024e+01	-8.719804e+01
4.770000e-06	-1.905520e-06	-1.552587e-09	-1.237206e+01	-8.978924e+01
4.780000e-06	-1.939451e-06	-1.593855e-09	-1.259237e+01	-9.236238e+01
4.790000e-06	-1.973165e-06	-1.634942e-09	-1.281126e+01	-9.491799e+01
4.800000e-06	-2.006647e-06	-1.675860e-09	-1.302865e+01	-9.745668e+01
4.810000e-06	-2.039903e-06	-1.715980e-09	-1.324457e+01	-9.997902e+01
4.820000e-06	-2.072952e-06	-1.760427e-09	-1.345915e+01	-1.024854e+02
4.830000e-06	-2.105760e-06	-1.807057e-09	-1.367216e+01	-1.049757e+02
4.840000e-06	-2.138260e-06	-1.853101e-09	-1.388318e+01	-1.074496e+02
4.850000e-06	-2.170471e-06	-1.895388e-09	-1.409232e+01	-1.099062e+02
4.860000e-06	-2.202459e-06	-1.934687e-09	-1.430001e+01	-1.123444e+02
4.870000e-06	-2.234224e-06	-1.974978e-09	-1.450625e+01	-1.147629e+02
4.880000e-06	-2.265758e-06	-2.012491e-09	-1.471099e+01	-1.171604e+02
4.890000e-06	-2.297115e-06	-2.048125e-09	-1.491458e+01	-1.195356e+02
4.900000e-06	-2.328244e-06	-2.086520e-09	-1.511670e+01	-1.218877e+02
4.910000e-06	-2.359122e-06	-2.129087e-09	-1.531718e+01	-1.242162e+02
4.920000e-06	-2.389755e-06	-2.172984e-09	-1.551607e+01	-1.265210e+02
4.930000e-06	-2.419993e-06	-2.212580e-09	-1.571240e+01	-1.288023e+02
4.940000e-06	-2.449824e-06	-2.246909e-09	-1.590608e+01	-1.310605e+02
4.950000e-06	-2.479175e-06	-2.286812e-09	-1.609665e+01	-1.332962e+02
4.960000e-06	-2.507954e-06	-2.326998e-09	-1.628351e+01	-1.355096e+02
4.970000e-06	-2.536272e-06	-2.363030e-09	-1.646737e+01	-1.377009e+02
4.980000e-06	-2.564207e-06	-2.395956e-09	-1.664874e+01	-1.398700e+02
4.990000e-06	-2.591892e-06	-2.431573e-09	-1.682849e+01	-1.420162e+02
5.000000e-06	-2.619420e-06	-2.470146e-09	-1.700723e+01	-1.441389e+02
5.010000e-06	-2.646792e-06	-2.503390e-09	-1.718495e+01	-1.462372e+02
5.020000e-06	-2.673956e-06	-2.535907e-09	-1.736131e+01	-1.483105e+02
5.030000e-06	-2.700903e-06	-2.570852e-09	-1.753627e+01	-1.503583e+02
5.040000e-06	-2.727573e-06	-2.607161e-09	-1.770944e+01	-1.523807e+02
5.050000e-06	-2.753845e-06	-2.642553e-09	-1.788002e+01	-1.543784e+02
5.060000e-06	-2.779693e-06	-2.674866e-09	-1.804784e+01	-1.563526e+02
5.070000e-06	-2.805201e-06	-2.709689e-09	-1.821346e+01	-1.583051e+02
5.080000e-06	-2.830447e-06	-2.743040e-09	-1.837737e+01	-1.602381e+02
5.090000e-06	-2.855351e-06	-2.770812e-09	-1.853907e+01	-1.621534e+02
5.100000e-06	-2.879844e-06	-2.797658e-09	-1.869809e+01	-1.640528e+02
5.110000e-06	-2.903952e-06	-2.826703e-09	-1.885462e+01	-1.659375e+02
5.120000e-06	-2.927765e-06	-2.859298e-09	-1.900924e+01	-1.678075e+02
5.130000e-06	-2.951325e-06	-2.889160e-09	-1.916220e+01	-1.696618e+02
5.140000e-06	-2.974671e-06	-2.919717e-09	-1.931378e+01	-1.714985e+02
5.150000e-06	-2.997810e-06	-2.952323e-09	-1.946402e+01	-1.733145e+02
5.160000e-06	-3.020609e-06	-2.984615e-09	-1.961204e+01	-1.751062e+02
5.170000e-06	-3.042973e-06	-3.012865e-09	-1.975725e+01	-1.768695e+02
5.180000e-06	-3.064863e-06	-3.036317e-09	-1.989938e+01	-1.786007e+02
5.190000e-06	-3.086104e-06	-3.062073e-09	-2.003729e+01	-1.802968e+02
5.200000e-06	-3.106688e-06	-3.088418e-09	-2.017093e+01	-1.819559e+02
5.210000e-06	-3.126774e-06	-3.114616e-09	-2.030135e+01	-1.835771e+02
5.220000e-06	-3.146504e-06	-3.141320e-09	-2.042945e+01	-1.851614e+02
5.230000e-06	-3.165993e-06	-3.167584e-09	-2.055599e+01	-1.867109e+02
5.240000e-06	-3.185229e-06	-3.193560e-09	-2.068088e+01	-1.882288e+02
5.250000e-06	-3.204238e-06	-3.218050e-09	-2.080430e+01	-1.897190e+02
5.260000e-06	-3.222909e-06	-3.244361e-09	-2.092553e+01	-1.911851e+02
5.270000e-06	-3.241102e-06	-3.269930e-09	-2.104365e+01	-1.926308e+02
5.280000e-06	-3.258934e-06	-3.293372e-09	-2.115943e+01	-1.940582e+02
5.290000e-06	-3.276473e-06	-3.315193e-09	-2.127330e+01	-1.954683e+02
5.300000e-06	-3.293690e-06	-3.332509e-09	-2.138509e+01	-1.968607e+02
5.310000e-06	-3.310502e-06	-3.350055e-09	-2.149425e+01	-1.982332e+02
5.320000e-06	-3.326874e-06	-3.371564e-09	-2.160055e+01	-1.995827e+02
5.330000e-06	-3.342892e-06	-3.396820e-09	-2.170454e+01	-2.009053e+02
5.340000e-06	-3.358591e-06	-3.419470e-09	-2.180648e+01	-2.021969e+02
5.350000e-06	-3.374006e-06	-3.438768e-09	-2.190656e+01	-2.034541e+02
5.360000e-06	-3.389158e-06	-3.459465e-09	-2.200494e+01	-2.046743e+02
5.370000e-06	-3.403906e-06	-3.480179e-09	-2.210070e+01	-2.058567e+02
5.380000e-06	-3.417931e-06	-3.498349e-09	-2.219176e+01	-2.070020e+02
5.390000e-06	-3.431197e-06	-3.514493e-09	-2.227789e+01	-2.081127e+02
5.400000e-06	-3.443977e-06	-3.531946e-09	-2.236087e+01	-2.091925e+02
5.410000e-06	-3.456163e-06	-3.550686e-09	-2.243999e+01	-2.102459e+02
5.420000e-06	-3.467848e-06	-3.568700e-09	-2.251585e+01	-2.112776e+02
5.430000e-06	-3.479237e-06	-3.586400e-09	-2.258980e+01	-2.122917e+02
5.440000e-06	-3.490201e-06	-3.603237e-09	-2.266099e+01	-2.132910e+02
5.450000e-06	-3.500712e-06	-3.620357e-09	-2.272923e+01	-2.142764e+02
5.460000e-06	-3.510753e-06	-3.638268e-09	-2.279442e+01	-2.152471e+02
5.470000e-06	-3.520375e-06	-3.653421e-09	-2.285690e+01	-2.162000e+02
5.480000e-06	-3.529628e-06	-3.666271e-09	-2.291698e+01	-2.171306e+02
5.490000e-06	-3.538510e-06	-3.679442e-09	-2.297465e+01	-2.180334e+02
5.500000e-06	-3.546973e-06	-3.692428e-09	-2.302959e+01	-2.189027e+02
5.510000e-06	-3.555022e-06	-3.704381e-09	-2.308185e+01	-2.197336e+02
5.520000e-06	-3.562728e-06	-3.715667e-09	-2.313188e+01	-2.205227e+02
5.530000e-06	-3.570161e-06	-3.729469e-09	-2.318015e+01	-2.212688e+02
5.540000e-06	-3.577311e-06	-3.745470e-09	-2.322657e+01	-2.219732e+02
5.550000e-06	-3.584000e-06	-3.758171e-09	-2.327000e+01	-2.226398e+02
5.560000e-06	-3.590155e-06	-3.770173e-09	-2.330996e+01	-2.232746e+02
5.570000e-06	-3.595722e-06	-3.782191e-09	-2.334611e+01	-2.238850e+02
5.580000e-06	-3.600565e-06	-3.793774e-09	-2.337756e+01	-2.244788e+02
5.590000e-06	-3.604805e-06	-3.803427e-09	-2.340508e+01	-2.250635e+02
5.600000e-06	-3.608658e-06	-3.810415e-09	-2.343010e+01	-2.256443e+02
5.610000e-06	-3.612158e-06	-3.819408e-09	-2.345282e+01	-2.262244e+02
5.620000e-06	-3.615411e-06	-3.829507e-09	-2.347394e+01	-2.268034e+02
5.630000e-06	-3.618462e-06	-3.836551e-09	-2.349375e+01	-2.273781e+02
5.640000e-06	-3.621073e-06	-3.844838e-09	-2.351070e+01	-2.279421e+02
5.650000e-06	-3.623142e-06	-3.855072e-09	-2.352414e+01	-2.284871e+02
5.660000e-06	-3.624792e-06	-3.864434e-09	-2.353485e+01	-2.290035e+02
5.670000e-06	-3.626131e-06	-3.873884e-09	-2.354355e+01	-2.294824e+02
5.680000e-06	-3.627098e-06	-3.882607e-09	-2.354982e+01	-2.299164e+02
5.690000e-06	-3.627541e-06	-3.888988e-09	-2.355270e+01	-2.303012e+02
